[
    {
        "case": 0,
        "collider1": {
            "type": "Box",
            "collider2origin": [
                [
                    0.907778172512869,
                    0.4194505805326725,
                    0.0,
                    0.5152274101294649
                ],
                [
                    -0.4194505805326725,
                    0.907778172512869,
                    0.0,
                    2.7362274605469636
                ],
                [
                    0.0,
                    0.0,
                    1.0,
                    -0.04999999999999982
                ],
                [
                    0.0,
                    0.0,
                    0.0,
                    1.0
                ]
            ],
            "size": [
                0.84,
                1.28,
                2.08
            ]
        },
        "collider2": {
            "type": "Cylinder",
            "collider2origin": [
                [
                    -0.10510842330027258,
                    -0.8053539714479171,
                    -0.5834014055728673,
                    0.1689272100812409
                ],
                [
                    0.33026377792297834,
                    -0.5816234162333234,
                    0.7433976316084946,
                    1.9828238601596082
                ],
                [
                    -0.9380181535254909,
                    -0.11453899930654518,
                    0.3271127654104664,
                    -0.09528399387414144
                ],
                [
                    0.0,
                    0.0,
                    0.0,
                    1.0
                ]
            ],
            "radius": 0.00813,
            "height": 0.03824
        },
        "distance": 0.17361555070052492
    },
    {
        "case": 1,
        "collider1": {
            "type": "Box",
            "collider2origin": [
                [
                    0.907778172512869,
                    0.4194505805326725,
                    0.0,
                    0.3318610395686135
                ],
                [
                    -0.4194505805326725,
                    0.907778172512869,
                    0.0,
                    1.862570334354233
                ],
                [
                    0.0,
                    0.0,
                    1.0,
                    -0.21500000000000008
                ],
                [
                    0.0,
                    0.0,
                    0.0,
                    1.0
                ]
            ],
            "size": [
                0.3,
                0.46,
                0.22
            ]
        },
        "collider2": {
            "type": "Cylinder",
            "collider2origin": [
                [
                    -0.10510842330027258,
                    -0.8053539714479171,
                    -0.5834014055728673,
                    0.1689272100812409
                ],
                [
                    0.33026377792297834,
                    -0.5816234162333234,
                    0.7433976316084946,
                    1.9828238601596082
                ],
                [
                    -0.9380181535254909,
                    -0.11453899930654518,
                    0.3271127654104664,
                    -0.09528399387414144
                ],
                [
                    0.0,
                    0.0,
                    0.0,
                    1.0
                ]
            ],
            "radius": 0.00813,
            "height": 0.03824
        },
        "distance": 0.0285960417855148
    },
    {
        "case": 2,
        "collider1": {
            "type": "Box",
            "collider2origin": [
                [
                    0.9077781725128689,
                    0.4194505805326724,
                    0.0,
                    0.4158817547107895
                ],
                [
                    -0.4194505805326724,
                    0.9077781725128689,
                    0.0,
                    0.733173894971941
                ],
                [
                    0.0,
                    0.0,
                    1.0,
                    -0.6599999999999999
                ],
                [
                    0.0,
                    0.0,
                    0.0,
                    1.0
                ]
            ],
            "size": [
                0.6,
                1.0,
                0.8
            ]
        },
        "collider2": {
            "type": "Box",
            "collider2origin": [
                [
                    0.04985101288935899,
                    -0.9794922696523546,
                    -0.1952172384938995,
                    0.07047421988426306
                ],
                [
                    -0.2423258850492264,
                    -0.20148174525322332,
                    0.9490433455669052,
                    1.0495410440248545
                ],
                [
                    -0.9689133304630574,
                    -4.581957516042814e-06,
                    -0.24740040022197127,
                    -0.1768175155361269
                ],
                [
                    0.0,
                    0.0,
                    0.0,
                    1.0
                ]
            ],
            "size": [
                0.15068,
                0.17726,
                0.74884
            ]
        },
        "distance": 0.03458923274348508
    },
    {
        "case": 3,
        "collider1": {
            "type": "Box",
            "collider2origin": [
                [
                    0.9077781725128689,
                    0.4194505805326724,
                    0.0,
                    0.27063700059322826
                ],
                [
                    -0.4194505805326724,
                    0.9077781725128689,
                    0.0,
                    0.8002854543438492
                ],
                [
                    0.0,
                    0.0,
                    1.0,
                    -0.25
                ],
                [
                    0.0,
                    0.0,
                    0.0,
                    1.0
                ]
            ],
            "size": [
                0.2,
                0.2,
                0.02
            ]
        },
        "collider2": {
            "type": "Box",
            "collider2origin": [
                [
                    0.04985101288935899,
                    -0.9794922696523546,
                    -0.1952172384938995,
                    0.07047421988426306
                ],
                [
                    -0.2423258850492264,
                    -0.20148174525322332,
                    0.9490433455669052,
                    1.0495410440248545
                ],
                [
                    -0.9689133304630574,
                    -4.581957516042814e-06,
                    -0.24740040022197127,
                    -0.1768175155361269
                ],
                [
                    0.0,
                    0.0,
                    0.0,
                    1.0
                ]
            ],
            "size": [
                0.15068,
                0.17726,
                0.74884
            ]
        },
        "distance": 0.0320186217335811
    },
    {
        "case": 4,
        "collider1": {
            "type": "Box",
            "collider2origin": [
                [
                    0.718022042059392,
                    -0.6960203640101781,
                    0.0,
                    0.13748258467077087
                ],
                [
                    0.6960203640101781,
                    0.718022042059392,
                    0.0,
                    1.5384737068316263
                ],
                [
                    0.0,
                    0.0,
                    1.0,
                    -0.21500000000000008
                ],
                [
                    0.0,
                    0.0,
                    0.0,
                    1.0
                ]
            ],
            "size": [
                0.2,
                0.3,
                0.22
            ]
        },
        "collider2": {
            "type": "Box",
            "collider2origin": [
                [
                    0.04985101288935899,
                    -0.9794922696523546,
                    -0.1952172384938995,
                    0.07047421988426306
                ],
                [
                    -0.2423258850492264,
                    -0.20148174525322332,
                    0.9490433455669052,
                    1.0495410440248545
                ],
                [
                    -0.9689133304630574,
                    -4.581957516042814e-06,
                    -0.24740040022197127,
                    -0.1768175155361269
                ],
                [
                    0.0,
                    0.0,
                    0.0,
                    1.0
                ]
            ],
            "size": [
                0.15068,
                0.17726,
                0.74884
            ]
        },
        "distance": 0.008806012206702692
    },
    {
        "case": 5,
        "collider1": {
            "type": "Box",
            "collider2origin": [
                [
                    0.8404842512412337,
                    -0.5418359746412772,
                    0.0,
                    0.011439976095501792
                ],
                [
                    0.5418359746412771,
                    0.8404842512412338,
                    0.0,
                    1.4325762997644957
                ],
                [
                    0.0,
                    0.0,
                    1.0,
                    -0.21500000000000008
                ],
                [
                    0.0,
                    0.0,
                    0.0,
                    1.0
                ]
            ],
            "size": [
                0.2,
                0.3,
                0.22
            ]
        },
        "collider2": {
            "type": "Box",
            "collider2origin": [
                [
                    0.04985101288935899,
                    -0.9794922696523546,
                    -0.1952172384938995,
                    0.07047421988426306
                ],
                [
                    -0.2423258850492264,
                    -0.20148174525322332,
                    0.9490433455669052,
                    1.0495410440248545
                ],
                [
                    -0.9689133304630574,
                    -4.581957516042814e-06,
                    -0.24740040022197127,
                    -0.1768175155361269
                ],
                [
                    0.0,
                    0.0,
                    0.0,
                    1.0
                ]
            ],
            "size": [
                0.15068,
                0.17726,
                0.74884
            ]
        },
        "distance": 0.0
    },
    {
        "case": 6,
        "collider1": {
            "type": "Box",
            "collider2origin": [
                [
                    0.9081427509232697,
                    -0.4186606548811531,
                    0.0,
                    -0.09474126814702305
                ],
                [
                    0.41866065488115317,
                    0.9081427509232698,
                    0.0,
                    1.368923948110301
                ],
                [
                    0.0,
                    0.0,
                    1.0,
                    -0.21500000000000008
                ],
                [
                    0.0,
                    0.0,
                    0.0,
                    1.0
                ]
            ],
            "size": [
                0.2,
                0.3,
                0.22
            ]
        },
        "collider2": {
            "type": "Box",
            "collider2origin": [
                [
                    0.04985101288935899,
                    -0.9794922696523546,
                    -0.1952172384938995,
                    0.07047421988426306
                ],
                [
                    -0.2423258850492264,
                    -0.20148174525322332,
                    0.9490433455669052,
                    1.0495410440248545
                ],
                [
                    -0.9689133304630574,
                    -4.581957516042814e-06,
                    -0.24740040022197127,
                    -0.1768175155361269
                ],
                [
                    0.0,
                    0.0,
                    0.0,
                    1.0
                ]
            ],
            "size": [
                0.15068,
                0.17726,
                0.74884
            ]
        },
        "distance": 0.0
    },
    {
        "case": 7,
        "collider1": {
            "type": "Box",
            "collider2origin": [
                [
                    0.9798474486812189,
                    -0.1997472836183421,
                    0.0,
                    -0.20628161272202655
                ],
                [
                    0.19974728361834207,
                    0.9798474486812188,
                    0.0,
                    1.335871448475788
                ],
                [
                    0.0,
                    0.0,
                    1.0,
                    -0.21500000000000008
                ],
                [
                    0.0,
                    0.0,
                    0.0,
                    1.0
                ]
            ],
            "size": [
                0.2,
                0.3,
                0.22
            ]
        },
        "collider2": {
            "type": "Box",
            "collider2origin": [
                [
                    0.04985101288935899,
                    -0.9794922696523546,
                    -0.1952172384938995,
                    0.07047421988426306
                ],
                [
                    -0.2423258850492264,
                    -0.20148174525322332,
                    0.9490433455669052,
                    1.0495410440248545
                ],
                [
                    -0.9689133304630574,
                    -4.581957516042814e-06,
                    -0.24740040022197127,
                    -0.1768175155361269
                ],
                [
                    0.0,
                    0.0,
                    0.0,
                    1.0
                ]
            ],
            "size": [
                0.15068,
                0.17726,
                0.74884
            ]
        },
        "distance": 0.02467971891376388
    },
    {
        "case": 8,
        "collider1": {
            "type": "Cylinder",
            "collider2origin": [
                [
                    0.907778172512869,
                    0.4194505805326725,
                    0.0,
                    -0.07232761537572224
                ],
                [
                    -0.4194505805326725,
                    0.907778172512869,
                    0.0,
                    1.2000044650142188
                ],
                [
                    0.0,
                    0.0,
                    1.0,
                    -0.5800000000000001
                ],
                [
                    0.0,
                    0.0,
                    0.0,
                    1.0
                ]
            ],
            "radius": 0.04,
            "height": 0.96
        },
        "collider2": {
            "type": "Box",
            "collider2origin": [
                [
                    0.04985101288935899,
                    -0.9794922696523546,
                    -0.1952172384938995,
                    0.07047421988426306
                ],
                [
                    -0.2423258850492264,
                    -0.20148174525322332,
                    0.9490433455669052,
                    1.0495410440248545
                ],
                [
                    -0.9689133304630574,
                    -4.581957516042814e-06,
                    -0.24740040022197127,
                    -0.1768175155361269
                ],
                [
                    0.0,
                    0.0,
                    0.0,
                    1.0
                ]
            ],
            "size": [
                0.15068,
                0.17726,
                0.74884
            ]
        },
        "distance": 0.0
    },
    {
        "case": 9,
        "collider1": {
            "type": "Box",
            "collider2origin": [
                [
                    0.9077781725128689,
                    0.4194505805326724,
                    0.0,
                    0.4158817547107895
                ],
                [
                    -0.4194505805326724,
                    0.9077781725128689,
                    0.0,
                    0.733173894971941
                ],
                [
                    0.0,
                    0.0,
                    1.0,
                    -0.6599999999999999
                ],
                [
                    0.0,
                    0.0,
                    0.0,
                    1.0
                ]
            ],
            "size": [
                0.6,
                1.0,
                0.8
            ]
        },
        "collider2": {
            "type": "Box",
            "collider2origin": [
                [
                    0.04985101288935899,
                    -0.9794922696523546,
                    -0.1952172384938995,
                    0.07047421988426306
                ],
                [
                    -0.2423258850492264,
                    -0.20148174525322332,
                    0.9490433455669052,
                    1.0495410440248545
                ],
                [
                    -0.9689133304630574,
                    -4.581957516042814e-06,
                    -0.24740040022197127,
                    -0.1768175155361269
                ],
                [
                    0.0,
                    0.0,
                    0.0,
                    1.0
                ]
            ],
            "size": [
                0.15068,
                0.17726,
                0.74884
            ]
        },
        "distance": 0.03458923274348508
    },
    {
        "case": 10,
        "collider1": {
            "type": "Box",
            "collider2origin": [
                [
                    0.9077781725128689,
                    0.4194505805326724,
                    0.0,
                    0.27063700059322826
                ],
                [
                    -0.4194505805326724,
                    0.9077781725128689,
                    0.0,
                    0.8002854543438492
                ],
                [
                    0.0,
                    0.0,
                    1.0,
                    -0.25
                ],
                [
                    0.0,
                    0.0,
                    0.0,
                    1.0
                ]
            ],
            "size": [
                0.2,
                0.2,
                0.02
            ]
        },
        "collider2": {
            "type": "Box",
            "collider2origin": [
                [
                    0.04985101288935899,
                    -0.9794922696523546,
                    -0.1952172384938995,
                    0.07047421988426306
                ],
                [
                    -0.2423258850492264,
                    -0.20148174525322332,
                    0.9490433455669052,
                    1.0495410440248545
                ],
                [
                    -0.9689133304630574,
                    -4.581957516042814e-06,
                    -0.24740040022197127,
                    -0.1768175155361269
                ],
                [
                    0.0,
                    0.0,
                    0.0,
                    1.0
                ]
            ],
            "size": [
                0.15068,
                0.17726,
                0.74884
            ]
        },
        "distance": 0.0320186217335811
    },
    {
        "case": 11,
        "collider1": {
            "type": "Box",
            "collider2origin": [
                [
                    0.718022042059392,
                    -0.6960203640101781,
                    0.0,
                    0.13748258467077087
                ],
                [
                    0.6960203640101781,
                    0.718022042059392,
                    0.0,
                    1.5384737068316263
                ],
                [
                    0.0,
                    0.0,
                    1.0,
                    -0.21500000000000008
                ],
                [
                    0.0,
                    0.0,
                    0.0,
                    1.0
                ]
            ],
            "size": [
                0.2,
                0.3,
                0.22
            ]
        },
        "collider2": {
            "type": "Box",
            "collider2origin": [
                [
                    0.04985101288935899,
                    -0.9794922696523546,
                    -0.1952172384938995,
                    0.07047421988426306
                ],
                [
                    -0.2423258850492264,
                    -0.20148174525322332,
                    0.9490433455669052,
                    1.0495410440248545
                ],
                [
                    -0.9689133304630574,
                    -4.581957516042814e-06,
                    -0.24740040022197127,
                    -0.1768175155361269
                ],
                [
                    0.0,
                    0.0,
                    0.0,
                    1.0
                ]
            ],
            "size": [
                0.15068,
                0.17726,
                0.74884
            ]
        },
        "distance": 0.008806012206702692
    },
    {
        "case": 12,
        "collider1": {
            "type": "Box",
            "collider2origin": [
                [
                    0.8404842512412337,
                    -0.5418359746412772,
                    0.0,
                    0.011439976095501792
                ],
                [
                    0.5418359746412771,
                    0.8404842512412338,
                    0.0,
                    1.4325762997644957
                ],
                [
                    0.0,
                    0.0,
                    1.0,
                    -0.21500000000000008
                ],
                [
                    0.0,
                    0.0,
                    0.0,
                    1.0
                ]
            ],
            "size": [
                0.2,
                0.3,
                0.22
            ]
        },
        "collider2": {
            "type": "Box",
            "collider2origin": [
                [
                    0.04985101288935899,
                    -0.9794922696523546,
                    -0.1952172384938995,
                    0.07047421988426306
                ],
                [
                    -0.2423258850492264,
                    -0.20148174525322332,
                    0.9490433455669052,
                    1.0495410440248545
                ],
                [
                    -0.9689133304630574,
                    -4.581957516042814e-06,
                    -0.24740040022197127,
                    -0.1768175155361269
                ],
                [
                    0.0,
                    0.0,
                    0.0,
                    1.0
                ]
            ],
            "size": [
                0.15068,
                0.17726,
                0.74884
            ]
        },
        "distance": 0.0
    },
    {
        "case": 13,
        "collider1": {
            "type": "Box",
            "collider2origin": [
                [
                    0.9081427509232697,
                    -0.4186606548811531,
                    0.0,
                    -0.09474126814702305
                ],
                [
                    0.41866065488115317,
                    0.9081427509232698,
                    0.0,
                    1.368923948110301
                ],
                [
                    0.0,
                    0.0,
                    1.0,
                    -0.21500000000000008
                ],
                [
                    0.0,
                    0.0,
                    0.0,
                    1.0
                ]
            ],
            "size": [
                0.2,
                0.3,
                0.22
            ]
        },
        "collider2": {
            "type": "Box",
            "collider2origin": [
                [
                    0.04985101288935899,
                    -0.9794922696523546,
                    -0.1952172384938995,
                    0.07047421988426306
                ],
                [
                    -0.2423258850492264,
                    -0.20148174525322332,
                    0.9490433455669052,
                    1.0495410440248545
                ],
                [
                    -0.9689133304630574,
                    -4.581957516042814e-06,
                    -0.24740040022197127,
                    -0.1768175155361269
                ],
                [
                    0.0,
                    0.0,
                    0.0,
                    1.0
                ]
            ],
            "size": [
                0.15068,
                0.17726,
                0.74884
            ]
        },
        "distance": 0.0
    },
    {
        "case": 14,
        "collider1": {
            "type": "Box",
            "collider2origin": [
                [
                    0.9798474486812189,
                    -0.1997472836183421,
                    0.0,
                    -0.20628161272202655
                ],
                [
                    0.19974728361834207,
                    0.9798474486812188,
                    0.0,
                    1.335871448475788
                ],
                [
                    0.0,
                    0.0,
                    1.0,
                    -0.21500000000000008
                ],
                [
                    0.0,
                    0.0,
                    0.0,
                    1.0
                ]
            ],
            "size": [
                0.2,
                0.3,
                0.22
            ]
        },
        "collider2": {
            "type": "Box",
            "collider2origin": [
                [
                    0.04985101288935899,
                    -0.9794922696523546,
                    -0.1952172384938995,
                    0.07047421988426306
                ],
                [
                    -0.2423258850492264,
                    -0.20148174525322332,
                    0.9490433455669052,
                    1.0495410440248545
                ],
                [
                    -0.9689133304630574,
                    -4.581957516042814e-06,
                    -0.24740040022197127,
                    -0.1768175155361269
                ],
                [
                    0.0,
                    0.0,
                    0.0,
                    1.0
                ]
            ],
            "size": [
                0.15068,
                0.17726,
                0.74884
            ]
        },
        "distance": 0.02467971891376388
    },
    {
        "case": 15,
        "collider1": {
            "type": "Cylinder",
            "collider2origin": [
                [
                    0.907778172512869,
                    0.4194505805326725,
                    0.0,
                    -0.07232761537572224
                ],
                [
                    -0.4194505805326725,
                    0.907778172512869,
                    0.0,
                    1.2000044650142188
                ],
                [
                    0.0,
                    0.0,
                    1.0,
                    -0.5800000000000001
                ],
                [
                    0.0,
                    0.0,
                    0.0,
                    1.0
                ]
            ],
            "radius": 0.04,
            "height": 0.96
        },
        "collider2": {
            "type": "Box",
            "collider2origin": [
                [
                    0.04985101288935899,
                    -0.9794922696523546,
                    -0.1952172384938995,
                    0.07047421988426306
                ],
                [
                    -0.2423258850492264,
                    -0.20148174525322332,
                    0.9490433455669052,
                    1.0495410440248545
                ],
                [
                    -0.9689133304630574,
                    -4.581957516042814e-06,
                    -0.24740040022197127,
                    -0.1768175155361269
                ],
                [
                    0.0,
                    0.0,
                    0.0,
                    1.0
                ]
            ],
            "size": [
                0.15068,
                0.17726,
                0.74884
            ]
        },
        "distance": 0.0
    },
    {
        "case": 16,
        "collider1": {
            "type": "Box",
            "collider2origin": [
                [
                    0.907778172512869,
                    0.4194505805326725,
                    0.0,
                    0.3318610395686135
                ],
                [
                    -0.4194505805326725,
                    0.907778172512869,
                    0.0,
                    1.862570334354233
                ],
                [
                    0.0,
                    0.0,
                    1.0,
                    -0.21500000000000008
                ],
                [
                    0.0,
                    0.0,
                    0.0,
                    1.0
                ]
            ],
            "size": [
                0.3,
                0.46,
                0.22
            ]
        },
        "collider2": {
            "type": "Sphere",
            "collider2origin": [
                [
                    1.0,
                    0.0,
                    0.0,
                    0.13789986458347758
                ],
                [
                    0.0,
                    1.0,
                    0.0,
                    1.938890724359487
                ],
                [
                    0.0,
                    0.0,
                    1.0,
                    -0.13469152300685194
                ],
                [
                    0.0,
                    0.0,
                    0.0,
                    1.0
                ]
            ],
            "radius": 0.01051
        },
        "distance": 0.04757635286063926
    },
    {
        "case": 17,
        "collider1": {
            "type": "Box",
            "collider2origin": [
                [
                    0.907778172512869,
                    0.4194505805326725,
                    0.0,
                    0.3318610395686135
                ],
                [
                    -0.4194505805326725,
                    0.907778172512869,
                    0.0,
                    1.862570334354233
                ],
                [
                    0.0,
                    0.0,
                    1.0,
                    -0.21500000000000008
                ],
                [
                    0.0,
                    0.0,
                    0.0,
                    1.0
                ]
            ],
            "size": [
                0.3,
                0.46,
                0.22
            ]
        },
        "collider2": {
            "type": "Sphere",
            "collider2origin": [
                [
                    1.0,
                    0.0,
                    0.0,
                    0.17945393014251068
                ],
                [
                    0.0,
                    1.0,
                    0.0,
                    1.9663913835736107
                ],
                [
                    0.0,
                    0.0,
                    1.0,
                    -0.10224925610914037
                ],
                [
                    0.0,
                    0.0,
                    0.0,
                    1.0
                ]
            ],
            "radius": 0.00563
        },
        "distance": 0.026388026917193483
    },
    {
        "case": 18,
        "collider1": {
            "type": "Box",
            "collider2origin": [
                [
                    0.907778172512869,
                    0.4194505805326725,
                    0.0,
                    0.3318610395686135
                ],
                [
                    -0.4194505805326725,
                    0.907778172512869,
                    0.0,
                    1.862570334354233
                ],
                [
                    0.0,
                    0.0,
                    1.0,
                    -0.21500000000000008
                ],
                [
                    0.0,
                    0.0,
                    0.0,
                    1.0
                ]
            ],
            "size": [
                0.3,
                0.46,
                0.22
            ]
        },
        "collider2": {
            "type": "Cylinder",
            "collider2origin": [
                [
                    -0.47746865590938403,
                    -0.16942213606996276,
                    -0.8621599749661178,
                    0.10443984738705703
                ],
                [
                    -0.36192554099933555,
                    -0.8562006580090423,
                    0.3686873146681635,
                    1.9512718985007607
                ],
                [
                    -0.8006457302680281,
                    0.4880743519530345,
                    0.34749077911392307,
                    -0.12360834764512907
                ],
                [
                    0.0,
                    0.0,
                    0.0,
                    1.0
                ]
            ],
            "radius": 0.01271,
            "height": 0.05982
        },
        "distance": 0.0611895220676999
    },
    {
        "case": 19,
        "collider1": {
            "type": "Box",
            "collider2origin": [
                [
                    0.907778172512869,
                    0.4194505805326725,
                    0.0,
                    0.3318610395686135
                ],
                [
                    -0.4194505805326725,
                    0.907778172512869,
                    0.0,
                    1.862570334354233
                ],
                [
                    0.0,
                    0.0,
                    1.0,
                    -0.21500000000000008
                ],
                [
                    0.0,
                    0.0,
                    0.0,
                    1.0
                ]
            ],
            "size": [
                0.3,
                0.46,
                0.22
            ]
        },
        "collider2": {
            "type": "Cylinder",
            "collider2origin": [
                [
                    -0.4574816303134556,
                    -0.07786549793321729,
                    -0.8858033202451627,
                    0.11753724817632902
                ],
                [
                    -0.4107413233207566,
                    -0.8650144368949216,
                    0.28816937602749343,
                    1.9451360127657646
                ],
                [
                    -0.7886711122150066,
                    0.4956682239108873,
                    0.3637456371732456,
                    -0.12688875902363828
                ],
                [
                    0.0,
                    0.0,
                    0.0,
                    1.0
                ]
            ],
            "radius": 0.01169,
            "height": 0.05502
        },
        "distance": 0.04930210246352493
    },
    {
        "case": 20,
        "collider1": {
            "type": "Box",
            "collider2origin": [
                [
                    0.9077781725128689,
                    0.4194505805326724,
                    0.0,
                    0.4158817547107895
                ],
                [
                    -0.4194505805326724,
                    0.9077781725128689,
                    0.0,
                    0.733173894971941
                ],
                [
                    0.0,
                    0.0,
                    1.0,
                    -0.6599999999999999
                ],
                [
                    0.0,
                    0.0,
                    0.0,
                    1.0
                ]
            ],
            "size": [
                0.6,
                1.0,
                0.8
            ]
        },
        "collider2": {
            "type": "Box",
            "collider2origin": [
                [
                    -0.022115865830786622,
                    -0.9794922881908432,
                    -0.20026419014197455,
                    0.07716190757407454
                ],
                [
                    0.10753123007719265,
                    -0.2014816551549389,
                    0.9735718654491365,
                    1.6440741333025177
                ],
                [
                    -0.9939556947050708,
                    -3.2699534775666372e-06,
                    0.10978195185305689,
                    -0.22326108541284828
                ],
                [
                    0.0,
                    0.0,
                    0.0,
                    1.0
                ]
            ],
            "size": [
                0.1202,
                0.13634,
                0.67816
            ]
        },
        "distance": 0.13427515882988098
    },
    {
        "case": 21,
        "collider1": {
            "type": "Box",
            "collider2origin": [
                [
                    -0.49996093967317806,
                    0.8660479541001831,
                    0.0,
                    0.23518030403224222
                ],
                [
                    -0.8660479541001831,
                    -0.49996093967317806,
                    0.0,
                    1.6545490191575776
                ],
                [
                    0.0,
                    0.0,
                    1.0,
                    -0.21500000000000008
                ],
                [
                    0.0,
                    0.0,
                    0.0,
                    1.0
                ]
            ],
            "size": [
                0.2,
                0.3,
                0.22
            ]
        },
        "collider2": {
            "type": "Box",
            "collider2origin": [
                [
                    -0.022115865830786622,
                    -0.9794922881908432,
                    -0.20026419014197455,
                    0.07716190757407454
                ],
