[
    {
        "case": 0,
        "collider1": {
            "type": "Box",
            "collider2origin": [
                [
                    0.718022042059392,
                    -0.6960203640101781,
                    0.0,
                    0.13748258467077087
                ],
                [
                    0.6960203640101781,
                    0.718022042059392,
                    0.0,
                    1.5384737068316263
                ],
                [
                    0.0,
                    0.0,
                    1.0,
                    -0.21500000000000008
                ],
                [
                    0.0,
                    0.0,
                    0.0,
                    1.0
                ]
            ],
            "size": [
                0.2,
                0.3,
                0.22
            ]
        },
        "collider2": {
            "type": "Box",
            "collider2origin": [
                [
                    0.23839224316016708,
                    0.6566182252830164,
                    -0.7155568772831726,
                    0.19993815400441017
                ],
                [
                    -0.2075384660554595,
                    0.7542231143500381,
                    0.6229568836504467,
                    1.1185314358136351
                ],
                [
                    0.9487343798494974,
                    -2.512198712841962e-06,
                    0.3160744793324481,
                    -0.00798160751755228
                ],
                [
                    0.0,
                    0.0,
                    0.0,
                    1.0
                ]
            ],
            "size": [
                0.15068,
                0.17726,
                0.74884
            ]
        },
        "distance": 0.10532281807886071
    },
    {
        "case": 1,
        "collider1": {
            "type": "Box",
            "collider2origin": [
                [
                    0.8404842512412337,
                    -0.5418359746412772,
                    0.0,
                    0.011439976095501792
                ],
                [
                    0.5418359746412771,
                    0.8404842512412338,
                    0.0,
                    1.4325762997644957
                ],
                [
                    0.0,
                    0.0,
                    1.0,
                    -0.21500000000000008
                ],
                [
                    0.0,
                    0.0,
                    0.0,
                    1.0
                ]
            ],
            "size": [
                0.2,
                0.3,
                0.22
            ]
        },
        "collider2": {
            "type": "Box",
            "collider2origin": [
                [
                    0.23839224316016708,
                    0.6566182252830164,
                    -0.7155568772831726,
                    0.19993815400441017
                ],
                [
                    -0.2075384660554595,
                    0.7542231143500381,
                    0.6229568836504467,
                    1.1185314358136351
                ],
                [
                    0.9487343798494974,
                    -2.512198712841962e-06,
                    0.3160744793324481,
                    -0.00798160751755228
                ],
                [
                    0.0,
                    0.0,
                    0.0,
                    1.0
                ]
            ],
            "size": [
                0.15068,
                0.17726,
                0.74884
            ]
        },
        "distance": 0.07936569142469538
    },
    {
        "case": 2,
        "collider1": {
            "type": "Box",
            "collider2origin": [
                [
                    0.9081427509232697,
                    -0.4186606548811531,
                    0.0,
                    -0.09474126814702305
                ],
                [
                    0.41866065488115317,
                    0.9081427509232698,
                    0.0,
                    1.368923948110301
                ],
                [
                    0.0,
                    0.0,
                    1.0,
                    -0.21500000000000008
                ],
                [
                    0.0,
                    0.0,
                    0.0,
                    1.0
                ]
            ],
            "size": [
                0.2,
                0.3,
                0.22
            ]
        },
        "collider2": {
            "type": "Box",
            "collider2origin": [
                [
                    0.23839224316016708,
                    0.6566182252830164,
                    -0.7155568772831726,
                    0.19993815400441017
                ],
                [
                    -0.2075384660554595,
                    0.7542231143500381,
                    0.6229568836504467,
                    1.1185314358136351
                ],
                [
                    0.9487343798494974,
                    -2.512198712841962e-06,
                    0.3160744793324481,
                    -0.00798160751755228
                ],
                [
                    0.0,
                    0.0,
                    0.0,
                    1.0
                ]
            ],
            "size": [
                0.15068,
                0.17726,
                0.74884
            ]
        },
        "distance": 0.08271745014152816
    },
    {
        "case": 3,
        "collider1": {
            "type": "Box",
            "collider2origin": [
                [
                    0.9798474486812189,
                    -0.1997472836183421,
                    0.0,
                    -0.20628161272202655
                ],
                [
                    0.19974728361834207,
                    0.9798474486812188,
                    0.0,
                    1.335871448475788
                ],
                [
                    0.0,
                    0.0,
                    1.0,
                    -0.21500000000000008
                ],
                [
                    0.0,
                    0.0,
                    0.0,
                    1.0
                ]
            ],
            "size": [
                0.2,
                0.3,
                0.22
            ]
        },
        "collider2": {
            "type": "Box",
            "collider2origin": [
                [
                    0.23839224316016708,
                    0.6566182252830164,
                    -0.7155568772831726,
                    0.19993815400441017
                ],
                [
                    -0.2075384660554595,
                    0.7542231143500381,
                    0.6229568836504467,
                    1.1185314358136351
                ],
                [
                    0.9487343798494974,
                    -2.512198712841962e-06,
                    0.3160744793324481,
                    -0.00798160751755228
                ],
                [
                    0.0,
                    0.0,
                    0.0,
                    1.0
                ]
            ],
            "size": [
                0.15068,
                0.17726,
                0.74884
            ]
        },
        "distance": 0.10504803404441625
    },
    {
        "case": 4,
        "collider1": {
            "type": "Cylinder",
            "collider2origin": [
                [
                    0.907778172512869,
                    0.4194505805326725,
                    0.0,
                    -0.07232761537572224
                ],
                [
                    -0.4194505805326725,
                    0.907778172512869,
                    0.0,
                    1.2000044650142188
                ],
                [
                    0.0,
                    0.0,
                    1.0,
                    -0.5800000000000001
                ],
                [
                    0.0,
                    0.0,
                    0.0,
                    1.0
                ]
            ],
            "radius": 0.04,
            "height": 0.96
        },
        "collider2": {
            "type": "Box",
            "collider2origin": [
                [
                    0.23839224316016708,
                    0.6566182252830164,
                    -0.7155568772831726,
                    0.19993815400441017
                ],
                [
                    -0.2075384660554595,
                    0.7542231143500381,
                    0.6229568836504467,
                    1.1185314358136351
                ],
                [
                    0.9487343798494974,
                    -2.512198712841962e-06,
                    0.3160744793324481,
                    -0.00798160751755228
                ],
                [
                    0.0,
                    0.0,
                    0.0,
                    1.0
                ]
            ],
            "size": [
                0.15068,
                0.17726,
                0.74884
            ]
        },
        "distance": 0.08315716055559061
    },
    {
        "case": 5,
        "collider1": {
            "type": "Box",
            "collider2origin": [
                [
                    0.718022042059392,
                    -0.6960203640101781,
                    0.0,
                    0.13748258467077087
                ],
                [
                    0.6960203640101781,
                    0.718022042059392,
                    0.0,
                    1.5384737068316263
                ],
                [
                    0.0,
                    0.0,
                    1.0,
                    -0.21500000000000008
                ],
                [
                    0.0,
                    0.0,
                    0.0,
                    1.0
                ]
            ],
            "size": [
                0.2,
                0.3,
                0.22
            ]
        },
        "collider2": {
            "type": "Box",
            "collider2origin": [
                [
                    0.23839224316016708,
                    0.6566182252830164,
                    -0.7155568772831726,
                    0.19993815400441017
                ],
                [
                    -0.2075384660554595,
                    0.7542231143500381,
                    0.6229568836504467,
                    1.1185314358136351
                ],
                [
                    0.9487343798494974,
                    -2.512198712841962e-06,
                    0.3160744793324481,
                    -0.00798160751755228
                ],
                [
                    0.0,
                    0.0,
                    0.0,
                    1.0
                ]
            ],
            "size": [
                0.15068,
                0.17726,
                0.74884
            ]
        },
        "distance": 0.10532281807886071
    },
    {
        "case": 6,
        "collider1": {
            "type": "Box",
            "collider2origin": [
                [
                    0.8404842512412337,
                    -0.5418359746412772,
                    0.0,
                    0.011439976095501792
                ],
                [
                    0.5418359746412771,
                    0.8404842512412338,
                    0.0,
                    1.4325762997644957
                ],
                [
                    0.0,
                    0.0,
                    1.0,
                    -0.21500000000000008
                ],
                [
                    0.0,
                    0.0,
                    0.0,
                    1.0
                ]
            ],
            "size": [
                0.2,
                0.3,
                0.22
            ]
        },
        "collider2": {
            "type": "Box",
            "collider2origin": [
                [
                    0.23839224316016708,
                    0.6566182252830164,
                    -0.7155568772831726,
                    0.19993815400441017
                ],
                [
                    -0.2075384660554595,
                    0.7542231143500381,
                    0.6229568836504467,
                    1.1185314358136351
                ],
                [
                    0.9487343798494974,
                    -2.512198712841962e-06,
                    0.3160744793324481,
                    -0.00798160751755228
                ],
                [
                    0.0,
                    0.0,
                    0.0,
                    1.0
                ]
            ],
            "size": [
                0.15068,
                0.17726,
                0.74884
            ]
        },
        "distance": 0.07936569142469538
    },
    {
        "case": 7,
        "collider1": {
            "type": "Box",
            "collider2origin": [
                [
                    0.9081427509232697,
                    -0.4186606548811531,
                    0.0,
                    -0.09474126814702305
                ],
                [
                    0.41866065488115317,
                    0.9081427509232698,
                    0.0,
                    1.368923948110301
                ],
                [
                    0.0,
                    0.0,
                    1.0,
                    -0.21500000000000008
                ],
                [
                    0.0,
                    0.0,
                    0.0,
                    1.0
                ]
            ],
            "size": [
                0.2,
                0.3,
                0.22
            ]
        },
        "collider2": {
            "type": "Box",
            "collider2origin": [
                [
                    0.23839224316016708,
                    0.6566182252830164,
                    -0.7155568772831726,
                    0.19993815400441017
                ],
                [
                    -0.2075384660554595,
                    0.7542231143500381,
                    0.6229568836504467,
                    1.1185314358136351
                ],
                [
                    0.9487343798494974,
                    -2.512198712841962e-06,
                    0.3160744793324481,
                    -0.00798160751755228
                ],
                [
                    0.0,
                    0.0,
                    0.0,
                    1.0
                ]
            ],
            "size": [
                0.15068,
                0.17726,
                0.74884
            ]
        },
        "distance": 0.08271745014152816
    },
    {
        "case": 8,
        "collider1": {
            "type": "Box",
            "collider2origin": [
                [
                    0.9798474486812189,
                    -0.1997472836183421,
                    0.0,
                    -0.20628161272202655
                ],
                [
                    0.19974728361834207,
                    0.9798474486812188,
                    0.0,
                    1.335871448475788
                ],
                [
                    0.0,
                    0.0,
                    1.0,
                    -0.21500000000000008
                ],
                [
                    0.0,
                    0.0,
                    0.0,
                    1.0
                ]
            ],
            "size": [
                0.2,
                0.3,
                0.22
            ]
        },
        "collider2": {
            "type": "Box",
            "collider2origin": [
                [
                    0.23839224316016708,
                    0.6566182252830164,
                    -0.7155568772831726,
                    0.19993815400441017
                ],
                [
                    -0.2075384660554595,
                    0.7542231143500381,
                    0.6229568836504467,
                    1.1185314358136351
                ],
                [
                    0.9487343798494974,
                    -2.512198712841962e-06,
                    0.3160744793324481,
                    -0.00798160751755228
                ],
                [
                    0.0,
                    0.0,
                    0.0,
                    1.0
                ]
            ],
            "size": [
                0.15068,
                0.17726,
                0.74884
            ]
        },
        "distance": 0.10504803404441625
    },
    {
        "case": 9,
        "collider1": {
            "type": "Cylinder",
            "collider2origin": [
                [
                    0.907778172512869,
                    0.4194505805326725,
                    0.0,
                    -0.07232761537572224
                ],
                [
                    -0.4194505805326725,
                    0.907778172512869,
                    0.0,
                    1.2000044650142188
                ],
                [
                    0.0,
                    0.0,
                    1.0,
                    -0.5800000000000001
                ],
                [
                    0.0,
                    0.0,
                    0.0,
                    1.0
                ]
            ],
            "radius": 0.04,
            "height": 0.96
        },
        "collider2": {
            "type": "Box",
            "collider2origin": [
                [
                    0.23839224316016708,
                    0.6566182252830164,
                    -0.7155568772831726,
                    0.19993815400441017
                ],
                [
                    -0.2075384660554595,
                    0.7542231143500381,
                    0.6229568836504467,
                    1.1185314358136351
                ],
                [
                    0.9487343798494974,
                    -2.512198712841962e-06,
                    0.3160744793324481,
                    -0.00798160751755228
                ],
                [
                    0.0,
                    0.0,
                    0.0,
                    1.0
                ]
            ],
            "size": [
                0.15068,
                0.17726,
                0.74884
            ]
        },
        "distance": 0.08315716055559061
    }
]