[
    {
        "case": 0,
        "collider1": {
            "type": "Box",
            "collider2origin": [
                [
                    0.907778172512869,
                    0.4194505805326725,
                    0.0,
                    -1.612083837096907
                ],
                [
                    -0.4194505805326725,
                    0.907778172512869,
                    0.0,
                    -0.24654756573714753
                ],
                [
                    0.0,
                    0.0,
                    1.0,
                    -0.040000000000000036
                ],
                [
                    0.0,
                    0.0,
                    0.0,
                    1.0
                ]
            ],
            "size": [
                2.0,
                2.0,
                2.0
            ]
        },
        "collider2": {
            "type": "Box",
            "collider2origin": [
                [
                    -0.4499886945079091,
                    -0.1374822148393316,
                    0.8823881319566463,
                    -0.06343266952459864
                ],
                [
                    0.06245673111440734,
                    -0.990504235527973,
                    -0.12247659425232484,
                    0.8017829906458521
                ],
                [
                    0.8908475355264617,
                    -2.0044592181249476e-06,
                    0.4543023975750202,
                    0.07352802321250396
                ],
                [
                    0.0,
                    0.0,
                    0.0,
                    1.0
                ]
            ],
            "size": [
                0.1202,
                0.13634,
                0.67816
            ]
        },
        "distance": 0.44027095041108794
    },
    {
        "case": 1,
        "collider1": {
            "type": "Box",
            "collider2origin": [
                [
                    0.907778172512869,
                    0.4194505805326725,
                    0.0,
                    -0.7418785952877999
                ],
                [
                    -0.4194505805326725,
                    0.907778172512869,
                    0.0,
                    1.2791466490804724
                ],
                [
                    0.0,
                    0.0,
                    1.0,
                    0.27
                ],
                [
                    0.0,
                    0.0,
                    0.0,
                    1.0
                ]
            ],
            "size": [
                0.52,
                1.16,
                0.6
            ]
        },
        "collider2": {
            "type": "Box",
            "collider2origin": [
                [
                    -0.4499886945079091,
                    -0.1374822148393316,
                    0.8823881319566463,
                    -0.06343266952459864
                ],
                [
                    0.06245673111440734,
                    -0.990504235527973,
                    -0.12247659425232484,
                    0.8017829906458521
                ],
                [
                    0.8908475355264617,
                    -2.0044592181249476e-06,
                    0.4543023975750202,
                    0.07352802321250396
                ],
                [
                    0.0,
                    0.0,
                    0.0,
                    1.0
                ]
            ],
            "size": [
                0.1202,
                0.13634,
                0.67816
            ]
        },
        "distance": 0.22114267467649254
    },
    {
        "case": 2,
        "collider1": {
            "type": "Box",
            "collider2origin": [
                [
                    0.907778172512869,
                    0.4194505805326725,
                    0.0,
                    -1.612083837096907
                ],
                [
                    -0.4194505805326725,
                    0.907778172512869,
                    0.0,
                    -0.24654756573714753
                ],
                [
                    0.0,
                    0.0,
                    1.0,
                    -0.040000000000000036
                ],
                [
                    0.0,
                    0.0,
                    0.0,
                    1.0
                ]
            ],
            "size": [
                2.0,
                2.0,
                2.0
            ]
        },
        "collider2": {
            "type": "Box",
            "collider2origin": [
                [
                    -0.07915893019487895,
                    -0.13748908271627922,
                    -0.9873351082100943,
                    -0.020159947084986973
                ],
                [
                    0.010991238227095123,
                    -0.9905032822370727,
                    0.1370490443593867,
                    0.6682258927402516
                ],
                [
                    -0.9968014127461083,
                    -3.3796485923228503e-06,
                    0.07991835543816232,
                    -0.07862895020081817
                ],
                [
                    0.0,
                    0.0,
                    0.0,
                    1.0
                ]
            ],
            "size": [
                0.15068,
                0.17726,
                0.74884
            ]
        },
        "distance": 0.30311135340018985
    },
    {
        "case": 3,
        "collider1": {
            "type": "Box",
            "collider2origin": [
                [
                    0.907778172512869,
                    0.4194505805326725,
                    0.0,
                    -0.7418785952877999
                ],
                [
                    -0.4194505805326725,
                    0.907778172512869,
                    0.0,
                    1.2791466490804724
                ],
                [
                    0.0,
                    0.0,
                    1.0,
                    0.27
                ],
                [
                    0.0,
                    0.0,
                    0.0,
                    1.0
                ]
            ],
            "size": [
                0.52,
                1.16,
                0.6
            ]
        },
        "collider2": {
            "type": "Box",
            "collider2origin": [
                [
                    -0.07915893019487895,
                    -0.13748908271627922,
                    -0.9873351082100943,
                    -0.020159947084986973
                ],
                [
                    0.010991238227095123,
                    -0.9905032822370727,
                    0.1370490443593867,
                    0.6682258927402516
                ],
                [
                    -0.9968014127461083,
                    -3.3796485923228503e-06,
                    0.07991835543816232,
                    -0.07862895020081817
                ],
                [
                    0.0,
                    0.0,
                    0.0,
                    1.0
                ]
            ],
            "size": [
                0.15068,
                0.17726,
                0.74884
            ]
        },
        "distance": 0.269185304711364
    },
    {
        "case": 4,
        "collider1": {
            "type": "Box",
            "collider2origin": [
                [
                    0.907778172512869,
                    0.4194505805326725,
                    0.0,
                    -1.612083837096907
                ],
                [
                    -0.4194505805326725,
                    0.907778172512869,
                    0.0,
                    -0.24654756573714753
                ],
                [
                    0.0,
                    0.0,
                    1.0,
                    -0.040000000000000036
                ],
                [
                    0.0,
                    0.0,
                    0.0,
                    1.0
                ]
            ],
            "size": [
                2.0,
                2.0,
                2.0
            ]
        },
        "collider2": {
            "type": "Box",
            "collider2origin": [
                [
                    -0.07915893019487895,
                    -0.13748908271627922,
                    -0.9873351082100943,
                    -0.020159947084986973
                ],
                [
                    0.010991238227095123,
                    -0.9905032822370727,
                    0.1370490443593867,
                    0.6682258927402516
                ],
                [
                    -0.9968014127461083,
                    -3.3796485923228503e-06,
                    0.07991835543816232,
                    -0.07862895020081817
                ],
                [
                    0.0,
                    0.0,
                    0.0,
                    1.0
                ]
            ],
            "size": [
                0.15068,
                0.17726,
                0.74884
            ]
        },
        "distance": 0.30311135340018985
    },
    {
        "case": 5,
        "collider1": {
            "type": "Box",
            "collider2origin": [
                [
                    0.907778172512869,
                    0.4194505805326725,
                    0.0,
                    -0.7418785952877999
                ],
                [
                    -0.4194505805326725,
                    0.907778172512869,
                    0.0,
                    1.2791466490804724
                ],
                [
                    0.0,
                    0.0,
                    1.0,
                    0.27
                ],
                [
                    0.0,
                    0.0,
                    0.0,
                    1.0
                ]
            ],
            "size": [
                0.52,
                1.16,
                0.6
            ]
        },
        "collider2": {
            "type": "Box",
            "collider2origin": [
                [
                    -0.07915893019487895,
                    -0.13748908271627922,
                    -0.9873351082100943,
                    -0.020159947084986973
                ],
                [
                    0.010991238227095123,
                    -0.9905032822370727,
                    0.1370490443593867,
                    0.6682258927402516
                ],
                [
                    -0.9968014127461083,
                    -3.3796485923228503e-06,
                    0.07991835543816232,
                    -0.07862895020081817
                ],
                [
                    0.0,
                    0.0,
                    0.0,
                    1.0
                ]
            ],
            "size": [
                0.15068,
                0.17726,
                0.74884
            ]
        },
        "distance": 0.269185304711364
    }
]