[
    {
        "case": 0,
        "collider1": {
            "type": "Box",
            "collider2origin": [
                [
                    0.9077781725128689,
                    0.4194505805326724,
                    0.0,
                    0.4158817547107895
                ],
                [
                    -0.4194505805326724,
                    0.9077781725128689,
                    0.0,
                    0.733173894971941
                ],
                [
                    0.0,
                    0.0,
                    1.0,
                    -0.6599999999999999
                ],
                [
                    0.0,
                    0.0,
                    0.0,
                    1.0
                ]
            ],
            "size": [
                0.6,
                1.0,
                0.8
            ]
        },
        "collider2": {
            "type": "Box",
            "collider2origin": [
                [
                    -0.19434641311165865,
                    -0.8504599609388472,
                    -0.4888223875299974,
                    0.004947263468202401
                ],
                [
                    -0.31419518716637046,
                    0.5260397844408643,
                    -0.7902933186778808,
                    0.6547828564985778
                ],
                [
                    0.9292528482991709,
                    -5.0302500555169515e-06,
                    -0.3694443718647972,
                    -0.21361477087559178
                ],
                [
                    0.0,
                    0.0,
                    0.0,
                    1.0
                ]
            ],
            "size": [
                0.15068,
                0.17726,
                0.74884
            ]
        },
        "distance": 0.0
    },
    {
        "case": 1,
        "collider1": {
            "type": "Box",
            "collider2origin": [
                [
                    0.9077781725128689,
                    0.4194505805326724,
                    0.0,
                    0.27063700059322826
                ],
                [
                    -0.4194505805326724,
                    0.9077781725128689,
                    0.0,
                    0.8002854543438492
                ],
                [
                    0.0,
                    0.0,
                    1.0,
                    -0.25
                ],
                [
                    0.0,
                    0.0,
                    0.0,
                    1.0
                ]
            ],
            "size": [
                0.2,
                0.2,
                0.02
            ]
        },
        "collider2": {
            "type": "Box",
            "collider2origin": [
                [
                    -0.19434641311165865,
                    -0.8504599609388472,
                    -0.4888223875299974,
                    0.004947263468202401
                ],
                [
                    -0.31419518716637046,
                    0.5260397844408643,
                    -0.7902933186778808,
                    0.6547828564985778
                ],
                [
                    0.9292528482991709,
                    -5.0302500555169515e-06,
                    -0.3694443718647972,
                    -0.21361477087559178
                ],
                [
                    0.0,
                    0.0,
                    0.0,
                    1.0
                ]
            ],
            "size": [
                0.15068,
                0.17726,
                0.74884
            ]
        },
        "distance": 0.005393380021520915
    },
    {
        "case": 2,
        "collider1": {
            "type": "Box",
            "collider2origin": [
                [
                    0.907778172512869,
                    0.4194505805326725,
                    0.0,
                    -0.7418785952877999
                ],
                [
                    -0.4194505805326725,
                    0.907778172512869,
                    0.0,
                    1.2791466490804724
                ],
                [
                    0.0,
                    0.0,
                    1.0,
                    0.27
                ],
                [
                    0.0,
                    0.0,
                    0.0,
                    1.0
                ]
            ],
            "size": [
                0.52,
                1.16,
                0.6
            ]
        },
        "collider2": {
            "type": "Box",
            "collider2origin": [
                [
                    -0.19434641311165865,
                    -0.8504599609388472,
                    -0.4888223875299974,
                    0.004947263468202401
                ],
                [
                    -0.31419518716637046,
                    0.5260397844408643,
                    -0.7902933186778808,
                    0.6547828564985778
                ],
                [
                    0.9292528482991709,
                    -5.0302500555169515e-06,
                    -0.3694443718647972,
                    -0.21361477087559178
                ],
                [
                    0.0,
                    0.0,
                    0.0,
                    1.0
                ]
            ],
            "size": [
                0.15068,
                0.17726,
                0.74884
            ]
        },
        "distance": 0.5961073197300861
    },
    {
        "case": 3,
        "collider1": {
            "type": "Box",
            "collider2origin": [
                [
                    0.9077781725128689,
                    0.4194505805326724,
                    0.0,
                    0.4158817547107895
                ],
                [
                    -0.4194505805326724,
                    0.9077781725128689,
                    0.0,
                    0.733173894971941
                ],
                [
                    0.0,
                    0.0,
                    1.0,
                    -0.6599999999999999
                ],
                [
                    0.0,
                    0.0,
                    0.0,
                    1.0
                ]
            ],
            "size": [
                0.6,
                1.0,
                0.8
            ]
        },
        "collider2": {
            "type": "Box",
            "collider2origin": [
                [
                    -0.19434641311165865,
                    -0.8504599609388472,
                    -0.4888223875299974,
                    0.004947263468202401
                ],
                [
                    -0.31419518716637046,
                    0.5260397844408643,
                    -0.7902933186778808,
                    0.6547828564985778
                ],
                [
                    0.9292528482991709,
                    -5.0302500555169515e-06,
                    -0.3694443718647972,
                    -0.21361477087559178
                ],
                [
                    0.0,
                    0.0,
                    0.0,
                    1.0
                ]
            ],
            "size": [
                0.15068,
                0.17726,
                0.74884
            ]
        },
        "distance": 0.0
    },
    {
        "case": 4,
        "collider1": {
            "type": "Box",
            "collider2origin": [
                [
                    0.9077781725128689,
                    0.4194505805326724,
                    0.0,
                    0.27063700059322826
                ],
                [
                    -0.4194505805326724,
                    0.9077781725128689,
                    0.0,
                    0.8002854543438492
                ],
                [
                    0.0,
                    0.0,
                    1.0,
                    -0.25
                ],
                [
                    0.0,
                    0.0,
                    0.0,
                    1.0
                ]
            ],
            "size": [
                0.2,
                0.2,
                0.02
            ]
        },
        "collider2": {
            "type": "Box",
            "collider2origin": [
                [
                    -0.19434641311165865,
                    -0.8504599609388472,
                    -0.4888223875299974,
                    0.004947263468202401
                ],
                [
                    -0.31419518716637046,
                    0.5260397844408643,
                    -0.7902933186778808,
                    0.6547828564985778
                ],
                [
                    0.9292528482991709,
                    -5.0302500555169515e-06,
                    -0.3694443718647972,
                    -0.21361477087559178
                ],
                [
                    0.0,
                    0.0,
                    0.0,
                    1.0
                ]
            ],
            "size": [
                0.15068,
                0.17726,
                0.74884
            ]
        },
        "distance": 0.005393380021520915
    },
    {
        "case": 5,
        "collider1": {
            "type": "Box",
            "collider2origin": [
                [
                    0.907778172512869,
                    0.4194505805326725,
                    0.0,
                    -0.7418785952877999
                ],
                [
                    -0.4194505805326725,
                    0.907778172512869,
                    0.0,
                    1.2791466490804724
                ],
                [
                    0.0,
                    0.0,
                    1.0,
                    0.27
                ],
                [
                    0.0,
                    0.0,
                    0.0,
                    1.0
                ]
            ],
            "size": [
                0.52,
                1.16,
                0.6
            ]
        },
        "collider2": {
            "type": "Box",
            "collider2origin": [
                [
                    -0.19434641311165865,
                    -0.8504599609388472,
                    -0.4888223875299974,
                    0.004947263468202401
                ],
                [
                    -0.31419518716637046,
                    0.5260397844408643,
                    -0.7902933186778808,
                    0.6547828564985778
                ],
                [
                    0.9292528482991709,
                    -5.0302500555169515e-06,
                    -0.3694443718647972,
                    -0.21361477087559178
                ],
                [
                    0.0,
                    0.0,
                    0.0,
                    1.0
                ]
            ],
            "size": [
                0.15068,
                0.17726,
                0.74884
            ]
        },
        "distance": 0.5961073197300861
    },
    {
        "case": 6,
        "collider1": {
            "type": "Box",
            "collider2origin": [
                [
                    0.907778172512869,
                    0.4194505805326725,
                    0.0,
                    -1.612083837096907
                ],
                [
                    -0.4194505805326725,
                    0.907778172512869,
                    0.0,
                    -0.24654756573714753
                ],
                [
                    0.0,
                    0.0,
                    1.0,
                    -0.040000000000000036
                ],
                [
                    0.0,
                    0.0,
                    0.0,
                    1.0
                ]
            ],
            "size": [
                2.0,
                2.0,
                2.0
            ]
        },
        "collider2": {
            "type": "Box",
            "collider2origin": [
                [
                    0.34041845089645817,
                    0.939102469859683,
                    0.046923654937552205,
                    -0.26325362648361456
                ],
                [
                    -0.016141550871013332,
                    -0.044060245303988874,
                    0.9988984658708964,
                    -0.09782441873216075
                ],
                [
                    0.9401354841855158,
                    -0.3408008889178475,
                    0.00015964983783250519,
                    -0.5123025345947467
                ],
                [
                    0.0,
                    0.0,
                    0.0,
                    1.0
                ]
            ],
            "size": [
                0.07264,
                0.04753,
                0.03326
            ]
        },
        "distance": 0.12362874671198118
    },
    {
        "case": 7,
        "collider1": {
            "type": "Box",
            "collider2origin": [
                [
                    0.907778172512869,
                    0.4194505805326725,
                    0.0,
                    -1.612083837096907
                ],
                [
                    -0.4194505805326725,
                    0.907778172512869,
                    0.0,
                    -0.24654756573714753
                ],
                [
                    0.0,
                    0.0,
                    1.0,
                    -0.040000000000000036
                ],
                [
                    0.0,
                    0.0,
                    0.0,
                    1.0
                ]
            ],
            "size": [
                2.0,
                2.0,
                2.0
            ]
        },
        "collider2": {
            "type": "Box",
            "collider2origin": [
                [
                    0.3426954937974724,
                    0.9391016424286912,
                    -0.025453952907959616,
                    -0.3118341383722611
                ],
                [
                    0.19352601500342373,
                    -0.04405586417585596,
                    0.9801054853170716,
                    -0.0932767200269572
                ],
                [
                    0.91929727512258,
                    -0.34080373533670755,
                    -0.19683834467081424,
                    -0.49650228139665675
                ],
                [
                    0.0,
                    0.0,
                    0.0,
                    1.0
                ]
            ],
            "size": [
                0.06241,
                0.05638,
                0.02858
            ]
        },
        "distance": 0.07811650722155641
    },
    {
        "case": 8,
        "collider1": {
            "type": "Box",
            "collider2origin": [
                [
                    0.9077781725128689,
                    0.4194505805326724,
                    0.0,
                    0.4158817547107895
                ],
                [
                    -0.4194505805326724,
                    0.9077781725128689,
                    0.0,
                    0.733173894971941
                ],
                [
                    0.0,
                    0.0,
                    1.0,
                    -0.6599999999999999
                ],
                [
                    0.0,
                    0.0,
                    0.0,
                    1.0
                ]
            ],
            "size": [
                0.6,
                1.0,
                0.8
            ]
        },
        "collider2": {
            "type": "Box",
            "collider2origin": [
                [
                    -0.01494652121559561,
                    -0.8504600968650465,
                    -0.5258271818229326,
                    -0.1875902621586361
                ],
                [
                    -0.024157201677535243,
                    0.5260395646964455,
                    -0.8501169366511203,
                    0.10333414255758644
                ],
                [
                    0.9995964341226224,
                    -3.7775505665411296e-06,
                    -0.028407197592643166,
                    -0.33683208005632304
                ],
                [
                    0.0,
                    0.0,
                    0.0,
                    1.0
                ]
            ],
            "size": [
                0.1202,
                0.13634,
                0.67816
            ]
        },
        "distance": 0.0
    },
    {
        "case": 9,
        "collider1": {
            "type": "Box",
            "collider2origin": [
                [
                    0.907778172512869,
                    0.4194505805326725,
                    0.0,
                    -1.612083837096907
                ],
                [
                    -0.4194505805326725,
                    0.907778172512869,
                    0.0,
                    -0.24654756573714753
                ],
                [
                    0.0,
                    0.0,
                    1.0,
                    -0.040000000000000036
                ],
                [
                    0.0,
                    0.0,
                    0.0,
                    1.0
                ]
            ],
            "size": [
                2.0,
                2.0,
                2.0
            ]
        },
        "collider2": {
            "type": "Box",
            "collider2origin": [
                [
                    -0.01494652121559561,
                    -0.8504600968650465,
                    -0.5258271818229326,
                    -0.1875902621586361
                ],
                [
                    -0.024157201677535243,
                    0.5260395646964455,
                    -0.8501169366511203,
                    0.10333414255758644
                ],
                [
                    0.9995964341226224,
                    -3.7775505665411296e-06,
                    -0.028407197592643166,
                    -0.33683208005632304
                ],
                [
                    0.0,
                    0.0,
                    0.0,
                    1.0
                ]
            ],
            "size": [
                0.1202,
                0.13634,
                0.67816
            ]
        },
        "distance": 0.03754412876927973
    },
    {
        "case": 10,
        "collider1": {
            "type": "Box",
            "collider2origin": [
                [
                    1.0,
                    0.0,
                    0.0,
                    0.35
                ],
                [
                    0.0,
                    1.0,
                    0.0,
                    -0.34649
                ],
                [
                    0.0,
                    0.0,
                    1.0,
                    -0.54511
                ],
                [
                    0.0,
                    0.0,
                    0.0,
                    1.0
                ]
            ],
            "size": [
                0.7,
                0.7,
                1.1
            ]
        },
        "collider2": {
            "type": "Box",
            "collider2origin": [
                [
                    -0.01494652121559561,
                    -0.8504600968650465,
                    -0.5258271818229326,
                    -0.1875902621586361
                ],
                [
                    -0.024157201677535243,
                    0.5260395646964455,
                    -0.8501169366511203,
                    0.10333414255758644
                ],
                [
                    0.9995964341226224,
                    -3.7775505665411296e-06,
                    -0.028407197592643166,
                    -0.33683208005632304
                ],
                [
                    0.0,
                    0.0,
                    0.0,
                    1.0
                ]
            ],
            "size": [
                0.1202,
                0.13634,
                0.67816
            ]
        },
        "distance": 0.14387925538280644
    },
    {
        "case": 11,
        "collider1": {
            "type": "Box",
            "collider2origin": [
                [
                    0.907778172512869,
                    0.4194505805326725,
                    0.0,
                    -1.612083837096907
                ],
                [
                    -0.4194505805326725,
                    0.907778172512869,
                    0.0,
                    -0.24654756573714753
                ],
                [
                    0.0,
                    0.0,
                    1.0,
                    -0.040000000000000036
                ],
                [
                    0.0,
                    0.0,
                    0.0,
                    1.0
                ]
            ],
            "size": [
                2.0,
                2.0,
                2.0
            ]
        },
        "collider2": {
            "type": "Box",
            "collider2origin": [
                [
                    -0.29274850816452064,
                    0.9339898137077421,
                    -0.204844670073754,
                    -0.46044637014607875
                ],
                [
                    0.9186709030754845,
                    0.21531016075869314,
                    -0.3311877209628091,
                    -0.12050239085755599
                ],
                [
                    -0.2652208189602042,
                    -0.28513954928112506,
                    -0.9210609939769652,
                    -0.44878653681147307
                ],
                [
                    0.0,
                    0.0,
                    0.0,
                    1.0
                ]
            ],
            "size": [
                0.09126,
                0.11887,
                0.10009
            ]
        },
        "distance": 0.0
    },
    {
        "case": 12,
        "collider1": {
            "type": "Box",
            "collider2origin": [
                [
                    0.907778172512869,
                    0.4194505805326725,
                    0.0,
                    -1.612083837096907
                ],
                [
                    -0.4194505805326725,
                    0.907778172512869,
                    0.0,
                    -0.24654756573714753
                ],
                [
                    0.0,
                    0.0,
                    1.0,
                    -0.040000000000000036
                ],
                [
                    0.0,
                    0.0,
                    0.0,
                    1.0
                ]
            ],
            "size": [
                2.0,
                2.0,
                2.0
            ]
        },
        "collider2": {
            "type": "Box",
            "collider2origin": [
                [
                    0.20522642564395782,
                    0.933991640465546,
                    0.29247517802009,
                    -0.3911708214853708
                ],
                [
                    -0.9765426270704644,
                    0.21531136865526493,
                    -0.0023477738631685675,
                    -0.10571649921746329
                ],
                [
                    -0.06516603203910074,
                    -0.28513265345848193,
                    0.9562702328317052,
                    -0.47261272019682454
                ],
                [
                    0.0,
                    0.0,
                    0.0,
                    1.0
                ]
            ],
            "size": [
                0.08993,
                0.0305,
                0.09007
            ]
        },
        "distance": 0.0
    },
    {
        "case": 13,
        "collider1": {
            "type": "Box",
            "collider2origin": [
                [
                    0.907778172512869,
                    0.4194505805326725,
                    0.0,
                    -1.612083837096907
                ],
                [
                    -0.4194505805326725,
                    0.907778172512869,
                    0.0,
                    -0.24654756573714753
                ],
                [
                    0.0,
                    0.0,
                    1.0,
                    -0.040000000000000036
                ],
                [
                    0.0,
                    0.0,
                    0.0,
                    1.0
                ]
            ],
            "size": [
                2.0,
                2.0,
                2.0
            ]
        },
        "collider2": {
            "type": "Cylinder",
            "collider2origin": [
                [
                    0.1699240656855502,
                    -0.47903529490563834,
                    -0.8611916152259965,
                    -0.2537725205157197
                ],
                [
                    0.5634444259231217,
                    0.7641945294705945,
                    -0.31390619621692717,
                    -0.04987802539717201
                ],
                [
                    0.8084900684591346,
                    -0.4318933981457512,
                    0.39976480815732035,
                    -0.4870459534135967
                ],
                [
                    0.0,
                    0.0,
                    0.0,
                    1.0
                ]
            ],
            "radius": 0.01271,
            "height": 0.05982
        },
        "distance": 0.12144999072525871
    },
    {
        "case": 14,
        "collider1": {
            "type": "Box",
            "collider2origin": [
                [
                    0.907778172512869,
                    0.4194505805326725,
                    0.0,
                    -1.612083837096907
                ],
                [
                    -0.4194505805326725,
                    0.907778172512869,
                    0.0,
                    -0.24654756573714753
                ],
                [
                    0.0,
                    0.0,
                    1.0,
                    -0.040000000000000036
                ],
                [
                    0.0,
                    0.0,
                    0.0,
                    1.0
                ]
            ],
            "size": [
                2.0,
                2.0,
                2.0
            ]
        },
        "collider2": {
            "type": "Box",
            "collider2origin": [
                [
                    -0.4845186170056227,
                    -0.8504589178304462,
                    -0.204844670073754,
                    -0.43656730547875994
                ],
                [
                    -0.7833230907170987,
                    0.5260414708298888,
                    -0.3311877209628091,
                    -0.08673522089814123
                ],
                [
                    0.3894183423060232,
                    -7.056451046963835e-06,
                    -0.9210609939769652,
                    -0.3475172236995727
                ],
                [
                    0.0,
                    0.0,
                    0.0,
                    1.0
                ]
            ],
            "size": [
                0.09102,
                0.10007,
                0.11882
            ]
        },
        "distance": 0.0
    }
]