[
    {
        "case": 0,
        "collider1": {
            "type": "Box",
            "collider2origin": [
                [
                    0.9081427509232697,
                    -0.4186606548811531,
                    0.0,
                    -0.09474126814702305
                ],
                [
                    0.41866065488115317,
                    0.9081427509232698,
                    0.0,
                    1.368923948110301
                ],
                [
                    0.0,
                    0.0,
                    1.0,
                    -0.21500000000000008
                ],
                [
                    0.0,
                    0.0,
                    0.0,
                    1.0
                ]
            ],
            "size": [
                0.2,
                0.3,
                0.22
            ]
        },
        "collider2": {
            "type": "Box",
            "collider2origin": [
                [
                    0.12370894350281764,
                    -0.9896581477855352,
                    0.07261437749592486,
                    0.1490338301342531
                ],
                [
                    0.8534871736927234,
                    0.14344598468220904,
                    0.5009819296347511,
                    0.975232040345411
                ],
                [
                    -0.5062170894383395,
                    -5.054106645623589e-07,
                    0.862406086690209,
                    0.15604537694894316
                ],
                [
                    0.0,
                    0.0,
                    0.0,
                    1.0
                ]
            ],
            "size": [
                0.15068,
                0.17726,
                0.74884
            ]
        },
        "distance": 0.2840123531929649
    },
    {
        "case": 1,
        "collider1": {
            "type": "Box",
            "collider2origin": [
                [
                    0.9081427509232697,
                    -0.4186606548811531,
                    0.0,
                    -0.09474126814702305
                ],
                [
                    0.41866065488115317,
                    0.9081427509232698,
                    0.0,
                    1.368923948110301
                ],
                [
                    0.0,
                    0.0,
                    1.0,
                    -0.21500000000000008
                ],
                [
                    0.0,
                    0.0,
                    0.0,
                    1.0
                ]
            ],
            "size": [
                0.2,
                0.3,
                0.22
            ]
        },
        "collider2": {
            "type": "Box",
            "collider2origin": [
                [
                    0.12370894350281764,
                    -0.9896581477855352,
                    0.07261437749592486,
                    0.1490338301342531
                ],
                [
                    0.8534871736927234,
                    0.14344598468220904,
                    0.5009819296347511,
                    0.975232040345411
                ],
                [
                    -0.5062170894383395,
                    -5.054106645623589e-07,
                    0.862406086690209,
                    0.15604537694894316
                ],
                [
                    0.0,
                    0.0,
                    0.0,
                    1.0
                ]
            ],
            "size": [
                0.15068,
                0.17726,
                0.74884
            ]
        },
        "distance": 0.2840123531929649
    }
]