[
    {
        "case": 0,
        "collider1": {
            "type": "Box",
            "collider2origin": [
                [
                    0.9077781725128689,
                    0.4194505805326724,
                    0.0,
                    0.4158817547107895
                ],
                [
                    -0.4194505805326724,
                    0.9077781725128689,
                    0.0,
                    0.733173894971941
                ],
                [
                    0.0,
                    0.0,
                    1.0,
                    -0.6599999999999999
                ],
                [
                    0.0,
                    0.0,
                    0.0,
                    1.0
                ]
            ],
            "size": [
                0.6,
                1.0,
                0.8
            ]
        },
        "collider2": {
            "type": "Box",
            "collider2origin": [
                [
                    0.48891323849689194,
                    0.8278504536217265,
                    0.2750044938919775,
                    0.7594765366555634
                ],
                [
                    0.7215339987790811,
                    -0.5609488625454553,
                    0.4058633541166643,
                    1.3921708483029895
                ],
                [
                    0.4902576198575093,
                    -6.874688293274045e-06,
                    -0.871577573211007,
                    -0.3889482778771761
                ],
                [
                    0.0,
                    0.0,
                    0.0,
                    1.0
                ]
            ],
            "size": [
                0.1202,
                0.13634,
                0.67816
            ]
        },
        "distance": 0.08016116390933231
    },
    {
        "case": 1,
        "collider1": {
            "type": "Box",
            "collider2origin": [
                [
                    0.907778172512869,
                    0.4194505805326725,
                    0.0,
                    0.9947946797881562
                ],
                [
                    -0.4194505805326725,
                    0.907778172512869,
                    0.0,
                    0.5317739604993647
                ],
                [
                    0.0,
                    0.0,
                    1.0,
                    -0.69
                ],
                [
                    0.0,
                    0.0,
                    0.0,
                    1.0
                ]
            ],
            "size": [
                0.6,
                1.2,
                0.75
            ]
        },
        "collider2": {
            "type": "Box",
            "collider2origin": [
                [
                    0.48891323849689194,
                    0.8278504536217265,
                    0.2750044938919775,
                    0.7594765366555634
                ],
                [
                    0.7215339987790811,
                    -0.5609488625454553,
                    0.4058633541166643,
                    1.3921708483029895
                ],
                [
                    0.4902576198575093,
                    -6.874688293274045e-06,
                    -0.871577573211007,
                    -0.3889482778771761
                ],
                [
                    0.0,
                    0.0,
                    0.0,
                    1.0
                ]
            ],
            "size": [
                0.1202,
                0.13634,
                0.67816
            ]
        },
        "distance": 0.21605304136422807
    }
]