[
    {
        "case": 0,
        "collider1": {
            "type": "Box",
            "collider2origin": [
                [
                    0.9077781725128689,
                    0.4194505805326724,
                    0.0,
                    0.4158817547107895
                ],
                [
                    -0.4194505805326724,
                    0.9077781725128689,
                    0.0,
                    0.733173894971941
                ],
                [
                    0.0,
                    0.0,
                    1.0,
                    -0.6599999999999999
                ],
                [
                    0.0,
                    0.0,
                    0.0,
                    1.0
                ]
            ],
            "size": [
                0.6,
                1.0,
                0.8
            ]
        },
        "collider2": {
            "type": "Box",
            "collider2origin": [
                [
                    0.7477651281147185,
                    0.568979626869716,
                    0.34221264936114976,
                    0.7921177167202467
                ],
                [
                    0.5173701803270936,
                    -0.8223516183227301,
                    0.23678241562729574,
                    1.0818788129343273
                ],
                [
                    0.41614349650557925,
                    -7.013246666787175e-06,
                    -0.9092989553864697,
                    0.058761999458734504
                ],
                [
                    0.0,
                    0.0,
                    0.0,
                    1.0
                ]
            ],
            "size": [
                0.1202,
                0.13634,
                0.67816
            ]
        },
        "distance": 0.007881670968335804
    },
    {
        "case": 1,
        "collider1": {
            "type": "Box",
            "collider2origin": [
                [
                    0.907778172512869,
                    0.4194505805326725,
                    0.0,
                    0.9947946797881562
                ],
                [
                    -0.4194505805326725,
                    0.907778172512869,
                    0.0,
                    0.5317739604993647
                ],
                [
                    0.0,
                    0.0,
                    1.0,
                    -0.69
                ],
                [
                    0.0,
                    0.0,
                    0.0,
                    1.0
                ]
            ],
            "size": [
                0.6,
                1.2,
                0.75
            ]
        },
        "collider2": {
            "type": "Box",
            "collider2origin": [
                [
                    -0.6227286721563415,
                    -0.24641974339867795,
                    0.7426212432577791,
                    1.0404861837660726
                ],
                [
                    0.2937921953491309,
                    0.8060246605470579,
                    0.513819416275736,
                    1.1151270785904575
                ],
                [
                    -0.7251862842238108,
                    0.5381464081951394,
                    -0.429538469197268,
                    -0.2535987065787084
                ],
                [
                    0.0,
                    0.0,
                    0.0,
                    1.0
                ]
            ],
            "size": [
                0.09126,
                0.11887,
                0.10009
            ]
        },
        "distance": 0.0
    },
    {
        "case": 2,
        "collider1": {
            "type": "Box",
            "collider2origin": [
                [
                    0.9077781725128689,
                    0.4194505805326724,
                    0.0,
                    0.4158817547107895
                ],
                [
                    -0.4194505805326724,
                    0.9077781725128689,
                    0.0,
                    0.733173894971941
                ],
                [
                    0.0,
                    0.0,
                    1.0,
                    -0.6599999999999999
                ],
                [
                    0.0,
                    0.0,
                    0.0,
                    1.0
                ]
            ],
            "size": [
                0.6,
                1.0,
                0.8
            ]
        },
        "collider2": {
            "type": "Box",
            "collider2origin": [
                [
                    0.35323391623158945,
                    0.5689810976526065,
                    0.7426212432577791,
                    0.9575085368023855
                ],
                [
                    0.24439537019264468,
                    -0.8223506007090056,
                    0.513819416275736,
                    1.060409648040146
                ],
                [
                    0.9030485609600929,
                    -5.2509880005210785e-06,
                    -0.4295384691972681,
                    -0.2079354069904591
                ],
                [
                    0.0,
                    0.0,
                    0.0,
                    1.0
                ]
            ],
            "size": [
                0.09102,
                0.10007,
                0.11882
            ]
        },
        "distance": 0.02234835359227024
    }
]