[
    {
        "case": 0,
        "collider1": {
            "type": "Box",
            "collider2origin": [
                [
                    0.9077781725128689,
                    0.4194505805326724,
                    0.0,
                    0.4158817547107895
                ],
                [
                    -0.4194505805326724,
                    0.9077781725128689,
                    0.0,
                    0.733173894971941
                ],
                [
                    0.0,
                    0.0,
                    1.0,
                    -0.6599999999999999
                ],
                [
                    0.0,
                    0.0,
                    0.0,
                    1.0
                ]
            ],
            "size": [
                0.6,
                1.0,
                0.8
            ]
        },
        "collider2": {
            "type": "Box",
            "collider2origin": [
                [
                    -0.17080659161598327,
                    0.9770895740133027,
                    -0.12696878598708178,
                    0.20486653303403882
                ],
                [
                    0.78418680296524,
                    0.21282848566548165,
                    0.5828851462719682,
                    1.463225437878171
                ],
                [
                    0.5965535737179745,
                    -6.6212212886184e-06,
                    -0.8025732574914718,
                    -0.6791681920590423
                ],
                [
                    0.0,
                    0.0,
                    0.0,
                    1.0
                ]
            ],
            "size": [
                0.1202,
                0.13634,
                0.67816
            ]
        },
        "distance": 0.0
    },
    {
        "case": 1,
        "collider1": {
            "type": "Box",
            "collider2origin": [
                [
                    0.9077781725128689,
                    0.4194505805326724,
                    0.0,
                    0.4158817547107895
                ],
                [
                    -0.4194505805326724,
                    0.9077781725128689,
                    0.0,
                    0.733173894971941
                ],
                [
                    0.0,
                    0.0,
                    1.0,
                    -0.6599999999999999
                ],
                [
                    0.0,
                    0.0,
                    0.0,
                    1.0
                ]
            ],
            "size": [
                0.6,
                1.0,
                0.8
            ]
        },
        "collider2": {
            "type": "Box",
            "collider2origin": [
                [
                    -0.1221966610857871,
                    0.977089400326876,
                    -0.1742534929014373,
                    0.41828363695138404
                ],
                [
                    0.5610214661552859,
                    0.2128292830778494,
                    0.7999741313177207,
                    1.0770597011716192
                ],
                [
                    0.8187324902142693,
                    -5.782268215552781e-06,
                    -0.5741751557095679,
                    -0.27501693392190507
                ],
                [
                    0.0,
                    0.0,
                    0.0,
                    1.0
                ]
            ],
            "size": [
                0.15068,
                0.17726,
                0.74884
            ]
        },
        "distance": 0.0
    },
    {
        "case": 2,
        "collider1": {
            "type": "Box",
            "collider2origin": [
                [
                    0.9077781725128689,
                    0.4194505805326724,
                    0.0,
                    0.27063700059322826
                ],
                [
                    -0.4194505805326724,
                    0.9077781725128689,
                    0.0,
                    0.8002854543438492
                ],
                [
                    0.0,
                    0.0,
                    1.0,
                    -0.25
                ],
                [
                    0.0,
                    0.0,
                    0.0,
                    1.0
                ]
            ],
            "size": [
                0.2,
                0.2,
                0.02
            ]
        },
        "collider2": {
            "type": "Box",
            "collider2origin": [
                [
                    -0.1221966610857871,
                    0.977089400326876,
                    -0.1742534929014373,
                    0.41828363695138404
                ],
                [
                    0.5610214661552859,
                    0.2128292830778494,
                    0.7999741313177207,
                    1.0770597011716192
                ],
                [
                    0.8187324902142693,
                    -5.782268215552781e-06,
                    -0.5741751557095679,
                    -0.27501693392190507
                ],
                [
                    0.0,
                    0.0,
                    0.0,
                    1.0
                ]
            ],
            "size": [
                0.15068,
                0.17726,
                0.74884
            ]
        },
        "distance": 0.010056739549899057
    },
    {
        "case": 3,
        "collider1": {
            "type": "Box",
            "collider2origin": [
                [
                    0.907778172512869,
                    0.4194505805326725,
                    0.0,
                    0.9947946797881562
                ],
                [
                    -0.4194505805326725,
                    0.907778172512869,
                    0.0,
                    0.5317739604993647
                ],
                [
                    0.0,
                    0.0,
                    1.0,
                    -0.69
                ],
                [
                    0.0,
                    0.0,
                    0.0,
                    1.0
                ]
            ],
            "size": [
                0.6,
                1.2,
                0.75
            ]
        },
        "collider2": {
            "type": "Box",
            "collider2origin": [
                [
                    -0.1221966610857871,
                    0.977089400326876,
                    -0.1742534929014373,
                    0.41828363695138404
                ],
                [
                    0.5610214661552859,
                    0.2128292830778494,
                    0.7999741313177207,
                    1.0770597011716192
                ],
                [
                    0.8187324902142693,
                    -5.782268215552781e-06,
                    -0.5741751557095679,
                    -0.27501693392190507
                ],
                [
                    0.0,
                    0.0,
                    0.0,
                    1.0
                ]
            ],
            "size": [
                0.15068,
                0.17726,
                0.74884
            ]
        },
        "distance": 0.2552305037740723
    },
    {
        "case": 4,
        "collider1": {
            "type": "Box",
            "collider2origin": [
                [
                    0.718022042059392,
                    -0.6960203640101781,
                    0.0,
                    0.13748258467077087
                ],
                [
                    0.6960203640101781,
                    0.718022042059392,
                    0.0,
                    1.5384737068316263
                ],
                [
                    0.0,
                    0.0,
                    1.0,
                    -0.21500000000000008
                ],
                [
                    0.0,
                    0.0,
                    0.0,
                    1.0
                ]
            ],
            "size": [
                0.2,
                0.3,
                0.22
            ]
        },
        "collider2": {
            "type": "Box",
            "collider2origin": [
                [
                    -0.1221966610857871,
                    0.977089400326876,
                    -0.1742534929014373,
                    0.41828363695138404
                ],
                [
                    0.5610214661552859,
                    0.2128292830778494,
                    0.7999741313177207,
                    1.0770597011716192
                ],
                [
                    0.8187324902142693,
                    -5.782268215552781e-06,
                    -0.5741751557095679,
                    -0.27501693392190507
                ],
                [
                    0.0,
                    0.0,
                    0.0,
                    1.0
                ]
            ],
            "size": [
                0.15068,
                0.17726,
                0.74884
            ]
        },
        "distance": 0.10054969603328423
    },
    {
        "case": 5,
        "collider1": {
            "type": "Box",
            "collider2origin": [
                [
                    0.9077781725128689,
                    0.4194505805326724,
                    0.0,
                    0.4158817547107895
                ],
                [
                    -0.4194505805326724,
                    0.9077781725128689,
                    0.0,
                    0.733173894971941
                ],
                [
                    0.0,
                    0.0,
                    1.0,
                    -0.6599999999999999
                ],
                [
                    0.0,
                    0.0,
                    0.0,
                    1.0
                ]
            ],
            "size": [
                0.6,
                1.0,
                0.8
            ]
        },
        "collider2": {
            "type": "Box",
            "collider2origin": [
                [
                    -0.1221966610857871,
                    0.977089400326876,
                    -0.1742534929014373,
                    0.41828363695138404
                ],
                [
                    0.5610214661552859,
                    0.2128292830778494,
                    0.7999741313177207,
                    1.0770597011716192
                ],
                [
                    0.8187324902142693,
                    -5.782268215552781e-06,
                    -0.5741751557095679,
                    -0.27501693392190507
                ],
                [
                    0.0,
                    0.0,
                    0.0,
                    1.0
                ]
            ],
            "size": [
                0.15068,
                0.17726,
                0.74884
            ]
        },
        "distance": 0.0
    },
    {
        "case": 6,
        "collider1": {
            "type": "Box",
            "collider2origin": [
                [
                    0.9077781725128689,
                    0.4194505805326724,
                    0.0,
                    0.27063700059322826
                ],
                [
                    -0.4194505805326724,
                    0.9077781725128689,
                    0.0,
                    0.8002854543438492
                ],
                [
                    0.0,
                    0.0,
                    1.0,
                    -0.25
                ],
                [
                    0.0,
                    0.0,
                    0.0,
                    1.0
                ]
            ],
            "size": [
                0.2,
                0.2,
                0.02
            ]
        },
        "collider2": {
            "type": "Box",
            "collider2origin": [
                [
                    -0.1221966610857871,
                    0.977089400326876,
                    -0.1742534929014373,
                    0.41828363695138404
                ],
                [
                    0.5610214661552859,
                    0.2128292830778494,
                    0.7999741313177207,
                    1.0770597011716192
                ],
                [
                    0.8187324902142693,
                    -5.782268215552781e-06,
                    -0.5741751557095679,
                    -0.27501693392190507
                ],
                [
                    0.0,
                    0.0,
                    0.0,
                    1.0
                ]
            ],
            "size": [
                0.15068,
                0.17726,
                0.74884
            ]
        },
        "distance": 0.010056739549899057
    },
    {
        "case": 7,
        "collider1": {
            "type": "Box",
            "collider2origin": [
                [
                    0.907778172512869,
                    0.4194505805326725,
                    0.0,
                    0.9947946797881562
                ],
                [
                    -0.4194505805326725,
                    0.907778172512869,
                    0.0,
                    0.5317739604993647
                ],
                [
                    0.0,
                    0.0,
                    1.0,
                    -0.69
                ],
                [
                    0.0,
                    0.0,
                    0.0,
                    1.0
                ]
            ],
            "size": [
                0.6,
                1.2,
                0.75
            ]
        },
        "collider2": {
            "type": "Box",
            "collider2origin": [
                [
                    -0.1221966610857871,
                    0.977089400326876,
                    -0.1742534929014373,
                    0.41828363695138404
                ],
                [
                    0.5610214661552859,
                    0.2128292830778494,
                    0.7999741313177207,
                    1.0770597011716192
                ],
                [
                    0.8187324902142693,
                    -5.782268215552781e-06,
                    -0.5741751557095679,
                    -0.27501693392190507
                ],
                [
                    0.0,
                    0.0,
                    0.0,
                    1.0
                ]
            ],
            "size": [
                0.15068,
                0.17726,
                0.74884
            ]
        },
        "distance": 0.2552305037740723
    },
    {
        "case": 8,
        "collider1": {
            "type": "Box",
            "collider2origin": [
                [
                    0.718022042059392,
                    -0.6960203640101781,
                    0.0,
                    0.13748258467077087
                ],
                [
                    0.6960203640101781,
                    0.718022042059392,
                    0.0,
                    1.5384737068316263
                ],
                [
                    0.0,
                    0.0,
                    1.0,
                    -0.21500000000000008
                ],
                [
                    0.0,
                    0.0,
                    0.0,
                    1.0
                ]
            ],
            "size": [
                0.2,
                0.3,
                0.22
            ]
        },
        "collider2": {
            "type": "Box",
            "collider2origin": [
                [
                    -0.1221966610857871,
                    0.977089400326876,
                    -0.1742534929014373,
                    0.41828363695138404
                ],
                [
                    0.5610214661552859,
                    0.2128292830778494,
                    0.7999741313177207,
                    1.0770597011716192
                ],
                [
                    0.8187324902142693,
                    -5.782268215552781e-06,
                    -0.5741751557095679,
                    -0.27501693392190507
                ],
                [
                    0.0,
                    0.0,
                    0.0,
                    1.0
                ]
            ],
            "size": [
                0.15068,
                0.17726,
                0.74884
            ]
        },
        "distance": 0.10054969603328423
    }
]