[
    {
        "case": 0,
        "collider1": {
            "type": "Box",
            "collider2origin": [
                [
                    0.9077781725128689,
                    0.4194505805326724,
                    0.0,
                    0.4158817547107895
                ],
                [
                    -0.4194505805326724,
                    0.9077781725128689,
                    0.0,
                    0.733173894971941
                ],
                [
                    0.0,
                    0.0,
                    1.0,
                    -0.6599999999999999
                ],
                [
                    0.0,
                    0.0,
                    0.0,
                    1.0
                ]
            ],
            "size": [
                0.6,
                1.0,
                0.8
            ]
        },
        "collider2": {
            "type": "Box",
            "collider2origin": [
                [
                    0.3503022629832884,
                    0.7649963036743264,
                    0.5404340662036443,
                    0.3183927089531118
                ],
                [
                    0.9347065511538777,
                    -0.2484959716381767,
                    -0.2541129971284862,
                    0.9728043397617072
                ],
                [
                    -0.06009981513125132,
                    0.5941636200948494,
                    -0.8020957578599782,
                    -0.1863799600474918
                ],
                [
                    0.0,
                    0.0,
                    0.0,
                    1.0
                ]
            ],
            "size": [
                0.09126,
                0.11887,
                0.10009
            ]
        },
        "distance": 0.0
    },
    {
        "case": 1,
        "collider1": {
            "type": "Box",
            "collider2origin": [
                [
                    0.9077781725128689,
                    0.4194505805326724,
                    0.0,
                    0.27063700059322826
                ],
                [
                    -0.4194505805326724,
                    0.9077781725128689,
                    0.0,
                    0.8002854543438492
                ],
                [
                    0.0,
                    0.0,
                    1.0,
                    -0.25
                ],
                [
                    0.0,
                    0.0,
                    0.0,
                    1.0
                ]
            ],
            "size": [
                0.2,
                0.2,
                0.02
            ]
        },
        "collider2": {
            "type": "Box",
            "collider2origin": [
                [
                    0.3503022629832884,
                    0.7649963036743264,
                    0.5404340662036443,
                    0.3183927089531118
                ],
                [
                    0.9347065511538777,
                    -0.2484959716381767,
                    -0.2541129971284862,
                    0.9728043397617072
                ],
                [
                    -0.06009981513125132,
                    0.5941636200948494,
                    -0.8020957578599782,
                    -0.1863799600474918
                ],
                [
                    0.0,
                    0.0,
                    0.0,
                    1.0
                ]
            ],
            "size": [
                0.09126,
                0.11887,
                0.10009
            ]
        },
        "distance": 0.025354165596240392
    }
]