[
    {
        "case": 0,
        "collider1": {
            "type": "Box",
            "collider2origin": [
                [
                    0.9077781725128689,
                    0.4194505805326724,
                    0.0,
                    0.4158817547107895
                ],
                [
                    -0.4194505805326724,
                    0.9077781725128689,
                    0.0,
                    0.733173894971941
                ],
                [
                    0.0,
                    0.0,
                    1.0,
                    -0.6599999999999999
                ],
                [
                    0.0,
                    0.0,
                    0.0,
                    1.0
                ]
            ],
            "size": [
                0.6,
                1.0,
                0.8
            ]
        },
        "collider2": {
            "type": "Box",
            "collider2origin": [
                [
                    -0.7340031795005582,
                    -0.6081031107034007,
                    0.3024069100333506,
                    0.2846464116079596
                ],
                [
                    -0.5622570792896191,
                    0.793858051985914,
                    0.23163844690775487,
                    1.0081009017852012
                ],
                [
                    -0.3809282206292655,
                    -7.069467487034324e-06,
                    -0.9246046131608061,
                    -0.38001661417894506
                ],
                [
                    0.0,
                    0.0,
                    0.0,
                    1.0
                ]
            ],
            "size": [
                0.15068,
                0.17726,
                0.74884
            ]
        },
        "distance": 0.0
    },
    {
        "case": 1,
        "collider1": {
            "type": "Box",
            "collider2origin": [
                [
                    0.9077781725128689,
                    0.4194505805326724,
                    0.0,
                    0.27063700059322826
                ],
                [
                    -0.4194505805326724,
                    0.9077781725128689,
                    0.0,
                    0.8002854543438492
                ],
                [
                    0.0,
                    0.0,
                    1.0,
                    -0.25
                ],
                [
                    0.0,
                    0.0,
                    0.0,
                    1.0
                ]
            ],
            "size": [
                0.2,
                0.2,
                0.02
            ]
        },
        "collider2": {
            "type": "Box",
            "collider2origin": [
                [
                    -0.7340031795005582,
                    -0.6081031107034007,
                    0.3024069100333506,
                    0.2846464116079596
                ],
                [
                    -0.5622570792896191,
                    0.793858051985914,
                    0.23163844690775487,
                    1.0081009017852012
                ],
                [
                    -0.3809282206292655,
                    -7.069467487034324e-06,
                    -0.9246046131608061,
                    -0.38001661417894506
                ],
                [
                    0.0,
                    0.0,
                    0.0,
                    1.0
                ]
            ],
            "size": [
                0.15068,
                0.17726,
                0.74884
            ]
        },
        "distance": 0.0
    },
    {
        "case": 2,
        "collider1": {
            "type": "Box",
            "collider2origin": [
                [
                    0.907778172512869,
                    0.4194505805326725,
                    0.0,
                    0.9947946797881562
                ],
                [
                    -0.4194505805326725,
                    0.907778172512869,
                    0.0,
                    0.5317739604993647
                ],
                [
                    0.0,
                    0.0,
                    1.0,
                    -0.69
                ],
                [
                    0.0,
                    0.0,
                    0.0,
                    1.0
                ]
            ],
            "size": [
                0.6,
                1.2,
                0.75
            ]
        },
        "collider2": {
            "type": "Box",
            "collider2origin": [
                [
                    -0.7340031795005582,
                    -0.6081031107034007,
                    0.3024069100333506,
                    0.2846464116079596
                ],
                [
                    -0.5622570792896191,
                    0.793858051985914,
                    0.23163844690775487,
                    1.0081009017852012
                ],
                [
                    -0.3809282206292655,
                    -7.069467487034324e-06,
                    -0.9246046131608061,
                    -0.38001661417894506
                ],
                [
                    0.0,
                    0.0,
                    0.0,
                    1.0
                ]
            ],
            "size": [
                0.15068,
                0.17726,
                0.74884
            ]
        },
        "distance": 0.367176507425255
    },
    {
        "case": 3,
        "collider1": {
            "type": "Box",
            "collider2origin": [
                [
                    0.9077781725128689,
                    0.4194505805326724,
                    0.0,
                    0.4158817547107895
                ],
                [
                    -0.4194505805326724,
                    0.9077781725128689,
                    0.0,
                    0.733173894971941
                ],
                [
                    0.0,
                    0.0,
                    1.0,
                    -0.6599999999999999
                ],
                [
                    0.0,
                    0.0,
                    0.0,
                    1.0
                ]
            ],
            "size": [
                0.6,
                1.0,
                0.8
            ]
        },
        "collider2": {
            "type": "Box",
            "collider2origin": [
                [
                    -0.7340031795005582,
                    -0.6081031107034007,
                    0.3024069100333506,
                    0.2846464116079596
                ],
                [
                    -0.5622570792896191,
                    0.793858051985914,
                    0.23163844690775487,
                    1.0081009017852012
                ],
                [
                    -0.3809282206292655,
                    -7.069467487034324e-06,
                    -0.9246046131608061,
                    -0.38001661417894506
                ],
                [
                    0.0,
                    0.0,
                    0.0,
                    1.0
                ]
            ],
            "size": [
                0.15068,
                0.17726,
                0.74884
            ]
        },
        "distance": 0.0
    },
    {
        "case": 4,
        "collider1": {
            "type": "Box",
            "collider2origin": [
                [
                    0.9077781725128689,
                    0.4194505805326724,
                    0.0,
                    0.27063700059322826
                ],
                [
                    -0.4194505805326724,
                    0.9077781725128689,
                    0.0,
                    0.8002854543438492
                ],
                [
                    0.0,
                    0.0,
                    1.0,
                    -0.25
                ],
                [
                    0.0,
                    0.0,
                    0.0,
                    1.0
                ]
            ],
            "size": [
                0.2,
                0.2,
                0.02
            ]
        },
        "collider2": {
            "type": "Box",
            "collider2origin": [
                [
                    -0.7340031795005582,
                    -0.6081031107034007,
                    0.3024069100333506,
                    0.2846464116079596
                ],
                [
                    -0.5622570792896191,
                    0.793858051985914,
                    0.23163844690775487,
                    1.0081009017852012
                ],
                [
                    -0.3809282206292655,
                    -7.069467487034324e-06,
                    -0.9246046131608061,
                    -0.38001661417894506
                ],
                [
                    0.0,
                    0.0,
                    0.0,
                    1.0
                ]
            ],
            "size": [
                0.15068,
                0.17726,
                0.74884
            ]
        },
        "distance": 0.0
    },
    {
        "case": 5,
        "collider1": {
            "type": "Box",
            "collider2origin": [
                [
                    0.907778172512869,
                    0.4194505805326725,
                    0.0,
                    0.9947946797881562
                ],
                [
                    -0.4194505805326725,
                    0.907778172512869,
                    0.0,
                    0.5317739604993647
                ],
                [
                    0.0,
                    0.0,
                    1.0,
                    -0.69
                ],
                [
                    0.0,
                    0.0,
                    0.0,
                    1.0
                ]
            ],
            "size": [
                0.6,
                1.2,
                0.75
            ]
        },
        "collider2": {
            "type": "Box",
            "collider2origin": [
                [
                    -0.7340031795005582,
                    -0.6081031107034007,
                    0.3024069100333506,
                    0.2846464116079596
                ],
                [
                    -0.5622570792896191,
                    0.793858051985914,
                    0.23163844690775487,
                    1.0081009017852012
                ],
                [
                    -0.3809282206292655,
                    -7.069467487034324e-06,
                    -0.9246046131608061,
                    -0.38001661417894506
                ],
                [
                    0.0,
                    0.0,
                    0.0,
                    1.0
                ]
            ],
            "size": [
                0.15068,
                0.17726,
                0.74884
            ]
        },
        "distance": 0.367176507425255
    },
    {
        "case": 6,
        "collider1": {
            "type": "Box",
            "collider2origin": [
                [
                    0.9077781725128689,
                    0.4194505805326724,
                    0.0,
                    0.4158817547107895
                ],
                [
                    -0.4194505805326724,
                    0.9077781725128689,
                    0.0,
                    0.733173894971941
                ],
                [
                    0.0,
                    0.0,
                    1.0,
                    -0.6599999999999999
                ],
                [
                    0.0,
                    0.0,
                    0.0,
                    1.0
                ]
            ],
            "size": [
                0.6,
                1.0,
                0.8
            ]
        },
        "collider2": {
            "type": "Box",
            "collider2origin": [
                [
                    0.4625259449483856,
                    -0.886551670490504,
                    -0.009792129497722773,
                    -0.06988554641798767
                ],
                [
                    0.42457719469165284,
                    0.23117638591513243,
                    -0.8753808795849862,
                    0.792285792989685
                ],
                [
                    0.7783340902192125,
                    0.40072885364759414,
                    0.48333469755120595,
                    -0.40232468248584796
                ],
                [
                    0.0,
                    0.0,
                    0.0,
                    1.0
                ]
            ],
            "size": [
                0.08993,
                0.0305,
                0.09007
            ]
        },
        "distance": 0.12500433690794047
    },
    {
        "case": 7,
        "collider1": {
            "type": "Box",
            "collider2origin": [
                [
                    0.9077781725128689,
                    0.4194505805326724,
                    0.0,
                    0.4158817547107895
                ],
                [
                    -0.4194505805326724,
                    0.9077781725128689,
                    0.0,
                    0.733173894971941
                ],
                [
                    0.0,
                    0.0,
                    1.0,
                    -0.6599999999999999
                ],
                [
                    0.0,
                    0.0,
                    0.0,
                    1.0
                ]
            ],
            "size": [
                0.6,
                1.0,
                0.8
            ]
        },
        "collider2": {
            "type": "Box",
            "collider2origin": [
                [
                    0.047093182392739685,
                    -0.8865499440037127,
                    0.4602297567076014,
                    -0.005396728221616076
                ],
                [
                    0.906791290337942,
                    0.2311808963229649,
                    0.3525407053696931,
                    0.7745813351032945
                ],
                [
                    -0.41894127027469424,
                    0.40073007119796294,
                    0.8148028117884111,
                    -0.4357998585330437
                ],
                [
                    0.0,
                    0.0,
                    0.0,
                    1.0
                ]
            ],
            "size": [
                0.09126,
                0.11887,
                0.10009
            ]
        },
        "distance": 0.01728702996385172
    },
    {
        "case": 8,
        "collider1": {
            "type": "Box",
            "collider2origin": [
                [
                    0.9077781725128689,
                    0.4194505805326724,
                    0.0,
                    0.4158817547107895
                ],
                [
                    -0.4194505805326724,
                    0.9077781725128689,
                    0.0,
                    0.733173894971941
                ],
                [
                    0.0,
                    0.0,
                    1.0,
                    -0.6599999999999999
                ],
                [
                    0.0,
                    0.0,
                    0.0,
                    1.0
                ]
            ],
            "size": [
                0.6,
                1.0,
                0.8
            ]
        },
        "collider2": {
            "type": "Box",
            "collider2origin": [
                [
                    0.6468383745938372,
                    -0.6081025309877149,
                    0.4602297567076014,
                    -0.05151911911850737
                ],
                [
                    0.4954833390252056,
                    0.7938584960847067,
                    0.3525407053696931,
                    0.7322273405131958
                ],
                [
                    -0.5797381977248317,
                    -6.802672568688332e-07,
                    0.8148028117884111,
                    -0.5256272136325747
                ],
                [
                    0.0,
                    0.0,
                    0.0,
                    1.0
                ]
            ],
            "size": [
                0.09102,
                0.10007,
                0.11882
            ]
        },
        "distance": 0.04631798847229762
    },
    {
        "case": 9,
        "collider1": {
            "type": "Box",
            "collider2origin": [
                [
                    0.9077781725128689,
                    0.4194505805326724,
                    0.0,
                    0.4158817547107895
                ],
                [
                    -0.4194505805326724,
                    0.9077781725128689,
                    0.0,
                    0.733173894971941
                ],
                [
                    0.0,
                    0.0,
                    1.0,
                    -0.6599999999999999
                ],
                [
                    0.0,
                    0.0,
                    0.0,
                    1.0
                ]
            ],
            "size": [
                0.6,
                1.0,
                0.8
            ]
        },
        "collider2": {
            "type": "Box",
            "collider2origin": [
                [
                    0.19517314017337217,
                    -0.6081070479967903,
                    -0.7694889625793826,
                    0.2399882905791371
                ],
                [
                    0.14950947192418337,
                    0.7938550359914307,
                    -0.5894413453737327,
                    0.8147442141968825
                ],
                [
                    0.9693061245859415,
                    -2.7701221225726937e-06,
                    0.24585694383626686,
                    -0.5996900812079775
                ],
                [
                    0.0,
                    0.0,
                    0.0,
                    1.0
                ]
            ],
            "size": [
                0.1202,
                0.13634,
                0.67816
            ]
        },
        "distance": 0.0
    },
    {
        "case": 10,
        "collider1": {
            "type": "Box",
            "collider2origin": [
                [
                    0.907778172512869,
                    0.4194505805326725,
                    0.0,
                    0.9947946797881562
                ],
                [
                    -0.4194505805326725,
                    0.907778172512869,
                    0.0,
                    0.5317739604993647
                ],
                [
                    0.0,
                    0.0,
                    1.0,
                    -0.69
                ],
                [
                    0.0,
                    0.0,
                    0.0,
                    1.0
                ]
            ],
            "size": [
                0.6,
                1.2,
                0.75
            ]
        },
        "collider2": {
            "type": "Box",
            "collider2origin": [
                [
                    0.19517314017337217,
                    -0.6081070479967903,
                    -0.7694889625793826,
                    0.2399882905791371
                ],
                [
                    0.14950947192418337,
                    0.7938550359914307,
                    -0.5894413453737327,
                    0.8147442141968825
                ],
                [
                    0.9693061245859415,
                    -2.7701221225726937e-06,
                    0.24585694383626686,
                    -0.5996900812079775
                ],
                [
                    0.0,
                    0.0,
                    0.0,
                    1.0
                ]
            ],
            "size": [
                0.1202,
                0.13634,
                0.67816
            ]
        },
        "distance": 0.2836572487555585
    }
]