[
    {
        "case": 0,
        "collider1": {
            "type": "Box",
            "collider2origin": [
                [
                    0.907778172512869,
                    0.4194505805326725,
                    0.0,
                    -1.612083837096907
                ],
                [
                    -0.4194505805326725,
                    0.907778172512869,
                    0.0,
                    -0.24654756573714753
                ],
                [
                    0.0,
                    0.0,
                    1.0,
                    -0.040000000000000036
                ],
                [
                    0.0,
                    0.0,
                    0.0,
                    1.0
                ]
            ],
            "size": [
                2.0,
                2.0,
                2.0
            ]
        },
        "collider2": {
            "type": "Box",
            "collider2origin": [
                [
                    0.36601351453131015,
                    0.7968568409398579,
                    -0.4806800206247275,
                    -0.23651983685355543
                ],
                [
                    0.4827547714777018,
                    -0.6041681678246195,
                    -0.6339784346513329,
                    -0.17239717166124247
                ],
                [
                    -0.795601620030999,
                    -5.898506794399768e-06,
                    -0.6058201566217959,
                    -0.4556477476111036
                ],
                [
                    0.0,
                    0.0,
                    0.0,
                    1.0
                ]
            ],
            "size": [
                0.09102,
                0.10007,
                0.11882
            ]
        },
        "distance": 0.15270011398073016
    },
    {
        "case": 1,
        "collider1": {
            "type": "Box",
            "collider2origin": [
                [
                    0.907778172512869,
                    0.4194505805326725,
                    0.0,
                    -1.612083837096907
                ],
                [
                    -0.4194505805326725,
                    0.907778172512869,
                    0.0,
                    -0.24654756573714753
                ],
                [
                    0.0,
                    0.0,
                    1.0,
                    -0.040000000000000036
                ],
                [
                    0.0,
                    0.0,
                    0.0,
                    1.0
                ]
            ],
            "size": [
                2.0,
                2.0,
                2.0
            ]
        },
        "collider2": {
            "type": "Box",
            "collider2origin": [
                [
                    -0.539443682106152,
                    0.6913372777508592,
                    -0.4806800206247275,
                    -0.28437084974053267
                ],
                [
                    0.7584615759037022,
                    0.15102113188133087,
                    -0.6339784346513329,
                    -0.24366686486900924
                ],
                [
                    -0.36570008437711554,
                    -0.7065729871126641,
                    -0.6058201566217959,
                    -0.5235977993394302
                ],
                [
                    0.0,
                    0.0,
                    0.0,
                    1.0
                ]
            ],
            "size": [
                0.09126,
                0.11887,
                0.10009
            ]
        },
        "distance": 0.12513478132166925
    },
    {
        "case": 2,
        "collider1": {
            "type": "Box",
            "collider2origin": [
                [
                    0.907778172512869,
                    0.4194505805326725,
                    0.0,
                    -1.612083837096907
                ],
                [
                    -0.4194505805326725,
                    0.907778172512869,
                    0.0,
                    -0.24654756573714753
                ],
                [
                    0.0,
                    0.0,
                    1.0,
                    -0.040000000000000036
                ],
                [
                    0.0,
                    0.0,
                    0.0,
                    1.0
                ]
            ],
            "size": [
                2.0,
                2.0,
                2.0
            ]
        },
        "collider2": {
            "type": "Box",
            "collider2origin": [
                [
                    0.6028854577046412,
                    0.6913375806327918,
                    -0.39822289549078305,
                    -0.23490448519346513
                ],
                [
                    0.41839748789709463,
                    0.1510267504086274,
                    0.8956195971406671,
                    -0.23395052915670478
                ],
                [
                    0.6793177952988316,
                    -0.7065714898478481,
                    -0.1982020754798654,
                    -0.5788145794664162
                ],
                [
                    0.0,
                    0.0,
                    0.0,
                    1.0
                ]
            ],
            "size": [
                0.08993,
                0.0305,
                0.09007
            ]
        },
        "distance": 0.18636918785781248
    },
    {
        "case": 3,
        "collider1": {
            "type": "Box",
            "collider2origin": [
                [
                    0.9077781725128689,
                    0.4194505805326724,
                    0.0,
                    0.4158817547107895
                ],
                [
                    -0.4194505805326724,
                    0.9077781725128689,
                    0.0,
                    0.733173894971941
                ],
                [
                    0.0,
                    0.0,
                    1.0,
                    -0.6599999999999999
                ],
                [
                    0.0,
                    0.0,
                    0.0,
                    1.0
                ]
            ],
            "size": [
                0.6,
                1.0,
                0.8
            ]
        },
        "collider2": {
            "type": "Box",
            "collider2origin": [
                [
                    0.31742442876754556,
                    0.7968567183161326,
                    -0.5140633253754261,
                    -0.17422178766516883
                ],
                [
                    0.4186690094134162,
                    -0.6041683295597752,
                    -0.6780095059169449,
                    0.09475161012837496
                ],
                [
                    -0.8508572104521335,
                    -5.603096044302572e-06,
                    -0.5253969997917946,
                    -0.30080827280156497
                ],
                [
                    0.0,
                    0.0,
                    0.0,
                    1.0
                ]
            ],
            "size": [
                0.1202,
                0.13634,
                0.67816
            ]
        },
        "distance": 0.07276503628718918
    },
    {
        "case": 4,
        "collider1": {
            "type": "Box",
            "collider2origin": [
                [
                    0.907778172512869,
                    0.4194505805326725,
                    0.0,
                    -1.612083837096907
                ],
                [
                    -0.4194505805326725,
                    0.907778172512869,
                    0.0,
                    -0.24654756573714753
                ],
                [
                    0.0,
                    0.0,
                    1.0,
                    -0.040000000000000036
                ],
                [
                    0.0,
                    0.0,
                    0.0,
                    1.0
                ]
            ],
            "size": [
                2.0,
                2.0,
                2.0
            ]
        },
        "collider2": {
            "type": "Box",
            "collider2origin": [
                [
                    0.31742442876754556,
                    0.7968567183161326,
                    -0.5140633253754261,
                    -0.17422178766516883
                ],
                [
                    0.4186690094134162,
                    -0.6041683295597752,
                    -0.6780095059169449,
                    0.09475161012837496
                ],
                [
                    -0.8508572104521335,
                    -5.603096044302572e-06,
                    -0.5253969997917946,
                    -0.30080827280156497
                ],
                [
                    0.0,
                    0.0,
                    0.0,
                    1.0
                ]
            ],
            "size": [
                0.1202,
                0.13634,
                0.67816
            ]
        },
        "distance": 0.026948288871936756
    },
    {
        "case": 5,
        "collider1": {
            "type": "Box",
            "collider2origin": [
                [
                    1.0,
                    0.0,
                    0.0,
                    0.35
                ],
                [
                    0.0,
                    1.0,
                    0.0,
                    -0.34649
                ],
                [
                    0.0,
                    0.0,
                    1.0,
                    -0.54511
                ],
                [
                    0.0,
                    0.0,
                    0.0,
                    1.0
                ]
            ],
            "size": [
                0.7,
                0.7,
                1.1
            ]
        },
        "collider2": {
            "type": "Box",
            "collider2origin": [
                [
                    0.31742442876754556,
                    0.7968567183161326,
                    -0.5140633253754261,
                    -0.17422178766516883
                ],
                [
                    0.4186690094134162,
                    -0.6041683295597752,
                    -0.6780095059169449,
                    0.09475161012837496
                ],
                [
                    -0.8508572104521335,
                    -5.603096044302572e-06,
                    -0.5253969997917946,
                    -0.30080827280156497
                ],
                [
                    0.0,
                    0.0,
                    0.0,
                    1.0
                ]
            ],
            "size": [
                0.1202,
                0.13634,
                0.67816
            ]
        },
        "distance": 0.12578458475804935
    }
]