[
    {
        "case": 0,
        "collider1": {
            "type": "Box",
            "collider2origin": [
                [
                    0.9077781725128689,
                    0.4194505805326724,
                    0.0,
                    0.4158817547107895
                ],
                [
                    -0.4194505805326724,
                    0.9077781725128689,
                    0.0,
                    0.733173894971941
                ],
                [
                    0.0,
                    0.0,
                    1.0,
                    -0.6599999999999999
                ],
                [
                    0.0,
                    0.0,
                    0.0,
                    1.0
                ]
            ],
            "size": [
                0.6,
                1.0,
                0.8
            ]
        },
        "collider2": {
            "type": "Box",
            "collider2origin": [
                [
                    -0.41735297932337784,
                    -0.6502543948379305,
                    0.6348115567976504,
                    -0.013043694879347423
                ],
                [
                    0.3572177402307384,
                    -0.7597165405539203,
                    -0.5433472775980642,
                    1.0044959383198875
                ],
                [
                    0.8355907950153257,
                    -1.6553211848415866e-06,
                    0.5493523671405404,
                    -0.04018103451734767
                ],
                [
                    0.0,
                    0.0,
                    0.0,
                    1.0
                ]
            ],
            "size": [
                0.1202,
                0.13634,
                0.67816
            ]
        },
        "distance": 0.22628074057615702
    },
    {
        "case": 1,
        "collider1": {
            "type": "Box",
            "collider2origin": [
                [
                    0.9077781725128689,
                    0.4194505805326724,
                    0.0,
                    0.27063700059322826
                ],
                [
                    -0.4194505805326724,
                    0.9077781725128689,
                    0.0,
                    0.8002854543438492
                ],
                [
                    0.0,
                    0.0,
                    1.0,
                    -0.25
                ],
                [
                    0.0,
                    0.0,
                    0.0,
                    1.0
                ]
            ],
            "size": [
                0.2,
                0.2,
                0.02
            ]
        },
        "collider2": {
            "type": "Box",
            "collider2origin": [
                [
                    -0.41735297932337784,
                    -0.6502543948379305,
                    0.6348115567976504,
                    -0.013043694879347423
                ],
                [
                    0.3572177402307384,
                    -0.7597165405539203,
                    -0.5433472775980642,
                    1.0044959383198875
                ],
                [
                    0.8355907950153257,
                    -1.6553211848415866e-06,
                    0.5493523671405404,
                    -0.04018103451734767
                ],
                [
                    0.0,
                    0.0,
                    0.0,
                    1.0
                ]
            ],
            "size": [
                0.1202,
                0.13634,
                0.67816
            ]
        },
        "distance": 0.2323926211601191
    },
    {
        "case": 2,
        "collider1": {
            "type": "Box",
            "collider2origin": [
                [
                    0.907778172512869,
                    0.4194505805326725,
                    0.0,
                    -1.612083837096907
                ],
                [
                    -0.4194505805326725,
                    0.907778172512869,
                    0.0,
                    -0.24654756573714753
                ],
                [
                    0.0,
                    0.0,
                    1.0,
                    -0.040000000000000036
                ],
                [
                    0.0,
                    0.0,
                    0.0,
                    1.0
                ]
            ],
            "size": [
                2.0,
                2.0,
                2.0
            ]
        },
        "collider2": {
            "type": "Box",
            "collider2origin": [
                [
                    -0.41735297932337784,
                    -0.6502543948379305,
                    0.6348115567976504,
                    -0.013043694879347423
                ],
                [
                    0.3572177402307384,
                    -0.7597165405539203,
                    -0.5433472775980642,
                    1.0044959383198875
                ],
                [
                    0.8355907950153257,
                    -1.6553211848415866e-06,
                    0.5493523671405404,
                    -0.04018103451734767
                ],
                [
                    0.0,
                    0.0,
                    0.0,
                    1.0
                ]
            ],
            "size": [
                0.1202,
                0.13634,
                0.67816
            ]
        },
        "distance": 0.6880241516078391
    },
    {
        "case": 3,
        "collider1": {
            "type": "Box",
            "collider2origin": [
                [
                    0.8404842512412337,
                    -0.5418359746412772,
                    0.0,
                    0.011439976095501792
                ],
                [
                    0.5418359746412771,
                    0.8404842512412338,
                    0.0,
                    1.4325762997644957
                ],
                [
                    0.0,
                    0.0,
                    1.0,
                    -0.21500000000000008
                ],
                [
                    0.0,
                    0.0,
                    0.0,
                    1.0
                ]
            ],
            "size": [
                0.2,
                0.3,
                0.22
            ]
        },
        "collider2": {
            "type": "Box",
            "collider2origin": [
                [
                    -0.41735297932337784,
                    -0.6502543948379305,
                    0.6348115567976504,
                    -0.013043694879347423
                ],
                [
                    0.3572177402307384,
                    -0.7597165405539203,
                    -0.5433472775980642,
                    1.0044959383198875
                ],
                [
                    0.8355907950153257,
                    -1.6553211848415866e-06,
                    0.5493523671405404,
                    -0.04018103451734767
                ],
                [
                    0.0,
                    0.0,
                    0.0,
                    1.0
                ]
            ],
            "size": [
                0.1202,
                0.13634,
                0.67816
            ]
        },
        "distance": 0.1342232518163664
    },
    {
        "case": 4,
        "collider1": {
            "type": "Box",
            "collider2origin": [
                [
                    0.9081427509232697,
                    -0.4186606548811531,
                    0.0,
                    -0.09474126814702305
                ],
                [
                    0.41866065488115317,
                    0.9081427509232698,
                    0.0,
                    1.368923948110301
                ],
                [
                    0.0,
                    0.0,
                    1.0,
                    -0.21500000000000008
                ],
                [
                    0.0,
                    0.0,
                    0.0,
                    1.0
                ]
            ],
            "size": [
                0.2,
                0.3,
                0.22
            ]
        },
        "collider2": {
            "type": "Box",
            "collider2origin": [
                [
                    -0.41735297932337784,
                    -0.6502543948379305,
                    0.6348115567976504,
                    -0.013043694879347423
                ],
                [
                    0.3572177402307384,
                    -0.7597165405539203,
                    -0.5433472775980642,
                    1.0044959383198875
                ],
                [
                    0.8355907950153257,
                    -1.6553211848415866e-06,
                    0.5493523671405404,
                    -0.04018103451734767
                ],
                [
                    0.0,
                    0.0,
                    0.0,
                    1.0
                ]
            ],
            "size": [
                0.1202,
                0.13634,
                0.67816
            ]
        },
        "distance": 0.002054444507395538
    },
    {
        "case": 5,
        "collider1": {
            "type": "Box",
            "collider2origin": [
                [
                    0.9798474486812189,
                    -0.1997472836183421,
                    0.0,
                    -0.20628161272202655
                ],
                [
                    0.19974728361834207,
                    0.9798474486812188,
                    0.0,
                    1.335871448475788
                ],
                [
                    0.0,
                    0.0,
                    1.0,
                    -0.21500000000000008
                ],
                [
                    0.0,
                    0.0,
                    0.0,
                    1.0
                ]
            ],
            "size": [
                0.2,
                0.3,
                0.22
            ]
        },
        "collider2": {
            "type": "Box",
            "collider2origin": [
                [
                    -0.41735297932337784,
                    -0.6502543948379305,
                    0.6348115567976504,
                    -0.013043694879347423
                ],
                [
                    0.3572177402307384,
                    -0.7597165405539203,
                    -0.5433472775980642,
                    1.0044959383198875
                ],
                [
                    0.8355907950153257,
                    -1.6553211848415866e-06,
                    0.5493523671405404,
                    -0.04018103451734767
                ],
                [
                    0.0,
                    0.0,
                    0.0,
                    1.0
                ]
            ],
            "size": [
                0.1202,
                0.13634,
                0.67816
            ]
        },
        "distance": 0.0
    },
    {
        "case": 6,
        "collider1": {
            "type": "Box",
            "collider2origin": [
                [
                    0.9984065575563776,
                    -0.05643000822632935,
                    0.0,
                    -0.3111399560290343
                ],
                [
                    0.05643000822632935,
                    0.9984065575563776,
                    0.0,
                    1.3240986306775833
                ],
                [
                    0.0,
                    0.0,
                    1.0,
                    -0.21500000000000008
                ],
                [
                    0.0,
                    0.0,
                    0.0,
                    1.0
                ]
            ],
            "size": [
                0.2,
                0.3,
                0.22
            ]
        },
        "collider2": {
            "type": "Box",
            "collider2origin": [
                [
                    -0.41735297932337784,
                    -0.6502543948379305,
                    0.6348115567976504,
                    -0.013043694879347423
                ],
                [
                    0.3572177402307384,
                    -0.7597165405539203,
                    -0.5433472775980642,
                    1.0044959383198875
                ],
                [
                    0.8355907950153257,
                    -1.6553211848415866e-06,
                    0.5493523671405404,
                    -0.04018103451734767
                ],
                [
                    0.0,
                    0.0,
                    0.0,
                    1.0
                ]
            ],
            "size": [
                0.1202,
                0.13634,
                0.67816
            ]
        },
        "distance": 0.0
    },
    {
        "case": 7,
        "collider1": {
            "type": "Box",
            "collider2origin": [
                [
                    0.907778172512869,
                    0.4194505805326725,
                    0.0,
                    -0.7418785952877999
                ],
                [
                    -0.4194505805326725,
                    0.907778172512869,
                    0.0,
                    1.2791466490804724
                ],
                [
                    0.0,
                    0.0,
                    1.0,
                    0.27
                ],
                [
                    0.0,
                    0.0,
                    0.0,
                    1.0
                ]
            ],
            "size": [
                0.52,
                1.16,
                0.6
            ]
        },
        "collider2": {
            "type": "Box",
            "collider2origin": [
                [
                    -0.41735297932337784,
                    -0.6502543948379305,
                    0.6348115567976504,
                    -0.013043694879347423
                ],
                [
                    0.3572177402307384,
                    -0.7597165405539203,
                    -0.5433472775980642,
                    1.0044959383198875
                ],
                [
                    0.8355907950153257,
                    -1.6553211848415866e-06,
                    0.5493523671405404,
                    -0.04018103451734767
                ],
                [
                    0.0,
                    0.0,
                    0.0,
                    1.0
                ]
            ],
            "size": [
                0.1202,
                0.13634,
                0.67816
            ]
        },
        "distance": 0.24282418953791163
    },
    {
        "case": 8,
        "collider1": {
            "type": "Cylinder",
            "collider2origin": [
                [
                    0.907778172512869,
                    0.4194505805326725,
                    0.0,
                    -0.07232761537572224
                ],
                [
                    -0.4194505805326725,
                    0.907778172512869,
                    0.0,
                    1.2000044650142188
                ],
                [
                    0.0,
                    0.0,
                    1.0,
                    -0.5800000000000001
                ],
                [
                    0.0,
                    0.0,
                    0.0,
                    1.0
                ]
            ],
            "radius": 0.04,
            "height": 0.96
        },
        "collider2": {
            "type": "Box",
            "collider2origin": [
                [
                    -0.41735297932337784,
                    -0.6502543948379305,
                    0.6348115567976504,
                    -0.013043694879347423
                ],
                [
                    0.3572177402307384,
                    -0.7597165405539203,
                    -0.5433472775980642,
                    1.0044959383198875
                ],
                [
                    0.8355907950153257,
                    -1.6553211848415866e-06,
                    0.5493523671405404,
                    -0.04018103451734767
                ],
                [
                    0.0,
                    0.0,
                    0.0,
                    1.0
                ]
            ],
            "size": [
                0.1202,
                0.13634,
                0.67816
            ]
        },
        "distance": 0.0018111252760877215
    },
    {
        "case": 9,
        "collider1": {
            "type": "Box",
            "collider2origin": [
                [
                    0.9077781725128689,
                    0.4194505805326724,
                    0.0,
                    0.4158817547107895
                ],
                [
                    -0.4194505805326724,
                    0.9077781725128689,
                    0.0,
                    0.733173894971941
                ],
                [
                    0.0,
                    0.0,
                    1.0,
                    -0.6599999999999999
                ],
                [
                    0.0,
                    0.0,
                    0.0,
                    1.0
                ]
            ],
            "size": [
                0.6,
                1.0,
                0.8
            ]
        },
        "collider2": {
            "type": "Box",
            "collider2origin": [
                [
                    0.11352992523141313,
                    -0.6502594858744828,
                    -0.7511814408697828,
                    -0.03883965054470534
                ],
                [
                    -0.09716802989613636,
                    -0.7597121830090835,
                    0.6429586090516841,
                    0.8602764902032676
                ],
                [
                    -0.9887716268396118,
                    -4.222108673220771e-06,
                    -0.14943450049811285,
                    -0.14742872061122902
                ],
                [
                    0.0,
                    0.0,
                    0.0,
                    1.0
                ]
            ],
            "size": [
                0.15068,
                0.17726,
                0.74884
            ]
        },
        "distance": 0.05796866409285216
    },
    {
        "case": 10,
        "collider1": {
            "type": "Box",
            "collider2origin": [
                [
                    0.9077781725128689,
                    0.4194505805326724,
                    0.0,
                    0.27063700059322826
                ],
                [
                    -0.4194505805326724,
                    0.9077781725128689,
                    0.0,
                    0.8002854543438492
                ],
                [
                    0.0,
                    0.0,
                    1.0,
                    -0.25
                ],
                [
                    0.0,
                    0.0,
                    0.0,
                    1.0
                ]
            ],
            "size": [
                0.2,
                0.2,
                0.02
            ]
        },
        "collider2": {
            "type": "Box",
            "collider2origin": [
                [
                    0.11352992523141313,
                    -0.6502594858744828,
                    -0.7511814408697828,
                    -0.03883965054470534
                ],
                [
                    -0.09716802989613636,
                    -0.7597121830090835,
                    0.6429586090516841,
                    0.8602764902032676
                ],
                [
                    -0.9887716268396118,
                    -4.222108673220771e-06,
                    -0.14943450049811285,
                    -0.14742872061122902
                ],
                [
                    0.0,
                    0.0,
                    0.0,
                    1.0
                ]
            ],
            "size": [
                0.15068,
                0.17726,
                0.74884
            ]
        },
        "distance": 0.04441617967096991
    },
    {
        "case": 11,
        "collider1": {
            "type": "Box",
            "collider2origin": [
                [
                    0.907778172512869,
                    0.4194505805326725,
                    0.0,
                    -1.612083837096907
                ],
                [
                    -0.4194505805326725,
                    0.907778172512869,
                    0.0,
                    -0.24654756573714753
                ],
                [
                    0.0,
                    0.0,
                    1.0,
                    -0.040000000000000036
                ],
                [
                    0.0,
                    0.0,
                    0.0,
                    1.0
                ]
            ],
            "size": [
                2.0,
                2.0,
                2.0
            ]
        },
        "collider2": {
            "type": "Box",
            "collider2origin": [
                [
                    0.11352992523141313,
                    -0.6502594858744828,
                    -0.7511814408697828,
                    -0.03883965054470534
                ],
                [
                    -0.09716802989613636,
                    -0.7597121830090835,
                    0.6429586090516841,
                    0.8602764902032676
                ],
                [
                    -0.9887716268396118,
                    -4.222108673220771e-06,
                    -0.14943450049811285,
                    -0.14742872061122902
                ],
                [
                    0.0,
                    0.0,
                    0.0,
                    1.0
                ]
            ],
            "size": [
                0.15068,
                0.17726,
                0.74884
            ]
        },
        "distance": 0.5412227090580306
    },
    {
        "case": 12,
        "collider1": {
            "type": "Box",
            "collider2origin": [
                [
                    0.9798474486812189,
                    -0.1997472836183421,
                    0.0,
                    -0.20628161272202655
                ],
                [
                    0.19974728361834207,
                    0.9798474486812188,
                    0.0,
                    1.335871448475788
                ],
                [
                    0.0,
                    0.0,
                    1.0,
                    -0.21500000000000008
                ],
                [
                    0.0,
                    0.0,
                    0.0,
                    1.0
                ]
            ],
            "size": [
                0.2,
                0.3,
                0.22
            ]
        },
        "collider2": {
            "type": "Box",
            "collider2origin": [
                [
                    0.11352992523141313,
                    -0.6502594858744828,
                    -0.7511814408697828,
                    -0.03883965054470534
                ],
                [
                    -0.09716802989613636,
                    -0.7597121830090835,
                    0.6429586090516841,
                    0.8602764902032676
                ],
                [
                    -0.9887716268396118,
                    -4.222108673220771e-06,
                    -0.14943450049811285,
                    -0.14742872061122902
                ],
                [
                    0.0,
                    0.0,
                    0.0,
                    1.0
                ]
            ],
            "size": [
                0.15068,
                0.17726,
                0.74884
            ]
        },
        "distance": 0.0
    },
    {
        "case": 13,
        "collider1": {
            "type": "Box",
            "collider2origin": [
                [
                    0.9984065575563776,
                    -0.05643000822632935,
                    0.0,
                    -0.3111399560290343
                ],
                [
                    0.05643000822632935,
                    0.9984065575563776,
                    0.0,
                    1.3240986306775833
                ],
                [
                    0.0,
                    0.0,
                    1.0,
                    -0.21500000000000008
                ],
                [
                    0.0,
                    0.0,
                    0.0,
                    1.0
                ]
            ],
            "size": [
                0.2,
                0.3,
                0.22
            ]
        },
        "collider2": {
            "type": "Box",
            "collider2origin": [
                [
                    0.11352992523141313,
                    -0.6502594858744828,
                    -0.7511814408697828,
                    -0.03883965054470534
                ],
                [
                    -0.09716802989613636,
                    -0.7597121830090835,
                    0.6429586090516841,
                    0.8602764902032676
                ],
                [
                    -0.9887716268396118,
                    -4.222108673220771e-06,
                    -0.14943450049811285,
                    -0.14742872061122902
                ],
                [
                    0.0,
                    0.0,
                    0.0,
                    1.0
                ]
            ],
            "size": [
                0.15068,
                0.17726,
                0.74884
            ]
        },
        "distance": 0.00045922129510318624
    },
    {
        "case": 14,
        "collider1": {
            "type": "Box",
            "collider2origin": [
                [
                    0.9997288002091077,
                    0.023287894547555033,
                    0.0,
                    -0.42010216954734814
                ],
                [
                    -0.02328789454755501,
                    0.9997288002091077,
                    0.0,
                    1.3190360102899432
                ],
                [
                    0.0,
                    0.0,
                    1.0,
                    -0.21500000000000008
                ],
                [
                    0.0,
                    0.0,
                    0.0,
                    1.0
                ]
            ],
            "size": [
                0.2,
                0.3,
                0.22
            ]
        },
        "collider2": {
            "type": "Box",
            "collider2origin": [
                [
                    0.11352992523141313,
                    -0.6502594858744828,
                    -0.7511814408697828,
                    -0.03883965054470534
                ],
                [
                    -0.09716802989613636,
                    -0.7597121830090835,
                    0.6429586090516841,
                    0.8602764902032676
                ],
                [
                    -0.9887716268396118,
                    -4.222108673220771e-06,
                    -0.14943450049811285,
                    -0.14742872061122902
                ],
                [
                    0.0,
                    0.0,
                    0.0,
                    1.0
                ]
            ],
            "size": [
                0.15068,
                0.17726,
                0.74884
            ]
        },
        "distance": 0.03416465437314274
    },
    {
        "case": 15,
        "collider1": {
            "type": "Box",
            "collider2origin": [
                [
                    0.907778172512869,
                    0.4194505805326725,
                    0.0,
                    -0.7418785952877999
                ],
                [
                    -0.4194505805326725,
                    0.907778172512869,
                    0.0,
                    1.2791466490804724
                ],
                [
                    0.0,
                    0.0,
                    1.0,
                    0.27
                ],
                [
                    0.0,
                    0.0,
                    0.0,
                    1.0
                ]
            ],
            "size": [
                0.52,
                1.16,
                0.6
            ]
        },
        "collider2": {
            "type": "Box",
            "collider2origin": [
                [
                    0.11352992523141313,
                    -0.6502594858744828,
                    -0.7511814408697828,
                    -0.03883965054470534
                ],
                [
                    -0.09716802989613636,
                    -0.7597121830090835,
                    0.6429586090516841,
                    0.8602764902032676
                ],
                [
                    -0.9887716268396118,
                    -4.222108673220771e-06,
                    -0.14943450049811285,
                    -0.14742872061122902
                ],
                [
                    0.0,
                    0.0,
                    0.0,
                    1.0
                ]
            ],
            "size": [
                0.15068,
                0.17726,
                0.74884
            ]
        },
        "distance": 0.19038749007114292
    },
    {
        "case": 16,
        "collider1": {
            "type": "Cylinder",
            "collider2origin": [
                [
                    0.907778172512869,
                    0.4194505805326725,
                    0.0,
                    -0.07232761537572224
                ],
                [
                    -0.4194505805326725,
                    0.907778172512869,
                    0.0,
                    1.2000044650142188
                ],
                [
                    0.0,
                    0.0,
                    1.0,
                    -0.5800000000000001
                ],
                [
                    0.0,
                    0.0,
                    0.0,
                    1.0
                ]
            ],
            "radius": 0.04,
            "height": 0.96
        },
        "collider2": {
            "type": "Box",
            "collider2origin": [
                [
                    0.11352992523141313,
                    -0.6502594858744828,
                    -0.7511814408697828,
                    -0.03883965054470534
                ],
                [
                    -0.09716802989613636,
                    -0.7597121830090835,
                    0.6429586090516841,
                    0.8602764902032676
                ],
                [
                    -0.9887716268396118,
                    -4.222108673220771e-06,
                    -0.14943450049811285,
                    -0.14742872061122902
                ],
                [
                    0.0,
                    0.0,
                    0.0,
                    1.0
                ]
            ],
            "size": [
                0.15068,
                0.17726,
                0.74884
            ]
        },
        "distance": 0.10768913567989664
    },
    {
        "case": 17,
        "collider1": {
            "type": "Box",
            "collider2origin": [
                [
                    0.9077781725128689,
                    0.4194505805326724,
                    0.0,
                    0.4158817547107895
                ],
                [
                    -0.4194505805326724,
                    0.9077781725128689,
                    0.0,
                    0.733173894971941
                ],
                [
                    0.0,
                    0.0,
                    1.0,
                    -0.6599999999999999
                ],
                [
                    0.0,
                    0.0,
                    0.0,
                    1.0
                ]
            ],
            "size": [
                0.6,
                1.0,
                0.8
            ]
        },
        "collider2": {
            "type": "Box",
            "collider2origin": [
                [
                    0.11352992523141313,
                    -0.6502594858744828,
                    -0.7511814408697828,
                    -0.03883965054470534
                ],
                [
                    -0.09716802989613636,
                    -0.7597121830090835,
                    0.6429586090516841,
                    0.8602764902032676
                ],
                [
                    -0.9887716268396118,
                    -4.222108673220771e-06,
                    -0.14943450049811285,
                    -0.14742872061122902
                ],
                [
                    0.0,
                    0.0,
                    0.0,
                    1.0
                ]
            ],
            "size": [
                0.15068,
                0.17726,
                0.74884
            ]
        },
        "distance": 0.05796866409285216
    },
    {
        "case": 18,
        "collider1": {
            "type": "Box",
            "collider2origin": [
                [
                    0.9077781725128689,
                    0.4194505805326724,
                    0.0,
                    0.27063700059322826
                ],
                [
                    -0.4194505805326724,
                    0.9077781725128689,
                    0.0,
                    0.8002854543438492
                ],
                [
                    0.0,
                    0.0,
                    1.0,
                    -0.25
                ],
                [
                    0.0,
                    0.0,
                    0.0,
                    1.0
                ]
            ],
            "size": [
                0.2,
                0.2,
                0.02
            ]
        },
        "collider2": {
            "type": "Box",
            "collider2origin": [
                [
                    0.11352992523141313,
                    -0.6502594858744828,
                    -0.7511814408697828,
                    -0.03883965054470534
                ],
                [
                    -0.09716802989613636,
                    -0.7597121830090835,
                    0.6429586090516841,
                    0.8602764902032676
                ],
                [
                    -0.9887716268396118,
                    -4.222108673220771e-06,
                    -0.14943450049811285,
                    -0.14742872061122902
                ],
                [
                    0.0,
                    0.0,
                    0.0,
                    1.0
                ]
            ],
            "size": [
                0.15068,
                0.17726,
                0.74884
            ]
        },
        "distance": 0.04441617967096991
    },
    {
        "case": 19,
        "collider1": {
            "type": "Box",
            "collider2origin": [
                [
                    0.907778172512869,
                    0.4194505805326725,
                    0.0,
                    -1.612083837096907
                ],
                [
                    -0.4194505805326725,
                    0.907778172512869,
                    0.0,
                    -0.24654756573714753
                ],
                [
                    0.0,
                    0.0,
                    1.0,
                    -0.040000000000000036
                ],
                [
                    0.0,
                    0.0,
                    0.0,
                    1.0
                ]
            ],
            "size": [
                2.0,
                2.0,
                2.0
            ]
        },
        "collider2": {
            "type": "Box",
            "collider2origin": [
                [
                    0.11352992523141313,
                    -0.6502594858744828,
                    -0.7511814408697828,
                    -0.03883965054470534
                ],
                [
                    -0.09716802989613636,
                    -0.7597121830090835,
                    0.6429586090516841,
                    0.8602764902032676
                ],
                [
                    -0.9887716268396118,
                    -4.222108673220771e-06,
                    -0.14943450049811285,
                    -0.14742872061122902
                ],
                [
                    0.0,
                    0.0,
                    0.0,
                    1.0
                ]
            ],
            "size": [
                0.15068,
                0.17726,
                0.74884
            ]
        },
        "distance": 0.5412227090580306
    },
    {
        "case": 20,
        "collider1": {
            "type": "Box",
            "collider2origin": [
                [
                    0.9798474486812189,
                    -0.1997472836183421,
                    0.0,
                    -0.20628161272202655
                ],
                [
                    0.19974728361834207,
                    0.9798474486812188,
                    0.0,
                    1.335871448475788
                ],
                [
                    0.0,
                    0.0,
                    1.0,
                    -0.21500000000000008
                ],
                [
                    0.0,
                    0.0,
                    0.0,
                    1.0
                ]
            ],
            "size": [
                0.2,
                0.3,
                0.22
            ]
        },
        "collider2": {
            "type": "Box",
            "collider2origin": [
                [
                    0.11352992523141313,
                    -0.6502594858744828,
                    -0.7511814408697828,
                    -0.03883965054470534
                ],
                [
                    -0.09716802989613636,
                    -0.7597121830090835,
                    0.6429586090516841,
                    0.8602764902032676
                ],
                [
                    -0.9887716268396118,
                    -4.222108673220771e-06,
                    -0.14943450049811285,
                    -0.14742872061122902
                ],
                [
                    0.0,
                    0.0,
                    0.0,
                    1.0
                ]
            ],
            "size": [
                0.15068,
                0.17726,
                0.74884
            ]
        },
        "distance": 0.0
    },
    {
        "case": 21,
        "collider1": {
            "type": "Box",
            "collider2origin": [
                [
                    0.9984065575563776,
                    -0.05643000822632935,
                    0.0,
                    -0.3111399560290343
                ],
                [
                    0.05643000822632935,
                    0.9984065575563776,
                    0.0,
                    1.3240986306775833
                ],
                [
                    0.0,
