[
    {
        "case": 0,
        "collider1": {
            "type": "Box",
            "collider2origin": [
                [
                    0.907778172512869,
                    0.4194505805326725,
                    0.0,
                    -1.612083837096907
                ],
                [
                    -0.4194505805326725,
                    0.907778172512869,
                    0.0,
                    -0.24654756573714753
                ],
                [
                    0.0,
                    0.0,
                    1.0,
                    -0.040000000000000036
                ],
                [
                    0.0,
                    0.0,
                    0.0,
                    1.0
                ]
            ],
            "size": [
                2.0,
                2.0,
                2.0
            ]
        },
        "collider2": {
            "type": "Box",
            "collider2origin": [
                [
                    0.5361668698225991,
                    -0.28293483897433114,
                    0.7952816888368582,
                    -0.0774416492561853
                ],
                [
                    0.15816156238374665,
                    0.9591391332293482,
                    0.23459975126241475,
                    0.7389119829845197
                ],
                [
                    -0.8291622325510059,
                    -1.6198539070976118e-06,
                    0.5590080429729142,
                    0.07148023347852694
                ],
                [
                    0.0,
                    0.0,
                    0.0,
                    1.0
                ]
            ],
            "size": [
                0.1202,
                0.13634,
                0.67816
            ]
        },
        "distance": 0.27955291521474884
    },
    {
        "case": 1,
        "collider1": {
            "type": "Box",
            "collider2origin": [
                [
                    0.907778172512869,
                    0.4194505805326725,
                    0.0,
                    -0.7418785952877999
                ],
                [
                    -0.4194505805326725,
                    0.907778172512869,
                    0.0,
                    1.2791466490804724
                ],
                [
                    0.0,
                    0.0,
                    1.0,
                    0.27
                ],
                [
                    0.0,
                    0.0,
                    0.0,
                    1.0
                ]
            ],
            "size": [
                0.52,
                1.16,
                0.6
            ]
        },
        "collider2": {
            "type": "Box",
            "collider2origin": [
                [
                    0.5361668698225991,
                    -0.28293483897433114,
                    0.7952816888368582,
                    -0.0774416492561853
                ],
                [
                    0.15816156238374665,
                    0.9591391332293482,
                    0.23459975126241475,
                    0.7389119829845197
                ],
                [
                    -0.8291622325510059,
                    -1.6198539070976118e-06,
                    0.5590080429729142,
                    0.07148023347852694
                ],
                [
                    0.0,
                    0.0,
                    0.0,
                    1.0
                ]
            ],
            "size": [
                0.1202,
                0.13634,
                0.67816
            ]
        },
        "distance": 0.29066095688403565
    },
    {
        "case": 2,
        "collider1": {
            "type": "Box",
            "collider2origin": [
                [
                    0.907778172512869,
                    0.4194505805326725,
                    0.0,
                    -1.612083837096907
                ],
                [
                    -0.4194505805326725,
                    0.907778172512869,
                    0.0,
                    -0.24654756573714753
                ],
                [
                    0.0,
                    0.0,
                    1.0,
                    -0.040000000000000036
                ],
                [
                    0.0,
                    0.0,
                    0.0,
                    1.0
                ]
            ],
            "size": [
                2.0,
                2.0,
                2.0
            ]
        },
        "collider2": {
            "type": "Box",
            "collider2origin": [
                [
                    0.02723834816084395,
                    -0.2829412818939013,
                    -0.9587503863830796,
                    -0.036983315999268185
                ],
                [
                    0.008038912816846199,
                    0.9591372326145507,
                    -0.2828270582762975,
                    0.8825686229250047
                ],
                [
                    0.999596642786575,
                    -3.5688866140865627e-06,
                    0.028399854173415277,
                    -0.09428039511581754
                ],
                [
                    0.0,
                    0.0,
                    0.0,
                    1.0
                ]
            ],
            "size": [
                0.15068,
                0.17726,
                0.74884
            ]
        },
        "distance": 0.37090059898956285
    },
    {
        "case": 3,
        "collider1": {
            "type": "Box",
            "collider2origin": [
                [
                    0.907778172512869,
                    0.4194505805326725,
                    0.0,
                    -0.7418785952877999
                ],
                [
                    -0.4194505805326725,
                    0.907778172512869,
                    0.0,
                    1.2791466490804724
                ],
                [
                    0.0,
                    0.0,
                    1.0,
                    0.27
                ],
                [
                    0.0,
                    0.0,
                    0.0,
                    1.0
                ]
            ],
            "size": [
                0.52,
                1.16,
                0.6
            ]
        },
        "collider2": {
            "type": "Box",
            "collider2origin": [
                [
                    0.02723834816084395,
                    -0.2829412818939013,
                    -0.9587503863830796,
                    -0.036983315999268185
                ],
                [
                    0.008038912816846199,
                    0.9591372326145507,
                    -0.2828270582762975,
                    0.8825686229250047
                ],
                [
                    0.999596642786575,
                    -3.5688866140865627e-06,
                    0.028399854173415277,
                    -0.09428039511581754
                ],
                [
                    0.0,
                    0.0,
                    0.0,
                    1.0
                ]
            ],
            "size": [
                0.15068,
                0.17726,
                0.74884
            ]
        },
        "distance": 0.20745916479965143
    },
    {
        "case": 4,
        "collider1": {
            "type": "Box",
            "collider2origin": [
                [
                    0.907778172512869,
                    0.4194505805326725,
                    0.0,
                    -1.612083837096907
                ],
                [
                    -0.4194505805326725,
                    0.907778172512869,
                    0.0,
                    -0.24654756573714753
                ],
                [
                    0.0,
                    0.0,
                    1.0,
                    -0.040000000000000036
                ],
                [
                    0.0,
                    0.0,
                    0.0,
                    1.0
                ]
            ],
            "size": [
                2.0,
                2.0,
                2.0
            ]
        },
        "collider2": {
            "type": "Box",
            "collider2origin": [
                [
                    0.02723834816084395,
                    -0.2829412818939013,
                    -0.9587503863830796,
                    -0.036983315999268185
                ],
                [
                    0.008038912816846199,
                    0.9591372326145507,
                    -0.2828270582762975,
                    0.8825686229250047
                ],
                [
                    0.999596642786575,
                    -3.5688866140865627e-06,
                    0.028399854173415277,
                    -0.09428039511581754
                ],
                [
                    0.0,
                    0.0,
                    0.0,
                    1.0
                ]
            ],
            "size": [
                0.15068,
                0.17726,
                0.74884
            ]
        },
        "distance": 0.37090059898956285
    },
    {
        "case": 5,
        "collider1": {
            "type": "Box",
            "collider2origin": [
                [
                    0.907778172512869,
                    0.4194505805326725,
                    0.0,
                    -0.7418785952877999
                ],
                [
                    -0.4194505805326725,
                    0.907778172512869,
                    0.0,
                    1.2791466490804724
                ],
                [
                    0.0,
                    0.0,
                    1.0,
                    0.27
                ],
                [
                    0.0,
                    0.0,
                    0.0,
                    1.0
                ]
            ],
            "size": [
                0.52,
                1.16,
                0.6
            ]
        },
        "collider2": {
            "type": "Box",
            "collider2origin": [
                [
                    0.02723834816084395,
                    -0.2829412818939013,
                    -0.9587503863830796,
                    -0.036983315999268185
                ],
                [
                    0.008038912816846199,
                    0.9591372326145507,
                    -0.2828270582762975,
                    0.8825686229250047
                ],
                [
                    0.999596642786575,
                    -3.5688866140865627e-06,
                    0.028399854173415277,
                    -0.09428039511581754
                ],
                [
                    0.0,
                    0.0,
                    0.0,
                    1.0
                ]
            ],
            "size": [
                0.15068,
                0.17726,
                0.74884
            ]
        },
        "distance": 0.20745916479965143
    }
]