[
    {
        "case": 0,
        "collider1": {
            "type": "Box",
            "collider2origin": [
                [
                    0.9077781725128689,
                    0.4194505805326724,
                    0.0,
                    0.4158817547107895
                ],
                [
                    -0.4194505805326724,
                    0.9077781725128689,
                    0.0,
                    0.733173894971941
                ],
                [
                    0.0,
                    0.0,
                    1.0,
                    -0.6599999999999999
                ],
                [
                    0.0,
                    0.0,
                    0.0,
                    1.0
                ]
            ],
            "size": [
                0.6,
                1.0,
                0.8
            ]
        },
        "collider2": {
            "type": "Box",
            "collider2origin": [
                [
                    0.43914877544761494,
                    0.4724608894577763,
                    0.7641525115810502,
                    0.6116427524883605
                ],
                [
                    0.23540643796036936,
                    -0.8813516369205191,
                    0.4096377681126726,
                    0.7690234117356574
                ],
                [
                    0.8670248912168962,
                    -5.503434009308426e-06,
                    -0.4982648271552398,
                    -0.2522508886666336
                ],
                [
                    0.0,
                    0.0,
                    0.0,
                    1.0
                ]
            ],
            "size": [
                0.15068,
                0.17726,
                0.74884
            ]
        },
        "distance": 0.0
    },
    {
        "case": 1,
        "collider1": {
            "type": "Box",
            "collider2origin": [
                [
                    0.9077781725128689,
                    0.4194505805326724,
                    0.0,
                    0.27063700059322826
                ],
                [
                    -0.4194505805326724,
                    0.9077781725128689,
                    0.0,
                    0.8002854543438492
                ],
                [
                    0.0,
                    0.0,
                    1.0,
                    -0.25
                ],
                [
                    0.0,
                    0.0,
                    0.0,
                    1.0
                ]
            ],
            "size": [
                0.2,
                0.2,
                0.02
            ]
        },
        "collider2": {
            "type": "Box",
            "collider2origin": [
                [
                    0.43914877544761494,
                    0.4724608894577763,
                    0.7641525115810502,
                    0.6116427524883605
                ],
                [
                    0.23540643796036936,
                    -0.8813516369205191,
                    0.4096377681126726,
                    0.7690234117356574
                ],
                [
                    0.8670248912168962,
                    -5.503434009308426e-06,
                    -0.4982648271552398,
                    -0.2522508886666336
                ],
                [
                    0.0,
                    0.0,
                    0.0,
                    1.0
                ]
            ],
            "size": [
                0.15068,
                0.17726,
                0.74884
            ]
        },
        "distance": 0.03318363815306813
    },
    {
        "case": 2,
        "collider1": {
            "type": "Box",
            "collider2origin": [
                [
                    0.907778172512869,
                    0.4194505805326725,
                    0.0,
                    0.9947946797881562
                ],
                [
                    -0.4194505805326725,
                    0.907778172512869,
                    0.0,
                    0.5317739604993647
                ],
                [
                    0.0,
                    0.0,
                    1.0,
                    -0.69
                ],
                [
                    0.0,
                    0.0,
                    0.0,
                    1.0
                ]
            ],
            "size": [
                0.6,
                1.2,
                0.75
            ]
        },
        "collider2": {
            "type": "Box",
            "collider2origin": [
                [
                    0.43914877544761494,
                    0.4724608894577763,
                    0.7641525115810502,
                    0.6116427524883605
                ],
                [
                    0.23540643796036936,
                    -0.8813516369205191,
                    0.4096377681126726,
                    0.7690234117356574
                ],
                [
                    0.8670248912168962,
                    -5.503434009308426e-06,
                    -0.4982648271552398,
                    -0.2522508886666336
                ],
                [
                    0.0,
                    0.0,
                    0.0,
                    1.0
                ]
            ],
            "size": [
                0.15068,
                0.17726,
                0.74884
            ]
        },
        "distance": 0.0
    },
    {
        "case": 3,
        "collider1": {
            "type": "Box",
            "collider2origin": [
                [
                    0.9077781725128689,
                    0.4194505805326724,
                    0.0,
                    0.4158817547107895
                ],
                [
                    -0.4194505805326724,
                    0.9077781725128689,
                    0.0,
                    0.733173894971941
                ],
                [
                    0.0,
                    0.0,
                    1.0,
                    -0.6599999999999999
                ],
                [
                    0.0,
                    0.0,
                    0.0,
                    1.0
                ]
            ],
            "size": [
                0.6,
                1.0,
                0.8
            ]
        },
        "collider2": {
            "type": "Box",
            "collider2origin": [
                [
                    0.43914877544761494,
                    0.4724608894577763,
                    0.7641525115810502,
                    0.6116427524883605
                ],
                [
                    0.23540643796036936,
                    -0.8813516369205191,
                    0.4096377681126726,
                    0.7690234117356574
                ],
                [
                    0.8670248912168962,
                    -5.503434009308426e-06,
                    -0.4982648271552398,
                    -0.2522508886666336
                ],
                [
                    0.0,
                    0.0,
                    0.0,
                    1.0
                ]
            ],
            "size": [
                0.15068,
                0.17726,
                0.74884
            ]
        },
        "distance": 0.0
    },
    {
        "case": 4,
        "collider1": {
            "type": "Box",
            "collider2origin": [
                [
                    0.9077781725128689,
                    0.4194505805326724,
                    0.0,
                    0.27063700059322826
                ],
                [
                    -0.4194505805326724,
                    0.9077781725128689,
                    0.0,
                    0.8002854543438492
                ],
                [
                    0.0,
                    0.0,
                    1.0,
                    -0.25
                ],
                [
                    0.0,
                    0.0,
                    0.0,
                    1.0
                ]
            ],
            "size": [
                0.2,
                0.2,
                0.02
            ]
        },
        "collider2": {
            "type": "Box",
            "collider2origin": [
                [
                    0.43914877544761494,
                    0.4724608894577763,
                    0.7641525115810502,
                    0.6116427524883605
                ],
                [
                    0.23540643796036936,
                    -0.8813516369205191,
                    0.4096377681126726,
                    0.7690234117356574
                ],
                [
                    0.8670248912168962,
                    -5.503434009308426e-06,
                    -0.4982648271552398,
                    -0.2522508886666336
                ],
                [
                    0.0,
                    0.0,
                    0.0,
                    1.0
                ]
            ],
            "size": [
                0.15068,
                0.17726,
                0.74884
            ]
        },
        "distance": 0.03318363815306813
    },
    {
        "case": 5,
        "collider1": {
            "type": "Box",
            "collider2origin": [
                [
                    0.907778172512869,
                    0.4194505805326725,
                    0.0,
                    0.9947946797881562
                ],
                [
                    -0.4194505805326725,
                    0.907778172512869,
                    0.0,
                    0.5317739604993647
                ],
                [
                    0.0,
                    0.0,
                    1.0,
                    -0.69
                ],
                [
                    0.0,
                    0.0,
                    0.0,
                    1.0
                ]
            ],
            "size": [
                0.6,
                1.2,
                0.75
            ]
        },
        "collider2": {
            "type": "Box",
            "collider2origin": [
                [
                    0.43914877544761494,
                    0.4724608894577763,
                    0.7641525115810502,
                    0.6116427524883605
                ],
                [
                    0.23540643796036936,
                    -0.8813516369205191,
                    0.4096377681126726,
                    0.7690234117356574
                ],
                [
                    0.8670248912168962,
                    -5.503434009308426e-06,
                    -0.4982648271552398,
                    -0.2522508886666336
                ],
                [
                    0.0,
                    0.0,
                    0.0,
                    1.0
                ]
            ],
            "size": [
                0.15068,
                0.17726,
                0.74884
            ]
        },
        "distance": 0.0
    },
    {
        "case": 6,
        "collider1": {
            "type": "Box",
            "collider2origin": [
                [
                    0.9077781725128689,
                    0.4194505805326724,
                    0.0,
                    0.4158817547107895
                ],
                [
                    -0.4194505805326724,
                    0.9077781725128689,
                    0.0,
                    0.733173894971941
                ],
                [
                    0.0,
                    0.0,
                    1.0,
                    -0.6599999999999999
                ],
                [
                    0.0,
                    0.0,
                    0.0,
                    1.0
                ]
            ],
            "size": [
                0.6,
                1.0,
                0.8
            ]
        },
        "collider2": {
            "type": "Box",
            "collider2origin": [
                [
                    -0.14911429599391451,
                    0.472454891842473,
                    -0.8686491247358487,
                    0.5468861086750179
                ],
                [
                    -0.07993008794178286,
                    -0.881354852011835,
                    -0.4656445059021043,
                    0.877658182492872
                ],
                [
                    -0.9855841454547944,
                    -3.0517503374020013e-06,
                    0.16918596933205984,
                    -0.3601302724142158
                ],
                [
                    0.0,
                    0.0,
                    0.0,
                    1.0
                ]
            ],
            "size": [
                0.1202,
                0.13634,
                0.67816
            ]
        },
        "distance": 0.0
    },
    {
        "case": 7,
        "collider1": {
            "type": "Box",
            "collider2origin": [
                [
                    0.9077781725128689,
                    0.4194505805326724,
                    0.0,
                    0.27063700059322826
                ],
                [
                    -0.4194505805326724,
                    0.9077781725128689,
                    0.0,
                    0.8002854543438492
                ],
                [
                    0.0,
                    0.0,
                    1.0,
                    -0.25
                ],
                [
                    0.0,
                    0.0,
                    0.0,
                    1.0
                ]
            ],
            "size": [
                0.2,
                0.2,
                0.02
            ]
        },
        "collider2": {
            "type": "Box",
            "collider2origin": [
                [
                    -0.14911429599391451,
                    0.472454891842473,
                    -0.8686491247358487,
                    0.5468861086750179
                ],
                [
                    -0.07993008794178286,
                    -0.881354852011835,
                    -0.4656445059021043,
                    0.877658182492872
                ],
                [
                    -0.9855841454547944,
                    -3.0517503374020013e-06,
                    0.16918596933205984,
                    -0.3601302724142158
                ],
                [
                    0.0,
                    0.0,
                    0.0,
                    1.0
                ]
            ],
            "size": [
                0.1202,
                0.13634,
                0.67816
            ]
        },
        "distance": 0.0
    },
    {
        "case": 8,
        "collider1": {
            "type": "Box",
            "collider2origin": [
                [
                    0.907778172512869,
                    0.4194505805326725,
                    0.0,
                    0.9947946797881562
                ],
                [
                    -0.4194505805326725,
                    0.907778172512869,
                    0.0,
                    0.5317739604993647
                ],
                [
                    0.0,
                    0.0,
                    1.0,
                    -0.69
                ],
                [
                    0.0,
                    0.0,
                    0.0,
                    1.0
                ]
            ],
            "size": [
                0.6,
                1.2,
                0.75
            ]
        },
        "collider2": {
            "type": "Box",
            "collider2origin": [
                [
                    -0.14911429599391451,
                    0.472454891842473,
                    -0.8686491247358487,
                    0.5468861086750179
                ],
                [
                    -0.07993008794178286,
                    -0.881354852011835,
                    -0.4656445059021043,
                    0.877658182492872
                ],
                [
                    -0.9855841454547944,
                    -3.0517503374020013e-06,
                    0.16918596933205984,
                    -0.3601302724142158
                ],
                [
                    0.0,
                    0.0,
                    0.0,
                    1.0
                ]
            ],
            "size": [
                0.1202,
                0.13634,
                0.67816
            ]
        },
        "distance": 0.0
    },
    {
        "case": 9,
        "collider1": {
            "type": "Box",
            "collider2origin": [
                [
                    0.9077781725128689,
                    0.4194505805326724,
                    0.0,
                    0.4158817547107895
                ],
                [
                    -0.4194505805326724,
                    0.9077781725128689,
                    0.0,
                    0.733173894971941
                ],
                [
                    0.0,
                    0.0,
                    1.0,
                    -0.6599999999999999
                ],
                [
                    0.0,
                    0.0,
                    0.0,
                    1.0
                ]
            ],
            "size": [
                0.6,
                1.0,
                0.8
            ]
        },
        "collider2": {
            "type": "Box",
            "collider2origin": [
                [
                    0.9133278028356739,
                    -0.01583845545617058,
                    -0.4069170282700428,
                    0.44541412436281225
                ],
                [
                    -0.3490575168973232,
                    0.4842102615976826,
                    -0.8023087139380815,
                    0.729240701850304
                ],
                [
                    0.20974073153499484,
                    0.8748083023681621,
                    0.43671416240247873,
                    -0.2707660337428984
                ],
                [
                    0.0,
                    0.0,
                    0.0,
                    1.0
                ]
            ],
            "size": [
                0.08993,
                0.0305,
                0.09007
            ]
        },
        "distance": 0.0
    },
    {
        "case": 10,
        "collider1": {
            "type": "Box",
            "collider2origin": [
                [
                    0.9077781725128689,
                    0.4194505805326724,
                    0.0,
                    0.27063700059322826
                ],
                [
                    -0.4194505805326724,
                    0.9077781725128689,
                    0.0,
                    0.8002854543438492
                ],
                [
                    0.0,
                    0.0,
                    1.0,
                    -0.25
                ],
                [
                    0.0,
                    0.0,
                    0.0,
                    1.0
                ]
            ],
            "size": [
                0.2,
                0.2,
                0.02
            ]
        },
        "collider2": {
            "type": "Box",
            "collider2origin": [
                [
                    0.9133278028356739,
                    -0.01583845545617058,
                    -0.4069170282700428,
                    0.44541412436281225
                ],
                [
                    -0.3490575168973232,
                    0.4842102615976826,
                    -0.8023087139380815,
                    0.729240701850304
                ],
                [
                    0.20974073153499484,
                    0.8748083023681621,
                    0.43671416240247873,
                    -0.2707660337428984
                ],
                [
                    0.0,
                    0.0,
                    0.0,
                    1.0
                ]
            ],
            "size": [
                0.08993,
                0.0305,
                0.09007
            ]
        },
        "distance": 0.03979825891904177
    },
    {
        "case": 11,
        "collider1": {
            "type": "Box",
            "collider2origin": [
                [
                    0.9077781725128689,
                    0.4194505805326724,
                    0.0,
                    0.4158817547107895
                ],
                [
                    -0.4194505805326724,
                    0.9077781725128689,
                    0.0,
                    0.733173894971941
                ],
                [
                    0.0,
                    0.0,
                    1.0,
                    -0.6599999999999999
                ],
                [
                    0.0,
                    0.0,
                    0.0,
                    1.0
                ]
            ],
            "size": [
                0.6,
                1.0,
                0.8
            ]
        },
        "collider2": {
            "type": "Box",
            "collider2origin": [
                [
                    -0.5168616083877867,
                    -0.015833816787480425,
                    0.8559225245433904,
                    0.4437430741392706
                ],
                [
                    0.7449900217326191,
                    0.4842148940221853,
                    0.4588309099504035,
                    0.6921617676148286
                ],
                [
                    -0.42171547907756657,
                    0.8748058222560157,
                    -0.23847605341701308,
                    -0.33564018358797254
                ],
                [
                    0.0,
                    0.0,
                    0.0,
                    1.0
                ]
            ],
            "size": [
                0.09126,
                0.11887,
                0.10009
            ]
        },
        "distance": 0.0
    },
    {
        "case": 12,
        "collider1": {
            "type": "Box",
            "collider2origin": [
                [
                    0.9077781725128689,
                    0.4194505805326724,
                    0.0,
                    0.27063700059322826
                ],
                [
                    -0.4194505805326724,
                    0.9077781725128689,
                    0.0,
                    0.8002854543438492
                ],
                [
                    0.0,
                    0.0,
                    1.0,
                    -0.25
                ],
                [
                    0.0,
                    0.0,
                    0.0,
                    1.0
                ]
            ],
            "size": [
                0.2,
                0.2,
                0.02
            ]
        },
        "collider2": {
            "type": "Box",
            "collider2origin": [
                [
                    -0.5168616083877867,
                    -0.015833816787480425,
                    0.8559225245433904,
                    0.4437430741392706
                ],
                [
                    0.7449900217326191,
                    0.4842148940221853,
                    0.4588309099504035,
                    0.6921617676148286
                ],
                [
                    -0.42171547907756657,
                    0.8748058222560157,
                    -0.23847605341701308,
                    -0.33564018358797254
                ],
                [
                    0.0,
                    0.0,
                    0.0,
                    1.0
                ]
            ],
            "size": [
                0.09126,
                0.11887,
                0.10009
            ]
        },
        "distance": 0.03956873219864844
    },
    {
        "case": 13,
        "collider1": {
            "type": "Box",
            "collider2origin": [
                [
                    0.907778172512869,
                    0.4194505805326725,
                    0.0,
                    0.9947946797881562
                ],
                [
                    -0.4194505805326725,
                    0.907778172512869,
                    0.0,
                    0.5317739604993647
                ],
                [
                    0.0,
                    0.0,
                    1.0,
                    -0.69
                ],
                [
                    0.0,
                    0.0,
                    0.0,
                    1.0
                ]
            ],
            "size": [
                0.6,
                1.2,
                0.75
            ]
        },
        "collider2": {
            "type": "Box",
            "collider2origin": [
                [
                    -0.5168616083877867,
                    -0.015833816787480425,
                    0.8559225245433904,
                    0.4437430741392706
                ],
                [
                    0.7449900217326191,
                    0.4842148940221853,
                    0.4588309099504035,
                    0.6921617676148286
                ],
                [
                    -0.42171547907756657,
                    0.8748058222560157,
                    -0.23847605341701308,
                    -0.33564018358797254
                ],
                [
                    0.0,
                    0.0,
                    0.0,
                    1.0
                ]
            ],
            "size": [
                0.09126,
                0.11887,
                0.10009
            ]
        },
        "distance": 0.18966057800557842
    },
    {
        "case": 14,
        "collider1": {
            "type": "Box",
            "collider2origin": [
                [
                    0.9077781725128689,
                    0.4194505805326724,
                    0.0,
                    0.4158817547107895
                ],
                [
                    -0.4194505805326724,
                    0.9077781725128689,
                    0.0,
                    0.733173894971941
                ],
                [
                    0.0,
                    0.0,
                    1.0,
                    -0.6599999999999999
                ],
                [
                    0.0,
                    0.0,
                    0.0,
                    1.0
                ]
            ],
            "size": [
                0.6,
                1.0,
                0.8
            ]
        },
        "collider2": {
            "type": "Box",
            "collider2origin": [
                [
                    0.21018330425646212,
                    0.47246122654785616,
                    0.8559225245433904,
                    0.34828537407991267
                ],
                [
                    0.11266679495700846,
                    -0.8813514562240196,
                    0.4588309099504035,
                    0.6443910722650763
                ],
                [
                    0.9711483779144928,
                    -4.549176559814585e-06,
                    -0.23847605341701308,
                    -0.31162553700345974
                ],
                [
                    0.0,
                    0.0,
                    0.0,
                    1.0
                ]
            ],
            "size": [
                0.09102,
                0.10007,
                0.11882
            ]
        },
        "distance": 0.0
    },
    {
        "case": 15,
        "collider1": {
            "type": "Box",
            "collider2origin": [
                [
                    0.9077781725128689,
                    0.4194505805326724,
                    0.0,
                    0.27063700059322826
                ],
                [
                    -0.4194505805326724,
                    0.9077781725128689,
                    0.0,
                    0.8002854543438492
                ],
                [
                    0.0,
                    0.0,
                    1.0,
                    -0.25
                ],
                [
                    0.0,
                    0.0,
                    0.0,
                    1.0
                ]
            ],
            "size": [
                0.2,
                0.2,
                0.02
            ]
        },
        "collider2": {
            "type": "Box",
            "collider2origin": [
                [
                    0.21018330425646212,
                    0.47246122654785616,
                    0.8559225245433904,
                    0.34828537407991267
                ],
                [
                    0.11266679495700846,
                    -0.8813514562240196,
                    0.4588309099504035,
                    0.6443910722650763
                ],
                [
                    0.9711483779144928,
                    -4.549176559814585e-06,
                    -0.23847605341701308,
                    -0.31162553700345974
                ],
                [
                    0.0,
                    0.0,
                    0.0,
                    1.0
                ]
            ],
            "size": [
                0.09102,
                0.10007,
                0.11882
            ]
        },
        "distance": 0.0
    }
]