[
    {
        "case": 0,
        "collider1": {
            "type": "Box",
            "collider2origin": [
                [
                    0.9077781725128689,
                    0.4194505805326724,
                    0.0,
                    0.4158817547107895
                ],
                [
                    -0.4194505805326724,
                    0.9077781725128689,
                    0.0,
                    0.733173894971941
                ],
                [
                    0.0,
                    0.0,
                    1.0,
                    -0.6599999999999999
                ],
                [
                    0.0,
                    0.0,
                    0.0,
                    1.0
                ]
            ],
            "size": [
                0.6,
                1.0,
                0.8
            ]
        },
        "collider2": {
            "type": "Box",
            "collider2origin": [
                [
                    0.052421537145697326,
                    0.9889622592852224,
                    0.13858438639598233,
                    0.5141804476190474
                ],
                [
                    0.34986229478286207,
                    -0.1481676404777415,
                    0.9250095810339094,
                    1.0515785873547383
                ],
                [
                    0.9353332866591201,
                    -4.97266672178827e-06,
                    -0.35376778095626593,
                    -0.20891286523909813
                ],
                [
                    0.0,
                    0.0,
                    0.0,
                    1.0
                ]
            ],
            "size": [
                0.15068,
                0.17726,
                0.74884
            ]
        },
        "distance": 0.0
    },
    {
        "case": 1,
        "collider1": {
            "type": "Box",
            "collider2origin": [
                [
                    0.9077781725128689,
                    0.4194505805326724,
                    0.0,
                    0.27063700059322826
                ],
                [
                    -0.4194505805326724,
                    0.9077781725128689,
                    0.0,
                    0.8002854543438492
                ],
                [
                    0.0,
                    0.0,
                    1.0,
                    -0.25
                ],
                [
                    0.0,
                    0.0,
                    0.0,
                    1.0
                ]
            ],
            "size": [
                0.2,
                0.2,
                0.02
            ]
        },
        "collider2": {
            "type": "Box",
            "collider2origin": [
                [
                    0.052421537145697326,
                    0.9889622592852224,
                    0.13858438639598233,
                    0.5141804476190474
                ],
                [
                    0.34986229478286207,
                    -0.1481676404777415,
                    0.9250095810339094,
                    1.0515785873547383
                ],
                [
                    0.9353332866591201,
                    -4.97266672178827e-06,
                    -0.35376778095626593,
                    -0.20891286523909813
                ],
                [
                    0.0,
                    0.0,
                    0.0,
                    1.0
                ]
            ],
            "size": [
                0.15068,
                0.17726,
                0.74884
            ]
        },
        "distance": 0.029290660001157483
    },
    {
        "case": 2,
        "collider1": {
            "type": "Box",
            "collider2origin": [
                [
                    0.907778172512869,
                    0.4194505805326725,
                    0.0,
                    0.9947946797881562
                ],
                [
                    -0.4194505805326725,
                    0.907778172512869,
                    0.0,
                    0.5317739604993647
                ],
                [
                    0.0,
                    0.0,
                    1.0,
                    -0.69
                ],
                [
                    0.0,
                    0.0,
                    0.0,
                    1.0
                ]
            ],
            "size": [
                0.6,
                1.2,
                0.75
            ]
        },
        "collider2": {
            "type": "Box",
            "collider2origin": [
                [
                    0.052421537145697326,
                    0.9889622592852224,
                    0.13858438639598233,
                    0.5141804476190474
                ],
                [
                    0.34986229478286207,
                    -0.1481676404777415,
                    0.9250095810339094,
                    1.0515785873547383
                ],
                [
                    0.9353332866591201,
                    -4.97266672178827e-06,
                    -0.35376778095626593,
                    -0.20891286523909813
                ],
                [
                    0.0,
                    0.0,
                    0.0,
                    1.0
                ]
            ],
            "size": [
                0.15068,
                0.17726,
                0.74884
            ]
        },
        "distance": 0.23152026486210606
    },
    {
        "case": 3,
        "collider1": {
            "type": "Box",
            "collider2origin": [
                [
                    0.9077781725128689,
                    0.4194505805326724,
                    0.0,
                    0.4158817547107895
                ],
                [
                    -0.4194505805326724,
                    0.9077781725128689,
                    0.0,
                    0.733173894971941
                ],
                [
                    0.0,
                    0.0,
                    1.0,
                    -0.6599999999999999
                ],
                [
                    0.0,
                    0.0,
                    0.0,
                    1.0
                ]
            ],
            "size": [
                0.6,
                1.0,
                0.8
            ]
        },
        "collider2": {
            "type": "Box",
            "collider2origin": [
                [
                    0.052421537145697326,
                    0.9889622592852224,
                    0.13858438639598233,
                    0.5141804476190474
                ],
                [
                    0.34986229478286207,
                    -0.1481676404777415,
                    0.9250095810339094,
                    1.0515785873547383
                ],
                [
                    0.9353332866591201,
                    -4.97266672178827e-06,
                    -0.35376778095626593,
                    -0.20891286523909813
                ],
                [
                    0.0,
                    0.0,
                    0.0,
                    1.0
                ]
            ],
            "size": [
                0.15068,
                0.17726,
                0.74884
            ]
        },
        "distance": 0.0
    },
    {
        "case": 4,
        "collider1": {
            "type": "Box",
            "collider2origin": [
                [
                    0.9077781725128689,
                    0.4194505805326724,
                    0.0,
                    0.27063700059322826
                ],
                [
                    -0.4194505805326724,
                    0.9077781725128689,
                    0.0,
                    0.8002854543438492
                ],
                [
                    0.0,
                    0.0,
                    1.0,
                    -0.25
                ],
                [
                    0.0,
                    0.0,
                    0.0,
                    1.0
                ]
            ],
            "size": [
                0.2,
                0.2,
                0.02
            ]
        },
        "collider2": {
            "type": "Box",
            "collider2origin": [
                [
                    0.052421537145697326,
                    0.9889622592852224,
                    0.13858438639598233,
                    0.5141804476190474
                ],
                [
                    0.34986229478286207,
                    -0.1481676404777415,
                    0.9250095810339094,
                    1.0515785873547383
                ],
                [
                    0.9353332866591201,
                    -4.97266672178827e-06,
                    -0.35376778095626593,
                    -0.20891286523909813
                ],
                [
                    0.0,
                    0.0,
                    0.0,
                    1.0
                ]
            ],
            "size": [
                0.15068,
                0.17726,
                0.74884
            ]
        },
        "distance": 0.029290660001157483
    },
    {
        "case": 5,
        "collider1": {
            "type": "Box",
            "collider2origin": [
                [
                    0.907778172512869,
                    0.4194505805326725,
                    0.0,
                    0.9947946797881562
                ],
                [
                    -0.4194505805326725,
                    0.907778172512869,
                    0.0,
                    0.5317739604993647
                ],
                [
                    0.0,
                    0.0,
                    1.0,
                    -0.69
                ],
                [
                    0.0,
                    0.0,
                    0.0,
                    1.0
                ]
            ],
            "size": [
                0.6,
                1.2,
                0.75
            ]
        },
        "collider2": {
            "type": "Box",
            "collider2origin": [
                [
                    0.052421537145697326,
                    0.9889622592852224,
                    0.13858438639598233,
                    0.5141804476190474
                ],
                [
                    0.34986229478286207,
                    -0.1481676404777415,
                    0.9250095810339094,
                    1.0515785873547383
                ],
                [
                    0.9353332866591201,
                    -4.97266672178827e-06,
                    -0.35376778095626593,
                    -0.20891286523909813
                ],
                [
                    0.0,
                    0.0,
                    0.0,
                    1.0
                ]
            ],
            "size": [
                0.15068,
                0.17726,
                0.74884
            ]
        },
        "distance": 0.23152026486210606
    },
    {
        "case": 6,
        "collider1": {
            "type": "Box",
            "collider2origin": [
                [
                    0.9077781725128689,
                    0.4194505805326724,
                    0.0,
                    0.4158817547107895
                ],
                [
                    -0.4194505805326724,
                    0.9077781725128689,
                    0.0,
                    0.733173894971941
                ],
                [
                    0.0,
                    0.0,
                    1.0,
                    -0.6599999999999999
                ],
                [
                    0.0,
                    0.0,
                    0.0,
                    1.0
                ]
            ],
            "size": [
                0.6,
                1.0,
                0.8
            ]
        },
        "collider2": {
            "type": "Box",
            "collider2origin": [
                [
                    -0.147538729025341,
                    0.9889618004506445,
                    0.013670431120010441,
                    0.4363281883697097
                ],
                [
                    -0.9847437145908008,
                    -0.1481707030739198,
                    0.09124285903286929,
                    1.38461582345732
                ],
                [
                    0.09226125953778626,
                    -1.5666828876985308e-08,
                    0.9957348341744907,
                    -0.04001622923042558
                ],
                [
                    0.0,
                    0.0,
                    0.0,
                    1.0
                ]
            ],
            "size": [
                0.1202,
                0.13634,
                0.67816
            ]
        },
        "distance": 0.0
    }
]