[
    {
        "case": 0,
        "collider1": {
            "type": "Box",
            "collider2origin": [
                [
                    0.9077781725128689,
                    0.4194505805326724,
                    0.0,
                    0.4158817547107895
                ],
                [
                    -0.4194505805326724,
                    0.9077781725128689,
                    0.0,
                    0.733173894971941
                ],
                [
                    0.0,
                    0.0,
                    1.0,
                    -0.6599999999999999
                ],
                [
                    0.0,
                    0.0,
                    0.0,
                    1.0
                ]
            ],
            "size": [
                0.6,
                1.0,
                0.8
            ]
        },
        "collider2": {
            "type": "Box",
            "collider2origin": [
                [
                    -0.03772805891057291,
                    -0.999034681032454,
                    0.022501103644568175,
                    0.13238075886375275
                ],
                [
                    -0.858103622101086,
                    0.04392841959094802,
                    0.5115940457914244,
                    0.9612147177256322
                ],
                [
                    -0.5120886322774962,
                    -6.8282407586937945e-06,
                    -0.8589326124007274,
                    -0.3603040125649315
                ],
                [
                    0.0,
                    0.0,
                    0.0,
                    1.0
                ]
            ],
            "size": [
                0.15068,
                0.17726,
                0.74884
            ]
        },
        "distance": 0.0
    },
    {
        "case": 1,
        "collider1": {
            "type": "Box",
            "collider2origin": [
                [
                    0.9077781725128689,
                    0.4194505805326724,
                    0.0,
                    0.27063700059322826
                ],
                [
                    -0.4194505805326724,
                    0.9077781725128689,
                    0.0,
                    0.8002854543438492
                ],
                [
                    0.0,
                    0.0,
                    1.0,
                    -0.25
                ],
                [
                    0.0,
                    0.0,
                    0.0,
                    1.0
                ]
            ],
            "size": [
                0.2,
                0.2,
                0.02
            ]
        },
        "collider2": {
            "type": "Box",
            "collider2origin": [
                [
                    -0.03772805891057291,
                    -0.999034681032454,
                    0.022501103644568175,
                    0.13238075886375275
                ],
                [
                    -0.858103622101086,
                    0.04392841959094802,
                    0.5115940457914244,
                    0.9612147177256322
                ],
                [
                    -0.5120886322774962,
                    -6.8282407586937945e-06,
                    -0.8589326124007274,
                    -0.3603040125649315
                ],
                [
                    0.0,
                    0.0,
                    0.0,
                    1.0
                ]
            ],
            "size": [
                0.15068,
                0.17726,
                0.74884
            ]
        },
        "distance": 0.0
    },
    {
        "case": 2,
        "collider1": {
            "type": "Box",
            "collider2origin": [
                [
                    0.9081427509232697,
                    -0.4186606548811531,
                    0.0,
                    -0.09474126814702305
                ],
                [
                    0.41866065488115317,
                    0.9081427509232698,
                    0.0,
                    1.368923948110301
                ],
                [
                    0.0,
                    0.0,
                    1.0,
                    -0.21500000000000008
                ],
                [
                    0.0,
                    0.0,
                    0.0,
                    1.0
                ]
            ],
            "size": [
                0.2,
                0.3,
                0.22
            ]
        },
        "collider2": {
            "type": "Box",
            "collider2origin": [
                [
                    -0.03772805891057291,
                    -0.999034681032454,
                    0.022501103644568175,
                    0.13238075886375275
                ],
                [
                    -0.858103622101086,
                    0.04392841959094802,
                    0.5115940457914244,
                    0.9612147177256322
                ],
                [
                    -0.5120886322774962,
                    -6.8282407586937945e-06,
                    -0.8589326124007274,
                    -0.3603040125649315
                ],
                [
                    0.0,
                    0.0,
                    0.0,
                    1.0
                ]
            ],
            "size": [
                0.15068,
                0.17726,
                0.74884
            ]
        },
        "distance": 0.19039928224140104
    },
    {
        "case": 3,
        "collider1": {
            "type": "Box",
            "collider2origin": [
                [
                    0.9077781725128689,
                    0.4194505805326724,
                    0.0,
                    0.4158817547107895
                ],
                [
                    -0.4194505805326724,
                    0.9077781725128689,
                    0.0,
                    0.733173894971941
                ],
                [
                    0.0,
                    0.0,
                    1.0,
                    -0.6599999999999999
                ],
                [
                    0.0,
                    0.0,
                    0.0,
                    1.0
                ]
            ],
            "size": [
                0.6,
                1.0,
                0.8
            ]
        },
        "collider2": {
            "type": "Box",
            "collider2origin": [
                [
                    -0.03772805891057291,
                    -0.999034681032454,
                    0.022501103644568175,
                    0.13238075886375275
                ],
                [
                    -0.858103622101086,
                    0.04392841959094802,
                    0.5115940457914244,
                    0.9612147177256322
                ],
                [
                    -0.5120886322774962,
                    -6.8282407586937945e-06,
                    -0.8589326124007274,
                    -0.3603040125649315
                ],
                [
                    0.0,
                    0.0,
                    0.0,
                    1.0
                ]
            ],
            "size": [
                0.15068,
                0.17726,
                0.74884
            ]
        },
        "distance": 0.0
    },
    {
        "case": 4,
        "collider1": {
            "type": "Box",
            "collider2origin": [
                [
                    0.9077781725128689,
                    0.4194505805326724,
                    0.0,
                    0.27063700059322826
                ],
                [
                    -0.4194505805326724,
                    0.9077781725128689,
                    0.0,
                    0.8002854543438492
                ],
                [
                    0.0,
                    0.0,
                    1.0,
                    -0.25
                ],
                [
                    0.0,
                    0.0,
                    0.0,
                    1.0
                ]
            ],
            "size": [
                0.2,
                0.2,
                0.02
            ]
        },
        "collider2": {
            "type": "Box",
            "collider2origin": [
                [
                    -0.03772805891057291,
                    -0.999034681032454,
                    0.022501103644568175,
                    0.13238075886375275
                ],
                [
                    -0.858103622101086,
                    0.04392841959094802,
                    0.5115940457914244,
                    0.9612147177256322
                ],
                [
                    -0.5120886322774962,
                    -6.8282407586937945e-06,
                    -0.8589326124007274,
                    -0.3603040125649315
                ],
                [
                    0.0,
                    0.0,
                    0.0,
                    1.0
                ]
            ],
            "size": [
                0.15068,
                0.17726,
                0.74884
            ]
        },
        "distance": 0.0
    },
    {
        "case": 5,
        "collider1": {
            "type": "Box",
            "collider2origin": [
                [
                    0.9081427509232697,
                    -0.4186606548811531,
                    0.0,
                    -0.09474126814702305
                ],
                [
                    0.41866065488115317,
                    0.9081427509232698,
                    0.0,
                    1.368923948110301
                ],
                [
                    0.0,
                    0.0,
                    1.0,
                    -0.21500000000000008
                ],
                [
                    0.0,
                    0.0,
                    0.0,
                    1.0
                ]
            ],
            "size": [
                0.2,
                0.3,
                0.22
            ]
        },
        "collider2": {
            "type": "Box",
            "collider2origin": [
                [
                    -0.03772805891057291,
                    -0.999034681032454,
                    0.022501103644568175,
                    0.13238075886375275
                ],
                [
                    -0.858103622101086,
                    0.04392841959094802,
                    0.5115940457914244,
                    0.9612147177256322
                ],
                [
                    -0.5120886322774962,
                    -6.8282407586937945e-06,
                    -0.8589326124007274,
                    -0.3603040125649315
                ],
                [
                    0.0,
                    0.0,
                    0.0,
                    1.0
                ]
            ],
            "size": [
                0.15068,
                0.17726,
                0.74884
            ]
        },
        "distance": 0.19039928224140104
    },
    {
        "case": 6,
        "collider1": {
            "type": "Box",
            "collider2origin": [
                [
                    0.9077781725128689,
                    0.4194505805326724,
                    0.0,
                    0.4158817547107895
                ],
                [
                    -0.4194505805326724,
                    0.9077781725128689,
                    0.0,
                    0.733173894971941
                ],
                [
                    0.0,
                    0.0,
                    1.0,
                    -0.6599999999999999
                ],
                [
                    0.0,
                    0.0,
                    0.0,
                    1.0
                ]
            ],
            "size": [
                0.6,
                1.0,
                0.8
            ]
        },
        "collider2": {
            "type": "Box",
            "collider2origin": [
                [
                    -0.04224367077070013,
                    -0.9990347194368764,
                    0.012045814189931376,
                    0.2689942796337346
                ],
                [
                    -0.960783661717356,
                    0.04392754611583182,
                    0.27379760055418856,
                    1.1920474048478233
                ],
                [
                    -0.27406245211047453,
                    -7.20577015037332e-06,
                    -0.9617118967192153,
                    -0.8980035838876653
                ],
                [
                    0.0,
                    0.0,
                    0.0,
                    1.0
                ]
            ],
            "size": [
                0.1202,
                0.13634,
                0.67816
            ]
        },
        "distance": 0.0
    },
    {
        "case": 7,
        "collider1": {
            "type": "Box",
            "collider2origin": [
                [
                    0.9077781725128689,
                    0.4194505805326724,
                    0.0,
                    0.4158817547107895
                ],
                [
                    -0.4194505805326724,
                    0.9077781725128689,
                    0.0,
                    0.733173894971941
                ],
                [
                    0.0,
                    0.0,
                    1.0,
                    -0.6599999999999999
                ],
                [
                    0.0,
                    0.0,
                    0.0,
                    1.0
                ]
            ],
            "size": [
                0.6,
                1.0,
                0.8
            ]
        },
        "collider2": {
            "type": "Box",
            "collider2origin": [
                [
                    0.7749388917722766,
                    0.6312782432914298,
                    0.03094339292388562,
                    0.16174390291440277
                ],
                [
                    -0.4653971415362722,
                    0.5368132517814199,
                    0.7037307960873427,
                    1.356899372938794
                ],
                [
                    0.4276391173274757,
                    -0.5597493298421575,
                    0.7097925563660363,
                    -1.100490304624199
                ],
                [
                    0.0,
                    0.0,
                    0.0,
                    1.0
                ]
            ],
            "size": [
                0.09126,
                0.11887,
                0.10009
            ]
        },
        "distance": 0.14140517712428324
    }
]