[
    {
        "case": 0,
        "collider1": {
            "type": "Box",
            "collider2origin": [
                [
                    0.718022042059392,
                    -0.6960203640101781,
                    0.0,
                    0.13748258467077087
                ],
                [
                    0.6960203640101781,
                    0.718022042059392,
                    0.0,
                    1.5384737068316263
                ],
                [
                    0.0,
                    0.0,
                    1.0,
                    -0.21500000000000008
                ],
                [
                    0.0,
                    0.0,
                    0.0,
                    1.0
                ]
            ],
            "size": [
                0.2,
                0.3,
                0.22
            ]
        },
        "collider2": {
            "type": "Box",
            "collider2origin": [
                [
                    0.2577735001034972,
                    -0.8836803628377171,
                    0.39071964242842083,
                    0.26293988324755985
                ],
                [
                    0.48663206467246767,
                    0.468090820602452,
                    0.7376179345029067,
                    1.1029157397619047
                ],
                [
                    -0.8347107620469522,
                    -1.650412895631664e-06,
                    0.5506886086712457,
                    0.06257197236916356
                ],
                [
                    0.0,
                    0.0,
                    0.0,
                    1.0
                ]
            ],
            "size": [
                0.15068,
                0.17726,
                0.74884
            ]
        },
        "distance": 0.201775958791385
    },
    {
        "case": 1,
        "collider1": {
            "type": "Box",
            "collider2origin": [
                [
                    0.8404842512412337,
                    -0.5418359746412772,
                    0.0,
                    0.011439976095501792
                ],
                [
                    0.5418359746412771,
                    0.8404842512412338,
                    0.0,
                    1.4325762997644957
                ],
                [
                    0.0,
                    0.0,
                    1.0,
                    -0.21500000000000008
                ],
                [
                    0.0,
                    0.0,
                    0.0,
                    1.0
                ]
            ],
            "size": [
                0.2,
                0.3,
                0.22
            ]
        },
        "collider2": {
            "type": "Box",
            "collider2origin": [
                [
                    0.2577735001034972,
                    -0.8836803628377171,
                    0.39071964242842083,
                    0.26293988324755985
                ],
                [
                    0.48663206467246767,
                    0.468090820602452,
                    0.7376179345029067,
                    1.1029157397619047
                ],
                [
                    -0.8347107620469522,
                    -1.650412895631664e-06,
                    0.5506886086712457,
                    0.06257197236916356
                ],
                [
                    0.0,
                    0.0,
                    0.0,
                    1.0
                ]
            ],
            "size": [
                0.15068,
                0.17726,
                0.74884
            ]
        },
        "distance": 0.1954939160667946
    },
    {
        "case": 2,
        "collider1": {
            "type": "Box",
            "collider2origin": [
                [
                    0.9081427509232697,
                    -0.4186606548811531,
                    0.0,
                    -0.09474126814702305
                ],
                [
                    0.41866065488115317,
                    0.9081427509232698,
                    0.0,
                    1.368923948110301
                ],
                [
                    0.0,
                    0.0,
                    1.0,
                    -0.21500000000000008
                ],
                [
                    0.0,
                    0.0,
                    0.0,
                    1.0
                ]
            ],
            "size": [
                0.2,
                0.3,
                0.22
            ]
        },
        "collider2": {
            "type": "Box",
            "collider2origin": [
                [
                    0.2577735001034972,
                    -0.8836803628377171,
                    0.39071964242842083,
                    0.26293988324755985
                ],
                [
                    0.48663206467246767,
                    0.468090820602452,
                    0.7376179345029067,
                    1.1029157397619047
                ],
                [
                    -0.8347107620469522,
                    -1.650412895631664e-06,
                    0.5506886086712457,
                    0.06257197236916356
                ],
                [
                    0.0,
                    0.0,
                    0.0,
                    1.0
                ]
            ],
            "size": [
                0.15068,
                0.17726,
                0.74884
            ]
        },
        "distance": 0.19675963026619359
    },
    {
        "case": 3,
        "collider1": {
            "type": "Box",
            "collider2origin": [
                [
                    0.718022042059392,
                    -0.6960203640101781,
                    0.0,
                    0.13748258467077087
                ],
                [
                    0.6960203640101781,
                    0.718022042059392,
                    0.0,
                    1.5384737068316263
                ],
                [
                    0.0,
                    0.0,
                    1.0,
                    -0.21500000000000008
                ],
                [
                    0.0,
                    0.0,
                    0.0,
                    1.0
                ]
            ],
            "size": [
                0.2,
                0.3,
                0.22
            ]
        },
        "collider2": {
            "type": "Box",
            "collider2origin": [
                [
                    0.2577735001034972,
                    -0.8836803628377171,
                    0.39071964242842083,
                    0.26293988324755985
                ],
                [
                    0.48663206467246767,
                    0.468090820602452,
                    0.7376179345029067,
                    1.1029157397619047
                ],
                [
                    -0.8347107620469522,
                    -1.650412895631664e-06,
                    0.5506886086712457,
                    0.06257197236916356
                ],
                [
                    0.0,
                    0.0,
                    0.0,
                    1.0
                ]
            ],
            "size": [
                0.15068,
                0.17726,
                0.74884
            ]
        },
        "distance": 0.201775958791385
    },
    {
        "case": 4,
        "collider1": {
            "type": "Box",
            "collider2origin": [
                [
                    0.8404842512412337,
                    -0.5418359746412772,
                    0.0,
                    0.011439976095501792
                ],
                [
                    0.5418359746412771,
                    0.8404842512412338,
                    0.0,
                    1.4325762997644957
                ],
                [
                    0.0,
                    0.0,
                    1.0,
                    -0.21500000000000008
                ],
                [
                    0.0,
                    0.0,
                    0.0,
                    1.0
                ]
            ],
            "size": [
                0.2,
                0.3,
                0.22
            ]
        },
        "collider2": {
            "type": "Box",
            "collider2origin": [
                [
                    0.2577735001034972,
                    -0.8836803628377171,
                    0.39071964242842083,
                    0.26293988324755985
                ],
                [
                    0.48663206467246767,
                    0.468090820602452,
                    0.7376179345029067,
                    1.1029157397619047
                ],
                [
                    -0.8347107620469522,
                    -1.650412895631664e-06,
                    0.5506886086712457,
                    0.06257197236916356
                ],
                [
                    0.0,
                    0.0,
                    0.0,
                    1.0
                ]
            ],
            "size": [
                0.15068,
                0.17726,
                0.74884
            ]
        },
        "distance": 0.1954939160667946
    },
    {
        "case": 5,
        "collider1": {
            "type": "Box",
            "collider2origin": [
                [
                    0.9081427509232697,
                    -0.4186606548811531,
                    0.0,
                    -0.09474126814702305
                ],
                [
                    0.41866065488115317,
                    0.9081427509232698,
                    0.0,
                    1.368923948110301
                ],
                [
                    0.0,
                    0.0,
                    1.0,
                    -0.21500000000000008
                ],
                [
                    0.0,
                    0.0,
                    0.0,
                    1.0
                ]
            ],
            "size": [
                0.2,
                0.3,
                0.22
            ]
        },
        "collider2": {
            "type": "Box",
            "collider2origin": [
                [
                    0.2577735001034972,
                    -0.8836803628377171,
                    0.39071964242842083,
                    0.26293988324755985
                ],
                [
                    0.48663206467246767,
                    0.468090820602452,
                    0.7376179345029067,
                    1.1029157397619047
                ],
                [
                    -0.8347107620469522,
                    -1.650412895631664e-06,
                    0.5506886086712457,
                    0.06257197236916356
                ],
                [
                    0.0,
                    0.0,
                    0.0,
                    1.0
                ]
            ],
            "size": [
                0.15068,
                0.17726,
                0.74884
            ]
        },
        "distance": 0.19675963026619359
    }
]