[
    {
        "case": 0,
        "collider1": {
            "type": "Box",
            "collider2origin": [
                [
                    1.0,
                    0.0,
                    0.0,
                    0.35
                ],
                [
                    0.0,
                    1.0,
                    0.0,
                    -0.34649
                ],
                [
                    0.0,
                    0.0,
                    1.0,
                    -0.54511
                ],
                [
                    0.0,
                    0.0,
                    0.0,
                    1.0
                ]
            ],
            "size": [
                0.7,
                0.7,
                1.1
            ]
        },
        "collider2": {
            "type": "Box",
            "collider2origin": [
                [
                    0.8386234887756601,
                    -0.37974085225006166,
                    -0.39052212383696855,
                    0.23165177058947195
                ],
                [
                    0.14024953669557189,
                    -0.542232550123445,
                    0.82844066114798,
                    -0.010019273705278109
                ],
                [
                    -0.5263465697906818,
                    -0.7495203444330389,
                    -0.4014704743197937,
                    -1.071037854954289
                ],
                [
                    0.0,
                    0.0,
                    0.0,
                    1.0
                ]
            ],
            "size": [
                0.06241,
                0.05638,
                0.02858
            ]
        },
        "distance": 0.0
    },
    {
        "case": 1,
        "collider1": {
            "type": "Box",
            "collider2origin": [
                [
                    0.9077781725128689,
                    0.4194505805326724,
                    0.0,
                    0.4158817547107895
                ],
                [
                    -0.4194505805326724,
                    0.9077781725128689,
                    0.0,
                    0.733173894971941
                ],
                [
                    0.0,
                    0.0,
                    1.0,
                    -0.6599999999999999
                ],
                [
                    0.0,
                    0.0,
                    0.0,
                    1.0
                ]
            ],
            "size": [
                0.6,
                1.0,
                0.8
            ]
        },
        "collider2": {
            "type": "Box",
            "collider2origin": [
                [
                    0.1141020620495177,
                    -0.9788441684170317,
                    0.1698376088857167,
                    0.18008625453484453
                ],
                [
                    -0.5458894107794817,
                    -0.20460716977474608,
                    -0.8124904044206298,
                    0.520619400588801
                ],
                [
                    0.8300514867373457,
                    -5.721702979513572e-06,
                    -0.5576867663235192,
                    -0.2700720311795164
                ],
                [
                    0.0,
                    0.0,
                    0.0,
                    1.0
                ]
            ],
            "size": [
                0.15068,
                0.17726,
                0.74884
            ]
        },
        "distance": 0.0
    },
    {
        "case": 2,
        "collider1": {
            "type": "Box",
            "collider2origin": [
                [
                    0.9077781725128689,
                    0.4194505805326724,
                    0.0,
                    0.27063700059322826
                ],
                [
                    -0.4194505805326724,
                    0.9077781725128689,
                    0.0,
                    0.8002854543438492
                ],
                [
                    0.0,
                    0.0,
                    1.0,
                    -0.25
                ],
                [
                    0.0,
                    0.0,
                    0.0,
                    1.0
                ]
            ],
            "size": [
                0.2,
                0.2,
                0.02
            ]
        },
        "collider2": {
            "type": "Box",
            "collider2origin": [
                [
                    0.1141020620495177,
                    -0.9788441684170317,
                    0.1698376088857167,
                    0.18008625453484453
                ],
                [
                    -0.5458894107794817,
                    -0.20460716977474608,
                    -0.8124904044206298,
                    0.520619400588801
                ],
                [
                    0.8300514867373457,
                    -5.721702979513572e-06,
                    -0.5576867663235192,
                    -0.2700720311795164
                ],
                [
                    0.0,
                    0.0,
                    0.0,
                    1.0
                ]
            ],
            "size": [
                0.15068,
                0.17726,
                0.74884
            ]
        },
        "distance": 0.0
    },
    {
        "case": 3,
        "collider1": {
            "type": "Box",
            "collider2origin": [
                [
                    0.9077781725128689,
                    0.4194505805326724,
                    0.0,
                    0.4158817547107895
                ],
                [
                    -0.4194505805326724,
                    0.9077781725128689,
                    0.0,
                    0.733173894971941
                ],
                [
                    0.0,
                    0.0,
                    1.0,
                    -0.6599999999999999
                ],
                [
                    0.0,
                    0.0,
                    0.0,
                    1.0
                ]
            ],
            "size": [
                0.6,
                1.0,
                0.8
            ]
        },
        "collider2": {
            "type": "Box",
            "collider2origin": [
                [
                    0.1141020620495177,
                    -0.9788441684170317,
                    0.1698376088857167,
                    0.18008625453484453
                ],
                [
                    -0.5458894107794817,
                    -0.20460716977474608,
                    -0.8124904044206298,
                    0.520619400588801
                ],
                [
                    0.8300514867373457,
                    -5.721702979513572e-06,
                    -0.5576867663235192,
                    -0.2700720311795164
                ],
                [
                    0.0,
                    0.0,
                    0.0,
                    1.0
                ]
            ],
            "size": [
                0.15068,
                0.17726,
                0.74884
            ]
        },
        "distance": 0.0
    },
    {
        "case": 4,
        "collider1": {
            "type": "Box",
            "collider2origin": [
                [
                    0.9077781725128689,
                    0.4194505805326724,
                    0.0,
                    0.27063700059322826
                ],
                [
                    -0.4194505805326724,
                    0.9077781725128689,
                    0.0,
                    0.8002854543438492
                ],
                [
                    0.0,
                    0.0,
                    1.0,
                    -0.25
                ],
                [
                    0.0,
                    0.0,
                    0.0,
                    1.0
                ]
            ],
            "size": [
                0.2,
                0.2,
                0.02
            ]
        },
        "collider2": {
            "type": "Box",
            "collider2origin": [
                [
                    0.1141020620495177,
                    -0.9788441684170317,
                    0.1698376088857167,
                    0.18008625453484453
                ],
                [
                    -0.5458894107794817,
                    -0.20460716977474608,
                    -0.8124904044206298,
                    0.520619400588801
                ],
                [
                    0.8300514867373457,
                    -5.721702979513572e-06,
                    -0.5576867663235192,
                    -0.2700720311795164
                ],
                [
                    0.0,
                    0.0,
                    0.0,
                    1.0
                ]
            ],
            "size": [
                0.15068,
                0.17726,
                0.74884
            ]
        },
        "distance": 0.0
    },
    {
        "case": 5,
        "collider1": {
            "type": "Box",
            "collider2origin": [
                [
                    1.0,
                    0.0,
                    0.0,
                    0.35
                ],
                [
                    0.0,
                    1.0,
                    0.0,
                    -0.34649
                ],
                [
                    0.0,
                    0.0,
                    1.0,
                    -0.54511
                ],
                [
                    0.0,
                    0.0,
                    0.0,
                    1.0
                ]
            ],
            "size": [
                0.7,
                0.7,
                1.1
            ]
        },
        "collider2": {
            "type": "Box",
            "collider2origin": [
                [
                    0.9043920173833025,
                    -0.3778787685221248,
                    -0.1981986760641011,
                    0.29036450572487976
                ],
                [
                    0.07930326360258357,
                    -0.30754635808287795,
                    0.948222669003403,
                    0.040508631302174525
                ],
                [
                    -0.41926849544813066,
                    -0.8732828144021615,
                    -0.24817545163553179,
                    -0.9330024727981213
                ],
                [
                    0.0,
                    0.0,
                    0.0,
                    1.0
                ]
            ],
            "size": [
                0.09126,
                0.11887,
                0.10009
            ]
        },
        "distance": 0.0
    },
    {
        "case": 6,
        "collider1": {
            "type": "Box",
            "collider2origin": [
                [
                    1.0,
                    0.0,
                    0.0,
                    0.35
                ],
                [
                    0.0,
                    1.0,
                    0.0,
                    -0.34649
                ],
                [
                    0.0,
                    0.0,
                    1.0,
                    -0.54511
                ],
                [
                    0.0,
                    0.0,
                    0.0,
                    1.0
                ]
            ],
            "size": [
                0.7,
                0.7,
                1.1
            ]
        },
        "collider2": {
            "type": "Box",
            "collider2origin": [
                [
                    0.12310009139573315,
                    -0.3778746698299505,
                    0.9176366935771845,
                    0.26223499137962086
                ],
                [
                    -0.9515314477315889,
                    -0.307549837423305,
                    0.0010007390893519794,
                    0.021103434476937077
                ],
                [
                    0.2818408619703474,
                    -0.8732833626044892,
                    -0.39741904473994066,
                    -0.9995129490156949
                ],
                [
                    0.0,
                    0.0,
                    0.0,
                    1.0
                ]
            ],
            "size": [
                0.08993,
                0.0305,
                0.09007
            ]
        },
        "distance": 0.0
    },
    {
        "case": 7,
        "collider1": {
            "type": "Box",
            "collider2origin": [
                [
                    1.0,
                    0.0,
                    0.0,
                    0.35
                ],
                [
                    0.0,
                    1.0,
                    0.0,
                    -0.34649
                ],
                [
                    0.0,
                    0.0,
                    1.0,
                    -0.54511
                ],
                [
                    0.0,
                    0.0,
                    0.0,
                    1.0
                ]
            ],
            "size": [
                0.7,
                0.7,
                1.1
            ]
        },
        "collider2": {
            "type": "Box",
            "collider2origin": [
                [
                    0.050781219117349695,
                    -0.9788455202897917,
                    -0.1981986760641011,
                    0.316694582207889
                ],
                [
                    -0.24292452037716641,
                    -0.20460070231449923,
                    0.948222669003403,
                    -0.061656188013930135
                ],
                [
                    -0.9687151001117299,
                    -4.5848044388504794e-06,
                    -0.24817545163553179,
                    -0.9037634752168007
                ],
                [
                    0.0,
                    0.0,
                    0.0,
                    1.0
                ]
            ],
            "size": [
                0.09102,
                0.10007,
                0.11882
            ]
        },
        "distance": 0.0
    },
    {
        "case": 8,
        "collider1": {
            "type": "Box",
            "collider2origin": [
                [
                    1.0,
                    0.0,
                    0.0,
                    0.35
                ],
                [
                    0.0,
                    1.0,
                    0.0,
                    -0.34649
                ],
                [
                    0.0,
                    0.0,
                    1.0,
                    -0.54511
                ],
                [
                    0.0,
                    0.0,
                    0.0,
                    1.0
                ]
            ],
            "size": [
                0.7,
                0.7,
                1.1
            ]
        },
        "collider2": {
            "type": "Box",
            "collider2origin": [
                [
                    0.9018372942553653,
                    -0.37973722713637237,
                    -0.20612892329059632,
                    0.21425779218291352
                ],
                [
                    -0.03645391822316796,
                    -0.5422363011756748,
                    0.8394348727170569,
                    -0.03975156604251362
                ],
                [
                    -0.4305352558575664,
                    -0.7495194674016821,
                    -0.5028518285236298,
                    -1.1090356970978283
                ],
                [
                    0.0,
                    0.0,
                    0.0,
                    1.0
                ]
            ],
            "size": [
                0.07264,
                0.04753,
                0.03326
            ]
        },
        "distance": 0.0
    },
    {
        "case": 9,
        "collider1": {
            "type": "Box",
            "collider2origin": [
                [
                    0.9077781725128689,
                    0.4194505805326724,
                    0.0,
                    0.4158817547107895
                ],
                [
                    -0.4194505805326724,
                    0.9077781725128689,
                    0.0,
                    0.733173894971941
                ],
                [
                    0.0,
                    0.0,
                    1.0,
                    -0.6599999999999999
                ],
                [
                    0.0,
                    0.0,
                    0.0,
                    1.0
                ]
            ],
            "size": [
                0.6,
                1.0,
                0.8
            ]
        },
        "collider2": {
            "type": "Box",
            "collider2origin": [
                [
                    0.1642077026153481,
                    -0.9788443438998866,
                    0.12206383910474779,
                    0.390971500027831
                ],
                [
                    -0.7855951018725246,
                    -0.20460633023286395,
                    -0.5839320042115671,
                    0.12921754066112223
                ],
                [
                    0.5965535737179742,
                    -6.6212212886184e-06,
                    -0.8025732574914717,
                    -0.669077272309659
                ],
                [
                    0.0,
                    0.0,
                    0.0,
                    1.0
                ]
            ],
            "size": [
                0.1202,
                0.13634,
                0.67816
            ]
        },
        "distance": 0.0
    },
    {
        "case": 10,
        "collider1": {
            "type": "Box",
            "collider2origin": [
                [
                    0.907778172512869,
                    0.4194505805326725,
                    0.0,
                    0.9947946797881562
                ],
                [
                    -0.4194505805326725,
                    0.907778172512869,
                    0.0,
                    0.5317739604993647
                ],
                [
                    0.0,
                    0.0,
                    1.0,
                    -0.69
                ],
                [
                    0.0,
                    0.0,
                    0.0,
                    1.0
                ]
            ],
            "size": [
                0.6,
                1.2,
                0.75
            ]
        },
        "collider2": {
            "type": "Box",
            "collider2origin": [
                [
                    0.1642077026153481,
                    -0.9788443438998866,
                    0.12206383910474779,
                    0.390971500027831
                ],
                [
                    -0.7855951018725246,
                    -0.20460633023286395,
                    -0.5839320042115671,
                    0.12921754066112223
                ],
                [
                    0.5965535737179742,
                    -6.6212212886184e-06,
                    -0.8025732574914717,
                    -0.669077272309659
                ],
                [
                    0.0,
                    0.0,
                    0.0,
                    1.0
                ]
            ],
            "size": [
                0.1202,
                0.13634,
                0.67816
            ]
        },
        "distance": 0.006629762543298407
    },
    {
        "case": 11,
        "collider1": {
            "type": "Box",
            "collider2origin": [
                [
                    1.0,
                    0.0,
                    0.0,
                    0.35
                ],
                [
                    0.0,
                    1.0,
                    0.0,
                    -0.34649
                ],
                [
                    0.0,
                    0.0,
                    1.0,
                    -0.54511
                ],
                [
                    0.0,
                    0.0,
                    0.0,
                    1.0
                ]
            ],
            "size": [
                0.7,
                0.7,
                1.1
            ]
        },
        "collider2": {
            "type": "Box",
            "collider2origin": [
                [
                    0.1642077026153481,
                    -0.9788443438998866,
                    0.12206383910474779,
                    0.390971500027831
                ],
                [
                    -0.7855951018725246,
                    -0.20460633023286395,
                    -0.5839320042115671,
                    0.12921754066112223
                ],
                [
                    0.5965535737179742,
                    -6.6212212886184e-06,
                    -0.8025732574914717,
                    -0.669077272309659
                ],
                [
                    0.0,
                    0.0,
                    0.0,
                    1.0
                ]
            ],
            "size": [
                0.1202,
                0.13634,
                0.67816
            ]
        },
        "distance": 0.0
    }
]