[
    {
        "case": 0,
        "collider1": {
            "type": "Box",
            "collider2origin": [
                [
                    0.9077781725128689,
                    0.4194505805326724,
                    0.0,
                    0.4158817547107895
                ],
                [
                    -0.4194505805326724,
                    0.9077781725128689,
                    0.0,
                    0.733173894971941
                ],
                [
                    0.0,
                    0.0,
                    1.0,
                    -0.6599999999999999
                ],
                [
                    0.0,
                    0.0,
                    0.0,
                    1.0
                ]
            ],
            "size": [
                0.6,
                1.0,
                0.8
            ]
        },
        "collider2": {
            "type": "Box",
            "collider2origin": [
                [
                    0.5218383216832715,
                    0.41255762278114233,
                    -0.7466464852311024,
                    0.14798558545788013
                ],
                [
                    0.23634390911110037,
                    -0.9109315055764585,
                    -0.3381498909866602,
                    0.5395470312045627
                ],
                [
                    -0.8196501220940982,
                    -5.7774537222274756e-06,
                    -0.5728644493401125,
                    -0.2744617283246168
                ],
                [
                    0.0,
                    0.0,
                    0.0,
                    1.0
                ]
            ],
            "size": [
                0.15068,
                0.17726,
                0.74884
            ]
        },
        "distance": 0.0
    },
    {
        "case": 1,
        "collider1": {
            "type": "Box",
            "collider2origin": [
                [
                    0.9077781725128689,
                    0.4194505805326724,
                    0.0,
                    0.27063700059322826
                ],
                [
                    -0.4194505805326724,
                    0.9077781725128689,
                    0.0,
                    0.8002854543438492
                ],
                [
                    0.0,
                    0.0,
                    1.0,
                    -0.25
                ],
                [
                    0.0,
                    0.0,
                    0.0,
                    1.0
                ]
            ],
            "size": [
                0.2,
                0.2,
                0.02
            ]
        },
        "collider2": {
            "type": "Box",
            "collider2origin": [
                [
                    0.5218383216832715,
                    0.41255762278114233,
                    -0.7466464852311024,
                    0.14798558545788013
                ],
                [
                    0.23634390911110037,
                    -0.9109315055764585,
                    -0.3381498909866602,
                    0.5395470312045627
                ],
                [
                    -0.8196501220940982,
                    -5.7774537222274756e-06,
                    -0.5728644493401125,
                    -0.2744617283246168
                ],
                [
                    0.0,
                    0.0,
                    0.0,
                    1.0
                ]
            ],
            "size": [
                0.15068,
                0.17726,
                0.74884
            ]
        },
        "distance": 0.0
    },
    {
        "case": 2,
        "collider1": {
            "type": "Box",
            "collider2origin": [
                [
                    0.907778172512869,
                    0.4194505805326725,
                    0.0,
                    0.9947946797881562
                ],
                [
                    -0.4194505805326725,
                    0.907778172512869,
                    0.0,
                    0.5317739604993647
                ],
                [
                    0.0,
                    0.0,
                    1.0,
                    -0.69
                ],
                [
                    0.0,
                    0.0,
                    0.0,
                    1.0
                ]
            ],
            "size": [
                0.6,
                1.2,
                0.75
            ]
        },
        "collider2": {
            "type": "Box",
            "collider2origin": [
                [
                    0.5218383216832715,
                    0.41255762278114233,
                    -0.7466464852311024,
                    0.14798558545788013
                ],
                [
                    0.23634390911110037,
                    -0.9109315055764585,
                    -0.3381498909866602,
                    0.5395470312045627
                ],
                [
                    -0.8196501220940982,
                    -5.7774537222274756e-06,
                    -0.5728644493401125,
                    -0.2744617283246168
                ],
                [
                    0.0,
                    0.0,
                    0.0,
                    1.0
                ]
            ],
            "size": [
                0.15068,
                0.17726,
                0.74884
            ]
        },
        "distance": 0.26058611514170854
    },
    {
        "case": 3,
        "collider1": {
            "type": "Box",
            "collider2origin": [
                [
                    0.9077781725128689,
                    0.4194505805326724,
                    0.0,
                    0.4158817547107895
                ],
                [
                    -0.4194505805326724,
                    0.9077781725128689,
                    0.0,
                    0.733173894971941
                ],
                [
                    0.0,
                    0.0,
                    1.0,
                    -0.6599999999999999
                ],
                [
                    0.0,
                    0.0,
                    0.0,
                    1.0
                ]
            ],
            "size": [
                0.6,
                1.0,
                0.8
            ]
        },
        "collider2": {
            "type": "Box",
            "collider2origin": [
                [
                    0.5218383216832715,
                    0.41255762278114233,
                    -0.7466464852311024,
                    0.14798558545788013
                ],
                [
                    0.23634390911110037,
                    -0.9109315055764585,
                    -0.3381498909866602,
                    0.5395470312045627
                ],
                [
                    -0.8196501220940982,
                    -5.7774537222274756e-06,
                    -0.5728644493401125,
                    -0.2744617283246168
                ],
                [
                    0.0,
                    0.0,
                    0.0,
                    1.0
                ]
            ],
            "size": [
                0.15068,
                0.17726,
                0.74884
            ]
        },
        "distance": 0.0
    },
    {
        "case": 4,
        "collider1": {
            "type": "Box",
            "collider2origin": [
                [
                    0.9077781725128689,
                    0.4194505805326724,
                    0.0,
                    0.27063700059322826
                ],
                [
                    -0.4194505805326724,
                    0.9077781725128689,
                    0.0,
                    0.8002854543438492
                ],
                [
                    0.0,
                    0.0,
                    1.0,
                    -0.25
                ],
                [
                    0.0,
                    0.0,
                    0.0,
                    1.0
                ]
            ],
            "size": [
                0.2,
                0.2,
                0.02
            ]
        },
        "collider2": {
            "type": "Box",
            "collider2origin": [
                [
                    0.5218383216832715,
                    0.41255762278114233,
                    -0.7466464852311024,
                    0.14798558545788013
                ],
                [
                    0.23634390911110037,
                    -0.9109315055764585,
                    -0.3381498909866602,
                    0.5395470312045627
                ],
                [
                    -0.8196501220940982,
                    -5.7774537222274756e-06,
                    -0.5728644493401125,
                    -0.2744617283246168
                ],
                [
                    0.0,
                    0.0,
                    0.0,
                    1.0
                ]
            ],
            "size": [
                0.15068,
                0.17726,
                0.74884
            ]
        },
        "distance": 0.0
    },
    {
        "case": 5,
        "collider1": {
            "type": "Box",
            "collider2origin": [
                [
                    0.907778172512869,
                    0.4194505805326725,
                    0.0,
                    0.9947946797881562
                ],
                [
                    -0.4194505805326725,
                    0.907778172512869,
                    0.0,
                    0.5317739604993647
                ],
                [
                    0.0,
                    0.0,
                    1.0,
                    -0.69
                ],
                [
                    0.0,
                    0.0,
                    0.0,
                    1.0
                ]
            ],
            "size": [
                0.6,
                1.2,
                0.75
            ]
        },
        "collider2": {
            "type": "Box",
            "collider2origin": [
                [
                    0.5218383216832715,
                    0.41255762278114233,
                    -0.7466464852311024,
                    0.14798558545788013
                ],
                [
                    0.23634390911110037,
                    -0.9109315055764585,
                    -0.3381498909866602,
                    0.5395470312045627
                ],
                [
                    -0.8196501220940982,
                    -5.7774537222274756e-06,
                    -0.5728644493401125,
                    -0.2744617283246168
                ],
                [
                    0.0,
                    0.0,
                    0.0,
                    1.0
                ]
            ],
            "size": [
                0.15068,
                0.17726,
                0.74884
            ]
        },
        "distance": 0.26058611514170854
    },
    {
        "case": 6,
        "collider1": {
            "type": "Box",
            "collider2origin": [
                [
                    0.9077781725128689,
                    0.4194505805326724,
                    0.0,
                    0.4158817547107895
                ],
                [
                    -0.4194505805326724,
                    0.9077781725128689,
                    0.0,
                    0.733173894971941
                ],
                [
                    0.0,
                    0.0,
                    1.0,
                    -0.6599999999999999
                ],
                [
                    0.0,
                    0.0,
                    0.0,
                    1.0
                ]
            ],
            "size": [
                0.6,
                1.0,
                0.8
            ]
        },
        "collider2": {
            "type": "Box",
            "collider2origin": [
                [
                    -0.8846496071089113,
                    0.4125595674296881,
                    -0.21723184841150112,
                    -0.19790833759953796
                ],
                [
                    -0.4006568930719307,
                    -0.910930624867897,
                    -0.09838419950241084,
                    0.5215846609612524
                ],
                [
                    -0.23847248620332775,
                    -1.0597470786077234e-07,
                    0.9711492538863383,
                    -0.18097807562043045
                ],
                [
                    0.0,
                    0.0,
                    0.0,
                    1.0
                ]
            ],
            "size": [
                0.1202,
                0.13634,
                0.67816
            ]
        },
        "distance": 0.025819216448697876
    },
    {
        "case": 7,
        "collider1": {
            "type": "Box",
            "collider2origin": [
                [
                    0.907778172512869,
                    0.4194505805326725,
                    0.0,
                    -1.612083837096907
                ],
                [
                    -0.4194505805326725,
                    0.907778172512869,
                    0.0,
                    -0.24654756573714753
                ],
                [
                    0.0,
                    0.0,
                    1.0,
                    -0.040000000000000036
                ],
                [
                    0.0,
                    0.0,
                    0.0,
                    1.0
                ]
            ],
            "size": [
                2.0,
                2.0,
                2.0
            ]
        },
        "collider2": {
            "type": "Box",
            "collider2origin": [
                [
                    -0.8846496071089113,
                    0.4125595674296881,
                    -0.21723184841150112,
                    -0.19790833759953796
                ],
                [
                    -0.4006568930719307,
                    -0.910930624867897,
                    -0.09838419950241084,
                    0.5215846609612524
                ],
                [
                    -0.23847248620332775,
                    -1.0597470786077234e-07,
                    0.9711492538863383,
                    -0.18097807562043045
                ],
                [
                    0.0,
                    0.0,
                    0.0,
                    1.0
                ]
            ],
            "size": [
                0.1202,
                0.13634,
                0.67816
            ]
        },
        "distance": 0.1405559491923742
    },
    {
        "case": 8,
        "collider1": {
            "type": "Box",
            "collider2origin": [
                [
                    0.907778172512869,
                    0.4194505805326725,
                    0.0,
                    -1.612083837096907
                ],
                [
                    -0.4194505805326725,
                    0.907778172512869,
                    0.0,
                    -0.24654756573714753
                ],
                [
                    0.0,
                    0.0,
                    1.0,
                    -0.040000000000000036
                ],
                [
                    0.0,
                    0.0,
                    0.0,
                    1.0
                ]
            ],
            "size": [
                2.0,
                2.0,
                2.0
            ]
        },
        "collider2": {
            "type": "Box",
            "collider2origin": [
                [
                    -0.3651014838015217,
                    0.41255729984139444,
                    -0.8345641861915144,
                    -0.21736366866892326
                ],
                [
                    -0.1653507873499421,
                    -0.9109316518503094,
                    -0.3779717486532835,
                    0.390084425400221
                ],
                [
                    -0.9161659367432743,
                    -2.2009875390304788e-06,
                    0.4007991720880596,
                    0.10371404657847538
                ],
                [
                    0.0,
                    0.0,
                    0.0,
                    1.0
                ]
            ],
            "size": [
                0.09102,
                0.10007,
                0.11882
            ]
        },
        "distance": 0.07523806816708811
    },
    {
        "case": 9,
        "collider1": {
            "type": "Box",
            "collider2origin": [
                [
                    0.907778172512869,
                    0.4194505805326725,
                    0.0,
                    -1.612083837096907
                ],
                [
                    -0.4194505805326725,
                    0.907778172512869,
                    0.0,
                    -0.24654756573714753
                ],
                [
                    0.0,
                    0.0,
                    1.0,
                    -0.040000000000000036
                ],
                [
                    0.0,
                    0.0,
                    0.0,
                    1.0
                ]
            ],
            "size": [
                2.0,
                2.0,
                2.0
            ]
        },
        "collider2": {
            "type": "Box",
            "collider2origin": [
                [
                    -0.3309643916654017,
                    0.44041479377519277,
                    -0.8345641861915144,
                    -0.30611937332821754
                ],
                [
                    -0.23761877115335425,
                    -0.8948042673208197,
                    -0.3779717486532835,
                    0.34314960545274836
                ],
                [
                    -0.9132359448932791,
                    0.07321292651168472,
                    0.4007991720880596,
                    0.14747066636240014
                ],
                [
                    0.0,
                    0.0,
                    0.0,
                    1.0
                ]
            ],
            "size": [
                0.09126,
                0.11887,
                0.10009
            ]
        },
        "distance": 0.0
    },
    {
        "case": 10,
        "collider1": {
            "type": "Box",
            "collider2origin": [
                [
                    0.907778172512869,
                    0.4194505805326725,
                    0.0,
                    -1.612083837096907
                ],
                [
                    -0.4194505805326725,
                    0.907778172512869,
                    0.0,
                    -0.24654756573714753
                ],
                [
                    0.0,
                    0.0,
                    1.0,
                    -0.040000000000000036
                ],
                [
                    0.0,
                    0.0,
                    0.0,
                    1.0
                ]
            ],
            "size": [
                2.0,
                2.0,
                2.0
            ]
        },
        "collider2": {
            "type": "Box",
            "collider2origin": [
                [
                    -0.8017602384419363,
                    0.44041934325421656,
                    0.40399421052912876,
                    -0.2759628207408619
                ],
                [
                    -0.35530383559796136,
                    -0.8948018859044627,
                    0.2703493469405719,
                    0.2751758408251713
                ],
                [
                    0.48056186330472195,
                    0.0732146643053249,
                    0.8738992553308144,
                    0.15532984055514487
                ],
                [
                    0.0,
                    0.0,
                    0.0,
                    1.0
                ]
            ],
            "size": [
                0.08993,
                0.0305,
                0.09007
            ]
        },
        "distance": 0.0
    }
]