[
    {
        "case": 0,
        "collider1": {
            "type": "Box",
            "collider2origin": [
                [
                    -0.49996093967317806,
                    0.8660479541001831,
                    0.0,
                    0.23518030403224222
                ],
                [
                    -0.8660479541001831,
                    -0.49996093967317806,
                    0.0,
                    1.6545490191575776
                ],
                [
                    0.0,
                    0.0,
                    1.0,
                    -0.21500000000000008
                ],
                [
                    0.0,
                    0.0,
                    0.0,
                    1.0
                ]
            ],
            "size": [
                0.2,
                0.3,
                0.22
            ]
        },
        "collider2": {
            "type": "Box",
            "collider2origin": [
                [
                    0.12815892747034371,
                    0.9908295661004005,
                    0.042802572947703184,
                    0.44241083408243687
                ],
                [
                    0.9397840791451543,
                    -0.1351176187255649,
                    0.3139253314009994,
                    1.4875867956044648
                ],
                [
                    0.3168298816319976,
                    -7.157175423755673e-06,
                    -0.9484823804656727,
                    -0.3860499615746862
                ],
                [
                    0.0,
                    0.0,
                    0.0,
                    1.0
                ]
            ],
            "size": [
                0.1202,
                0.13634,
                0.67816
            ]
        },
        "distance": 0.03332067338126544
    },
    {
        "case": 1,
        "collider1": {
            "type": "Cylinder",
            "collider2origin": [
                [
                    0.907778172512869,
                    0.4194505805326725,
                    0.0,
                    0.41976000612504893
                ],
                [
                    -0.4194505805326725,
                    0.907778172512869,
                    0.0,
                    1.6236691588060355
                ],
                [
                    0.0,
                    0.0,
                    1.0,
                    -0.18000000000000016
                ],
                [
                    0.0,
                    0.0,
                    0.0,
                    1.0
                ]
            ],
            "radius": 0.04,
            "height": 0.3
        },
        "collider2": {
            "type": "Box",
            "collider2origin": [
                [
                    0.12815892747034371,
                    0.9908295661004005,
                    0.042802572947703184,
                    0.44241083408243687
                ],
                [
                    0.9397840791451543,
                    -0.1351176187255649,
                    0.3139253314009994,
                    1.4875867956044648
                ],
                [
                    0.3168298816319976,
                    -7.157175423755673e-06,
                    -0.9484823804656727,
                    -0.3860499615746862
                ],
                [
                    0.0,
                    0.0,
                    0.0,
                    1.0
                ]
            ],
            "size": [
                0.1202,
                0.13634,
                0.67816
            ]
        },
        "distance": 0.04470414004342911
    },
    {
        "case": 2,
        "collider1": {
            "type": "Box",
            "collider2origin": [
                [
                    0.907778172512869,
                    0.4194505805326725,
                    0.0,
                    0.3318610395686135
                ],
                [
                    -0.4194505805326725,
                    0.907778172512869,
                    0.0,
                    1.862570334354233
                ],
                [
                    0.0,
                    0.0,
                    1.0,
                    -0.21500000000000008
                ],
                [
                    0.0,
                    0.0,
                    0.0,
                    1.0
                ]
            ],
            "size": [
                0.3,
                0.46,
                0.22
            ]
        },
        "collider2": {
            "type": "Box",
            "collider2origin": [
                [
                    0.12815892747034371,
                    0.9908295661004005,
                    0.042802572947703184,
                    0.44241083408243687
                ],
                [
                    0.9397840791451543,
                    -0.1351176187255649,
                    0.3139253314009994,
                    1.4875867956044648
                ],
                [
                    0.3168298816319976,
                    -7.157175423755673e-06,
                    -0.9484823804656727,
                    -0.3860499615746862
                ],
                [
                    0.0,
                    0.0,
                    0.0,
                    1.0
                ]
            ],
            "size": [
                0.1202,
                0.13634,
                0.67816
            ]
        },
        "distance": 0.04985408696979848
    }
]