[
    {
        "case": 0,
        "collider1": {
            "type": "Box",
            "collider2origin": [
                [
                    0.907778172512869,
                    0.4194505805326725,
                    0.0,
                    -0.6717546761389399
                ],
                [
                    -0.4194505805326725,
                    0.907778172512869,
                    0.0,
                    1.384443828829999
                ],
                [
                    0.0,
                    0.0,
                    1.0,
                    -0.21500000000000008
                ],
                [
                    0.0,
                    0.0,
                    0.0,
                    1.0
                ]
            ],
            "size": [
                0.2,
                0.3,
                0.22
            ]
        },
        "collider2": {
            "type": "Sphere",
            "collider2origin": [
                [
                    1.0,
                    0.0,
                    0.0,
                    -0.6738788944057645
                ],
                [
                    0.0,
                    1.0,
                    0.0,
                    1.2707487292085249
                ],
                [
                    0.0,
                    0.0,
                    1.0,
                    -0.19795888452856847
                ],
                [
                    0.0,
                    0.0,
                    0.0,
                    1.0
                ]
            ],
            "radius": 0.00487
        },
        "distance": 0.0
    },
    {
        "case": 1,
        "collider1": {
            "type": "Box",
            "collider2origin": [
                [
                    0.8303727586998911,
                    0.5572082928395201,
                    0.0,
                    -0.8244226375645679
                ],
                [
                    -0.5572082928395201,
                    0.8303727586998911,
                    0.0,
                    1.4713226142389986
                ],
                [
                    0.0,
                    0.0,
                    1.0,
                    -0.21500000000000008
                ],
                [
                    0.0,
                    0.0,
                    0.0,
                    1.0
                ]
            ],
            "size": [
                0.2,
                0.3,
                0.22
            ]
        },
        "collider2": {
            "type": "Cylinder",
            "collider2origin": [
                [
                    0.3120139824677533,
                    0.7088670276080552,
                    -0.6325779097587368,
                    -0.685120475859984
                ],
                [
                    0.24437911738184784,
                    0.583533869377671,
                    0.774446299156237,
                    1.282815488279053
                ],
                [
                    0.9181100814892955,
                    -0.3962269052692447,
                    0.00883842794139456,
                    -0.19697808284526763
                ],
                [
                    0.0,
                    0.0,
                    0.0,
                    1.0
                ]
            ],
            "radius": 0.0076,
            "height": 0.02993
        },
        "distance": 0.1041822995068609
    },
    {
        "case": 2,
        "collider1": {
            "type": "Box",
            "collider2origin": [
                [
                    0.907778172512869,
                    0.4194505805326725,
                    0.0,
                    -0.6717546761389399
                ],
                [
                    -0.4194505805326725,
                    0.907778172512869,
                    0.0,
                    1.384443828829999
                ],
                [
                    0.0,
                    0.0,
                    1.0,
                    -0.21500000000000008
                ],
                [
                    0.0,
                    0.0,
                    0.0,
                    1.0
                ]
            ],
            "size": [
                0.2,
                0.3,
                0.22
            ]
        },
        "collider2": {
            "type": "Cylinder",
            "collider2origin": [
                [
                    0.3120139824677533,
                    0.7088670276080552,
                    -0.6325779097587368,
                    -0.685120475859984
                ],
                [
                    0.24437911738184784,
                    0.583533869377671,
                    0.774446299156237,
                    1.282815488279053
                ],
                [
                    0.9181100814892955,
                    -0.3962269052692447,
                    0.00883842794139456,
                    -0.19697808284526763
                ],
                [
                    0.0,
                    0.0,
                    0.0,
                    1.0
                ]
            ],
            "radius": 0.0076,
            "height": 0.02993
        },
        "distance": 0.0
    },
    {
        "case": 3,
        "collider1": {
            "type": "Box",
            "collider2origin": [
                [
                    0.907778172512869,
                    0.4194505805326725,
                    0.0,
                    -0.6717546761389399
                ],
                [
                    -0.4194505805326725,
                    0.907778172512869,
                    0.0,
                    1.384443828829999
                ],
                [
                    0.0,
                    0.0,
                    1.0,
                    -0.21500000000000008
                ],
                [
                    0.0,
                    0.0,
                    0.0,
                    1.0
                ]
            ],
            "size": [
                0.2,
                0.3,
                0.22
            ]
        },
        "collider2": {
            "type": "Sphere",
            "collider2origin": [
                [
                    1.0,
                    0.0,
                    0.0,
                    -0.735712325466138
                ],
                [
                    0.0,
                    1.0,
                    0.0,
                    1.2800795269910632
                ],
                [
                    0.0,
                    0.0,
                    1.0,
                    -0.209072192443565
                ],
                [
                    0.0,
                    0.0,
                    0.0,
                    1.0
                ]
            ],
            "radius": 0.00484
        },
        "distance": 0.0
    },
    {
        "case": 4,
        "collider1": {
            "type": "Box",
            "collider2origin": [
                [
                    0.8303727586998911,
                    0.5572082928395201,
                    0.0,
                    -0.8244226375645679
                ],
                [
                    -0.5572082928395201,
                    0.8303727586998911,
                    0.0,
                    1.4713226142389986
                ],
                [
                    0.0,
                    0.0,
                    1.0,
                    -0.21500000000000008
                ],
                [
                    0.0,
                    0.0,
                    0.0,
                    1.0
                ]
            ],
            "size": [
                0.2,
                0.3,
                0.22
            ]
        },
        "collider2": {
            "type": "Cylinder",
            "collider2origin": [
                [
                    0.15230662843694415,
                    0.9544006531247746,
                    0.2567529634671694,
                    -0.7331038982416993
                ],
                [
                    0.16314591129866232,
                    -0.28049829126763476,
                    0.9458880061732813,
                    1.2942295524182403
                ],
                [
                    0.9747748984051133,
                    -0.10217681689571245,
                    -0.19842831332337713,
                    -0.21088425972295766
                ],
                [
                    0.0,
                    0.0,
                    0.0,
                    1.0
                ]
            ],
            "radius": 0.0076,
            "height": 0.02993
        },
        "distance": 0.06259348489623212
    },
    {
        "case": 5,
        "collider1": {
            "type": "Box",
            "collider2origin": [
                [
                    0.907778172512869,
                    0.4194505805326725,
                    0.0,
                    -0.6717546761389399
                ],
                [
                    -0.4194505805326725,
                    0.907778172512869,
                    0.0,
                    1.384443828829999
                ],
                [
                    0.0,
                    0.0,
                    1.0,
                    -0.21500000000000008
                ],
                [
                    0.0,
                    0.0,
                    0.0,
                    1.0
                ]
            ],
            "size": [
                0.2,
                0.3,
                0.22
            ]
        },
        "collider2": {
            "type": "Cylinder",
            "collider2origin": [
                [
                    0.15230662843694415,
                    0.9544006531247746,
                    0.2567529634671694,
                    -0.7331038982416993
                ],
                [
                    0.16314591129866232,
                    -0.28049829126763476,
                    0.9458880061732813,
                    1.2942295524182403
                ],
                [
                    0.9747748984051133,
                    -0.10217681689571245,
                    -0.19842831332337713,
                    -0.21088425972295766
                ],
                [
                    0.0,
                    0.0,
                    0.0,
                    1.0
                ]
            ],
            "radius": 0.0076,
            "height": 0.02993
        },
        "distance": 0.0
    },
    {
        "case": 6,
        "collider1": {
            "type": "Box",
            "collider2origin": [
                [
                    0.9741881675007261,
                    0.22573748980082478,
                    0.0,
                    -0.5292040201289168
                ],
                [
                    -0.2257374898008248,
                    0.974188167500726,
                    0.0,
                    1.3318616486630257
                ],
                [
                    0.0,
                    0.0,
                    1.0,
                    -0.21500000000000008
                ],
                [
                    0.0,
                    0.0,
                    0.0,
                    1.0
                ]
            ],
            "size": [
                0.2,
                0.3,
                0.22
            ]
        },
        "collider2": {
            "type": "Sphere",
            "collider2origin": [
                [
                    1.0,
                    0.0,
                    0.0,
                    -0.6415687954205109
                ],
                [
                    0.0,
                    1.0,
                    0.0,
                    1.2871129739848515
                ],
                [
                    0.0,
                    0.0,
                    1.0,
                    -0.1603093828213027
                ],
                [
                    0.0,
                    0.0,
                    0.0,
                    1.0
                ]
            ],
            "radius": 0.01051
        },
        "distance": 0.0
    },
    {
        "case": 7,
        "collider1": {
            "type": "Box",
            "collider2origin": [
                [
                    0.907778172512869,
                    0.4194505805326725,
                    0.0,
                    -0.6717546761389399
                ],
                [
                    -0.4194505805326725,
                    0.907778172512869,
                    0.0,
                    1.384443828829999
                ],
                [
                    0.0,
                    0.0,
                    1.0,
                    -0.21500000000000008
                ],
                [
                    0.0,
                    0.0,
                    0.0,
                    1.0
                ]
            ],
            "size": [
                0.2,
                0.3,
                0.22
            ]
        },
        "collider2": {
            "type": "Sphere",
            "collider2origin": [
                [
                    1.0,
                    0.0,
                    0.0,
                    -0.6415687954205109
                ],
                [
                    0.0,
                    1.0,
                    0.0,
                    1.2871129739848515
                ],
                [
                    0.0,
                    0.0,
                    1.0,
                    -0.1603093828213027
                ],
                [
                    0.0,
                    0.0,
                    0.0,
                    1.0
                ]
            ],
            "radius": 0.01051
        },
        "distance": 0.0
    },
    {
        "case": 8,
        "collider1": {
            "type": "Box",
            "collider2origin": [
                [
                    0.8303727586998911,
                    0.5572082928395201,
                    0.0,
                    -0.8244226375645679
                ],
                [
                    -0.5572082928395201,
                    0.8303727586998911,
                    0.0,
                    1.4713226142389986
                ],
                [
                    0.0,
                    0.0,
                    1.0,
                    -0.21500000000000008
                ],
                [
                    0.0,
                    0.0,
                    0.0,
                    1.0
                ]
            ],
            "size": [
                0.2,
                0.3,
                0.22
            ]
        },
        "collider2": {
            "type": "Sphere",
            "collider2origin": [
                [
                    1.0,
                    0.0,
                    0.0,
                    -0.7154678710426137
                ],
                [
                    0.0,
                    1.0,
                    0.0,
                    1.2939820332700076
                ],
                [
                    0.0,
                    0.0,
                    1.0,
                    -0.1260912097607978
                ],
                [
                    0.0,
                    0.0,
                    0.0,
                    1.0
                ]
            ],
            "radius": 0.00663
        },
        "distance": 0.08265871242323788
    },
    {
        "case": 9,
        "collider1": {
            "type": "Box",
            "collider2origin": [
                [
                    0.907778172512869,
                    0.4194505805326725,
                    0.0,
                    -0.6717546761389399
                ],
                [
                    -0.4194505805326725,
                    0.907778172512869,
                    0.0,
                    1.384443828829999
                ],
                [
                    0.0,
                    0.0,
                    1.0,
                    -0.21500000000000008
                ],
                [
                    0.0,
                    0.0,
                    0.0,
                    1.0
                ]
            ],
            "size": [
                0.2,
                0.3,
                0.22
            ]
        },
        "collider2": {
            "type": "Sphere",
            "collider2origin": [
                [
                    1.0,
                    0.0,
                    0.0,
                    -0.7154678710426137
                ],
                [
                    0.0,
                    1.0,
                    0.0,
                    1.2939820332700076
                ],
                [
                    0.0,
                    0.0,
                    1.0,
                    -0.1260912097607978
                ],
                [
                    0.0,
                    0.0,
                    0.0,
                    1.0
                ]
            ],
            "radius": 0.00663
        },
        "distance": 0.0
    },
    {
        "case": 10,
        "collider1": {
            "type": "Box",
            "collider2origin": [
                [
                    0.9741881675007261,
                    0.22573748980082478,
                    0.0,
                    -0.5292040201289168
                ],
                [
                    -0.2257374898008248,
                    0.974188167500726,
                    0.0,
                    1.3318616486630257
                ],
                [
                    0.0,
                    0.0,
                    1.0,
                    -0.21500000000000008
                ],
                [
                    0.0,
                    0.0,
                    0.0,
                    1.0
                ]
            ],
            "size": [
                0.2,
                0.3,
                0.22
            ]
        },
        "collider2": {
            "type": "Cylinder",
            "collider2origin": [
                [
                    0.916952069372308,
                    0.36787622118827606,
                    0.1544862076629384,
                    -0.6332327090562344
                ],
                [
                    0.09042130492910158,
                    -0.5687053316265271,
                    0.817556257021179,
                    1.3175438287027776
                ],
                [
                    0.3886166364024579,
                    -0.7356910572134178,
                    -0.5547393786702395,
                    -0.1803137759704032
                ],
                [
                    0.0,
                    0.0,
                    0.0,
                    1.0
                ]
            ],
            "radius": 0.01271,
            "height": 0.05982
        },
        "distance": 0.0
    },
    {
        "case": 11,
        "collider1": {
            "type": "Box",
            "collider2origin": [
                [
                    0.907778172512869,
                    0.4194505805326725,
                    0.0,
                    -0.6717546761389399
                ],
                [
                    -0.4194505805326725,
                    0.907778172512869,
                    0.0,
                    1.384443828829999
                ],
                [
                    0.0,
                    0.0,
                    1.0,
                    -0.21500000000000008
                ],
                [
                    0.0,
                    0.0,
                    0.0,
                    1.0
                ]
            ],
            "size": [
                0.2,
                0.3,
                0.22
            ]
        },
        "collider2": {
            "type": "Cylinder",
            "collider2origin": [
                [
                    0.916952069372308,
                    0.36787622118827606,
                    0.1544862076629384,
                    -0.6332327090562344
                ],
                [
                    0.09042130492910158,
                    -0.5687053316265271,
                    0.817556257021179,
                    1.3175438287027776
                ],
                [
                    0.3886166364024579,
                    -0.7356910572134178,
                    -0.5547393786702395,
                    -0.1803137759704032
                ],
                [
                    0.0,
                    0.0,
                    0.0,
                    1.0
                ]
            ],
            "radius": 0.01271,
            "height": 0.05982
        },
        "distance": 0.0
    },
    {
        "case": 12,
        "collider1": {
            "type": "Box",
            "collider2origin": [
                [
                    0.9741881675007261,
                    0.22573748980082478,
                    0.0,
                    -0.5292040201289168
                ],
                [
                    -0.2257374898008248,
                    0.974188167500726,
                    0.0,
                    1.3318616486630257
                ],
                [
                    0.0,
                    0.0,
                    1.0,
                    -0.21500000000000008
                ],
                [
                    0.0,
                    0.0,
                    0.0,
                    1.0
                ]
            ],
            "size": [
                0.2,
                0.3,
                0.22
            ]
        },
        "collider2": {
            "type": "Cylinder",
            "collider2origin": [
                [
                    0.9270910778514887,
                    0.3112854930064852,
                    0.208814451635594,
                    -0.636265034618509
                ],
                [
                    0.0397209190444135,
                    -0.6355316629581779,
                    0.771052367850511,
                    1.304588106144605
                ],
                [
                    0.37272561215783323,
                    -0.7065414688617521,
                    -0.6015602802880574,
                    -0.17376348172662892
                ],
                [
                    0.0,
                    0.0,
                    0.0,
                    1.0
                ]
            ],
            "radius": 0.01169,
            "height": 0.05502
        },
        "distance": 0.0
    },
    {
        "case": 13,
        "collider1": {
            "type": "Box",
            "collider2origin": [
                [
                    0.907778172512869,
                    0.4194505805326725,
                    0.0,
                    -0.6717546761389399
                ],
                [
                    -0.4194505805326725,
                    0.907778172512869,
                    0.0,
                    1.384443828829999
                ],
                [
                    0.0,
                    0.0,
                    1.0,
                    -0.21500000000000008
                ],
                [
                    0.0,
                    0.0,
                    0.0,
                    1.0
                ]
            ],
            "size": [
                0.2,
                0.3,
                0.22
            ]
        },
        "collider2": {
            "type": "Cylinder",
            "collider2origin": [
                [
                    0.9270910778514887,
                    0.3112854930064852,
                    0.208814451635594,
                    -0.636265034618509
                ],
                [
                    0.0397209190444135,
                    -0.6355316629581779,
                    0.771052367850511,
                    1.304588106144605
                ],
                [
                    0.37272561215783323,
                    -0.7065414688617521,
                    -0.6015602802880574,
                    -0.17376348172662892
                ],
                [
                    0.0,
                    0.0,
                    0.0,
                    1.0
                ]
            ],
            "radius": 0.01169,
            "height": 0.05502
        },
        "distance": 0.0
    },
    {
        "case": 14,
        "collider1": {
            "type": "Box",
            "collider2origin": [
                [
                    0.9741881675007261,
                    0.22573748980082478,
                    0.0,
                    -0.5292040201289168
                ],
                [
                    -0.2257374898008248,
                    0.974188167500726,
                    0.0,
                    1.3318616486630257
                ],
                [
                    0.0,
                    0.0,
                    1.0,
                    -0.21500000000000008
                ],
                [
                    0.0,
                    0.0,
                    0.0,
                    1.0
                ]
            ],
            "size": [
                0.2,
                0.3,
                0.22
            ]
        },
        "collider2": {
            "type": "Sphere",
            "collider2origin": [
                [
                    1.0,
                    0.0,
                    0.0,
                    -0.6501018775618457
                ],
                [
                    0.0,
                    1.0,
                    0.0,
                    1.2779853901549125
                ],
                [
                    0.0,
                    0.0,
                    1.0,
                    -0.19029386168230022
                ],
                [
                    0.0,
                    0.0,
                    0.0,
                    1.0
                ]
            ],
            "radius": 0.00563
        },
        "distance": 0.0
    },
    {
        "case": 15,
        "collider1": {
            "type": "Box",
            "collider2origin": [
                [
                    0.907778172512869,
                    0.4194505805326725,
                    0.0,
                    -0.6717546761389399
                ],
                [
                    -0.4194505805326725,
                    0.907778172512869,
                    0.0,
                    1.384443828829999
                ],
                [
                    0.0,
                    0.0,
                    1.0,
                    -0.21500000000000008
                ],
                [
                    0.0,
                    0.0,
                    0.0,
                    1.0
                ]
            ],
            "size": [
                0.2,
                0.3,
                0.22
            ]
        },
        "collider2": {
            "type": "Sphere",
            "collider2origin": [
                [
                    1.0,
                    0.0,
                    0.0,
                    -0.6501018775618457
                ],
                [
                    0.0,
                    1.0,
                    0.0,
                    1.2779853901549125
                ],
                [
                    0.0,
                    0.0,
                    1.0,
                    -0.19029386168230022
                ],
                [
                    0.0,
                    0.0,
                    0.0,
                    1.0
                ]
            ],
            "radius": 0.00563
        },
        "distance": 0.0
    },
    {
        "case": 16,
        "collider1": {
            "type": "Box",
            "collider2origin": [
                [
                    0.8303727586998911,
                    0.5572082928395201,
                    0.0,
                    -0.8244226375645679
                ],
                [
                    -0.5572082928395201,
                    0.8303727586998911,
                    0.0,
                    1.4713226142389986
                ],
                [
                    0.0,
                    0.0,
                    1.0,
                    -0.21500000000000008
                ],
                [
                    0.0,
                    0.0,
                    0.0,
                    1.0
                ]
            ],
            "size": [
                0.2,
                0.3,
                0.22
            ]
        },
        "collider2": {
            "type": "Cylinder",
            "collider2origin": [
                [
                    0.4470862251687479,
                    0.5193482746547375,
                    -0.7282796694110758,
                    -0.6661054939407562
                ],
                [
                    0.305808793736433,
                    0.6763777604888562,
                    0.6700702252671327,
                    1.2905427260572273
                ],
                [
                    0.8405919871958251,
                    -0.5222934948180245,
                    0.14357791032379136,
                    -0.18635043958555264
                ],
                [
                    0.0,
                    0.0,
                    0.0,
                    1.0
                ]
            ],
            "radius": 0.00813,
            "height": 0.03824
        },
        "distance": 0.11180111701350107
    },
    {
        "case": 17,
        "collider1": {
            "type": "Box",
            "collider2origin": [
                [
                    0.9741881675007261,
                    0.22573748980082478,
                    0.0,
                    -0.5292040201289168
                ],
                [
                    -0.2257374898008248,
                    0.974188167500726,
                    0.0,
                    1.3318616486630257
                ],
                [
                    0.0,
                    0.0,
                    1.0,
                    -0.21500000000000008
                ],
                [
                    0.0,
                    0.0,
                    0.0,
                    1.0
                ]
            ],
            "size": [
                0.2,
                0.3,
                0.22
            ]
        },
        "collider2": {
            "type": "Cylinder",
            "collider2origin": [
                [
                    0.4470862251687479,
                    0.5193482746547375,
                    -0.7282796694110758,
                    -0.6661054939407562
                ],
                [
                    0.305808793736433,
                    0.6763777604888562,
                    0.6700702252671327,
                    1.2905427260572273
                ],
                [
                    0.8405919871958251,
                    -0.5222934948180245,
                    0.14357791032379136,
                    -0.18635043958555264
                ],
                [
                    0.0,
                    0.0,
                    0.0,
                    1.0
                ]
            ],
            "radius": 0.00813,
            "height": 0.03824
        },
        "distance": 0.003444675094326861
    },
    {
        "case": 18,
        "collider1": {
            "type": "Box",
            "collider2origin": [
                [
                    0.907778172512869,
                    0.4194505805326725,
                    0.0,
                    -0.6717546761389399
                ],
                [
                    -0.4194505805326725,
                    0.907778172512869,
                    0.0,
                    1.384443828829999
                ],
                [
                    0.0,
                    0.0,
                    1.0,
                    -0.21500000000000008
                ],
                [
                    0.0,
                    0.0,
                    0.0,
                    1.0
                ]
            ],
            "size": [
                0.2,
                0.3,
                0.22
            ]
        },
        "collider2": {
            "type": "Cylinder",
            "collider2origin": [
                [
                    0.4470862251687479,
                    0.5193482746547375,
                    -0.7282796694110758,
                    -0.6661054939407562
                ],
                [
                    0.305808793736433,
                    0.6763777604888562,
                    0.6700702252671327,
                    1.2905427260572273
                ],
                [
                    0.8405919871958251,
                    -0.5222934948180245,
                    0.14357791032379136,
                    -0.18635043958555264
                ],
                [
                    0.0,
                    0.0,
                    0.0,
                    1.0
                ]
            ],
            "radius": 0.00813,
            "height": 0.03824
        },
        "distance": 0.0
    },
    {
        "case": 19,
        "collider1": {
            "type": "Box",
            "collider2origin": [
                [
                    0.9077781725128689,
                    0.4194505805326724,
                    0.0,
                    0.4158817547107895
                ],
                [
                    -0.4194505805326724,
                    0.9077781725128689,
                    0.0,
                    0.733173894971941
                ],
                [
                    0.0,
                    0.0,
                    1.0,
                    -0.6599999999999999
                ],
                [
                    0.0,
                    0.0,
                    0.0,
                    1.0
                ]
            ],
            "size": [
                0.6,
                1.0,
                0.8
            ]
        },
        "collider2": {
            "type": "Box",
            "collider2origin": [
                [
                    -0.2007305604740193,
                    0.48496756969869126,
                    -0.8511837042802988,
                    0.12933759548737483
                ],
                [
                    0.11131918868132032,
                    0.8745321356703525,
                    0.4720186245384654,
                    1.0942219176547239
                ],
                [
                    0.9733012279469899,
                    -4.516321461885228e-06,
                    -0.22953152214126088,
                    -0.1716494695958286
                ],
                [
                    0.0,
                    0.0,
                    0.0,
                    1.0
                ]
            ],
            "size": [
                0.15068,
                0.17726,
                0.74884
            ]
        },
        "distance": 0.034824580828478335
    },
    {
        "case": 20,
        "collider1": {
            "type": "Box",
            "collider2origin": [
                [
                    0.9077781725128689,
                    0.4194505805326724,
                    0.0,
                    0.27063700059322826
                ],
                [
                    -0.4194505805326724,
                    0.9077781725128689,
                    0.0,
                    0.8002854543438492
                ],
                [
                    0.0,
                    0.0,
                    1.0,
                    -0.25
                ],
                [
                    0.0,
                    0.0,
                    0.0,
                    1.0
                ]
            ],
            "size": [
                0.2,
                0.2,
                0.02
            ]
        },
        "collider2": {
            "type": "Box",
            "collider2origin": [
                [
                    -0.2007305604740193,
                    0.48496756969869126,
                    -0.8511837042802988,
                    0.12933759548737483
                ],
                [
                    0.11131918868132032,
                    0.8745321356703525,
                    0.4720186245384654,
                    1.0942219176547239
                ],
                [
                    0.9733012279469899,
                    -4.516321461885228e-06,
                    -0.22953152214126088,
                    -0.1716494695958286
                ],
                [
                    0.0,
                    0.0,
                    0.0,
                    1.0
                ]
            ],
            "size": [
                0.15068,
                0.17726,
                0.74884
            ]
        },
        "distance": 0.02869369961406876
    },
    {
        "case": 21,
        "collider1": {
            "type": "Box",
            "collider2origin": [
                [
                    0.907778172512869,
                    0.4194505805326725,
                    0.0,
                    0.9947946797881562
                ],
                [
                    -0.4194505805326725,
                    0.907778172512869,
                    0.0,
                    0.5317739604993647
                ],
                [
                    0.0,
                    0.0,
                    1.0,
                    -0.69
                ],
                [
                    0.0,
                    0.0,
                    0.0,
                    1.0
                ]
            ],
            "size": [
                0.6,
                1.2,
                0.75
            ]
        },
        "collider2": {
            "type": "Box",
            "collider2origin": [
                [
                    -0.2007305604740193,
                    0.48496756969869126,
                    -0.8511837042802988,
                    0.12933759548737483
                ],
                [
                    0.11131918868132032,
                    0.8745321356703525,
                    0.4720186245384654,
                    1.0942219176547239
                ],
                [
                    0.9733012279469899,
                    -4.516321461885228e-06,
                    -0.22953152214126088,
                    -0.1716494695958286
                ],
                [
                    0.0,
                    0.0,
                    0.0,
                    1.0
                ]
            ],
            "size": [
                0.15068,
                0.17726,
                0.74884
            ]
        },
        "distance": 0.36895379462343963
    },
    {
        "case": 22,
        "collider1": {
            "type": "Box",
            "collider2origin": [
                [
                    0.8404842512412337,
                    -0.5418359746412772,
                    0.0,
                    0.011439976095501792
                ],
                [
                    0.5418359746412771,
                    0.8404842512412338,
                    0.0,
                    1.4325762997644957
                ],
                [
                    0.0,
                    0.0,
                    1.0,
                    -0.21500000000000008
                ],
                [
                    0.0,
                    0.0,
                    0.0,
                    1.0
                ]
            ],
            "size": [
                0.2,
                0.3,
                0.22
            ]
        },
        "collider2": {
            "type": "Box",
            "collider2origin": [
                [
                    -0.2007305604740193,
                    0.48496756969869126,
                    -0.8511837042802988,
