[
    {
        "case": 0,
        "collider1": {
            "type": "Box",
            "collider2origin": [
                [
                    0.8404842512412337,
                    -0.5418359746412772,
                    0.0,
                    0.011439976095501792
                ],
                [
                    0.5418359746412771,
                    0.8404842512412338,
                    0.0,
                    1.4325762997644957
                ],
                [
                    0.0,
                    0.0,
                    1.0,
                    -0.21500000000000008
                ],
                [
                    0.0,
                    0.0,
                    0.0,
                    1.0
                ]
            ],
            "size": [
                0.2,
                0.3,
                0.22
            ]
        },
        "collider2": {
            "type": "Box",
            "collider2origin": [
                [
                    0.5643164535676662,
                    -0.6106277705094639,
                    0.5555903761904569,
                    0.3600246354093569
                ],
                [
                    0.43512922445934965,
                    0.7919177519676693,
                    0.428402651882406,
                    1.0666868325111711
                ],
                [
                    -0.7015764379269139,
                    -1.0557004310121544e-06,
                    0.7125942055227986,
                    0.11112562757801592
                ],
                [
                    0.0,
                    0.0,
                    0.0,
                    1.0
                ]
            ],
            "size": [
                0.15068,
                0.17726,
                0.74884
            ]
        },
        "distance": 0.2661800084866785
    },
    {
        "case": 1,
        "collider1": {
            "type": "Box",
            "collider2origin": [
                [
                    0.9081427509232697,
                    -0.4186606548811531,
                    0.0,
                    -0.09474126814702305
                ],
                [
                    0.41866065488115317,
                    0.9081427509232698,
                    0.0,
                    1.368923948110301
                ],
                [
                    0.0,
                    0.0,
                    1.0,
                    -0.21500000000000008
                ],
                [
                    0.0,
                    0.0,
                    0.0,
                    1.0
                ]
            ],
            "size": [
                0.2,
                0.3,
                0.22
            ]
        },
        "collider2": {
            "type": "Box",
            "collider2origin": [
                [
                    0.5643164535676662,
                    -0.6106277705094639,
                    0.5555903761904569,
                    0.3600246354093569
                ],
                [
                    0.43512922445934965,
                    0.7919177519676693,
                    0.428402651882406,
                    1.0666868325111711
                ],
                [
                    -0.7015764379269139,
                    -1.0557004310121544e-06,
                    0.7125942055227986,
                    0.11112562757801592
                ],
                [
                    0.0,
                    0.0,
                    0.0,
                    1.0
                ]
            ],
            "size": [
                0.15068,
                0.17726,
                0.74884
            ]
        },
        "distance": 0.25988758902769643
    },
    {
        "case": 2,
        "collider1": {
            "type": "Box",
            "collider2origin": [
                [
                    0.8404842512412337,
                    -0.5418359746412772,
                    0.0,
                    0.011439976095501792
                ],
                [
                    0.5418359746412771,
                    0.8404842512412338,
                    0.0,
                    1.4325762997644957
                ],
                [
                    0.0,
                    0.0,
                    1.0,
                    -0.21500000000000008
                ],
                [
                    0.0,
                    0.0,
                    0.0,
                    1.0
                ]
            ],
            "size": [
                0.2,
                0.3,
                0.22
            ]
        },
        "collider2": {
            "type": "Box",
            "collider2origin": [
                [
                    0.5643164535676662,
                    -0.6106277705094639,
                    0.5555903761904569,
                    0.3600246354093569
                ],
                [
                    0.43512922445934965,
                    0.7919177519676693,
                    0.428402651882406,
                    1.0666868325111711
                ],
                [
                    -0.7015764379269139,
                    -1.0557004310121544e-06,
                    0.7125942055227986,
                    0.11112562757801592
                ],
                [
                    0.0,
                    0.0,
                    0.0,
                    1.0
                ]
            ],
            "size": [
                0.15068,
                0.17726,
                0.74884
            ]
        },
        "distance": 0.2661800084866785
    },
    {
        "case": 3,
        "collider1": {
            "type": "Box",
            "collider2origin": [
                [
                    0.9081427509232697,
                    -0.4186606548811531,
                    0.0,
                    -0.09474126814702305
                ],
                [
                    0.41866065488115317,
                    0.9081427509232698,
                    0.0,
                    1.368923948110301
                ],
                [
                    0.0,
                    0.0,
                    1.0,
                    -0.21500000000000008
                ],
                [
                    0.0,
                    0.0,
                    0.0,
                    1.0
                ]
            ],
            "size": [
                0.2,
                0.3,
                0.22
            ]
        },
        "collider2": {
            "type": "Box",
            "collider2origin": [
                [
                    0.5643164535676662,
                    -0.6106277705094639,
                    0.5555903761904569,
                    0.3600246354093569
                ],
                [
                    0.43512922445934965,
                    0.7919177519676693,
                    0.428402651882406,
                    1.0666868325111711
                ],
                [
                    -0.7015764379269139,
                    -1.0557004310121544e-06,
                    0.7125942055227986,
                    0.11112562757801592
                ],
                [
                    0.0,
                    0.0,
                    0.0,
                    1.0
                ]
            ],
            "size": [
                0.15068,
                0.17726,
                0.74884
            ]
        },
        "distance": 0.25988758902769643
    }
]