[
    {
        "case": 0,
        "collider1": {
            "type": "Box",
            "collider2origin": [
                [
                    0.9077781725128689,
                    0.4194505805326724,
                    0.0,
                    0.4158817547107895
                ],
                [
                    -0.4194505805326724,
                    0.9077781725128689,
                    0.0,
                    0.733173894971941
                ],
                [
                    0.0,
                    0.0,
                    1.0,
                    -0.6599999999999999
                ],
                [
                    0.0,
                    0.0,
                    0.0,
                    1.0
                ]
            ],
            "size": [
                0.6,
                1.0,
                0.8
            ]
        },
        "collider2": {
            "type": "Box",
            "collider2origin": [
                [
                    0.9392900020202499,
                    0.0751931892649751,
                    0.33478392493212755,
                    0.4134563275101078
                ],
                [
                    0.07082632643792852,
                    -0.9971689847950944,
                    0.025251678083425693,
                    0.6335207517649706
                ],
                [
                    0.335734900759672,
                    -7.133204581832829e-06,
                    -0.9419565151115046,
                    -0.38529254086939124
                ],
                [
                    0.0,
                    0.0,
                    0.0,
                    1.0
                ]
            ],
            "size": [
                0.15068,
                0.17726,
                0.74884
            ]
        },
        "distance": 0.0
    },
    {
        "case": 1,
        "collider1": {
            "type": "Box",
            "collider2origin": [
                [
                    0.9077781725128689,
                    0.4194505805326724,
                    0.0,
                    0.27063700059322826
                ],
                [
                    -0.4194505805326724,
                    0.9077781725128689,
                    0.0,
                    0.8002854543438492
                ],
                [
                    0.0,
                    0.0,
                    1.0,
                    -0.25
                ],
                [
                    0.0,
                    0.0,
                    0.0,
                    1.0
                ]
            ],
            "size": [
                0.2,
                0.2,
                0.02
            ]
        },
        "collider2": {
            "type": "Box",
            "collider2origin": [
                [
                    0.9392900020202499,
                    0.0751931892649751,
                    0.33478392493212755,
                    0.4134563275101078
                ],
                [
                    0.07082632643792852,
                    -0.9971689847950944,
                    0.025251678083425693,
                    0.6335207517649706
                ],
                [
                    0.335734900759672,
                    -7.133204581832829e-06,
                    -0.9419565151115046,
                    -0.38529254086939124
                ],
                [
                    0.0,
                    0.0,
                    0.0,
                    1.0
                ]
            ],
            "size": [
                0.15068,
                0.17726,
                0.74884
            ]
        },
        "distance": 0.0
    },
    {
        "case": 2,
        "collider1": {
            "type": "Box",
            "collider2origin": [
                [
                    0.907778172512869,
                    0.4194505805326725,
                    0.0,
                    0.9947946797881562
                ],
                [
                    -0.4194505805326725,
                    0.907778172512869,
                    0.0,
                    0.5317739604993647
                ],
                [
                    0.0,
                    0.0,
                    1.0,
                    -0.69
                ],
                [
                    0.0,
                    0.0,
                    0.0,
                    1.0
                ]
            ],
            "size": [
                0.6,
                1.2,
                0.75
            ]
        },
        "collider2": {
            "type": "Box",
            "collider2origin": [
                [
                    0.9392900020202499,
                    0.0751931892649751,
                    0.33478392493212755,
                    0.4134563275101078
                ],
                [
                    0.07082632643792852,
                    -0.9971689847950944,
                    0.025251678083425693,
                    0.6335207517649706
                ],
                [
                    0.335734900759672,
                    -7.133204581832829e-06,
                    -0.9419565151115046,
                    -0.38529254086939124
                ],
                [
                    0.0,
                    0.0,
                    0.0,
                    1.0
                ]
            ],
            "size": [
                0.15068,
                0.17726,
                0.74884
            ]
        },
        "distance": 0.05545785278255825
    },
    {
        "case": 3,
        "collider1": {
            "type": "Box",
            "collider2origin": [
                [
                    0.9077781725128689,
                    0.4194505805326724,
                    0.0,
                    0.4158817547107895
                ],
                [
                    -0.4194505805326724,
                    0.9077781725128689,
                    0.0,
                    0.733173894971941
                ],
                [
                    0.0,
                    0.0,
                    1.0,
                    -0.6599999999999999
                ],
                [
                    0.0,
                    0.0,
                    0.0,
                    1.0
                ]
            ],
            "size": [
                0.6,
                1.0,
                0.8
            ]
        },
        "collider2": {
            "type": "Box",
            "collider2origin": [
                [
                    0.9392900020202499,
                    0.0751931892649751,
                    0.33478392493212755,
                    0.4134563275101078
                ],
                [
                    0.07082632643792852,
                    -0.9971689847950944,
                    0.025251678083425693,
                    0.6335207517649706
                ],
                [
                    0.335734900759672,
                    -7.133204581832829e-06,
                    -0.9419565151115046,
                    -0.38529254086939124
                ],
                [
                    0.0,
                    0.0,
                    0.0,
                    1.0
                ]
            ],
            "size": [
                0.15068,
                0.17726,
                0.74884
            ]
        },
        "distance": 0.0
    },
    {
        "case": 4,
        "collider1": {
            "type": "Box",
            "collider2origin": [
                [
                    0.9077781725128689,
                    0.4194505805326724,
                    0.0,
                    0.27063700059322826
                ],
                [
                    -0.4194505805326724,
                    0.9077781725128689,
                    0.0,
                    0.8002854543438492
                ],
                [
                    0.0,
                    0.0,
                    1.0,
                    -0.25
                ],
                [
                    0.0,
                    0.0,
                    0.0,
                    1.0
                ]
            ],
            "size": [
                0.2,
                0.2,
                0.02
            ]
        },
        "collider2": {
            "type": "Box",
            "collider2origin": [
                [
                    0.9392900020202499,
                    0.0751931892649751,
                    0.33478392493212755,
                    0.4134563275101078
                ],
                [
                    0.07082632643792852,
                    -0.9971689847950944,
                    0.025251678083425693,
                    0.6335207517649706
                ],
                [
                    0.335734900759672,
                    -7.133204581832829e-06,
                    -0.9419565151115046,
                    -0.38529254086939124
                ],
                [
                    0.0,
                    0.0,
                    0.0,
                    1.0
                ]
            ],
            "size": [
                0.15068,
                0.17726,
                0.74884
            ]
        },
        "distance": 0.0
    },
    {
        "case": 5,
        "collider1": {
            "type": "Box",
            "collider2origin": [
                [
                    0.907778172512869,
                    0.4194505805326725,
                    0.0,
                    0.9947946797881562
                ],
                [
                    -0.4194505805326725,
                    0.907778172512869,
                    0.0,
                    0.5317739604993647
                ],
                [
                    0.0,
                    0.0,
                    1.0,
                    -0.69
                ],
                [
                    0.0,
                    0.0,
                    0.0,
                    1.0
                ]
            ],
            "size": [
                0.6,
                1.2,
                0.75
            ]
        },
        "collider2": {
            "type": "Box",
            "collider2origin": [
                [
                    0.9392900020202499,
                    0.0751931892649751,
                    0.33478392493212755,
                    0.4134563275101078
                ],
                [
                    0.07082632643792852,
                    -0.9971689847950944,
                    0.025251678083425693,
                    0.6335207517649706
                ],
                [
                    0.335734900759672,
                    -7.133204581832829e-06,
                    -0.9419565151115046,
                    -0.38529254086939124
                ],
                [
                    0.0,
                    0.0,
                    0.0,
                    1.0
                ]
            ],
            "size": [
                0.15068,
                0.17726,
                0.74884
            ]
        },
        "distance": 0.05545785278255825
    },
    {
        "case": 6,
        "collider1": {
            "type": "Box",
            "collider2origin": [
                [
                    0.9077781725128689,
                    0.4194505805326724,
                    0.0,
                    0.4158817547107895
                ],
                [
                    -0.4194505805326724,
                    0.9077781725128689,
                    0.0,
                    0.733173894971941
                ],
                [
                    0.0,
                    0.0,
                    1.0,
                    -0.6599999999999999
                ],
                [
                    0.0,
                    0.0,
                    0.0,
                    1.0
                ]
            ],
            "size": [
                0.6,
                1.0,
                0.8
            ]
        },
        "collider2": {
            "type": "Box",
            "collider2origin": [
                [
                    0.8435908871272986,
                    0.07519391256221987,
                    0.5316956748642617,
                    0.657538340396819
                ],
                [
                    0.06360936645878022,
                    -0.9971689302558557,
                    0.04009953903856049,
                    0.7786264906341163
                ],
                [
                    0.533205648558312,
                    -6.78068394570309e-06,
                    -0.8459856596299561,
                    -0.9164195041282824
                ],
                [
                    0.0,
                    0.0,
                    0.0,
                    1.0
                ]
            ],
            "size": [
                0.1202,
                0.13634,
                0.67816
            ]
        },
        "distance": 0.0
    },
    {
        "case": 7,
        "collider1": {
            "type": "Box",
            "collider2origin": [
                [
                    0.907778172512869,
                    0.4194505805326725,
                    0.0,
                    0.9947946797881562
                ],
                [
                    -0.4194505805326725,
                    0.907778172512869,
                    0.0,
                    0.5317739604993647
                ],
                [
                    0.0,
                    0.0,
                    1.0,
                    -0.69
                ],
                [
                    0.0,
                    0.0,
                    0.0,
                    1.0
                ]
            ],
            "size": [
                0.6,
                1.2,
                0.75
            ]
        },
        "collider2": {
            "type": "Box",
            "collider2origin": [
                [
                    0.8435908871272986,
                    0.07519391256221987,
                    0.5316956748642617,
                    0.657538340396819
                ],
                [
                    0.06360936645878022,
                    -0.9971689302558557,
                    0.04009953903856049,
                    0.7786264906341163
                ],
                [
                    0.533205648558312,
                    -6.78068394570309e-06,
                    -0.8459856596299561,
                    -0.9164195041282824
                ],
                [
                    0.0,
                    0.0,
                    0.0,
                    1.0
                ]
            ],
            "size": [
                0.1202,
                0.13634,
                0.67816
            ]
        },
        "distance": 0.0
    }
]