[
    {
        "case": 0,
        "collider1": {
            "type": "Box",
            "collider2origin": [
                [
                    0.9077781725128689,
                    0.4194505805326724,
                    0.0,
                    0.4158817547107895
                ],
                [
                    -0.4194505805326724,
                    0.9077781725128689,
                    0.0,
                    0.733173894971941
                ],
                [
                    0.0,
                    0.0,
                    1.0,
                    -0.6599999999999999
                ],
                [
                    0.0,
                    0.0,
                    0.0,
                    1.0
                ]
            ],
            "size": [
                0.6,
                1.0,
                0.8
            ]
        },
        "collider2": {
            "type": "Box",
            "collider2origin": [
                [
                    0.5901101415074275,
                    -0.6995266821672813,
                    0.4030290831021,
                    -0.0024387015466442175
                ],
                [
                    -0.5776627884626435,
                    -0.7146064797432627,
                    -0.3945165166815009,
                    1.0286076019779742
                ],
                [
                    0.5639820242841498,
                    -6.706490363755544e-06,
                    -0.8257870647081943,
                    -0.03551703512751114
                ],
                [
                    0.0,
                    0.0,
                    0.0,
                    1.0
                ]
            ],
            "size": [
                0.1202,
                0.13634,
                0.67816
            ]
        },
        "distance": 0.0
    },
    {
        "case": 1,
        "collider1": {
            "type": "Box",
            "collider2origin": [
                [
                    0.9077781725128689,
                    0.4194505805326724,
                    0.0,
                    0.27063700059322826
                ],
                [
                    -0.4194505805326724,
                    0.9077781725128689,
                    0.0,
                    0.8002854543438492
                ],
                [
                    0.0,
                    0.0,
                    1.0,
                    -0.25
                ],
                [
                    0.0,
                    0.0,
                    0.0,
                    1.0
                ]
            ],
            "size": [
                0.2,
                0.2,
                0.02
            ]
        },
        "collider2": {
            "type": "Box",
            "collider2origin": [
                [
                    0.5901101415074275,
                    -0.6995266821672813,
                    0.4030290831021,
                    -0.0024387015466442175
                ],
                [
                    -0.5776627884626435,
                    -0.7146064797432627,
                    -0.3945165166815009,
                    1.0286076019779742
                ],
                [
                    0.5639820242841498,
                    -6.706490363755544e-06,
                    -0.8257870647081943,
                    -0.03551703512751114
                ],
                [
                    0.0,
                    0.0,
                    0.0,
                    1.0
                ]
            ],
            "size": [
                0.1202,
                0.13634,
                0.67816
            ]
        },
        "distance": 0.006558668863718099
    },
    {
        "case": 2,
        "collider1": {
            "type": "Box",
            "collider2origin": [
                [
                    0.9081427509232697,
                    -0.4186606548811531,
                    0.0,
                    -0.09474126814702305
                ],
                [
                    0.41866065488115317,
                    0.9081427509232698,
                    0.0,
                    1.368923948110301
                ],
                [
                    0.0,
                    0.0,
                    1.0,
                    -0.21500000000000008
                ],
                [
                    0.0,
                    0.0,
                    0.0,
                    1.0
                ]
            ],
            "size": [
                0.2,
                0.3,
                0.22
            ]
        },
        "collider2": {
            "type": "Box",
            "collider2origin": [
                [
                    0.5901101415074275,
                    -0.6995266821672813,
                    0.4030290831021,
                    -0.0024387015466442175
                ],
                [
                    -0.5776627884626435,
                    -0.7146064797432627,
                    -0.3945165166815009,
                    1.0286076019779742
                ],
                [
                    0.5639820242841498,
                    -6.706490363755544e-06,
                    -0.8257870647081943,
                    -0.03551703512751114
                ],
                [
                    0.0,
                    0.0,
                    0.0,
                    1.0
                ]
            ],
            "size": [
                0.1202,
                0.13634,
                0.67816
            ]
        },
        "distance": 0.12624163258572094
    },
    {
        "case": 3,
        "collider1": {
            "type": "Box",
            "collider2origin": [
                [
                    0.9798474486812189,
                    -0.1997472836183421,
                    0.0,
                    -0.20628161272202655
                ],
                [
                    0.19974728361834207,
                    0.9798474486812188,
                    0.0,
                    1.335871448475788
                ],
                [
                    0.0,
                    0.0,
                    1.0,
                    -0.21500000000000008
                ],
                [
                    0.0,
                    0.0,
                    0.0,
                    1.0
                ]
            ],
            "size": [
                0.2,
                0.3,
                0.22
            ]
        },
        "collider2": {
            "type": "Box",
            "collider2origin": [
                [
                    0.5901101415074275,
                    -0.6995266821672813,
                    0.4030290831021,
                    -0.0024387015466442175
                ],
                [
                    -0.5776627884626435,
                    -0.7146064797432627,
                    -0.3945165166815009,
                    1.0286076019779742
                ],
                [
                    0.5639820242841498,
                    -6.706490363755544e-06,
                    -0.8257870647081943,
                    -0.03551703512751114
                ],
                [
                    0.0,
                    0.0,
                    0.0,
                    1.0
                ]
            ],
            "size": [
                0.1202,
                0.13634,
                0.67816
            ]
        },
        "distance": 0.128227235079518
    },
    {
        "case": 4,
        "collider1": {
            "type": "Box",
            "collider2origin": [
                [
                    0.9984065575563776,
                    -0.05643000822632935,
                    0.0,
                    -0.3111399560290343
                ],
                [
                    0.05643000822632935,
                    0.9984065575563776,
                    0.0,
                    1.3240986306775833
                ],
                [
                    0.0,
                    0.0,
                    1.0,
                    -0.21500000000000008
                ],
                [
                    0.0,
                    0.0,
                    0.0,
                    1.0
                ]
            ],
            "size": [
                0.2,
                0.3,
                0.22
            ]
        },
        "collider2": {
            "type": "Box",
            "collider2origin": [
                [
                    0.5901101415074275,
                    -0.6995266821672813,
                    0.4030290831021,
                    -0.0024387015466442175
                ],
                [
                    -0.5776627884626435,
                    -0.7146064797432627,
                    -0.3945165166815009,
                    1.0286076019779742
                ],
                [
                    0.5639820242841498,
                    -6.706490363755544e-06,
                    -0.8257870647081943,
                    -0.03551703512751114
                ],
                [
                    0.0,
                    0.0,
                    0.0,
                    1.0
                ]
            ],
            "size": [
                0.1202,
                0.13634,
                0.67816
            ]
        },
        "distance": 0.18478548841726436
    },
    {
        "case": 5,
        "collider1": {
            "type": "Cylinder",
            "collider2origin": [
                [
                    0.907778172512869,
                    0.4194505805326725,
                    0.0,
                    -0.07232761537572224
                ],
                [
                    -0.4194505805326725,
                    0.907778172512869,
                    0.0,
                    1.2000044650142188
                ],
                [
                    0.0,
                    0.0,
                    1.0,
                    -0.5800000000000001
                ],
                [
                    0.0,
                    0.0,
                    0.0,
                    1.0
                ]
            ],
            "radius": 0.04,
            "height": 0.96
        },
        "collider2": {
            "type": "Box",
            "collider2origin": [
                [
                    0.5901101415074275,
                    -0.6995266821672813,
                    0.4030290831021,
                    -0.0024387015466442175
                ],
                [
                    -0.5776627884626435,
                    -0.7146064797432627,
                    -0.3945165166815009,
                    1.0286076019779742
                ],
                [
                    0.5639820242841498,
                    -6.706490363755544e-06,
                    -0.8257870647081943,
                    -0.03551703512751114
                ],
                [
                    0.0,
                    0.0,
                    0.0,
                    1.0
                ]
            ],
            "size": [
                0.1202,
                0.13634,
                0.67816
            ]
        },
        "distance": 0.08359885773098608
    },
    {
        "case": 6,
        "collider1": {
            "type": "Box",
            "collider2origin": [
                [
                    0.9077781725128689,
                    0.4194505805326724,
                    0.0,
                    0.4158817547107895
                ],
                [
                    -0.4194505805326724,
                    0.9077781725128689,
                    0.0,
                    0.733173894971941
                ],
                [
                    0.0,
                    0.0,
                    1.0,
                    -0.6599999999999999
                ],
                [
                    0.0,
                    0.0,
                    0.0,
                    1.0
                ]
            ],
            "size": [
                0.6,
                1.0,
                0.8
            ]
        },
        "collider2": {
            "type": "Box",
            "collider2origin": [
                [
                    -0.7116098732514886,
                    -0.6995279224910246,
                    0.06536110423173239,
                    0.03738304151564753
                ],
                [
                    0.6965957274577598,
                    -0.7146052656224909,
                    -0.06398208211838428,
                    0.8332331659153089
                ],
                [
                    0.09146464223181977,
                    -1.5396883694588674e-08,
                    0.9958083245391178,
                    -0.2739720133946233
                ],
                [
                    0.0,
                    0.0,
                    0.0,
                    1.0
                ]
            ],
            "size": [
                0.09102,
                0.10007,
                0.11882
            ]
        },
        "distance": 0.024430601164519304
    },
    {
        "case": 7,
        "collider1": {
            "type": "Box",
            "collider2origin": [
                [
                    0.907778172512869,
                    0.4194505805326725,
                    0.0,
                    -1.612083837096907
                ],
                [
                    -0.4194505805326725,
                    0.907778172512869,
                    0.0,
                    -0.24654756573714753
                ],
                [
                    0.0,
                    0.0,
                    1.0,
                    -0.040000000000000036
                ],
                [
                    0.0,
                    0.0,
                    0.0,
                    1.0
                ]
            ],
            "size": [
                2.0,
                2.0,
                2.0
            ]
        },
        "collider2": {
            "type": "Box",
            "collider2origin": [
                [
                    -0.3488539647837555,
                    -0.699530453425297,
                    -0.6236650190488903,
                    -0.0091427112531004
                ],
                [
                    0.34149826590145776,
                    -0.7146027880767496,
                    0.6105094509172101,
                    0.8583727972404729
                ],
                [
                    -0.8727427144588212,
                    -1.8800181733088328e-06,
                    0.48818045265609916,
                    0.04382516207602327
                ],
                [
                    0.0,
                    0.0,
                    0.0,
                    1.0
                ]
            ],
            "size": [
                0.15068,
                0.17726,
                0.74884
            ]
        },
        "distance": 0.5448581985223153
    },
    {
        "case": 8,
        "collider1": {
            "type": "Box",
            "collider2origin": [
                [
                    0.9798474486812189,
                    -0.1997472836183421,
                    0.0,
                    -0.20628161272202655
                ],
                [
                    0.19974728361834207,
                    0.9798474486812188,
                    0.0,
                    1.335871448475788
                ],
                [
                    0.0,
                    0.0,
                    1.0,
                    -0.21500000000000008
                ],
                [
                    0.0,
                    0.0,
                    0.0,
                    1.0
                ]
            ],
            "size": [
                0.2,
                0.3,
                0.22
            ]
        },
        "collider2": {
            "type": "Box",
            "collider2origin": [
                [
                    -0.3488539647837555,
                    -0.699530453425297,
                    -0.6236650190488903,
                    -0.0091427112531004
                ],
                [
                    0.34149826590145776,
                    -0.7146027880767496,
                    0.6105094509172101,
                    0.8583727972404729
                ],
                [
                    -0.8727427144588212,
                    -1.8800181733088328e-06,
                    0.48818045265609916,
                    0.04382516207602327
                ],
                [
                    0.0,
                    0.0,
                    0.0,
                    1.0
                ]
            ],
            "size": [
                0.15068,
                0.17726,
                0.74884
            ]
        },
        "distance": 0.22394828755603946
    },
    {
        "case": 9,
        "collider1": {
            "type": "Box",
            "collider2origin": [
                [
                    0.9984065575563776,
                    -0.05643000822632935,
                    0.0,
                    -0.3111399560290343
                ],
                [
                    0.05643000822632935,
                    0.9984065575563776,
                    0.0,
                    1.3240986306775833
                ],
                [
                    0.0,
                    0.0,
                    1.0,
                    -0.21500000000000008
                ],
                [
                    0.0,
                    0.0,
                    0.0,
                    1.0
                ]
            ],
            "size": [
                0.2,
                0.3,
                0.22
            ]
        },
        "collider2": {
            "type": "Box",
            "collider2origin": [
                [
                    -0.3488539647837555,
                    -0.699530453425297,
                    -0.6236650190488903,
                    -0.0091427112531004
                ],
                [
                    0.34149826590145776,
                    -0.7146027880767496,
                    0.6105094509172101,
                    0.8583727972404729
                ],
                [
                    -0.8727427144588212,
                    -1.8800181733088328e-06,
                    0.48818045265609916,
                    0.04382516207602327
                ],
                [
                    0.0,
                    0.0,
                    0.0,
                    1.0
                ]
            ],
            "size": [
                0.15068,
                0.17726,
                0.74884
            ]
        },
        "distance": 0.23201483228486527
    },
    {
        "case": 10,
        "collider1": {
            "type": "Box",
            "collider2origin": [
                [
                    0.9997288002091077,
                    0.023287894547555033,
                    0.0,
                    -0.42010216954734814
                ],
                [
                    -0.02328789454755501,
                    0.9997288002091077,
                    0.0,
                    1.3190360102899432
                ],
                [
                    0.0,
                    0.0,
                    1.0,
                    -0.21500000000000008
                ],
                [
                    0.0,
                    0.0,
                    0.0,
                    1.0
                ]
            ],
            "size": [
                0.2,
                0.3,
                0.22
            ]
        },
        "collider2": {
            "type": "Box",
            "collider2origin": [
                [
                    -0.3488539647837555,
                    -0.699530453425297,
                    -0.6236650190488903,
                    -0.0091427112531004
                ],
                [
                    0.34149826590145776,
                    -0.7146027880767496,
                    0.6105094509172101,
                    0.8583727972404729
                ],
                [
                    -0.8727427144588212,
                    -1.8800181733088328e-06,
                    0.48818045265609916,
                    0.04382516207602327
                ],
                [
                    0.0,
                    0.0,
                    0.0,
                    1.0
                ]
            ],
            "size": [
                0.15068,
                0.17726,
                0.74884
            ]
        },
        "distance": 0.269563151020913
    },
    {
        "case": 11,
        "collider1": {
            "type": "Box",
            "collider2origin": [
                [
                    0.907778172512869,
                    0.4194505805326725,
                    0.0,
                    -0.7418785952877999
                ],
                [
                    -0.4194505805326725,
                    0.907778172512869,
                    0.0,
                    1.2791466490804724
                ],
                [
                    0.0,
                    0.0,
                    1.0,
                    0.27
                ],
                [
                    0.0,
                    0.0,
                    0.0,
                    1.0
                ]
            ],
            "size": [
                0.52,
                1.16,
                0.6
            ]
        },
        "collider2": {
            "type": "Box",
            "collider2origin": [
                [
                    -0.3488539647837555,
                    -0.699530453425297,
                    -0.6236650190488903,
                    -0.0091427112531004
                ],
                [
                    0.34149826590145776,
                    -0.7146027880767496,
                    0.6105094509172101,
                    0.8583727972404729
                ],
                [
                    -0.8727427144588212,
                    -1.8800181733088328e-06,
                    0.48818045265609916,
                    0.04382516207602327
                ],
                [
                    0.0,
                    0.0,
                    0.0,
                    1.0
                ]
            ],
            "size": [
                0.15068,
                0.17726,
                0.74884
            ]
        },
        "distance": 0.20943052652068167
    },
    {
        "case": 12,
        "collider1": {
            "type": "Cylinder",
            "collider2origin": [
                [
                    0.907778172512869,
                    0.4194505805326725,
                    0.0,
                    -0.07232761537572224
                ],
                [
                    -0.4194505805326725,
                    0.907778172512869,
                    0.0,
                    1.2000044650142188
                ],
                [
                    0.0,
                    0.0,
                    1.0,
                    -0.5800000000000001
                ],
                [
                    0.0,
                    0.0,
                    0.0,
                    1.0
                ]
            ],
            "radius": 0.04,
            "height": 0.96
        },
        "collider2": {
            "type": "Box",
            "collider2origin": [
                [
                    -0.3488539647837555,
                    -0.699530453425297,
                    -0.6236650190488903,
                    -0.0091427112531004
                ],
                [
                    0.34149826590145776,
                    -0.7146027880767496,
                    0.6105094509172101,
                    0.8583727972404729
                ],
                [
                    -0.8727427144588212,
                    -1.8800181733088328e-06,
                    0.48818045265609916,
                    0.04382516207602327
                ],
                [
                    0.0,
                    0.0,
                    0.0,
                    1.0
                ]
            ],
            "size": [
                0.15068,
                0.17726,
                0.74884
            ]
        },
        "distance": 0.19376564953029737
    },
    {
        "case": 13,
        "collider1": {
            "type": "Box",
            "collider2origin": [
                [
                    0.907778172512869,
                    0.4194505805326725,
                    0.0,
                    -1.612083837096907
                ],
                [
                    -0.4194505805326725,
                    0.907778172512869,
                    0.0,
                    -0.24654756573714753
                ],
                [
                    0.0,
                    0.0,
                    1.0,
                    -0.040000000000000036
                ],
                [
                    0.0,
                    0.0,
                    0.0,
                    1.0
                ]
            ],
            "size": [
                2.0,
                2.0,
                2.0
            ]
        },
        "collider2": {
            "type": "Box",
            "collider2origin": [
                [
                    -0.3488539647837555,
                    -0.699530453425297,
                    -0.6236650190488903,
                    -0.0091427112531004
                ],
                [
                    0.34149826590145776,
                    -0.7146027880767496,
                    0.6105094509172101,
                    0.8583727972404729
                ],
                [
                    -0.8727427144588212,
                    -1.8800181733088328e-06,
                    0.48818045265609916,
                    0.04382516207602327
                ],
                [
                    0.0,
                    0.0,
                    0.0,
                    1.0
                ]
            ],
            "size": [
                0.15068,
                0.17726,
                0.74884
            ]
        },
        "distance": 0.5448581985223153
    },
    {
        "case": 14,
        "collider1": {
            "type": "Box",
            "collider2origin": [
                [
                    0.9798474486812189,
                    -0.1997472836183421,
                    0.0,
                    -0.20628161272202655
                ],
                [
                    0.19974728361834207,
                    0.9798474486812188,
                    0.0,
                    1.335871448475788
                ],
                [
                    0.0,
                    0.0,
                    1.0,
                    -0.21500000000000008
                ],
                [
                    0.0,
                    0.0,
                    0.0,
                    1.0
                ]
            ],
            "size": [
                0.2,
                0.3,
                0.22
            ]
        },
        "collider2": {
            "type": "Box",
            "collider2origin": [
                [
                    -0.3488539647837555,
                    -0.699530453425297,
                    -0.6236650190488903,
                    -0.0091427112531004
                ],
                [
                    0.34149826590145776,
                    -0.7146027880767496,
                    0.6105094509172101,
                    0.8583727972404729
                ],
                [
                    -0.8727427144588212,
                    -1.8800181733088328e-06,
                    0.48818045265609916,
                    0.04382516207602327
                ],
                [
                    0.0,
                    0.0,
                    0.0,
                    1.0
                ]
            ],
            "size": [
                0.15068,
                0.17726,
                0.74884
            ]
        },
        "distance": 0.22394828755603946
    },
    {
        "case": 15,
        "collider1": {
            "type": "Box",
            "collider2origin": [
                [
                    0.9984065575563776,
                    -0.05643000822632935,
                    0.0,
                    -0.3111399560290343
                ],
                [
                    0.05643000822632935,
                    0.9984065575563776,
                    0.0,
                    1.3240986306775833
                ],
                [
                    0.0,
                    0.0,
                    1.0,
                    -0.21500000000000008
                ],
                [
                    0.0,
                    0.0,
                    0.0,
                    1.0
                ]
            ],
            "size": [
                0.2,
                0.3,
                0.22
            ]
        },
        "collider2": {
            "type": "Box",
            "collider2origin": [
                [
                    -0.3488539647837555,
                    -0.699530453425297,
                    -0.6236650190488903,
                    -0.0091427112531004
                ],
                [
                    0.34149826590145776,
                    -0.7146027880767496,
                    0.6105094509172101,
                    0.8583727972404729
                ],
                [
                    -0.8727427144588212,
                    -1.8800181733088328e-06,
                    0.48818045265609916,
                    0.04382516207602327
                ],
                [
                    0.0,
                    0.0,
                    0.0,
                    1.0
                ]
            ],
            "size": [
                0.15068,
                0.17726,
                0.74884
            ]
        },
        "distance": 0.23201483228486527
    },
    {
        "case": 16,
        "collider1": {
            "type": "Box",
            "collider2origin": [
                [
                    0.9997288002091077,
                    0.023287894547555033,
                    0.0,
                    -0.42010216954734814
                ],
                [
                    -0.02328789454755501,
                    0.9997288002091077,
                    0.0,
                    1.3190360102899432
                ],
                [
                    0.0,
                    0.0,
                    1.0,
                    -0.21500000000000008
                ],
                [
                    0.0,
                    0.0,
                    0.0,
                    1.0
                ]
            ],
            "size": [
                0.2,
                0.3,
                0.22
            ]
        },
        "collider2": {
            "type": "Box",
            "collider2origin": [
                [
                    -0.3488539647837555,
                    -0.699530453425297,
                    -0.6236650190488903,
                    -0.0091427112531004
                ],
                [
                    0.34149826590145776,
                    -0.7146027880767496,
                    0.6105094509172101,
                    0.8583727972404729
                ],
                [
                    -0.8727427144588212,
                    -1.8800181733088328e-06,
                    0.48818045265609916,
                    0.04382516207602327
                ],
                [
                    0.0,
                    0.0,
                    0.0,
                    1.0
                ]
            ],
            "size": [
                0.15068,
                0.17726,
                0.74884
            ]
        },
        "distance": 0.269563151020913
    },
    {
        "case": 17,
        "collider1": {
            "type": "Box",
            "collider2origin": [
                [
                    0.907778172512869,
                    0.4194505805326725,
                    0.0,
                    -0.7418785952877999
                ],
                [
                    -0.4194505805326725,
                    0.907778172512869,
                    0.0,
                    1.2791466490804724
                ],
                [
                    0.0,
                    0.0,
                    1.0,
                    0.27
                ],
                [
                    0.0,
                    0.0,
                    0.0,
                    1.0
                ]
            ],
            "size": [
                0.52,
                1.16,
                0.6
            ]
        },
        "collider2": {
            "type": "Box",
            "collider2origin": [
                [
                    -0.3488539647837555,
                    -0.699530453425297,
                    -0.6236650190488903,
                    -0.0091427112531004
                ],
                [
                    0.34149826590145776,
                    -0.7146027880767496,
                    0.6105094509172101,
                    0.8583727972404729
                ],
                [
                    -0.8727427144588212,
                    -1.8800181733088328e-06,
                    0.48818045265609916,
                    0.04382516207602327
                ],
                [
                    0.0,
                    0.0,
                    0.0,
                    1.0
                ]
            ],
            "size": [
                0.15068,
                0.17726,
                0.74884
            ]
        },
        "distance": 0.20943052652068167
    },
    {
        "case": 18,
        "collider1": {
            "type": "Cylinder",
            "collider2origin": [
                [
                    0.907778172512869,
                    0.4194505805326725,
                    0.0,
                    -0.07232761537572224
                ],
                [
                    -0.4194505805326725,
                    0.907778172512869,
                    0.0,
                    1.2000044650142188
                ],
                [
                    0.0,
                    0.0,
                    1.0,
                    -0.5800000000000001
                ],
                [
                    0.0,
                    0.0,
                    0.0,
                    1.0
                ]
            ],
            "radius": 0.04,
            "height": 0.96
        },
        "collider2": {
            "type": "Box",
            "collider2origin": [
                [
                    -0.3488539647837555,
                    -0.699530453425297,
                    -0.6236650190488903,
                    -0.0091427112531004
                ],
                [
                    0.34149826590145776,
                    -0.7146027880767496,
                    0.6105094509172101,
                    0.8583727972404729
                ],
                [
                    -0.8727427144588212,
                    -1.8800181733088328e-06,
                    0.48818045265609916,
                    0.04382516207602327
                ],
                [
                    0.0,
                    0.0,
                    0.0,
                    1.0
                ]
            ],
            "size": [
                0.15068,
                0.17726,
                0.74884
            ]
        },
        "distance": 0.19376564953029737
    }
]