[
    {
        "case": 0,
        "collider1": {
            "type": "Box",
            "collider2origin": [
                [
                    0.9077781725128689,
                    0.4194505805326724,
                    0.0,
                    0.4158817547107895
                ],
                [
                    -0.4194505805326724,
                    0.9077781725128689,
                    0.0,
                    0.733173894971941
                ],
                [
                    0.0,
                    0.0,
                    1.0,
                    -0.6599999999999999
                ],
                [
                    0.0,
                    0.0,
                    0.0,
                    1.0
                ]
            ],
            "size": [
                0.6,
                1.0,
                0.8
            ]
        },
        "collider2": {
            "type": "Box",
            "collider2origin": [
                [
                    -0.08868020301733412,
                    0.9677985541261019,
                    0.2355881580730044,
                    0.5395986251362369
                ],
                [
                    0.3409259963528398,
                    0.2517259593422056,
                    -0.9057612855515902,
                    0.5722021769048358
                ],
                [
                    -0.9358981176408185,
                    -4.967167987220152e-06,
                    -0.352270795513479,
                    -0.2082787531936674
                ],
                [
                    0.0,
                    0.0,
                    0.0,
                    1.0
                ]
            ],
            "size": [
                0.15068,
                0.17726,
                0.74884
            ]
        },
        "distance": 0.0
    },
    {
        "case": 1,
        "collider1": {
            "type": "Box",
            "collider2origin": [
                [
                    0.9077781725128689,
                    0.4194505805326724,
                    0.0,
                    0.27063700059322826
                ],
                [
                    -0.4194505805326724,
                    0.9077781725128689,
                    0.0,
                    0.8002854543438492
                ],
                [
                    0.0,
                    0.0,
                    1.0,
                    -0.25
                ],
                [
                    0.0,
                    0.0,
                    0.0,
                    1.0
                ]
            ],
            "size": [
                0.2,
                0.2,
                0.02
            ]
        },
        "collider2": {
            "type": "Box",
            "collider2origin": [
                [
                    -0.08868020301733412,
                    0.9677985541261019,
                    0.2355881580730044,
                    0.5395986251362369
                ],
                [
                    0.3409259963528398,
                    0.2517259593422056,
                    -0.9057612855515902,
                    0.5722021769048358
                ],
                [
                    -0.9358981176408185,
                    -4.967167987220152e-06,
                    -0.352270795513479,
                    -0.2082787531936674
                ],
                [
                    0.0,
                    0.0,
                    0.0,
                    1.0
                ]
            ],
            "size": [
                0.15068,
                0.17726,
                0.74884
            ]
        },
        "distance": 0.04546089856281083
    },
    {
        "case": 2,
        "collider1": {
            "type": "Box",
            "collider2origin": [
                [
                    0.907778172512869,
                    0.4194505805326725,
                    0.0,
                    0.9947946797881562
                ],
                [
                    -0.4194505805326725,
                    0.907778172512869,
                    0.0,
                    0.5317739604993647
                ],
                [
                    0.0,
                    0.0,
                    1.0,
                    -0.69
                ],
                [
                    0.0,
                    0.0,
                    0.0,
                    1.0
                ]
            ],
            "size": [
                0.6,
                1.2,
                0.75
            ]
        },
        "collider2": {
            "type": "Box",
            "collider2origin": [
                [
                    -0.08868020301733412,
                    0.9677985541261019,
                    0.2355881580730044,
                    0.5395986251362369
                ],
                [
                    0.3409259963528398,
                    0.2517259593422056,
                    -0.9057612855515902,
                    0.5722021769048358
                ],
                [
                    -0.9358981176408185,
                    -4.967167987220152e-06,
                    -0.352270795513479,
                    -0.2082787531936674
                ],
                [
                    0.0,
                    0.0,
                    0.0,
                    1.0
                ]
            ],
            "size": [
                0.15068,
                0.17726,
                0.74884
            ]
        },
        "distance": 0.0
    },
    {
        "case": 3,
        "collider1": {
            "type": "Box",
            "collider2origin": [
                [
                    0.9077781725128689,
                    0.4194505805326724,
                    0.0,
                    0.4158817547107895
                ],
                [
                    -0.4194505805326724,
                    0.9077781725128689,
                    0.0,
                    0.733173894971941
                ],
                [
                    0.0,
                    0.0,
                    1.0,
                    -0.6599999999999999
                ],
                [
                    0.0,
                    0.0,
                    0.0,
                    1.0
                ]
            ],
            "size": [
                0.6,
                1.0,
                0.8
            ]
        },
        "collider2": {
            "type": "Box",
            "collider2origin": [
                [
                    -0.08868020301733412,
                    0.9677985541261019,
                    0.2355881580730044,
                    0.5395986251362369
                ],
                [
                    0.3409259963528398,
                    0.2517259593422056,
                    -0.9057612855515902,
                    0.5722021769048358
                ],
                [
                    -0.9358981176408185,
                    -4.967167987220152e-06,
                    -0.352270795513479,
                    -0.2082787531936674
                ],
                [
                    0.0,
                    0.0,
                    0.0,
                    1.0
                ]
            ],
            "size": [
                0.15068,
                0.17726,
                0.74884
            ]
        },
        "distance": 0.0
    },
    {
        "case": 4,
        "collider1": {
            "type": "Box",
            "collider2origin": [
                [
                    0.9077781725128689,
                    0.4194505805326724,
                    0.0,
                    0.27063700059322826
                ],
                [
                    -0.4194505805326724,
                    0.9077781725128689,
                    0.0,
                    0.8002854543438492
                ],
                [
                    0.0,
                    0.0,
                    1.0,
                    -0.25
                ],
                [
                    0.0,
                    0.0,
                    0.0,
                    1.0
                ]
            ],
            "size": [
                0.2,
                0.2,
                0.02
            ]
        },
        "collider2": {
            "type": "Box",
            "collider2origin": [
                [
                    -0.08868020301733412,
                    0.9677985541261019,
                    0.2355881580730044,
                    0.5395986251362369
                ],
                [
                    0.3409259963528398,
                    0.2517259593422056,
                    -0.9057612855515902,
                    0.5722021769048358
                ],
                [
                    -0.9358981176408185,
                    -4.967167987220152e-06,
                    -0.352270795513479,
                    -0.2082787531936674
                ],
                [
                    0.0,
                    0.0,
                    0.0,
                    1.0
                ]
            ],
            "size": [
                0.15068,
                0.17726,
                0.74884
            ]
        },
        "distance": 0.04546089856281083
    },
    {
        "case": 5,
        "collider1": {
            "type": "Box",
            "collider2origin": [
                [
                    0.907778172512869,
                    0.4194505805326725,
                    0.0,
                    0.9947946797881562
                ],
                [
                    -0.4194505805326725,
                    0.907778172512869,
                    0.0,
                    0.5317739604993647
                ],
                [
                    0.0,
                    0.0,
                    1.0,
                    -0.69
                ],
                [
                    0.0,
                    0.0,
                    0.0,
                    1.0
                ]
            ],
            "size": [
                0.6,
                1.2,
                0.75
            ]
        },
        "collider2": {
            "type": "Box",
            "collider2origin": [
                [
                    -0.08868020301733412,
                    0.9677985541261019,
                    0.2355881580730044,
                    0.5395986251362369
                ],
                [
                    0.3409259963528398,
                    0.2517259593422056,
                    -0.9057612855515902,
                    0.5722021769048358
                ],
                [
                    -0.9358981176408185,
                    -4.967167987220152e-06,
                    -0.352270795513479,
                    -0.2082787531936674
                ],
                [
                    0.0,
                    0.0,
                    0.0,
                    1.0
                ]
            ],
            "size": [
                0.15068,
                0.17726,
                0.74884
            ]
        },
        "distance": 0.0
    },
    {
        "case": 6,
        "collider1": {
            "type": "Box",
            "collider2origin": [
                [
                    0.9077781725128689,
                    0.4194505805326724,
                    0.0,
                    0.4158817547107895
                ],
                [
                    -0.4194505805326724,
                    0.9077781725128689,
                    0.0,
                    0.733173894971941
                ],
                [
                    0.0,
                    0.0,
                    1.0,
                    -0.6599999999999999
                ],
                [
                    0.0,
                    0.0,
                    0.0,
                    1.0
                ]
            ],
            "size": [
                0.6,
                1.0,
                0.8
            ]
        },
        "collider2": {
            "type": "Box",
            "collider2origin": [
                [
                    0.19266394890472133,
                    0.9677970936421662,
                    -0.16201662979526335,
                    0.4453896434440178
                ],
                [
                    -0.7407058710424231,
                    0.2517315743744388,
                    0.6228852438983056,
                    0.43251091663241603
                ],
                [
                    0.643611230010574,
                    -8.619080697029217e-07,
                    0.765352588421528,
                    -0.1037391852624665
                ],
                [
                    0.0,
                    0.0,
                    0.0,
                    1.0
                ]
            ],
            "size": [
                0.1202,
                0.13634,
                0.67816
            ]
        },
        "distance": 0.0
    },
    {
        "case": 7,
        "collider1": {
            "type": "Box",
            "collider2origin": [
                [
                    0.9077781725128689,
                    0.4194505805326724,
                    0.0,
                    0.27063700059322826
                ],
                [
                    -0.4194505805326724,
                    0.9077781725128689,
                    0.0,
                    0.8002854543438492
                ],
                [
                    0.0,
                    0.0,
                    1.0,
                    -0.25
                ],
                [
                    0.0,
                    0.0,
                    0.0,
                    1.0
                ]
            ],
            "size": [
                0.2,
                0.2,
                0.02
            ]
        },
        "collider2": {
            "type": "Box",
            "collider2origin": [
                [
                    0.19266394890472133,
                    0.9677970936421662,
                    -0.16201662979526335,
                    0.4453896434440178
                ],
                [
                    -0.7407058710424231,
                    0.2517315743744388,
                    0.6228852438983056,
                    0.43251091663241603
                ],
                [
                    0.643611230010574,
                    -8.619080697029217e-07,
                    0.765352588421528,
                    -0.1037391852624665
                ],
                [
                    0.0,
                    0.0,
                    0.0,
                    1.0
                ]
            ],
            "size": [
                0.1202,
                0.13634,
                0.67816
            ]
        },
        "distance": 0.22596335894868957
    },
    {
        "case": 8,
        "collider1": {
            "type": "Box",
            "collider2origin": [
                [
                    0.907778172512869,
                    0.4194505805326725,
                    0.0,
                    0.9947946797881562
                ],
                [
                    -0.4194505805326725,
                    0.907778172512869,
                    0.0,
                    0.5317739604993647
                ],
                [
                    0.0,
                    0.0,
                    1.0,
                    -0.69
                ],
                [
                    0.0,
                    0.0,
                    0.0,
                    1.0
                ]
            ],
            "size": [
                0.6,
                1.2,
                0.75
            ]
        },
        "collider2": {
            "type": "Box",
            "collider2origin": [
                [
                    0.19266394890472133,
                    0.9677970936421662,
                    -0.16201662979526335,
                    0.4453896434440178
                ],
                [
                    -0.7407058710424231,
                    0.2517315743744388,
                    0.6228852438983056,
                    0.43251091663241603
                ],
                [
                    0.643611230010574,
                    -8.619080697029217e-07,
                    0.765352588421528,
                    -0.1037391852624665
                ],
                [
                    0.0,
                    0.0,
                    0.0,
                    1.0
                ]
            ],
            "size": [
                0.1202,
                0.13634,
                0.67816
            ]
        },
        "distance": 0.0
    }
]