[
    {
        "case": 0,
        "collider1": {
            "type": "Box",
            "collider2origin": [
                [
                    0.9077781725128689,
                    0.4194505805326724,
                    0.0,
                    0.4158817547107895
                ],
                [
                    -0.4194505805326724,
                    0.9077781725128689,
                    0.0,
                    0.733173894971941
                ],
                [
                    0.0,
                    0.0,
                    1.0,
                    -0.6599999999999999
                ],
                [
                    0.0,
                    0.0,
                    0.0,
                    1.0
                ]
            ],
            "size": [
                0.6,
                1.0,
                0.8
            ]
        },
        "collider2": {
            "type": "Box",
            "collider2origin": [
                [
                    0.2952421173452569,
                    -0.04365295550913759,
                    0.9544247019125224,
                    1.1608022349334952
                ],
                [
                    0.012898013867071775,
                    0.9990467553966736,
                    0.04170397786379254,
                    0.885861231487214
                ],
                [
                    -0.9553354036063849,
                    -2.587685882269792e-06,
                    0.29552371581571824,
                    -0.15929463715162773
                ],
                [
                    0.0,
                    0.0,
                    0.0,
                    1.0
                ]
            ],
            "size": [
                0.1202,
                0.13634,
                0.67816
            ]
        },
        "distance": 0.0
    },
    {
        "case": 1,
        "collider1": {
            "type": "Box",
            "collider2origin": [
                [
                    0.907778172512869,
                    0.4194505805326725,
                    0.0,
                    0.9947946797881562
                ],
                [
                    -0.4194505805326725,
                    0.907778172512869,
                    0.0,
                    0.5317739604993647
                ],
                [
                    0.0,
                    0.0,
                    1.0,
                    -0.69
                ],
                [
                    0.0,
                    0.0,
                    0.0,
                    1.0
                ]
            ],
            "size": [
                0.6,
                1.2,
                0.75
            ]
        },
        "collider2": {
            "type": "Box",
            "collider2origin": [
                [
                    0.2952421173452569,
                    -0.04365295550913759,
                    0.9544247019125224,
                    1.1608022349334952
                ],
                [
                    0.012898013867071775,
                    0.9990467553966736,
                    0.04170397786379254,
                    0.885861231487214
                ],
                [
                    -0.9553354036063849,
                    -2.587685882269792e-06,
                    0.29552371581571824,
                    -0.15929463715162773
                ],
                [
                    0.0,
                    0.0,
                    0.0,
                    1.0
                ]
            ],
            "size": [
                0.1202,
                0.13634,
                0.67816
            ]
        },
        "distance": 0.0
    },
    {
        "case": 2,
        "collider1": {
            "type": "Box",
            "collider2origin": [
                [
                    0.9077781725128689,
                    0.4194505805326724,
                    0.0,
                    0.4158817547107895
                ],
                [
                    -0.4194505805326724,
                    0.9077781725128689,
                    0.0,
                    0.733173894971941
                ],
                [
                    0.0,
                    0.0,
                    1.0,
                    -0.6599999999999999
                ],
                [
                    0.0,
                    0.0,
                    0.0,
                    1.0
                ]
            ],
            "size": [
                0.6,
                1.0,
                0.8
            ]
        },
        "collider2": {
            "type": "Box",
            "collider2origin": [
                [
                    -0.22775644106340612,
                    -0.043652888236460734,
                    0.9727391371291412,
                    0.5841952371529313
                ],
                [
                    -0.009956108868309391,
                    0.9990467583292935,
                    0.042502359557238995,
                    0.9871251122020195
                ],
                [
                    -0.9736672324004405,
                    -4.510600169077004e-06,
                    -0.22797394704071097,
                    -0.17098969221610805
                ],
                [
                    0.0,
                    0.0,
                    0.0,
                    1.0
                ]
            ],
            "size": [
                0.15068,
                0.17726,
                0.74884
            ]
        },
        "distance": 0.0
    },
    {
        "case": 3,
        "collider1": {
            "type": "Box",
            "collider2origin": [
                [
                    0.9077781725128689,
                    0.4194505805326724,
                    0.0,
                    0.27063700059322826
                ],
                [
                    -0.4194505805326724,
                    0.9077781725128689,
                    0.0,
                    0.8002854543438492
                ],
                [
                    0.0,
                    0.0,
                    1.0,
                    -0.25
                ],
                [
                    0.0,
                    0.0,
                    0.0,
                    1.0
                ]
            ],
            "size": [
                0.2,
                0.2,
                0.02
            ]
        },
        "collider2": {
            "type": "Box",
            "collider2origin": [
                [
                    -0.22775644106340612,
                    -0.043652888236460734,
                    0.9727391371291412,
                    0.5841952371529313
                ],
                [
                    -0.009956108868309391,
                    0.9990467583292935,
                    0.042502359557238995,
                    0.9871251122020195
                ],
                [
                    -0.9736672324004405,
                    -4.510600169077004e-06,
                    -0.22797394704071097,
                    -0.17098969221610805
                ],
                [
                    0.0,
                    0.0,
                    0.0,
                    1.0
                ]
            ],
            "size": [
                0.15068,
                0.17726,
                0.74884
            ]
        },
        "distance": 0.04818600875095813
    },
    {
        "case": 4,
        "collider1": {
            "type": "Box",
            "collider2origin": [
                [
                    0.907778172512869,
                    0.4194505805326725,
                    0.0,
                    0.9947946797881562
                ],
                [
                    -0.4194505805326725,
                    0.907778172512869,
                    0.0,
                    0.5317739604993647
                ],
                [
                    0.0,
                    0.0,
                    1.0,
                    -0.69
                ],
                [
                    0.0,
                    0.0,
                    0.0,
                    1.0
                ]
            ],
            "size": [
                0.6,
                1.2,
                0.75
            ]
        },
        "collider2": {
            "type": "Box",
            "collider2origin": [
                [
                    -0.22775644106340612,
                    -0.043652888236460734,
                    0.9727391371291412,
                    0.5841952371529313
                ],
                [
                    -0.009956108868309391,
                    0.9990467583292935,
                    0.042502359557238995,
                    0.9871251122020195
                ],
                [
                    -0.9736672324004405,
                    -4.510600169077004e-06,
                    -0.22797394704071097,
                    -0.17098969221610805
                ],
                [
                    0.0,
                    0.0,
                    0.0,
                    1.0
                ]
            ],
            "size": [
                0.15068,
                0.17726,
                0.74884
            ]
        },
        "distance": 0.0
    },
    {
        "case": 5,
        "collider1": {
            "type": "Box",
            "collider2origin": [
                [
                    0.9077781725128689,
                    0.4194505805326724,
                    0.0,
                    0.4158817547107895
                ],
                [
                    -0.4194505805326724,
                    0.9077781725128689,
                    0.0,
                    0.733173894971941
                ],
                [
                    0.0,
                    0.0,
                    1.0,
                    -0.6599999999999999
                ],
                [
                    0.0,
                    0.0,
                    0.0,
                    1.0
                ]
            ],
            "size": [
                0.6,
                1.0,
                0.8
            ]
        },
        "collider2": {
            "type": "Box",
            "collider2origin": [
                [
                    -0.22775644106340612,
                    -0.043652888236460734,
                    0.9727391371291412,
                    0.5841952371529313
                ],
                [
                    -0.009956108868309391,
                    0.9990467583292935,
                    0.042502359557238995,
                    0.9871251122020195
                ],
                [
                    -0.9736672324004405,
                    -4.510600169077004e-06,
                    -0.22797394704071097,
                    -0.17098969221610805
                ],
                [
                    0.0,
                    0.0,
                    0.0,
                    1.0
                ]
            ],
            "size": [
                0.15068,
                0.17726,
                0.74884
            ]
        },
        "distance": 0.0
    },
    {
        "case": 6,
        "collider1": {
            "type": "Box",
            "collider2origin": [
                [
                    0.9077781725128689,
                    0.4194505805326724,
                    0.0,
                    0.27063700059322826
                ],
                [
                    -0.4194505805326724,
                    0.9077781725128689,
                    0.0,
                    0.8002854543438492
                ],
                [
                    0.0,
                    0.0,
                    1.0,
                    -0.25
                ],
                [
                    0.0,
                    0.0,
                    0.0,
                    1.0
                ]
            ],
            "size": [
                0.2,
                0.2,
                0.02
            ]
        },
        "collider2": {
            "type": "Box",
            "collider2origin": [
                [
                    -0.22775644106340612,
                    -0.043652888236460734,
                    0.9727391371291412,
                    0.5841952371529313
                ],
                [
                    -0.009956108868309391,
                    0.9990467583292935,
                    0.042502359557238995,
                    0.9871251122020195
                ],
                [
                    -0.9736672324004405,
                    -4.510600169077004e-06,
                    -0.22797394704071097,
                    -0.17098969221610805
                ],
                [
                    0.0,
                    0.0,
                    0.0,
                    1.0
                ]
            ],
            "size": [
                0.15068,
                0.17726,
                0.74884
            ]
        },
        "distance": 0.04818600875095813
    },
    {
        "case": 7,
        "collider1": {
            "type": "Box",
            "collider2origin": [
                [
                    0.907778172512869,
                    0.4194505805326725,
                    0.0,
                    0.9947946797881562
                ],
                [
                    -0.4194505805326725,
                    0.907778172512869,
                    0.0,
                    0.5317739604993647
                ],
                [
                    0.0,
                    0.0,
                    1.0,
                    -0.69
                ],
                [
                    0.0,
                    0.0,
                    0.0,
                    1.0
                ]
            ],
            "size": [
                0.6,
                1.2,
                0.75
            ]
        },
        "collider2": {
            "type": "Box",
            "collider2origin": [
                [
                    -0.22775644106340612,
                    -0.043652888236460734,
                    0.9727391371291412,
                    0.5841952371529313
                ],
                [
                    -0.009956108868309391,
                    0.9990467583292935,
                    0.042502359557238995,
                    0.9871251122020195
                ],
                [
                    -0.9736672324004405,
                    -4.510600169077004e-06,
                    -0.22797394704071097,
                    -0.17098969221610805
                ],
                [
                    0.0,
                    0.0,
                    0.0,
                    1.0
                ]
            ],
            "size": [
                0.15068,
                0.17726,
                0.74884
            ]
        },
        "distance": 0.0
    }
]