[
    {
        "case": 0,
        "collider1": {
            "type": "Box",
            "collider2origin": [
                [
                    0.9077781725128689,
                    0.4194505805326724,
                    0.0,
                    0.4158817547107895
                ],
                [
                    -0.4194505805326724,
                    0.9077781725128689,
                    0.0,
                    0.733173894971941
                ],
                [
                    0.0,
                    0.0,
                    1.0,
                    -0.6599999999999999
                ],
                [
                    0.0,
                    0.0,
                    0.0,
                    1.0
                ]
            ],
            "size": [
                0.6,
                1.0,
                0.8
            ]
        },
        "collider2": {
            "type": "Box",
            "collider2origin": [
                [
                    0.5709314685765156,
                    -0.6374069057093696,
                    0.5174453543545152,
                    0.13787666624992362
                ],
                [
                    -0.4717490114087394,
                    -0.7705271217662042,
                    -0.42865000274998943,
                    1.0502630286153165
                ],
                [
                    0.671930151447262,
                    0.000625441200591475,
                    -0.7406142588415132,
                    -0.19647039481842543
                ],
                [
                    0.0,
                    0.0,
                    0.0,
                    1.0
                ]
            ],
            "size": [
                0.08993,
                0.0305,
                0.09007
            ]
        },
        "distance": 0.05773243261276299
    },
    {
        "case": 1,
        "collider1": {
            "type": "Box",
            "collider2origin": [
                [
                    0.9077781725128689,
                    0.4194505805326724,
                    0.0,
                    0.4158817547107895
                ],
                [
                    -0.4194505805326724,
                    0.9077781725128689,
                    0.0,
                    0.733173894971941
                ],
                [
                    0.0,
                    0.0,
                    1.0,
                    -0.6599999999999999
                ],
                [
                    0.0,
                    0.0,
                    0.0,
                    1.0
                ]
            ],
            "size": [
                0.6,
                1.0,
                0.8
            ]
        },
        "collider2": {
            "type": "Box",
            "collider2origin": [
                [
                    0.762991004544693,
                    0.64384642624081,
                    -0.05750222952910052,
                    0.1901471349760528
                ],
                [
                    -0.6420257285166157,
                    0.7651547421384362,
                    0.04838578826238075,
                    1.1014915575642346
                ],
                [
                    0.07515112046130253,
                    -1.0387250290859677e-08,
                    0.9971721561964164,
                    -0.30861316897484814
                ],
                [
                    0.0,
                    0.0,
                    0.0,
                    1.0
                ]
            ],
            "size": [
                0.09102,
                0.10007,
                0.11882
            ]
        },
        "distance": 0.0
    },
    {
        "case": 2,
        "collider1": {
            "type": "Box",
            "collider2origin": [
                [
                    0.9077781725128689,
                    0.4194505805326724,
                    0.0,
                    0.4158817547107895
                ],
                [
                    -0.4194505805326724,
                    0.9077781725128689,
                    0.0,
                    0.733173894971941
                ],
                [
                    0.0,
                    0.0,
                    1.0,
                    -0.6599999999999999
                ],
                [
                    0.0,
                    0.0,
                    0.0,
                    1.0
                ]
            ],
            "size": [
                0.6,
                1.0,
                0.8
            ]
        },
        "collider2": {
            "type": "Box",
            "collider2origin": [
                [
                    -0.6864280144756431,
                    0.6438478791781443,
                    0.33804805785691455,
                    0.01986084476089295
                ],
                [
                    0.5775993069618279,
                    0.765153519516996,
                    -0.2844628836385689,
                    1.0987198404067249
                ],
                [
                    -0.44180948557069505,
                    -6.968470093032923e-06,
                    -0.8971088999732406,
                    -0.049273944961290894
                ],
                [
                    0.0,
                    0.0,
                    0.0,
                    1.0
                ]
            ],
            "size": [
                0.1202,
                0.13634,
                0.67816
            ]
        },
        "distance": 0.0
    },
    {
        "case": 3,
        "collider1": {
            "type": "Box",
            "collider2origin": [
                [
                    0.9077781725128689,
                    0.4194505805326724,
                    0.0,
                    0.27063700059322826
                ],
                [
                    -0.4194505805326724,
                    0.9077781725128689,
                    0.0,
                    0.8002854543438492
                ],
                [
                    0.0,
                    0.0,
                    1.0,
                    -0.25
                ],
                [
                    0.0,
                    0.0,
                    0.0,
                    1.0
                ]
            ],
            "size": [
                0.2,
                0.2,
                0.02
            ]
        },
        "collider2": {
            "type": "Box",
            "collider2origin": [
                [
                    -0.6864280144756431,
                    0.6438478791781443,
                    0.33804805785691455,
                    0.01986084476089295
                ],
                [
                    0.5775993069618279,
                    0.765153519516996,
                    -0.2844628836385689,
                    1.0987198404067249
                ],
                [
                    -0.44180948557069505,
                    -6.968470093032923e-06,
                    -0.8971088999732406,
                    -0.049273944961290894
                ],
                [
                    0.0,
                    0.0,
                    0.0,
                    1.0
                ]
            ],
            "size": [
                0.1202,
                0.13634,
                0.67816
            ]
        },
        "distance": 0.08113368858477049
    },
    {
        "case": 4,
        "collider1": {
            "type": "Box",
            "collider2origin": [
                [
                    0.8404842512412337,
                    -0.5418359746412772,
                    0.0,
                    0.011439976095501792
                ],
                [
                    0.5418359746412771,
                    0.8404842512412338,
                    0.0,
                    1.4325762997644957
                ],
                [
                    0.0,
                    0.0,
                    1.0,
                    -0.21500000000000008
                ],
                [
                    0.0,
                    0.0,
                    0.0,
                    1.0
                ]
            ],
            "size": [
                0.2,
                0.3,
                0.22
            ]
        },
        "collider2": {
            "type": "Box",
            "collider2origin": [
                [
                    -0.6864280144756431,
                    0.6438478791781443,
                    0.33804805785691455,
                    0.01986084476089295
                ],
                [
                    0.5775993069618279,
                    0.765153519516996,
                    -0.2844628836385689,
                    1.0987198404067249
                ],
                [
                    -0.44180948557069505,
                    -6.968470093032923e-06,
                    -0.8971088999732406,
                    -0.049273944961290894
                ],
                [
                    0.0,
                    0.0,
                    0.0,
                    1.0
                ]
            ],
            "size": [
                0.1202,
                0.13634,
                0.67816
            ]
        },
        "distance": 0.07408357371707387
    },
    {
        "case": 5,
        "collider1": {
            "type": "Box",
            "collider2origin": [
                [
                    0.9081427509232697,
                    -0.4186606548811531,
                    0.0,
                    -0.09474126814702305
                ],
                [
                    0.41866065488115317,
                    0.9081427509232698,
                    0.0,
                    1.368923948110301
                ],
                [
                    0.0,
                    0.0,
                    1.0,
                    -0.21500000000000008
                ],
                [
                    0.0,
                    0.0,
                    0.0,
                    1.0
                ]
            ],
            "size": [
                0.2,
                0.3,
                0.22
            ]
        },
        "collider2": {
            "type": "Box",
            "collider2origin": [
                [
                    -0.6864280144756431,
                    0.6438478791781443,
                    0.33804805785691455,
                    0.01986084476089295
                ],
                [
                    0.5775993069618279,
                    0.765153519516996,
                    -0.2844628836385689,
                    1.0987198404067249
                ],
                [
                    -0.44180948557069505,
                    -6.968470093032923e-06,
                    -0.8971088999732406,
                    -0.049273944961290894
                ],
                [
                    0.0,
                    0.0,
                    0.0,
                    1.0
                ]
            ],
            "size": [
                0.1202,
                0.13634,
                0.67816
            ]
        },
        "distance": 0.0717695702741213
    },
    {
        "case": 6,
        "collider1": {
            "type": "Box",
            "collider2origin": [
                [
                    0.9798474486812189,
                    -0.1997472836183421,
                    0.0,
                    -0.20628161272202655
                ],
                [
                    0.19974728361834207,
                    0.9798474486812188,
                    0.0,
                    1.335871448475788
                ],
                [
                    0.0,
                    0.0,
                    1.0,
                    -0.21500000000000008
                ],
                [
                    0.0,
                    0.0,
                    0.0,
                    1.0
                ]
            ],
            "size": [
                0.2,
                0.3,
                0.22
            ]
        },
        "collider2": {
            "type": "Box",
            "collider2origin": [
                [
                    -0.6864280144756431,
                    0.6438478791781443,
                    0.33804805785691455,
                    0.01986084476089295
                ],
                [
                    0.5775993069618279,
                    0.765153519516996,
                    -0.2844628836385689,
                    1.0987198404067249
                ],
                [
                    -0.44180948557069505,
                    -6.968470093032923e-06,
                    -0.8971088999732406,
                    -0.049273944961290894
                ],
                [
                    0.0,
                    0.0,
                    0.0,
                    1.0
                ]
            ],
            "size": [
                0.1202,
                0.13634,
                0.67816
            ]
        },
        "distance": 0.09554663685692773
    },
    {
        "case": 7,
        "collider1": {
            "type": "Cylinder",
            "collider2origin": [
                [
                    0.907778172512869,
                    0.4194505805326725,
                    0.0,
                    -0.07232761537572224
                ],
                [
                    -0.4194505805326725,
                    0.907778172512869,
                    0.0,
                    1.2000044650142188
                ],
                [
                    0.0,
                    0.0,
                    1.0,
                    -0.5800000000000001
                ],
                [
                    0.0,
                    0.0,
                    0.0,
                    1.0
                ]
            ],
            "radius": 0.04,
            "height": 0.96
        },
        "collider2": {
            "type": "Box",
            "collider2origin": [
                [
                    -0.6864280144756431,
                    0.6438478791781443,
                    0.33804805785691455,
                    0.01986084476089295
                ],
                [
                    0.5775993069618279,
                    0.765153519516996,
                    -0.2844628836385689,
                    1.0987198404067249
                ],
                [
                    -0.44180948557069505,
                    -6.968470093032923e-06,
                    -0.8971088999732406,
                    -0.049273944961290894
                ],
                [
                    0.0,
                    0.0,
                    0.0,
                    1.0
                ]
            ],
            "size": [
                0.1202,
                0.13634,
                0.67816
            ]
        },
        "distance": 0.048209566909991744
    },
    {
        "case": 8,
        "collider1": {
            "type": "Box",
            "collider2origin": [
                [
                    0.718022042059392,
                    -0.6960203640101781,
                    0.0,
                    0.13748258467077087
                ],
                [
                    0.6960203640101781,
                    0.718022042059392,
                    0.0,
                    1.5384737068316263
                ],
                [
                    0.0,
                    0.0,
                    1.0,
                    -0.21500000000000008
                ],
                [
                    0.0,
                    0.0,
                    0.0,
                    1.0
                ]
            ],
            "size": [
                0.2,
                0.3,
                0.22
            ]
        },
        "collider2": {
            "type": "Box",
            "collider2origin": [
                [
                    0.3812467836248784,
                    0.6438442006098006,
                    -0.6634120403767269,
                    0.21333628692791368
                ],
                [
                    -0.32079959569350097,
                    0.7651566149081703,
                    0.5582320073814796,
                    1.1010355027027443
                ],
                [
                    0.8670285516513117,
                    -1.8429995939397927e-06,
                    0.49825845764826887,
                    0.04667620107990822
                ],
                [
                    0.0,
                    0.0,
                    0.0,
                    1.0
                ]
            ],
            "size": [
                0.15068,
                0.17726,
                0.74884
            ]
        },
        "distance": 0.17659743284909576
    },
    {
        "case": 9,
        "collider1": {
            "type": "Box",
            "collider2origin": [
                [
                    0.8404842512412337,
                    -0.5418359746412772,
                    0.0,
                    0.011439976095501792
                ],
                [
                    0.5418359746412771,
                    0.8404842512412338,
                    0.0,
                    1.4325762997644957
                ],
                [
                    0.0,
                    0.0,
                    1.0,
                    -0.21500000000000008
                ],
                [
                    0.0,
                    0.0,
                    0.0,
                    1.0
                ]
            ],
            "size": [
                0.2,
                0.3,
                0.22
            ]
        },
        "collider2": {
            "type": "Box",
            "collider2origin": [
                [
                    0.3812467836248784,
                    0.6438442006098006,
                    -0.6634120403767269,
                    0.21333628692791368
                ],
                [
                    -0.32079959569350097,
                    0.7651566149081703,
                    0.5582320073814796,
                    1.1010355027027443
                ],
                [
                    0.8670285516513117,
                    -1.8429995939397927e-06,
                    0.49825845764826887,
                    0.04667620107990822
                ],
                [
                    0.0,
                    0.0,
                    0.0,
                    1.0
                ]
            ],
            "size": [
                0.15068,
                0.17726,
                0.74884
            ]
        },
        "distance": 0.1647486560267881
    },
    {
        "case": 10,
        "collider1": {
            "type": "Box",
            "collider2origin": [
                [
                    0.9081427509232697,
                    -0.4186606548811531,
                    0.0,
                    -0.09474126814702305
                ],
                [
                    0.41866065488115317,
                    0.9081427509232698,
                    0.0,
                    1.368923948110301
                ],
                [
                    0.0,
                    0.0,
                    1.0,
                    -0.21500000000000008
                ],
                [
                    0.0,
                    0.0,
                    0.0,
                    1.0
                ]
            ],
            "size": [
                0.2,
                0.3,
                0.22
            ]
        },
        "collider2": {
            "type": "Box",
            "collider2origin": [
                [
                    0.3812467836248784,
                    0.6438442006098006,
                    -0.6634120403767269,
                    0.21333628692791368
                ],
                [
                    -0.32079959569350097,
                    0.7651566149081703,
                    0.5582320073814796,
                    1.1010355027027443
                ],
                [
                    0.8670285516513117,
                    -1.8429995939397927e-06,
                    0.49825845764826887,
                    0.04667620107990822
                ],
                [
                    0.0,
                    0.0,
                    0.0,
                    1.0
                ]
            ],
            "size": [
                0.15068,
                0.17726,
                0.74884
            ]
        },
        "distance": 0.17072591718023308
    },
    {
        "case": 11,
        "collider1": {
            "type": "Box",
            "collider2origin": [
                [
                    0.9798474486812189,
                    -0.1997472836183421,
                    0.0,
                    -0.20628161272202655
                ],
                [
                    0.19974728361834207,
                    0.9798474486812188,
                    0.0,
                    1.335871448475788
                ],
                [
                    0.0,
                    0.0,
                    1.0,
                    -0.21500000000000008
                ],
                [
                    0.0,
                    0.0,
                    0.0,
                    1.0
                ]
            ],
            "size": [
                0.2,
                0.3,
                0.22
            ]
        },
        "collider2": {
            "type": "Box",
            "collider2origin": [
                [
                    0.3812467836248784,
                    0.6438442006098006,
                    -0.6634120403767269,
                    0.21333628692791368
                ],
                [
                    -0.32079959569350097,
                    0.7651566149081703,
                    0.5582320073814796,
                    1.1010355027027443
                ],
                [
                    0.8670285516513117,
                    -1.8429995939397927e-06,
                    0.49825845764826887,
                    0.04667620107990822
                ],
                [
                    0.0,
                    0.0,
                    0.0,
                    1.0
                ]
            ],
            "size": [
                0.15068,
                0.17726,
                0.74884
            ]
        },
        "distance": 0.20264445591591607
    },
    {
        "case": 12,
        "collider1": {
            "type": "Cylinder",
            "collider2origin": [
                [
                    0.907778172512869,
                    0.4194505805326725,
                    0.0,
                    -0.07232761537572224
                ],
                [
                    -0.4194505805326725,
                    0.907778172512869,
                    0.0,
                    1.2000044650142188
                ],
                [
                    0.0,
                    0.0,
                    1.0,
                    -0.5800000000000001
                ],
                [
                    0.0,
                    0.0,
                    0.0,
                    1.0
                ]
            ],
            "radius": 0.04,
            "height": 0.96
        },
        "collider2": {
            "type": "Box",
            "collider2origin": [
                [
                    0.3812467836248784,
                    0.6438442006098006,
                    -0.6634120403767269,
                    0.21333628692791368
                ],
                [
                    -0.32079959569350097,
                    0.7651566149081703,
                    0.5582320073814796,
                    1.1010355027027443
                ],
                [
                    0.8670285516513117,
                    -1.8429995939397927e-06,
                    0.49825845764826887,
                    0.04667620107990822
                ],
                [
                    0.0,
                    0.0,
                    0.0,
                    1.0
                ]
            ],
            "size": [
                0.15068,
                0.17726,
                0.74884
            ]
        },
        "distance": 0.17331675945081293
    },
    {
        "case": 13,
        "collider1": {
            "type": "Box",
            "collider2origin": [
                [
                    0.718022042059392,
                    -0.6960203640101781,
                    0.0,
                    0.13748258467077087
                ],
                [
                    0.6960203640101781,
                    0.718022042059392,
                    0.0,
                    1.5384737068316263
                ],
                [
                    0.0,
                    0.0,
                    1.0,
                    -0.21500000000000008
                ],
                [
                    0.0,
                    0.0,
                    0.0,
                    1.0
                ]
            ],
            "size": [
                0.2,
                0.3,
                0.22
            ]
        },
        "collider2": {
            "type": "Box",
            "collider2origin": [
                [
                    0.3812467836248784,
                    0.6438442006098006,
                    -0.6634120403767269,
                    0.21333628692791368
                ],
                [
                    -0.32079959569350097,
                    0.7651566149081703,
                    0.5582320073814796,
                    1.1010355027027443
                ],
                [
                    0.8670285516513117,
                    -1.8429995939397927e-06,
                    0.49825845764826887,
                    0.04667620107990822
                ],
                [
                    0.0,
                    0.0,
                    0.0,
                    1.0
                ]
            ],
            "size": [
                0.15068,
                0.17726,
                0.74884
            ]
        },
        "distance": 0.17659743284909576
    },
    {
        "case": 14,
        "collider1": {
            "type": "Box",
            "collider2origin": [
                [
                    0.8404842512412337,
                    -0.5418359746412772,
                    0.0,
                    0.011439976095501792
                ],
                [
                    0.5418359746412771,
                    0.8404842512412338,
                    0.0,
                    1.4325762997644957
                ],
                [
                    0.0,
                    0.0,
                    1.0,
                    -0.21500000000000008
                ],
                [
                    0.0,
                    0.0,
                    0.0,
                    1.0
                ]
            ],
            "size": [
                0.2,
                0.3,
                0.22
            ]
        },
        "collider2": {
            "type": "Box",
            "collider2origin": [
                [
                    0.3812467836248784,
                    0.6438442006098006,
                    -0.6634120403767269,
                    0.21333628692791368
                ],
                [
                    -0.32079959569350097,
                    0.7651566149081703,
                    0.5582320073814796,
                    1.1010355027027443
                ],
                [
                    0.8670285516513117,
                    -1.8429995939397927e-06,
                    0.49825845764826887,
                    0.04667620107990822
                ],
                [
                    0.0,
                    0.0,
                    0.0,
                    1.0
                ]
            ],
            "size": [
                0.15068,
                0.17726,
                0.74884
            ]
        },
        "distance": 0.1647486560267881
    },
    {
        "case": 15,
        "collider1": {
            "type": "Box",
            "collider2origin": [
                [
                    0.9081427509232697,
                    -0.4186606548811531,
                    0.0,
                    -0.09474126814702305
                ],
                [
                    0.41866065488115317,
                    0.9081427509232698,
                    0.0,
                    1.368923948110301
                ],
                [
                    0.0,
                    0.0,
                    1.0,
                    -0.21500000000000008
                ],
                [
                    0.0,
                    0.0,
                    0.0,
                    1.0
                ]
            ],
            "size": [
                0.2,
                0.3,
                0.22
            ]
        },
        "collider2": {
            "type": "Box",
            "collider2origin": [
                [
                    0.3812467836248784,
                    0.6438442006098006,
                    -0.6634120403767269,
                    0.21333628692791368
                ],
                [
                    -0.32079959569350097,
                    0.7651566149081703,
                    0.5582320073814796,
                    1.1010355027027443
                ],
                [
                    0.8670285516513117,
                    -1.8429995939397927e-06,
                    0.49825845764826887,
                    0.04667620107990822
                ],
                [
                    0.0,
                    0.0,
                    0.0,
                    1.0
                ]
            ],
            "size": [
                0.15068,
                0.17726,
                0.74884
            ]
        },
        "distance": 0.17072591718023308
    },
    {
        "case": 16,
        "collider1": {
            "type": "Box",
            "collider2origin": [
                [
                    0.9798474486812189,
                    -0.1997472836183421,
                    0.0,
                    -0.20628161272202655
                ],
                [
                    0.19974728361834207,
                    0.9798474486812188,
                    0.0,
                    1.335871448475788
                ],
                [
                    0.0,
                    0.0,
                    1.0,
                    -0.21500000000000008
                ],
                [
                    0.0,
                    0.0,
                    0.0,
                    1.0
                ]
            ],
            "size": [
                0.2,
                0.3,
                0.22
            ]
        },
        "collider2": {
            "type": "Box",
            "collider2origin": [
                [
                    0.3812467836248784,
                    0.6438442006098006,
                    -0.6634120403767269,
                    0.21333628692791368
                ],
                [
                    -0.32079959569350097,
                    0.7651566149081703,
                    0.5582320073814796,
                    1.1010355027027443
                ],
                [
                    0.8670285516513117,
                    -1.8429995939397927e-06,
                    0.49825845764826887,
                    0.04667620107990822
                ],
                [
                    0.0,
                    0.0,
                    0.0,
                    1.0
                ]
            ],
            "size": [
                0.15068,
                0.17726,
                0.74884
            ]
        },
        "distance": 0.20264445591591607
    },
    {
        "case": 17,
        "collider1": {
            "type": "Cylinder",
            "collider2origin": [
                [
                    0.907778172512869,
                    0.4194505805326725,
                    0.0,
                    -0.07232761537572224
                ],
                [
                    -0.4194505805326725,
                    0.907778172512869,
                    0.0,
                    1.2000044650142188
                ],
                [
                    0.0,
                    0.0,
                    1.0,
                    -0.5800000000000001
                ],
                [
                    0.0,
                    0.0,
                    0.0,
                    1.0
                ]
            ],
            "radius": 0.04,
            "height": 0.96
        },
        "collider2": {
            "type": "Box",
            "collider2origin": [
                [
                    0.3812467836248784,
                    0.6438442006098006,
                    -0.6634120403767269,
                    0.21333628692791368
                ],
                [
                    -0.32079959569350097,
                    0.7651566149081703,
                    0.5582320073814796,
                    1.1010355027027443
                ],
                [
                    0.8670285516513117,
                    -1.8429995939397927e-06,
                    0.49825845764826887,
                    0.04667620107990822
                ],
                [
                    0.0,
                    0.0,
                    0.0,
                    1.0
                ]
            ],
            "size": [
                0.15068,
                0.17726,
                0.74884
            ]
        },
        "distance": 0.17331675945081293
    }
]