[
    {
        "case": 0,
        "collider1": {
            "type": "Box",
            "collider2origin": [
                [
                    0.907778172512869,
                    0.4194505805326725,
                    0.0,
                    -1.612083837096907
                ],
                [
                    -0.4194505805326725,
                    0.907778172512869,
                    0.0,
                    -0.24654756573714753
                ],
                [
                    0.0,
                    0.0,
                    1.0,
                    -0.040000000000000036
                ],
                [
                    0.0,
                    0.0,
                    0.0,
                    1.0
                ]
            ],
            "size": [
                2.0,
                2.0,
                2.0
            ]
        },
        "collider2": {
            "type": "Cylinder",
            "collider2origin": [
                [
                    -0.13153220386990705,
                    0.3891757519591654,
                    -0.9117244723227204,
                    -0.27459914243754563
                ],
                [
                    0.9731401694960382,
                    0.22598309316553566,
                    -0.043930082136937915,
                    0.15721688590014304
                ],
                [
                    0.18893779362093358,
                    -0.8930139280494762,
                    -0.4084466115066918,
                    -0.49666746170778253
                ],
                [
                    0.0,
                    0.0,
                    0.0,
                    1.0
                ]
            ],
            "radius": 0.01271,
            "height": 0.05982
        },
        "distance": 0.013109246377701195
    },
    {
        "case": 1,
        "collider1": {
            "type": "Box",
            "collider2origin": [
                [
                    0.907778172512869,
                    0.4194505805326725,
                    0.0,
                    -1.612083837096907
                ],
                [
                    -0.4194505805326725,
                    0.907778172512869,
                    0.0,
                    -0.24654756573714753
                ],
                [
                    0.0,
                    0.0,
                    1.0,
                    -0.040000000000000036
                ],
                [
                    0.0,
                    0.0,
                    0.0,
                    1.0
                ]
            ],
            "size": [
                2.0,
                2.0,
                2.0
            ]
        },
        "collider2": {
            "type": "Cylinder",
            "collider2origin": [
                [
                    -0.0857909587898345,
                    0.4661735081890057,
                    -0.8805238052731313,
                    -0.26045922627877577
                ],
                [
                    0.9830821256672129,
                    0.18316147098801228,
                    0.0011873243620903948,
                    0.15681770295212383
                ],
                [
                    0.1618315345770228,
                    -0.8655253524930753,
                    -0.474000441569608,
                    -0.49221150793816526
                ],
                [
                    0.0,
                    0.0,
                    0.0,
                    1.0
                ]
            ],
            "radius": 0.01169,
            "height": 0.05502
        },
        "distance": 0.028763690200771744
    },
    {
        "case": 2,
        "collider1": {
            "type": "Box",
            "collider2origin": [
                [
                    0.9077781725128689,
                    0.4194505805326724,
                    0.0,
                    0.4158817547107895
                ],
                [
                    -0.4194505805326724,
                    0.9077781725128689,
                    0.0,
                    0.733173894971941
                ],
                [
                    0.0,
                    0.0,
                    1.0,
                    -0.6599999999999999
                ],
                [
                    0.0,
                    0.0,
                    0.0,
                    1.0
                ]
            ],
            "size": [
                0.6,
                1.0,
                0.8
            ]
        },
        "collider2": {
            "type": "Box",
            "collider2origin": [
                [
                    -0.17527523197636402,
                    -0.7875721771829697,
                    -0.5907695479481899,
                    -0.0146591439538315
                ],
                [
                    -0.22400576385104404,
                    0.6162224157761689,
                    -0.7550439404806137,
                    0.6810882461641086
                ],
                [
                    0.9586970380767544,
                    -4.717972017291886e-06,
                    -0.2844292340119043,
                    -0.18811569191848965
                ],
                [
                    0.0,
                    0.0,
                    0.0,
                    1.0
                ]
            ],
            "size": [
                0.15068,
                0.17726,
                0.74884
            ]
        },
        "distance": 0.0
    },
    {
        "case": 3,
        "collider1": {
            "type": "Box",
            "collider2origin": [
                [
                    0.9077781725128689,
                    0.4194505805326724,
                    0.0,
                    0.27063700059322826
                ],
                [
                    -0.4194505805326724,
                    0.9077781725128689,
                    0.0,
                    0.8002854543438492
                ],
                [
                    0.0,
                    0.0,
                    1.0,
                    -0.25
                ],
                [
                    0.0,
                    0.0,
                    0.0,
                    1.0
                ]
            ],
            "size": [
                0.2,
                0.2,
                0.02
            ]
        },
        "collider2": {
            "type": "Box",
            "collider2origin": [
                [
                    -0.17527523197636402,
                    -0.7875721771829697,
                    -0.5907695479481899,
                    -0.0146591439538315
                ],
                [
                    -0.22400576385104404,
                    0.6162224157761689,
                    -0.7550439404806137,
                    0.6810882461641086
                ],
                [
                    0.9586970380767544,
                    -4.717972017291886e-06,
                    -0.2844292340119043,
                    -0.18811569191848965
                ],
                [
                    0.0,
                    0.0,
                    0.0,
                    1.0
                ]
            ],
            "size": [
                0.15068,
                0.17726,
                0.74884
            ]
        },
        "distance": 0.01690568978238643
    },
    {
        "case": 4,
        "collider1": {
            "type": "Box",
            "collider2origin": [
                [
                    0.907778172512869,
                    0.4194505805326725,
                    0.0,
                    -1.612083837096907
                ],
                [
                    -0.4194505805326725,
                    0.907778172512869,
                    0.0,
                    -0.24654756573714753
                ],
                [
                    0.0,
                    0.0,
                    1.0,
                    -0.040000000000000036
                ],
                [
                    0.0,
                    0.0,
                    0.0,
                    1.0
                ]
            ],
            "size": [
                2.0,
                2.0,
                2.0
            ]
        },
        "collider2": {
            "type": "Box",
            "collider2origin": [
                [
                    -0.17527523197636402,
                    -0.7875721771829697,
                    -0.5907695479481899,
                    -0.0146591439538315
                ],
                [
                    -0.22400576385104404,
                    0.6162224157761689,
                    -0.7550439404806137,
                    0.6810882461641086
                ],
                [
                    0.9586970380767544,
                    -4.717972017291886e-06,
                    -0.2844292340119043,
                    -0.18811569191848965
                ],
                [
                    0.0,
                    0.0,
                    0.0,
                    1.0
                ]
            ],
            "size": [
                0.15068,
                0.17726,
                0.74884
            ]
        },
        "distance": 0.1321034826717344
    },
    {
        "case": 5,
        "collider1": {
            "type": "Box",
            "collider2origin": [
                [
                    0.907778172512869,
                    0.4194505805326725,
                    0.0,
                    -0.7418785952877999
                ],
                [
                    -0.4194505805326725,
                    0.907778172512869,
                    0.0,
                    1.2791466490804724
                ],
                [
                    0.0,
                    0.0,
                    1.0,
                    0.27
                ],
                [
                    0.0,
                    0.0,
                    0.0,
                    1.0
                ]
            ],
            "size": [
                0.52,
                1.16,
                0.6
            ]
        },
        "collider2": {
            "type": "Box",
            "collider2origin": [
                [
                    -0.17527523197636402,
                    -0.7875721771829697,
                    -0.5907695479481899,
                    -0.0146591439538315
                ],
                [
                    -0.22400576385104404,
                    0.6162224157761689,
                    -0.7550439404806137,
                    0.6810882461641086
                ],
                [
                    0.9586970380767544,
                    -4.717972017291886e-06,
                    -0.2844292340119043,
                    -0.18811569191848965
                ],
                [
                    0.0,
                    0.0,
                    0.0,
                    1.0
                ]
            ],
            "size": [
                0.15068,
                0.17726,
                0.74884
            ]
        },
        "distance": 0.5149613616205473
    },
    {
        "case": 6,
        "collider1": {
            "type": "Box",
            "collider2origin": [
                [
                    0.9077781725128689,
                    0.4194505805326724,
                    0.0,
                    0.4158817547107895
                ],
                [
                    -0.4194505805326724,
                    0.9077781725128689,
                    0.0,
                    0.733173894971941
                ],
                [
                    0.0,
                    0.0,
                    1.0,
                    -0.6599999999999999
                ],
                [
                    0.0,
                    0.0,
                    0.0,
                    1.0
                ]
            ],
            "size": [
                0.6,
                1.0,
                0.8
            ]
        },
        "collider2": {
            "type": "Box",
            "collider2origin": [
                [
                    -0.17527523197636402,
                    -0.7875721771829697,
                    -0.5907695479481899,
                    -0.0146591439538315
                ],
                [
                    -0.22400576385104404,
                    0.6162224157761689,
                    -0.7550439404806137,
                    0.6810882461641086
                ],
                [
                    0.9586970380767544,
                    -4.717972017291886e-06,
                    -0.2844292340119043,
                    -0.18811569191848965
                ],
                [
                    0.0,
                    0.0,
                    0.0,
                    1.0
                ]
            ],
            "size": [
                0.15068,
                0.17726,
                0.74884
            ]
        },
        "distance": 0.0
    },
    {
        "case": 7,
        "collider1": {
            "type": "Box",
            "collider2origin": [
                [
                    0.9077781725128689,
                    0.4194505805326724,
                    0.0,
                    0.27063700059322826
                ],
                [
                    -0.4194505805326724,
                    0.9077781725128689,
                    0.0,
                    0.8002854543438492
                ],
                [
                    0.0,
                    0.0,
                    1.0,
                    -0.25
                ],
                [
                    0.0,
                    0.0,
                    0.0,
                    1.0
                ]
            ],
            "size": [
                0.2,
                0.2,
                0.02
            ]
        },
        "collider2": {
            "type": "Box",
            "collider2origin": [
                [
                    -0.17527523197636402,
                    -0.7875721771829697,
                    -0.5907695479481899,
                    -0.0146591439538315
                ],
                [
                    -0.22400576385104404,
                    0.6162224157761689,
                    -0.7550439404806137,
                    0.6810882461641086
                ],
                [
                    0.9586970380767544,
                    -4.717972017291886e-06,
                    -0.2844292340119043,
                    -0.18811569191848965
                ],
                [
                    0.0,
                    0.0,
                    0.0,
                    1.0
                ]
            ],
            "size": [
                0.15068,
                0.17726,
                0.74884
            ]
        },
        "distance": 0.01690568978238643
    },
    {
        "case": 8,
        "collider1": {
            "type": "Box",
            "collider2origin": [
                [
                    0.907778172512869,
                    0.4194505805326725,
                    0.0,
                    -1.612083837096907
                ],
                [
                    -0.4194505805326725,
                    0.907778172512869,
                    0.0,
                    -0.24654756573714753
                ],
                [
                    0.0,
                    0.0,
                    1.0,
                    -0.040000000000000036
                ],
                [
                    0.0,
                    0.0,
                    0.0,
                    1.0
                ]
            ],
            "size": [
                2.0,
                2.0,
                2.0
            ]
        },
        "collider2": {
            "type": "Box",
            "collider2origin": [
                [
                    -0.17527523197636402,
                    -0.7875721771829697,
                    -0.5907695479481899,
                    -0.0146591439538315
                ],
                [
                    -0.22400576385104404,
                    0.6162224157761689,
                    -0.7550439404806137,
                    0.6810882461641086
                ],
                [
                    0.9586970380767544,
                    -4.717972017291886e-06,
                    -0.2844292340119043,
                    -0.18811569191848965
                ],
                [
                    0.0,
                    0.0,
                    0.0,
                    1.0
                ]
            ],
            "size": [
                0.15068,
                0.17726,
                0.74884
            ]
        },
        "distance": 0.1321034826717344
    },
    {
        "case": 9,
        "collider1": {
            "type": "Box",
            "collider2origin": [
                [
                    0.907778172512869,
                    0.4194505805326725,
                    0.0,
                    -0.7418785952877999
                ],
                [
                    -0.4194505805326725,
                    0.907778172512869,
                    0.0,
                    1.2791466490804724
                ],
                [
                    0.0,
                    0.0,
                    1.0,
                    0.27
                ],
                [
                    0.0,
                    0.0,
                    0.0,
                    1.0
                ]
            ],
            "size": [
                0.52,
                1.16,
                0.6
            ]
        },
        "collider2": {
            "type": "Box",
            "collider2origin": [
                [
                    -0.17527523197636402,
                    -0.7875721771829697,
                    -0.5907695479481899,
                    -0.0146591439538315
                ],
                [
                    -0.22400576385104404,
                    0.6162224157761689,
                    -0.7550439404806137,
                    0.6810882461641086
                ],
                [
                    0.9586970380767544,
                    -4.717972017291886e-06,
                    -0.2844292340119043,
                    -0.18811569191848965
                ],
                [
                    0.0,
                    0.0,
                    0.0,
                    1.0
                ]
            ],
            "size": [
                0.15068,
                0.17726,
                0.74884
            ]
        },
        "distance": 0.5149613616205473
    },
    {
        "case": 10,
        "collider1": {
            "type": "Box",
            "collider2origin": [
                [
                    0.9077781725128689,
                    0.4194505805326724,
                    0.0,
                    0.4158817547107895
                ],
                [
                    -0.4194505805326724,
                    0.9077781725128689,
                    0.0,
                    0.733173894971941
                ],
                [
                    0.0,
                    0.0,
                    1.0,
                    -0.6599999999999999
                ],
                [
                    0.0,
                    0.0,
                    0.0,
                    1.0
                ]
            ],
            "size": [
                0.6,
                1.0,
                0.8
            ]
        },
        "collider2": {
            "type": "Box",
            "collider2origin": [
                [
                    -0.2891497622608971,
                    -0.7875720060192172,
                    -0.5441716184434215,
                    -0.2520751508648484
                ],
                [
                    -0.36954418707906395,
                    0.6162226345289021,
                    -0.6954903007881079,
                    0.17263364079577748
                ],
                [
                    0.8830795597116606,
                    -5.3967584684702425e-06,
                    -0.469223285004415,
                    -0.4083951361855138
                ],
                [
                    0.0,
                    0.0,
                    0.0,
                    1.0
                ]
            ],
            "size": [
                0.1202,
                0.13634,
                0.67816
            ]
        },
        "distance": 0.0
    },
    {
        "case": 11,
        "collider1": {
            "type": "Box",
            "collider2origin": [
                [
                    0.907778172512869,
                    0.4194505805326725,
                    0.0,
                    -1.612083837096907
                ],
                [
                    -0.4194505805326725,
                    0.907778172512869,
                    0.0,
                    -0.24654756573714753
                ],
                [
                    0.0,
                    0.0,
                    1.0,
                    -0.040000000000000036
                ],
                [
                    0.0,
                    0.0,
                    0.0,
                    1.0
                ]
            ],
            "size": [
                2.0,
                2.0,
                2.0
            ]
        },
        "collider2": {
            "type": "Box",
            "collider2origin": [
                [
                    -0.2891497622608971,
                    -0.7875720060192172,
                    -0.5441716184434215,
                    -0.2520751508648484
                ],
                [
                    -0.36954418707906395,
                    0.6162226345289021,
                    -0.6954903007881079,
                    0.17263364079577748
                ],
                [
                    0.8830795597116606,
                    -5.3967584684702425e-06,
                    -0.469223285004415,
                    -0.4083951361855138
                ],
                [
                    0.0,
                    0.0,
                    0.0,
                    1.0
                ]
            ],
            "size": [
                0.1202,
                0.13634,
                0.67816
            ]
        },
        "distance": 0.0
    },
    {
        "case": 12,
        "collider1": {
            "type": "Box",
            "collider2origin": [
                [
                    1.0,
                    0.0,
                    0.0,
                    0.35
                ],
                [
                    0.0,
                    1.0,
                    0.0,
                    -0.34649
                ],
                [
                    0.0,
                    0.0,
                    1.0,
                    -0.54511
                ],
                [
                    0.0,
                    0.0,
                    0.0,
                    1.0
                ]
            ],
            "size": [
                0.7,
                0.7,
                1.1
            ]
        },
        "collider2": {
            "type": "Box",
            "collider2origin": [
                [
                    -0.2891497622608971,
                    -0.7875720060192172,
                    -0.5441716184434215,
                    -0.2520751508648484
                ],
                [
                    -0.36954418707906395,
                    0.6162226345289021,
                    -0.6954903007881079,
                    0.17263364079577748
                ],
                [
                    0.8830795597116606,
                    -5.3967584684702425e-06,
                    -0.469223285004415,
                    -0.4083951361855138
                ],
                [
                    0.0,
                    0.0,
                    0.0,
                    1.0
                ]
            ],
            "size": [
                0.1202,
                0.13634,
                0.67816
            ]
        },
        "distance": 0.23457484392247085
    },
    {
        "case": 13,
        "collider1": {
            "type": "Box",
            "collider2origin": [
                [
                    0.907778172512869,
                    0.4194505805326725,
                    0.0,
                    -1.612083837096907
                ],
                [
                    -0.4194505805326725,
                    0.907778172512869,
                    0.0,
                    -0.24654756573714753
                ],
                [
                    0.0,
                    0.0,
                    1.0,
                    -0.040000000000000036
                ],
                [
                    0.0,
                    0.0,
                    0.0,
                    1.0
                ]
            ],
            "size": [
                2.0,
                2.0,
                2.0
            ]
        },
        "collider2": {
            "type": "Box",
            "collider2origin": [
                [
                    -0.46579925470078787,
                    0.7317339009926713,
                    0.49759074796285896,
                    -0.2870017083019338
                ],
                [
                    0.5802209219057965,
                    -0.17200290455325506,
                    0.7960896197087555,
                    0.1040948263461473
                ],
                [
                    0.668112816897699,
                    0.659530514050177,
                    -0.3444484938764156,
                    -0.4930986601137969
                ],
                [
                    0.0,
                    0.0,
                    0.0,
                    1.0
                ]
            ],
            "size": [
                0.07264,
                0.04753,
                0.03326
            ]
        },
        "distance": 0.012147270962288664
    },
    {
        "case": 14,
        "collider1": {
            "type": "Box",
            "collider2origin": [
                [
                    0.907778172512869,
                    0.4194505805326725,
                    0.0,
                    -1.612083837096907
                ],
                [
                    -0.4194505805326725,
                    0.907778172512869,
                    0.0,
                    -0.24654756573714753
                ],
                [
                    0.0,
                    0.0,
                    1.0,
                    -0.040000000000000036
                ],
                [
                    0.0,
                    0.0,
                    0.0,
                    1.0
                ]
            ],
            "size": [
                2.0,
                2.0,
                2.0
            ]
        },
        "collider2": {
            "type": "Box",
            "collider2origin": [
                [
                    -0.30318299015863664,
                    0.8131638097030746,
                    -0.49683467377755536,
                    -0.3886091266832205
                ],
                [
                    -0.7991369254126404,
                    0.06705083624350362,
                    0.5973979911257475,
                    0.11243282344408967
                ],
                [
                    0.5190956067243298,
                    0.5781598429052548,
                    0.6295005537180017,
                    -0.5803155473130669
                ],
                [
                    0.0,
                    0.0,
                    0.0,
                    1.0
                ]
            ],
            "size": [
                0.08993,
                0.0305,
                0.09007
            ]
        },
        "distance": 0.0
    },
    {
        "case": 15,
        "collider1": {
            "type": "Box",
            "collider2origin": [
                [
                    0.907778172512869,
                    0.4194505805326725,
                    0.0,
                    -1.612083837096907
                ],
                [
                    -0.4194505805326725,
                    0.907778172512869,
                    0.0,
                    -0.24654756573714753
                ],
                [
                    0.0,
                    0.0,
                    1.0,
                    -0.040000000000000036
                ],
                [
                    0.0,
                    0.0,
                    0.0,
                    1.0
                ]
            ],
            "size": [
                2.0,
                2.0,
                2.0
            ]
        },
        "collider2": {
            "type": "Box",
            "collider2origin": [
                [
                    -0.3751770356818653,
                    0.8131672691567094,
                    0.44497323994728916,
                    -0.45055138326411287
                ],
                [
                    0.8198142487343186,
                    0.06705073079471742,
                    0.5686904228770508,
                    0.10475465519707738
                ],
                [
                    0.432604657243947,
                    0.5781549894899409,
                    -0.6918020082789101,
                    -0.6214736396827946
                ],
                [
                    0.0,
                    0.0,
                    0.0,
                    1.0
                ]
            ],
            "size": [
                0.09126,
                0.11887,
                0.10009
            ]
        },
        "distance": 0.0
    },
    {
        "case": 16,
        "collider1": {
            "type": "Box",
            "collider2origin": [
                [
                    0.907778172512869,
                    0.4194505805326725,
                    0.0,
                    -1.612083837096907
                ],
                [
                    -0.4194505805326725,
                    0.907778172512869,
                    0.0,
                    -0.24654756573714753
                ],
                [
                    0.0,
                    0.0,
                    1.0,
                    -0.040000000000000036
                ],
                [
                    0.0,
                    0.0,
                    0.0,
                    1.0
                ]
            ],
            "size": [
                2.0,
                2.0,
                2.0
            ]
        },
        "collider2": {
            "type": "Box",
            "collider2origin": [
                [
                    -0.42630373452918424,
                    -0.7875683726872754,
                    0.44497323994728916,
                    -0.49772677291026385
                ],
                [
                    -0.5448441470951326,
                    0.6162272781239879,
                    0.5686904228770508,
                    0.040038673713556405
                ],
                [
                    -0.7220872393988477,
                    -6.214335770703999e-06,
                    -0.6918020082789103,
                    -0.5469511030183661
                ],
                [
                    0.0,
                    0.0,
                    0.0,
                    1.0
                ]
            ],
            "size": [
                0.09102,
                0.10007,
                0.11882
            ]
        },
        "distance": 0.0
    },
    {
        "case": 17,
        "collider1": {
            "type": "Box",
            "collider2origin": [
                [
                    0.907778172512869,
                    0.4194505805326725,
                    0.0,
                    -1.612083837096907
                ],
                [
                    -0.4194505805326725,
                    0.907778172512869,
                    0.0,
                    -0.24654756573714753
                ],
                [
                    0.0,
                    0.0,
                    1.0,
                    -0.040000000000000036
                ],
                [
                    0.0,
                    0.0,
                    0.0,
                    1.0
                ]
            ],
            "size": [
                2.0,
                2.0,
                2.0
            ]
        },
        "collider2": {
            "type": "Box",
            "collider2origin": [
                [
                    -0.3511918016390486,
                    0.7317374696755679,
                    0.5841443262878754,
                    -0.3225261027725355
                ],
                [
                    0.7341524148609285,
                    -0.17200120903997607,
                    0.6568377393562681,
                    0.11368696985861293
                ],
                [
                    0.5811063157593328,
                    0.659526996840602,
                    -0.4768014159196998,
                    -0.5288254551048585
                ],
                [
                    0.0,
                    0.0,
                    0.0,
                    1.0
                ]
            ],
            "size": [
                0.06241,
                0.05638,
                0.02858
            ]
        },
        "distance": 0.0
    }
]