[
    {
        "case": 0,
        "collider1": {
            "type": "Box",
            "collider2origin": [
                [
                    0.9077781725128689,
                    0.4194505805326724,
                    0.0,
                    0.4158817547107895
                ],
                [
                    -0.4194505805326724,
                    0.9077781725128689,
                    0.0,
                    0.733173894971941
                ],
                [
                    0.0,
                    0.0,
                    1.0,
                    -0.6599999999999999
                ],
                [
                    0.0,
                    0.0,
                    0.0,
                    1.0
                ]
            ],
            "size": [
                0.6,
                1.0,
                0.8
            ]
        },
        "collider2": {
            "type": "Box",
            "collider2origin": [
                [
                    -0.8865700922689742,
                    0.10189884943371436,
                    -0.45123175417768147,
                    0.015594653755153287
                ],
                [
                    -0.09081299405815971,
                    -0.9947947650062928,
                    -0.04622094358910385,
                    0.7224163448061941
                ],
                [
                    -0.45359284783203424,
                    -3.996115601317546e-07,
                    0.8912090262084789,
                    -0.44248040310539016
                ],
                [
                    0.0,
                    0.0,
                    0.0,
                    1.0
                ]
            ],
            "size": [
                0.1202,
                0.13634,
                0.67816
            ]
        },
        "distance": 0.0
    },
    {
        "case": 1,
        "collider1": {
            "type": "Box",
            "collider2origin": [
                [
                    0.9077781725128689,
                    0.4194505805326724,
                    0.0,
                    0.27063700059322826
                ],
                [
                    -0.4194505805326724,
                    0.9077781725128689,
                    0.0,
                    0.8002854543438492
                ],
                [
                    0.0,
                    0.0,
                    1.0,
                    -0.25
                ],
                [
                    0.0,
                    0.0,
                    0.0,
                    1.0
                ]
            ],
            "size": [
                0.2,
                0.2,
                0.02
            ]
        },
        "collider2": {
            "type": "Box",
            "collider2origin": [
                [
                    -0.8865700922689742,
                    0.10189884943371436,
                    -0.45123175417768147,
                    0.015594653755153287
                ],
                [
                    -0.09081299405815971,
                    -0.9947947650062928,
                    -0.04622094358910385,
                    0.7224163448061941
                ],
                [
                    -0.45359284783203424,
                    -3.996115601317546e-07,
                    0.8912090262084789,
                    -0.44248040310539016
                ],
                [
                    0.0,
                    0.0,
                    0.0,
                    1.0
                ]
            ],
            "size": [
                0.1202,
                0.13634,
                0.67816
            ]
        },
        "distance": 0.13375346879274122
    },
    {
        "case": 2,
        "collider1": {
            "type": "Box",
            "collider2origin": [
                [
                    0.9077781725128689,
                    0.4194505805326724,
                    0.0,
                    0.4158817547107895
                ],
                [
                    -0.4194505805326724,
                    0.9077781725128689,
                    0.0,
                    0.733173894971941
                ],
                [
                    0.0,
                    0.0,
                    1.0,
                    -0.6599999999999999
                ],
                [
                    0.0,
                    0.0,
                    0.0,
                    1.0
                ]
            ],
            "size": [
                0.6,
                1.0,
                0.8
            ]
        },
        "collider2": {
            "type": "Box",
            "collider2origin": [
                [
                    0.9585413974436959,
                    0.10189952942151788,
                    -0.2661106448272221,
                    0.2378658185573072
                ],
                [
                    0.09818794487254857,
                    -0.9947946953274592,
                    -0.027251451888899637,
                    0.6181831265953543
                ],
                [
                    -0.2675023679678221,
                    -7.212548338109082e-06,
                    -0.9635572028061368,
                    -0.3917124401160019
                ],
                [
                    0.0,
                    0.0,
                    0.0,
                    1.0
                ]
            ],
            "size": [
                0.15068,
                0.17726,
                0.74884
            ]
        },
        "distance": 0.0
    },
    {
        "case": 3,
        "collider1": {
            "type": "Box",
            "collider2origin": [
                [
                    0.9077781725128689,
                    0.4194505805326724,
                    0.0,
                    0.27063700059322826
                ],
                [
                    -0.4194505805326724,
                    0.9077781725128689,
                    0.0,
                    0.8002854543438492
                ],
                [
                    0.0,
                    0.0,
                    1.0,
                    -0.25
                ],
                [
                    0.0,
                    0.0,
                    0.0,
                    1.0
                ]
            ],
            "size": [
                0.2,
                0.2,
                0.02
            ]
        },
        "collider2": {
            "type": "Box",
            "collider2origin": [
                [
                    0.9585413974436959,
                    0.10189952942151788,
                    -0.2661106448272221,
                    0.2378658185573072
                ],
                [
                    0.09818794487254857,
                    -0.9947946953274592,
                    -0.027251451888899637,
                    0.6181831265953543
                ],
                [
                    -0.2675023679678221,
                    -7.212548338109082e-06,
                    -0.9635572028061368,
                    -0.3917124401160019
                ],
                [
                    0.0,
                    0.0,
                    0.0,
                    1.0
                ]
            ],
            "size": [
                0.15068,
                0.17726,
                0.74884
            ]
        },
        "distance": 0.0
    },
    {
        "case": 4,
        "collider1": {
            "type": "Box",
            "collider2origin": [
                [
                    0.9077781725128689,
                    0.4194505805326724,
                    0.0,
                    0.4158817547107895
                ],
                [
                    -0.4194505805326724,
                    0.9077781725128689,
                    0.0,
                    0.733173894971941
                ],
                [
                    0.0,
                    0.0,
                    1.0,
                    -0.6599999999999999
                ],
                [
                    0.0,
                    0.0,
                    0.0,
                    1.0
                ]
            ],
            "size": [
                0.6,
                1.0,
                0.8
            ]
        },
        "collider2": {
            "type": "Box",
            "collider2origin": [
                [
                    0.9585413974436959,
                    0.10189952942151788,
                    -0.2661106448272221,
                    0.2378658185573072
                ],
                [
                    0.09818794487254857,
                    -0.9947946953274592,
                    -0.027251451888899637,
                    0.6181831265953543
                ],
                [
                    -0.2675023679678221,
                    -7.212548338109082e-06,
                    -0.9635572028061368,
                    -0.3917124401160019
                ],
                [
                    0.0,
                    0.0,
                    0.0,
                    1.0
                ]
            ],
            "size": [
                0.15068,
                0.17726,
                0.74884
            ]
        },
        "distance": 0.0
    },
    {
        "case": 5,
        "collider1": {
            "type": "Box",
            "collider2origin": [
                [
                    0.9077781725128689,
                    0.4194505805326724,
                    0.0,
                    0.27063700059322826
                ],
                [
                    -0.4194505805326724,
                    0.9077781725128689,
                    0.0,
                    0.8002854543438492
                ],
                [
                    0.0,
                    0.0,
                    1.0,
                    -0.25
                ],
                [
                    0.0,
                    0.0,
                    0.0,
                    1.0
                ]
            ],
            "size": [
                0.2,
                0.2,
                0.02
            ]
        },
        "collider2": {
            "type": "Box",
            "collider2origin": [
                [
                    0.9585413974436959,
                    0.10189952942151788,
                    -0.2661106448272221,
                    0.2378658185573072
                ],
                [
                    0.09818794487254857,
                    -0.9947946953274592,
                    -0.027251451888899637,
                    0.6181831265953543
                ],
                [
                    -0.2675023679678221,
                    -7.212548338109082e-06,
                    -0.9635572028061368,
                    -0.3917124401160019
                ],
                [
                    0.0,
                    0.0,
                    0.0,
                    1.0
                ]
            ],
            "size": [
                0.15068,
                0.17726,
                0.74884
            ]
        },
        "distance": 0.0
    }
]