[
    {
        "case": 0,
        "collider1": {
            "type": "Box",
            "collider2origin": [
                [
                    0.9077781725128689,
                    0.4194505805326724,
                    0.0,
                    0.4158817547107895
                ],
                [
                    -0.4194505805326724,
                    0.9077781725128689,
                    0.0,
                    0.733173894971941
                ],
                [
                    0.0,
                    0.0,
                    1.0,
                    -0.6599999999999999
                ],
                [
                    0.0,
                    0.0,
                    0.0,
                    1.0
                ]
            ],
            "size": [
                0.6,
                1.0,
                0.8
            ]
        },
        "collider2": {
            "type": "Box",
            "collider2origin": [
                [
                    0.33329126572788786,
                    0.07518850737944799,
                    -0.9398210577272428,
                    0.9419774122009688
                ],
                [
                    0.025135441807152256,
                    -0.9971693378428919,
                    -0.0708626928018381,
                    0.687997922329638
                ],
                [
                    -0.9424888019253395,
                    -4.900928828318191e-06,
                    -0.33423772710649985,
                    -1.0424586601158692
                ],
                [
                    0.0,
                    0.0,
                    0.0,
                    1.0
                ]
            ],
            "size": [
                0.09102,
                0.10007,
                0.11882
            ]
        },
        "distance": 0.10997516806630157
    },
    {
        "case": 1,
        "collider1": {
            "type": "Box",
            "collider2origin": [
                [
                    0.907778172512869,
                    0.4194505805326725,
                    0.0,
                    0.9947946797881562
                ],
                [
                    -0.4194505805326725,
                    0.907778172512869,
                    0.0,
                    0.5317739604993647
                ],
                [
                    0.0,
                    0.0,
                    1.0,
                    -0.69
                ],
                [
                    0.0,
                    0.0,
                    0.0,
                    1.0
                ]
            ],
            "size": [
                0.6,
                1.2,
                0.75
            ]
        },
        "collider2": {
            "type": "Box",
            "collider2origin": [
                [
                    0.33329126572788786,
                    0.07518850737944799,
                    -0.9398210577272428,
                    0.9419774122009688
                ],
                [
                    0.025135441807152256,
                    -0.9971693378428919,
                    -0.0708626928018381,
                    0.687997922329638
                ],
                [
                    -0.9424888019253395,
                    -4.900928828318191e-06,
                    -0.33423772710649985,
                    -1.0424586601158692
                ],
                [
                    0.0,
                    0.0,
                    0.0,
                    1.0
                ]
            ],
            "size": [
                0.09102,
                0.10007,
                0.11882
            ]
        },
        "distance": 0.0
    },
    {
        "case": 2,
        "collider1": {
            "type": "Box",
            "collider2origin": [
                [
                    0.9077781725128689,
                    0.4194505805326724,
                    0.0,
                    0.4158817547107895
                ],
                [
                    -0.4194505805326724,
                    0.9077781725128689,
                    0.0,
                    0.733173894971941
                ],
                [
                    0.0,
                    0.0,
                    1.0,
                    -0.6599999999999999
                ],
                [
                    0.0,
                    0.0,
                    0.0,
                    1.0
                ]
            ],
            "size": [
                0.6,
                1.0,
                0.8
            ]
        },
        "collider2": {
            "type": "Box",
            "collider2origin": [
                [
                    0.18887659475991356,
                    0.28471391150477054,
                    -0.9398210577272428,
                    0.8401983589089306
                ],
                [
                    0.707433965289117,
                    -0.7032180767899735,
                    -0.0708626928018381,
                    0.6748013873837931
                ],
                [
                    -0.6810747511890426,
                    -0.6514770334182665,
                    -0.33423772710649985,
                    -1.0806373120862305
                ],
                [
                    0.0,
                    0.0,
                    0.0,
                    1.0
                ]
            ],
            "size": [
                0.09126,
                0.11887,
                0.10009
            ]
        },
        "distance": 0.0347365318819022
    },
    {
        "case": 3,
        "collider1": {
            "type": "Box",
            "collider2origin": [
                [
                    0.907778172512869,
                    0.4194505805326725,
                    0.0,
                    0.9947946797881562
                ],
                [
                    -0.4194505805326725,
                    0.907778172512869,
                    0.0,
                    0.5317739604993647
                ],
                [
                    0.0,
                    0.0,
                    1.0,
                    -0.69
                ],
                [
                    0.0,
                    0.0,
                    0.0,
                    1.0
                ]
            ],
            "size": [
                0.6,
                1.2,
                0.75
            ]
        },
        "collider2": {
            "type": "Box",
            "collider2origin": [
                [
                    0.18887659475991356,
                    0.28471391150477054,
                    -0.9398210577272428,
                    0.8401983589089306
                ],
                [
                    0.707433965289117,
                    -0.7032180767899735,
                    -0.0708626928018381,
                    0.6748013873837931
                ],
                [
                    -0.6810747511890426,
                    -0.6514770334182665,
                    -0.33423772710649985,
                    -1.0806373120862305
                ],
                [
                    0.0,
                    0.0,
                    0.0,
                    1.0
                ]
            ],
            "size": [
                0.09126,
                0.11887,
                0.10009
            ]
        },
        "distance": 0.0
    },
    {
        "case": 4,
        "collider1": {
            "type": "Box",
            "collider2origin": [
                [
                    0.9077781725128689,
                    0.4194505805326724,
                    0.0,
                    0.4158817547107895
                ],
                [
                    -0.4194505805326724,
                    0.9077781725128689,
                    0.0,
                    0.733173894971941
                ],
                [
                    0.0,
                    0.0,
                    1.0,
                    -0.6599999999999999
                ],
                [
                    0.0,
                    0.0,
                    0.0,
                    1.0
                ]
            ],
            "size": [
                0.6,
                1.0,
                0.8
            ]
        },
        "collider2": {
            "type": "Box",
            "collider2origin": [
                [
                    0.6204751439488843,
                    0.07519482688585129,
                    0.7806127937404167,
                    0.7081618932748184
                ],
                [
                    0.04678430917457284,
                    -0.9971688613139198,
                    0.05886841632793,
                    0.7824435741340374
                ],
                [
                    0.7828293710360319,
                    -5.958807136469124e-06,
                    -0.6222364307944555,
                    -0.8601996727295366
                ],
                [
                    0.0,
                    0.0,
                    0.0,
                    1.0
                ]
            ],
            "size": [
                0.1202,
                0.13634,
                0.67816
            ]
        },
        "distance": 0.0
    },
    {
        "case": 5,
        "collider1": {
            "type": "Box",
            "collider2origin": [
                [
                    0.907778172512869,
                    0.4194505805326725,
                    0.0,
                    0.9947946797881562
                ],
                [
                    -0.4194505805326725,
                    0.907778172512869,
                    0.0,
                    0.5317739604993647
                ],
                [
                    0.0,
                    0.0,
                    1.0,
                    -0.69
                ],
                [
                    0.0,
                    0.0,
                    0.0,
                    1.0
                ]
            ],
            "size": [
                0.6,
                1.2,
                0.75
            ]
        },
        "collider2": {
            "type": "Box",
            "collider2origin": [
                [
                    0.6204751439488843,
                    0.07519482688585129,
                    0.7806127937404167,
                    0.7081618932748184
                ],
                [
                    0.04678430917457284,
                    -0.9971688613139198,
                    0.05886841632793,
                    0.7824435741340374
                ],
                [
                    0.7828293710360319,
                    -5.958807136469124e-06,
                    -0.6222364307944555,
                    -0.8601996727295366
                ],
                [
                    0.0,
                    0.0,
                    0.0,
                    1.0
                ]
            ],
            "size": [
                0.1202,
                0.13634,
                0.67816
            ]
        },
        "distance": 0.0
    },
    {
        "case": 6,
        "collider1": {
            "type": "Box",
            "collider2origin": [
                [
                    0.9077781725128689,
                    0.4194505805326724,
                    0.0,
                    0.4158817547107895
                ],
                [
                    -0.4194505805326724,
                    0.9077781725128689,
                    0.0,
                    0.733173894971941
                ],
                [
                    0.0,
                    0.0,
                    1.0,
                    -0.6599999999999999
                ],
                [
                    0.0,
                    0.0,
                    0.0,
                    1.0
                ]
            ],
            "size": [
                0.6,
                1.0,
                0.8
            ]
        },
        "collider2": {
            "type": "Box",
            "collider2origin": [
                [
                    0.9498807235692166,
                    0.07519307411281442,
                    0.30343469247448673,
                    0.40405145083551985
                ],
                [
                    0.07162504011963938,
                    -0.9971689934780483,
                    0.022887814964210593,
                    0.6328115847529269
                ],
                [
                    0.30429667204798927,
                    -7.172216947149965e-06,
                    -0.9525773119957651,
                    -0.3884753521320473
                ],
                [
                    0.0,
                    0.0,
                    0.0,
                    1.0
                ]
            ],
            "size": [
                0.15068,
                0.17726,
                0.74884
            ]
        },
        "distance": 0.0
    },
    {
        "case": 7,
        "collider1": {
            "type": "Box",
            "collider2origin": [
                [
                    0.9077781725128689,
                    0.4194505805326724,
                    0.0,
                    0.27063700059322826
                ],
                [
                    -0.4194505805326724,
                    0.9077781725128689,
                    0.0,
                    0.8002854543438492
                ],
                [
                    0.0,
                    0.0,
                    1.0,
                    -0.25
                ],
                [
                    0.0,
                    0.0,
                    0.0,
                    1.0
                ]
            ],
            "size": [
                0.2,
                0.2,
                0.02
            ]
        },
        "collider2": {
            "type": "Box",
            "collider2origin": [
                [
                    0.9498807235692166,
                    0.07519307411281442,
                    0.30343469247448673,
                    0.40405145083551985
                ],
                [
                    0.07162504011963938,
                    -0.9971689934780483,
                    0.022887814964210593,
                    0.6328115847529269
                ],
                [
                    0.30429667204798927,
                    -7.172216947149965e-06,
                    -0.9525773119957651,
                    -0.3884753521320473
                ],
                [
                    0.0,
                    0.0,
                    0.0,
                    1.0
                ]
            ],
            "size": [
                0.15068,
                0.17726,
                0.74884
            ]
        },
        "distance": 0.0
    },
    {
        "case": 8,
        "collider1": {
            "type": "Box",
            "collider2origin": [
                [
                    0.907778172512869,
                    0.4194505805326725,
                    0.0,
                    0.9947946797881562
                ],
                [
                    -0.4194505805326725,
                    0.907778172512869,
                    0.0,
                    0.5317739604993647
                ],
                [
                    0.0,
                    0.0,
                    1.0,
                    -0.69
                ],
                [
                    0.0,
                    0.0,
                    0.0,
                    1.0
                ]
            ],
            "size": [
                0.6,
                1.2,
                0.75
            ]
        },
        "collider2": {
            "type": "Box",
            "collider2origin": [
                [
                    0.9498807235692166,
                    0.07519307411281442,
                    0.30343469247448673,
                    0.40405145083551985
                ],
                [
                    0.07162504011963938,
                    -0.9971689934780483,
                    0.022887814964210593,
                    0.6328115847529269
                ],
                [
                    0.30429667204798927,
                    -7.172216947149965e-06,
                    -0.9525773119957651,
                    -0.3884753521320473
                ],
                [
                    0.0,
                    0.0,
                    0.0,
                    1.0
                ]
            ],
            "size": [
                0.15068,
                0.17726,
                0.74884
            ]
        },
        "distance": 0.07328291654263858
    },
    {
        "case": 9,
        "collider1": {
            "type": "Box",
            "collider2origin": [
                [
                    0.9077781725128689,
                    0.4194505805326724,
                    0.0,
                    0.4158817547107895
                ],
                [
                    -0.4194505805326724,
                    0.9077781725128689,
                    0.0,
                    0.733173894971941
                ],
                [
                    0.0,
                    0.0,
                    1.0,
                    -0.6599999999999999
                ],
                [
                    0.0,
                    0.0,
                    0.0,
                    1.0
                ]
            ],
            "size": [
                0.6,
                1.0,
                0.8
            ]
        },
        "collider2": {
            "type": "Box",
            "collider2origin": [
                [
                    0.9498807235692166,
                    0.07519307411281442,
                    0.30343469247448673,
                    0.40405145083551985
                ],
                [
                    0.07162504011963938,
                    -0.9971689934780483,
                    0.022887814964210593,
                    0.6328115847529269
                ],
                [
                    0.30429667204798927,
                    -7.172216947149965e-06,
                    -0.9525773119957651,
                    -0.3884753521320473
                ],
                [
                    0.0,
                    0.0,
                    0.0,
                    1.0
                ]
            ],
            "size": [
                0.15068,
                0.17726,
                0.74884
            ]
        },
        "distance": 0.0
    },
    {
        "case": 10,
        "collider1": {
            "type": "Box",
            "collider2origin": [
                [
                    0.9077781725128689,
                    0.4194505805326724,
                    0.0,
                    0.27063700059322826
                ],
                [
                    -0.4194505805326724,
                    0.9077781725128689,
                    0.0,
                    0.8002854543438492
                ],
                [
                    0.0,
                    0.0,
                    1.0,
                    -0.25
                ],
                [
                    0.0,
                    0.0,
                    0.0,
                    1.0
                ]
            ],
            "size": [
                0.2,
                0.2,
                0.02
            ]
        },
        "collider2": {
            "type": "Box",
            "collider2origin": [
                [
                    0.9498807235692166,
                    0.07519307411281442,
                    0.30343469247448673,
                    0.40405145083551985
                ],
                [
                    0.07162504011963938,
                    -0.9971689934780483,
                    0.022887814964210593,
                    0.6328115847529269
                ],
                [
                    0.30429667204798927,
                    -7.172216947149965e-06,
                    -0.9525773119957651,
                    -0.3884753521320473
                ],
                [
                    0.0,
                    0.0,
                    0.0,
                    1.0
                ]
            ],
            "size": [
                0.15068,
                0.17726,
                0.74884
            ]
        },
        "distance": 0.0
    },
    {
        "case": 11,
        "collider1": {
            "type": "Box",
            "collider2origin": [
                [
                    0.907778172512869,
                    0.4194505805326725,
                    0.0,
                    0.9947946797881562
                ],
                [
                    -0.4194505805326725,
                    0.907778172512869,
                    0.0,
                    0.5317739604993647
                ],
                [
                    0.0,
                    0.0,
                    1.0,
                    -0.69
                ],
                [
                    0.0,
                    0.0,
                    0.0,
                    1.0
                ]
            ],
            "size": [
                0.6,
                1.2,
                0.75
            ]
        },
        "collider2": {
            "type": "Box",
            "collider2origin": [
                [
                    0.9498807235692166,
                    0.07519307411281442,
                    0.30343469247448673,
                    0.40405145083551985
                ],
                [
                    0.07162504011963938,
                    -0.9971689934780483,
                    0.022887814964210593,
                    0.6328115847529269
                ],
                [
                    0.30429667204798927,
                    -7.172216947149965e-06,
                    -0.9525773119957651,
                    -0.3884753521320473
                ],
                [
                    0.0,
                    0.0,
                    0.0,
                    1.0
                ]
            ],
            "size": [
                0.15068,
                0.17726,
                0.74884
            ]
        },
        "distance": 0.07328291654263858
    }
]