[
    {
        "case": 0,
        "collider1": {
            "type": "Box",
            "collider2origin": [
                [
                    0.907778172512869,
                    0.4194505805326725,
                    0.0,
                    -1.612083837096907
                ],
                [
                    -0.4194505805326725,
                    0.907778172512869,
                    0.0,
                    -0.24654756573714753
                ],
                [
                    0.0,
                    0.0,
                    1.0,
                    -0.040000000000000036
                ],
                [
                    0.0,
                    0.0,
                    0.0,
                    1.0
                ]
            ],
            "size": [
                2.0,
                2.0,
                2.0
            ]
        },
        "collider2": {
            "type": "Cylinder",
            "collider2origin": [
                [
                    -0.6554620356834749,
                    -0.36657308501383123,
                    0.6602981850051665,
                    -0.9566452740026774
                ],
                [
                    -0.43028134061551687,
                    -0.5372649233723684,
                    -0.7253994554945548,
                    1.0776413061912322
                ],
                [
                    0.6206669700377067,
                    -0.7595857920321608,
                    0.1944272019216618,
                    -0.051584104362740524
                ],
                [
                    0.0,
                    0.0,
                    0.0,
                    1.0
                ]
            ],
            "radius": 0.01169,
            "height": 0.05502
        },
        "distance": 0.4556920109714676
    },
    {
        "case": 1,
        "collider1": {
            "type": "Box",
            "collider2origin": [
                [
                    0.907778172512869,
                    0.4194505805326725,
                    0.0,
                    -1.612083837096907
                ],
                [
                    -0.4194505805326725,
                    0.907778172512869,
                    0.0,
                    -0.24654756573714753
                ],
                [
                    0.0,
                    0.0,
                    1.0,
                    -0.040000000000000036
                ],
                [
                    0.0,
                    0.0,
                    0.0,
                    1.0
                ]
            ],
            "size": [
                2.0,
                2.0,
                2.0
            ]
        },
        "collider2": {
            "type": "Box",
            "collider2origin": [
                [
                    -0.35541764477353954,
                    -0.22285332360248716,
                    -0.907752551052849,
                    -0.011159865595140761
                ],
                [
                    0.08125149030849814,
                    -0.9748519867928042,
                    0.20751337106020531,
                    0.6920878774134883
                ],
                [
                    -0.931169422342829,
                    -2.3340031492633183e-06,
                    0.3645867618116081,
                    0.006756540881244888
                ],
                [
                    0.0,
                    0.0,
                    0.0,
                    1.0
                ]
            ],
            "size": [
                0.15068,
                0.17726,
                0.74884
            ]
        },
        "distance": 0.3591572975907424
    },
    {
        "case": 2,
        "collider1": {
            "type": "Box",
            "collider2origin": [
                [
                    0.907778172512869,
                    0.4194505805326725,
                    0.0,
                    -0.7418785952877999
                ],
                [
                    -0.4194505805326725,
                    0.907778172512869,
                    0.0,
                    1.2791466490804724
                ],
                [
                    0.0,
                    0.0,
                    1.0,
                    0.27
                ],
                [
                    0.0,
                    0.0,
                    0.0,
                    1.0
                ]
            ],
            "size": [
                0.52,
                1.16,
                0.6
            ]
        },
        "collider2": {
            "type": "Box",
            "collider2origin": [
                [
                    -0.35541764477353954,
                    -0.22285332360248716,
                    -0.907752551052849,
                    -0.011159865595140761
                ],
                [
                    0.08125149030849814,
                    -0.9748519867928042,
                    0.20751337106020531,
                    0.6920878774134883
                ],
                [
                    -0.931169422342829,
                    -2.3340031492633183e-06,
                    0.3645867618116081,
                    0.006756540881244888
                ],
                [
                    0.0,
                    0.0,
                    0.0,
                    1.0
                ]
            ],
            "size": [
                0.15068,
                0.17726,
                0.74884
            ]
        },
        "distance": 0.26325982747394083
    },
    {
        "case": 3,
        "collider1": {
            "type": "Box",
            "collider2origin": [
                [
                    0.907778172512869,
                    0.4194505805326725,
                    0.0,
                    -1.612083837096907
                ],
                [
                    -0.4194505805326725,
                    0.907778172512869,
                    0.0,
                    -0.24654756573714753
                ],
                [
                    0.0,
                    0.0,
                    1.0,
                    -0.040000000000000036
                ],
                [
                    0.0,
                    0.0,
                    0.0,
                    1.0
                ]
            ],
            "size": [
                2.0,
                2.0,
                2.0
            ]
        },
        "collider2": {
            "type": "Box",
            "collider2origin": [
                [
                    -0.35541764477353954,
                    -0.22285332360248716,
                    -0.907752551052849,
                    -0.011159865595140761
                ],
                [
                    0.08125149030849814,
                    -0.9748519867928042,
                    0.20751337106020531,
                    0.6920878774134883
                ],
                [
                    -0.931169422342829,
                    -2.3340031492633183e-06,
                    0.3645867618116081,
                    0.006756540881244888
                ],
                [
                    0.0,
                    0.0,
                    0.0,
                    1.0
                ]
            ],
            "size": [
                0.15068,
                0.17726,
                0.74884
            ]
        },
        "distance": 0.3591572975907424
    },
    {
        "case": 4,
        "collider1": {
            "type": "Box",
            "collider2origin": [
                [
                    0.907778172512869,
                    0.4194505805326725,
                    0.0,
                    -0.7418785952877999
                ],
                [
                    -0.4194505805326725,
                    0.907778172512869,
                    0.0,
                    1.2791466490804724
                ],
                [
                    0.0,
                    0.0,
                    1.0,
                    0.27
                ],
                [
                    0.0,
                    0.0,
                    0.0,
                    1.0
                ]
            ],
            "size": [
                0.52,
                1.16,
                0.6
            ]
        },
        "collider2": {
            "type": "Box",
            "collider2origin": [
                [
                    -0.35541764477353954,
                    -0.22285332360248716,
                    -0.907752551052849,
                    -0.011159865595140761
                ],
                [
                    0.08125149030849814,
                    -0.9748519867928042,
                    0.20751337106020531,
                    0.6920878774134883
                ],
                [
                    -0.931169422342829,
                    -2.3340031492633183e-06,
                    0.3645867618116081,
                    0.006756540881244888
                ],
                [
                    0.0,
                    0.0,
                    0.0,
                    1.0
                ]
            ],
            "size": [
                0.15068,
                0.17726,
                0.74884
            ]
        },
        "distance": 0.26325982747394083
    },
    {
        "case": 5,
        "collider1": {
            "type": "Box",
            "collider2origin": [
                [
                    0.907778172512869,
                    0.4194505805326725,
                    0.0,
                    -1.612083837096907
                ],
                [
                    -0.4194505805326725,
                    0.907778172512869,
                    0.0,
                    -0.24654756573714753
                ],
                [
                    0.0,
                    0.0,
                    1.0,
                    -0.040000000000000036
                ],
                [
                    0.0,
                    0.0,
                    0.0,
                    1.0
                ]
            ],
            "size": [
                2.0,
                2.0,
                2.0
            ]
        },
        "collider2": {
            "type": "Box",
            "collider2origin": [
                [
                    0.07480664090220558,
                    -0.22285355951389177,
                    -0.9719774984478381,
                    -0.5388253906510725
                ],
                [
                    -0.01709693772949556,
                    -0.9748519328576756,
                    0.22219676803213861,
                    0.9423101987614142
                ],
                [
                    -0.9970514837244875,
                    -3.955070377306612e-06,
                    -0.0767355119039105,
                    0.09897772440607655
                ],
                [
                    0.0,
                    0.0,
                    0.0,
                    1.0
                ]
            ],
            "size": [
                0.1202,
                0.13634,
                0.67816
            ]
        },
        "distance": 0.3918982377979894
    },
    {
        "case": 6,
        "collider1": {
            "type": "Box",
            "collider2origin": [
                [
                    0.907778172512869,
                    0.4194505805326725,
                    0.0,
                    -0.7418785952877999
                ],
                [
                    -0.4194505805326725,
                    0.907778172512869,
                    0.0,
                    1.2791466490804724
                ],
                [
                    0.0,
                    0.0,
                    1.0,
                    0.27
                ],
                [
                    0.0,
                    0.0,
                    0.0,
                    1.0
                ]
            ],
            "size": [
                0.52,
                1.16,
                0.6
            ]
        },
        "collider2": {
            "type": "Box",
            "collider2origin": [
                [
                    0.07480664090220558,
                    -0.22285355951389177,
                    -0.9719774984478381,
                    -0.5388253906510725
                ],
                [
                    -0.01709693772949556,
                    -0.9748519328576756,
                    0.22219676803213861,
                    0.9423101987614142
                ],
                [
                    -0.9970514837244875,
                    -3.955070377306612e-06,
                    -0.0767355119039105,
                    0.09897772440607655
                ],
                [
                    0.0,
                    0.0,
                    0.0,
                    1.0
                ]
            ],
            "size": [
                0.1202,
                0.13634,
                0.67816
            ]
        },
        "distance": 0.0
    },
    {
        "case": 7,
        "collider1": {
            "type": "Box",
            "collider2origin": [
                [
                    0.907778172512869,
                    0.4194505805326725,
                    0.0,
                    -1.612083837096907
                ],
                [
                    -0.4194505805326725,
                    0.907778172512869,
                    0.0,
                    -0.24654756573714753
                ],
                [
                    0.0,
                    0.0,
                    1.0,
                    -0.040000000000000036
                ],
                [
                    0.0,
                    0.0,
                    0.0,
                    1.0
                ]
            ],
            "size": [
                2.0,
                2.0,
                2.0
            ]
        },
        "collider2": {
            "type": "Cylinder",
            "collider2origin": [
                [
                    -0.6193160403016258,
                    -0.3406147887712604,
                    0.7074102118964809,
                    -0.9466332073799251
                ],
                [
                    -0.42449997696162517,
                    -0.6126879835913596,
                    -0.6666432361633421,
                    1.068126772272075
                ],
                [
                    0.6604902813703571,
                    -0.7131584679670177,
                    0.23485652595199957,
                    -0.046181857955664096
                ],
                [
                    0.0,
                    0.0,
                    0.0,
                    1.0
                ]
            ],
            "radius": 0.01271,
            "height": 0.05982
        },
        "distance": 0.45124055756231823
    },
    {
        "case": 8,
        "collider1": {
            "type": "Box",
            "collider2origin": [
                [
                    0.907778172512869,
                    0.4194505805326725,
                    0.0,
                    -0.7418785952877999
                ],
                [
                    -0.4194505805326725,
                    0.907778172512869,
                    0.0,
                    1.2791466490804724
                ],
                [
                    0.0,
                    0.0,
                    1.0,
                    0.27
                ],
                [
                    0.0,
                    0.0,
                    0.0,
                    1.0
                ]
            ],
            "size": [
                0.52,
                1.16,
                0.6
            ]
        },
        "collider2": {
            "type": "Cylinder",
            "collider2origin": [
                [
                    -0.6193160403016258,
                    -0.3406147887712604,
                    0.7074102118964809,
                    -0.9466332073799251
                ],
                [
                    -0.42449997696162517,
                    -0.6126879835913596,
                    -0.6666432361633421,
                    1.068126772272075
                ],
                [
                    0.6604902813703571,
                    -0.7131584679670177,
                    0.23485652595199957,
                    -0.046181857955664096
                ],
                [
                    0.0,
                    0.0,
                    0.0,
                    1.0
                ]
            ],
            "radius": 0.01271,
            "height": 0.05982
        },
        "distance": 0.0
    },
    {
        "case": 9,
        "collider1": {
            "type": "Box",
            "collider2origin": [
                [
                    0.907778172512869,
                    0.4194505805326725,
                    0.0,
                    -1.612083837096907
                ],
                [
                    -0.4194505805326725,
                    0.907778172512869,
                    0.0,
                    -0.24654756573714753
                ],
                [
                    0.0,
                    0.0,
                    1.0,
                    -0.040000000000000036
                ],
                [
                    0.0,
                    0.0,
                    0.0,
                    1.0
                ]
            ],
            "size": [
                2.0,
                2.0,
                2.0
            ]
        },
        "collider2": {
            "type": "Box",
            "collider2origin": [
                [
                    -0.10026148972709445,
                    -0.15102548786464554,
                    -0.9834322222161266,
                    -0.8885873577533865
                ],
                [
                    0.15598741209856667,
                    0.9738040151324198,
                    -0.16544989386146297,
                    1.0865704266946583
                ],
                [
                    0.9826573975422436,
                    -0.16999130015157607,
                    -0.07407696624647289,
                    -0.06354332125097373
                ],
                [
                    0.0,
                    0.0,
                    0.0,
                    1.0
                ]
            ],
            "size": [
                0.07264,
                0.04753,
                0.03326
            ]
        },
        "distance": 0.4811705385747611
    },
    {
        "case": 10,
        "collider1": {
            "type": "Box",
            "collider2origin": [
                [
                    0.907778172512869,
                    0.4194505805326725,
                    0.0,
                    -0.7418785952877999
                ],
                [
                    -0.4194505805326725,
                    0.907778172512869,
                    0.0,
                    1.2791466490804724
                ],
                [
                    0.0,
                    0.0,
                    1.0,
                    0.27
                ],
                [
                    0.0,
                    0.0,
                    0.0,
                    1.0
                ]
            ],
            "size": [
                0.52,
                1.16,
                0.6
            ]
        },
        "collider2": {
            "type": "Box",
            "collider2origin": [
                [
                    -0.10026148972709445,
                    -0.15102548786464554,
                    -0.9834322222161266,
                    -0.8885873577533865
                ],
                [
                    0.15598741209856667,
                    0.9738040151324198,
                    -0.16544989386146297,
                    1.0865704266946583
                ],
                [
                    0.9826573975422436,
                    -0.16999130015157607,
                    -0.07407696624647289,
                    -0.06354332125097373
                ],
                [
                    0.0,
                    0.0,
                    0.0,
                    1.0
                ]
            ],
            "size": [
                0.07264,
                0.04753,
                0.03326
            ]
        },
        "distance": 0.0
    },
    {
        "case": 11,
        "collider1": {
            "type": "Box",
            "collider2origin": [
                [
                    0.907778172512869,
                    0.4194505805326725,
                    0.0,
                    -1.612083837096907
                ],
                [
                    -0.4194505805326725,
                    0.907778172512869,
                    0.0,
                    -0.24654756573714753
                ],
                [
                    0.0,
                    0.0,
                    1.0,
                    -0.040000000000000036
                ],
                [
                    0.0,
                    0.0,
                    0.0,
                    1.0
                ]
            ],
            "size": [
                2.0,
                2.0,
                2.0
            ]
        },
        "collider2": {
            "type": "Box",
            "collider2origin": [
                [
                    -0.30410451536799515,
                    -0.15102944939644217,
                    -0.9405905321380839,
                    -0.8829057342145818
                ],
                [
                    0.11785810535752439,
                    0.9738028251651298,
                    -0.19446728440009065,
                    1.0360557805298671
                ],
                [
                    0.9453200044082057,
                    -0.16999459731244,
                    -0.2783377914517716,
                    -0.05673264016834767
                ],
                [
                    0.0,
                    0.0,
                    0.0,
                    1.0
                ]
            ],
            "size": [
                0.06241,
                0.05638,
                0.02858
            ]
        },
        "distance": 0.43823711712971697
    },
    {
        "case": 12,
        "collider1": {
            "type": "Box",
            "collider2origin": [
                [
                    0.907778172512869,
                    0.4194505805326725,
                    0.0,
                    -0.7418785952877999
                ],
                [
                    -0.4194505805326725,
                    0.907778172512869,
                    0.0,
                    1.2791466490804724
                ],
                [
                    0.0,
                    0.0,
                    1.0,
                    0.27
                ],
                [
                    0.0,
                    0.0,
                    0.0,
                    1.0
                ]
            ],
            "size": [
                0.52,
                1.16,
                0.6
            ]
        },
        "collider2": {
            "type": "Box",
            "collider2origin": [
                [
                    -0.30410451536799515,
                    -0.15102944939644217,
                    -0.9405905321380839,
                    -0.8829057342145818
                ],
                [
                    0.11785810535752439,
                    0.9738028251651298,
                    -0.19446728440009065,
                    1.0360557805298671
                ],
                [
                    0.9453200044082057,
                    -0.16999459731244,
                    -0.2783377914517716,
                    -0.05673264016834767
                ],
                [
                    0.0,
                    0.0,
                    0.0,
                    1.0
                ]
            ],
            "size": [
                0.06241,
                0.05638,
                0.02858
            ]
        },
        "distance": 0.0
    },
    {
        "case": 13,
        "collider1": {
            "type": "Box",
            "collider2origin": [
                [
                    0.907778172512869,
                    0.4194505805326725,
                    0.0,
                    -1.612083837096907
                ],
                [
                    -0.4194505805326725,
                    0.907778172512869,
                    0.0,
                    -0.24654756573714753
                ],
                [
                    0.0,
                    0.0,
                    1.0,
                    -0.040000000000000036
                ],
                [
                    0.0,
                    0.0,
                    0.0,
                    1.0
                ]
            ],
            "size": [
                2.0,
                2.0,
                2.0
            ]
        },
        "collider2": {
            "type": "Box",
            "collider2origin": [
                [
                    0.949884278308905,
                    -0.2228491839953754,
                    0.21922157515665774,
                    -0.8470781741405184
                ],
                [
                    -0.21714307870958638,
                    -0.9748529330827287,
                    -0.05010630926862766,
                    0.8981334976308086
                ],
                [
                    0.22487494567001728,
                    -7.252330728464287e-06,
                    -0.9743876326992815,
                    0.07393794897908923
                ],
                [
                    0.0,
                    0.0,
                    0.0,
                    1.0
                ]
            ],
            "size": [
                0.09102,
                0.10007,
                0.11882
            ]
        },
        "distance": 0.2991207717608405
    },
    {
        "case": 14,
        "collider1": {
            "type": "Box",
            "collider2origin": [
                [
                    0.907778172512869,
                    0.4194505805326725,
                    0.0,
                    -0.7418785952877999
                ],
                [
                    -0.4194505805326725,
                    0.907778172512869,
                    0.0,
                    1.2791466490804724
                ],
                [
                    0.0,
                    0.0,
                    1.0,
                    0.27
                ],
                [
                    0.0,
                    0.0,
                    0.0,
                    1.0
                ]
            ],
            "size": [
                0.52,
                1.16,
                0.6
            ]
        },
        "collider2": {
            "type": "Box",
            "collider2origin": [
                [
                    0.949884278308905,
                    -0.2228491839953754,
                    0.21922157515665774,
                    -0.8470781741405184
                ],
                [
                    -0.21714307870958638,
                    -0.9748529330827287,
                    -0.05010630926862766,
                    0.8981334976308086
                ],
                [
                    0.22487494567001728,
                    -7.252330728464287e-06,
                    -0.9743876326992815,
                    0.07393794897908923
                ],
                [
                    0.0,
                    0.0,
                    0.0,
                    1.0
                ]
            ],
            "size": [
                0.09102,
                0.10007,
                0.11882
            ]
        },
        "distance": 0.0
    },
    {
        "case": 15,
        "collider1": {
            "type": "Box",
            "collider2origin": [
                [
                    0.907778172512869,
                    0.4194505805326725,
                    0.0,
                    -1.612083837096907
                ],
                [
                    -0.4194505805326725,
                    0.907778172512869,
                    0.0,
                    -0.24654756573714753
                ],
                [
                    0.0,
                    0.0,
                    1.0,
                    -0.040000000000000036
                ],
                [
                    0.0,
                    0.0,
                    0.0,
                    1.0
                ]
            ],
            "size": [
                2.0,
                2.0,
                2.0
            ]
        },
        "collider2": {
            "type": "Box",
            "collider2origin": [
                [
                    0.908443821864582,
                    -0.4049288683109276,
                    -0.10374215211042769,
                    -0.8541933050749464
                ],
                [
                    0.4148057050950849,
                    0.903938466442843,
                    0.1040743767962623,
                    0.958100725410835
                ],
                [
                    0.05163380226790463,
                    -0.1375785611692186,
                    0.989144119918814,
                    -0.04585264373870057
                ],
                [
                    0.0,
                    0.0,
                    0.0,
                    1.0
                ]
            ],
            "size": [
                0.08993,
                0.0305,
                0.09007
            ]
        },
        "distance": 0.3651669520248824
    },
    {
        "case": 16,
        "collider1": {
            "type": "Box",
            "collider2origin": [
                [
                    0.907778172512869,
                    0.4194505805326725,
                    0.0,
                    -0.7418785952877999
                ],
                [
                    -0.4194505805326725,
                    0.907778172512869,
                    0.0,
                    1.2791466490804724
                ],
                [
                    0.0,
                    0.0,
                    1.0,
                    0.27
                ],
                [
                    0.0,
                    0.0,
                    0.0,
                    1.0
                ]
            ],
            "size": [
                0.52,
                1.16,
                0.6
            ]
        },
        "collider2": {
            "type": "Box",
            "collider2origin": [
                [
                    0.908443821864582,
                    -0.4049288683109276,
                    -0.10374215211042769,
                    -0.8541933050749464
                ],
                [
                    0.4148057050950849,
                    0.903938466442843,
                    0.1040743767962623,
                    0.958100725410835
                ],
                [
                    0.05163380226790463,
                    -0.1375785611692186,
                    0.989144119918814,
                    -0.04585264373870057
                ],
                [
                    0.0,
                    0.0,
                    0.0,
                    1.0
                ]
            ],
            "size": [
                0.08993,
                0.0305,
                0.09007
            ]
        },
        "distance": 0.0
    },
    {
        "case": 17,
        "collider1": {
            "type": "Box",
            "collider2origin": [
                [
                    0.907778172512869,
                    0.4194505805326725,
                    0.0,
                    -1.612083837096907
                ],
                [
                    -0.4194505805326725,
                    0.907778172512869,
                    0.0,
                    -0.24654756573714753
                ],
                [
                    0.0,
                    0.0,
                    1.0,
                    -0.040000000000000036
                ],
                [
                    0.0,
                    0.0,
                    0.0,
                    1.0
                ]
            ],
            "size": [
                2.0,
                2.0,
                2.0
            ]
        },
        "collider2": {
            "type": "Box",
            "collider2origin": [
                [
                    -0.8876798259151879,
                    -0.4049276819989164,
                    0.21922157515665777,
                    -0.8247223813717692
                ],
                [
                    -0.4247182954903485,
                    0.9039379001055603,
                    -0.05010630926862767,
                    0.8906618950766921
                ],
                [
                    -0.1778732586392762,
                    -0.13758577362407295,
                    -0.9743876326992814,
                    -0.03287245722302923
                ],
                [
                    0.0,
                    0.0,
                    0.0,
                    1.0
                ]
            ],
            "size": [
                0.09126,
                0.11887,
                0.10009
            ]
        },
        "distance": 0.2870092582163444
    },
    {
        "case": 18,
        "collider1": {
            "type": "Box",
            "collider2origin": [
                [
                    0.907778172512869,
                    0.4194505805326725,
                    0.0,
                    -0.7418785952877999
                ],
                [
                    -0.4194505805326725,
                    0.907778172512869,
                    0.0,
                    1.2791466490804724
                ],
                [
                    0.0,
                    0.0,
                    1.0,
                    0.27
                ],
                [
                    0.0,
                    0.0,
                    0.0,
                    1.0
                ]
            ],
            "size": [
                0.52,
                1.16,
                0.6
            ]
        },
        "collider2": {
            "type": "Box",
            "collider2origin": [
                [
                    -0.8876798259151879,
                    -0.4049276819989164,
                    0.21922157515665777,
                    -0.8247223813717692
                ],
                [
                    -0.4247182954903485,
                    0.9039379001055603,
                    -0.05010630926862767,
                    0.8906618950766921
                ],
                [
                    -0.1778732586392762,
                    -0.13758577362407295,
                    -0.9743876326992814,
                    -0.03287245722302923
                ],
                [
                    0.0,
                    0.0,
                    0.0,
                    1.0
                ]
            ],
            "size": [
                0.09126,
                0.11887,
                0.10009
            ]
        },
        "distance": 0.0
    }
]