[
    {
        "case": 0,
        "collider1": {
            "type": "Box",
            "collider2origin": [
                [
                    0.907778172512869,
                    0.4194505805326725,
                    0.0,
                    -1.612083837096907
                ],
                [
                    -0.4194505805326725,
                    0.907778172512869,
                    0.0,
                    -0.24654756573714753
                ],
                [
                    0.0,
                    0.0,
                    1.0,
                    -0.040000000000000036
                ],
                [
                    0.0,
                    0.0,
                    0.0,
                    1.0
                ]
            ],
            "size": [
                2.0,
                2.0,
                2.0
            ]
        },
        "collider2": {
            "type": "Box",
            "collider2origin": [
                [
                    0.5085980316286995,
                    -0.327516060457481,
                    -0.7962796445758386,
                    0.003925191769480363
                ],
                [
                    0.17629912325221156,
                    0.9448456118009626,
                    -0.2760170085356447,
                    0.8821003133147806
                ],
                [
                    0.8427613311987646,
                    -1.6959650320909774e-06,
                    0.5382874126646561,
                    0.05868608671405329
                ],
                [
                    0.0,
                    0.0,
                    0.0,
                    1.0
                ]
            ],
            "size": [
                0.15068,
                0.17726,
                0.74884
            ]
        },
        "distance": 0.3915530495435447
    },
    {
        "case": 1,
        "collider1": {
            "type": "Box",
            "collider2origin": [
                [
                    0.907778172512869,
                    0.4194505805326725,
                    0.0,
                    -0.7418785952877999
                ],
                [
                    -0.4194505805326725,
                    0.907778172512869,
                    0.0,
                    1.2791466490804724
                ],
                [
                    0.0,
                    0.0,
                    1.0,
                    0.27
                ],
                [
                    0.0,
                    0.0,
                    0.0,
                    1.0
                ]
            ],
            "size": [
                0.52,
                1.16,
                0.6
            ]
        },
        "collider2": {
            "type": "Box",
            "collider2origin": [
                [
                    0.5085980316286995,
                    -0.327516060457481,
                    -0.7962796445758386,
                    0.003925191769480363
                ],
                [
                    0.17629912325221156,
                    0.9448456118009626,
                    -0.2760170085356447,
                    0.8821003133147806
                ],
                [
                    0.8427613311987646,
                    -1.6959650320909774e-06,
                    0.5382874126646561,
                    0.05868608671405329
                ],
                [
                    0.0,
                    0.0,
                    0.0,
                    1.0
                ]
            ],
            "size": [
                0.15068,
                0.17726,
                0.74884
            ]
        },
        "distance": 0.2655776584038596
    },
    {
        "case": 2,
        "collider1": {
            "type": "Box",
            "collider2origin": [
                [
                    0.907778172512869,
                    0.4194505805326725,
                    0.0,
                    -1.612083837096907
                ],
                [
                    -0.4194505805326725,
                    0.907778172512869,
                    0.0,
                    -0.24654756573714753
                ],
                [
                    0.0,
                    0.0,
                    1.0,
                    -0.040000000000000036
                ],
                [
                    0.0,
                    0.0,
                    0.0,
                    1.0
                ]
            ],
            "size": [
                2.0,
                2.0,
                2.0
            ]
        },
        "collider2": {
            "type": "Box",
            "collider2origin": [
                [
                    0.5085980316286995,
                    -0.327516060457481,
                    -0.7962796445758386,
                    0.003925191769480363
                ],
                [
                    0.17629912325221156,
                    0.9448456118009626,
                    -0.2760170085356447,
                    0.8821003133147806
                ],
                [
                    0.8427613311987646,
                    -1.6959650320909774e-06,
                    0.5382874126646561,
                    0.05868608671405329
                ],
                [
                    0.0,
                    0.0,
                    0.0,
                    1.0
                ]
            ],
            "size": [
                0.15068,
                0.17726,
                0.74884
            ]
        },
        "distance": 0.3915530495435447
    },
    {
        "case": 3,
        "collider1": {
            "type": "Box",
            "collider2origin": [
                [
                    0.907778172512869,
                    0.4194505805326725,
                    0.0,
                    -0.7418785952877999
                ],
                [
                    -0.4194505805326725,
                    0.907778172512869,
                    0.0,
                    1.2791466490804724
                ],
                [
                    0.0,
                    0.0,
                    1.0,
                    0.27
                ],
                [
                    0.0,
                    0.0,
                    0.0,
                    1.0
                ]
            ],
            "size": [
                0.52,
                1.16,
                0.6
            ]
        },
        "collider2": {
            "type": "Box",
            "collider2origin": [
                [
                    0.5085980316286995,
                    -0.327516060457481,
                    -0.7962796445758386,
                    0.003925191769480363
                ],
                [
                    0.17629912325221156,
                    0.9448456118009626,
                    -0.2760170085356447,
                    0.8821003133147806
                ],
                [
                    0.8427613311987646,
                    -1.6959650320909774e-06,
                    0.5382874126646561,
                    0.05868608671405329
                ],
                [
                    0.0,
                    0.0,
                    0.0,
                    1.0
                ]
            ],
            "size": [
                0.15068,
                0.17726,
                0.74884
            ]
        },
        "distance": 0.2655776584038596
    },
    {
        "case": 4,
        "collider1": {
            "type": "Box",
            "collider2origin": [
                [
                    0.907778172512869,
                    0.4194505805326725,
                    0.0,
                    -1.612083837096907
                ],
                [
                    -0.4194505805326725,
                    0.907778172512869,
                    0.0,
                    -0.24654756573714753
                ],
                [
                    0.0,
                    0.0,
                    1.0,
                    -0.040000000000000036
                ],
                [
                    0.0,
                    0.0,
                    0.0,
                    1.0
                ]
            ],
            "size": [
                2.0,
                2.0,
                2.0
            ]
        },
        "collider2": {
            "type": "Box",
            "collider2origin": [
                [
                    0.2275192810324448,
                    -0.3275097670630562,
                    0.9170454346632899,
                    0.054005471789563914
                ],
                [
                    0.07886146384585478,
                    0.9448477932823496,
                    0.3178734292915391,
                    0.7657457834363999
                ],
                [
                    -0.9705750080640694,
                    -2.788701023435574e-06,
                    0.2407989902670997,
                    0.2943181835881732
                ],
                [
                    0.0,
                    0.0,
                    0.0,
                    1.0
                ]
            ],
            "size": [
                0.1202,
                0.13634,
                0.67816
            ]
        },
        "distance": 0.3303631438081003
    },
    {
        "case": 5,
        "collider1": {
            "type": "Box",
            "collider2origin": [
                [
                    0.907778172512869,
                    0.4194505805326725,
                    0.0,
                    -0.7418785952877999
                ],
                [
                    -0.4194505805326725,
                    0.907778172512869,
                    0.0,
                    1.2791466490804724
                ],
                [
                    0.0,
                    0.0,
                    1.0,
                    0.27
                ],
                [
                    0.0,
                    0.0,
                    0.0,
                    1.0
                ]
            ],
            "size": [
                0.52,
                1.16,
                0.6
            ]
        },
        "collider2": {
            "type": "Box",
            "collider2origin": [
                [
                    0.2275192810324448,
                    -0.3275097670630562,
                    0.9170454346632899,
                    0.054005471789563914
                ],
                [
                    0.07886146384585478,
                    0.9448477932823496,
                    0.3178734292915391,
                    0.7657457834363999
                ],
                [
                    -0.9705750080640694,
                    -2.788701023435574e-06,
                    0.2407989902670997,
                    0.2943181835881732
                ],
                [
                    0.0,
                    0.0,
                    0.0,
                    1.0
                ]
            ],
            "size": [
                0.1202,
                0.13634,
                0.67816
            ]
        },
        "distance": 0.3830583791171953
    }
]