[
    {
        "case": 0,
        "collider1": {
            "type": "Box",
            "collider2origin": [
                [
                    0.9077781725128689,
                    0.4194505805326724,
                    0.0,
                    0.4158817547107895
                ],
                [
                    -0.4194505805326724,
                    0.9077781725128689,
                    0.0,
                    0.733173894971941
                ],
                [
                    0.0,
                    0.0,
                    1.0,
                    -0.6599999999999999
                ],
                [
                    0.0,
                    0.0,
                    0.0,
                    1.0
                ]
            ],
            "size": [
                0.6,
                1.0,
                0.8
            ]
        },
        "collider2": {
            "type": "Box",
            "collider2origin": [
                [
                    0.563832630609556,
                    -0.05364155076266866,
                    0.8241452230594338,
                    1.1261505493252288
                ],
                [
                    0.030287142591834976,
                    0.9985602555826156,
                    0.04427307267858289,
                    0.8926520210305684
                ],
                [
                    -0.8253335408509276,
                    -1.599146352721161e-06,
                    0.5646455050240927,
                    -0.07189975914622915
                ],
                [
                    0.0,
                    0.0,
                    0.0,
                    1.0
                ]
            ],
            "size": [
                0.1202,
                0.13634,
                0.67816
            ]
        },
        "distance": 0.0
    },
    {
        "case": 1,
        "collider1": {
            "type": "Box",
            "collider2origin": [
                [
                    0.9077781725128689,
                    0.4194505805326724,
                    0.0,
                    0.4158817547107895
                ],
                [
                    -0.4194505805326724,
                    0.9077781725128689,
                    0.0,
                    0.733173894971941
                ],
                [
                    0.0,
                    0.0,
                    1.0,
                    -0.6599999999999999
                ],
                [
                    0.0,
                    0.0,
                    0.0,
                    1.0
                ]
            ],
            "size": [
                0.6,
                1.0,
                0.8
            ]
        },
        "collider2": {
            "type": "Box",
            "collider2origin": [
                [
                    -0.20815595691304076,
                    -0.05364099067815522,
                    0.9766236438468415,
                    0.5836151972868504
                ],
                [
                    -0.011186137980151542,
                    0.9985602856609921,
                    0.05246166426760454,
                    0.9900278106265409
                ],
                [
                    -0.9780316804269201,
                    -4.438907875250011e-06,
                    -0.20845630732024098,
                    -0.16513455418615952
                ],
                [
                    0.0,
                    0.0,
                    0.0,
                    1.0
                ]
            ],
            "size": [
                0.15068,
                0.17726,
                0.74884
            ]
        },
        "distance": 0.0
    },
    {
        "case": 2,
        "collider1": {
            "type": "Box",
            "collider2origin": [
                [
                    0.9077781725128689,
                    0.4194505805326724,
                    0.0,
                    0.27063700059322826
                ],
                [
                    -0.4194505805326724,
                    0.9077781725128689,
                    0.0,
                    0.8002854543438492
                ],
                [
                    0.0,
                    0.0,
                    1.0,
                    -0.25
                ],
                [
                    0.0,
                    0.0,
                    0.0,
                    1.0
                ]
            ],
            "size": [
                0.2,
                0.2,
                0.02
            ]
        },
        "collider2": {
            "type": "Box",
            "collider2origin": [
                [
                    -0.20815595691304076,
                    -0.05364099067815522,
                    0.9766236438468415,
                    0.5836151972868504
                ],
                [
                    -0.011186137980151542,
                    0.9985602856609921,
                    0.05246166426760454,
                    0.9900278106265409
                ],
                [
                    -0.9780316804269201,
                    -4.438907875250011e-06,
                    -0.20845630732024098,
                    -0.16513455418615952
                ],
                [
                    0.0,
                    0.0,
                    0.0,
                    1.0
                ]
            ],
            "size": [
                0.15068,
                0.17726,
                0.74884
            ]
        },
        "distance": 0.04995223860936944
    },
    {
        "case": 3,
        "collider1": {
            "type": "Box",
            "collider2origin": [
                [
                    0.907778172512869,
                    0.4194505805326725,
                    0.0,
                    0.9947946797881562
                ],
                [
                    -0.4194505805326725,
                    0.907778172512869,
                    0.0,
                    0.5317739604993647
                ],
                [
                    0.0,
                    0.0,
                    1.0,
                    -0.69
                ],
                [
                    0.0,
                    0.0,
                    0.0,
                    1.0
                ]
            ],
            "size": [
                0.6,
                1.2,
                0.75
            ]
        },
        "collider2": {
            "type": "Box",
            "collider2origin": [
                [
                    -0.20815595691304076,
                    -0.05364099067815522,
                    0.9766236438468415,
                    0.5836151972868504
                ],
                [
                    -0.011186137980151542,
                    0.9985602856609921,
                    0.05246166426760454,
                    0.9900278106265409
                ],
                [
                    -0.9780316804269201,
                    -4.438907875250011e-06,
                    -0.20845630732024098,
                    -0.16513455418615952
                ],
                [
                    0.0,
                    0.0,
                    0.0,
                    1.0
                ]
            ],
            "size": [
                0.15068,
                0.17726,
                0.74884
            ]
        },
        "distance": 0.0
    },
    {
        "case": 4,
        "collider1": {
            "type": "Box",
            "collider2origin": [
                [
                    0.9077781725128689,
                    0.4194505805326724,
                    0.0,
                    0.4158817547107895
                ],
                [
                    -0.4194505805326724,
                    0.9077781725128689,
                    0.0,
                    0.733173894971941
                ],
                [
                    0.0,
                    0.0,
                    1.0,
                    -0.6599999999999999
                ],
                [
                    0.0,
                    0.0,
                    0.0,
                    1.0
                ]
            ],
            "size": [
                0.6,
                1.0,
                0.8
            ]
        },
        "collider2": {
            "type": "Box",
            "collider2origin": [
                [
                    -0.20815595691304076,
                    -0.05364099067815522,
                    0.9766236438468415,
                    0.5836151972868504
                ],
                [
                    -0.011186137980151542,
                    0.9985602856609921,
                    0.05246166426760454,
                    0.9900278106265409
                ],
                [
                    -0.9780316804269201,
                    -4.438907875250011e-06,
                    -0.20845630732024098,
                    -0.16513455418615952
                ],
                [
                    0.0,
                    0.0,
                    0.0,
                    1.0
                ]
            ],
            "size": [
                0.15068,
                0.17726,
                0.74884
            ]
        },
        "distance": 0.0
    },
    {
        "case": 5,
        "collider1": {
            "type": "Box",
            "collider2origin": [
                [
                    0.9077781725128689,
                    0.4194505805326724,
                    0.0,
                    0.27063700059322826
                ],
                [
                    -0.4194505805326724,
                    0.9077781725128689,
                    0.0,
                    0.8002854543438492
                ],
                [
                    0.0,
                    0.0,
                    1.0,
                    -0.25
                ],
                [
                    0.0,
                    0.0,
                    0.0,
                    1.0
                ]
            ],
            "size": [
                0.2,
                0.2,
                0.02
            ]
        },
        "collider2": {
            "type": "Box",
            "collider2origin": [
                [
                    -0.20815595691304076,
                    -0.05364099067815522,
                    0.9766236438468415,
                    0.5836151972868504
                ],
                [
                    -0.011186137980151542,
                    0.9985602856609921,
                    0.05246166426760454,
                    0.9900278106265409
                ],
                [
                    -0.9780316804269201,
                    -4.438907875250011e-06,
                    -0.20845630732024098,
                    -0.16513455418615952
                ],
                [
                    0.0,
                    0.0,
                    0.0,
                    1.0
                ]
            ],
            "size": [
                0.15068,
                0.17726,
                0.74884
            ]
        },
        "distance": 0.04995223860936944
    },
    {
        "case": 6,
        "collider1": {
            "type": "Box",
            "collider2origin": [
                [
                    0.907778172512869,
                    0.4194505805326725,
                    0.0,
                    0.9947946797881562
                ],
                [
                    -0.4194505805326725,
                    0.907778172512869,
                    0.0,
                    0.5317739604993647
                ],
                [
                    0.0,
                    0.0,
                    1.0,
                    -0.69
                ],
                [
                    0.0,
                    0.0,
                    0.0,
                    1.0
                ]
            ],
            "size": [
                0.6,
                1.2,
                0.75
            ]
        },
        "collider2": {
            "type": "Box",
            "collider2origin": [
                [
                    -0.20815595691304076,
                    -0.05364099067815522,
                    0.9766236438468415,
                    0.5836151972868504
                ],
                [
                    -0.011186137980151542,
                    0.9985602856609921,
                    0.05246166426760454,
                    0.9900278106265409
                ],
                [
                    -0.9780316804269201,
                    -4.438907875250011e-06,
                    -0.20845630732024098,
                    -0.16513455418615952
                ],
                [
                    0.0,
                    0.0,
                    0.0,
                    1.0
                ]
            ],
            "size": [
                0.15068,
                0.17726,
                0.74884
            ]
        },
        "distance": 0.0
    }
]