[
    {
        "case": 0,
        "collider1": {
            "type": "Box",
            "collider2origin": [
                [
                    0.907778172512869,
                    0.4194505805326725,
                    0.0,
                    -1.612083837096907
                ],
                [
                    -0.4194505805326725,
                    0.907778172512869,
                    0.0,
                    -0.24654756573714753
                ],
                [
                    0.0,
                    0.0,
                    1.0,
                    -0.040000000000000036
                ],
                [
                    0.0,
                    0.0,
                    0.0,
                    1.0
                ]
            ],
            "size": [
                2.0,
                2.0,
                2.0
            ]
        },
        "collider2": {
            "type": "Box",
            "collider2origin": [
                [
                    -0.04025793616786305,
                    -0.7411224319100915,
                    -0.6701618009818048,
                    -0.03038035046511378
                ],
                [
                    0.04444570173707694,
                    -0.6713698987203323,
                    0.7397885094331689,
                    0.9047278476800081
                ],
                [
                    -0.9982003196616412,
                    -3.4529315405507307e-06,
                    0.05996767308704084,
                    -0.08461341804370814
                ],
                [
                    0.0,
                    0.0,
                    0.0,
                    1.0
                ]
            ],
            "size": [
                0.15068,
                0.17726,
                0.74884
            ]
        },
        "distance": 0.5450499510208796
    },
    {
        "case": 1,
        "collider1": {
            "type": "Box",
            "collider2origin": [
                [
                    0.9081427509232697,
                    -0.4186606548811531,
                    0.0,
                    -0.09474126814702305
                ],
                [
                    0.41866065488115317,
                    0.9081427509232698,
                    0.0,
                    1.368923948110301
                ],
                [
                    0.0,
                    0.0,
                    1.0,
                    -0.21500000000000008
                ],
                [
                    0.0,
                    0.0,
                    0.0,
                    1.0
                ]
            ],
            "size": [
                0.2,
                0.3,
                0.22
            ]
        },
        "collider2": {
            "type": "Box",
            "collider2origin": [
                [
                    -0.04025793616786305,
                    -0.7411224319100915,
                    -0.6701618009818048,
                    -0.03038035046511378
                ],
                [
                    0.04444570173707694,
                    -0.6713698987203323,
                    0.7397885094331689,
                    0.9047278476800081
                ],
                [
                    -0.9982003196616412,
                    -3.4529315405507307e-06,
                    0.05996767308704084,
                    -0.08461341804370814
                ],
                [
                    0.0,
                    0.0,
                    0.0,
                    1.0
                ]
            ],
            "size": [
                0.15068,
                0.17726,
                0.74884
            ]
        },
        "distance": 0.034992517180408196
    },
    {
        "case": 2,
        "collider1": {
            "type": "Box",
            "collider2origin": [
                [
                    0.9798474486812189,
                    -0.1997472836183421,
                    0.0,
                    -0.20628161272202655
                ],
                [
                    0.19974728361834207,
                    0.9798474486812188,
                    0.0,
                    1.335871448475788
                ],
                [
                    0.0,
                    0.0,
                    1.0,
                    -0.21500000000000008
                ],
                [
                    0.0,
                    0.0,
                    0.0,
                    1.0
                ]
            ],
            "size": [
                0.2,
                0.3,
                0.22
            ]
        },
        "collider2": {
            "type": "Box",
            "collider2origin": [
                [
                    -0.04025793616786305,
                    -0.7411224319100915,
                    -0.6701618009818048,
                    -0.03038035046511378
                ],
                [
                    0.04444570173707694,
                    -0.6713698987203323,
                    0.7397885094331689,
                    0.9047278476800081
                ],
                [
                    -0.9982003196616412,
                    -3.4529315405507307e-06,
                    0.05996767308704084,
                    -0.08461341804370814
                ],
                [
                    0.0,
                    0.0,
                    0.0,
                    1.0
                ]
            ],
            "size": [
                0.15068,
                0.17726,
                0.74884
            ]
        },
        "distance": 0.0
    },
    {
        "case": 3,
        "collider1": {
            "type": "Box",
            "collider2origin": [
                [
                    0.9984065575563776,
                    -0.05643000822632935,
                    0.0,
                    -0.3111399560290343
                ],
                [
                    0.05643000822632935,
                    0.9984065575563776,
                    0.0,
                    1.3240986306775833
                ],
                [
                    0.0,
                    0.0,
                    1.0,
                    -0.21500000000000008
                ],
                [
                    0.0,
                    0.0,
                    0.0,
                    1.0
                ]
            ],
            "size": [
                0.2,
                0.3,
                0.22
            ]
        },
        "collider2": {
            "type": "Box",
            "collider2origin": [
                [
                    -0.04025793616786305,
                    -0.7411224319100915,
                    -0.6701618009818048,
                    -0.03038035046511378
                ],
                [
                    0.04444570173707694,
                    -0.6713698987203323,
                    0.7397885094331689,
                    0.9047278476800081
                ],
                [
                    -0.9982003196616412,
                    -3.4529315405507307e-06,
                    0.05996767308704084,
                    -0.08461341804370814
                ],
                [
                    0.0,
                    0.0,
                    0.0,
                    1.0
                ]
            ],
            "size": [
                0.15068,
                0.17726,
                0.74884
            ]
        },
        "distance": 0.0
    },
    {
        "case": 4,
        "collider1": {
            "type": "Box",
            "collider2origin": [
                [
                    0.9997288002091077,
                    0.023287894547555033,
                    0.0,
                    -0.42010216954734814
                ],
                [
                    -0.02328789454755501,
                    0.9997288002091077,
                    0.0,
                    1.3190360102899432
                ],
                [
                    0.0,
                    0.0,
                    1.0,
                    -0.21500000000000008
                ],
                [
                    0.0,
                    0.0,
                    0.0,
                    1.0
                ]
            ],
            "size": [
                0.2,
                0.3,
                0.22
            ]
        },
        "collider2": {
            "type": "Box",
            "collider2origin": [
                [
                    -0.04025793616786305,
                    -0.7411224319100915,
                    -0.6701618009818048,
                    -0.03038035046511378
                ],
                [
                    0.04444570173707694,
                    -0.6713698987203323,
                    0.7397885094331689,
                    0.9047278476800081
                ],
                [
                    -0.9982003196616412,
                    -3.4529315405507307e-06,
                    0.05996767308704084,
                    -0.08461341804370814
                ],
                [
                    0.0,
                    0.0,
                    0.0,
                    1.0
                ]
            ],
            "size": [
                0.15068,
                0.17726,
                0.74884
            ]
        },
        "distance": 0.01279874538481356
    },
    {
        "case": 5,
        "collider1": {
            "type": "Box",
            "collider2origin": [
                [
                    0.907778172512869,
                    0.4194505805326725,
                    0.0,
                    -0.7418785952877999
                ],
                [
                    -0.4194505805326725,
                    0.907778172512869,
                    0.0,
                    1.2791466490804724
                ],
                [
                    0.0,
                    0.0,
                    1.0,
                    0.27
                ],
                [
                    0.0,
                    0.0,
                    0.0,
                    1.0
                ]
            ],
            "size": [
                0.52,
                1.16,
                0.6
            ]
        },
        "collider2": {
            "type": "Box",
            "collider2origin": [
                [
                    -0.04025793616786305,
                    -0.7411224319100915,
                    -0.6701618009818048,
                    -0.03038035046511378
                ],
                [
                    0.04444570173707694,
                    -0.6713698987203323,
                    0.7397885094331689,
                    0.9047278476800081
                ],
                [
                    -0.9982003196616412,
                    -3.4529315405507307e-06,
                    0.05996767308704084,
                    -0.08461341804370814
                ],
                [
                    0.0,
                    0.0,
                    0.0,
                    1.0
                ]
            ],
            "size": [
                0.15068,
                0.17726,
                0.74884
            ]
        },
        "distance": 0.16582256471034004
    },
    {
        "case": 6,
        "collider1": {
            "type": "Cylinder",
            "collider2origin": [
                [
                    0.907778172512869,
                    0.4194505805326725,
                    0.0,
                    -0.07232761537572224
                ],
                [
                    -0.4194505805326725,
                    0.907778172512869,
                    0.0,
                    1.2000044650142188
                ],
                [
                    0.0,
                    0.0,
                    1.0,
                    -0.5800000000000001
                ],
                [
                    0.0,
                    0.0,
                    0.0,
                    1.0
                ]
            ],
            "radius": 0.04,
            "height": 0.96
        },
        "collider2": {
            "type": "Box",
            "collider2origin": [
                [
                    -0.04025793616786305,
                    -0.7411224319100915,
                    -0.6701618009818048,
                    -0.03038035046511378
                ],
                [
                    0.04444570173707694,
                    -0.6713698987203323,
                    0.7397885094331689,
                    0.9047278476800081
                ],
                [
                    -0.9982003196616412,
                    -3.4529315405507307e-06,
                    0.05996767308704084,
                    -0.08461341804370814
                ],
                [
                    0.0,
                    0.0,
                    0.0,
                    1.0
                ]
            ],
            "size": [
                0.15068,
                0.17726,
                0.74884
            ]
        },
        "distance": 0.03852156431698842
    },
    {
        "case": 7,
        "collider1": {
            "type": "Box",
            "collider2origin": [
                [
                    0.907778172512869,
                    0.4194505805326725,
                    0.0,
                    -1.612083837096907
                ],
                [
                    -0.4194505805326725,
                    0.907778172512869,
                    0.0,
                    -0.24654756573714753
                ],
                [
                    0.0,
                    0.0,
                    1.0,
                    -0.040000000000000036
                ],
                [
                    0.0,
                    0.0,
                    0.0,
                    1.0
                ]
            ],
            "size": [
                2.0,
                2.0,
                2.0
            ]
        },
        "collider2": {
            "type": "Box",
            "collider2origin": [
                [
                    -0.04025793616786305,
                    -0.7411224319100915,
                    -0.6701618009818048,
                    -0.03038035046511378
                ],
                [
                    0.04444570173707694,
                    -0.6713698987203323,
                    0.7397885094331689,
                    0.9047278476800081
                ],
                [
                    -0.9982003196616412,
                    -3.4529315405507307e-06,
                    0.05996767308704084,
                    -0.08461341804370814
                ],
                [
                    0.0,
                    0.0,
                    0.0,
                    1.0
                ]
            ],
            "size": [
                0.15068,
                0.17726,
                0.74884
            ]
        },
        "distance": 0.5450499510208796
    },
    {
        "case": 8,
        "collider1": {
            "type": "Box",
            "collider2origin": [
                [
                    0.9081427509232697,
                    -0.4186606548811531,
                    0.0,
                    -0.09474126814702305
                ],
                [
                    0.41866065488115317,
                    0.9081427509232698,
                    0.0,
                    1.368923948110301
                ],
                [
                    0.0,
                    0.0,
                    1.0,
                    -0.21500000000000008
                ],
                [
                    0.0,
                    0.0,
                    0.0,
                    1.0
                ]
            ],
            "size": [
                0.2,
                0.3,
                0.22
            ]
        },
        "collider2": {
            "type": "Box",
            "collider2origin": [
                [
                    -0.04025793616786305,
                    -0.7411224319100915,
                    -0.6701618009818048,
                    -0.03038035046511378
                ],
                [
                    0.04444570173707694,
                    -0.6713698987203323,
                    0.7397885094331689,
                    0.9047278476800081
                ],
                [
                    -0.9982003196616412,
                    -3.4529315405507307e-06,
                    0.05996767308704084,
                    -0.08461341804370814
                ],
                [
                    0.0,
                    0.0,
                    0.0,
                    1.0
                ]
            ],
            "size": [
                0.15068,
                0.17726,
                0.74884
            ]
        },
        "distance": 0.034992517180408196
    },
    {
        "case": 9,
        "collider1": {
            "type": "Box",
            "collider2origin": [
                [
                    0.9798474486812189,
                    -0.1997472836183421,
                    0.0,
                    -0.20628161272202655
                ],
                [
                    0.19974728361834207,
                    0.9798474486812188,
                    0.0,
                    1.335871448475788
                ],
                [
                    0.0,
                    0.0,
                    1.0,
                    -0.21500000000000008
                ],
                [
                    0.0,
                    0.0,
                    0.0,
                    1.0
                ]
            ],
            "size": [
                0.2,
                0.3,
                0.22
            ]
        },
        "collider2": {
            "type": "Box",
            "collider2origin": [
                [
                    -0.04025793616786305,
                    -0.7411224319100915,
                    -0.6701618009818048,
                    -0.03038035046511378
                ],
                [
                    0.04444570173707694,
                    -0.6713698987203323,
                    0.7397885094331689,
                    0.9047278476800081
                ],
                [
                    -0.9982003196616412,
                    -3.4529315405507307e-06,
                    0.05996767308704084,
                    -0.08461341804370814
                ],
                [
                    0.0,
                    0.0,
                    0.0,
                    1.0
                ]
            ],
            "size": [
                0.15068,
                0.17726,
                0.74884
            ]
        },
        "distance": 0.0
    },
    {
        "case": 10,
        "collider1": {
            "type": "Box",
            "collider2origin": [
                [
                    0.9984065575563776,
                    -0.05643000822632935,
                    0.0,
                    -0.3111399560290343
                ],
                [
                    0.05643000822632935,
                    0.9984065575563776,
                    0.0,
                    1.3240986306775833
                ],
                [
                    0.0,
                    0.0,
                    1.0,
                    -0.21500000000000008
                ],
                [
                    0.0,
                    0.0,
                    0.0,
                    1.0
                ]
            ],
            "size": [
                0.2,
                0.3,
                0.22
            ]
        },
        "collider2": {
            "type": "Box",
            "collider2origin": [
                [
                    -0.04025793616786305,
                    -0.7411224319100915,
                    -0.6701618009818048,
                    -0.03038035046511378
                ],
                [
                    0.04444570173707694,
                    -0.6713698987203323,
                    0.7397885094331689,
                    0.9047278476800081
                ],
                [
                    -0.9982003196616412,
                    -3.4529315405507307e-06,
                    0.05996767308704084,
                    -0.08461341804370814
                ],
                [
                    0.0,
                    0.0,
                    0.0,
                    1.0
                ]
            ],
            "size": [
                0.15068,
                0.17726,
                0.74884
            ]
        },
        "distance": 0.0
    },
    {
        "case": 11,
        "collider1": {
            "type": "Box",
            "collider2origin": [
                [
                    0.9997288002091077,
                    0.023287894547555033,
                    0.0,
                    -0.42010216954734814
                ],
                [
                    -0.02328789454755501,
                    0.9997288002091077,
                    0.0,
                    1.3190360102899432
                ],
                [
                    0.0,
                    0.0,
                    1.0,
                    -0.21500000000000008
                ],
                [
                    0.0,
                    0.0,
                    0.0,
                    1.0
                ]
            ],
            "size": [
                0.2,
                0.3,
                0.22
            ]
        },
        "collider2": {
            "type": "Box",
            "collider2origin": [
                [
                    -0.04025793616786305,
                    -0.7411224319100915,
                    -0.6701618009818048,
                    -0.03038035046511378
                ],
                [
                    0.04444570173707694,
                    -0.6713698987203323,
                    0.7397885094331689,
                    0.9047278476800081
                ],
                [
                    -0.9982003196616412,
                    -3.4529315405507307e-06,
                    0.05996767308704084,
                    -0.08461341804370814
                ],
                [
                    0.0,
                    0.0,
                    0.0,
                    1.0
                ]
            ],
            "size": [
                0.15068,
                0.17726,
                0.74884
            ]
        },
        "distance": 0.01279874538481356
    },
    {
        "case": 12,
        "collider1": {
            "type": "Box",
            "collider2origin": [
                [
                    0.907778172512869,
                    0.4194505805326725,
                    0.0,
                    -0.7418785952877999
                ],
                [
                    -0.4194505805326725,
                    0.907778172512869,
                    0.0,
                    1.2791466490804724
                ],
                [
                    0.0,
                    0.0,
                    1.0,
                    0.27
                ],
                [
                    0.0,
                    0.0,
                    0.0,
                    1.0
                ]
            ],
            "size": [
                0.52,
                1.16,
                0.6
            ]
        },
        "collider2": {
            "type": "Box",
            "collider2origin": [
                [
                    -0.04025793616786305,
                    -0.7411224319100915,
                    -0.6701618009818048,
                    -0.03038035046511378
                ],
                [
                    0.04444570173707694,
                    -0.6713698987203323,
                    0.7397885094331689,
                    0.9047278476800081
                ],
                [
                    -0.9982003196616412,
                    -3.4529315405507307e-06,
                    0.05996767308704084,
                    -0.08461341804370814
                ],
                [
                    0.0,
                    0.0,
                    0.0,
                    1.0
                ]
            ],
            "size": [
                0.15068,
                0.17726,
                0.74884
            ]
        },
        "distance": 0.16582256471034004
    },
    {
        "case": 13,
        "collider1": {
            "type": "Cylinder",
            "collider2origin": [
                [
                    0.907778172512869,
                    0.4194505805326725,
                    0.0,
                    -0.07232761537572224
                ],
                [
                    -0.4194505805326725,
                    0.907778172512869,
                    0.0,
                    1.2000044650142188
                ],
                [
                    0.0,
                    0.0,
                    1.0,
                    -0.5800000000000001
                ],
                [
                    0.0,
                    0.0,
                    0.0,
                    1.0
                ]
            ],
            "radius": 0.04,
            "height": 0.96
        },
        "collider2": {
            "type": "Box",
            "collider2origin": [
                [
                    -0.04025793616786305,
                    -0.7411224319100915,
                    -0.6701618009818048,
                    -0.03038035046511378
                ],
                [
                    0.04444570173707694,
                    -0.6713698987203323,
                    0.7397885094331689,
                    0.9047278476800081
                ],
                [
                    -0.9982003196616412,
                    -3.4529315405507307e-06,
                    0.05996767308704084,
                    -0.08461341804370814
                ],
                [
                    0.0,
                    0.0,
                    0.0,
                    1.0
                ]
            ],
            "size": [
                0.15068,
                0.17726,
                0.74884
            ]
        },
        "distance": 0.03852156431698842
    },
    {
        "case": 14,
        "collider1": {
            "type": "Box",
            "collider2origin": [
                [
                    0.8404842512412337,
                    -0.5418359746412772,
                    0.0,
                    0.011439976095501792
                ],
                [
                    0.5418359746412771,
                    0.8404842512412338,
                    0.0,
                    1.4325762997644957
                ],
                [
                    0.0,
                    0.0,
                    1.0,
                    -0.21500000000000008
                ],
                [
                    0.0,
                    0.0,
                    0.0,
                    1.0
                ]
            ],
            "size": [
                0.2,
                0.3,
                0.22
            ]
        },
        "collider2": {
            "type": "Box",
            "collider2origin": [
                [
                    -0.4584155725808778,
                    -0.7411181685283915,
                    0.4905089429281272,
                    -0.008298105020078939
                ],
                [
                    0.5060353128879352,
                    -0.6713746050274504,
                    -0.5414650513510957,
                    1.0685320196985983
                ],
                [
                    0.730604835000259,
                    -1.165138681583466e-06,
                    0.6828005382781173,
                    0.12539784814964205
                ],
                [
                    0.0,
                    0.0,
                    0.0,
                    1.0
                ]
            ],
            "size": [
                0.1202,
                0.13634,
                0.67816
            ]
        },
        "distance": 0.07129928098372605
    },
    {
        "case": 15,
        "collider1": {
            "type": "Box",
            "collider2origin": [
                [
                    0.9081427509232697,
                    -0.4186606548811531,
                    0.0,
                    -0.09474126814702305
                ],
                [
                    0.41866065488115317,
                    0.9081427509232698,
                    0.0,
                    1.368923948110301
                ],
                [
                    0.0,
                    0.0,
                    1.0,
                    -0.21500000000000008
                ],
                [
                    0.0,
                    0.0,
                    0.0,
                    1.0
                ]
            ],
            "size": [
                0.2,
                0.3,
                0.22
            ]
        },
        "collider2": {
            "type": "Box",
            "collider2origin": [
                [
                    -0.4584155725808778,
                    -0.7411181685283915,
                    0.4905089429281272,
                    -0.008298105020078939
                ],
                [
                    0.5060353128879352,
                    -0.6713746050274504,
                    -0.5414650513510957,
                    1.0685320196985983
                ],
                [
                    0.730604835000259,
                    -1.165138681583466e-06,
                    0.6828005382781173,
                    0.12539784814964205
                ],
                [
                    0.0,
                    0.0,
                    0.0,
                    1.0
                ]
            ],
            "size": [
                0.1202,
                0.13634,
                0.67816
            ]
        },
        "distance": 0.0
    },
    {
        "case": 16,
        "collider1": {
            "type": "Box",
            "collider2origin": [
                [
                    0.9798474486812189,
                    -0.1997472836183421,
                    0.0,
                    -0.20628161272202655
                ],
                [
                    0.19974728361834207,
                    0.9798474486812188,
                    0.0,
                    1.335871448475788
                ],
                [
                    0.0,
                    0.0,
                    1.0,
                    -0.21500000000000008
                ],
                [
                    0.0,
                    0.0,
                    0.0,
                    1.0
                ]
            ],
            "size": [
                0.2,
                0.3,
                0.22
            ]
        },
        "collider2": {
            "type": "Box",
            "collider2origin": [
                [
                    -0.4584155725808778,
                    -0.7411181685283915,
                    0.4905089429281272,
                    -0.008298105020078939
                ],
                [
                    0.5060353128879352,
                    -0.6713746050274504,
                    -0.5414650513510957,
                    1.0685320196985983
                ],
                [
                    0.730604835000259,
                    -1.165138681583466e-06,
                    0.6828005382781173,
                    0.12539784814964205
                ],
                [
                    0.0,
                    0.0,
                    0.0,
                    1.0
                ]
            ],
            "size": [
                0.1202,
                0.13634,
                0.67816
            ]
        },
        "distance": 0.0
    },
    {
        "case": 17,
        "collider1": {
            "type": "Box",
            "collider2origin": [
                [
                    0.9984065575563776,
                    -0.05643000822632935,
                    0.0,
                    -0.3111399560290343
                ],
                [
                    0.05643000822632935,
                    0.9984065575563776,
                    0.0,
                    1.3240986306775833
                ],
                [
                    0.0,
                    0.0,
                    1.0,
                    -0.21500000000000008
                ],
                [
                    0.0,
                    0.0,
                    0.0,
                    1.0
                ]
            ],
            "size": [
                0.2,
                0.3,
                0.22
            ]
        },
        "collider2": {
            "type": "Box",
            "collider2origin": [
                [
                    -0.4584155725808778,
                    -0.7411181685283915,
                    0.4905089429281272,
                    -0.008298105020078939
                ],
                [
                    0.5060353128879352,
                    -0.6713746050274504,
                    -0.5414650513510957,
                    1.0685320196985983
                ],
                [
                    0.730604835000259,
                    -1.165138681583466e-06,
                    0.6828005382781173,
                    0.12539784814964205
                ],
                [
                    0.0,
                    0.0,
                    0.0,
                    1.0
                ]
            ],
            "size": [
                0.1202,
                0.13634,
                0.67816
            ]
        },
        "distance": 0.0
    },
    {
        "case": 18,
        "collider1": {
            "type": "Cylinder",
            "collider2origin": [
                [
                    0.907778172512869,
                    0.4194505805326725,
                    0.0,
                    -0.07232761537572224
                ],
                [
                    -0.4194505805326725,
                    0.907778172512869,
                    0.0,
                    1.2000044650142188
                ],
                [
                    0.0,
                    0.0,
                    1.0,
                    -0.5800000000000001
                ],
                [
                    0.0,
                    0.0,
                    0.0,
                    1.0
                ]
            ],
            "radius": 0.04,
            "height": 0.96
        },
        "collider2": {
            "type": "Box",
            "collider2origin": [
                [
                    -0.4584155725808778,
                    -0.7411181685283915,
                    0.4905089429281272,
                    -0.008298105020078939
                ],
                [
                    0.5060353128879352,
                    -0.6713746050274504,
                    -0.5414650513510957,
                    1.0685320196985983
                ],
                [
                    0.730604835000259,
                    -1.165138681583466e-06,
                    0.6828005382781173,
                    0.12539784814964205
                ],
                [
                    0.0,
                    0.0,
                    0.0,
                    1.0
                ]
            ],
            "size": [
                0.1202,
                0.13634,
                0.67816
            ]
        },
        "distance": 0.0
    }
]