[
    {
        "case": 0,
        "collider1": {
            "type": "Box",
            "collider2origin": [
                [
                    1.0,
                    0.0,
                    0.0,
                    0.35
                ],
                [
                    0.0,
                    1.0,
                    0.0,
                    -0.34649
                ],
                [
                    0.0,
                    0.0,
                    1.0,
                    -0.54511
                ],
                [
                    0.0,
                    0.0,
                    0.0,
                    1.0
                ]
            ],
            "size": [
                0.7,
                0.7,
                1.1
            ]
        },
        "collider2": {
            "type": "Box",
            "collider2origin": [
                [
                    -0.5875886575431506,
                    -0.4670668062973445,
                    0.6607481880276604,
                    0.09517614451092019
                ],
                [
                    0.7395800528006206,
                    -0.6412873646711461,
                    0.2043816562526286,
                    -0.03851575220672143
                ],
                [
                    0.3282695767598162,
                    0.6087685228133393,
                    0.7222464749693107,
                    -0.37949314106833165
                ],
                [
                    0.0,
                    0.0,
                    0.0,
                    1.0
                ]
            ],
            "size": [
                0.08993,
                0.0305,
                0.09007
            ]
        },
        "distance": 0.0
    },
    {
        "case": 1,
        "collider1": {
            "type": "Box",
            "collider2origin": [
                [
                    0.9077781725128689,
                    0.4194505805326724,
                    0.0,
                    0.4158817547107895
                ],
                [
                    -0.4194505805326724,
                    0.9077781725128689,
                    0.0,
                    0.733173894971941
                ],
                [
                    0.0,
                    0.0,
                    1.0,
                    -0.6599999999999999
                ],
                [
                    0.0,
                    0.0,
                    0.0,
                    1.0
                ]
            ],
            "size": [
                0.6,
                1.0,
                0.8
            ]
        },
        "collider2": {
            "type": "Box",
            "collider2origin": [
                [
                    -0.0051832607809193946,
                    -0.9999746282164369,
                    -0.004886382207279865,
                    0.13496547920194266
                ],
                [
                    -0.7270082793128111,
                    0.00712340390233568,
                    -0.6865917410859744,
                    0.08834228432516267
                ],
                [
                    0.686609128703007,
                    -6.343723494812515e-06,
                    -0.7270267562761734,
                    -0.34486713385073053
                ],
                [
                    0.0,
                    0.0,
                    0.0,
                    1.0
                ]
            ],
            "size": [
                0.09102,
                0.10007,
                0.11882
            ]
        },
        "distance": 0.11524718714440259
    },
    {
        "case": 2,
        "collider1": {
            "type": "Box",
            "collider2origin": [
                [
                    1.0,
                    0.0,
                    0.0,
                    0.35
                ],
                [
                    0.0,
                    1.0,
                    0.0,
                    -0.34649
                ],
                [
                    0.0,
                    0.0,
                    1.0,
                    -0.54511
                ],
                [
                    0.0,
                    0.0,
                    0.0,
                    1.0
                ]
            ],
            "size": [
                0.7,
                0.7,
                1.1
            ]
        },
        "collider2": {
            "type": "Cylinder",
            "collider2origin": [
                [
                    0.9986500374050092,
                    0.051865316689373574,
                    0.002844594115821599,
                    0.0770335903345146
                ],
                [
                    0.01565062773002602,
                    -0.3526626134940919,
                    0.9356196550389334,
                    -0.1485030769916893
                ],
                [
                    0.0495293917046125,
                    -0.9343120838179434,
                    -0.35299825692082837,
                    -0.29482699999913364
                ],
                [
                    0.0,
                    0.0,
                    0.0,
                    1.0
                ]
            ],
            "radius": 0.01271,
            "height": 0.05982
        },
        "distance": 0.0
    },
    {
        "case": 3,
        "collider1": {
            "type": "Box",
            "collider2origin": [
                [
                    1.0,
                    0.0,
                    0.0,
                    0.35
                ],
                [
                    0.0,
                    1.0,
                    0.0,
                    -0.34649
                ],
                [
                    0.0,
                    0.0,
                    1.0,
                    -0.54511
                ],
                [
                    0.0,
                    0.0,
                    0.0,
                    1.0
                ]
            ],
            "size": [
                0.7,
                0.7,
                1.1
            ]
        },
        "collider2": {
            "type": "Cylinder",
            "collider2origin": [
                [
                    0.9993959744328669,
                    0.0048755649141037,
                    0.034408068154835166,
                    0.07566162035538415
                ],
                [
                    -0.029047617728211534,
                    -0.4263159552415452,
                    0.9041078155899352,
                    -0.16277879500124448
                ],
                [
                    0.019076744787702153,
                    -0.9045611837644022,
                    -0.4259168259590688,
                    -0.29104894842616214
                ],
                [
                    0.0,
                    0.0,
                    0.0,
                    1.0
                ]
            ],
            "radius": 0.01169,
            "height": 0.05502
        },
        "distance": 0.0
    },
    {
        "case": 4,
        "collider1": {
            "type": "Box",
            "collider2origin": [
                [
                    1.0,
                    0.0,
                    0.0,
                    0.35
                ],
                [
                    0.0,
                    1.0,
                    0.0,
                    -0.34649
                ],
                [
                    0.0,
                    0.0,
                    1.0,
                    -0.54511
                ],
                [
                    0.0,
                    0.0,
                    0.0,
                    1.0
                ]
            ],
            "size": [
                0.7,
                0.7,
                1.1
            ]
        },
        "collider2": {
            "type": "Box",
            "collider2origin": [
                [
                    0.8842072368794388,
                    -0.46706925130964494,
                    -0.004886382207279865,
                    0.12948514301991262
                ],
                [
                    -0.34254649240167195,
                    -0.641290637399176,
                    -0.6865917410859744,
                    0.011744124825335822
                ],
                [
                    0.3175522993041292,
                    0.6087631993355102,
                    -0.7270267562761734,
                    -0.42289939631969686
                ],
                [
                    0.0,
                    0.0,
                    0.0,
                    1.0
                ]
            ],
            "size": [
                0.09126,
                0.11887,
                0.10009
            ]
        },
        "distance": 0.0
    },
    {
        "case": 5,
        "collider1": {
            "type": "Box",
            "collider2origin": [
                [
                    1.0,
                    0.0,
                    0.0,
                    0.35
                ],
                [
                    0.0,
                    1.0,
                    0.0,
                    -0.34649
                ],
                [
                    0.0,
                    0.0,
                    1.0,
                    -0.54511
                ],
                [
                    0.0,
                    0.0,
                    0.0,
                    1.0
                ]
            ],
            "size": [
                0.7,
                0.7,
                1.1
            ]
        },
        "collider2": {
            "type": "Cylinder",
            "collider2origin": [
                [
                    0.5459608346720937,
                    0.686036953571838,
                    0.4809158609757237,
                    -0.012004464556024719
                ],
                [
                    0.12695344909563802,
                    -0.6351291726543539,
                    0.7619014081927636,
                    -0.14056859425694834
                ],
                [
                    0.8281362138965253,
                    -0.35491440147909836,
                    -0.43385041068997626,
                    -0.27707519357080557
                ],
                [
                    0.0,
                    0.0,
                    0.0,
                    1.0
                ]
            ],
            "radius": 0.00783,
            "height": 0.03683
        },
        "distance": 0.0
    },
    {
        "case": 6,
        "collider1": {
            "type": "Box",
            "collider2origin": [
                [
                    1.0,
                    0.0,
                    0.0,
                    0.35
                ],
                [
                    0.0,
                    1.0,
                    0.0,
                    -0.34649
                ],
                [
                    0.0,
                    0.0,
                    1.0,
                    -0.54511
                ],
                [
                    0.0,
                    0.0,
                    0.0,
                    1.0
                ]
            ],
            "size": [
                0.7,
                0.7,
                1.1
            ]
        },
        "collider2": {
            "type": "Sphere",
            "collider2origin": [
                [
                    1.0,
                    0.0,
                    0.0,
                    0.07428501262995033
                ],
                [
                    0.0,
                    1.0,
                    0.0,
                    -0.18324060559334432
                ],
                [
                    0.0,
                    0.0,
                    1.0,
                    -0.28135657211984244
                ],
                [
                    0.0,
                    0.0,
                    0.0,
                    1.0
                ]
            ],
            "radius": 0.01051
        },
        "distance": 0.0
    },
    {
        "case": 7,
        "collider1": {
            "type": "Box",
            "collider2origin": [
                [
                    1.0,
                    0.0,
                    0.0,
                    0.35
                ],
                [
                    0.0,
                    1.0,
                    0.0,
                    -0.34649
                ],
                [
                    0.0,
                    0.0,
                    1.0,
                    -0.54511
                ],
                [
                    0.0,
                    0.0,
                    0.0,
                    1.0
                ]
            ],
            "size": [
                0.7,
                0.7,
                1.1
            ]
        },
        "collider2": {
            "type": "Sphere",
            "collider2origin": [
                [
                    1.0,
                    0.0,
                    0.0,
                    -0.0055680324952143145
                ],
                [
                    0.0,
                    1.0,
                    0.0,
                    -0.188998008278062
                ],
                [
                    0.0,
                    0.0,
                    1.0,
                    -0.2379178080517994
                ],
                [
                    0.0,
                    0.0,
                    0.0,
                    1.0
                ]
            ],
            "radius": 0.00563
        },
        "distance": 0.0
    },
    {
        "case": 8,
        "collider1": {
            "type": "Box",
            "collider2origin": [
                [
                    1.0,
                    0.0,
                    0.0,
                    0.35
                ],
                [
                    0.0,
                    1.0,
                    0.0,
                    -0.34649
                ],
                [
                    0.0,
                    0.0,
                    1.0,
                    -0.54511
                ],
                [
                    0.0,
                    0.0,
                    0.0,
                    1.0
                ]
            ],
            "size": [
                0.7,
                0.7,
                1.1
            ]
        },
        "collider2": {
            "type": "Cylinder",
            "collider2origin": [
                [
                    0.6607492936900884,
                    0.7503024351985013,
                    0.021368823628049774,
                    -0.006535849481489775
                ],
                [
                    0.20438078765938492,
                    -0.2072339013012324,
                    0.9567040314471343,
                    -0.1688667650983947
                ],
                [
                    0.7222457092456678,
                    -0.6277741360446991,
                    -0.29027705660205516,
                    -0.24272918813678235
                ],
                [
                    0.0,
                    0.0,
                    0.0,
                    1.0
                ]
            ],
            "radius": 0.00813,
            "height": 0.03824
        },
        "distance": 0.0
    },
    {
        "case": 9,
        "collider1": {
            "type": "Box",
            "collider2origin": [
                [
                    1.0,
                    0.0,
                    0.0,
                    0.35
                ],
                [
                    0.0,
                    1.0,
                    0.0,
                    -0.34649
                ],
                [
                    0.0,
                    0.0,
                    1.0,
                    -0.54511
                ],
                [
                    0.0,
                    0.0,
                    0.0,
                    1.0
                ]
            ],
            "size": [
                0.7,
                0.7,
                1.1
            ]
        },
        "collider2": {
            "type": "Cylinder",
            "collider2origin": [
                [
                    0.7645883947382581,
                    0.5322339364086672,
                    0.36349913832979963,
                    -0.003551139888630872
                ],
                [
                    0.26088259441509093,
                    -0.7712848841206122,
                    0.5805686001312025,
                    -0.12703757026567508
                ],
                [
                    0.5893597021877414,
                    -0.34906541573462574,
                    -0.7285660416017128,
                    -0.21057877079924303
                ],
                [
                    0.0,
                    0.0,
                    0.0,
                    1.0
                ]
            ],
            "radius": 0.00796,
            "height": 0.03037
        },
        "distance": 0.0
    },
    {
        "case": 10,
        "collider1": {
            "type": "Box",
            "collider2origin": [
                [
                    1.0,
                    0.0,
                    0.0,
                    0.35
                ],
                [
                    0.0,
                    1.0,
                    0.0,
                    -0.34649
                ],
                [
                    0.0,
                    0.0,
                    1.0,
                    -0.54511
                ],
                [
                    0.0,
                    0.0,
                    0.0,
                    1.0
                ]
            ],
            "size": [
                0.7,
                0.7,
                1.1
            ]
        },
        "collider2": {
            "type": "Cylinder",
            "collider2origin": [
                [
                    0.4046826318300223,
                    0.8601215648853505,
                    0.31052030708844325,
                    -0.011756309819278832
                ],
                [
                    0.03287072780418156,
                    -0.3530306819088452,
                    0.9350341453041159,
                    -0.14768512317507365
                ],
                [
                    0.91386622803819,
                    -0.3681850502806302,
                    -0.17113820730947224,
                    -0.30102254339817236
                ],
                [
                    0.0,
                    0.0,
                    0.0,
                    1.0
                ]
            ],
            "radius": 0.00783,
            "height": 0.03044
        },
        "distance": 0.0
    },
    {
        "case": 11,
        "collider1": {
            "type": "Box",
            "collider2origin": [
                [
                    1.0,
                    0.0,
                    0.0,
                    0.35
                ],
                [
                    0.0,
                    1.0,
                    0.0,
                    -0.34649
                ],
                [
                    0.0,
                    0.0,
                    1.0,
                    -0.54511
                ],
                [
                    0.0,
                    0.0,
                    0.0,
                    1.0
                ]
            ],
            "size": [
                0.7,
                0.7,
                1.1
            ]
        },
        "collider2": {
            "type": "Cylinder",
            "collider2origin": [
                [
                    0.7645883947382581,
                    0.28191663653996957,
                    0.5795926126802884,
                    0.008942890817251359
                ],
                [
                    0.26088259441509093,
                    -0.9576731572688787,
                    0.12166509679405982,
                    -0.11577414664000574
                ],
                [
                    0.5893597021877414,
                    0.05818190344641018,
                    -0.8057729255494556,
                    -0.23176744902487068
                ],
                [
                    0.0,
                    0.0,
                    0.0,
                    1.0
                ]
            ],
            "radius": 0.00713,
            "height": 0.01426
        },
        "distance": 0.0
    },
    {
        "case": 12,
        "collider1": {
            "type": "Box",
            "collider2origin": [
                [
                    1.0,
                    0.0,
                    0.0,
                    0.35
                ],
                [
                    0.0,
                    1.0,
                    0.0,
                    -0.34649
                ],
                [
                    0.0,
                    0.0,
                    1.0,
                    -0.54511
                ],
                [
                    0.0,
                    0.0,
                    0.0,
                    1.0
                ]
            ],
            "size": [
                0.7,
                0.7,
                1.1
            ]
        },
        "collider2": {
            "type": "Cylinder",
            "collider2origin": [
                [
                    0.6607492936900884,
                    0.6409470151860472,
                    0.39063703691808943,
                    -0.000647040944806998
                ],
                [
                    0.20438078765938492,
                    -0.6543938256910142,
                    0.7280090758590905,
                    -0.14273859832838331
                ],
                [
                    0.7222457092456678,
                    -0.4011927773796208,
                    -0.5633875139321488,
                    -0.25551036708305985
                ],
                [
                    0.0,
                    0.0,
                    0.0,
                    1.0
                ]
            ],
            "radius": 0.00683,
            "height": 0.01183
        },
        "distance": 0.0
    },
    {
        "case": 13,
        "collider1": {
            "type": "Box",
            "collider2origin": [
                [
                    0.9077781725128689,
                    0.4194505805326724,
                    0.0,
                    0.4158817547107895
                ],
                [
                    -0.4194505805326724,
                    0.9077781725128689,
                    0.0,
                    0.733173894971941
                ],
                [
                    0.0,
                    0.0,
                    1.0,
                    -0.6599999999999999
                ],
                [
                    0.0,
                    0.0,
                    0.0,
                    1.0
                ]
            ],
            "size": [
                0.6,
                1.0,
                0.8
            ]
        },
        "collider2": {
            "type": "Box",
            "collider2origin": [
                [
                    -0.006767124991948714,
                    -0.9999746184553464,
                    -0.002229005255206478,
                    0.24738649233215154
                ],
                [
                    -0.9494626521200767,
                    0.007124773245964448,
                    -0.31379915524950647,
                    0.18084734586292717
                ],
                [
                    0.31380707169924255,
                    -7.160864743418459e-06,
                    -0.9494867675224695,
                    -0.06570402311467527
                ],
                [
                    0.0,
                    0.0,
                    0.0,
                    1.0
                ]
            ],
            "size": [
                0.1202,
                0.13634,
                0.67816
            ]
        },
        "distance": 0.04284955143851357
    },
    {
        "case": 14,
        "collider1": {
            "type": "Box",
            "collider2origin": [
                [
                    1.0,
                    0.0,
                    0.0,
                    0.35
                ],
                [
                    0.0,
                    1.0,
                    0.0,
                    -0.34649
                ],
                [
                    0.0,
                    0.0,
                    1.0,
                    -0.54511
                ],
                [
                    0.0,
                    0.0,
                    0.0,
                    1.0
                ]
            ],
            "size": [
                0.7,
                0.7,
                1.1
            ]
        },
        "collider2": {
            "type": "Box",
            "collider2origin": [
                [
                    0.7051798771523483,
                    -0.6359871392007569,
                    0.3134353196923331,
                    0.05300821994176258
                ],
                [
                    0.0041157986582132195,
                    -0.43838389369899095,
                    -0.8987784053629214,
                    -0.0878446794715333
                ],
                [
                    0.709016502671696,
                    0.6350904821492351,
                    -0.30652190529005907,
                    -0.3264998245043368
                ],
                [
                    0.0,
                    0.0,
                    0.0,
                    1.0
                ]
            ],
            "size": [
                0.06241,
                0.05638,
                0.02858
            ]
        },
        "distance": 0.0
    },
    {
        "case": 15,
        "collider1": {
            "type": "Box",
            "collider2origin": [
                [
                    1.0,
                    0.0,
                    0.0,
                    0.35
                ],
                [
                    0.0,
                    1.0,
                    0.0,
                    -0.34649
                ],
                [
                    0.0,
                    0.0,
                    1.0,
                    -0.54511
                ],
                [
                    0.0,
                    0.0,
                    0.0,
                    1.0
                ]
            ],
            "size": [
                0.7,
                0.7,
                1.1
            ]
        },
        "collider2": {
            "type": "Cylinder",
            "collider2origin": [
                [
                    0.6607492936900884,
                    0.6409470151860472,
                    0.39063703691808943,
                    0.005731488198019441
                ],
                [
                    0.20438078765938492,
                    -0.6543938256910142,
                    0.7280090758590905,
                    -0.13086088001555807
                ],
                [
                    0.7222457092456678,
                    -0.4011927773796208,
                    -0.5633875139321488,
                    -0.26470694110033866
                ],
                [
                    0.0,
                    0.0,
                    0.0,
                    1.0
                ]
            ],
            "radius": 0.00683,
            "height": 0.01782
        },
        "distance": 0.0
    },
    {
        "case": 16,
        "collider1": {
            "type": "Box",
            "collider2origin": [
                [
                    1.0,
                    0.0,
                    0.0,
                    0.35
                ],
                [
                    0.0,
                    1.0,
                    0.0,
                    -0.34649
                ],
                [
                    0.0,
                    0.0,
                    1.0,
                    -0.54511
                ],
                [
                    0.0,
                    0.0,
                    0.0,
                    1.0
                ]
            ],
            "size": [
                0.7,
                0.7,
                1.1
            ]
        },
        "collider2": {
            "type": "Box",
            "collider2origin": [
                [
                    0.6238495660260375,
                    -0.6359872199763266,
                    0.45423779564882927,
                    0.02050789840220285
                ],
                [
                    0.1923558998499256,
                    -0.4383795034191177,
                    -0.8779650441645913,
                    -0.10796579549799845
                ],
                [
                    0.7575030869653603,
                    0.6350934317159883,
                    -0.15114696897112756,
                    -0.29230530023984747
                ],
                [
                    0.0,
                    0.0,
                    0.0,
                    1.0
                ]
            ],
            "size": [
                0.07264,
                0.04753,
                0.03326
            ]
        },
        "distance": 0.0
    },
    {
        "case": 17,
        "collider1": {
            "type": "Box",
            "collider2origin": [
                [
                    1.0,
                    0.0,
                    0.0,
                    0.35
                ],
                [
                    0.0,
                    1.0,
                    0.0,
                    -0.34649
                ],
                [
                    0.0,
                    0.0,
                    1.0,
                    -0.54511
                ],
                [
                    0.0,
                    0.0,
                    0.0,
                    1.0
                ]
            ],
            "size": [
                0.7,
                0.7,
                1.1
            ]
        },
        "collider2": {
            "type": "Cylinder",
            "collider2origin": [
                [
                    0.7688365530571143,
                    0.30589530171554713,
                    0.5615322066200732,
                    0.018017353289450533
                ],
                [
                    0.2870332707756446,
                    -0.9498074375501032,
                    0.12440953758591806,
                    -0.11383826456350776
                ],
                [
                    0.5714037593078032,
                    0.06552782586703801,
                    -0.8180488053203477,
                    -0.24416618488639286
                ],
                [
                    0.0,
                    0.0,
                    0.0,
                    1.0
                ]
            ],
            "radius": 0.00713,
            "height": 0.01697
        },
        "distance": 0.0
    }
]