[
    {
        "case": 0,
        "collider1": {
            "type": "Box",
            "collider2origin": [
                [
                    0.9077781725128689,
                    0.4194505805326724,
                    0.0,
                    0.4158817547107895
                ],
                [
                    -0.4194505805326724,
                    0.9077781725128689,
                    0.0,
                    0.733173894971941
                ],
                [
                    0.0,
                    0.0,
                    1.0,
                    -0.6599999999999999
                ],
                [
                    0.0,
                    0.0,
                    0.0,
                    1.0
                ]
            ],
            "size": [
                0.6,
                1.0,
                0.8
            ]
        },
        "collider2": {
            "type": "Box",
            "collider2origin": [
                [
                    -0.008248905632668392,
                    -0.8713396791365244,
                    -0.4906109651425678,
                    -0.12340937799473761
                ],
                [
                    0.014655590628938703,
                    -0.49068030686916325,
                    0.8712164197913747,
                    1.4536472458436447
                ],
                [
                    -0.9998585746090195,
                    -3.6114307077279583e-06,
                    0.016817573183348176,
                    -0.4550940301633951
                ],
                [
                    0.0,
                    0.0,
                    0.0,
                    1.0
                ]
            ],
            "size": [
                0.1202,
                0.13634,
                0.67816
            ]
        },
        "distance": 0.17612391820826032
    },
    {
        "case": 1,
        "collider1": {
            "type": "Cylinder",
            "collider2origin": [
                [
                    0.907778172512869,
                    0.4194505805326725,
                    0.0,
                    -0.07232761537572224
                ],
                [
                    -0.4194505805326725,
                    0.907778172512869,
                    0.0,
                    1.2000044650142188
                ],
                [
                    0.0,
                    0.0,
                    1.0,
                    -0.5800000000000001
                ],
                [
                    0.0,
                    0.0,
                    0.0,
                    1.0
                ]
            ],
            "radius": 0.04,
            "height": 0.96
        },
        "collider2": {
            "type": "Box",
            "collider2origin": [
                [
                    -0.008248905632668392,
                    -0.8713396791365244,
                    -0.4906109651425678,
                    -0.12340937799473761
                ],
                [
                    0.014655590628938703,
                    -0.49068030686916325,
                    0.8712164197913747,
                    1.4536472458436447
                ],
                [
                    -0.9998585746090195,
                    -3.6114307077279583e-06,
                    0.016817573183348176,
                    -0.4550940301633951
                ],
                [
                    0.0,
                    0.0,
                    0.0,
                    1.0
                ]
            ],
            "size": [
                0.1202,
                0.13634,
                0.67816
            ]
        },
        "distance": 0.0
    },
    {
        "case": 2,
        "collider1": {
            "type": "Box",
            "collider2origin": [
                [
                    0.9077781725128689,
                    0.4194505805326724,
                    0.0,
                    0.4158817547107895
                ],
                [
                    -0.4194505805326724,
                    0.9077781725128689,
                    0.0,
                    0.733173894971941
                ],
                [
                    0.0,
                    0.0,
                    1.0,
                    -0.6599999999999999
                ],
                [
                    0.0,
                    0.0,
                    0.0,
                    1.0
                ]
            ],
            "size": [
                0.6,
                1.0,
                0.8
            ]
        },
        "collider2": {
            "type": "Box",
            "collider2origin": [
                [
                    0.2863761310377343,
                    -0.8713393405830291,
                    -0.39844254933953827,
                    0.028366593119914074
                ],
                [
                    -0.5085302108964088,
                    -0.49068090804360304,
                    0.7075516031266972,
                    0.9266501073702346
                ],
                [
                    -0.812025699210014,
                    -5.816967231821676e-06,
                    -0.5836216786486349,
                    -0.2776893284455535
                ],
                [
                    0.0,
                    0.0,
                    0.0,
                    1.0
                ]
            ],
            "size": [
                0.15068,
                0.17726,
                0.74884
            ]
        },
        "distance": 0.0
    },
    {
        "case": 3,
        "collider1": {
            "type": "Box",
            "collider2origin": [
                [
                    0.9077781725128689,
                    0.4194505805326724,
                    0.0,
                    0.27063700059322826
                ],
                [
                    -0.4194505805326724,
                    0.9077781725128689,
                    0.0,
                    0.8002854543438492
                ],
                [
                    0.0,
                    0.0,
                    1.0,
                    -0.25
                ],
                [
                    0.0,
                    0.0,
                    0.0,
                    1.0
                ]
            ],
            "size": [
                0.2,
                0.2,
                0.02
            ]
        },
        "collider2": {
            "type": "Box",
            "collider2origin": [
                [
                    0.2863761310377343,
                    -0.8713393405830291,
                    -0.39844254933953827,
                    0.028366593119914074
                ],
                [
                    -0.5085302108964088,
                    -0.49068090804360304,
                    0.7075516031266972,
                    0.9266501073702346
                ],
                [
                    -0.812025699210014,
                    -5.816967231821676e-06,
                    -0.5836216786486349,
                    -0.2776893284455535
                ],
                [
                    0.0,
                    0.0,
                    0.0,
                    1.0
                ]
            ],
            "size": [
                0.15068,
                0.17726,
                0.74884
            ]
        },
        "distance": 0.0
    },
    {
        "case": 4,
        "collider1": {
            "type": "Box",
            "collider2origin": [
                [
                    0.8404842512412337,
                    -0.5418359746412772,
                    0.0,
                    0.011439976095501792
                ],
                [
                    0.5418359746412771,
                    0.8404842512412338,
                    0.0,
                    1.4325762997644957
                ],
                [
                    0.0,
                    0.0,
                    1.0,
                    -0.21500000000000008
                ],
                [
                    0.0,
                    0.0,
                    0.0,
                    1.0
                ]
            ],
            "size": [
                0.2,
                0.3,
                0.22
            ]
        },
        "collider2": {
            "type": "Box",
            "collider2origin": [
                [
                    0.2863761310377343,
                    -0.8713393405830291,
                    -0.39844254933953827,
                    0.028366593119914074
                ],
                [
                    -0.5085302108964088,
                    -0.49068090804360304,
                    0.7075516031266972,
                    0.9266501073702346
                ],
                [
                    -0.812025699210014,
                    -5.816967231821676e-06,
                    -0.5836216786486349,
                    -0.2776893284455535
                ],
                [
                    0.0,
                    0.0,
                    0.0,
                    1.0
                ]
            ],
            "size": [
                0.15068,
                0.17726,
                0.74884
            ]
        },
        "distance": 0.07888228469985697
    },
    {
        "case": 5,
        "collider1": {
            "type": "Box",
            "collider2origin": [
                [
                    0.9081427509232697,
                    -0.4186606548811531,
                    0.0,
                    -0.09474126814702305
                ],
                [
                    0.41866065488115317,
                    0.9081427509232698,
                    0.0,
                    1.368923948110301
                ],
                [
                    0.0,
                    0.0,
                    1.0,
                    -0.21500000000000008
                ],
                [
                    0.0,
                    0.0,
                    0.0,
                    1.0
                ]
            ],
            "size": [
                0.2,
                0.3,
                0.22
            ]
        },
        "collider2": {
            "type": "Box",
            "collider2origin": [
                [
                    0.2863761310377343,
                    -0.8713393405830291,
                    -0.39844254933953827,
                    0.028366593119914074
                ],
                [
                    -0.5085302108964088,
                    -0.49068090804360304,
                    0.7075516031266972,
                    0.9266501073702346
                ],
                [
                    -0.812025699210014,
                    -5.816967231821676e-06,
                    -0.5836216786486349,
                    -0.2776893284455535
                ],
                [
                    0.0,
                    0.0,
                    0.0,
                    1.0
                ]
            ],
            "size": [
                0.15068,
                0.17726,
                0.74884
            ]
        },
        "distance": 0.059509463603525284
    },
    {
        "case": 6,
        "collider1": {
            "type": "Box",
            "collider2origin": [
                [
                    0.9798474486812189,
                    -0.1997472836183421,
                    0.0,
                    -0.20628161272202655
                ],
                [
                    0.19974728361834207,
                    0.9798474486812188,
                    0.0,
                    1.335871448475788
                ],
                [
                    0.0,
                    0.0,
                    1.0,
                    -0.21500000000000008
                ],
                [
                    0.0,
                    0.0,
                    0.0,
                    1.0
                ]
            ],
            "size": [
                0.2,
                0.3,
                0.22
            ]
        },
        "collider2": {
            "type": "Box",
            "collider2origin": [
                [
                    0.2863761310377343,
                    -0.8713393405830291,
                    -0.39844254933953827,
                    0.028366593119914074
                ],
                [
                    -0.5085302108964088,
                    -0.49068090804360304,
                    0.7075516031266972,
                    0.9266501073702346
                ],
                [
                    -0.812025699210014,
                    -5.816967231821676e-06,
                    -0.5836216786486349,
                    -0.2776893284455535
                ],
                [
                    0.0,
                    0.0,
                    0.0,
                    1.0
                ]
            ],
            "size": [
                0.15068,
                0.17726,
                0.74884
            ]
        },
        "distance": 0.06031610718216126
    },
    {
        "case": 7,
        "collider1": {
            "type": "Box",
            "collider2origin": [
                [
                    0.9984065575563776,
                    -0.05643000822632935,
                    0.0,
                    -0.3111399560290343
                ],
                [
                    0.05643000822632935,
                    0.9984065575563776,
                    0.0,
                    1.3240986306775833
                ],
                [
                    0.0,
                    0.0,
                    1.0,
                    -0.21500000000000008
                ],
                [
                    0.0,
                    0.0,
                    0.0,
                    1.0
                ]
            ],
            "size": [
                0.2,
                0.3,
                0.22
            ]
        },
        "collider2": {
            "type": "Box",
            "collider2origin": [
                [
                    0.2863761310377343,
                    -0.8713393405830291,
                    -0.39844254933953827,
                    0.028366593119914074
                ],
                [
                    -0.5085302108964088,
                    -0.49068090804360304,
                    0.7075516031266972,
                    0.9266501073702346
                ],
                [
                    -0.812025699210014,
                    -5.816967231821676e-06,
                    -0.5836216786486349,
                    -0.2776893284455535
                ],
                [
                    0.0,
                    0.0,
                    0.0,
                    1.0
                ]
            ],
            "size": [
                0.15068,
                0.17726,
                0.74884
            ]
        },
        "distance": 0.08127931221324014
    },
    {
        "case": 8,
        "collider1": {
            "type": "Cylinder",
            "collider2origin": [
                [
                    0.907778172512869,
                    0.4194505805326725,
                    0.0,
                    -0.07232761537572224
                ],
                [
                    -0.4194505805326725,
                    0.907778172512869,
                    0.0,
                    1.2000044650142188
                ],
                [
                    0.0,
                    0.0,
                    1.0,
                    -0.5800000000000001
                ],
                [
                    0.0,
                    0.0,
                    0.0,
                    1.0
                ]
            ],
            "radius": 0.04,
            "height": 0.96
        },
        "collider2": {
            "type": "Box",
            "collider2origin": [
                [
                    0.2863761310377343,
                    -0.8713393405830291,
                    -0.39844254933953827,
                    0.028366593119914074
                ],
                [
                    -0.5085302108964088,
                    -0.49068090804360304,
                    0.7075516031266972,
                    0.9266501073702346
                ],
                [
                    -0.812025699210014,
                    -5.816967231821676e-06,
                    -0.5836216786486349,
                    -0.2776893284455535
                ],
                [
                    0.0,
                    0.0,
                    0.0,
                    1.0
                ]
            ],
            "size": [
                0.15068,
                0.17726,
                0.74884
            ]
        },
        "distance": 0.0
    },
    {
        "case": 9,
        "collider1": {
            "type": "Box",
            "collider2origin": [
                [
                    0.9077781725128689,
                    0.4194505805326724,
                    0.0,
                    0.4158817547107895
                ],
                [
                    -0.4194505805326724,
                    0.9077781725128689,
                    0.0,
                    0.733173894971941
                ],
                [
                    0.0,
                    0.0,
                    1.0,
                    -0.6599999999999999
                ],
                [
                    0.0,
                    0.0,
                    0.0,
                    1.0
                ]
            ],
            "size": [
                0.6,
                1.0,
                0.8
            ]
        },
        "collider2": {
            "type": "Box",
            "collider2origin": [
                [
                    0.2863761310377343,
                    -0.8713393405830291,
                    -0.39844254933953827,
                    0.028366593119914074
                ],
                [
                    -0.5085302108964088,
                    -0.49068090804360304,
                    0.7075516031266972,
                    0.9266501073702346
                ],
                [
                    -0.812025699210014,
                    -5.816967231821676e-06,
                    -0.5836216786486349,
                    -0.2776893284455535
                ],
                [
                    0.0,
                    0.0,
                    0.0,
                    1.0
                ]
            ],
            "size": [
                0.15068,
                0.17726,
                0.74884
            ]
        },
        "distance": 0.0
    },
    {
        "case": 10,
        "collider1": {
            "type": "Box",
            "collider2origin": [
                [
                    0.9077781725128689,
                    0.4194505805326724,
                    0.0,
                    0.27063700059322826
                ],
                [
                    -0.4194505805326724,
                    0.9077781725128689,
                    0.0,
                    0.8002854543438492
                ],
                [
                    0.0,
                    0.0,
                    1.0,
                    -0.25
                ],
                [
                    0.0,
                    0.0,
                    0.0,
                    1.0
                ]
            ],
            "size": [
                0.2,
                0.2,
                0.02
            ]
        },
        "collider2": {
            "type": "Box",
            "collider2origin": [
                [
                    0.2863761310377343,
                    -0.8713393405830291,
                    -0.39844254933953827,
                    0.028366593119914074
                ],
                [
                    -0.5085302108964088,
                    -0.49068090804360304,
                    0.7075516031266972,
                    0.9266501073702346
                ],
                [
                    -0.812025699210014,
                    -5.816967231821676e-06,
                    -0.5836216786486349,
                    -0.2776893284455535
                ],
                [
                    0.0,
                    0.0,
                    0.0,
                    1.0
                ]
            ],
            "size": [
                0.15068,
                0.17726,
                0.74884
            ]
        },
        "distance": 0.0
    },
    {
        "case": 11,
        "collider1": {
            "type": "Box",
            "collider2origin": [
                [
                    0.8404842512412337,
                    -0.5418359746412772,
                    0.0,
                    0.011439976095501792
                ],
                [
                    0.5418359746412771,
                    0.8404842512412338,
                    0.0,
                    1.4325762997644957
                ],
                [
                    0.0,
                    0.0,
                    1.0,
                    -0.21500000000000008
                ],
                [
                    0.0,
                    0.0,
                    0.0,
                    1.0
                ]
            ],
            "size": [
                0.2,
                0.3,
                0.22
            ]
        },
        "collider2": {
            "type": "Box",
            "collider2origin": [
                [
                    0.2863761310377343,
                    -0.8713393405830291,
                    -0.39844254933953827,
                    0.028366593119914074
                ],
                [
                    -0.5085302108964088,
                    -0.49068090804360304,
                    0.7075516031266972,
                    0.9266501073702346
                ],
                [
                    -0.812025699210014,
                    -5.816967231821676e-06,
                    -0.5836216786486349,
                    -0.2776893284455535
                ],
                [
                    0.0,
                    0.0,
                    0.0,
                    1.0
                ]
            ],
            "size": [
                0.15068,
                0.17726,
                0.74884
            ]
        },
        "distance": 0.07888228469985697
    },
    {
        "case": 12,
        "collider1": {
            "type": "Box",
            "collider2origin": [
                [
                    0.9081427509232697,
                    -0.4186606548811531,
                    0.0,
                    -0.09474126814702305
                ],
                [
                    0.41866065488115317,
                    0.9081427509232698,
                    0.0,
                    1.368923948110301
                ],
                [
                    0.0,
                    0.0,
                    1.0,
                    -0.21500000000000008
                ],
                [
                    0.0,
                    0.0,
                    0.0,
                    1.0
                ]
            ],
            "size": [
                0.2,
                0.3,
                0.22
            ]
        },
        "collider2": {
            "type": "Box",
            "collider2origin": [
                [
                    0.2863761310377343,
                    -0.8713393405830291,
                    -0.39844254933953827,
                    0.028366593119914074
                ],
                [
                    -0.5085302108964088,
                    -0.49068090804360304,
                    0.7075516031266972,
                    0.9266501073702346
                ],
                [
                    -0.812025699210014,
                    -5.816967231821676e-06,
                    -0.5836216786486349,
                    -0.2776893284455535
                ],
                [
                    0.0,
                    0.0,
                    0.0,
                    1.0
                ]
            ],
            "size": [
                0.15068,
                0.17726,
                0.74884
            ]
        },
        "distance": 0.059509463603525284
    },
    {
        "case": 13,
        "collider1": {
            "type": "Box",
            "collider2origin": [
                [
                    0.9798474486812189,
                    -0.1997472836183421,
                    0.0,
                    -0.20628161272202655
                ],
                [
                    0.19974728361834207,
                    0.9798474486812188,
                    0.0,
                    1.335871448475788
                ],
                [
                    0.0,
                    0.0,
                    1.0,
                    -0.21500000000000008
                ],
                [
                    0.0,
                    0.0,
                    0.0,
                    1.0
                ]
            ],
            "size": [
                0.2,
                0.3,
                0.22
            ]
        },
        "collider2": {
            "type": "Box",
            "collider2origin": [
                [
                    0.2863761310377343,
                    -0.8713393405830291,
                    -0.39844254933953827,
                    0.028366593119914074
                ],
                [
                    -0.5085302108964088,
                    -0.49068090804360304,
                    0.7075516031266972,
                    0.9266501073702346
                ],
                [
                    -0.812025699210014,
                    -5.816967231821676e-06,
                    -0.5836216786486349,
                    -0.2776893284455535
                ],
                [
                    0.0,
                    0.0,
                    0.0,
                    1.0
                ]
            ],
            "size": [
                0.15068,
                0.17726,
                0.74884
            ]
        },
        "distance": 0.06031610718216126
    },
    {
        "case": 14,
        "collider1": {
            "type": "Box",
            "collider2origin": [
                [
                    0.9984065575563776,
                    -0.05643000822632935,
                    0.0,
                    -0.3111399560290343
                ],
                [
                    0.05643000822632935,
                    0.9984065575563776,
                    0.0,
                    1.3240986306775833
                ],
                [
                    0.0,
                    0.0,
                    1.0,
                    -0.21500000000000008
                ],
                [
                    0.0,
                    0.0,
                    0.0,
                    1.0
                ]
            ],
            "size": [
                0.2,
                0.3,
                0.22
            ]
        },
        "collider2": {
            "type": "Box",
            "collider2origin": [
                [
                    0.2863761310377343,
                    -0.8713393405830291,
                    -0.39844254933953827,
                    0.028366593119914074
                ],
                [
                    -0.5085302108964088,
                    -0.49068090804360304,
                    0.7075516031266972,
                    0.9266501073702346
                ],
                [
                    -0.812025699210014,
                    -5.816967231821676e-06,
                    -0.5836216786486349,
                    -0.2776893284455535
                ],
                [
                    0.0,
                    0.0,
                    0.0,
                    1.0
                ]
            ],
            "size": [
                0.15068,
                0.17726,
                0.74884
            ]
        },
        "distance": 0.08127931221324014
    },
    {
        "case": 15,
        "collider1": {
            "type": "Cylinder",
            "collider2origin": [
                [
                    0.907778172512869,
                    0.4194505805326725,
                    0.0,
                    -0.07232761537572224
                ],
                [
                    -0.4194505805326725,
                    0.907778172512869,
                    0.0,
                    1.2000044650142188
                ],
                [
                    0.0,
                    0.0,
                    1.0,
                    -0.5800000000000001
                ],
                [
                    0.0,
                    0.0,
                    0.0,
                    1.0
                ]
            ],
            "radius": 0.04,
            "height": 0.96
        },
        "collider2": {
            "type": "Box",
            "collider2origin": [
                [
                    0.2863761310377343,
                    -0.8713393405830291,
                    -0.39844254933953827,
                    0.028366593119914074
                ],
                [
                    -0.5085302108964088,
                    -0.49068090804360304,
                    0.7075516031266972,
                    0.9266501073702346
                ],
                [
                    -0.812025699210014,
                    -5.816967231821676e-06,
                    -0.5836216786486349,
                    -0.2776893284455535
                ],
                [
                    0.0,
                    0.0,
                    0.0,
                    1.0
                ]
            ],
            "size": [
                0.15068,
                0.17726,
                0.74884
            ]
        },
        "distance": 0.0
    }
]