[
    {
        "case": 0,
        "collider1": {
            "type": "Box",
            "collider2origin": [
                [
                    0.9077781725128689,
                    0.4194505805326724,
                    0.0,
                    0.4158817547107895
                ],
                [
                    -0.4194505805326724,
                    0.9077781725128689,
                    0.0,
                    0.733173894971941
                ],
                [
                    0.0,
                    0.0,
                    1.0,
                    -0.6599999999999999
                ],
                [
                    0.0,
                    0.0,
                    0.0,
                    1.0
                ]
            ],
            "size": [
                0.6,
                1.0,
                0.8
            ]
        },
        "collider2": {
            "type": "Box",
            "collider2origin": [
                [
                    -0.019617475263171754,
                    -0.9906134518340065,
                    -0.1352780237503982,
                    0.06347558334837272
                ],
                [
                    -0.1421372817263316,
                    0.1366930467429574,
                    -0.9803632001026851,
                    0.2561158933441361
                ],
                [
                    0.9896525389285615,
                    -4.2002537465857825e-06,
                    -0.1434846757483515,
                    -0.9147673891555067
                ],
                [
                    0.0,
                    0.0,
                    0.0,
                    1.0
                ]
            ],
            "size": [
                0.09102,
                0.10007,
                0.11882
            ]
        },
        "distance": 0.003808560129437862
    },
    {
        "case": 1,
        "collider1": {
            "type": "Box",
            "collider2origin": [
                [
                    0.9077781725128689,
                    0.4194505805326724,
                    0.0,
                    0.4158817547107895
                ],
                [
                    -0.4194505805326724,
                    0.9077781725128689,
                    0.0,
                    0.733173894971941
                ],
                [
                    0.0,
                    0.0,
                    1.0,
                    -0.6599999999999999
                ],
                [
                    0.0,
                    0.0,
                    0.0,
                    1.0
                ]
            ],
            "size": [
                0.6,
                1.0,
                0.8
            ]
        },
        "collider2": {
            "type": "Box",
            "collider2origin": [
                [
                    -0.7779619682660895,
                    -0.6135756124730992,
                    -0.1352780237503982,
                    0.04337173539802536
                ],
                [
                    0.015418012101234077,
                    0.1965967466344982,
                    -0.9803632001026851,
                    0.14985427928166994
                ],
                [
                    0.6281221703095651,
                    -0.7647710029747414,
                    -0.1434846757483515,
                    -0.9318800218197052
                ],
                [
                    0.0,
                    0.0,
                    0.0,
                    1.0
                ]
            ],
            "size": [
                0.09126,
                0.11887,
                0.10009
            ]
        },
        "distance": 0.11945650944875572
    },
    {
        "case": 2,
        "collider1": {
            "type": "Box",
            "collider2origin": [
                [
                    0.9077781725128689,
                    0.4194505805326724,
                    0.0,
                    0.4158817547107895
                ],
                [
                    -0.4194505805326724,
                    0.9077781725128689,
                    0.0,
                    0.733173894971941
                ],
                [
                    0.0,
                    0.0,
                    1.0,
                    -0.6599999999999999
                ],
                [
                    0.0,
                    0.0,
                    0.0,
                    1.0
                ]
            ],
            "size": [
                0.6,
                1.0,
                0.8
            ]
        },
        "collider2": {
            "type": "Box",
            "collider2origin": [
                [
                    -0.7895778917086076,
                    -0.6135751508562631,
                    -0.009606621503137128,
                    -0.00292907076514054
                ],
                [
                    -0.14096850961807797,
                    0.19659678360722527,
                    -0.9702976780201793,
                    0.15991764739721148
                ],
                [
                    0.5972391750555619,
                    -0.7647713638251681,
                    -0.241723248472181,
                    -0.9897960939220619
                ],
                [
                    0.0,
                    0.0,
                    0.0,
                    1.0
                ]
            ],
            "size": [
                0.08993,
                0.0305,
                0.09007
            ]
        },
        "distance": 0.13436178444549268
    },
    {
        "case": 3,
        "collider1": {
            "type": "Box",
            "collider2origin": [
                [
                    0.9077781725128689,
                    0.4194505805326724,
                    0.0,
                    0.4158817547107895
                ],
                [
                    -0.4194505805326724,
                    0.9077781725128689,
                    0.0,
                    0.733173894971941
                ],
                [
                    0.0,
                    0.0,
                    1.0,
                    -0.6599999999999999
                ],
                [
                    0.0,
                    0.0,
                    0.0,
                    1.0
                ]
            ],
            "size": [
                0.6,
                1.0,
                0.8
            ]
        },
        "collider2": {
            "type": "Box",
            "collider2origin": [
                [
                    -0.13669089633252862,
                    -0.9906129595227396,
                    -0.0012503141241864517,
                    0.1749086995060416
                ],
                [
                    -0.9905710278661297,
                    0.13669661433858477,
                    -0.009114514831168973,
                    0.2460802614723181
                ],
                [
                    0.009199870219154142,
                    -7.346254757700051e-06,
                    -0.9999576802715117,
                    -0.6223004304806439
                ],
                [
                    0.0,
                    0.0,
                    0.0,
                    1.0
                ]
            ],
            "size": [
                0.1202,
                0.13634,
                0.67816
            ]
        },
        "distance": 0.0
    },
    {
        "case": 4,
        "collider1": {
            "type": "Box",
            "collider2origin": [
                [
                    0.9077781725128689,
                    0.4194505805326724,
                    0.0,
                    0.4158817547107895
                ],
                [
                    -0.4194505805326724,
                    0.9077781725128689,
                    0.0,
                    0.733173894971941
                ],
                [
                    0.0,
                    0.0,
                    1.0,
                    -0.6599999999999999
                ],
                [
                    0.0,
                    0.0,
                    0.0,
                    1.0
                ]
            ],
            "size": [
                0.6,
                1.0,
                0.8
            ]
        },
        "collider2": {
            "type": "Box",
            "collider2origin": [
                [
                    -0.05343645034556062,
                    -0.9906134170771451,
                    -0.1258157529135714,
                    0.08936165665777399
                ],
                [
                    -0.3872184129197621,
                    0.13669329859448245,
                    -0.9117986854647577,
                    0.5503852266997693
                ],
                [
                    0.9204381817755969,
                    -5.109017486945097e-06,
                    -0.39088815984054937,
                    -0.22004639220835465
                ],
                [
                    0.0,
                    0.0,
                    0.0,
                    1.0
                ]
            ],
            "size": [
                0.15068,
                0.17726,
                0.74884
            ]
        },
        "distance": 0.0
    },
    {
        "case": 5,
        "collider1": {
            "type": "Box",
            "collider2origin": [
                [
                    0.9077781725128689,
                    0.4194505805326724,
                    0.0,
                    0.27063700059322826
                ],
                [
                    -0.4194505805326724,
                    0.9077781725128689,
                    0.0,
                    0.8002854543438492
                ],
                [
                    0.0,
                    0.0,
                    1.0,
                    -0.25
                ],
                [
                    0.0,
                    0.0,
                    0.0,
                    1.0
                ]
            ],
            "size": [
                0.2,
                0.2,
                0.02
            ]
        },
        "collider2": {
            "type": "Box",
            "collider2origin": [
                [
                    -0.05343645034556062,
                    -0.9906134170771451,
                    -0.1258157529135714,
                    0.08936165665777399
                ],
                [
                    -0.3872184129197621,
                    0.13669329859448245,
                    -0.9117986854647577,
                    0.5503852266997693
                ],
                [
                    0.9204381817755969,
                    -5.109017486945097e-06,
                    -0.39088815984054937,
                    -0.22004639220835465
                ],
                [
                    0.0,
                    0.0,
                    0.0,
                    1.0
                ]
            ],
            "size": [
                0.15068,
                0.17726,
                0.74884
            ]
        },
        "distance": 0.015270140877367784
    },
    {
        "case": 6,
        "collider1": {
            "type": "Box",
            "collider2origin": [
                [
                    0.9077781725128689,
                    0.4194505805326724,
                    0.0,
                    0.4158817547107895
                ],
                [
                    -0.4194505805326724,
                    0.9077781725128689,
                    0.0,
                    0.733173894971941
                ],
                [
                    0.0,
                    0.0,
                    1.0,
                    -0.6599999999999999
                ],
                [
                    0.0,
                    0.0,
                    0.0,
                    1.0
                ]
            ],
            "size": [
                0.6,
                1.0,
                0.8
            ]
        },
        "collider2": {
            "type": "Box",
            "collider2origin": [
                [
                    -0.05343645034556062,
                    -0.9906134170771451,
                    -0.1258157529135714,
                    0.08936165665777399
                ],
                [
                    -0.3872184129197621,
                    0.13669329859448245,
                    -0.9117986854647577,
                    0.5503852266997693
                ],
                [
                    0.9204381817755969,
                    -5.109017486945097e-06,
                    -0.39088815984054937,
                    -0.22004639220835465
                ],
                [
                    0.0,
                    0.0,
                    0.0,
                    1.0
                ]
            ],
            "size": [
                0.15068,
                0.17726,
                0.74884
            ]
        },
        "distance": 0.0
    },
    {
        "case": 7,
        "collider1": {
            "type": "Box",
            "collider2origin": [
                [
                    0.9077781725128689,
                    0.4194505805326724,
                    0.0,
                    0.27063700059322826
                ],
                [
                    -0.4194505805326724,
                    0.9077781725128689,
                    0.0,
                    0.8002854543438492
                ],
                [
                    0.0,
                    0.0,
                    1.0,
                    -0.25
                ],
                [
                    0.0,
                    0.0,
                    0.0,
                    1.0
                ]
            ],
            "size": [
                0.2,
                0.2,
                0.02
            ]
        },
        "collider2": {
            "type": "Box",
            "collider2origin": [
                [
                    -0.05343645034556062,
                    -0.9906134170771451,
                    -0.1258157529135714,
                    0.08936165665777399
                ],
                [
                    -0.3872184129197621,
                    0.13669329859448245,
                    -0.9117986854647577,
                    0.5503852266997693
                ],
                [
                    0.9204381817755969,
                    -5.109017486945097e-06,
                    -0.39088815984054937,
                    -0.22004639220835465
                ],
                [
                    0.0,
                    0.0,
                    0.0,
                    1.0
                ]
            ],
            "size": [
                0.15068,
                0.17726,
                0.74884
            ]
        },
        "distance": 0.015270140877367784
    },
    {
        "case": 8,
        "collider1": {
            "type": "Box",
            "collider2origin": [
                [
                    0.9077781725128689,
                    0.4194505805326724,
                    0.0,
                    0.4158817547107895
                ],
                [
                    -0.4194505805326724,
                    0.9077781725128689,
                    0.0,
                    0.733173894971941
                ],
                [
                    0.0,
                    0.0,
                    1.0,
                    -0.6599999999999999
                ],
                [
                    0.0,
                    0.0,
                    0.0,
                    1.0
                ]
            ],
            "size": [
                0.6,
                1.0,
                0.8
            ]
        },
        "collider2": {
            "type": "Box",
            "collider2origin": [
                [
                    0.07046067115252334,
                    -0.7951663879521516,
                    0.602283744834496,
                    -0.05871426484166459
                ],
                [
                    -0.9050403781502955,
                    0.2029270401938431,
                    0.37379477026268904,
                    0.17522880451962353
                ],
                [
                    -0.4194486950013149,
                    -0.5714289385648006,
                    -0.705359312997566,
                    -1.0504042544075642
                ],
                [
                    0.0,
                    0.0,
                    0.0,
                    1.0
                ]
            ],
            "size": [
                0.06241,
                0.05638,
                0.02858
            ]
        },
        "distance": 0.168176613028775
    }
]