[
    {
        "case": 0,
        "collider1": {
            "type": "Box",
            "collider2origin": [
                [
                    0.9077781725128689,
                    0.4194505805326724,
                    0.0,
                    0.4158817547107895
                ],
                [
                    -0.4194505805326724,
                    0.9077781725128689,
                    0.0,
                    0.733173894971941
                ],
                [
                    0.0,
                    0.0,
                    1.0,
                    -0.6599999999999999
                ],
                [
                    0.0,
                    0.0,
                    0.0,
                    1.0
                ]
            ],
            "size": [
                0.6,
                1.0,
                0.8
            ]
        },
        "collider2": {
            "type": "Box",
            "collider2origin": [
                [
                    0.008281344605784462,
                    -0.9984288841698642,
                    0.05541825138742584,
                    0.14235608078731868
                ],
                [
                    -0.14763472439856035,
                    -0.05603359026103956,
                    -0.9874534039205188,
                    0.49402867136071593
                ],
                [
                    0.9890072838373241,
                    -4.216350212054053e-06,
                    -0.14786680661643103,
                    -0.14715405814969862
                ],
                [
                    0.0,
                    0.0,
                    0.0,
                    1.0
                ]
            ],
            "size": [
                0.15068,
                0.17726,
                0.74884
            ]
        },
        "distance": 0.0011225364177334114
    },
    {
        "case": 1,
        "collider1": {
            "type": "Box",
            "collider2origin": [
                [
                    0.9077781725128689,
                    0.4194505805326724,
                    0.0,
                    0.27063700059322826
                ],
                [
                    -0.4194505805326724,
                    0.9077781725128689,
                    0.0,
                    0.8002854543438492
                ],
                [
                    0.0,
                    0.0,
                    1.0,
                    -0.25
                ],
                [
                    0.0,
                    0.0,
                    0.0,
                    1.0
                ]
            ],
            "size": [
                0.2,
                0.2,
                0.02
            ]
        },
        "collider2": {
            "type": "Box",
            "collider2origin": [
                [
                    0.008281344605784462,
                    -0.9984288841698642,
                    0.05541825138742584,
                    0.14235608078731868
                ],
                [
                    -0.14763472439856035,
                    -0.05603359026103956,
                    -0.9874534039205188,
                    0.49402867136071593
                ],
                [
                    0.9890072838373241,
                    -4.216350212054053e-06,
                    -0.14786680661643103,
                    -0.14715405814969862
                ],
                [
                    0.0,
                    0.0,
                    0.0,
                    1.0
                ]
            ],
            "size": [
                0.15068,
                0.17726,
                0.74884
            ]
        },
        "distance": 0.04819222750202318
    },
    {
        "case": 2,
        "collider1": {
            "type": "Box",
            "collider2origin": [
                [
                    0.9077781725128689,
                    0.4194505805326724,
                    0.0,
                    0.4158817547107895
                ],
                [
                    -0.4194505805326724,
                    0.9077781725128689,
                    0.0,
                    0.733173894971941
                ],
                [
                    0.0,
                    0.0,
                    1.0,
                    -0.6599999999999999
                ],
                [
                    0.0,
                    0.0,
                    0.0,
                    1.0
                ]
            ],
            "size": [
                0.6,
                1.0,
                0.8
            ]
        },
        "collider2": {
            "type": "Box",
            "collider2origin": [
                [
                    0.008281344605784462,
                    -0.9984288841698642,
                    0.05541825138742584,
                    0.14235608078731868
                ],
                [
                    -0.14763472439856035,
                    -0.05603359026103956,
                    -0.9874534039205188,
                    0.49402867136071593
                ],
                [
                    0.9890072838373241,
                    -4.216350212054053e-06,
                    -0.14786680661643103,
                    -0.14715405814969862
                ],
                [
                    0.0,
                    0.0,
                    0.0,
                    1.0
                ]
            ],
            "size": [
                0.15068,
                0.17726,
                0.74884
            ]
        },
        "distance": 0.0011225364177334114
    },
    {
        "case": 3,
        "collider1": {
            "type": "Box",
            "collider2origin": [
                [
                    0.9077781725128689,
                    0.4194505805326724,
                    0.0,
                    0.27063700059322826
                ],
                [
                    -0.4194505805326724,
                    0.9077781725128689,
                    0.0,
                    0.8002854543438492
                ],
                [
                    0.0,
                    0.0,
                    1.0,
                    -0.25
                ],
                [
                    0.0,
                    0.0,
                    0.0,
                    1.0
                ]
            ],
            "size": [
                0.2,
                0.2,
                0.02
            ]
        },
        "collider2": {
            "type": "Box",
            "collider2origin": [
                [
                    0.008281344605784462,
                    -0.9984288841698642,
                    0.05541825138742584,
                    0.14235608078731868
                ],
                [
                    -0.14763472439856035,
                    -0.05603359026103956,
                    -0.9874534039205188,
                    0.49402867136071593
                ],
                [
                    0.9890072838373241,
                    -4.216350212054053e-06,
                    -0.14786680661643103,
                    -0.14715405814969862
                ],
                [
                    0.0,
                    0.0,
                    0.0,
                    1.0
                ]
            ],
            "size": [
                0.15068,
                0.17726,
                0.74884
            ]
        },
        "distance": 0.04819222750202318
    }
]