[
    {
        "case": 0,
        "collider1": {
            "type": "Box",
            "collider2origin": [
                [
                    0.718022042059392,
                    -0.6960203640101781,
                    0.0,
                    0.13748258467077087
                ],
                [
                    0.6960203640101781,
                    0.718022042059392,
                    0.0,
                    1.5384737068316263
                ],
                [
                    0.0,
                    0.0,
                    1.0,
                    -0.21500000000000008
                ],
                [
                    0.0,
                    0.0,
                    0.0,
                    1.0
                ]
            ],
            "size": [
                0.2,
                0.3,
                0.22
            ]
        },
        "collider2": {
            "type": "Box",
            "collider2origin": [
                [
                    0.4169350729929152,
                    0.8170795789287683,
                    -0.3981784858652956,
                    0.3231313906296745
                ],
                [
                    -0.5908997701958784,
                    0.5765249011938278,
                    0.564319501599852,
                    1.0699642896944463
                ],
                [
                    0.6906537529694968,
                    -1.016796113848956e-06,
                    0.7231855871822358,
                    0.1141650353498933
                ],
                [
                    0.0,
                    0.0,
                    0.0,
                    1.0
                ]
            ],
            "size": [
                0.15068,
                0.17726,
                0.74884
            ]
        },
        "distance": 0.3119106353674713
    },
    {
        "case": 1,
        "collider1": {
            "type": "Box",
            "collider2origin": [
                [
                    0.8404842512412337,
                    -0.5418359746412772,
                    0.0,
                    0.011439976095501792
                ],
                [
                    0.5418359746412771,
                    0.8404842512412338,
                    0.0,
                    1.4325762997644957
                ],
                [
                    0.0,
                    0.0,
                    1.0,
                    -0.21500000000000008
                ],
                [
                    0.0,
                    0.0,
                    0.0,
                    1.0
                ]
            ],
            "size": [
                0.2,
                0.3,
                0.22
            ]
        },
        "collider2": {
            "type": "Box",
            "collider2origin": [
                [
                    0.4169350729929152,
                    0.8170795789287683,
                    -0.3981784858652956,
                    0.3231313906296745
                ],
                [
                    -0.5908997701958784,
                    0.5765249011938278,
                    0.564319501599852,
                    1.0699642896944463
                ],
                [
                    0.6906537529694968,
                    -1.016796113848956e-06,
                    0.7231855871822358,
                    0.1141650353498933
                ],
                [
                    0.0,
                    0.0,
                    0.0,
                    1.0
                ]
            ],
            "size": [
                0.15068,
                0.17726,
                0.74884
            ]
        },
        "distance": 0.30884107341835515
    },
    {
        "case": 2,
        "collider1": {
            "type": "Box",
            "collider2origin": [
                [
                    0.718022042059392,
                    -0.6960203640101781,
                    0.0,
                    0.13748258467077087
                ],
                [
                    0.6960203640101781,
                    0.718022042059392,
                    0.0,
                    1.5384737068316263
                ],
                [
                    0.0,
                    0.0,
                    1.0,
                    -0.21500000000000008
                ],
                [
                    0.0,
                    0.0,
                    0.0,
                    1.0
                ]
            ],
            "size": [
                0.2,
                0.3,
                0.22
            ]
        },
        "collider2": {
            "type": "Box",
            "collider2origin": [
                [
                    0.4169350729929152,
                    0.8170795789287683,
                    -0.3981784858652956,
                    0.3231313906296745
                ],
                [
                    -0.5908997701958784,
                    0.5765249011938278,
                    0.564319501599852,
                    1.0699642896944463
                ],
                [
                    0.6906537529694968,
                    -1.016796113848956e-06,
                    0.7231855871822358,
                    0.1141650353498933
                ],
                [
                    0.0,
                    0.0,
                    0.0,
                    1.0
                ]
            ],
            "size": [
                0.15068,
                0.17726,
                0.74884
            ]
        },
        "distance": 0.3119106353674713
    },
    {
        "case": 3,
        "collider1": {
            "type": "Box",
            "collider2origin": [
                [
                    0.8404842512412337,
                    -0.5418359746412772,
                    0.0,
                    0.011439976095501792
                ],
                [
                    0.5418359746412771,
                    0.8404842512412338,
                    0.0,
                    1.4325762997644957
                ],
                [
                    0.0,
                    0.0,
                    1.0,
                    -0.21500000000000008
                ],
                [
                    0.0,
                    0.0,
                    0.0,
                    1.0
                ]
            ],
            "size": [
                0.2,
                0.3,
                0.22
            ]
        },
        "collider2": {
            "type": "Box",
            "collider2origin": [
                [
                    0.4169350729929152,
                    0.8170795789287683,
                    -0.3981784858652956,
                    0.3231313906296745
                ],
                [
                    -0.5908997701958784,
                    0.5765249011938278,
                    0.564319501599852,
                    1.0699642896944463
                ],
                [
                    0.6906537529694968,
                    -1.016796113848956e-06,
                    0.7231855871822358,
                    0.1141650353498933
                ],
                [
                    0.0,
                    0.0,
                    0.0,
                    1.0
                ]
            ],
            "size": [
                0.15068,
                0.17726,
                0.74884
            ]
        },
        "distance": 0.30884107341835515
    }
]