[
    {
        "case": 0,
        "collider1": {
            "type": "Box",
            "collider2origin": [
                [
                    0.9077781725128689,
                    0.4194505805326724,
                    0.0,
                    0.4158817547107895
                ],
                [
                    -0.4194505805326724,
                    0.9077781725128689,
                    0.0,
                    0.733173894971941
                ],
                [
                    0.0,
                    0.0,
                    1.0,
                    -0.6599999999999999
                ],
                [
                    0.0,
                    0.0,
                    0.0,
                    1.0
                ]
            ],
            "size": [
                0.6,
                1.0,
                0.8
            ]
        },
        "collider2": {
            "type": "Box",
            "collider2origin": [
                [
                    -0.5127446101033893,
                    0.8278486077922285,
                    -0.2275074666607498,
                    0.5754941342268232
                ],
                [
                    -0.756704845292465,
                    -0.5609515866599979,
                    -0.33575451528540556,
                    1.1206483847372626
                ],
                [
                    -0.4055745824393217,
                    -3.156680644618167e-07,
                    0.9140619552738589,
                    -0.14599313604651232
                ],
                [
                    0.0,
                    0.0,
                    0.0,
                    1.0
                ]
            ],
            "size": [
                0.1202,
                0.13634,
                0.67816
            ]
        },
        "distance": 0.0
    },
    {
        "case": 1,
        "collider1": {
            "type": "Box",
            "collider2origin": [
                [
                    0.907778172512869,
                    0.4194505805326725,
                    0.0,
                    0.9947946797881562
                ],
                [
                    -0.4194505805326725,
                    0.907778172512869,
                    0.0,
                    0.5317739604993647
                ],
                [
                    0.0,
                    0.0,
                    1.0,
                    -0.69
                ],
                [
                    0.0,
                    0.0,
                    0.0,
                    1.0
                ]
            ],
            "size": [
                0.6,
                1.2,
                0.75
            ]
        },
        "collider2": {
            "type": "Box",
            "collider2origin": [
                [
                    -0.5127446101033893,
                    0.8278486077922285,
                    -0.2275074666607498,
                    0.5754941342268232
                ],
                [
                    -0.756704845292465,
                    -0.5609515866599979,
                    -0.33575451528540556,
                    1.1206483847372626
                ],
                [
                    -0.4055745824393217,
                    -3.156680644618167e-07,
                    0.9140619552738589,
                    -0.14599313604651232
                ],
                [
                    0.0,
                    0.0,
                    0.0,
                    1.0
                ]
            ],
            "size": [
                0.1202,
                0.13634,
                0.67816
            ]
        },
        "distance": 0.22919205686091837
    },
    {
        "case": 2,
        "collider1": {
            "type": "Box",
            "collider2origin": [
                [
                    0.9077781725128689,
                    0.4194505805326724,
                    0.0,
                    0.4158817547107895
                ],
                [
                    -0.4194505805326724,
                    0.9077781725128689,
                    0.0,
                    0.733173894971941
                ],
                [
                    0.0,
                    0.0,
                    1.0,
                    -0.6599999999999999
                ],
                [
                    0.0,
                    0.0,
                    0.0,
                    1.0
                ]
            ],
            "size": [
                0.6,
                1.0,
                0.8
            ]
        },
        "collider2": {
            "type": "Box",
            "collider2origin": [
                [
                    0.2746270092878784,
                    0.827851240126749,
                    0.4891240435617523,
                    0.5911891334540529
                ],
                [
                    0.4052882978593963,
                    -0.5609477018320568,
                    0.7218580687556018,
                    0.9185867901279097
                ],
                [
                    0.8719641055615929,
                    -5.471495426864978e-06,
                    -0.4895698097128068,
                    -0.24964313276038763
                ],
                [
                    0.0,
                    0.0,
                    0.0,
                    1.0
                ]
            ],
            "size": [
                0.15068,
                0.17726,
                0.74884
            ]
        },
        "distance": 0.0
    },
    {
        "case": 3,
        "collider1": {
            "type": "Box",
            "collider2origin": [
                [
                    0.9077781725128689,
                    0.4194505805326724,
                    0.0,
                    0.27063700059322826
                ],
                [
                    -0.4194505805326724,
                    0.9077781725128689,
                    0.0,
                    0.8002854543438492
                ],
                [
                    0.0,
                    0.0,
                    1.0,
                    -0.25
                ],
                [
                    0.0,
                    0.0,
                    0.0,
                    1.0
                ]
            ],
            "size": [
                0.2,
                0.2,
                0.02
            ]
        },
        "collider2": {
            "type": "Box",
            "collider2origin": [
                [
                    0.2746270092878784,
                    0.827851240126749,
                    0.4891240435617523,
                    0.5911891334540529
                ],
                [
                    0.4052882978593963,
                    -0.5609477018320568,
                    0.7218580687556018,
                    0.9185867901279097
                ],
                [
                    0.8719641055615929,
                    -5.471495426864978e-06,
                    -0.4895698097128068,
                    -0.24964313276038763
                ],
                [
                    0.0,
                    0.0,
                    0.0,
                    1.0
                ]
            ],
            "size": [
                0.15068,
                0.17726,
                0.74884
            ]
        },
        "distance": 0.025174550054867524
    },
    {
        "case": 4,
        "collider1": {
            "type": "Box",
            "collider2origin": [
                [
                    0.907778172512869,
                    0.4194505805326725,
                    0.0,
                    0.9947946797881562
                ],
                [
                    -0.4194505805326725,
                    0.907778172512869,
                    0.0,
                    0.5317739604993647
                ],
                [
                    0.0,
                    0.0,
                    1.0,
                    -0.69
                ],
                [
                    0.0,
                    0.0,
                    0.0,
                    1.0
                ]
            ],
            "size": [
                0.6,
                1.2,
                0.75
            ]
        },
        "collider2": {
            "type": "Box",
            "collider2origin": [
                [
                    0.2746270092878784,
                    0.827851240126749,
                    0.4891240435617523,
                    0.5911891334540529
                ],
                [
                    0.4052882978593963,
                    -0.5609477018320568,
                    0.7218580687556018,
                    0.9185867901279097
                ],
                [
                    0.8719641055615929,
                    -5.471495426864978e-06,
                    -0.4895698097128068,
                    -0.24964313276038763
                ],
                [
                    0.0,
                    0.0,
                    0.0,
                    1.0
                ]
            ],
            "size": [
                0.15068,
                0.17726,
                0.74884
            ]
        },
        "distance": 0.08231869275322501
    },
    {
        "case": 5,
        "collider1": {
            "type": "Box",
            "collider2origin": [
                [
                    0.9077781725128689,
                    0.4194505805326724,
                    0.0,
                    0.4158817547107895
                ],
                [
                    -0.4194505805326724,
                    0.9077781725128689,
                    0.0,
                    0.733173894971941
                ],
                [
                    0.0,
                    0.0,
                    1.0,
                    -0.6599999999999999
                ],
                [
                    0.0,
                    0.0,
                    0.0,
                    1.0
                ]
            ],
            "size": [
                0.6,
                1.0,
                0.8
            ]
        },
        "collider2": {
            "type": "Box",
            "collider2origin": [
                [
                    0.2746270092878784,
                    0.827851240126749,
                    0.4891240435617523,
                    0.5911891334540529
                ],
                [
                    0.4052882978593963,
                    -0.5609477018320568,
                    0.7218580687556018,
                    0.9185867901279097
                ],
                [
                    0.8719641055615929,
                    -5.471495426864978e-06,
                    -0.4895698097128068,
                    -0.24964313276038763
                ],
                [
                    0.0,
                    0.0,
                    0.0,
                    1.0
                ]
            ],
            "size": [
                0.15068,
                0.17726,
                0.74884
            ]
        },
        "distance": 0.0
    },
    {
        "case": 6,
        "collider1": {
            "type": "Box",
            "collider2origin": [
                [
                    0.9077781725128689,
                    0.4194505805326724,
                    0.0,
                    0.27063700059322826
                ],
                [
                    -0.4194505805326724,
                    0.9077781725128689,
                    0.0,
                    0.8002854543438492
                ],
                [
                    0.0,
                    0.0,
                    1.0,
                    -0.25
                ],
                [
                    0.0,
                    0.0,
                    0.0,
                    1.0
                ]
            ],
            "size": [
                0.2,
                0.2,
                0.02
            ]
        },
        "collider2": {
            "type": "Box",
            "collider2origin": [
                [
                    0.2746270092878784,
                    0.827851240126749,
                    0.4891240435617523,
                    0.5911891334540529
                ],
                [
                    0.4052882978593963,
                    -0.5609477018320568,
                    0.7218580687556018,
                    0.9185867901279097
                ],
                [
                    0.8719641055615929,
                    -5.471495426864978e-06,
                    -0.4895698097128068,
                    -0.24964313276038763
                ],
                [
                    0.0,
                    0.0,
                    0.0,
                    1.0
                ]
            ],
            "size": [
                0.15068,
                0.17726,
                0.74884
            ]
        },
        "distance": 0.025174550054867524
    },
    {
        "case": 7,
        "collider1": {
            "type": "Box",
            "collider2origin": [
                [
                    0.907778172512869,
                    0.4194505805326725,
                    0.0,
                    0.9947946797881562
                ],
                [
                    -0.4194505805326725,
                    0.907778172512869,
                    0.0,
                    0.5317739604993647
                ],
                [
                    0.0,
                    0.0,
                    1.0,
                    -0.69
                ],
                [
                    0.0,
                    0.0,
                    0.0,
                    1.0
                ]
            ],
            "size": [
                0.6,
                1.2,
                0.75
            ]
        },
        "collider2": {
            "type": "Box",
            "collider2origin": [
                [
                    0.2746270092878784,
                    0.827851240126749,
                    0.4891240435617523,
                    0.5911891334540529
                ],
                [
                    0.4052882978593963,
                    -0.5609477018320568,
                    0.7218580687556018,
                    0.9185867901279097
                ],
                [
                    0.8719641055615929,
                    -5.471495426864978e-06,
                    -0.4895698097128068,
                    -0.24964313276038763
                ],
                [
                    0.0,
                    0.0,
                    0.0,
                    1.0
                ]
            ],
            "size": [
                0.15068,
                0.17726,
                0.74884
            ]
        },
        "distance": 0.08231869275322501
    }
]