[
    {
        "case": 0,
        "collider1": {
            "type": "Box",
            "collider2origin": [
                [
                    0.718022042059392,
                    -0.6960203640101781,
                    0.0,
                    0.13748258467077087
                ],
                [
                    0.6960203640101781,
                    0.718022042059392,
                    0.0,
                    1.5384737068316263
                ],
                [
                    0.0,
                    0.0,
                    1.0,
                    -0.21500000000000008
                ],
                [
                    0.0,
                    0.0,
                    0.0,
                    1.0
                ]
            ],
            "size": [
                0.2,
                0.3,
                0.22
            ]
        },
        "collider2": {
            "type": "Box",
            "collider2origin": [
                [
                    0.2355573492906372,
                    0.7830232013672545,
                    -0.5756625759207772,
                    0.2639653021165441
                ],
                [
                    -0.2965385572182707,
                    0.6219924968320498,
                    0.7247000882900034,
                    1.1259804039809267
                ],
                [
                    0.9255147860937042,
                    -2.282120183508634e-06,
                    0.37871147423429985,
                    0.010809908240999144
                ],
                [
                    0.0,
                    0.0,
                    0.0,
                    1.0
                ]
            ],
            "size": [
                0.15068,
                0.17726,
                0.74884
            ]
        },
        "distance": 0.1237006445772506
    },
    {
        "case": 1,
        "collider1": {
            "type": "Box",
            "collider2origin": [
                [
                    0.8404842512412337,
                    -0.5418359746412772,
                    0.0,
                    0.011439976095501792
                ],
                [
                    0.5418359746412771,
                    0.8404842512412338,
                    0.0,
                    1.4325762997644957
                ],
                [
                    0.0,
                    0.0,
                    1.0,
                    -0.21500000000000008
                ],
                [
                    0.0,
                    0.0,
                    0.0,
                    1.0
                ]
            ],
            "size": [
                0.2,
                0.3,
                0.22
            ]
        },
        "collider2": {
            "type": "Box",
            "collider2origin": [
                [
                    0.2355573492906372,
                    0.7830232013672545,
                    -0.5756625759207772,
                    0.2639653021165441
                ],
                [
                    -0.2965385572182707,
                    0.6219924968320498,
                    0.7247000882900034,
                    1.1259804039809267
                ],
                [
                    0.9255147860937042,
                    -2.282120183508634e-06,
                    0.37871147423429985,
                    0.010809908240999144
                ],
                [
                    0.0,
                    0.0,
                    0.0,
                    1.0
                ]
            ],
            "size": [
                0.15068,
                0.17726,
                0.74884
            ]
        },
        "distance": 0.121984370072106
    },
    {
        "case": 2,
        "collider1": {
            "type": "Box",
            "collider2origin": [
                [
                    0.9081427509232697,
                    -0.4186606548811531,
                    0.0,
                    -0.09474126814702305
                ],
                [
                    0.41866065488115317,
                    0.9081427509232698,
                    0.0,
                    1.368923948110301
                ],
                [
                    0.0,
                    0.0,
                    1.0,
                    -0.21500000000000008
                ],
                [
                    0.0,
                    0.0,
                    0.0,
                    1.0
                ]
            ],
            "size": [
                0.2,
                0.3,
                0.22
            ]
        },
        "collider2": {
            "type": "Box",
            "collider2origin": [
                [
                    0.2355573492906372,
                    0.7830232013672545,
                    -0.5756625759207772,
                    0.2639653021165441
                ],
                [
                    -0.2965385572182707,
                    0.6219924968320498,
                    0.7247000882900034,
                    1.1259804039809267
                ],
                [
                    0.9255147860937042,
                    -2.282120183508634e-06,
                    0.37871147423429985,
                    0.010809908240999144
                ],
                [
                    0.0,
                    0.0,
                    0.0,
                    1.0
                ]
            ],
            "size": [
                0.15068,
                0.17726,
                0.74884
            ]
        },
        "distance": 0.12421712183352589
    },
    {
        "case": 3,
        "collider1": {
            "type": "Cylinder",
            "collider2origin": [
                [
                    0.907778172512869,
                    0.4194505805326725,
                    0.0,
                    -0.07232761537572224
                ],
                [
                    -0.4194505805326725,
                    0.907778172512869,
                    0.0,
                    1.2000044650142188
                ],
                [
                    0.0,
                    0.0,
                    1.0,
                    -0.5800000000000001
                ],
                [
                    0.0,
                    0.0,
                    0.0,
                    1.0
                ]
            ],
            "radius": 0.04,
            "height": 0.96
        },
        "collider2": {
            "type": "Box",
            "collider2origin": [
                [
                    0.2355573492906372,
                    0.7830232013672545,
                    -0.5756625759207772,
                    0.2639653021165441
                ],
                [
                    -0.2965385572182707,
                    0.6219924968320498,
                    0.7247000882900034,
                    1.1259804039809267
                ],
                [
                    0.9255147860937042,
                    -2.282120183508634e-06,
                    0.37871147423429985,
                    0.010809908240999144
                ],
                [
                    0.0,
                    0.0,
                    0.0,
                    1.0
                ]
            ],
            "size": [
                0.15068,
                0.17726,
                0.74884
            ]
        },
        "distance": 0.1530179695897069
    },
    {
        "case": 4,
        "collider1": {
            "type": "Box",
            "collider2origin": [
                [
                    0.718022042059392,
                    -0.6960203640101781,
                    0.0,
                    0.13748258467077087
                ],
                [
                    0.6960203640101781,
                    0.718022042059392,
                    0.0,
                    1.5384737068316263
                ],
                [
                    0.0,
                    0.0,
                    1.0,
                    -0.21500000000000008
                ],
                [
                    0.0,
                    0.0,
                    0.0,
                    1.0
                ]
            ],
            "size": [
                0.2,
                0.3,
                0.22
            ]
        },
        "collider2": {
            "type": "Box",
            "collider2origin": [
                [
                    0.2355573492906372,
                    0.7830232013672545,
                    -0.5756625759207772,
                    0.2639653021165441
                ],
                [
                    -0.2965385572182707,
                    0.6219924968320498,
                    0.7247000882900034,
                    1.1259804039809267
                ],
                [
                    0.9255147860937042,
                    -2.282120183508634e-06,
                    0.37871147423429985,
                    0.010809908240999144
                ],
                [
                    0.0,
                    0.0,
                    0.0,
                    1.0
                ]
            ],
            "size": [
                0.15068,
                0.17726,
                0.74884
            ]
        },
        "distance": 0.1237006445772506
    },
    {
        "case": 5,
        "collider1": {
            "type": "Box",
            "collider2origin": [
                [
                    0.8404842512412337,
                    -0.5418359746412772,
                    0.0,
                    0.011439976095501792
                ],
                [
                    0.5418359746412771,
                    0.8404842512412338,
                    0.0,
                    1.4325762997644957
                ],
                [
                    0.0,
                    0.0,
                    1.0,
                    -0.21500000000000008
                ],
                [
                    0.0,
                    0.0,
                    0.0,
                    1.0
                ]
            ],
            "size": [
                0.2,
                0.3,
                0.22
            ]
        },
        "collider2": {
            "type": "Box",
            "collider2origin": [
                [
                    0.2355573492906372,
                    0.7830232013672545,
                    -0.5756625759207772,
                    0.2639653021165441
                ],
                [
                    -0.2965385572182707,
                    0.6219924968320498,
                    0.7247000882900034,
                    1.1259804039809267
                ],
                [
                    0.9255147860937042,
                    -2.282120183508634e-06,
                    0.37871147423429985,
                    0.010809908240999144
                ],
                [
                    0.0,
                    0.0,
                    0.0,
                    1.0
                ]
            ],
            "size": [
                0.15068,
                0.17726,
                0.74884
            ]
        },
        "distance": 0.121984370072106
    },
    {
        "case": 6,
        "collider1": {
            "type": "Box",
            "collider2origin": [
                [
                    0.9081427509232697,
                    -0.4186606548811531,
                    0.0,
                    -0.09474126814702305
                ],
                [
                    0.41866065488115317,
                    0.9081427509232698,
                    0.0,
                    1.368923948110301
                ],
                [
                    0.0,
                    0.0,
                    1.0,
                    -0.21500000000000008
                ],
                [
                    0.0,
                    0.0,
                    0.0,
                    1.0
                ]
            ],
            "size": [
                0.2,
                0.3,
                0.22
            ]
        },
        "collider2": {
            "type": "Box",
            "collider2origin": [
                [
                    0.2355573492906372,
                    0.7830232013672545,
                    -0.5756625759207772,
                    0.2639653021165441
                ],
                [
                    -0.2965385572182707,
                    0.6219924968320498,
                    0.7247000882900034,
                    1.1259804039809267
                ],
                [
                    0.9255147860937042,
                    -2.282120183508634e-06,
                    0.37871147423429985,
                    0.010809908240999144
                ],
                [
                    0.0,
                    0.0,
                    0.0,
                    1.0
                ]
            ],
            "size": [
                0.15068,
                0.17726,
                0.74884
            ]
        },
        "distance": 0.12421712183352589
    },
    {
        "case": 7,
        "collider1": {
            "type": "Cylinder",
            "collider2origin": [
                [
                    0.907778172512869,
                    0.4194505805326725,
                    0.0,
                    -0.07232761537572224
                ],
                [
                    -0.4194505805326725,
                    0.907778172512869,
                    0.0,
                    1.2000044650142188
                ],
                [
                    0.0,
                    0.0,
                    1.0,
                    -0.5800000000000001
                ],
                [
                    0.0,
                    0.0,
                    0.0,
                    1.0
                ]
            ],
            "radius": 0.04,
            "height": 0.96
        },
        "collider2": {
            "type": "Box",
            "collider2origin": [
                [
                    0.2355573492906372,
                    0.7830232013672545,
                    -0.5756625759207772,
                    0.2639653021165441
                ],
                [
                    -0.2965385572182707,
                    0.6219924968320498,
                    0.7247000882900034,
                    1.1259804039809267
                ],
                [
                    0.9255147860937042,
                    -2.282120183508634e-06,
                    0.37871147423429985,
                    0.010809908240999144
                ],
                [
                    0.0,
                    0.0,
                    0.0,
                    1.0
                ]
            ],
            "size": [
                0.15068,
                0.17726,
                0.74884
            ]
        },
        "distance": 0.1530179695897069
    }
]