[
    {
        "case": 0,
        "collider1": {
            "type": "Box",
            "collider2origin": [
                [
                    0.9798474486812189,
                    -0.1997472836183421,
                    0.0,
                    -0.20628161272202655
                ],
                [
                    0.19974728361834207,
                    0.9798474486812188,
                    0.0,
                    1.335871448475788
                ],
                [
                    0.0,
                    0.0,
                    1.0,
                    -0.21500000000000008
                ],
                [
                    0.0,
                    0.0,
                    0.0,
                    1.0
                ]
            ],
            "size": [
                0.2,
                0.3,
                0.22
            ]
        },
        "collider2": {
            "type": "Box",
            "collider2origin": [
                [
                    0.40542060132183644,
                    0.3738417438423192,
                    0.8341921161128139,
                    -0.03221960254716899
                ],
                [
                    -0.1634137236091022,
                    0.9274925070083633,
                    -0.33623444853189727,
                    1.1063703730591246
                ],
                [
                    -0.8994054096791105,
                    -2.0675904335720634e-06,
                    0.43711544131462177,
                    -0.08468178848091168
                ],
                [
                    0.0,
                    0.0,
                    0.0,
                    1.0
                ]
            ],
            "size": [
                0.09102,
                0.10007,
                0.11882
            ]
        },
        "distance": 0.03569778598253253
    },
    {
        "case": 1,
        "collider1": {
            "type": "Cylinder",
            "collider2origin": [
                [
                    0.907778172512869,
                    0.4194505805326725,
                    0.0,
                    -0.07232761537572224
                ],
                [
                    -0.4194505805326725,
                    0.907778172512869,
                    0.0,
                    1.2000044650142188
                ],
                [
                    0.0,
                    0.0,
                    1.0,
                    -0.5800000000000001
                ],
                [
                    0.0,
                    0.0,
                    0.0,
                    1.0
                ]
            ],
            "radius": 0.04,
            "height": 0.96
        },
        "collider2": {
            "type": "Box",
            "collider2origin": [
                [
                    0.40542060132183644,
                    0.3738417438423192,
                    0.8341921161128139,
                    -0.03221960254716899
                ],
                [
                    -0.1634137236091022,
                    0.9274925070083633,
                    -0.33623444853189727,
                    1.1063703730591246
                ],
                [
                    -0.8994054096791105,
                    -2.0675904335720634e-06,
                    0.43711544131462177,
                    -0.08468178848091168
                ],
                [
                    0.0,
                    0.0,
                    0.0,
                    1.0
                ]
            ],
            "size": [
                0.09102,
                0.10007,
                0.11882
            ]
        },
        "distance": 0.0
    },
    {
        "case": 2,
        "collider1": {
            "type": "Box",
            "collider2origin": [
                [
                    0.9077781725128689,
                    0.4194505805326724,
                    0.0,
                    0.4158817547107895
                ],
                [
                    -0.4194505805326724,
                    0.9077781725128689,
                    0.0,
                    0.733173894971941
                ],
                [
                    0.0,
                    0.0,
                    1.0,
                    -0.6599999999999999
                ],
                [
                    0.0,
                    0.0,
                    0.0,
                    1.0
                ]
            ],
            "size": [
                0.6,
                1.0,
                0.8
            ]
        },
        "collider2": {
            "type": "Box",
            "collider2origin": [
                [
                    -0.8173140358164861,
                    0.37383706914497944,
                    -0.43845594144732447,
                    0.23380741699419272
                ],
                [
                    0.3294311569013761,
                    0.9274943911880777,
                    0.1767180442888559,
                    1.0148633113781165
                ],
                [
                    0.4727291822174602,
                    -6.91006195276226e-06,
                    -0.8812077622401328,
                    -0.36708328592906536
                ],
                [
                    0.0,
                    0.0,
                    0.0,
                    1.0
                ]
            ],
            "size": [
                0.15068,
                0.17726,
                0.74884
            ]
        },
        "distance": 0.0
    },
    {
        "case": 3,
        "collider1": {
            "type": "Box",
            "collider2origin": [
                [
                    0.9077781725128689,
                    0.4194505805326724,
                    0.0,
                    0.27063700059322826
                ],
                [
                    -0.4194505805326724,
                    0.9077781725128689,
                    0.0,
                    0.8002854543438492
                ],
                [
                    0.0,
                    0.0,
                    1.0,
                    -0.25
                ],
                [
                    0.0,
                    0.0,
                    0.0,
                    1.0
                ]
            ],
            "size": [
                0.2,
                0.2,
                0.02
            ]
        },
        "collider2": {
            "type": "Box",
            "collider2origin": [
                [
                    -0.8173140358164861,
                    0.37383706914497944,
                    -0.43845594144732447,
                    0.23380741699419272
                ],
                [
                    0.3294311569013761,
                    0.9274943911880777,
                    0.1767180442888559,
                    1.0148633113781165
                ],
                [
                    0.4727291822174602,
                    -6.91006195276226e-06,
                    -0.8812077622401328,
                    -0.36708328592906536
                ],
                [
                    0.0,
                    0.0,
                    0.0,
                    1.0
                ]
            ],
            "size": [
                0.15068,
                0.17726,
                0.74884
            ]
        },
        "distance": 0.0
    },
    {
        "case": 4,
        "collider1": {
            "type": "Box",
            "collider2origin": [
                [
                    0.907778172512869,
                    0.4194505805326725,
                    0.0,
                    0.9947946797881562
                ],
                [
                    -0.4194505805326725,
                    0.907778172512869,
                    0.0,
                    0.5317739604993647
                ],
                [
                    0.0,
                    0.0,
                    1.0,
                    -0.69
                ],
                [
                    0.0,
                    0.0,
                    0.0,
                    1.0
                ]
            ],
            "size": [
                0.6,
                1.2,
                0.75
            ]
        },
        "collider2": {
            "type": "Box",
            "collider2origin": [
                [
                    -0.8173140358164861,
                    0.37383706914497944,
                    -0.43845594144732447,
                    0.23380741699419272
                ],
                [
                    0.3294311569013761,
                    0.9274943911880777,
                    0.1767180442888559,
                    1.0148633113781165
                ],
                [
                    0.4727291822174602,
                    -6.91006195276226e-06,
                    -0.8812077622401328,
                    -0.36708328592906536
                ],
                [
                    0.0,
                    0.0,
                    0.0,
                    1.0
                ]
            ],
            "size": [
                0.15068,
                0.17726,
                0.74884
            ]
        },
        "distance": 0.41934200181700404
    },
    {
        "case": 5,
        "collider1": {
            "type": "Box",
            "collider2origin": [
                [
                    0.9077781725128689,
                    0.4194505805326724,
                    0.0,
                    0.4158817547107895
                ],
                [
                    -0.4194505805326724,
                    0.9077781725128689,
                    0.0,
                    0.733173894971941
                ],
                [
                    0.0,
                    0.0,
                    1.0,
                    -0.6599999999999999
                ],
                [
                    0.0,
                    0.0,
                    0.0,
                    1.0
                ]
            ],
            "size": [
                0.6,
                1.0,
                0.8
            ]
        },
        "collider2": {
            "type": "Box",
            "collider2origin": [
                [
                    -0.8173140358164861,
                    0.37383706914497944,
                    -0.43845594144732447,
                    0.23380741699419272
                ],
                [
                    0.3294311569013761,
                    0.9274943911880777,
                    0.1767180442888559,
                    1.0148633113781165
                ],
                [
                    0.4727291822174602,
                    -6.91006195276226e-06,
                    -0.8812077622401328,
                    -0.36708328592906536
                ],
                [
                    0.0,
                    0.0,
                    0.0,
                    1.0
                ]
            ],
            "size": [
                0.15068,
                0.17726,
                0.74884
            ]
        },
        "distance": 0.0
    },
    {
        "case": 6,
        "collider1": {
            "type": "Box",
            "collider2origin": [
                [
                    0.9077781725128689,
                    0.4194505805326724,
                    0.0,
                    0.27063700059322826
                ],
                [
                    -0.4194505805326724,
                    0.9077781725128689,
                    0.0,
                    0.8002854543438492
                ],
                [
                    0.0,
                    0.0,
                    1.0,
                    -0.25
                ],
                [
                    0.0,
                    0.0,
                    0.0,
                    1.0
                ]
            ],
            "size": [
                0.2,
                0.2,
                0.02
            ]
        },
        "collider2": {
            "type": "Box",
            "collider2origin": [
                [
                    -0.8173140358164861,
                    0.37383706914497944,
                    -0.43845594144732447,
                    0.23380741699419272
                ],
                [
                    0.3294311569013761,
                    0.9274943911880777,
                    0.1767180442888559,
                    1.0148633113781165
                ],
                [
                    0.4727291822174602,
                    -6.91006195276226e-06,
                    -0.8812077622401328,
                    -0.36708328592906536
                ],
                [
                    0.0,
                    0.0,
                    0.0,
                    1.0
                ]
            ],
            "size": [
                0.15068,
                0.17726,
                0.74884
            ]
        },
        "distance": 0.0
    },
    {
        "case": 7,
        "collider1": {
            "type": "Box",
            "collider2origin": [
                [
                    0.907778172512869,
                    0.4194505805326725,
                    0.0,
                    0.9947946797881562
                ],
                [
                    -0.4194505805326725,
                    0.907778172512869,
                    0.0,
                    0.5317739604993647
                ],
                [
                    0.0,
                    0.0,
                    1.0,
                    -0.69
                ],
                [
                    0.0,
                    0.0,
                    0.0,
                    1.0
                ]
            ],
            "size": [
                0.6,
                1.2,
                0.75
            ]
        },
        "collider2": {
            "type": "Box",
            "collider2origin": [
                [
                    -0.8173140358164861,
                    0.37383706914497944,
                    -0.43845594144732447,
                    0.23380741699419272
                ],
                [
                    0.3294311569013761,
                    0.9274943911880777,
                    0.1767180442888559,
                    1.0148633113781165
                ],
                [
                    0.4727291822174602,
                    -6.91006195276226e-06,
                    -0.8812077622401328,
                    -0.36708328592906536
                ],
                [
                    0.0,
                    0.0,
                    0.0,
                    1.0
                ]
            ],
            "size": [
                0.15068,
                0.17726,
                0.74884
            ]
        },
        "distance": 0.41934200181700404
    },
    {
        "case": 8,
        "collider1": {
            "type": "Box",
            "collider2origin": [
                [
                    0.9077781725128689,
                    0.4194505805326724,
                    0.0,
                    0.4158817547107895
                ],
                [
                    -0.4194505805326724,
                    0.9077781725128689,
                    0.0,
                    0.733173894971941
                ],
                [
                    0.0,
                    0.0,
                    1.0,
                    -0.6599999999999999
                ],
                [
                    0.0,
                    0.0,
                    0.0,
                    1.0
                ]
            ],
            "size": [
                0.6,
                1.0,
                0.8
            ]
        },
        "collider2": {
            "type": "Box",
            "collider2origin": [
                [
                    0.9010846899329874,
                    0.373837872483687,
                    -0.21975355893646564,
                    -0.011995472031606558
                ],
                [
                    -0.3631932218917353,
                    0.927494067418687,
                    0.08857447981806665,
                    0.9777208701756872
                ],
                [
                    0.2369326172992499,
                    -1.045905279546144e-07,
                    0.9715260855271547,
                    -0.3696084067440094
                ],
                [
                    0.0,
                    0.0,
                    0.0,
                    1.0
                ]
            ],
            "size": [
                0.1202,
                0.13634,
                0.67816
            ]
        },
        "distance": 0.049050004963597564
    },
    {
        "case": 9,
        "collider1": {
            "type": "Box",
            "collider2origin": [
                [
                    0.9077781725128689,
                    0.4194505805326724,
                    0.0,
                    0.27063700059322826
                ],
                [
                    -0.4194505805326724,
                    0.9077781725128689,
                    0.0,
                    0.8002854543438492
                ],
                [
                    0.0,
                    0.0,
                    1.0,
                    -0.25
                ],
                [
                    0.0,
                    0.0,
                    0.0,
                    1.0
                ]
            ],
            "size": [
                0.2,
                0.2,
                0.02
            ]
        },
        "collider2": {
            "type": "Box",
            "collider2origin": [
                [
                    0.9010846899329874,
                    0.373837872483687,
                    -0.21975355893646564,
                    -0.011995472031606558
                ],
                [
                    -0.3631932218917353,
                    0.927494067418687,
                    0.08857447981806665,
                    0.9777208701756872
                ],
                [
                    0.2369326172992499,
                    -1.045905279546144e-07,
                    0.9715260855271547,
                    -0.3696084067440094
                ],
                [
                    0.0,
                    0.0,
                    0.0,
                    1.0
                ]
            ],
            "size": [
                0.1202,
                0.13634,
                0.67816
            ]
        },
        "distance": 0.18705061022348493
    },
    {
        "case": 10,
        "collider1": {
            "type": "Box",
            "collider2origin": [
                [
                    0.8404842512412337,
                    -0.5418359746412772,
                    0.0,
                    0.011439976095501792
                ],
                [
                    0.5418359746412771,
                    0.8404842512412338,
                    0.0,
                    1.4325762997644957
                ],
                [
                    0.0,
                    0.0,
                    1.0,
                    -0.21500000000000008
                ],
                [
                    0.0,
                    0.0,
                    0.0,
                    1.0
                ]
            ],
            "size": [
                0.2,
                0.3,
                0.22
            ]
        },
        "collider2": {
            "type": "Box",
            "collider2origin": [
                [
                    0.8579158399793123,
                    0.2595950058775157,
                    0.4433856610627406,
                    0.14163969196729465
                ],
                [
                    -0.35929468199886716,
                    0.9199974522637824,
                    0.15656314801217475,
                    1.264268190931911
                ],
                [
                    -0.36727066721959173,
                    -0.29362411473106526,
                    0.8825514921229661,
                    -0.07040498173974452
                ],
                [
                    0.0,
                    0.0,
                    0.0,
                    1.0
                ]
            ],
            "size": [
                0.07264,
                0.04753,
                0.03326
            ]
        },
        "distance": 0.0314712719481073
    }
]