[
    {
        "case": 0,
        "collider1": {
            "type": "Box",
            "collider2origin": [
                [
                    0.9077781725128689,
                    0.4194505805326724,
                    0.0,
                    0.4158817547107895
                ],
                [
                    -0.4194505805326724,
                    0.9077781725128689,
                    0.0,
                    0.733173894971941
                ],
                [
                    0.0,
                    0.0,
                    1.0,
                    -0.6599999999999999
                ],
                [
                    0.0,
                    0.0,
                    0.0,
                    1.0
                ]
            ],
            "size": [
                0.6,
                1.0,
                0.8
            ]
        },
        "collider2": {
            "type": "Box",
            "collider2origin": [
                [
                    0.11753039376656718,
                    0.6068419987284062,
                    0.7860848523667079,
                    0.6417086170429797
                ],
                [
                    0.0897284740636678,
                    -0.7948224887114954,
                    0.6001716524300947,
                    0.8412950390797435
                ],
                [
                    0.9890072838373241,
                    -4.216350212054053e-06,
                    -0.14786680661643103,
                    -0.14715405814969862
                ],
                [
                    0.0,
                    0.0,
                    0.0,
                    1.0
                ]
            ],
            "size": [
                0.15068,
                0.17726,
                0.74884
            ]
        },
        "distance": 0.0
    },
    {
        "case": 1,
        "collider1": {
            "type": "Box",
            "collider2origin": [
                [
                    0.9077781725128689,
                    0.4194505805326724,
                    0.0,
                    0.27063700059322826
                ],
                [
                    -0.4194505805326724,
                    0.9077781725128689,
                    0.0,
                    0.8002854543438492
                ],
                [
                    0.0,
                    0.0,
                    1.0,
                    -0.25
                ],
                [
                    0.0,
                    0.0,
                    0.0,
                    1.0
                ]
            ],
            "size": [
                0.2,
                0.2,
                0.02
            ]
        },
        "collider2": {
            "type": "Box",
            "collider2origin": [
                [
                    0.11753039376656718,
                    0.6068419987284062,
                    0.7860848523667079,
                    0.6417086170429797
                ],
                [
                    0.0897284740636678,
                    -0.7948224887114954,
                    0.6001716524300947,
                    0.8412950390797435
                ],
                [
                    0.9890072838373241,
                    -4.216350212054053e-06,
                    -0.14786680661643103,
                    -0.14715405814969862
                ],
                [
                    0.0,
                    0.0,
                    0.0,
                    1.0
                ]
            ],
            "size": [
                0.15068,
                0.17726,
                0.74884
            ]
        },
        "distance": 0.058952650811568225
    },
    {
        "case": 2,
        "collider1": {
            "type": "Box",
            "collider2origin": [
                [
                    0.9077781725128689,
                    0.4194505805326724,
                    0.0,
                    0.4158817547107895
                ],
                [
                    -0.4194505805326724,
                    0.9077781725128689,
                    0.0,
                    0.733173894971941
                ],
                [
                    0.0,
                    0.0,
                    1.0,
                    -0.6599999999999999
                ],
                [
                    0.0,
                    0.0,
                    0.0,
                    1.0
                ]
            ],
            "size": [
                0.6,
                1.0,
                0.8
            ]
        },
        "collider2": {
            "type": "Box",
            "collider2origin": [
                [
                    0.11753039376656718,
                    0.6068419987284062,
                    0.7860848523667079,
                    0.6417086170429797
                ],
                [
                    0.0897284740636678,
                    -0.7948224887114954,
                    0.6001716524300947,
                    0.8412950390797435
                ],
                [
                    0.9890072838373241,
                    -4.216350212054053e-06,
                    -0.14786680661643103,
                    -0.14715405814969862
                ],
                [
                    0.0,
                    0.0,
                    0.0,
                    1.0
                ]
            ],
            "size": [
                0.15068,
                0.17726,
                0.74884
            ]
        },
        "distance": 0.0
    },
    {
        "case": 3,
        "collider1": {
            "type": "Box",
            "collider2origin": [
                [
                    0.9077781725128689,
                    0.4194505805326724,
                    0.0,
                    0.27063700059322826
                ],
                [
                    -0.4194505805326724,
                    0.9077781725128689,
                    0.0,
                    0.8002854543438492
                ],
                [
                    0.0,
                    0.0,
                    1.0,
                    -0.25
                ],
                [
                    0.0,
                    0.0,
                    0.0,
                    1.0
                ]
            ],
            "size": [
                0.2,
                0.2,
                0.02
            ]
        },
        "collider2": {
            "type": "Box",
            "collider2origin": [
                [
                    0.11753039376656718,
                    0.6068419987284062,
                    0.7860848523667079,
                    0.6417086170429797
                ],
                [
                    0.0897284740636678,
                    -0.7948224887114954,
                    0.6001716524300947,
                    0.8412950390797435
                ],
                [
                    0.9890072838373241,
                    -4.216350212054053e-06,
                    -0.14786680661643103,
                    -0.14715405814969862
                ],
                [
                    0.0,
                    0.0,
                    0.0,
                    1.0
                ]
            ],
            "size": [
                0.15068,
                0.17726,
                0.74884
            ]
        },
        "distance": 0.058952650811568225
    }
]