[
    {
        "case": 0,
        "collider1": {
            "type": "Box",
            "collider2origin": [
                [
                    0.907778172512869,
                    0.4194505805326725,
                    0.0,
                    -1.612083837096907
                ],
                [
                    -0.4194505805326725,
                    0.907778172512869,
                    0.0,
                    -0.24654756573714753
                ],
                [
                    0.0,
                    0.0,
                    1.0,
                    -0.040000000000000036
                ],
                [
                    0.0,
                    0.0,
                    0.0,
                    1.0
                ]
            ],
            "size": [
                2.0,
                2.0,
                2.0
            ]
        },
        "collider2": {
            "type": "Box",
            "collider2origin": [
                [
                    0.03243697431006496,
                    -0.5351905750271561,
                    0.8441083408542472,
                    0.02524837405464042
                ],
                [
                    -0.020555380649678552,
                    -0.8447313468716272,
                    -0.5347956880330967,
                    0.9170133342013691
                ],
                [
                    0.9992623874758595,
                    -3.81426196459178e-06,
                    -0.03840157498718509,
                    0.09631694429168736
                ],
                [
                    0.0,
                    0.0,
                    0.0,
                    1.0
                ]
            ],
            "size": [
                0.1202,
                0.13634,
                0.67816
            ]
        },
        "distance": 0.6681849749191722
    },
    {
        "case": 1,
        "collider1": {
            "type": "Box",
            "collider2origin": [
                [
                    0.907778172512869,
                    0.4194505805326725,
                    0.0,
                    -0.7418785952877999
                ],
                [
                    -0.4194505805326725,
                    0.907778172512869,
                    0.0,
                    1.2791466490804724
                ],
                [
                    0.0,
                    0.0,
                    1.0,
                    0.27
                ],
                [
                    0.0,
                    0.0,
                    0.0,
                    1.0
                ]
            ],
            "size": [
                0.52,
                1.16,
                0.6
            ]
        },
        "collider2": {
            "type": "Box",
            "collider2origin": [
                [
                    0.03243697431006496,
                    -0.5351905750271561,
                    0.8441083408542472,
                    0.02524837405464042
                ],
                [
                    -0.020555380649678552,
                    -0.8447313468716272,
                    -0.5347956880330967,
                    0.9170133342013691
                ],
                [
                    0.9992623874758595,
                    -3.81426196459178e-06,
                    -0.03840157498718509,
                    0.09631694429168736
                ],
                [
                    0.0,
                    0.0,
                    0.0,
                    1.0
                ]
            ],
            "size": [
                0.1202,
                0.13634,
                0.67816
            ]
        },
        "distance": 0.24113811553225264
    },
    {
        "case": 2,
        "collider1": {
            "type": "Box",
            "collider2origin": [
                [
                    0.907778172512869,
                    0.4194505805326725,
                    0.0,
                    -1.612083837096907
                ],
                [
                    -0.4194505805326725,
                    0.907778172512869,
                    0.0,
                    -0.24654756573714753
                ],
                [
                    0.0,
                    0.0,
                    1.0,
                    -0.040000000000000036
                ],
                [
                    0.0,
                    0.0,
                    0.0,
                    1.0
                ]
            ],
            "size": [
                2.0,
                2.0,
                2.0
            ]
        },
        "collider2": {
            "type": "Box",
            "collider2origin": [
                [
                    -0.2896569211939856,
                    -0.5351965903476033,
                    -0.7935133758700735,
                    -0.031414854962210303
                ],
                [
                    0.183521499362061,
                    -0.8447275357619601,
                    0.5027476997435464,
                    0.8033510805608995
                ],
                [
                    -0.9393714533007281,
                    -2.413658452641117e-06,
                    0.3429012579706467,
                    0.00025235145178315044
                ],
                [
                    0.0,
                    0.0,
                    0.0,
                    1.0
                ]
            ],
            "size": [
                0.15068,
                0.17726,
                0.74884
            ]
        },
        "distance": 0.5213847619342561
    },
    {
        "case": 3,
        "collider1": {
            "type": "Box",
            "collider2origin": [
                [
                    0.907778172512869,
                    0.4194505805326725,
                    0.0,
                    -0.7418785952877999
                ],
                [
                    -0.4194505805326725,
                    0.907778172512869,
                    0.0,
                    1.2791466490804724
                ],
                [
                    0.0,
                    0.0,
                    1.0,
                    0.27
                ],
                [
                    0.0,
                    0.0,
                    0.0,
                    1.0
                ]
            ],
            "size": [
                0.52,
                1.16,
                0.6
            ]
        },
        "collider2": {
            "type": "Box",
            "collider2origin": [
                [
                    -0.2896569211939856,
                    -0.5351965903476033,
                    -0.7935133758700735,
                    -0.031414854962210303
                ],
                [
                    0.183521499362061,
                    -0.8447275357619601,
                    0.5027476997435464,
                    0.8033510805608995
                ],
                [
                    -0.9393714533007281,
                    -2.413658452641117e-06,
                    0.3429012579706467,
                    0.00025235145178315044
                ],
                [
                    0.0,
                    0.0,
                    0.0,
                    1.0
                ]
            ],
            "size": [
                0.15068,
                0.17726,
                0.74884
            ]
        },
        "distance": 0.1985856046688212
    },
    {
        "case": 4,
        "collider1": {
            "type": "Box",
            "collider2origin": [
                [
                    0.907778172512869,
                    0.4194505805326725,
                    0.0,
                    -1.612083837096907
                ],
                [
                    -0.4194505805326725,
                    0.907778172512869,
                    0.0,
                    -0.24654756573714753
                ],
                [
                    0.0,
                    0.0,
                    1.0,
                    -0.040000000000000036
                ],
                [
                    0.0,
                    0.0,
                    0.0,
                    1.0
                ]
            ],
            "size": [
                2.0,
                2.0,
                2.0
            ]
        },
        "collider2": {
            "type": "Box",
            "collider2origin": [
                [
                    -0.2896569211939856,
                    -0.5351965903476033,
                    -0.7935133758700735,
                    -0.031414854962210303
                ],
                [
                    0.183521499362061,
                    -0.8447275357619601,
                    0.5027476997435464,
                    0.8033510805608995
                ],
                [
                    -0.9393714533007281,
                    -2.413658452641117e-06,
                    0.3429012579706467,
                    0.00025235145178315044
                ],
                [
                    0.0,
                    0.0,
                    0.0,
                    1.0
                ]
            ],
            "size": [
                0.15068,
                0.17726,
                0.74884
            ]
        },
        "distance": 0.5213847619342561
    },
    {
        "case": 5,
        "collider1": {
            "type": "Box",
            "collider2origin": [
                [
                    0.907778172512869,
                    0.4194505805326725,
                    0.0,
                    -0.7418785952877999
                ],
                [
                    -0.4194505805326725,
                    0.907778172512869,
                    0.0,
                    1.2791466490804724
                ],
                [
                    0.0,
                    0.0,
                    1.0,
                    0.27
                ],
                [
                    0.0,
                    0.0,
                    0.0,
                    1.0
                ]
            ],
            "size": [
                0.52,
                1.16,
                0.6
            ]
        },
        "collider2": {
            "type": "Box",
            "collider2origin": [
                [
                    -0.2896569211939856,
                    -0.5351965903476033,
                    -0.7935133758700735,
                    -0.031414854962210303
                ],
                [
                    0.183521499362061,
                    -0.8447275357619601,
                    0.5027476997435464,
                    0.8033510805608995
                ],
                [
                    -0.9393714533007281,
                    -2.413658452641117e-06,
                    0.3429012579706467,
                    0.00025235145178315044
                ],
                [
                    0.0,
                    0.0,
                    0.0,
                    1.0
                ]
            ],
            "size": [
                0.15068,
                0.17726,
                0.74884
            ]
        },
        "distance": 0.1985856046688212
    }
]