[
    {
        "case": 0,
        "collider1": {
            "type": "Box",
            "collider2origin": [
                [
                    0.907778172512869,
                    0.4194505805326725,
                    0.0,
                    -1.612083837096907
                ],
                [
                    -0.4194505805326725,
                    0.907778172512869,
                    0.0,
                    -0.24654756573714753
                ],
                [
                    0.0,
                    0.0,
                    1.0,
                    -0.040000000000000036
                ],
                [
                    0.0,
                    0.0,
                    0.0,
                    1.0
                ]
            ],
            "size": [
                2.0,
                2.0,
                2.0
            ]
        },
        "collider2": {
            "type": "Box",
            "collider2origin": [
                [
                    -0.590604843696969,
                    -0.4302229918013769,
                    -0.6827108435693338,
                    0.020174480402254225
                ],
                [
                    0.2814737662459653,
                    -0.9027226469541236,
                    0.3253680094776563,
                    0.7400103906220313
                ],
                [
                    -0.7562793382851277,
                    -1.2700148753281058e-06,
                    0.6542488536339948,
                    0.09362918236607198
                ],
                [
                    0.0,
                    0.0,
                    0.0,
                    1.0
                ]
            ],
            "size": [
                0.15068,
                0.17726,
                0.74884
            ]
        },
        "distance": 0.4923643715876567
    },
    {
        "case": 1,
        "collider1": {
            "type": "Box",
            "collider2origin": [
                [
                    0.907778172512869,
                    0.4194505805326725,
                    0.0,
                    -0.7418785952877999
                ],
                [
                    -0.4194505805326725,
                    0.907778172512869,
                    0.0,
                    1.2791466490804724
                ],
                [
                    0.0,
                    0.0,
                    1.0,
                    0.27
                ],
                [
                    0.0,
                    0.0,
                    0.0,
                    1.0
                ]
            ],
            "size": [
                0.52,
                1.16,
                0.6
            ]
        },
        "collider2": {
            "type": "Box",
            "collider2origin": [
                [
                    -0.590604843696969,
                    -0.4302229918013769,
                    -0.6827108435693338,
                    0.020174480402254225
                ],
                [
                    0.2814737662459653,
                    -0.9027226469541236,
                    0.3253680094776563,
                    0.7400103906220313
                ],
                [
                    -0.7562793382851277,
                    -1.2700148753281058e-06,
                    0.6542488536339948,
                    0.09362918236607198
                ],
                [
                    0.0,
                    0.0,
                    0.0,
                    1.0
                ]
            ],
            "size": [
                0.15068,
                0.17726,
                0.74884
            ]
        },
        "distance": 0.3244278292437634
    },
    {
        "case": 2,
        "collider1": {
            "type": "Box",
            "collider2origin": [
                [
                    0.907778172512869,
                    0.4194505805326725,
                    0.0,
                    -1.612083837096907
                ],
                [
                    -0.4194505805326725,
                    0.907778172512869,
                    0.0,
                    -0.24654756573714753
                ],
                [
                    0.0,
                    0.0,
                    1.0,
                    -0.040000000000000036
                ],
                [
                    0.0,
                    0.0,
                    0.0,
                    1.0
                ]
            ],
            "size": [
                2.0,
                2.0,
                2.0
            ]
        },
        "collider2": {
            "type": "Box",
            "collider2origin": [
                [
                    -0.590604843696969,
                    -0.4302229918013769,
                    -0.6827108435693338,
                    0.020174480402254225
                ],
                [
                    0.2814737662459653,
                    -0.9027226469541236,
                    0.3253680094776563,
                    0.7400103906220313
                ],
                [
                    -0.7562793382851277,
                    -1.2700148753281058e-06,
                    0.6542488536339948,
                    0.09362918236607198
                ],
                [
                    0.0,
                    0.0,
                    0.0,
                    1.0
                ]
            ],
            "size": [
                0.15068,
                0.17726,
                0.74884
            ]
        },
        "distance": 0.4923643715876567
    },
    {
        "case": 3,
        "collider1": {
            "type": "Box",
            "collider2origin": [
                [
                    0.907778172512869,
                    0.4194505805326725,
                    0.0,
                    -0.7418785952877999
                ],
                [
                    -0.4194505805326725,
                    0.907778172512869,
                    0.0,
                    1.2791466490804724
                ],
                [
                    0.0,
                    0.0,
                    1.0,
                    0.27
                ],
                [
                    0.0,
                    0.0,
                    0.0,
                    1.0
                ]
            ],
            "size": [
                0.52,
                1.16,
                0.6
            ]
        },
        "collider2": {
            "type": "Box",
            "collider2origin": [
                [
                    -0.590604843696969,
                    -0.4302229918013769,
                    -0.6827108435693338,
                    0.020174480402254225
                ],
                [
                    0.2814737662459653,
                    -0.9027226469541236,
                    0.3253680094776563,
                    0.7400103906220313
                ],
                [
                    -0.7562793382851277,
                    -1.2700148753281058e-06,
                    0.6542488536339948,
                    0.09362918236607198
                ],
                [
                    0.0,
                    0.0,
                    0.0,
                    1.0
                ]
            ],
            "size": [
                0.15068,
                0.17726,
                0.74884
            ]
        },
        "distance": 0.3244278292437634
    }
]