[
    {
        "case": 0,
        "collider1": {
            "type": "Box",
            "collider2origin": [
                [
                    -0.49996093967317806,
                    0.8660479541001831,
                    0.0,
                    0.23518030403224222
                ],
                [
                    -0.8660479541001831,
                    -0.49996093967317806,
                    0.0,
                    1.6545490191575776
                ],
                [
                    0.0,
                    0.0,
                    1.0,
                    -0.21500000000000008
                ],
                [
                    0.0,
                    0.0,
                    0.0,
                    1.0
                ]
            ],
            "size": [
                0.2,
                0.3,
                0.22
            ]
        },
        "collider2": {
            "type": "Box",
            "collider2origin": [
                [
                    0.0245753902433782,
                    -0.870812182845064,
                    0.49100121425817306,
                    0.29529037126917773
                ],
                [
                    0.04352395077278781,
                    0.491615848194947,
                    0.8697238202514007,
                    1.1466933644711568
                ],
                [
                    -0.998750076797751,
                    -3.489607888124493e-06,
                    0.04998283789771265,
                    -0.08760851468915565
                ],
                [
                    0.0,
                    0.0,
                    0.0,
                    1.0
                ]
            ],
            "size": [
                0.15068,
                0.17726,
                0.74884
            ]
        },
        "distance": 0.06371092373124415
    },
    {
        "case": 1,
        "collider1": {
            "type": "Box",
            "collider2origin": [
                [
                    0.718022042059392,
                    -0.6960203640101781,
                    0.0,
                    0.13748258467077087
                ],
                [
                    0.6960203640101781,
                    0.718022042059392,
                    0.0,
                    1.5384737068316263
                ],
                [
                    0.0,
                    0.0,
                    1.0,
                    -0.21500000000000008
                ],
                [
                    0.0,
                    0.0,
                    0.0,
                    1.0
                ]
            ],
            "size": [
                0.2,
                0.3,
                0.22
            ]
        },
        "collider2": {
            "type": "Box",
            "collider2origin": [
                [
                    0.0245753902433782,
                    -0.870812182845064,
                    0.49100121425817306,
                    0.29529037126917773
                ],
                [
                    0.04352395077278781,
                    0.491615848194947,
                    0.8697238202514007,
                    1.1466933644711568
                ],
                [
                    -0.998750076797751,
                    -3.489607888124493e-06,
                    0.04998283789771265,
                    -0.08760851468915565
                ],
                [
                    0.0,
                    0.0,
                    0.0,
                    1.0
                ]
            ],
            "size": [
                0.15068,
                0.17726,
                0.74884
            ]
        },
        "distance": 0.06922355494883875
    },
    {
        "case": 2,
        "collider1": {
            "type": "Box",
            "collider2origin": [
                [
                    0.8404842512412337,
                    -0.5418359746412772,
                    0.0,
                    0.011439976095501792
                ],
                [
                    0.5418359746412771,
                    0.8404842512412338,
                    0.0,
                    1.4325762997644957
                ],
                [
                    0.0,
                    0.0,
                    1.0,
                    -0.21500000000000008
                ],
                [
                    0.0,
                    0.0,
                    0.0,
                    1.0
                ]
            ],
            "size": [
                0.2,
                0.3,
                0.22
            ]
        },
        "collider2": {
            "type": "Box",
            "collider2origin": [
                [
                    0.0245753902433782,
                    -0.870812182845064,
                    0.49100121425817306,
                    0.29529037126917773
                ],
                [
                    0.04352395077278781,
                    0.491615848194947,
                    0.8697238202514007,
                    1.1466933644711568
                ],
                [
                    -0.998750076797751,
                    -3.489607888124493e-06,
                    0.04998283789771265,
                    -0.08760851468915565
                ],
                [
                    0.0,
                    0.0,
                    0.0,
                    1.0
                ]
            ],
            "size": [
                0.15068,
                0.17726,
                0.74884
            ]
        },
        "distance": 0.11978723542586495
    },
    {
        "case": 3,
        "collider1": {
            "type": "Box",
            "collider2origin": [
                [
                    0.9081427509232697,
                    -0.4186606548811531,
                    0.0,
                    -0.09474126814702305
                ],
                [
                    0.41866065488115317,
                    0.9081427509232698,
                    0.0,
                    1.368923948110301
                ],
                [
                    0.0,
                    0.0,
                    1.0,
                    -0.21500000000000008
                ],
                [
                    0.0,
                    0.0,
                    0.0,
                    1.0
                ]
            ],
            "size": [
                0.2,
                0.3,
                0.22
            ]
        },
        "collider2": {
            "type": "Box",
            "collider2origin": [
                [
                    0.0245753902433782,
                    -0.870812182845064,
                    0.49100121425817306,
                    0.29529037126917773
                ],
                [
                    0.04352395077278781,
                    0.491615848194947,
                    0.8697238202514007,
                    1.1466933644711568
                ],
                [
                    -0.998750076797751,
                    -3.489607888124493e-06,
                    0.04998283789771265,
                    -0.08760851468915565
                ],
                [
                    0.0,
                    0.0,
                    0.0,
                    1.0
                ]
            ],
            "size": [
                0.15068,
                0.17726,
                0.74884
            ]
        },
        "distance": 0.1801114598987792
    },
    {
        "case": 4,
        "collider1": {
            "type": "Box",
            "collider2origin": [
                [
                    -0.49996093967317806,
                    0.8660479541001831,
                    0.0,
                    0.23518030403224222
                ],
                [
                    -0.8660479541001831,
                    -0.49996093967317806,
                    0.0,
                    1.6545490191575776
                ],
                [
                    0.0,
                    0.0,
                    1.0,
                    -0.21500000000000008
                ],
                [
                    0.0,
                    0.0,
                    0.0,
                    1.0
                ]
            ],
            "size": [
                0.2,
                0.3,
                0.22
            ]
        },
        "collider2": {
            "type": "Box",
            "collider2origin": [
                [
                    0.0245753902433782,
                    -0.870812182845064,
                    0.49100121425817306,
                    0.29529037126917773
                ],
                [
                    0.04352395077278781,
                    0.491615848194947,
                    0.8697238202514007,
                    1.1466933644711568
                ],
                [
                    -0.998750076797751,
                    -3.489607888124493e-06,
                    0.04998283789771265,
                    -0.08760851468915565
                ],
                [
                    0.0,
                    0.0,
                    0.0,
                    1.0
                ]
            ],
            "size": [
                0.15068,
                0.17726,
                0.74884
            ]
        },
        "distance": 0.06371092373124415
    },
    {
        "case": 5,
        "collider1": {
            "type": "Box",
            "collider2origin": [
                [
                    0.718022042059392,
                    -0.6960203640101781,
                    0.0,
                    0.13748258467077087
                ],
                [
                    0.6960203640101781,
                    0.718022042059392,
                    0.0,
                    1.5384737068316263
                ],
                [
                    0.0,
                    0.0,
                    1.0,
                    -0.21500000000000008
                ],
                [
                    0.0,
                    0.0,
                    0.0,
                    1.0
                ]
            ],
            "size": [
                0.2,
                0.3,
                0.22
            ]
        },
        "collider2": {
            "type": "Box",
            "collider2origin": [
                [
                    0.0245753902433782,
                    -0.870812182845064,
                    0.49100121425817306,
                    0.29529037126917773
                ],
                [
                    0.04352395077278781,
                    0.491615848194947,
                    0.8697238202514007,
                    1.1466933644711568
                ],
                [
                    -0.998750076797751,
                    -3.489607888124493e-06,
                    0.04998283789771265,
                    -0.08760851468915565
                ],
                [
                    0.0,
                    0.0,
                    0.0,
                    1.0
                ]
            ],
            "size": [
                0.15068,
                0.17726,
                0.74884
            ]
        },
        "distance": 0.06922355494883875
    },
    {
        "case": 6,
        "collider1": {
            "type": "Box",
            "collider2origin": [
                [
                    0.8404842512412337,
                    -0.5418359746412772,
                    0.0,
                    0.011439976095501792
                ],
                [
                    0.5418359746412771,
                    0.8404842512412338,
                    0.0,
                    1.4325762997644957
                ],
                [
                    0.0,
                    0.0,
                    1.0,
                    -0.21500000000000008
                ],
                [
                    0.0,
                    0.0,
                    0.0,
                    1.0
                ]
            ],
            "size": [
                0.2,
                0.3,
                0.22
            ]
        },
        "collider2": {
            "type": "Box",
            "collider2origin": [
                [
                    0.0245753902433782,
                    -0.870812182845064,
                    0.49100121425817306,
                    0.29529037126917773
                ],
                [
                    0.04352395077278781,
                    0.491615848194947,
                    0.8697238202514007,
                    1.1466933644711568
                ],
                [
                    -0.998750076797751,
                    -3.489607888124493e-06,
                    0.04998283789771265,
                    -0.08760851468915565
                ],
                [
                    0.0,
                    0.0,
                    0.0,
                    1.0
                ]
            ],
            "size": [
                0.15068,
                0.17726,
                0.74884
            ]
        },
        "distance": 0.11978723542586495
    },
    {
        "case": 7,
        "collider1": {
            "type": "Box",
            "collider2origin": [
                [
                    0.9081427509232697,
                    -0.4186606548811531,
                    0.0,
                    -0.09474126814702305
                ],
                [
                    0.41866065488115317,
                    0.9081427509232698,
                    0.0,
                    1.368923948110301
                ],
                [
                    0.0,
                    0.0,
                    1.0,
                    -0.21500000000000008
                ],
                [
                    0.0,
                    0.0,
                    0.0,
                    1.0
                ]
            ],
            "size": [
                0.2,
                0.3,
                0.22
            ]
        },
        "collider2": {
            "type": "Box",
            "collider2origin": [
                [
                    0.0245753902433782,
                    -0.870812182845064,
                    0.49100121425817306,
                    0.29529037126917773
                ],
                [
                    0.04352395077278781,
                    0.491615848194947,
                    0.8697238202514007,
                    1.1466933644711568
                ],
                [
                    -0.998750076797751,
                    -3.489607888124493e-06,
                    0.04998283789771265,
                    -0.08760851468915565
                ],
                [
                    0.0,
                    0.0,
                    0.0,
                    1.0
                ]
            ],
            "size": [
                0.15068,
                0.17726,
                0.74884
            ]
        },
        "distance": 0.1801114598987792
    },
    {
        "case": 8,
        "collider1": {
            "type": "Box",
            "collider2origin": [
                [
                    0.9077781725128689,
                    0.4194505805326724,
                    0.0,
                    0.4158817547107895
                ],
                [
                    -0.4194505805326724,
                    0.9077781725128689,
                    0.0,
                    0.733173894971941
                ],
                [
                    0.0,
                    0.0,
                    1.0,
                    -0.6599999999999999
                ],
                [
                    0.0,
                    0.0,
                    0.0,
                    1.0
                ]
            ],
            "size": [
                0.6,
                1.0,
                0.8
            ]
        },
        "collider2": {
            "type": "Box",
            "collider2origin": [
                [
                    -0.46653126883560503,
                    -0.870813416956772,
                    0.15502441113163984,
                    0.6020161811303861
                ],
                [
                    -0.826388640200061,
                    0.49161366213401725,
                    0.2745866394263834,
                    1.4330167611896658
                ],
                [
                    -0.31532584820616094,
                    -7.1590159956223965e-06,
                    -0.9489834610791767,
                    -0.33817665030898736
                ],
                [
                    0.0,
                    0.0,
                    0.0,
                    1.0
                ]
            ],
            "size": [
                0.1202,
                0.13634,
                0.67816
            ]
        },
        "distance": 0.11281413164273715
    },
    {
        "case": 9,
        "collider1": {
            "type": "Box",
            "collider2origin": [
                [
                    0.907778172512869,
                    0.4194505805326725,
                    0.0,
                    0.3318610395686135
                ],
                [
                    -0.4194505805326725,
                    0.907778172512869,
                    0.0,
                    1.862570334354233
                ],
                [
                    0.0,
                    0.0,
                    1.0,
                    -0.21500000000000008
                ],
                [
                    0.0,
                    0.0,
                    0.0,
                    1.0
                ]
            ],
            "size": [
                0.3,
                0.46,
                0.22
            ]
        },
        "collider2": {
            "type": "Box",
            "collider2origin": [
                [
                    -0.46653126883560503,
                    -0.870813416956772,
                    0.15502441113163984,
                    0.6020161811303861
                ],
                [
                    -0.826388640200061,
                    0.49161366213401725,
                    0.2745866394263834,
                    1.4330167611896658
                ],
                [
                    -0.31532584820616094,
                    -7.1590159956223965e-06,
                    -0.9489834610791767,
                    -0.33817665030898736
                ],
                [
                    0.0,
                    0.0,
                    0.0,
                    1.0
                ]
            ],
            "size": [
                0.1202,
                0.13634,
                0.67816
            ]
        },
        "distance": 0.21011834537201807
    }
]