[
    {
        "case": 0,
        "collider1": {
            "type": "Box",
            "collider2origin": [
                [
                    0.9077781725128689,
                    0.4194505805326724,
                    0.0,
                    0.4158817547107895
                ],
                [
                    -0.4194505805326724,
                    0.9077781725128689,
                    0.0,
                    0.733173894971941
                ],
                [
                    0.0,
                    0.0,
                    1.0,
                    -0.6599999999999999
                ],
                [
                    0.0,
                    0.0,
                    0.0,
                    1.0
                ]
            ],
            "size": [
                0.6,
                1.0,
                0.8
            ]
        },
        "collider2": {
            "type": "Box",
            "collider2origin": [
                [
                    0.9361849700472336,
                    0.3070359990556565,
                    -0.17113327304050327,
                    0.30216307636353806
                ],
                [
                    0.30203260661201403,
                    -0.9516979012432472,
                    -0.05520334511921395,
                    0.6173004171594613
                ],
                [
                    -0.17981659100542657,
                    -7.286537530288959e-06,
                    -0.983700154287928,
                    -0.39776339324039944
                ],
                [
                    0.0,
                    0.0,
                    0.0,
                    1.0
                ]
            ],
            "size": [
                0.15068,
                0.17726,
                0.74884
            ]
        },
        "distance": 0.0
    },
    {
        "case": 1,
        "collider1": {
            "type": "Box",
            "collider2origin": [
                [
                    0.9077781725128689,
                    0.4194505805326724,
                    0.0,
                    0.27063700059322826
                ],
                [
                    -0.4194505805326724,
                    0.9077781725128689,
                    0.0,
                    0.8002854543438492
                ],
                [
                    0.0,
                    0.0,
                    1.0,
                    -0.25
                ],
                [
                    0.0,
                    0.0,
                    0.0,
                    1.0
                ]
            ],
            "size": [
                0.2,
                0.2,
                0.02
            ]
        },
        "collider2": {
            "type": "Box",
            "collider2origin": [
                [
                    0.9361849700472336,
                    0.3070359990556565,
                    -0.17113327304050327,
                    0.30216307636353806
                ],
                [
                    0.30203260661201403,
                    -0.9516979012432472,
                    -0.05520334511921395,
                    0.6173004171594613
                ],
                [
                    -0.17981659100542657,
                    -7.286537530288959e-06,
                    -0.983700154287928,
                    -0.39776339324039944
                ],
                [
                    0.0,
                    0.0,
                    0.0,
                    1.0
                ]
            ],
            "size": [
                0.15068,
                0.17726,
                0.74884
            ]
        },
        "distance": 0.0
    },
    {
        "case": 2,
        "collider1": {
            "type": "Box",
            "collider2origin": [
                [
                    0.9077781725128689,
                    0.4194505805326724,
                    0.0,
                    0.4158817547107895
                ],
                [
                    -0.4194505805326724,
                    0.9077781725128689,
                    0.0,
                    0.733173894971941
                ],
                [
                    0.0,
                    0.0,
                    1.0,
                    -0.6599999999999999
                ],
                [
                    0.0,
                    0.0,
                    0.0,
                    1.0
                ]
            ],
            "size": [
                0.6,
                1.0,
                0.8
            ]
        },
        "collider2": {
            "type": "Box",
            "collider2origin": [
                [
                    0.9361849700472336,
                    0.3070359990556565,
                    -0.17113327304050327,
                    0.30216307636353806
                ],
                [
                    0.30203260661201403,
                    -0.9516979012432472,
                    -0.05520334511921395,
                    0.6173004171594613
                ],
                [
                    -0.17981659100542657,
                    -7.286537530288959e-06,
                    -0.983700154287928,
                    -0.39776339324039944
                ],
                [
                    0.0,
                    0.0,
                    0.0,
                    1.0
                ]
            ],
            "size": [
                0.15068,
                0.17726,
                0.74884
            ]
        },
        "distance": 0.0
    },
    {
        "case": 3,
        "collider1": {
            "type": "Box",
            "collider2origin": [
                [
                    0.9077781725128689,
                    0.4194505805326724,
                    0.0,
                    0.27063700059322826
                ],
                [
                    -0.4194505805326724,
                    0.9077781725128689,
                    0.0,
                    0.8002854543438492
                ],
                [
                    0.0,
                    0.0,
                    1.0,
                    -0.25
                ],
                [
                    0.0,
                    0.0,
                    0.0,
                    1.0
                ]
            ],
            "size": [
                0.2,
                0.2,
                0.02
            ]
        },
        "collider2": {
            "type": "Box",
            "collider2origin": [
                [
                    0.9361849700472336,
                    0.3070359990556565,
                    -0.17113327304050327,
                    0.30216307636353806
                ],
                [
                    0.30203260661201403,
                    -0.9516979012432472,
                    -0.05520334511921395,
                    0.6173004171594613
                ],
                [
                    -0.17981659100542657,
                    -7.286537530288959e-06,
                    -0.983700154287928,
                    -0.39776339324039944
                ],
                [
                    0.0,
                    0.0,
                    0.0,
                    1.0
                ]
            ],
            "size": [
                0.15068,
                0.17726,
                0.74884
            ]
        },
        "distance": 0.0
    },
    {
        "case": 4,
        "collider1": {
            "type": "Box",
            "collider2origin": [
                [
                    0.9077781725128689,
                    0.4194505805326724,
                    0.0,
                    0.4158817547107895
                ],
                [
                    -0.4194505805326724,
                    0.9077781725128689,
                    0.0,
                    0.733173894971941
                ],
                [
                    0.0,
                    0.0,
                    1.0,
                    -0.6599999999999999
                ],
                [
                    0.0,
                    0.0,
                    0.0,
                    1.0
                ]
            ],
            "size": [
                0.6,
                1.0,
                0.8
            ]
        },
        "collider2": {
            "type": "Box",
            "collider2origin": [
                [
                    0.6487106560661157,
                    0.30703406982361836,
                    -0.6963508919171538,
                    0.014774144959683266
                ],
                [
                    0.20928979878847664,
                    -0.9516985236561997,
                    -0.22465017292156442,
                    0.6573371863156696
                ],
                [
                    -0.7316913726629206,
                    -6.176994202979514e-06,
                    -0.6816360723527589,
                    -0.8957985494097582
                ],
                [
                    0.0,
                    0.0,
                    0.0,
                    1.0
                ]
            ],
            "size": [
                0.1202,
                0.13634,
                0.67816
            ]
        },
        "distance": 0.0
    },
    {
        "case": 5,
        "collider1": {
            "type": "Box",
            "collider2origin": [
                [
                    0.9077781725128689,
                    0.4194505805326724,
                    0.0,
                    0.4158817547107895
                ],
                [
                    -0.4194505805326724,
                    0.9077781725128689,
                    0.0,
                    0.733173894971941
                ],
                [
                    0.0,
                    0.0,
                    1.0,
                    -0.6599999999999999
                ],
                [
                    0.0,
                    0.0,
                    0.0,
                    1.0
                ]
            ],
            "size": [
                0.6,
                1.0,
                0.8
            ]
        },
        "collider2": {
            "type": "Box",
            "collider2origin": [
                [
                    0.2803166092115895,
                    -0.28373698932917074,
                    0.9170146779013602,
                    -0.05086289242789088
                ],
                [
                    -0.9551515511108192,
                    0.012532246546739017,
                    0.29585208670396074,
                    0.5147205072172675
                ],
                [
                    -0.09543643439857293,
                    -0.9588202457618997,
                    -0.2674988286074858,
                    -1.1268470056330644
                ],
                [
                    0.0,
                    0.0,
                    0.0,
                    1.0
                ]
            ],
            "size": [
                0.09126,
                0.11887,
                0.10009
            ]
        },
        "distance": 0.008548374677712143
    }
]