[
    {
        "case": 0,
        "collider1": {
            "type": "Box",
            "collider2origin": [
                [
                    0.718022042059392,
                    -0.6960203640101781,
                    0.0,
                    0.13748258467077087
                ],
                [
                    0.6960203640101781,
                    0.718022042059392,
                    0.0,
                    1.5384737068316263
                ],
                [
                    0.0,
                    0.0,
                    1.0,
                    -0.21500000000000008
                ],
                [
                    0.0,
                    0.0,
                    0.0,
                    1.0
                ]
            ],
            "size": [
                0.2,
                0.3,
                0.22
            ]
        },
        "collider2": {
            "type": "Box",
            "collider2origin": [
                [
                    0.061235105465776,
                    0.9885782763620393,
                    -0.13770712895001033,
                    0.43123356634859966
                ],
                [
                    -0.4016613723902593,
                    0.15070829937433336,
                    0.9033023582551248,
                    1.0973075458045058
                ],
                [
                    0.9137386955733946,
                    -2.1807732532467333e-06,
                    0.40630234580552865,
                    0.019087506629906326
                ],
                [
                    0.0,
                    0.0,
                    0.0,
                    1.0
                ]
            ],
            "size": [
                0.15068,
                0.17726,
                0.74884
            ]
        },
        "distance": 0.18976923108264418
    },
    {
        "case": 1,
        "collider1": {
            "type": "Box",
            "collider2origin": [
                [
                    0.718022042059392,
                    -0.6960203640101781,
                    0.0,
                    0.13748258467077087
                ],
                [
                    0.6960203640101781,
                    0.718022042059392,
                    0.0,
                    1.5384737068316263
                ],
                [
                    0.0,
                    0.0,
                    1.0,
                    -0.21500000000000008
                ],
                [
                    0.0,
                    0.0,
                    0.0,
                    1.0
                ]
            ],
            "size": [
                0.2,
                0.3,
                0.22
            ]
        },
        "collider2": {
            "type": "Box",
            "collider2origin": [
                [
                    0.061235105465776,
                    0.9885782763620393,
                    -0.13770712895001033,
                    0.43123356634859966
                ],
                [
                    -0.4016613723902593,
                    0.15070829937433336,
                    0.9033023582551248,
                    1.0973075458045058
                ],
                [
                    0.9137386955733946,
                    -2.1807732532467333e-06,
                    0.40630234580552865,
                    0.019087506629906326
                ],
                [
                    0.0,
                    0.0,
                    0.0,
                    1.0
                ]
            ],
            "size": [
                0.15068,
                0.17726,
                0.74884
            ]
        },
        "distance": 0.18976923108264418
    }
]