[
    {
        "case": 0,
        "collider1": {
            "type": "Box",
            "collider2origin": [
                [
                    0.9077781725128689,
                    0.4194505805326724,
                    0.0,
                    0.4158817547107895
                ],
                [
                    -0.4194505805326724,
                    0.9077781725128689,
                    0.0,
                    0.733173894971941
                ],
                [
                    0.0,
                    0.0,
                    1.0,
                    -0.6599999999999999
                ],
                [
                    0.0,
                    0.0,
                    0.0,
                    1.0
                ]
            ],
            "size": [
                0.6,
                1.0,
                0.8
            ]
        },
        "collider2": {
            "type": "Box",
            "collider2origin": [
                [
                    -0.08615972642747172,
                    -0.9935155079937749,
                    0.07418515294730288,
                    0.14885250236185574
                ],
                [
                    -0.7529264368359154,
                    0.11369668128041306,
                    0.6482089519432699,
                    1.0143620310274597
                ],
                [
                    -0.6524402518664184,
                    -6.456907469873805e-06,
                    -0.757840166329809,
                    -0.32996543096456543
                ],
                [
                    0.0,
                    0.0,
                    0.0,
                    1.0
                ]
            ],
            "size": [
                0.15068,
                0.17726,
                0.74884
            ]
        },
        "distance": 0.0
    },
    {
        "case": 1,
        "collider1": {
            "type": "Box",
            "collider2origin": [
                [
                    0.9077781725128689,
                    0.4194505805326724,
                    0.0,
                    0.27063700059322826
                ],
                [
                    -0.4194505805326724,
                    0.9077781725128689,
                    0.0,
                    0.8002854543438492
                ],
                [
                    0.0,
                    0.0,
                    1.0,
                    -0.25
                ],
                [
                    0.0,
                    0.0,
                    0.0,
                    1.0
                ]
            ],
            "size": [
                0.2,
                0.2,
                0.02
            ]
        },
        "collider2": {
            "type": "Box",
            "collider2origin": [
                [
                    -0.08615972642747172,
                    -0.9935155079937749,
                    0.07418515294730288,
                    0.14885250236185574
                ],
                [
                    -0.7529264368359154,
                    0.11369668128041306,
                    0.6482089519432699,
                    1.0143620310274597
                ],
                [
                    -0.6524402518664184,
                    -6.456907469873805e-06,
                    -0.757840166329809,
                    -0.32996543096456543
                ],
                [
                    0.0,
                    0.0,
                    0.0,
                    1.0
                ]
            ],
            "size": [
                0.15068,
                0.17726,
                0.74884
            ]
        },
        "distance": 0.0
    },
    {
        "case": 2,
        "collider1": {
            "type": "Box",
            "collider2origin": [
                [
                    0.8404842512412337,
                    -0.5418359746412772,
                    0.0,
                    0.011439976095501792
                ],
                [
                    0.5418359746412771,
                    0.8404842512412338,
                    0.0,
                    1.4325762997644957
                ],
                [
                    0.0,
                    0.0,
                    1.0,
                    -0.21500000000000008
                ],
                [
                    0.0,
                    0.0,
                    0.0,
                    1.0
                ]
            ],
            "size": [
                0.2,
                0.3,
                0.22
            ]
        },
        "collider2": {
            "type": "Box",
            "collider2origin": [
                [
                    -0.08615972642747172,
                    -0.9935155079937749,
                    0.07418515294730288,
                    0.14885250236185574
                ],
                [
                    -0.7529264368359154,
                    0.11369668128041306,
                    0.6482089519432699,
                    1.0143620310274597
                ],
                [
                    -0.6524402518664184,
                    -6.456907469873805e-06,
                    -0.757840166329809,
                    -0.32996543096456543
                ],
                [
                    0.0,
                    0.0,
                    0.0,
                    1.0
                ]
            ],
            "size": [
                0.15068,
                0.17726,
                0.74884
            ]
        },
        "distance": 0.12168572131966324
    },
    {
        "case": 3,
        "collider1": {
            "type": "Box",
            "collider2origin": [
                [
                    0.9081427509232697,
                    -0.4186606548811531,
                    0.0,
                    -0.09474126814702305
                ],
                [
                    0.41866065488115317,
                    0.9081427509232698,
                    0.0,
                    1.368923948110301
                ],
                [
                    0.0,
                    0.0,
                    1.0,
                    -0.21500000000000008
                ],
                [
                    0.0,
                    0.0,
                    0.0,
                    1.0
                ]
            ],
            "size": [
                0.2,
                0.3,
                0.22
            ]
        },
        "collider2": {
            "type": "Box",
            "collider2origin": [
                [
                    -0.08615972642747172,
                    -0.9935155079937749,
                    0.07418515294730288,
                    0.14885250236185574
                ],
                [
                    -0.7529264368359154,
                    0.11369668128041306,
                    0.6482089519432699,
                    1.0143620310274597
                ],
                [
                    -0.6524402518664184,
                    -6.456907469873805e-06,
                    -0.757840166329809,
                    -0.32996543096456543
                ],
                [
                    0.0,
                    0.0,
                    0.0,
                    1.0
                ]
            ],
            "size": [
                0.15068,
                0.17726,
                0.74884
            ]
        },
        "distance": 0.11811994586067089
    },
    {
        "case": 4,
        "collider1": {
            "type": "Box",
            "collider2origin": [
                [
                    0.9077781725128689,
                    0.4194505805326724,
                    0.0,
                    0.4158817547107895
                ],
                [
                    -0.4194505805326724,
                    0.9077781725128689,
                    0.0,
                    0.733173894971941
                ],
                [
                    0.0,
                    0.0,
                    1.0,
                    -0.6599999999999999
                ],
                [
                    0.0,
                    0.0,
                    0.0,
                    1.0
                ]
            ],
            "size": [
                0.6,
                1.0,
                0.8
            ]
        },
        "collider2": {
            "type": "Box",
            "collider2origin": [
                [
                    -0.08615972642747172,
                    -0.9935155079937749,
                    0.07418515294730288,
                    0.14885250236185574
                ],
                [
                    -0.7529264368359154,
                    0.11369668128041306,
                    0.6482089519432699,
                    1.0143620310274597
                ],
                [
                    -0.6524402518664184,
                    -6.456907469873805e-06,
                    -0.757840166329809,
                    -0.32996543096456543
                ],
                [
                    0.0,
                    0.0,
                    0.0,
                    1.0
                ]
            ],
            "size": [
                0.15068,
                0.17726,
                0.74884
            ]
        },
        "distance": 0.0
    },
    {
        "case": 5,
        "collider1": {
            "type": "Box",
            "collider2origin": [
                [
                    0.9077781725128689,
                    0.4194505805326724,
                    0.0,
                    0.27063700059322826
                ],
                [
                    -0.4194505805326724,
                    0.9077781725128689,
                    0.0,
                    0.8002854543438492
                ],
                [
                    0.0,
                    0.0,
                    1.0,
                    -0.25
                ],
                [
                    0.0,
                    0.0,
                    0.0,
                    1.0
                ]
            ],
            "size": [
                0.2,
                0.2,
                0.02
            ]
        },
        "collider2": {
            "type": "Box",
            "collider2origin": [
                [
                    -0.08615972642747172,
                    -0.9935155079937749,
                    0.07418515294730288,
                    0.14885250236185574
                ],
                [
                    -0.7529264368359154,
                    0.11369668128041306,
                    0.6482089519432699,
                    1.0143620310274597
                ],
                [
                    -0.6524402518664184,
                    -6.456907469873805e-06,
                    -0.757840166329809,
                    -0.32996543096456543
                ],
                [
                    0.0,
                    0.0,
                    0.0,
                    1.0
                ]
            ],
            "size": [
                0.15068,
                0.17726,
                0.74884
            ]
        },
        "distance": 0.0
    },
    {
        "case": 6,
        "collider1": {
            "type": "Box",
            "collider2origin": [
                [
                    0.8404842512412337,
                    -0.5418359746412772,
                    0.0,
                    0.011439976095501792
                ],
                [
                    0.5418359746412771,
                    0.8404842512412338,
                    0.0,
                    1.4325762997644957
                ],
                [
                    0.0,
                    0.0,
                    1.0,
                    -0.21500000000000008
                ],
                [
                    0.0,
                    0.0,
                    0.0,
                    1.0
                ]
            ],
            "size": [
                0.2,
                0.3,
                0.22
            ]
        },
        "collider2": {
            "type": "Box",
            "collider2origin": [
                [
                    -0.08615972642747172,
                    -0.9935155079937749,
                    0.07418515294730288,
                    0.14885250236185574
                ],
                [
                    -0.7529264368359154,
                    0.11369668128041306,
                    0.6482089519432699,
                    1.0143620310274597
                ],
                [
                    -0.6524402518664184,
                    -6.456907469873805e-06,
                    -0.757840166329809,
                    -0.32996543096456543
                ],
                [
                    0.0,
                    0.0,
                    0.0,
                    1.0
                ]
            ],
            "size": [
                0.15068,
                0.17726,
                0.74884
            ]
        },
        "distance": 0.12168572131966324
    },
    {
        "case": 7,
        "collider1": {
            "type": "Box",
            "collider2origin": [
                [
                    0.9081427509232697,
                    -0.4186606548811531,
                    0.0,
                    -0.09474126814702305
                ],
                [
                    0.41866065488115317,
                    0.9081427509232698,
                    0.0,
                    1.368923948110301
                ],
                [
                    0.0,
                    0.0,
                    1.0,
                    -0.21500000000000008
                ],
                [
                    0.0,
                    0.0,
                    0.0,
                    1.0
                ]
            ],
            "size": [
                0.2,
                0.3,
                0.22
            ]
        },
        "collider2": {
            "type": "Box",
            "collider2origin": [
                [
                    -0.08615972642747172,
                    -0.9935155079937749,
                    0.07418515294730288,
                    0.14885250236185574
                ],
                [
                    -0.7529264368359154,
                    0.11369668128041306,
                    0.6482089519432699,
                    1.0143620310274597
                ],
                [
                    -0.6524402518664184,
                    -6.456907469873805e-06,
                    -0.757840166329809,
                    -0.32996543096456543
                ],
                [
                    0.0,
                    0.0,
                    0.0,
                    1.0
                ]
            ],
            "size": [
                0.15068,
                0.17726,
                0.74884
            ]
        },
        "distance": 0.11811994586067089
    },
    {
        "case": 8,
        "collider1": {
            "type": "Box",
            "collider2origin": [
                [
                    0.9077781725128689,
                    0.4194505805326724,
                    0.0,
                    0.4158817547107895
                ],
                [
                    -0.4194505805326724,
                    0.9077781725128689,
                    0.0,
                    0.733173894971941
                ],
                [
                    0.0,
                    0.0,
                    1.0,
                    -0.6599999999999999
                ],
                [
                    0.0,
                    0.0,
                    0.0,
                    1.0
                ]
            ],
            "size": [
                0.6,
                1.0,
                0.8
            ]
        },
        "collider2": {
            "type": "Box",
            "collider2origin": [
                [
                    -0.06134966416020747,
                    -0.9935154288728143,
                    0.09572518633618664,
                    0.324355018932581
                ],
                [
                    -0.5361302352472331,
                    0.11369737270352666,
                    0.8364432307658792,
                    1.4367499185942783
                ],
                [
                    -0.8419029573301048,
                    -5.655372939339232e-06,
                    -0.539628956234597,
                    -0.7177483226125024
                ],
                [
                    0.0,
                    0.0,
                    0.0,
                    1.0
                ]
            ],
            "size": [
                0.1202,
                0.13634,
                0.67816
            ]
        },
        "distance": 0.0
    }
]