[
    {
        "case": 0,
        "collider1": {
            "type": "Box",
            "collider2origin": [
                [
                    0.907778172512869,
                    0.4194505805326725,
                    0.0,
                    -1.612083837096907
                ],
                [
                    -0.4194505805326725,
                    0.907778172512869,
                    0.0,
                    -0.24654756573714753
                ],
                [
                    0.0,
                    0.0,
                    1.0,
                    -0.040000000000000036
                ],
                [
                    0.0,
                    0.0,
                    0.0,
                    1.0
                ]
            ],
            "size": [
                2.0,
                2.0,
                2.0
            ]
        },
        "collider2": {
            "type": "Box",
            "collider2origin": [
                [
                    -0.40317166725753223,
                    -0.6089531644495156,
                    -0.6831022253130954,
                    -0.011157220190664396
                ],
                [
                    0.30952131279800765,
                    -0.7932061796933121,
                    0.5244239824990263,
                    0.8188334343185657
                ],
                [
                    -0.8611905501366,
                    -1.8061801823690799e-06,
                    0.5082822408388452,
                    0.049853952996920636
                ],
                [
                    0.0,
                    0.0,
                    0.0,
                    1.0
                ]
            ],
            "size": [
                0.15068,
                0.17726,
                0.74884
            ]
        },
        "distance": 0.5357614947560386
    },
    {
        "case": 1,
        "collider1": {
            "type": "Box",
            "collider2origin": [
                [
                    0.907778172512869,
                    0.4194505805326725,
                    0.0,
                    -0.7418785952877999
                ],
                [
                    -0.4194505805326725,
                    0.907778172512869,
                    0.0,
                    1.2791466490804724
                ],
                [
                    0.0,
                    0.0,
                    1.0,
                    0.27
                ],
                [
                    0.0,
                    0.0,
                    0.0,
                    1.0
                ]
            ],
            "size": [
                0.52,
                1.16,
                0.6
            ]
        },
        "collider2": {
            "type": "Box",
            "collider2origin": [
                [
                    -0.40317166725753223,
                    -0.6089531644495156,
                    -0.6831022253130954,
                    -0.011157220190664396
                ],
                [
                    0.30952131279800765,
                    -0.7932061796933121,
                    0.5244239824990263,
                    0.8188334343185657
                ],
                [
                    -0.8611905501366,
                    -1.8061801823690799e-06,
                    0.5082822408388452,
                    0.049853952996920636
                ],
                [
                    0.0,
                    0.0,
                    0.0,
                    1.0
                ]
            ],
            "size": [
                0.15068,
                0.17726,
                0.74884
            ]
        },
        "distance": 0.22500955277431606
    },
    {
        "case": 2,
        "collider1": {
            "type": "Box",
            "collider2origin": [
                [
                    0.907778172512869,
                    0.4194505805326725,
                    0.0,
                    -1.612083837096907
                ],
                [
                    -0.4194505805326725,
                    0.907778172512869,
                    0.0,
                    -0.24654756573714753
                ],
                [
                    0.0,
                    0.0,
                    1.0,
                    -0.040000000000000036
                ],
                [
                    0.0,
                    0.0,
                    0.0,
                    1.0
                ]
            ],
            "size": [
                2.0,
                2.0,
                2.0
            ]
        },
        "collider2": {
            "type": "Box",
            "collider2origin": [
                [
                    -0.40317166725753223,
                    -0.6089531644495156,
                    -0.6831022253130954,
                    -0.011157220190664396
                ],
                [
                    0.30952131279800765,
                    -0.7932061796933121,
                    0.5244239824990263,
                    0.8188334343185657
                ],
                [
                    -0.8611905501366,
                    -1.8061801823690799e-06,
                    0.5082822408388452,
                    0.049853952996920636
                ],
                [
                    0.0,
                    0.0,
                    0.0,
                    1.0
                ]
            ],
            "size": [
                0.15068,
                0.17726,
                0.74884
            ]
        },
        "distance": 0.5357614947560386
    },
    {
        "case": 3,
        "collider1": {
            "type": "Box",
            "collider2origin": [
                [
                    0.907778172512869,
                    0.4194505805326725,
                    0.0,
                    -0.7418785952877999
                ],
                [
                    -0.4194505805326725,
                    0.907778172512869,
                    0.0,
                    1.2791466490804724
                ],
                [
                    0.0,
                    0.0,
                    1.0,
                    0.27
                ],
                [
                    0.0,
                    0.0,
                    0.0,
                    1.0
                ]
            ],
            "size": [
                0.52,
                1.16,
                0.6
            ]
        },
        "collider2": {
            "type": "Box",
            "collider2origin": [
                [
                    -0.40317166725753223,
                    -0.6089531644495156,
                    -0.6831022253130954,
                    -0.011157220190664396
                ],
                [
                    0.30952131279800765,
                    -0.7932061796933121,
                    0.5244239824990263,
                    0.8188334343185657
                ],
                [
                    -0.8611905501366,
                    -1.8061801823690799e-06,
                    0.5082822408388452,
                    0.049853952996920636
                ],
                [
                    0.0,
                    0.0,
                    0.0,
                    1.0
                ]
            ],
            "size": [
                0.15068,
                0.17726,
                0.74884
            ]
        },
        "distance": 0.22500955277431606
    }
]