[
    {
        "case": 0,
        "collider1": {
            "type": "Box",
            "collider2origin": [
                [
                    0.907778172512869,
                    0.4194505805326725,
                    0.0,
                    1.1611274528425521
                ],
                [
                    -0.4194505805326725,
                    0.907778172512869,
                    0.0,
                    2.3937174098575977
                ],
                [
                    0.0,
                    0.0,
                    1.0,
                    -0.040000000000000036
                ],
                [
                    0.0,
                    0.0,
                    0.0,
                    1.0
                ]
            ],
            "size": [
                0.62,
                1.2,
                2.0
            ]
        },
        "collider2": {
            "type": "Box",
            "collider2origin": [
                [
                    -0.41693031003007397,
                    0.5064825091897204,
                    0.7547480271342951,
                    0.7735082651277113
                ],
                [
                    -0.6185990805747278,
                    -0.766503067260909,
                    0.1726505875800006,
                    1.712702686514553
                ],
                [
                    0.6659611806181552,
                    -0.3949031726442606,
                    0.6328879759840357,
                    -0.5625415634262241
                ],
                [
                    0.0,
                    0.0,
                    0.0,
                    1.0
                ]
            ],
            "size": [
                0.06241,
                0.05638,
                0.02858
            ]
        },
        "distance": 0.1374272400486576
    },
    {
        "case": 1,
        "collider1": {
            "type": "Box",
            "collider2origin": [
                [
                    -0.49996093967317806,
                    0.8660479541001831,
                    0.0,
                    0.23518030403224222
                ],
                [
                    -0.8660479541001831,
                    -0.49996093967317806,
                    0.0,
                    1.6545490191575776
                ],
                [
                    0.0,
                    0.0,
                    1.0,
                    -0.21500000000000008
                ],
                [
                    0.0,
                    0.0,
                    0.0,
                    1.0
                ]
            ],
            "size": [
                0.2,
                0.3,
                0.22
            ]
        },
        "collider2": {
            "type": "Box",
            "collider2origin": [
                [
                    0.038116392065439306,
                    -0.8789550650475504,
                    0.47537893756788424,
                    0.28918156012862045
                ],
                [
                    0.07024303668888604,
                    0.4769045959265172,
                    0.8761437793997565,
                    1.146048794854591
                ],
                [
                    -0.9968014127461083,
                    -3.3796485923228503e-06,
                    0.07991835543816232,
                    -0.07862895020081817
                ],
                [
                    0.0,
                    0.0,
                    0.0,
                    1.0
                ]
            ],
            "size": [
                0.15068,
                0.17726,
                0.74884
            ]
        },
        "distance": 0.05237904812730999
    },
    {
        "case": 2,
        "collider1": {
            "type": "Box",
            "collider2origin": [
                [
                    0.718022042059392,
                    -0.6960203640101781,
                    0.0,
                    0.13748258467077087
                ],
                [
                    0.6960203640101781,
                    0.718022042059392,
                    0.0,
                    1.5384737068316263
                ],
                [
                    0.0,
                    0.0,
                    1.0,
                    -0.21500000000000008
                ],
                [
                    0.0,
                    0.0,
                    0.0,
                    1.0
                ]
            ],
            "size": [
                0.2,
                0.3,
                0.22
            ]
        },
        "collider2": {
            "type": "Box",
            "collider2origin": [
                [
                    0.038116392065439306,
                    -0.8789550650475504,
                    0.47537893756788424,
                    0.28918156012862045
                ],
                [
                    0.07024303668888604,
                    0.4769045959265172,
                    0.8761437793997565,
                    1.146048794854591
                ],
                [
                    -0.9968014127461083,
                    -3.3796485923228503e-06,
                    0.07991835543816232,
                    -0.07862895020081817
                ],
                [
                    0.0,
                    0.0,
                    0.0,
                    1.0
                ]
            ],
            "size": [
                0.15068,
                0.17726,
                0.74884
            ]
        },
        "distance": 0.05880874059744279
    },
    {
        "case": 3,
        "collider1": {
            "type": "Box",
            "collider2origin": [
                [
                    0.8404842512412337,
                    -0.5418359746412772,
                    0.0,
                    0.011439976095501792
                ],
                [
                    0.5418359746412771,
                    0.8404842512412338,
                    0.0,
                    1.4325762997644957
                ],
                [
                    0.0,
                    0.0,
                    1.0,
                    -0.21500000000000008
                ],
                [
                    0.0,
                    0.0,
                    0.0,
                    1.0
                ]
            ],
            "size": [
                0.2,
                0.3,
                0.22
            ]
        },
        "collider2": {
            "type": "Box",
            "collider2origin": [
                [
                    0.038116392065439306,
                    -0.8789550650475504,
                    0.47537893756788424,
                    0.28918156012862045
                ],
                [
                    0.07024303668888604,
                    0.4769045959265172,
                    0.8761437793997565,
                    1.146048794854591
                ],
                [
                    -0.9968014127461083,
                    -3.3796485923228503e-06,
                    0.07991835543816232,
                    -0.07862895020081817
                ],
                [
                    0.0,
                    0.0,
                    0.0,
                    1.0
                ]
            ],
            "size": [
                0.15068,
                0.17726,
                0.74884
            ]
        },
        "distance": 0.11254232133485968
    },
    {
        "case": 4,
        "collider1": {
            "type": "Box",
            "collider2origin": [
                [
                    0.9081427509232697,
                    -0.4186606548811531,
                    0.0,
                    -0.09474126814702305
                ],
                [
                    0.41866065488115317,
                    0.9081427509232698,
                    0.0,
                    1.368923948110301
                ],
                [
                    0.0,
                    0.0,
                    1.0,
                    -0.21500000000000008
                ],
                [
                    0.0,
                    0.0,
                    0.0,
                    1.0
                ]
            ],
            "size": [
                0.2,
                0.3,
                0.22
            ]
        },
        "collider2": {
            "type": "Box",
            "collider2origin": [
                [
                    0.038116392065439306,
                    -0.8789550650475504,
                    0.47537893756788424,
                    0.28918156012862045
                ],
                [
                    0.07024303668888604,
                    0.4769045959265172,
                    0.8761437793997565,
                    1.146048794854591
                ],
                [
                    -0.9968014127461083,
                    -3.3796485923228503e-06,
                    0.07991835543816232,
                    -0.07862895020081817
                ],
                [
                    0.0,
                    0.0,
                    0.0,
                    1.0
                ]
            ],
            "size": [
                0.15068,
                0.17726,
                0.74884
            ]
        },
        "distance": 0.17509343728174864
    },
    {
        "case": 5,
        "collider1": {
            "type": "Box",
            "collider2origin": [
                [
                    -0.49996093967317806,
                    0.8660479541001831,
                    0.0,
                    0.23518030403224222
                ],
                [
                    -0.8660479541001831,
                    -0.49996093967317806,
                    0.0,
                    1.6545490191575776
                ],
                [
                    0.0,
                    0.0,
                    1.0,
                    -0.21500000000000008
                ],
                [
                    0.0,
                    0.0,
                    0.0,
                    1.0
                ]
            ],
            "size": [
                0.2,
                0.3,
                0.22
            ]
        },
        "collider2": {
            "type": "Box",
            "collider2origin": [
                [
                    0.038116392065439306,
                    -0.8789550650475504,
                    0.47537893756788424,
                    0.28918156012862045
                ],
                [
                    0.07024303668888604,
                    0.4769045959265172,
                    0.8761437793997565,
                    1.146048794854591
                ],
                [
                    -0.9968014127461083,
                    -3.3796485923228503e-06,
                    0.07991835543816232,
                    -0.07862895020081817
                ],
                [
                    0.0,
                    0.0,
                    0.0,
                    1.0
                ]
            ],
            "size": [
                0.15068,
                0.17726,
                0.74884
            ]
        },
        "distance": 0.05237904812730999
    },
    {
        "case": 6,
        "collider1": {
            "type": "Box",
            "collider2origin": [
                [
                    0.718022042059392,
                    -0.6960203640101781,
                    0.0,
                    0.13748258467077087
                ],
                [
                    0.6960203640101781,
                    0.718022042059392,
                    0.0,
                    1.5384737068316263
                ],
                [
                    0.0,
                    0.0,
                    1.0,
                    -0.21500000000000008
                ],
                [
                    0.0,
                    0.0,
                    0.0,
                    1.0
                ]
            ],
            "size": [
                0.2,
                0.3,
                0.22
            ]
        },
        "collider2": {
            "type": "Box",
            "collider2origin": [
                [
                    0.038116392065439306,
                    -0.8789550650475504,
                    0.47537893756788424,
                    0.28918156012862045
                ],
                [
                    0.07024303668888604,
                    0.4769045959265172,
                    0.8761437793997565,
                    1.146048794854591
                ],
                [
                    -0.9968014127461083,
                    -3.3796485923228503e-06,
                    0.07991835543816232,
                    -0.07862895020081817
                ],
                [
                    0.0,
                    0.0,
                    0.0,
                    1.0
                ]
            ],
            "size": [
                0.15068,
                0.17726,
                0.74884
            ]
        },
        "distance": 0.05880874059744279
    },
    {
        "case": 7,
        "collider1": {
            "type": "Box",
            "collider2origin": [
                [
                    0.8404842512412337,
                    -0.5418359746412772,
                    0.0,
                    0.011439976095501792
                ],
                [
                    0.5418359746412771,
                    0.8404842512412338,
                    0.0,
                    1.4325762997644957
                ],
                [
                    0.0,
                    0.0,
                    1.0,
                    -0.21500000000000008
                ],
                [
                    0.0,
                    0.0,
                    0.0,
                    1.0
                ]
            ],
            "size": [
                0.2,
                0.3,
                0.22
            ]
        },
        "collider2": {
            "type": "Box",
            "collider2origin": [
                [
                    0.038116392065439306,
                    -0.8789550650475504,
                    0.47537893756788424,
                    0.28918156012862045
                ],
                [
                    0.07024303668888604,
                    0.4769045959265172,
                    0.8761437793997565,
                    1.146048794854591
                ],
                [
                    -0.9968014127461083,
                    -3.3796485923228503e-06,
                    0.07991835543816232,
                    -0.07862895020081817
                ],
                [
                    0.0,
                    0.0,
                    0.0,
                    1.0
                ]
            ],
            "size": [
                0.15068,
                0.17726,
                0.74884
            ]
        },
        "distance": 0.11254232133485968
    },
    {
        "case": 8,
        "collider1": {
            "type": "Box",
            "collider2origin": [
                [
                    0.9081427509232697,
                    -0.4186606548811531,
                    0.0,
                    -0.09474126814702305
                ],
                [
                    0.41866065488115317,
                    0.9081427509232698,
                    0.0,
                    1.368923948110301
                ],
                [
                    0.0,
                    0.0,
                    1.0,
                    -0.21500000000000008
                ],
                [
                    0.0,
                    0.0,
                    0.0,
                    1.0
                ]
            ],
            "size": [
                0.2,
                0.3,
                0.22
            ]
        },
        "collider2": {
            "type": "Box",
            "collider2origin": [
                [
                    0.038116392065439306,
                    -0.8789550650475504,
                    0.47537893756788424,
                    0.28918156012862045
                ],
                [
                    0.07024303668888604,
                    0.4769045959265172,
                    0.8761437793997565,
                    1.146048794854591
                ],
                [
                    -0.9968014127461083,
                    -3.3796485923228503e-06,
                    0.07991835543816232,
                    -0.07862895020081817
                ],
                [
                    0.0,
                    0.0,
                    0.0,
                    1.0
                ]
            ],
            "size": [
                0.15068,
                0.17726,
                0.74884
            ]
        },
        "distance": 0.17509343728174864
    },
    {
        "case": 9,
        "collider1": {
            "type": "Box",
            "collider2origin": [
                [
                    0.9077781725128689,
                    0.4194505805326724,
                    0.0,
                    0.4158817547107895
                ],
                [
                    -0.4194505805326724,
                    0.9077781725128689,
                    0.0,
                    0.733173894971941
                ],
                [
                    0.0,
                    0.0,
                    1.0,
                    -0.6599999999999999
                ],
                [
                    0.0,
                    0.0,
                    0.0,
                    1.0
                ]
            ],
            "size": [
                0.6,
                1.0,
                0.8
            ]
        },
        "collider2": {
            "type": "Box",
            "collider2origin": [
                [
                    -0.3108566464986979,
                    -0.8789554827227043,
                    0.3616702983647977,
                    0.6499935708730792
                ],
                [
                    -0.5729326128445008,
                    0.47690382610635823,
                    0.666566547153613,
                    1.5461264700829447
                ],
                [
                    -0.7583642702994102,
                    -6.067514005390566e-06,
                    -0.6518309853761389,
                    -0.2365069700638589
                ],
                [
                    0.0,
                    0.0,
                    0.0,
                    1.0
                ]
            ],
            "size": [
                0.1202,
                0.13634,
                0.67816
            ]
        },
        "distance": 0.174288068049904
    },
    {
        "case": 10,
        "collider1": {
            "type": "Box",
            "collider2origin": [
                [
                    0.907778172512869,
                    0.4194505805326725,
                    0.0,
                    1.1611274528425521
                ],
                [
                    -0.4194505805326725,
                    0.907778172512869,
                    0.0,
                    2.3937174098575977
                ],
                [
                    0.0,
                    0.0,
                    1.0,
                    -0.040000000000000036
                ],
                [
                    0.0,
                    0.0,
                    0.0,
                    1.0
                ]
            ],
            "size": [
                0.62,
                1.2,
                2.0
            ]
        },
        "collider2": {
            "type": "Box",
            "collider2origin": [
                [
                    -0.3108566464986979,
                    -0.8789554827227043,
                    0.3616702983647977,
                    0.6499935708730792
                ],
                [
                    -0.5729326128445008,
                    0.47690382610635823,
                    0.666566547153613,
                    1.5461264700829447
                ],
                [
                    -0.7583642702994102,
                    -6.067514005390566e-06,
                    -0.6518309853761389,
                    -0.2365069700638589
                ],
                [
                    0.0,
                    0.0,
                    0.0,
                    1.0
                ]
            ],
            "size": [
                0.1202,
                0.13634,
                0.67816
            ]
        },
        "distance": 0.08373142367214147
    },
    {
        "case": 11,
        "collider1": {
            "type": "Cylinder",
            "collider2origin": [
                [
                    0.907778172512869,
                    0.4194505805326725,
                    0.0,
                    0.41976000612504893
                ],
                [
                    -0.4194505805326725,
                    0.907778172512869,
                    0.0,
                    1.6236691588060355
                ],
                [
                    0.0,
                    0.0,
                    1.0,
                    -0.18000000000000016
                ],
                [
                    0.0,
                    0.0,
                    0.0,
                    1.0
                ]
            ],
            "radius": 0.04,
            "height": 0.3
        },
        "collider2": {
            "type": "Box",
            "collider2origin": [
                [
                    -0.3108566464986979,
                    -0.8789554827227043,
                    0.3616702983647977,
                    0.6499935708730792
                ],
                [
                    -0.5729326128445008,
                    0.47690382610635823,
                    0.666566547153613,
                    1.5461264700829447
                ],
                [
                    -0.7583642702994102,
                    -6.067514005390566e-06,
                    -0.6518309853761389,
                    -0.2365069700638589
                ],
                [
                    0.0,
                    0.0,
                    0.0,
                    1.0
                ]
            ],
            "size": [
                0.1202,
                0.13634,
                0.67816
            ]
        },
        "distance": 0.13117476096301633
    },
    {
        "case": 12,
        "collider1": {
            "type": "Box",
            "collider2origin": [
                [
                    0.907778172512869,
                    0.4194505805326725,
                    0.0,
                    0.3318610395686135
                ],
                [
                    -0.4194505805326725,
                    0.907778172512869,
                    0.0,
                    1.862570334354233
                ],
                [
                    0.0,
                    0.0,
                    1.0,
                    -0.21500000000000008
                ],
                [
                    0.0,
                    0.0,
                    0.0,
                    1.0
                ]
            ],
            "size": [
                0.3,
                0.46,
                0.22
            ]
        },
        "collider2": {
            "type": "Box",
            "collider2origin": [
                [
                    -0.3108566464986979,
                    -0.8789554827227043,
                    0.3616702983647977,
                    0.6499935708730792
                ],
                [
                    -0.5729326128445008,
                    0.47690382610635823,
                    0.666566547153613,
                    1.5461264700829447
                ],
                [
                    -0.7583642702994102,
                    -6.067514005390566e-06,
                    -0.6518309853761389,
                    -0.2365069700638589
                ],
                [
                    0.0,
                    0.0,
                    0.0,
                    1.0
                ]
            ],
            "size": [
                0.1202,
                0.13634,
                0.67816
            ]
        },
        "distance": 0.19790046190480945
    },
    {
        "case": 13,
        "collider1": {
            "type": "Box",
            "collider2origin": [
                [
                    0.907778172512869,
                    0.4194505805326725,
                    0.0,
                    1.1611274528425521
                ],
                [
                    -0.4194505805326725,
                    0.907778172512869,
                    0.0,
                    2.3937174098575977
                ],
                [
                    0.0,
                    0.0,
                    1.0,
                    -0.040000000000000036
                ],
                [
                    0.0,
                    0.0,
                    0.0,
                    1.0
                ]
            ],
            "size": [
                0.62,
                1.2,
                2.0
            ]
        },
        "collider2": {
            "type": "Box",
            "collider2origin": [
                [
                    -0.43676715128320703,
                    -0.8789561078087826,
                    0.19149573390962987,
                    0.6578968176372724
                ],
                [
                    -0.8049902042765912,
                    0.47690267402910624,
                    0.352922952671855,
                    1.7950372734326758
                ],
                [
                    -0.4015286124035055,
                    -7.037297064490503e-06,
                    -0.9158464791501857,
                    -0.42912899866876264
                ],
                [
                    0.0,
                    0.0,
                    0.0,
                    1.0
                ]
            ],
            "size": [
                0.09102,
                0.10007,
                0.11882
            ]
        },
        "distance": 0.085935139936303
    },
    {
        "case": 14,
        "collider1": {
            "type": "Box",
            "collider2origin": [
                [
                    0.907778172512869,
                    0.4194505805326725,
                    0.0,
                    1.1611274528425521
                ],
                [
                    -0.4194505805326725,
                    0.907778172512869,
                    0.0,
                    2.3937174098575977
                ],
                [
                    0.0,
                    0.0,
                    1.0,
                    -0.040000000000000036
                ],
                [
                    0.0,
                    0.0,
                    0.0,
                    1.0
                ]
            ],
            "size": [
                0.62,
                1.2,
                2.0
            ]
        },
        "collider2": {
            "type": "Box",
            "collider2origin": [
                [
                    -0.5115413861812057,
                    0.6308098718590439,
                    -0.5834417844043972,
                    0.7238824915701925
                ],
                [
                    -0.25120160778295764,
                    -0.7591295708636476,
                    -0.6005164834437362,
                    1.7777859304863304
                ],
                [
                    -0.821719637389218,
                    -0.16062752007532963,
                    0.5467866469870872,
                    -0.5446188827967271
                ],
                [
                    0.0,
                    0.0,
                    0.0,
                    1.0
                ]
            ],
            "size": [
                0.08993,
                0.0305,
                0.09007
            ]
        },
        "distance": 0.08058479542228453
    },
    {
        "case": 15,
        "collider1": {
            "type": "Box",
            "collider2origin": [
                [
                    0.907778172512869,
                    0.4194505805326725,
                    0.0,
                    1.1611274528425521
                ],
                [
                    -0.4194505805326725,
                    0.907778172512869,
                    0.0,
                    2.3937174098575977
                ],
                [
                    0.0,
                    0.0,
                    1.0,
                    -0.040000000000000036
                ],
                [
                    0.0,
                    0.0,
                    0.0,
                    1.0
                ]
            ],
            "size": [
                0.62,
                1.2,
                2.0
            ]
        },
        "collider2": {
            "type": "Box",
            "collider2origin": [
                [
                    0.7519339719983897,
                    0.6308127183634911,
                    0.19149573390962987,
                    0.6766510615861836
                ],
                [
                    0.5469670934527668,
                    -0.7591260686850453,
                    0.352922952671855,
                    1.833754301937373
                ],
                [
                    0.3679976908005775,
                    -0.16063289262679292,
                    -0.9158464791501857,
                    -0.5296856986714311
                ],
                [
                    0.0,
                    0.0,
                    0.0,
                    1.0
                ]
            ],
            "size": [
                0.09126,
                0.11887,
                0.10009
            ]
        },
        "distance": 0.029203589317354183
    }
]