[
    {
        "case": 0,
        "collider1": {
            "type": "Box",
            "collider2origin": [
                [
                    0.907778172512869,
                    0.4194505805326725,
                    0.0,
                    -1.612083837096907
                ],
                [
                    -0.4194505805326725,
                    0.907778172512869,
                    0.0,
                    -0.24654756573714753
                ],
                [
                    0.0,
                    0.0,
                    1.0,
                    -0.040000000000000036
                ],
                [
                    0.0,
                    0.0,
                    0.0,
                    1.0
                ]
            ],
            "size": [
                2.0,
                2.0,
                2.0
            ]
        },
        "collider2": {
            "type": "Box",
            "collider2origin": [
                [
                    0.8712101964598545,
                    -0.4863631494503929,
                    -0.06666093639513587,
                    -0.30802525302152733
                ],
                [
                    -0.4849450002533624,
                    -0.8737567663846054,
                    0.03711414725389972,
                    0.9553782894141765
                ],
                [
                    -0.07629639777635606,
                    -7.335703481410822e-06,
                    -0.9970851817335062,
                    -0.6267066998487539
                ],
                [
                    0.0,
                    0.0,
                    0.0,
                    1.0
                ]
            ],
            "size": [
                0.09102,
                0.10007,
                0.11882
            ]
        },
        "distance": 0.5844318848221536
    },
    {
        "case": 1,
        "collider1": {
            "type": "Box",
            "collider2origin": [
                [
                    0.907778172512869,
                    0.4194505805326725,
                    0.0,
                    -1.612083837096907
                ],
                [
                    -0.4194505805326725,
                    0.907778172512869,
                    0.0,
                    -0.24654756573714753
                ],
                [
                    0.0,
                    0.0,
                    1.0,
                    -0.040000000000000036
                ],
                [
                    0.0,
                    0.0,
                    0.0,
                    1.0
                ]
            ],
            "size": [
                2.0,
                2.0,
                2.0
            ]
        },
        "collider2": {
            "type": "Box",
            "collider2origin": [
                [
                    -0.8493590839476612,
                    -0.523589024020284,
                    -0.06666093639513587,
                    -0.31824973105566084
                ],
                [
                    -0.5265038405581979,
                    0.8493622583745309,
                    0.03711414725389972,
                    0.9576701142044337
                ],
                [
                    0.03718672334391908,
                    0.06662047714031563,
                    -0.9970851817335062,
                    -0.7356074788057212
                ],
                [
                    0.0,
                    0.0,
                    0.0,
                    1.0
                ]
            ],
            "size": [
                0.09126,
                0.11887,
                0.10009
            ]
        },
        "distance": 0.5647368593502273
    },
    {
        "case": 2,
        "collider1": {
            "type": "Box",
            "collider2origin": [
                [
                    0.907778172512869,
                    0.4194505805326725,
                    0.0,
                    -1.612083837096907
                ],
                [
                    -0.4194505805326725,
                    0.907778172512869,
                    0.0,
                    -0.24654756573714753
                ],
                [
                    0.0,
                    0.0,
                    1.0,
                    -0.040000000000000036
                ],
                [
                    0.0,
                    0.0,
                    0.0,
                    1.0
                ]
            ],
            "size": [
                2.0,
                2.0,
                2.0
            ]
        },
        "collider2": {
            "type": "Box",
            "collider2origin": [
                [
                    0.6220345146640998,
                    -0.4442748259548683,
                    -0.6447425389947287,
                    -0.3981471034211162
                ],
                [
                    0.4505047522153058,
                    0.8765598691046042,
                    -0.16937610252554558,
                    1.0945631078840297
                ],
                [
                    0.6404049740578402,
                    -0.18510179604231272,
                    0.7453984131348053,
                    -0.7331337150066616
                ],
                [
                    0.0,
                    0.0,
                    0.0,
                    1.0
                ]
            ],
            "size": [
                0.06241,
                0.05638,
                0.02858
            ]
        },
        "distance": 0.6824742531341917
    },
    {
        "case": 3,
        "collider1": {
            "type": "Box",
            "collider2origin": [
                [
                    0.907778172512869,
                    0.4194505805326725,
                    0.0,
                    -1.612083837096907
                ],
                [
                    -0.4194505805326725,
                    0.907778172512869,
                    0.0,
                    -0.24654756573714753
                ],
                [
                    0.0,
                    0.0,
                    1.0,
                    -0.040000000000000036
                ],
                [
                    0.0,
                    0.0,
                    0.0,
                    1.0
                ]
            ],
            "size": [
                2.0,
                2.0,
                2.0
            ]
        },
        "collider2": {
            "type": "Box",
            "collider2origin": [
                [
                    0.38651293385566865,
                    -0.5235859902681638,
                    0.7592532270311332,
                    -0.3568306590456009
                ],
                [
                    0.3064981287261515,
                    0.8493637004148168,
                    0.4296978025368716,
                    1.0216788770251546
                ],
                [
                    -0.8698658799203761,
                    0.06662593498447415,
                    0.4887681820022591,
                    -0.7339139997586753
                ],
                [
                    0.0,
                    0.0,
                    0.0,
                    1.0
                ]
            ],
            "size": [
                0.08993,
                0.0305,
                0.09007
            ]
        },
        "distance": 0.6176662162713574
    },
    {
        "case": 4,
        "collider1": {
            "type": "Box",
            "collider2origin": [
                [
                    0.907778172512869,
                    0.4194505805326725,
                    0.0,
                    -1.612083837096907
                ],
                [
                    -0.4194505805326725,
                    0.907778172512869,
                    0.0,
                    -0.24654756573714753
                ],
                [
                    0.0,
                    0.0,
                    1.0,
                    -0.040000000000000036
                ],
                [
                    0.0,
                    0.0,
                    0.0,
                    1.0
                ]
            ],
            "size": [
                2.0,
                2.0,
                2.0
            ]
        },
        "collider2": {
            "type": "Box",
            "collider2origin": [
                [
                    -0.072601357311193,
                    -0.48636610297431965,
                    -0.870733631367335,
                    -0.04607710484764371
                ],
                [
                    0.040416582017142745,
                    -0.8737551223690939,
                    0.48468390321097043,
                    0.7928801409504741
                ],
                [
                    -0.9965417918053531,
                    -3.3679872390824673e-06,
                    0.08309306333282339,
                    -0.07767665874852092
                ],
                [
                    0.0,
                    0.0,
                    0.0,
                    1.0
                ]
            ],
            "size": [
                0.15068,
                0.17726,
                0.74884
            ]
        },
        "distance": 0.5090298254463531
    },
    {
        "case": 5,
        "collider1": {
            "type": "Box",
            "collider2origin": [
                [
                    0.907778172512869,
                    0.4194505805326725,
                    0.0,
                    -0.7418785952877999
                ],
                [
                    -0.4194505805326725,
                    0.907778172512869,
                    0.0,
                    1.2791466490804724
                ],
                [
                    0.0,
                    0.0,
                    1.0,
                    0.27
                ],
                [
                    0.0,
                    0.0,
                    0.0,
                    1.0
                ]
            ],
            "size": [
                0.52,
                1.16,
                0.6
            ]
        },
        "collider2": {
            "type": "Box",
            "collider2origin": [
                [
                    -0.072601357311193,
                    -0.48636610297431965,
                    -0.870733631367335,
                    -0.04607710484764371
                ],
                [
                    0.040416582017142745,
                    -0.8737551223690939,
                    0.48468390321097043,
                    0.7928801409504741
                ],
                [
                    -0.9965417918053531,
                    -3.3679872390824673e-06,
                    0.08309306333282339,
                    -0.07767665874852092
                ],
                [
                    0.0,
                    0.0,
                    0.0,
                    1.0
                ]
            ],
            "size": [
                0.15068,
                0.17726,
                0.74884
            ]
        },
        "distance": 0.19757127867621269
    },
    {
        "case": 6,
        "collider1": {
            "type": "Box",
            "collider2origin": [
                [
                    0.907778172512869,
                    0.4194505805326725,
                    0.0,
                    -1.612083837096907
                ],
                [
                    -0.4194505805326725,
                    0.907778172512869,
                    0.0,
                    -0.24654756573714753
                ],
                [
                    0.0,
                    0.0,
                    1.0,
                    -0.040000000000000036
                ],
                [
                    0.0,
                    0.0,
                    0.0,
                    1.0
                ]
            ],
            "size": [
                2.0,
                2.0,
                2.0
            ]
        },
        "collider2": {
            "type": "Box",
            "collider2origin": [
                [
                    -0.072601357311193,
                    -0.48636610297431965,
                    -0.870733631367335,
                    -0.04607710484764371
                ],
                [
                    0.040416582017142745,
                    -0.8737551223690939,
                    0.48468390321097043,
                    0.7928801409504741
                ],
                [
                    -0.9965417918053531,
                    -3.3679872390824673e-06,
                    0.08309306333282339,
                    -0.07767665874852092
                ],
                [
                    0.0,
                    0.0,
                    0.0,
                    1.0
                ]
            ],
            "size": [
                0.15068,
                0.17726,
                0.74884
            ]
        },
        "distance": 0.5090298254463531
    },
    {
        "case": 7,
        "collider1": {
            "type": "Box",
            "collider2origin": [
                [
                    0.907778172512869,
                    0.4194505805326725,
                    0.0,
                    -0.7418785952877999
                ],
                [
                    -0.4194505805326725,
                    0.907778172512869,
                    0.0,
                    1.2791466490804724
                ],
                [
                    0.0,
                    0.0,
                    1.0,
                    0.27
                ],
                [
                    0.0,
                    0.0,
                    0.0,
                    1.0
                ]
            ],
            "size": [
                0.52,
                1.16,
                0.6
            ]
        },
        "collider2": {
            "type": "Box",
            "collider2origin": [
                [
                    -0.072601357311193,
                    -0.48636610297431965,
                    -0.870733631367335,
                    -0.04607710484764371
                ],
                [
                    0.040416582017142745,
                    -0.8737551223690939,
                    0.48468390321097043,
                    0.7928801409504741
                ],
                [
                    -0.9965417918053531,
                    -3.3679872390824673e-06,
                    0.08309306333282339,
                    -0.07767665874852092
                ],
                [
                    0.0,
                    0.0,
                    0.0,
                    1.0
                ]
            ],
            "size": [
                0.15068,
                0.17726,
                0.74884
            ]
        },
        "distance": 0.19757127867621269
    },
    {
        "case": 8,
        "collider1": {
            "type": "Box",
            "collider2origin": [
                [
                    0.907778172512869,
                    0.4194505805326725,
                    0.0,
                    -1.612083837096907
                ],
                [
                    -0.4194505805326725,
                    0.907778172512869,
                    0.0,
                    -0.24654756573714753
                ],
                [
                    0.0,
                    0.0,
                    1.0,
                    -0.040000000000000036
                ],
                [
                    0.0,
                    0.0,
                    0.0,
                    1.0
                ]
            ],
            "size": [
                2.0,
                2.0,
                2.0
            ]
        },
        "collider2": {
            "type": "Box",
            "collider2origin": [
                [
                    0.8737410872685978,
                    -0.4863628852740069,
                    0.00525892067174735,
                    -0.2549191450856562
                ],
                [
                    -0.48635412646055565,
                    -0.873756913434151,
                    -0.002918886913789024,
                    1.053723809971566
                ],
                [
                    0.006014656555319976,
                    -7.346343764937087e-06,
                    -0.9999819117626839,
                    -0.33223480585584686
                ],
                [
                    0.0,
                    0.0,
                    0.0,
                    1.0
                ]
            ],
            "size": [
                0.1202,
                0.13634,
                0.67816
            ]
        },
        "distance": 0.6769849229263475
    },
    {
        "case": 9,
        "collider1": {
            "type": "Box",
            "collider2origin": [
                [
                    0.907778172512869,
                    0.4194505805326725,
                    0.0,
                    -0.7418785952877999
                ],
                [
                    -0.4194505805326725,
                    0.907778172512869,
                    0.0,
                    1.2791466490804724
                ],
                [
                    0.0,
                    0.0,
                    1.0,
                    0.27
                ],
                [
                    0.0,
                    0.0,
                    0.0,
                    1.0
                ]
            ],
            "size": [
                0.52,
                1.16,
                0.6
            ]
        },
        "collider2": {
            "type": "Box",
            "collider2origin": [
                [
                    0.8737410872685978,
                    -0.4863628852740069,
                    0.00525892067174735,
                    -0.2549191450856562
                ],
                [
                    -0.48635412646055565,
                    -0.873756913434151,
                    -0.002918886913789024,
                    1.053723809971566
                ],
                [
                    0.006014656555319976,
                    -7.346343764937087e-06,
                    -0.9999819117626839,
                    -0.33223480585584686
                ],
                [
                    0.0,
                    0.0,
                    0.0,
                    1.0
                ]
            ],
            "size": [
                0.1202,
                0.13634,
                0.67816
            ]
        },
        "distance": 0.20952786469527465
    }
]