[
    {
        "case": 0,
        "collider1": {
            "type": "Box",
            "collider2origin": [
                [
                    0.9077781725128689,
                    0.4194505805326724,
                    0.0,
                    0.4158817547107895
                ],
                [
                    -0.4194505805326724,
                    0.9077781725128689,
                    0.0,
                    0.733173894971941
                ],
                [
                    0.0,
                    0.0,
                    1.0,
                    -0.6599999999999999
                ],
                [
                    0.0,
                    0.0,
                    0.0,
                    1.0
                ]
            ],
            "size": [
                0.6,
                1.0,
                0.8
            ]
        },
        "collider2": {
            "type": "Box",
            "collider2origin": [
                [
                    0.6045974034656584,
                    -0.6629401906681385,
                    -0.44155665924032445,
                    0.05177642695475637
                ],
                [
                    -0.5353583531106523,
                    -0.7486723606176529,
                    0.39100016649848274,
                    0.7866669166111168
                ],
                [
                    -0.5897909913496762,
                    -6.639523681261677e-06,
                    -0.8075559339628943,
                    -0.34488486569560384
                ],
                [
                    0.0,
                    0.0,
                    0.0,
                    1.0
                ]
            ],
            "size": [
                0.15068,
                0.17726,
                0.74884
            ]
        },
        "distance": 0.0
    },
    {
        "case": 1,
        "collider1": {
            "type": "Box",
            "collider2origin": [
                [
                    0.9077781725128689,
                    0.4194505805326724,
                    0.0,
                    0.27063700059322826
                ],
                [
                    -0.4194505805326724,
                    0.9077781725128689,
                    0.0,
                    0.8002854543438492
                ],
                [
                    0.0,
                    0.0,
                    1.0,
                    -0.25
                ],
                [
                    0.0,
                    0.0,
                    0.0,
                    1.0
                ]
            ],
            "size": [
                0.2,
                0.2,
                0.02
            ]
        },
        "collider2": {
            "type": "Box",
            "collider2origin": [
                [
                    0.6045974034656584,
                    -0.6629401906681385,
                    -0.44155665924032445,
                    0.05177642695475637
                ],
                [
                    -0.5353583531106523,
                    -0.7486723606176529,
                    0.39100016649848274,
                    0.7866669166111168
                ],
                [
                    -0.5897909913496762,
                    -6.639523681261677e-06,
                    -0.8075559339628943,
                    -0.34488486569560384
                ],
                [
                    0.0,
                    0.0,
                    0.0,
                    1.0
                ]
            ],
            "size": [
                0.15068,
                0.17726,
                0.74884
            ]
        },
        "distance": 0.0
    },
    {
        "case": 2,
        "collider1": {
            "type": "Box",
            "collider2origin": [
                [
                    0.9077781725128689,
                    0.4194505805326724,
                    0.0,
                    0.4158817547107895
                ],
                [
                    -0.4194505805326724,
                    0.9077781725128689,
                    0.0,
                    0.733173894971941
                ],
                [
                    0.0,
                    0.0,
                    1.0,
                    -0.6599999999999999
                ],
                [
                    0.0,
                    0.0,
                    0.0,
                    1.0
                ]
            ],
            "size": [
                0.6,
                1.0,
                0.8
            ]
        },
        "collider2": {
            "type": "Box",
            "collider2origin": [
                [
                    0.6045974034656584,
                    -0.6629401906681385,
                    -0.44155665924032445,
                    0.05177642695475637
                ],
                [
                    -0.5353583531106523,
                    -0.7486723606176529,
                    0.39100016649848274,
                    0.7866669166111168
                ],
                [
                    -0.5897909913496762,
                    -6.639523681261677e-06,
                    -0.8075559339628943,
                    -0.34488486569560384
                ],
                [
                    0.0,
                    0.0,
                    0.0,
                    1.0
                ]
            ],
            "size": [
                0.15068,
                0.17726,
                0.74884
            ]
        },
        "distance": 0.0
    },
    {
        "case": 3,
        "collider1": {
            "type": "Box",
            "collider2origin": [
                [
                    0.9077781725128689,
                    0.4194505805326724,
                    0.0,
                    0.27063700059322826
                ],
                [
                    -0.4194505805326724,
                    0.9077781725128689,
                    0.0,
                    0.8002854543438492
                ],
                [
                    0.0,
                    0.0,
                    1.0,
                    -0.25
                ],
                [
                    0.0,
                    0.0,
                    0.0,
                    1.0
                ]
            ],
            "size": [
                0.2,
                0.2,
                0.02
            ]
        },
        "collider2": {
            "type": "Box",
            "collider2origin": [
                [
                    0.6045974034656584,
                    -0.6629401906681385,
                    -0.44155665924032445,
                    0.05177642695475637
                ],
                [
                    -0.5353583531106523,
                    -0.7486723606176529,
                    0.39100016649848274,
                    0.7866669166111168
                ],
                [
                    -0.5897909913496762,
                    -6.639523681261677e-06,
                    -0.8075559339628943,
                    -0.34488486569560384
                ],
                [
                    0.0,
                    0.0,
                    0.0,
                    1.0
                ]
            ],
            "size": [
                0.15068,
                0.17726,
                0.74884
            ]
        },
        "distance": 0.0
    },
    {
        "case": 4,
        "collider1": {
            "type": "Box",
            "collider2origin": [
                [
                    0.9077781725128689,
                    0.4194505805326724,
                    0.0,
                    0.4158817547107895
                ],
                [
                    -0.4194505805326724,
                    0.9077781725128689,
                    0.0,
                    0.733173894971941
                ],
                [
                    0.0,
                    0.0,
                    1.0,
                    -0.6599999999999999
                ],
                [
                    0.0,
                    0.0,
                    0.0,
                    1.0
                ]
            ],
            "size": [
                0.6,
                1.0,
                0.8
            ]
        },
        "collider2": {
            "type": "Box",
            "collider2origin": [
                [
                    0.2776981437051537,
                    -0.6629411225892958,
                    -0.6952645604104642,
                    -0.1971515115321399
                ],
                [
                    -0.24589266984582345,
                    -0.7486715354243718,
                    0.6156522776384463,
                    1.175842068821739
                ],
                [
                    -0.9286659980309414,
                    -5.035659534538972e-06,
                    -0.3709170582163044,
                    -0.7008631183865963
                ],
                [
                    0.0,
                    0.0,
                    0.0,
                    1.0
                ]
            ],
            "size": [
                0.1202,
                0.13634,
                0.67816
            ]
        },
        "distance": 0.09963741392000176
    },
    {
        "case": 5,
        "collider1": {
            "type": "Box",
            "collider2origin": [
                [
                    0.907778172512869,
                    0.4194505805326725,
                    0.0,
                    -1.612083837096907
                ],
                [
                    -0.4194505805326725,
                    0.907778172512869,
                    0.0,
                    -0.24654756573714753
                ],
                [
                    0.0,
                    0.0,
                    1.0,
                    -0.040000000000000036
                ],
                [
                    0.0,
                    0.0,
                    0.0,
                    1.0
                ]
            ],
            "size": [
                2.0,
                2.0,
                2.0
            ]
        },
        "collider2": {
            "type": "Box",
            "collider2origin": [
                [
                    0.2776981437051537,
                    -0.6629411225892958,
                    -0.6952645604104642,
                    -0.1971515115321399
                ],
                [
                    -0.24589266984582345,
                    -0.7486715354243718,
                    0.6156522776384463,
                    1.175842068821739
                ],
                [
                    -0.9286659980309414,
                    -5.035659534538972e-06,
                    -0.3709170582163044,
                    -0.7008631183865963
                ],
                [
                    0.0,
                    0.0,
                    0.0,
                    1.0
                ]
            ],
            "size": [
                0.1202,
                0.13634,
                0.67816
            ]
        },
        "distance": 0.722389363316728
    },
    {
        "case": 6,
        "collider1": {
            "type": "Cylinder",
            "collider2origin": [
                [
                    0.907778172512869,
                    0.4194505805326725,
                    0.0,
                    -0.07232761537572224
                ],
                [
                    -0.4194505805326725,
                    0.907778172512869,
                    0.0,
                    1.2000044650142188
                ],
                [
                    0.0,
                    0.0,
                    1.0,
                    -0.5800000000000001
                ],
                [
                    0.0,
                    0.0,
                    0.0,
                    1.0
                ]
            ],
            "radius": 0.04,
            "height": 0.96
        },
        "collider2": {
            "type": "Box",
            "collider2origin": [
                [
                    0.2776981437051537,
                    -0.6629411225892958,
                    -0.6952645604104642,
                    -0.1971515115321399
                ],
                [
                    -0.24589266984582345,
                    -0.7486715354243718,
                    0.6156522776384463,
                    1.175842068821739
                ],
                [
                    -0.9286659980309414,
                    -5.035659534538972e-06,
                    -0.3709170582163044,
                    -0.7008631183865963
                ],
                [
                    0.0,
                    0.0,
                    0.0,
                    1.0
                ]
            ],
            "size": [
                0.1202,
                0.13634,
                0.67816
            ]
        },
        "distance": 0.0
    }
]