[
    {
        "case": 0,
        "collider1": {
            "type": "Box",
            "collider2origin": [
                [
                    0.718022042059392,
                    -0.6960203640101781,
                    0.0,
                    0.13748258467077087
                ],
                [
                    0.6960203640101781,
                    0.718022042059392,
                    0.0,
                    1.5384737068316263
                ],
                [
                    0.0,
                    0.0,
                    1.0,
                    -0.21500000000000008
                ],
                [
                    0.0,
                    0.0,
                    0.0,
                    1.0
                ]
            ],
            "size": [
                0.2,
                0.3,
                0.22
            ]
        },
        "collider2": {
            "type": "Box",
            "collider2origin": [
                [
                    -0.04273408308977698,
                    -0.5946674727369645,
                    0.8028352228266442,
                    0.4370362777640039
                ],
                [
                    -0.03161358809922407,
                    0.8039717637166535,
                    0.5938265607008717,
                    1.1184590169352093
                ],
                [
                    -0.9985861901658606,
                    -3.868460082767104e-06,
                    -0.053156568691614954,
                    -0.11854725872972605
                ],
                [
                    0.0,
                    0.0,
                    0.0,
                    1.0
                ]
            ],
            "size": [
                0.15068,
                0.17726,
                0.74884
            ]
        },
        "distance": 0.2652495818279678
    },
    {
        "case": 1,
        "collider1": {
            "type": "Box",
            "collider2origin": [
                [
                    0.8404842512412337,
                    -0.5418359746412772,
                    0.0,
                    0.011439976095501792
                ],
                [
                    0.5418359746412771,
                    0.8404842512412338,
                    0.0,
                    1.4325762997644957
                ],
                [
                    0.0,
                    0.0,
                    1.0,
                    -0.21500000000000008
                ],
                [
                    0.0,
                    0.0,
                    0.0,
                    1.0
                ]
            ],
            "size": [
                0.2,
                0.3,
                0.22
            ]
        },
        "collider2": {
            "type": "Box",
            "collider2origin": [
                [
                    -0.04273408308977698,
                    -0.5946674727369645,
                    0.8028352228266442,
                    0.4370362777640039
                ],
                [
                    -0.03161358809922407,
                    0.8039717637166535,
                    0.5938265607008717,
                    1.1184590169352093
                ],
                [
                    -0.9985861901658606,
                    -3.868460082767104e-06,
                    -0.053156568691614954,
                    -0.11854725872972605
                ],
                [
                    0.0,
                    0.0,
                    0.0,
                    1.0
                ]
            ],
            "size": [
                0.15068,
                0.17726,
                0.74884
            ]
        },
        "distance": 0.2608901931355275
    },
    {
        "case": 2,
        "collider1": {
            "type": "Box",
            "collider2origin": [
                [
                    0.718022042059392,
                    -0.6960203640101781,
                    0.0,
                    0.13748258467077087
                ],
                [
                    0.6960203640101781,
                    0.718022042059392,
                    0.0,
                    1.5384737068316263
                ],
                [
                    0.0,
                    0.0,
                    1.0,
                    -0.21500000000000008
                ],
                [
                    0.0,
                    0.0,
                    0.0,
                    1.0
                ]
            ],
            "size": [
                0.2,
                0.3,
                0.22
            ]
        },
        "collider2": {
            "type": "Box",
            "collider2origin": [
                [
                    -0.04273408308977698,
                    -0.5946674727369645,
                    0.8028352228266442,
                    0.4370362777640039
                ],
                [
                    -0.03161358809922407,
                    0.8039717637166535,
                    0.5938265607008717,
                    1.1184590169352093
                ],
                [
                    -0.9985861901658606,
                    -3.868460082767104e-06,
                    -0.053156568691614954,
                    -0.11854725872972605
                ],
                [
                    0.0,
                    0.0,
                    0.0,
                    1.0
                ]
            ],
            "size": [
                0.15068,
                0.17726,
                0.74884
            ]
        },
        "distance": 0.2652495818279678
    },
    {
        "case": 3,
        "collider1": {
            "type": "Box",
            "collider2origin": [
                [
                    0.8404842512412337,
                    -0.5418359746412772,
                    0.0,
                    0.011439976095501792
                ],
                [
                    0.5418359746412771,
                    0.8404842512412338,
                    0.0,
                    1.4325762997644957
                ],
                [
                    0.0,
                    0.0,
                    1.0,
                    -0.21500000000000008
                ],
                [
                    0.0,
                    0.0,
                    0.0,
                    1.0
                ]
            ],
            "size": [
                0.2,
                0.3,
                0.22
            ]
        },
        "collider2": {
            "type": "Box",
            "collider2origin": [
                [
                    -0.04273408308977698,
                    -0.5946674727369645,
                    0.8028352228266442,
                    0.4370362777640039
                ],
                [
                    -0.03161358809922407,
                    0.8039717637166535,
                    0.5938265607008717,
                    1.1184590169352093
                ],
                [
                    -0.9985861901658606,
                    -3.868460082767104e-06,
                    -0.053156568691614954,
                    -0.11854725872972605
                ],
                [
                    0.0,
                    0.0,
                    0.0,
                    1.0
                ]
            ],
            "size": [
                0.15068,
                0.17726,
                0.74884
            ]
        },
        "distance": 0.2608901931355275
    }
]