[
    {
        "case": 0,
        "collider1": {
            "type": "Box",
            "collider2origin": [
                [
                    0.718022042059392,
                    -0.6960203640101781,
                    0.0,
                    0.13748258467077087
                ],
                [
                    0.6960203640101781,
                    0.718022042059392,
                    0.0,
                    1.5384737068316263
                ],
                [
                    0.0,
                    0.0,
                    1.0,
                    -0.21500000000000008
                ],
                [
                    0.0,
                    0.0,
                    0.0,
                    1.0
                ]
            ],
            "size": [
                0.2,
                0.3,
                0.22
            ]
        },
        "collider2": {
            "type": "Box",
            "collider2origin": [
                [
                    0.03716200661699688,
                    -0.7151592931878215,
                    0.6979729010723079,
                    0.38454211761794
                ],
                [
                    0.03801823304150923,
                    0.6989615049164006,
                    0.7141480438966432,
                    1.1362162824177333
                ],
                [
                    -0.998585799628955,
                    -3.4779231771617662e-06,
                    0.053163904740945005,
                    -0.08665430631373061
                ],
                [
                    0.0,
                    0.0,
                    0.0,
                    1.0
                ]
            ],
            "size": [
                0.15068,
                0.17726,
                0.74884
            ]
        },
        "distance": 0.216573290196084
    },
    {
        "case": 1,
        "collider1": {
            "type": "Box",
            "collider2origin": [
                [
                    0.8404842512412337,
                    -0.5418359746412772,
                    0.0,
                    0.011439976095501792
                ],
                [
                    0.5418359746412771,
                    0.8404842512412338,
                    0.0,
                    1.4325762997644957
                ],
                [
                    0.0,
                    0.0,
                    1.0,
                    -0.21500000000000008
                ],
                [
                    0.0,
                    0.0,
                    0.0,
                    1.0
                ]
            ],
            "size": [
                0.2,
                0.3,
                0.22
            ]
        },
        "collider2": {
            "type": "Box",
            "collider2origin": [
                [
                    0.03716200661699688,
                    -0.7151592931878215,
                    0.6979729010723079,
                    0.38454211761794
                ],
                [
                    0.03801823304150923,
                    0.6989615049164006,
                    0.7141480438966432,
                    1.1362162824177333
                ],
                [
                    -0.998585799628955,
                    -3.4779231771617662e-06,
                    0.053163904740945005,
                    -0.08665430631373061
                ],
                [
                    0.0,
                    0.0,
                    0.0,
                    1.0
                ]
            ],
            "size": [
                0.15068,
                0.17726,
                0.74884
            ]
        },
        "distance": 0.21686123240155547
    },
    {
        "case": 2,
        "collider1": {
            "type": "Box",
            "collider2origin": [
                [
                    0.9081427509232697,
                    -0.4186606548811531,
                    0.0,
                    -0.09474126814702305
                ],
                [
                    0.41866065488115317,
                    0.9081427509232698,
                    0.0,
                    1.368923948110301
                ],
                [
                    0.0,
                    0.0,
                    1.0,
                    -0.21500000000000008
                ],
                [
                    0.0,
                    0.0,
                    0.0,
                    1.0
                ]
            ],
            "size": [
                0.2,
                0.3,
                0.22
            ]
        },
        "collider2": {
            "type": "Box",
            "collider2origin": [
                [
                    0.03716200661699688,
                    -0.7151592931878215,
                    0.6979729010723079,
                    0.38454211761794
                ],
                [
                    0.03801823304150923,
                    0.6989615049164006,
                    0.7141480438966432,
                    1.1362162824177333
                ],
                [
                    -0.998585799628955,
                    -3.4779231771617662e-06,
                    0.053163904740945005,
                    -0.08665430631373061
                ],
                [
                    0.0,
                    0.0,
                    0.0,
                    1.0
                ]
            ],
            "size": [
                0.15068,
                0.17726,
                0.74884
            ]
        },
        "distance": 0.24097894449122811
    },
    {
        "case": 3,
        "collider1": {
            "type": "Box",
            "collider2origin": [
                [
                    0.718022042059392,
                    -0.6960203640101781,
                    0.0,
                    0.13748258467077087
                ],
                [
                    0.6960203640101781,
                    0.718022042059392,
                    0.0,
                    1.5384737068316263
                ],
                [
                    0.0,
                    0.0,
                    1.0,
                    -0.21500000000000008
                ],
                [
                    0.0,
                    0.0,
                    0.0,
                    1.0
                ]
            ],
            "size": [
                0.2,
                0.3,
                0.22
            ]
        },
        "collider2": {
            "type": "Box",
            "collider2origin": [
                [
                    0.03716200661699688,
                    -0.7151592931878215,
                    0.6979729010723079,
                    0.38454211761794
                ],
                [
                    0.03801823304150923,
                    0.6989615049164006,
                    0.7141480438966432,
                    1.1362162824177333
                ],
                [
                    -0.998585799628955,
                    -3.4779231771617662e-06,
                    0.053163904740945005,
                    -0.08665430631373061
                ],
                [
                    0.0,
                    0.0,
                    0.0,
                    1.0
                ]
            ],
            "size": [
                0.15068,
                0.17726,
                0.74884
            ]
        },
        "distance": 0.216573290196084
    },
    {
        "case": 4,
        "collider1": {
            "type": "Box",
            "collider2origin": [
                [
                    0.8404842512412337,
                    -0.5418359746412772,
                    0.0,
                    0.011439976095501792
                ],
                [
                    0.5418359746412771,
                    0.8404842512412338,
                    0.0,
                    1.4325762997644957
                ],
                [
                    0.0,
                    0.0,
                    1.0,
                    -0.21500000000000008
                ],
                [
                    0.0,
                    0.0,
                    0.0,
                    1.0
                ]
            ],
            "size": [
                0.2,
                0.3,
                0.22
            ]
        },
        "collider2": {
            "type": "Box",
            "collider2origin": [
                [
                    0.03716200661699688,
                    -0.7151592931878215,
                    0.6979729010723079,
                    0.38454211761794
                ],
                [
                    0.03801823304150923,
                    0.6989615049164006,
                    0.7141480438966432,
                    1.1362162824177333
                ],
                [
                    -0.998585799628955,
                    -3.4779231771617662e-06,
                    0.053163904740945005,
                    -0.08665430631373061
                ],
                [
                    0.0,
                    0.0,
                    0.0,
                    1.0
                ]
            ],
            "size": [
                0.15068,
                0.17726,
                0.74884
            ]
        },
        "distance": 0.21686123240155547
    },
    {
        "case": 5,
        "collider1": {
            "type": "Box",
            "collider2origin": [
                [
                    0.9081427509232697,
                    -0.4186606548811531,
                    0.0,
                    -0.09474126814702305
                ],
                [
                    0.41866065488115317,
                    0.9081427509232698,
                    0.0,
                    1.368923948110301
                ],
                [
                    0.0,
                    0.0,
                    1.0,
                    -0.21500000000000008
                ],
                [
                    0.0,
                    0.0,
                    0.0,
                    1.0
                ]
            ],
            "size": [
                0.2,
                0.3,
                0.22
            ]
        },
        "collider2": {
            "type": "Box",
            "collider2origin": [
                [
                    0.03716200661699688,
                    -0.7151592931878215,
                    0.6979729010723079,
                    0.38454211761794
                ],
                [
                    0.03801823304150923,
                    0.6989615049164006,
                    0.7141480438966432,
                    1.1362162824177333
                ],
                [
                    -0.998585799628955,
                    -3.4779231771617662e-06,
                    0.053163904740945005,
                    -0.08665430631373061
                ],
                [
                    0.0,
                    0.0,
                    0.0,
                    1.0
                ]
            ],
            "size": [
                0.15068,
                0.17726,
                0.74884
            ]
        },
        "distance": 0.24097894449122811
    },
    {
        "case": 6,
        "collider1": {
            "type": "Box",
            "collider2origin": [
                [
                    0.9077781725128689,
                    0.4194505805326724,
                    0.0,
                    0.4158817547107895
                ],
                [
                    -0.4194505805326724,
                    0.9077781725128689,
                    0.0,
                    0.733173894971941
                ],
                [
                    0.0,
                    0.0,
                    1.0,
                    -0.6599999999999999
                ],
                [
                    0.0,
                    0.0,
                    0.0,
                    1.0
                ]
            ],
            "size": [
                0.6,
                1.0,
                0.8
            ]
        },
        "collider2": {
            "type": "Box",
            "collider2origin": [
                [
                    -0.2493527535767298,
                    -0.7151642554598162,
                    -0.6529650005906208,
                    0.50961869443183
                ],
                [
                    -0.2551282363609046,
                    0.6989564276031592,
                    -0.6681088948095242,
                    1.083437340591939
                ],
                [
                    0.9342016844852491,
                    -4.983603778509851e-06,
                    -0.3567453050568242,
                    -0.17025836031367003
                ],
                [
                    0.0,
                    0.0,
                    0.0,
                    1.0
                ]
            ],
            "size": [
                0.1202,
                0.13634,
                0.67816
            ]
        },
        "distance": 0.0
    },
    {
        "case": 7,
        "collider1": {
            "type": "Box",
            "collider2origin": [
                [
                    0.9077781725128689,
                    0.4194505805326724,
                    0.0,
                    0.27063700059322826
                ],
                [
                    -0.4194505805326724,
                    0.9077781725128689,
                    0.0,
                    0.8002854543438492
                ],
                [
                    0.0,
                    0.0,
                    1.0,
                    -0.25
                ],
                [
                    0.0,
                    0.0,
                    0.0,
                    1.0
                ]
            ],
            "size": [
                0.2,
                0.2,
                0.02
            ]
        },
        "collider2": {
            "type": "Box",
            "collider2origin": [
                [
                    -0.2493527535767298,
                    -0.7151642554598162,
                    -0.6529650005906208,
                    0.50961869443183
                ],
                [
                    -0.2551282363609046,
                    0.6989564276031592,
                    -0.6681088948095242,
                    1.083437340591939
                ],
                [
                    0.9342016844852491,
                    -4.983603778509851e-06,
                    -0.3567453050568242,
                    -0.17025836031367003
                ],
                [
                    0.0,
                    0.0,
                    0.0,
                    1.0
                ]
            ],
            "size": [
                0.1202,
                0.13634,
                0.67816
            ]
        },
        "distance": 0.0
    },
    {
        "case": 8,
        "collider1": {
            "type": "Box",
            "collider2origin": [
                [
                    0.907778172512869,
                    0.4194505805326725,
                    0.0,
                    0.9947946797881562
                ],
                [
                    -0.4194505805326725,
                    0.907778172512869,
                    0.0,
                    0.5317739604993647
                ],
                [
                    0.0,
                    0.0,
                    1.0,
                    -0.69
                ],
                [
                    0.0,
                    0.0,
                    0.0,
                    1.0
                ]
            ],
            "size": [
                0.6,
                1.2,
                0.75
            ]
        },
        "collider2": {
            "type": "Box",
            "collider2origin": [
                [
                    -0.2493527535767298,
                    -0.7151642554598162,
                    -0.6529650005906208,
                    0.50961869443183
                ],
                [
                    -0.2551282363609046,
                    0.6989564276031592,
                    -0.6681088948095242,
                    1.083437340591939
                ],
                [
                    0.9342016844852491,
                    -4.983603778509851e-06,
                    -0.3567453050568242,
                    -0.17025836031367003
                ],
                [
                    0.0,
                    0.0,
                    0.0,
                    1.0
                ]
            ],
            "size": [
                0.1202,
                0.13634,
                0.67816
            ]
        },
        "distance": 0.2843504169606262
    },
    {
        "case": 9,
        "collider1": {
            "type": "Box",
            "collider2origin": [
                [
                    0.718022042059392,
                    -0.6960203640101781,
                    0.0,
                    0.13748258467077087
                ],
                [
                    0.6960203640101781,
                    0.718022042059392,
                    0.0,
                    1.5384737068316263
                ],
                [
                    0.0,
                    0.0,
                    1.0,
                    -0.21500000000000008
                ],
                [
                    0.0,
                    0.0,
                    0.0,
                    1.0
                ]
            ],
            "size": [
                0.2,
                0.3,
                0.22
            ]
        },
        "collider2": {
            "type": "Box",
            "collider2origin": [
                [
                    -0.2493527535767298,
                    -0.7151642554598162,
                    -0.6529650005906208,
                    0.50961869443183
                ],
                [
                    -0.2551282363609046,
                    0.6989564276031592,
                    -0.6681088948095242,
                    1.083437340591939
                ],
                [
                    0.9342016844852491,
                    -4.983603778509851e-06,
                    -0.3567453050568242,
                    -0.17025836031367003
                ],
                [
                    0.0,
                    0.0,
                    0.0,
                    1.0
                ]
            ],
            "size": [
                0.1202,
                0.13634,
                0.67816
            ]
        },
        "distance": 0.3633718813964751
    },
    {
        "case": 10,
        "collider1": {
            "type": "Box",
            "collider2origin": [
                [
                    0.9077781725128689,
                    0.4194505805326724,
                    0.0,
                    0.4158817547107895
                ],
                [
                    -0.4194505805326724,
                    0.9077781725128689,
                    0.0,
                    0.733173894971941
                ],
                [
                    0.0,
                    0.0,
                    1.0,
                    -0.6599999999999999
                ],
                [
                    0.0,
                    0.0,
                    0.0,
                    1.0
                ]
            ],
            "size": [
                0.6,
                1.0,
                0.8
            ]
        },
        "collider2": {
            "type": "Box",
            "collider2origin": [
                [
                    0.6674103241349033,
                    -0.7151626196147156,
                    -0.2076195721601429,
                    0.2383954796916618
                ],
                [
                    0.6828835148494546,
                    0.6989581013950621,
                    -0.21243276028208252,
                    0.9658211639148981
                ],
                [
                    0.2970413513048276,
                    -1.6579152145474252e-07,
                    0.9548646163802355,
                    -0.27191620584499443
                ],
                [
                    0.0,
                    0.0,
                    0.0,
                    1.0
                ]
            ],
            "size": [
                0.09102,
                0.10007,
                0.11882
            ]
        },
        "distance": 0.0
    },
    {
        "case": 11,
        "collider1": {
            "type": "Box",
            "collider2origin": [
                [
                    0.9077781725128689,
                    0.4194505805326724,
                    0.0,
                    0.27063700059322826
                ],
                [
                    -0.4194505805326724,
                    0.9077781725128689,
                    0.0,
                    0.8002854543438492
                ],
                [
                    0.0,
                    0.0,
                    1.0,
                    -0.25
                ],
                [
                    0.0,
                    0.0,
                    0.0,
                    1.0
                ]
            ],
            "size": [
                0.2,
                0.2,
                0.02
            ]
        },
        "collider2": {
            "type": "Box",
            "collider2origin": [
                [
                    0.6674103241349033,
                    -0.7151626196147156,
                    -0.2076195721601429,
                    0.2383954796916618
                ],
                [
                    0.6828835148494546,
                    0.6989581013950621,
                    -0.21243276028208252,
                    0.9658211639148981
                ],
                [
                    0.2970413513048276,
                    -1.6579152145474252e-07,
                    0.9548646163802355,
                    -0.27191620584499443
                ],
                [
                    0.0,
                    0.0,
                    0.0,
                    1.0
                ]
            ],
            "size": [
                0.09102,
                0.10007,
                0.11882
            ]
        },
        "distance": 0.0
    }
]