[
    {
        "case": 0,
        "collider1": {
            "type": "Box",
            "collider2origin": [
                [
                    0.9077781725128689,
                    0.4194505805326724,
                    0.0,
                    0.4158817547107895
                ],
                [
                    -0.4194505805326724,
                    0.9077781725128689,
                    0.0,
                    0.733173894971941
                ],
                [
                    0.0,
                    0.0,
                    1.0,
                    -0.6599999999999999
                ],
                [
                    0.0,
                    0.0,
                    0.0,
                    1.0
                ]
            ],
            "size": [
                0.6,
                1.0,
                0.8
            ]
        },
        "collider2": {
            "type": "Box",
            "collider2origin": [
                [
                    0.5172964194636512,
                    -0.8293390360256234,
                    -0.21118990916749705,
                    0.1708551356734731
                ],
                [
                    -0.7678116107696615,
                    -0.5587457053741438,
                    0.31347817642261533,
                    0.9054287271424408
                ],
                [
                    -0.3779811434150966,
                    -7.073907219314921e-06,
                    -0.925813293905729,
                    -0.9719156379860394
                ],
                [
                    0.0,
                    0.0,
                    0.0,
                    1.0
                ]
            ],
            "size": [
                0.1202,
                0.13634,
                0.67816
            ]
        },
        "distance": 0.0
    },
    {
        "case": 1,
        "collider1": {
            "type": "Box",
            "collider2origin": [
                [
                    0.9077781725128689,
                    0.4194505805326724,
                    0.0,
                    0.4158817547107895
                ],
                [
                    -0.4194505805326724,
                    0.9077781725128689,
                    0.0,
                    0.733173894971941
                ],
                [
                    0.0,
                    0.0,
                    1.0,
                    -0.6599999999999999
                ],
                [
                    0.0,
                    0.0,
                    0.0,
                    1.0
                ]
            ],
            "size": [
                0.6,
                1.0,
                0.8
            ]
        },
        "collider2": {
            "type": "Box",
            "collider2origin": [
                [
                    0.5566039310619731,
                    -0.8293384398491414,
                    -0.04888574551902225,
                    0.14052708204430667
                ],
                [
                    -0.8261569775001704,
                    -0.5587465902668484,
                    0.07257338625800679,
                    0.7243272520492265
                ],
                [
                    -0.08750264255519098,
                    -7.332320847647065e-06,
                    -0.9961642874004746,
                    -0.40151138893334604
                ],
                [
                    0.0,
                    0.0,
                    0.0,
                    1.0
                ]
            ],
            "size": [
                0.15068,
                0.17726,
                0.74884
            ]
        },
        "distance": 0.0
    },
    {
        "case": 2,
        "collider1": {
            "type": "Box",
            "collider2origin": [
                [
                    0.9077781725128689,
                    0.4194505805326724,
                    0.0,
                    0.27063700059322826
                ],
                [
                    -0.4194505805326724,
                    0.9077781725128689,
                    0.0,
                    0.8002854543438492
                ],
                [
                    0.0,
                    0.0,
                    1.0,
                    -0.25
                ],
                [
                    0.0,
                    0.0,
                    0.0,
                    1.0
                ]
            ],
            "size": [
                0.2,
                0.2,
                0.02
            ]
        },
        "collider2": {
            "type": "Box",
            "collider2origin": [
                [
                    0.5566039310619731,
                    -0.8293384398491414,
                    -0.04888574551902225,
                    0.14052708204430667
                ],
                [
                    -0.8261569775001704,
                    -0.5587465902668484,
                    0.07257338625800679,
                    0.7243272520492265
                ],
                [
                    -0.08750264255519098,
                    -7.332320847647065e-06,
                    -0.9961642874004746,
                    -0.40151138893334604
                ],
                [
                    0.0,
                    0.0,
                    0.0,
                    1.0
                ]
            ],
            "size": [
                0.15068,
                0.17726,
                0.74884
            ]
        },
        "distance": 0.0
    },
    {
        "case": 3,
        "collider1": {
            "type": "Box",
            "collider2origin": [
                [
                    0.9077781725128689,
                    0.4194505805326724,
                    0.0,
                    0.4158817547107895
                ],
                [
                    -0.4194505805326724,
                    0.9077781725128689,
                    0.0,
                    0.733173894971941
                ],
                [
                    0.0,
                    0.0,
                    1.0,
                    -0.6599999999999999
                ],
                [
                    0.0,
                    0.0,
                    0.0,
                    1.0
                ]
            ],
            "size": [
                0.6,
                1.0,
                0.8
            ]
        },
        "collider2": {
            "type": "Box",
            "collider2origin": [
                [
                    0.5566039310619731,
                    -0.8293384398491414,
                    -0.04888574551902225,
                    0.14052708204430667
                ],
                [
                    -0.8261569775001704,
                    -0.5587465902668484,
                    0.07257338625800679,
                    0.7243272520492265
                ],
                [
                    -0.08750264255519098,
                    -7.332320847647065e-06,
                    -0.9961642874004746,
                    -0.40151138893334604
                ],
                [
                    0.0,
                    0.0,
                    0.0,
                    1.0
                ]
            ],
            "size": [
                0.15068,
                0.17726,
                0.74884
            ]
        },
        "distance": 0.0
    },
    {
        "case": 4,
        "collider1": {
            "type": "Box",
            "collider2origin": [
                [
                    0.9077781725128689,
                    0.4194505805326724,
                    0.0,
                    0.27063700059322826
                ],
                [
                    -0.4194505805326724,
                    0.9077781725128689,
                    0.0,
                    0.8002854543438492
                ],
                [
                    0.0,
                    0.0,
                    1.0,
                    -0.25
                ],
                [
                    0.0,
                    0.0,
                    0.0,
                    1.0
                ]
            ],
            "size": [
                0.2,
                0.2,
                0.02
            ]
        },
        "collider2": {
            "type": "Box",
            "collider2origin": [
                [
                    0.5566039310619731,
                    -0.8293384398491414,
                    -0.04888574551902225,
                    0.14052708204430667
                ],
                [
                    -0.8261569775001704,
                    -0.5587465902668484,
                    0.07257338625800679,
                    0.7243272520492265
                ],
                [
                    -0.08750264255519098,
                    -7.332320847647065e-06,
                    -0.9961642874004746,
                    -0.40151138893334604
                ],
                [
                    0.0,
                    0.0,
                    0.0,
                    1.0
                ]
            ],
            "size": [
                0.15068,
                0.17726,
                0.74884
            ]
        },
        "distance": 0.0
    }
]