[
    {
        "case": 0,
        "collider1": {
            "type": "Box",
            "collider2origin": [
                [
                    0.9077781725128689,
                    0.4194505805326724,
                    0.0,
                    0.4158817547107895
                ],
                [
                    -0.4194505805326724,
                    0.9077781725128689,
                    0.0,
                    0.733173894971941
                ],
                [
                    0.0,
                    0.0,
                    1.0,
                    -0.6599999999999999
                ],
                [
                    0.0,
                    0.0,
                    0.0,
                    1.0
                ]
            ],
            "size": [
                0.6,
                1.0,
                0.8
            ]
        },
        "collider2": {
            "type": "Box",
            "collider2origin": [
                [
                    -0.1757345235884213,
                    0.9749134601064124,
                    0.13660571921590106,
                    0.5111573794165571
                ],
                [
                    0.7696947268032468,
                    0.2225842430634657,
                    -0.5983529746488602,
                    0.6592864192492673
                ],
                [
                    -0.6137486494896963,
                    -6.5732059880979155e-06,
                    -0.7895014852464604,
                    -0.33946670333946694
                ],
                [
                    0.0,
                    0.0,
                    0.0,
                    1.0
                ]
            ],
            "size": [
                0.15068,
                0.17726,
                0.74884
            ]
        },
        "distance": 0.0
    },
    {
        "case": 1,
        "collider1": {
            "type": "Box",
            "collider2origin": [
                [
                    0.9077781725128689,
                    0.4194505805326724,
                    0.0,
                    0.27063700059322826
                ],
                [
                    -0.4194505805326724,
                    0.9077781725128689,
                    0.0,
                    0.8002854543438492
                ],
                [
                    0.0,
                    0.0,
                    1.0,
                    -0.25
                ],
                [
                    0.0,
                    0.0,
                    0.0,
                    1.0
                ]
            ],
            "size": [
                0.2,
                0.2,
                0.02
            ]
        },
        "collider2": {
            "type": "Box",
            "collider2origin": [
                [
                    -0.1757345235884213,
                    0.9749134601064124,
                    0.13660571921590106,
                    0.5111573794165571
                ],
                [
                    0.7696947268032468,
                    0.2225842430634657,
                    -0.5983529746488602,
                    0.6592864192492673
                ],
                [
                    -0.6137486494896963,
                    -6.5732059880979155e-06,
                    -0.7895014852464604,
                    -0.33946670333946694
                ],
                [
                    0.0,
                    0.0,
                    0.0,
                    1.0
                ]
            ],
            "size": [
                0.15068,
                0.17726,
                0.74884
            ]
        },
        "distance": 0.0015990427718821872
    },
    {
        "case": 2,
        "collider1": {
            "type": "Box",
            "collider2origin": [
                [
                    0.907778172512869,
                    0.4194505805326725,
                    0.0,
                    0.9947946797881562
                ],
                [
                    -0.4194505805326725,
                    0.907778172512869,
                    0.0,
                    0.5317739604993647
                ],
                [
                    0.0,
                    0.0,
                    1.0,
                    -0.69
                ],
                [
                    0.0,
                    0.0,
                    0.0,
                    1.0
                ]
            ],
            "size": [
                0.6,
                1.2,
                0.75
            ]
        },
        "collider2": {
            "type": "Box",
            "collider2origin": [
                [
                    -0.1757345235884213,
                    0.9749134601064124,
                    0.13660571921590106,
                    0.5111573794165571
                ],
                [
                    0.7696947268032468,
                    0.2225842430634657,
                    -0.5983529746488602,
                    0.6592864192492673
                ],
                [
                    -0.6137486494896963,
                    -6.5732059880979155e-06,
                    -0.7895014852464604,
                    -0.33946670333946694
                ],
                [
                    0.0,
                    0.0,
                    0.0,
                    1.0
                ]
            ],
            "size": [
                0.15068,
                0.17726,
                0.74884
            ]
        },
        "distance": 0.0
    },
    {
        "case": 3,
        "collider1": {
            "type": "Box",
            "collider2origin": [
                [
                    0.9077781725128689,
                    0.4194505805326724,
                    0.0,
                    0.4158817547107895
                ],
                [
                    -0.4194505805326724,
                    0.9077781725128689,
                    0.0,
                    0.733173894971941
                ],
                [
                    0.0,
                    0.0,
                    1.0,
                    -0.6599999999999999
                ],
                [
                    0.0,
                    0.0,
                    0.0,
                    1.0
                ]
            ],
            "size": [
                0.6,
                1.0,
                0.8
            ]
        },
        "collider2": {
            "type": "Box",
            "collider2origin": [
                [
                    -0.1757345235884213,
                    0.9749134601064124,
                    0.13660571921590106,
                    0.5111573794165571
                ],
                [
                    0.7696947268032468,
                    0.2225842430634657,
                    -0.5983529746488602,
                    0.6592864192492673
                ],
                [
                    -0.6137486494896963,
                    -6.5732059880979155e-06,
                    -0.7895014852464604,
                    -0.33946670333946694
                ],
                [
                    0.0,
                    0.0,
                    0.0,
                    1.0
                ]
            ],
            "size": [
                0.15068,
                0.17726,
                0.74884
            ]
        },
        "distance": 0.0
    },
    {
        "case": 4,
        "collider1": {
            "type": "Box",
            "collider2origin": [
                [
                    0.9077781725128689,
                    0.4194505805326724,
                    0.0,
                    0.27063700059322826
                ],
                [
                    -0.4194505805326724,
                    0.9077781725128689,
                    0.0,
                    0.8002854543438492
                ],
                [
                    0.0,
                    0.0,
                    1.0,
                    -0.25
                ],
                [
                    0.0,
                    0.0,
                    0.0,
                    1.0
                ]
            ],
            "size": [
                0.2,
                0.2,
                0.02
            ]
        },
        "collider2": {
            "type": "Box",
            "collider2origin": [
                [
                    -0.1757345235884213,
                    0.9749134601064124,
                    0.13660571921590106,
                    0.5111573794165571
                ],
                [
                    0.7696947268032468,
                    0.2225842430634657,
                    -0.5983529746488602,
                    0.6592864192492673
                ],
                [
                    -0.6137486494896963,
                    -6.5732059880979155e-06,
                    -0.7895014852464604,
                    -0.33946670333946694
                ],
                [
                    0.0,
                    0.0,
                    0.0,
                    1.0
                ]
            ],
            "size": [
                0.15068,
                0.17726,
                0.74884
            ]
        },
        "distance": 0.0015990427718821872
    },
    {
        "case": 5,
        "collider1": {
            "type": "Box",
            "collider2origin": [
                [
                    0.907778172512869,
                    0.4194505805326725,
                    0.0,
                    0.9947946797881562
                ],
                [
                    -0.4194505805326725,
                    0.907778172512869,
                    0.0,
                    0.5317739604993647
                ],
                [
                    0.0,
                    0.0,
                    1.0,
                    -0.69
                ],
                [
                    0.0,
                    0.0,
                    0.0,
                    1.0
                ]
            ],
            "size": [
                0.6,
                1.2,
                0.75
            ]
        },
        "collider2": {
            "type": "Box",
            "collider2origin": [
                [
                    -0.1757345235884213,
                    0.9749134601064124,
                    0.13660571921590106,
                    0.5111573794165571
                ],
                [
                    0.7696947268032468,
                    0.2225842430634657,
                    -0.5983529746488602,
                    0.6592864192492673
                ],
                [
                    -0.6137486494896963,
                    -6.5732059880979155e-06,
                    -0.7895014852464604,
                    -0.33946670333946694
                ],
                [
                    0.0,
                    0.0,
                    0.0,
                    1.0
                ]
            ],
            "size": [
                0.15068,
                0.17726,
                0.74884
            ]
        },
        "distance": 0.0
    },
    {
        "case": 6,
        "collider1": {
            "type": "Box",
            "collider2origin": [
                [
                    0.9077781725128689,
                    0.4194505805326724,
                    0.0,
                    0.4158817547107895
                ],
                [
                    -0.4194505805326724,
                    0.9077781725128689,
                    0.0,
                    0.733173894971941
                ],
                [
                    0.0,
                    0.0,
                    1.0,
                    -0.6599999999999999
                ],
                [
                    0.0,
                    0.0,
                    0.0,
                    1.0
                ]
            ],
            "size": [
                0.6,
                1.0,
                0.8
            ]
        },
        "collider2": {
            "type": "Box",
            "collider2origin": [
                [
                    0.18729853857147327,
                    0.9749134000751932,
                    0.12026271160595256,
                    0.4643038491423254
                ],
                [
                    -0.8203633437427797,
                    0.22258450609484728,
                    -0.5267448356554424,
                    0.2969017017783896
                ],
                [
                    -0.5402992149653341,
                    -5.823022976549271e-07,
                    0.8414729694455458,
                    -0.34989859514537114
                ],
                [
                    0.0,
                    0.0,
                    0.0,
                    1.0
                ]
            ],
            "size": [
                0.1202,
                0.13634,
                0.67816
            ]
        },
        "distance": 0.0
    },
    {
        "case": 7,
        "collider1": {
            "type": "Box",
            "collider2origin": [
                [
                    0.907778172512869,
                    0.4194505805326725,
                    0.0,
                    0.9947946797881562
                ],
                [
                    -0.4194505805326725,
                    0.907778172512869,
                    0.0,
                    0.5317739604993647
                ],
                [
                    0.0,
                    0.0,
                    1.0,
                    -0.69
                ],
                [
                    0.0,
                    0.0,
                    0.0,
                    1.0
                ]
            ],
            "size": [
                0.6,
                1.2,
                0.75
            ]
        },
        "collider2": {
            "type": "Box",
            "collider2origin": [
                [
                    0.18729853857147327,
                    0.9749134000751932,
                    0.12026271160595256,
                    0.4643038491423254
                ],
                [
                    -0.8203633437427797,
                    0.22258450609484728,
                    -0.5267448356554424,
                    0.2969017017783896
                ],
                [
                    -0.5402992149653341,
                    -5.823022976549271e-07,
                    0.8414729694455458,
                    -0.34989859514537114
                ],
                [
                    0.0,
                    0.0,
                    0.0,
                    1.0
                ]
            ],
            "size": [
                0.1202,
                0.13634,
                0.67816
            ]
        },
        "distance": 0.0
    }
]