[
    {
        "case": 0,
        "collider1": {
            "type": "Box",
            "collider2origin": [
                [
                    0.9077781725128689,
                    0.4194505805326724,
                    0.0,
                    0.4158817547107895
                ],
                [
                    -0.4194505805326724,
                    0.9077781725128689,
                    0.0,
                    0.733173894971941
                ],
                [
                    0.0,
                    0.0,
                    1.0,
                    -0.6599999999999999
                ],
                [
                    0.0,
                    0.0,
                    0.0,
                    1.0
                ]
            ],
            "size": [
                0.6,
                1.0,
                0.8
            ]
        },
        "collider2": {
            "type": "Box",
            "collider2origin": [
                [
                    0.5601688017320752,
                    0.7968577751926239,
                    -0.22633735812082137,
                    -0.0924753653872658
                ],
                [
                    0.7388314233677242,
                    -0.6041669355939223,
                    -0.2985137212582901,
                    0.20257020757169308
                ],
                [
                    -0.3746185278526329,
                    -7.078923857748387e-06,
                    -0.9271790326249914,
                    -0.29352446681591826
                ],
                [
                    0.0,
                    0.0,
                    0.0,
                    1.0
                ]
            ],
            "size": [
                0.1202,
                0.13634,
                0.67816
            ]
        },
        "distance": 0.09650827157258407
    },
    {
        "case": 1,
        "collider1": {
            "type": "Box",
            "collider2origin": [
                [
                    1.0,
                    0.0,
                    0.0,
                    0.35
                ],
                [
                    0.0,
                    1.0,
                    0.0,
                    -0.34649
                ],
                [
                    0.0,
                    0.0,
                    1.0,
                    -0.54511
                ],
                [
                    0.0,
                    0.0,
                    0.0,
                    1.0
                ]
            ],
            "size": [
                0.7,
                0.7,
                1.1
            ]
        },
        "collider2": {
            "type": "Box",
            "collider2origin": [
                [
                    -0.2459128852556845,
                    0.7968606336395939,
                    0.5518514142599704,
                    -0.06796943346439466
                ],
                [
                    -0.3243499409585358,
                    -0.6041631655031287,
                    0.7278626142682654,
                    0.04991138410503915
                ],
                [
                    0.9134133613350631,
                    -2.1780886513995463e-06,
                    0.40703320666726556,
                    -0.5633328001593526
                ],
                [
                    0.0,
                    0.0,
                    0.0,
                    1.0
                ]
            ],
            "size": [
                0.09102,
                0.10007,
                0.11882
            ]
        },
        "distance": 0.032161060433228396
    },
    {
        "case": 2,
        "collider1": {
            "type": "Box",
            "collider2origin": [
                [
                    0.9077781725128689,
                    0.4194505805326724,
                    0.0,
                    0.4158817547107895
                ],
                [
                    -0.4194505805326724,
                    0.9077781725128689,
                    0.0,
                    0.733173894971941
                ],
                [
                    0.0,
                    0.0,
                    1.0,
                    -0.6599999999999999
                ],
                [
                    0.0,
                    0.0,
                    0.0,
                    1.0
                ]
            ],
            "size": [
                0.6,
                1.0,
                0.8
            ]
        },
        "collider2": {
            "type": "Box",
            "collider2origin": [
                [
                    -0.38739968033554134,
                    -0.279458782182145,
                    0.8785353019299752,
                    -0.02305715523315799
                ],
                [
                    0.9047122310405434,
                    -0.2984579495076619,
                    0.30400432789900256,
                    0.10712871832324211
                ],
                [
                    0.17724916553135828,
                    0.9125928125056401,
                    0.36845229254475087,
                    -0.4466332231151833
                ],
                [
                    0.0,
                    0.0,
                    0.0,
                    1.0
                ]
            ],
            "size": [
                0.08993,
                0.0305,
                0.09007
            ]
        },
        "distance": 0.18785808492441566
    },
    {
        "case": 3,
        "collider1": {
            "type": "Box",
            "collider2origin": [
                [
                    0.9077781725128689,
                    0.4194505805326724,
                    0.0,
                    0.4158817547107895
                ],
                [
                    -0.4194505805326724,
                    0.9077781725128689,
                    0.0,
                    0.733173894971941
                ],
                [
                    0.0,
                    0.0,
                    1.0,
                    -0.6599999999999999
                ],
                [
                    0.0,
                    0.0,
                    0.0,
                    1.0
                ]
            ],
            "size": [
                0.6,
                1.0,
                0.8
            ]
        },
        "collider2": {
            "type": "Box",
            "collider2origin": [
                [
                    -0.7857239559482223,
                    -0.2794599821590683,
                    0.5518514142599703,
                    -0.005144755320997174
                ],
                [
                    0.6173652051040642,
                    -0.2984563925892413,
                    0.7278626142682653,
                    0.1264196623837862
                ],
                [
                    -0.03870489085236051,
                    0.9125929542212508,
                    0.40703320666726556,
                    -0.5166717854220166
                ],
                [
                    0.0,
                    0.0,
                    0.0,
                    1.0
                ]
            ],
            "size": [
                0.09126,
                0.11887,
                0.10009
            ]
        },
        "distance": 0.14914343451358994
    }
]