[
    {
        "case": 0,
        "collider1": {
            "type": "Box",
            "collider2origin": [
                [
                    0.9077781725128689,
                    0.4194505805326724,
                    0.0,
                    0.4158817547107895
                ],
                [
                    -0.4194505805326724,
                    0.9077781725128689,
                    0.0,
                    0.733173894971941
                ],
                [
                    0.0,
                    0.0,
                    1.0,
                    -0.6599999999999999
                ],
                [
                    0.0,
                    0.0,
                    0.0,
                    1.0
                ]
            ],
            "size": [
                0.6,
                1.0,
                0.8
            ]
        },
        "collider2": {
            "type": "Box",
            "collider2origin": [
                [
                    -0.0868625635829586,
                    0.7347286846223805,
                    0.6727768240961209,
                    0.5898747410474303
                ],
                [
                    -0.09408498672823229,
                    -0.6783610837767804,
                    0.7286798029927412,
                    1.0429089942754524
                ],
                [
                    0.991767568697497,
                    -3.2028470710708664e-06,
                    0.12805112131331353,
                    -0.6711248752857233
                ],
                [
                    0.0,
                    0.0,
                    0.0,
                    1.0
                ]
            ],
            "size": [
                0.1202,
                0.13634,
                0.67816
            ]
        },
        "distance": 0.0
    },
    {
        "case": 1,
        "collider1": {
            "type": "Box",
            "collider2origin": [
                [
                    0.907778172512869,
                    0.4194505805326725,
                    0.0,
                    0.9947946797881562
                ],
                [
                    -0.4194505805326725,
                    0.907778172512869,
                    0.0,
                    0.5317739604993647
                ],
                [
                    0.0,
                    0.0,
                    1.0,
                    -0.69
                ],
                [
                    0.0,
                    0.0,
                    0.0,
                    1.0
                ]
            ],
            "size": [
                0.6,
                1.2,
                0.75
            ]
        },
        "collider2": {
            "type": "Box",
            "collider2origin": [
                [
                    -0.0868625635829586,
                    0.7347286846223805,
                    0.6727768240961209,
                    0.5898747410474303
                ],
                [
                    -0.09408498672823229,
                    -0.6783610837767804,
                    0.7286798029927412,
                    1.0429089942754524
                ],
                [
                    0.991767568697497,
                    -3.2028470710708664e-06,
                    0.12805112131331353,
                    -0.6711248752857233
                ],
                [
                    0.0,
                    0.0,
                    0.0,
                    1.0
                ]
            ],
            "size": [
                0.1202,
                0.13634,
                0.67816
            ]
        },
        "distance": 0.11129392789670405
    },
    {
        "case": 2,
        "collider1": {
            "type": "Box",
            "collider2origin": [
                [
                    0.9077781725128689,
                    0.4194505805326724,
                    0.0,
                    0.4158817547107895
                ],
                [
                    -0.4194505805326724,
                    0.9077781725128689,
                    0.0,
                    0.733173894971941
                ],
                [
                    0.0,
                    0.0,
                    1.0,
                    -0.6599999999999999
                ],
                [
                    0.0,
                    0.0,
                    0.0,
                    1.0
                ]
            ],
            "size": [
                0.6,
                1.0,
                0.8
            ]
        },
        "collider2": {
            "type": "Box",
            "collider2origin": [
                [
                    0.6697858863693535,
                    0.7347266083715392,
                    0.10753454036389506,
                    0.4604308183689815
                ],
                [
                    0.7254347807298476,
                    -0.6783633325125741,
                    0.11647990388849423,
                    0.7164663744657265
                ],
                [
                    0.15852837388889598,
                    -7.299960405053196e-06,
                    -0.9873544219877949,
                    -0.39889302561430884
                ],
                [
                    0.0,
                    0.0,
                    0.0,
                    1.0
                ]
            ],
            "size": [
                0.15068,
                0.17726,
                0.74884
            ]
        },
        "distance": 0.0
    },
    {
        "case": 3,
        "collider1": {
            "type": "Box",
            "collider2origin": [
                [
                    0.9077781725128689,
                    0.4194505805326724,
                    0.0,
                    0.27063700059322826
                ],
                [
                    -0.4194505805326724,
                    0.9077781725128689,
                    0.0,
                    0.8002854543438492
                ],
                [
                    0.0,
                    0.0,
                    1.0,
                    -0.25
                ],
                [
                    0.0,
                    0.0,
                    0.0,
                    1.0
                ]
            ],
            "size": [
                0.2,
                0.2,
                0.02
            ]
        },
        "collider2": {
            "type": "Box",
            "collider2origin": [
                [
                    0.6697858863693535,
                    0.7347266083715392,
                    0.10753454036389506,
                    0.4604308183689815
                ],
                [
                    0.7254347807298476,
                    -0.6783633325125741,
                    0.11647990388849423,
                    0.7164663744657265
                ],
                [
                    0.15852837388889598,
                    -7.299960405053196e-06,
                    -0.9873544219877949,
                    -0.39889302561430884
                ],
                [
                    0.0,
                    0.0,
                    0.0,
                    1.0
                ]
            ],
            "size": [
                0.15068,
                0.17726,
                0.74884
            ]
        },
        "distance": 0.0
    },
    {
        "case": 4,
        "collider1": {
            "type": "Box",
            "collider2origin": [
                [
                    0.907778172512869,
                    0.4194505805326725,
                    0.0,
                    0.9947946797881562
                ],
                [
                    -0.4194505805326725,
                    0.907778172512869,
                    0.0,
                    0.5317739604993647
                ],
                [
                    0.0,
                    0.0,
                    1.0,
                    -0.69
                ],
                [
                    0.0,
                    0.0,
                    0.0,
                    1.0
                ]
            ],
            "size": [
                0.6,
                1.2,
                0.75
            ]
        },
        "collider2": {
            "type": "Box",
            "collider2origin": [
                [
                    0.6697858863693535,
                    0.7347266083715392,
                    0.10753454036389506,
                    0.4604308183689815
                ],
                [
                    0.7254347807298476,
                    -0.6783633325125741,
                    0.11647990388849423,
                    0.7164663744657265
                ],
                [
                    0.15852837388889598,
                    -7.299960405053196e-06,
                    -0.9873544219877949,
                    -0.39889302561430884
                ],
                [
                    0.0,
                    0.0,
                    0.0,
                    1.0
                ]
            ],
            "size": [
                0.15068,
                0.17726,
                0.74884
            ]
        },
        "distance": 0.13708103578091937
    },
    {
        "case": 5,
        "collider1": {
            "type": "Box",
            "collider2origin": [
                [
                    0.9077781725128689,
                    0.4194505805326724,
                    0.0,
                    0.4158817547107895
                ],
                [
                    -0.4194505805326724,
                    0.9077781725128689,
                    0.0,
                    0.733173894971941
                ],
                [
                    0.0,
                    0.0,
                    1.0,
                    -0.6599999999999999
                ],
                [
                    0.0,
                    0.0,
                    0.0,
                    1.0
                ]
            ],
            "size": [
                0.6,
                1.0,
                0.8
            ]
        },
        "collider2": {
            "type": "Box",
            "collider2origin": [
                [
                    0.6697858863693535,
                    0.7347266083715392,
                    0.10753454036389506,
                    0.4604308183689815
                ],
                [
                    0.7254347807298476,
                    -0.6783633325125741,
                    0.11647990388849423,
                    0.7164663744657265
                ],
                [
                    0.15852837388889598,
                    -7.299960405053196e-06,
                    -0.9873544219877949,
                    -0.39889302561430884
                ],
                [
                    0.0,
                    0.0,
                    0.0,
                    1.0
                ]
            ],
            "size": [
                0.15068,
                0.17726,
                0.74884
            ]
        },
        "distance": 0.0
    },
    {
        "case": 6,
        "collider1": {
            "type": "Box",
            "collider2origin": [
                [
                    0.9077781725128689,
                    0.4194505805326724,
                    0.0,
                    0.27063700059322826
                ],
                [
                    -0.4194505805326724,
                    0.9077781725128689,
                    0.0,
                    0.8002854543438492
                ],
                [
                    0.0,
                    0.0,
                    1.0,
                    -0.25
                ],
                [
                    0.0,
                    0.0,
                    0.0,
                    1.0
                ]
            ],
            "size": [
                0.2,
                0.2,
                0.02
            ]
        },
        "collider2": {
            "type": "Box",
            "collider2origin": [
                [
                    0.6697858863693535,
                    0.7347266083715392,
                    0.10753454036389506,
                    0.4604308183689815
                ],
                [
                    0.7254347807298476,
                    -0.6783633325125741,
                    0.11647990388849423,
                    0.7164663744657265
                ],
                [
                    0.15852837388889598,
                    -7.299960405053196e-06,
                    -0.9873544219877949,
                    -0.39889302561430884
                ],
                [
                    0.0,
                    0.0,
                    0.0,
                    1.0
                ]
            ],
            "size": [
                0.15068,
                0.17726,
                0.74884
            ]
        },
        "distance": 0.0
    },
    {
        "case": 7,
        "collider1": {
            "type": "Box",
            "collider2origin": [
                [
                    0.907778172512869,
                    0.4194505805326725,
                    0.0,
                    0.9947946797881562
                ],
                [
                    -0.4194505805326725,
                    0.907778172512869,
                    0.0,
                    0.5317739604993647
                ],
                [
                    0.0,
                    0.0,
                    1.0,
                    -0.69
                ],
                [
                    0.0,
                    0.0,
                    0.0,
                    1.0
                ]
            ],
            "size": [
                0.6,
                1.2,
                0.75
            ]
        },
        "collider2": {
            "type": "Box",
            "collider2origin": [
                [
                    0.6697858863693535,
                    0.7347266083715392,
                    0.10753454036389506,
                    0.4604308183689815
                ],
                [
                    0.7254347807298476,
                    -0.6783633325125741,
                    0.11647990388849423,
                    0.7164663744657265
                ],
                [
                    0.15852837388889598,
                    -7.299960405053196e-06,
                    -0.9873544219877949,
                    -0.39889302561430884
                ],
                [
                    0.0,
                    0.0,
                    0.0,
                    1.0
                ]
            ],
            "size": [
                0.15068,
                0.17726,
                0.74884
            ]
        },
        "distance": 0.13708103578091937
    },
    {
        "case": 8,
        "collider1": {
            "type": "Box",
            "collider2origin": [
                [
                    0.9077781725128689,
                    0.4194505805326724,
                    0.0,
                    0.4158817547107895
                ],
                [
                    -0.4194505805326724,
                    0.9077781725128689,
                    0.0,
                    0.733173894971941
                ],
                [
                    0.0,
                    0.0,
                    1.0,
                    -0.6599999999999999
                ],
                [
                    0.0,
                    0.0,
                    0.0,
                    1.0
                ]
            ],
            "size": [
                0.6,
                1.0,
                0.8
            ]
        },
        "collider2": {
            "type": "Box",
            "collider2origin": [
                [
                    -0.13658641044603065,
                    -0.7236606742325583,
                    0.6765052705269543,
                    0.945455225678727
                ],
                [
                    0.026211419730205163,
                    0.6800262100598301,
                    0.7327191242948355,
                    1.2605871372128798
                ],
                [
                    -0.9902813307122351,
                    0.11781163864806858,
                    -0.07391416536673777,
                    -0.641744403088679
                ],
                [
                    0.0,
                    0.0,
                    0.0,
                    1.0
                ]
            ],
            "size": [
                0.09126,
                0.11887,
                0.10009
            ]
        },
        "distance": 0.1332385061564584
    },
    {
        "case": 9,
        "collider1": {
            "type": "Box",
            "collider2origin": [
                [
                    0.907778172512869,
                    0.4194505805326725,
                    0.0,
                    0.9947946797881562
                ],
                [
                    -0.4194505805326725,
                    0.907778172512869,
                    0.0,
                    0.5317739604993647
                ],
                [
                    0.0,
                    0.0,
                    1.0,
                    -0.69
                ],
                [
                    0.0,
                    0.0,
                    0.0,
                    1.0
                ]
            ],
            "size": [
                0.6,
                1.2,
                0.75
            ]
        },
        "collider2": {
            "type": "Box",
            "collider2origin": [
                [
                    -0.13658641044603065,
                    -0.7236606742325583,
                    0.6765052705269543,
                    0.945455225678727
                ],
                [
                    0.026211419730205163,
                    0.6800262100598301,
                    0.7327191242948355,
                    1.2605871372128798
                ],
                [
                    -0.9902813307122351,
                    0.11781163864806858,
                    -0.07391416536673777,
                    -0.641744403088679
                ],
                [
                    0.0,
                    0.0,
                    0.0,
                    1.0
                ]
            ],
            "size": [
                0.09126,
                0.11887,
                0.10009
            ]
        },
        "distance": 0.0
    },
    {
        "case": 10,
        "collider1": {
            "type": "Box",
            "collider2origin": [
                [
                    0.9077781725128689,
                    0.4194505805326724,
                    0.0,
                    0.4158817547107895
                ],
                [
                    -0.4194505805326724,
                    0.9077781725128689,
                    0.0,
                    0.733173894971941
                ],
                [
                    0.0,
                    0.0,
                    1.0,
                    -0.6599999999999999
                ],
                [
                    0.0,
                    0.0,
                    0.0,
                    1.0
                ]
            ],
            "size": [
                0.6,
                1.0,
                0.8
            ]
        },
        "collider2": {
            "type": "Box",
            "collider2origin": [
                [
                    -0.5542325579146855,
                    -0.7236616485091593,
                    0.4112664467524071,
                    0.894357587070435
                ],
                [
                    -0.47089021169815665,
                    0.6800255829199253,
                    0.5619854224989121,
                    1.3146647576604624
                ],
                [
                    -0.6863590024718912,
                    0.11780927404674767,
                    -0.7176575051334505,
                    -0.6338635880694367
                ],
                [
                    0.0,
                    0.0,
                    0.0,
                    1.0
                ]
            ],
            "size": [
                0.08993,
                0.0305,
                0.09007
            ]
        },
        "distance": 0.16335881030219784
    },
    {
        "case": 11,
        "collider1": {
            "type": "Box",
            "collider2origin": [
                [
                    0.9077781725128689,
                    0.4194505805326724,
                    0.0,
                    0.4158817547107895
                ],
                [
                    -0.4194505805326724,
                    0.9077781725128689,
                    0.0,
                    0.733173894971941
                ],
                [
                    0.0,
                    0.0,
                    1.0,
                    -0.6599999999999999
                ],
                [
                    0.0,
                    0.0,
                    0.0,
                    1.0
                ]
            ],
            "size": [
                0.6,
                1.0,
                0.8
            ]
        },
        "collider2": {
            "type": "Box",
            "collider2origin": [
                [
                    0.050143382590206426,
                    0.7347286983177289,
                    0.6765052705269544,
                    0.8701147664559448
                ],
                [
                    0.05430418989207331,
                    -0.6783610689395249,
                    0.7327191242948357,
                    1.1816834425582463
                ],
                [
                    0.9972646068835379,
                    -3.9447069928078895e-06,
                    -0.07391416536673776,
                    -0.6340662864792083
                ],
                [
                    0.0,
                    0.0,
                    0.0,
                    1.0
                ]
            ],
            "size": [
                0.09102,
                0.10007,
                0.11882
            ]
        },
        "distance": 0.022708534373123767
    },
    {
        "case": 12,
        "collider1": {
            "type": "Box",
            "collider2origin": [
                [
                    0.907778172512869,
                    0.4194505805326725,
                    0.0,
                    0.9947946797881562
                ],
                [
                    -0.4194505805326725,
                    0.907778172512869,
                    0.0,
                    0.5317739604993647
                ],
                [
                    0.0,
                    0.0,
                    1.0,
                    -0.69
                ],
                [
                    0.0,
                    0.0,
                    0.0,
                    1.0
                ]
            ],
            "size": [
                0.6,
                1.2,
                0.75
            ]
        },
        "collider2": {
            "type": "Box",
            "collider2origin": [
                [
                    0.050143382590206426,
                    0.7347286983177289,
                    0.6765052705269544,
                    0.8701147664559448
                ],
                [
                    0.05430418989207331,
                    -0.6783610689395249,
                    0.7327191242948357,
                    1.1816834425582463
                ],
                [
                    0.9972646068835379,
                    -3.9447069928078895e-06,
                    -0.07391416536673776,
                    -0.6340662864792083
                ],
                [
                    0.0,
                    0.0,
                    0.0,
                    1.0
                ]
            ],
            "size": [
                0.09102,
                0.10007,
                0.11882
            ]
        },
        "distance": 0.018917243358593957
    }
]