[
    {
        "case": 0,
        "collider1": {
            "type": "Box",
            "collider2origin": [
                [
                    0.907778172512869,
                    0.4194505805326725,
                    0.0,
                    -0.7418785952877999
                ],
                [
                    -0.4194505805326725,
                    0.907778172512869,
                    0.0,
                    1.2791466490804724
                ],
                [
                    0.0,
                    0.0,
                    1.0,
                    0.27
                ],
                [
                    0.0,
                    0.0,
                    0.0,
                    1.0
                ]
            ],
            "size": [
                0.52,
                1.16,
                0.6
            ]
        },
        "collider2": {
            "type": "Box",
            "collider2origin": [
                [
                    0.4136102911374526,
                    -0.7470898261062399,
                    -0.5203684452325484,
                    0.013466624192119636
                ],
                [
                    0.4648629324597649,
                    0.6647230940223324,
                    -0.5848466998267883,
                    0.7405394373706298
                ],
                [
                    0.7828339422189737,
                    -1.3876241947860944e-06,
                    0.6222306798189676,
                    0.08387247530099051
                ],
                [
                    0.0,
                    0.0,
                    0.0,
                    1.0
                ]
            ],
            "size": [
                0.15068,
                0.17726,
                0.74884
            ]
        },
        "distance": 0.46817025689111025
    },
    {
        "case": 1,
        "collider1": {
            "type": "Box",
            "collider2origin": [
                [
                    0.907778172512869,
                    0.4194505805326725,
                    0.0,
                    -0.7418785952877999
                ],
                [
                    -0.4194505805326725,
                    0.907778172512869,
                    0.0,
                    1.2791466490804724
                ],
                [
                    0.0,
                    0.0,
                    1.0,
                    0.27
                ],
                [
                    0.0,
                    0.0,
                    0.0,
                    1.0
                ]
            ],
            "size": [
                0.52,
                1.16,
                0.6
            ]
        },
        "collider2": {
            "type": "Box",
            "collider2origin": [
                [
                    0.4136102911374526,
                    -0.7470898261062399,
                    -0.5203684452325484,
                    0.013466624192119636
                ],
                [
                    0.4648629324597649,
                    0.6647230940223324,
                    -0.5848466998267883,
                    0.7405394373706298
                ],
                [
                    0.7828339422189737,
                    -1.3876241947860944e-06,
                    0.6222306798189676,
                    0.08387247530099051
                ],
                [
                    0.0,
                    0.0,
                    0.0,
                    1.0
                ]
            ],
            "size": [
                0.15068,
                0.17726,
                0.74884
            ]
        },
        "distance": 0.46817025689111025
    }
]