[
    {
        "case": 0,
        "collider1": {
            "type": "Box",
            "collider2origin": [
                [
                    0.9077781725128689,
                    0.4194505805326724,
                    0.0,
                    0.4158817547107895
                ],
                [
                    -0.4194505805326724,
                    0.9077781725128689,
                    0.0,
                    0.733173894971941
                ],
                [
                    0.0,
                    0.0,
                    1.0,
                    -0.6599999999999999
                ],
                [
                    0.0,
                    0.0,
                    0.0,
                    1.0
                ]
            ],
            "size": [
                0.6,
                1.0,
                0.8
            ]
        },
        "collider2": {
            "type": "Box",
            "collider2origin": [
                [
                    -0.6065615146008383,
                    0.6739311996931328,
                    0.4217817766159559,
                    0.579043709535535
                ],
                [
                    0.5533028816783877,
                    0.7387941107205939,
                    -0.384758603660736,
                    0.6106934514741724
                ],
                [
                    -0.5709107199304716,
                    -6.688951121285591e-06,
                    -0.8210121496200457,
                    -0.9197260542328886
                ],
                [
                    0.0,
                    0.0,
                    0.0,
                    1.0
                ]
            ],
            "size": [
                0.1202,
                0.13634,
                0.67816
            ]
        },
        "distance": 0.0
    },
    {
        "case": 1,
        "collider1": {
            "type": "Box",
            "collider2origin": [
                [
                    0.907778172512869,
                    0.4194505805326725,
                    0.0,
                    0.9947946797881562
                ],
                [
                    -0.4194505805326725,
                    0.907778172512869,
                    0.0,
                    0.5317739604993647
                ],
                [
                    0.0,
                    0.0,
                    1.0,
                    -0.69
                ],
                [
                    0.0,
                    0.0,
                    0.0,
                    1.0
                ]
            ],
            "size": [
                0.6,
                1.2,
                0.75
            ]
        },
        "collider2": {
            "type": "Box",
            "collider2origin": [
                [
                    -0.6065615146008383,
                    0.6739311996931328,
                    0.4217817766159559,
                    0.579043709535535
                ],
                [
                    0.5533028816783877,
                    0.7387941107205939,
                    -0.384758603660736,
                    0.6106934514741724
                ],
                [
                    -0.5709107199304716,
                    -6.688951121285591e-06,
                    -0.8210121496200457,
                    -0.9197260542328886
                ],
                [
                    0.0,
                    0.0,
                    0.0,
                    1.0
                ]
            ],
            "size": [
                0.1202,
                0.13634,
                0.67816
            ]
        },
        "distance": 0.0
    },
    {
        "case": 2,
        "collider1": {
            "type": "Box",
            "collider2origin": [
                [
                    0.9077781725128689,
                    0.4194505805326724,
                    0.0,
                    0.4158817547107895
                ],
                [
                    -0.4194505805326724,
                    0.9077781725128689,
                    0.0,
                    0.733173894971941
                ],
                [
                    0.0,
                    0.0,
                    1.0,
                    -0.6599999999999999
                ],
                [
                    0.0,
                    0.0,
                    0.0,
                    1.0
                ]
            ],
            "size": [
                0.6,
                1.0,
                0.8
            ]
        },
        "collider2": {
            "type": "Box",
            "collider2origin": [
                [
                    -0.7084488944101828,
                    0.6739304201814482,
                    0.20956610594999975,
                    0.4805620329135649
                ],
                [
                    0.6462460291838239,
                    0.7387948217890278,
                    -0.1911760473015886,
                    0.8715391932888943
                ],
                [
                    -0.2836657077849386,
                    -7.195526815396014e-06,
                    -0.9589232326808513,
                    -0.3903207895714337
                ],
                [
                    0.0,
                    0.0,
                    0.0,
                    1.0
                ]
            ],
            "size": [
                0.15068,
                0.17726,
                0.74884
            ]
        },
        "distance": 0.0
    },
    {
        "case": 3,
        "collider1": {
            "type": "Box",
            "collider2origin": [
                [
                    0.9077781725128689,
                    0.4194505805326724,
                    0.0,
                    0.27063700059322826
                ],
                [
                    -0.4194505805326724,
                    0.9077781725128689,
                    0.0,
                    0.8002854543438492
                ],
                [
                    0.0,
                    0.0,
                    1.0,
                    -0.25
                ],
                [
                    0.0,
                    0.0,
                    0.0,
                    1.0
                ]
            ],
            "size": [
                0.2,
                0.2,
                0.02
            ]
        },
        "collider2": {
            "type": "Box",
            "collider2origin": [
                [
                    -0.7084488944101828,
                    0.6739304201814482,
                    0.20956610594999975,
                    0.4805620329135649
                ],
                [
                    0.6462460291838239,
                    0.7387948217890278,
                    -0.1911760473015886,
                    0.8715391932888943
                ],
                [
                    -0.2836657077849386,
                    -7.195526815396014e-06,
                    -0.9589232326808513,
                    -0.3903207895714337
                ],
                [
                    0.0,
                    0.0,
                    0.0,
                    1.0
                ]
            ],
            "size": [
                0.15068,
                0.17726,
                0.74884
            ]
        },
        "distance": 0.0
    },
    {
        "case": 4,
        "collider1": {
            "type": "Box",
            "collider2origin": [
                [
                    0.907778172512869,
                    0.4194505805326725,
                    0.0,
                    0.9947946797881562
                ],
                [
                    -0.4194505805326725,
                    0.907778172512869,
                    0.0,
                    0.5317739604993647
                ],
                [
                    0.0,
                    0.0,
                    1.0,
                    -0.69
                ],
                [
                    0.0,
                    0.0,
                    0.0,
                    1.0
                ]
            ],
            "size": [
                0.6,
                1.2,
                0.75
            ]
        },
        "collider2": {
            "type": "Box",
            "collider2origin": [
                [
                    -0.7084488944101828,
                    0.6739304201814482,
                    0.20956610594999975,
                    0.4805620329135649
                ],
                [
                    0.6462460291838239,
                    0.7387948217890278,
                    -0.1911760473015886,
                    0.8715391932888943
                ],
                [
                    -0.2836657077849386,
                    -7.195526815396014e-06,
                    -0.9589232326808513,
                    -0.3903207895714337
                ],
                [
                    0.0,
                    0.0,
                    0.0,
                    1.0
                ]
            ],
            "size": [
                0.15068,
                0.17726,
                0.74884
            ]
        },
        "distance": 0.11243891854234811
    },
    {
        "case": 5,
        "collider1": {
            "type": "Box",
            "collider2origin": [
                [
                    0.9077781725128689,
                    0.4194505805326724,
                    0.0,
                    0.4158817547107895
                ],
                [
                    -0.4194505805326724,
                    0.9077781725128689,
                    0.0,
                    0.733173894971941
                ],
                [
                    0.0,
                    0.0,
                    1.0,
                    -0.6599999999999999
                ],
                [
                    0.0,
                    0.0,
                    0.0,
                    1.0
                ]
            ],
            "size": [
                0.6,
                1.0,
                0.8
            ]
        },
        "collider2": {
            "type": "Box",
            "collider2origin": [
                [
                    -0.7084488944101828,
                    0.6739304201814482,
                    0.20956610594999975,
                    0.4805620329135649
                ],
                [
                    0.6462460291838239,
                    0.7387948217890278,
                    -0.1911760473015886,
                    0.8715391932888943
                ],
                [
                    -0.2836657077849386,
                    -7.195526815396014e-06,
                    -0.9589232326808513,
                    -0.3903207895714337
                ],
                [
                    0.0,
                    0.0,
                    0.0,
                    1.0
                ]
            ],
            "size": [
                0.15068,
                0.17726,
                0.74884
            ]
        },
        "distance": 0.0
    },
    {
        "case": 6,
        "collider1": {
            "type": "Box",
            "collider2origin": [
                [
                    0.9077781725128689,
                    0.4194505805326724,
                    0.0,
                    0.27063700059322826
                ],
                [
                    -0.4194505805326724,
                    0.9077781725128689,
                    0.0,
                    0.8002854543438492
                ],
                [
                    0.0,
                    0.0,
                    1.0,
                    -0.25
                ],
                [
                    0.0,
                    0.0,
                    0.0,
                    1.0
                ]
            ],
            "size": [
                0.2,
                0.2,
                0.02
            ]
        },
        "collider2": {
            "type": "Box",
            "collider2origin": [
                [
                    -0.7084488944101828,
                    0.6739304201814482,
                    0.20956610594999975,
                    0.4805620329135649
                ],
                [
                    0.6462460291838239,
                    0.7387948217890278,
                    -0.1911760473015886,
                    0.8715391932888943
                ],
                [
                    -0.2836657077849386,
                    -7.195526815396014e-06,
                    -0.9589232326808513,
                    -0.3903207895714337
                ],
                [
                    0.0,
                    0.0,
                    0.0,
                    1.0
                ]
            ],
            "size": [
                0.15068,
                0.17726,
                0.74884
            ]
        },
        "distance": 0.0
    },
    {
        "case": 7,
        "collider1": {
            "type": "Box",
            "collider2origin": [
                [
                    0.907778172512869,
                    0.4194505805326725,
                    0.0,
                    0.9947946797881562
                ],
                [
                    -0.4194505805326725,
                    0.907778172512869,
                    0.0,
                    0.5317739604993647
                ],
                [
                    0.0,
                    0.0,
                    1.0,
                    -0.69
                ],
                [
                    0.0,
                    0.0,
                    0.0,
                    1.0
                ]
            ],
            "size": [
                0.6,
                1.2,
                0.75
            ]
        },
        "collider2": {
            "type": "Box",
            "collider2origin": [
                [
                    -0.7084488944101828,
                    0.6739304201814482,
                    0.20956610594999975,
                    0.4805620329135649
                ],
                [
                    0.6462460291838239,
                    0.7387948217890278,
                    -0.1911760473015886,
                    0.8715391932888943
                ],
                [
                    -0.2836657077849386,
                    -7.195526815396014e-06,
                    -0.9589232326808513,
                    -0.3903207895714337
                ],
                [
                    0.0,
                    0.0,
                    0.0,
                    1.0
                ]
            ],
            "size": [
                0.15068,
                0.17726,
                0.74884
            ]
        },
        "distance": 0.11243891854234811
    }
]