[
    {
        "case": 0,
        "collider1": {
            "type": "Box",
            "collider2origin": [
                [
                    -0.49996093967317806,
                    0.8660479541001831,
                    0.0,
                    0.23518030403224222
                ],
                [
                    -0.8660479541001831,
                    -0.49996093967317806,
                    0.0,
                    1.6545490191575776
                ],
                [
                    0.0,
                    0.0,
                    1.0,
                    -0.21500000000000008
                ],
                [
                    0.0,
                    0.0,
                    0.0,
                    1.0
                ]
            ],
            "size": [
                0.2,
                0.3,
                0.22
            ]
        },
        "collider2": {
            "type": "Sphere",
            "collider2origin": [
                [
                    1.0,
                    0.0,
                    0.0,
                    0.19538935197149807
                ],
                [
                    0.0,
                    1.0,
                    0.0,
                    1.6122735675080724
                ],
                [
                    0.0,
                    0.0,
                    1.0,
                    -0.28064270064240515
                ],
                [
                    0.0,
                    0.0,
                    0.0,
                    1.0
                ]
            ],
            "radius": 0.00487
        },
        "distance": 0.0
    },
    {
        "case": 1,
        "collider1": {
            "type": "Box",
            "collider2origin": [
                [
                    0.718022042059392,
                    -0.6960203640101781,
                    0.0,
                    0.13748258467077087
                ],
                [
                    0.6960203640101781,
                    0.718022042059392,
                    0.0,
                    1.5384737068316263
                ],
                [
                    0.0,
                    0.0,
                    1.0,
                    -0.21500000000000008
                ],
                [
                    0.0,
                    0.0,
                    0.0,
                    1.0
                ]
            ],
            "size": [
                0.2,
                0.3,
                0.22
            ]
        },
        "collider2": {
            "type": "Sphere",
            "collider2origin": [
                [
                    1.0,
                    0.0,
                    0.0,
                    0.19538935197149807
                ],
                [
                    0.0,
                    1.0,
                    0.0,
                    1.6122735675080724
                ],
                [
                    0.0,
                    0.0,
                    1.0,
                    -0.28064270064240515
                ],
                [
                    0.0,
                    0.0,
                    0.0,
                    1.0
                ]
            ],
            "radius": 0.00487
        },
        "distance": 0.0
    },
    {
        "case": 2,
        "collider1": {
            "type": "Box",
            "collider2origin": [
                [
                    0.907778172512869,
                    0.4194505805326725,
                    0.0,
                    0.3318610395686135
                ],
                [
                    -0.4194505805326725,
                    0.907778172512869,
                    0.0,
                    1.862570334354233
                ],
                [
                    0.0,
                    0.0,
                    1.0,
                    -0.21500000000000008
                ],
                [
                    0.0,
                    0.0,
                    0.0,
                    1.0
                ]
            ],
            "size": [
                0.3,
                0.46,
                0.22
            ]
        },
        "collider2": {
            "type": "Sphere",
            "collider2origin": [
                [
                    1.0,
                    0.0,
                    0.0,
                    0.19538935197149807
                ],
                [
                    0.0,
                    1.0,
                    0.0,
                    1.6122735675080724
                ],
                [
                    0.0,
                    0.0,
                    1.0,
                    -0.28064270064240515
                ],
                [
                    0.0,
                    0.0,
                    0.0,
                    1.0
                ]
            ],
            "radius": 0.00487
        },
        "distance": 0.04958707018237093
    },
    {
        "case": 3,
        "collider1": {
            "type": "Box",
            "collider2origin": [
                [
                    -0.49996093967317806,
                    0.8660479541001831,
                    0.0,
                    0.23518030403224222
                ],
                [
                    -0.8660479541001831,
                    -0.49996093967317806,
                    0.0,
                    1.6545490191575776
                ],
                [
                    0.0,
                    0.0,
                    1.0,
                    -0.21500000000000008
                ],
                [
                    0.0,
                    0.0,
                    0.0,
                    1.0
                ]
            ],
            "size": [
                0.2,
                0.3,
                0.22
            ]
        },
        "collider2": {
            "type": "Cylinder",
            "collider2origin": [
                [
                    -0.3101462719790164,
                    -0.824537196850833,
                    -0.4732311285058158,
                    0.18857676168672666
                ],
                [
                    0.5550710404796061,
                    -0.5611756533521493,
                    0.6139853631037756,
                    1.6233110408002516
                ],
                [
                    -0.7718195579268545,
                    -0.07225162347074265,
                    0.6317232565826877,
                    -0.2704101742223921
                ],
                [
                    0.0,
                    0.0,
                    0.0,
                    1.0
                ]
            ],
            "radius": 0.0076,
            "height": 0.02993
        },
        "distance": 0.0
    },
    {
        "case": 4,
        "collider1": {
            "type": "Box",
            "collider2origin": [
                [
                    0.718022042059392,
                    -0.6960203640101781,
                    0.0,
                    0.13748258467077087
                ],
                [
                    0.6960203640101781,
                    0.718022042059392,
                    0.0,
                    1.5384737068316263
                ],
                [
                    0.0,
                    0.0,
                    1.0,
                    -0.21500000000000008
                ],
                [
                    0.0,
                    0.0,
                    0.0,
                    1.0
                ]
            ],
            "size": [
                0.2,
                0.3,
                0.22
            ]
        },
        "collider2": {
            "type": "Cylinder",
            "collider2origin": [
                [
                    -0.3101462719790164,
                    -0.824537196850833,
                    -0.4732311285058158,
                    0.18857676168672666
                ],
                [
                    0.5550710404796061,
                    -0.5611756533521493,
                    0.6139853631037756,
                    1.6233110408002516
                ],
                [
                    -0.7718195579268545,
                    -0.07225162347074265,
                    0.6317232565826877,
                    -0.2704101742223921
                ],
                [
                    0.0,
                    0.0,
                    0.0,
                    1.0
                ]
            ],
            "radius": 0.0076,
            "height": 0.02993
        },
        "distance": 0.0
    },
    {
        "case": 5,
        "collider1": {
            "type": "Box",
            "collider2origin": [
                [
                    0.8404842512412337,
                    -0.5418359746412772,
                    0.0,
                    0.011439976095501792
                ],
                [
                    0.5418359746412771,
                    0.8404842512412338,
                    0.0,
                    1.4325762997644957
                ],
                [
                    0.0,
                    0.0,
                    1.0,
                    -0.21500000000000008
                ],
                [
                    0.0,
                    0.0,
                    0.0,
                    1.0
                ]
            ],
            "size": [
                0.2,
                0.3,
                0.22
            ]
        },
        "collider2": {
            "type": "Cylinder",
            "collider2origin": [
                [
                    -0.3101462719790164,
                    -0.824537196850833,
                    -0.4732311285058158,
                    0.18857676168672666
                ],
                [
                    0.5550710404796061,
                    -0.5611756533521493,
                    0.6139853631037756,
                    1.6233110408002516
                ],
                [
                    -0.7718195579268545,
                    -0.07225162347074265,
                    0.6317232565826877,
                    -0.2704101742223921
                ],
                [
                    0.0,
                    0.0,
                    0.0,
                    1.0
                ]
            ],
            "radius": 0.0076,
            "height": 0.02993
        },
        "distance": 0.1436700445236599
    },
    {
        "case": 6,
        "collider1": {
            "type": "Box",
            "collider2origin": [
                [
                    0.907778172512869,
                    0.4194505805326725,
                    0.0,
                    0.3318610395686135
                ],
                [
                    -0.4194505805326725,
                    0.907778172512869,
                    0.0,
                    1.862570334354233
                ],
                [
                    0.0,
                    0.0,
                    1.0,
                    -0.21500000000000008
                ],
                [
                    0.0,
                    0.0,
                    0.0,
                    1.0
                ]
            ],
            "size": [
                0.3,
                0.46,
                0.22
            ]
        },
        "collider2": {
            "type": "Cylinder",
            "collider2origin": [
                [
                    -0.3101462719790164,
                    -0.824537196850833,
                    -0.4732311285058158,
                    0.18857676168672666
                ],
                [
                    0.5550710404796061,
                    -0.5611756533521493,
                    0.6139853631037756,
                    1.6233110408002516
                ],
                [
                    -0.7718195579268545,
                    -0.07225162347074265,
                    0.6317232565826877,
                    -0.2704101742223921
                ],
                [
                    0.0,
                    0.0,
                    0.0,
                    1.0
                ]
            ],
            "radius": 0.0076,
            "height": 0.02993
        },
        "distance": 0.03483085777363245
    },
    {
        "case": 7,
        "collider1": {
            "type": "Box",
            "collider2origin": [
                [
                    -0.49996093967317806,
                    0.8660479541001831,
                    0.0,
                    0.23518030403224222
                ],
                [
                    -0.8660479541001831,
                    -0.49996093967317806,
                    0.0,
                    1.6545490191575776
                ],
                [
                    0.0,
                    0.0,
                    1.0,
                    -0.21500000000000008
                ],
                [
                    0.0,
                    0.0,
                    0.0,
                    1.0
                ]
            ],
            "size": [
                0.2,
                0.3,
                0.22
            ]
        },
        "collider2": {
            "type": "Cylinder",
            "collider2origin": [
                [
                    -0.3067178889326325,
                    -0.458768403265808,
                    -0.8339398592066753,
                    0.16438549202957195
                ],
                [
                    0.5607924978278487,
                    -0.795045457806897,
                    0.23111575974092177,
                    1.6389696464694392
                ],
                [
                    -0.7690487052122974,
                    -0.3967798787559191,
                    0.5011285432159359,
                    -0.24934368090072812
                ],
                [
                    0.0,
                    0.0,
                    0.0,
                    1.0
                ]
            ],
            "radius": 0.00783,
            "height": 0.03683
        },
        "distance": 0.0
    },
    {
        "case": 8,
        "collider1": {
            "type": "Box",
            "collider2origin": [
                [
                    0.718022042059392,
                    -0.6960203640101781,
                    0.0,
                    0.13748258467077087
                ],
                [
                    0.6960203640101781,
                    0.718022042059392,
                    0.0,
                    1.5384737068316263
                ],
                [
                    0.0,
                    0.0,
                    1.0,
                    -0.21500000000000008
                ],
                [
                    0.0,
                    0.0,
                    0.0,
                    1.0
                ]
            ],
            "size": [
                0.2,
                0.3,
                0.22
            ]
        },
        "collider2": {
            "type": "Cylinder",
            "collider2origin": [
                [
                    -0.3067178889326325,
                    -0.458768403265808,
                    -0.8339398592066753,
                    0.16438549202957195
                ],
                [
                    0.5607924978278487,
                    -0.795045457806897,
                    0.23111575974092177,
                    1.6389696464694392
                ],
                [
                    -0.7690487052122974,
                    -0.3967798787559191,
                    0.5011285432159359,
                    -0.24934368090072812
                ],
                [
                    0.0,
                    0.0,
                    0.0,
                    1.0
                ]
            ],
            "radius": 0.00783,
            "height": 0.03683
        },
        "distance": 0.0
    },
    {
        "case": 9,
        "collider1": {
            "type": "Box",
            "collider2origin": [
                [
                    0.907778172512869,
                    0.4194505805326725,
                    0.0,
                    0.3318610395686135
                ],
                [
                    -0.4194505805326725,
                    0.907778172512869,
                    0.0,
                    1.862570334354233
                ],
                [
                    0.0,
                    0.0,
                    1.0,
                    -0.21500000000000008
                ],
                [
                    0.0,
                    0.0,
                    0.0,
                    1.0
                ]
            ],
            "size": [
                0.3,
                0.46,
                0.22
            ]
        },
        "collider2": {
            "type": "Cylinder",
            "collider2origin": [
                [
                    -0.3067178889326325,
                    -0.458768403265808,
                    -0.8339398592066753,
                    0.16438549202957195
                ],
                [
                    0.5607924978278487,
                    -0.795045457806897,
                    0.23111575974092177,
                    1.6389696464694392
                ],
                [
                    -0.7690487052122974,
                    -0.3967798787559191,
                    0.5011285432159359,
                    -0.24934368090072812
                ],
                [
                    0.0,
                    0.0,
                    0.0,
                    1.0
                ]
            ],
            "radius": 0.00783,
            "height": 0.03683
        },
        "distance": 0.032896644642141905
    },
    {
        "case": 10,
        "collider1": {
            "type": "Box",
            "collider2origin": [
                [
                    0.718022042059392,
                    -0.6960203640101781,
                    0.0,
                    0.13748258467077087
                ],
                [
                    0.6960203640101781,
                    0.718022042059392,
                    0.0,
                    1.5384737068316263
                ],
                [
                    0.0,
                    0.0,
                    1.0,
                    -0.21500000000000008
                ],
                [
                    0.0,
                    0.0,
                    0.0,
                    1.0
                ]
            ],
            "size": [
                0.2,
                0.3,
                0.22
            ]
        },
        "collider2": {
            "type": "Box",
            "collider2origin": [
                [
                    -0.5283541036233426,
                    0.7953065917589045,
                    -0.2972025677702151,
                    0.002369361412278448
                ],
                [
                    0.6931734323789563,
                    0.6062074109226757,
                    0.3899014844629378,
                    1.2699865919520779
                ],
                [
                    0.4902576198575097,
                    -6.874688293274044e-06,
                    -0.8715775732110067,
                    0.10101001761211381
                ],
                [
                    0.0,
                    0.0,
                    0.0,
                    1.0
                ]
            ],
            "size": [
                0.1202,
                0.13634,
                0.67816
            ]
        },
        "distance": 0.09033908929742511
    },
    {
        "case": 11,
        "collider1": {
            "type": "Box",
            "collider2origin": [
                [
                    0.8404842512412337,
                    -0.5418359746412772,
                    0.0,
                    0.011439976095501792
                ],
                [
                    0.5418359746412771,
                    0.8404842512412338,
                    0.0,
                    1.4325762997644957
                ],
                [
                    0.0,
                    0.0,
                    1.0,
                    -0.21500000000000008
                ],
                [
                    0.0,
                    0.0,
                    0.0,
                    1.0
                ]
            ],
            "size": [
                0.2,
                0.3,
                0.22
            ]
        },
        "collider2": {
            "type": "Box",
            "collider2origin": [
                [
                    -0.5283541036233426,
                    0.7953065917589045,
                    -0.2972025677702151,
                    0.002369361412278448
                ],
                [
                    0.6931734323789563,
                    0.6062074109226757,
                    0.3899014844629378,
                    1.2699865919520779
                ],
                [
                    0.4902576198575097,
                    -6.874688293274044e-06,
                    -0.8715775732110067,
                    0.10101001761211381
                ],
                [
                    0.0,
                    0.0,
                    0.0,
                    1.0
                ]
            ],
            "size": [
                0.1202,
                0.13634,
                0.67816
            ]
        },
        "distance": 0.0
    },
    {
        "case": 12,
        "collider1": {
            "type": "Box",
            "collider2origin": [
                [
                    0.9081427509232697,
                    -0.4186606548811531,
                    0.0,
                    -0.09474126814702305
                ],
                [
                    0.41866065488115317,
                    0.9081427509232698,
                    0.0,
                    1.368923948110301
                ],
                [
                    0.0,
                    0.0,
                    1.0,
                    -0.21500000000000008
                ],
                [
                    0.0,
                    0.0,
                    0.0,
                    1.0
                ]
            ],
            "size": [
                0.2,
                0.3,
                0.22
            ]
        },
        "collider2": {
            "type": "Box",
            "collider2origin": [
                [
                    -0.5283541036233426,
                    0.7953065917589045,
                    -0.2972025677702151,
                    0.002369361412278448
                ],
                [
                    0.6931734323789563,
                    0.6062074109226757,
                    0.3899014844629378,
                    1.2699865919520779
                ],
                [
                    0.4902576198575097,
                    -6.874688293274044e-06,
                    -0.8715775732110067,
                    0.10101001761211381
                ],
                [
                    0.0,
                    0.0,
                    0.0,
                    1.0
                ]
            ],
            "size": [
                0.1202,
                0.13634,
                0.67816
            ]
        },
        "distance": 0.0
    },
    {
        "case": 13,
        "collider1": {
            "type": "Box",
            "collider2origin": [
                [
                    0.9798474486812189,
                    -0.1997472836183421,
                    0.0,
                    -0.20628161272202655
                ],
                [
                    0.19974728361834207,
                    0.9798474486812188,
                    0.0,
                    1.335871448475788
                ],
                [
                    0.0,
                    0.0,
                    1.0,
                    -0.21500000000000008
                ],
                [
                    0.0,
                    0.0,
                    0.0,
                    1.0
                ]
            ],
            "size": [
                0.2,
                0.3,
                0.22
            ]
        },
        "collider2": {
            "type": "Box",
            "collider2origin": [
                [
                    -0.5283541036233426,
                    0.7953065917589045,
                    -0.2972025677702151,
                    0.002369361412278448
                ],
                [
                    0.6931734323789563,
                    0.6062074109226757,
                    0.3899014844629378,
                    1.2699865919520779
                ],
                [
                    0.4902576198575097,
                    -6.874688293274044e-06,
                    -0.8715775732110067,
                    0.10101001761211381
                ],
                [
                    0.0,
                    0.0,
                    0.0,
                    1.0
                ]
            ],
            "size": [
                0.1202,
                0.13634,
                0.67816
            ]
        },
        "distance": 0.0
    },
    {
        "case": 14,
        "collider1": {
            "type": "Cylinder",
            "collider2origin": [
                [
                    0.907778172512869,
                    0.4194505805326725,
                    0.0,
                    -0.1927378995604882
                ],
                [
                    -0.4194505805326725,
                    0.907778172512869,
                    0.0,
                    1.5211249462397922
                ],
                [
                    0.0,
                    0.0,
                    1.0,
                    -0.20999999999999996
                ],
                [
                    0.0,
                    0.0,
                    0.0,
                    1.0
                ]
            ],
            "radius": 0.04,
            "height": 0.22
        },
        "collider2": {
            "type": "Box",
            "collider2origin": [
                [
                    -0.5283541036233426,
                    0.7953065917589045,
                    -0.2972025677702151,
                    0.002369361412278448
                ],
                [
                    0.6931734323789563,
                    0.6062074109226757,
                    0.3899014844629378,
                    1.2699865919520779
                ],
                [
                    0.4902576198575097,
                    -6.874688293274044e-06,
                    -0.8715775732110067,
                    0.10101001761211381
                ],
                [
                    0.0,
                    0.0,
                    0.0,
                    1.0
                ]
            ],
            "size": [
                0.1202,
                0.13634,
                0.67816
            ]
        },
        "distance": 0.0593890902461007
    },
    {
        "case": 15,
        "collider1": {
            "type": "Cylinder",
            "collider2origin": [
                [
                    0.907778172512869,
                    0.4194505805326725,
                    0.0,
                    -0.07232761537572224
                ],
                [
                    -0.4194505805326725,
                    0.907778172512869,
                    0.0,
                    1.2000044650142188
                ],
                [
                    0.0,
                    0.0,
                    1.0,
                    -0.5800000000000001
                ],
                [
                    0.0,
                    0.0,
                    0.0,
                    1.0
                ]
            ],
            "radius": 0.04,
            "height": 0.96
        },
        "collider2": {
            "type": "Box",
            "collider2origin": [
                [
                    -0.5283541036233426,
                    0.7953065917589045,
                    -0.2972025677702151,
                    0.002369361412278448
                ],
                [
                    0.6931734323789563,
                    0.6062074109226757,
                    0.3899014844629378,
                    1.2699865919520779
                ],
                [
                    0.4902576198575097,
                    -6.874688293274044e-06,
                    -0.8715775732110067,
                    0.10101001761211381
                ],
                [
                    0.0,
                    0.0,
                    0.0,
                    1.0
                ]
            ],
            "size": [
                0.1202,
                0.13634,
                0.67816
            ]
        },
        "distance": 0.021746619110117577
    },
    {
        "case": 16,
        "collider1": {
            "type": "Box",
            "collider2origin": [
                [
                    -0.49996093967317806,
                    0.8660479541001831,
                    0.0,
                    0.23518030403224222
                ],
                [
                    -0.8660479541001831,
                    -0.49996093967317806,
                    0.0,
                    1.6545490191575776
                ],
                [
                    0.0,
                    0.0,
                    1.0,
                    -0.21500000000000008
                ],
                [
                    0.0,
                    0.0,
                    0.0,
                    1.0
                ]
            ],
            "size": [
                0.2,
                0.3,
                0.22
            ]
        },
        "collider2": {
            "type": "Cylinder",
            "collider2origin": [
                [
                    -0.18278260435138047,
                    -0.010850132807038476,
                    -0.9830934819052538,
                    0.17172850957464297
                ],
                [
                    0.69246391509532,
                    -0.7112507344084805,
                    -0.12089714262238861,
                    1.6357365159394437
                ],
                [
                    -0.6979142109438582,
                    -0.7028546559719626,
                    0.13751758702487982,
                    -0.22851680893031778
                ],
                [
                    0.0,
                    0.0,
                    0.0,
                    1.0
                ]
            ],
            "radius": 0.00783,
            "height": 0.03044
        },
        "distance": 0.0
    },
    {
        "case": 17,
        "collider1": {
            "type": "Box",
            "collider2origin": [
                [
                    0.718022042059392,
                    -0.6960203640101781,
                    0.0,
                    0.13748258467077087
                ],
                [
                    0.6960203640101781,
                    0.718022042059392,
                    0.0,
                    1.5384737068316263
                ],
                [
                    0.0,
                    0.0,
                    1.0,
                    -0.21500000000000008
                ],
                [
                    0.0,
                    0.0,
                    0.0,
                    1.0
                ]
            ],
            "size": [
                0.2,
                0.3,
                0.22
            ]
        },
        "collider2": {
            "type": "Cylinder",
            "collider2origin": [
                [
                    -0.18278260435138047,
                    -0.010850132807038476,
                    -0.9830934819052538,
                    0.17172850957464297
                ],
                [
                    0.69246391509532,
                    -0.7112507344084805,
                    -0.12089714262238861,
                    1.6357365159394437
                ],
                [
                    -0.6979142109438582,
                    -0.7028546559719626,
                    0.13751758702487982,
                    -0.22851680893031778
                ],
                [
                    0.0,
                    0.0,
                    0.0,
                    1.0
                ]
            ],
            "radius": 0.00783,
            "height": 0.03044
        },
        "distance": 0.0
    },
    {
        "case": 18,
        "collider1": {
            "type": "Box",
            "collider2origin": [
                [
                    0.907778172512869,
                    0.4194505805326725,
                    0.0,
                    0.3318610395686135
                ],
                [
                    -0.4194505805326725,
                    0.907778172512869,
                    0.0,
                    1.862570334354233
                ],
                [
                    0.0,
                    0.0,
                    1.0,
                    -0.21500000000000008
                ],
                [
                    0.0,
                    0.0,
                    0.0,
                    1.0
                ]
            ],
            "size": [
                0.3,
                0.46,
                0.22
            ]
        },
        "collider2": {
            "type": "Cylinder",
            "collider2origin": [
                [
                    -0.18278260435138047,
                    -0.010850132807038476,
                    -0.9830934819052538,
                    0.17172850957464297
                ],
                [
                    0.69246391509532,
                    -0.7112507344084805,
                    -0.12089714262238861,
                    1.6357365159394437
                ],
                [
                    -0.6979142109438582,
                    -0.7028546559719626,
                    0.13751758702487982,
                    -0.22851680893031778
                ],
                [
                    0.0,
                    0.0,
                    0.0,
                    1.0
                ]
            ],
            "radius": 0.00783,
            "height": 0.03044
        },
        "distance": 0.028457953782061906
    },
    {
        "case": 19,
        "collider1": {
            "type": "Box",
            "collider2origin": [
                [
                    -0.49996093967317806,
                    0.8660479541001831,
                    0.0,
                    0.23518030403224222
                ],
                [
                    -0.8660479541001831,
                    -0.49996093967317806,
                    0.0,
                    1.6545490191575776
                ],
                [
                    0.0,
                    0.0,
                    1.0,
                    -0.21500000000000008
                ],
                [
                    0.0,
                    0.0,
                    0.0,
                    1.0
                ]
            ],
            "size": [
                0.2,
                0.3,
                0.22
            ]
        },
        "collider2": {
            "type": "Sphere",
            "collider2origin": [
                [
                    1.0,
                    0.0,
                    0.0,
                    0.09826556318191829
                ],
                [
                    0.0,
                    1.0,
                    0.0,
                    1.7312748361937156
                ],
                [
                    0.0,
                    0.0,
                    1.0,
                    -0.23622408573354958
                ],
                [
                    0.0,
                    0.0,
                    0.0,
                    1.0
                ]
            ],
            "radius": 0.00663
        },
        "distance": 0.00030464278215964883
    },
    {
        "case": 20,
        "collider1": {
            "type": "Box",
            "collider2origin": [
                [
                    0.907778172512869,
                    0.4194505805326725,
                    0.0,
                    0.3318610395686135
                ],
                [
                    -0.4194505805326725,
                    0.907778172512869,
                    0.0,
                    1.862570334354233
                ],
                [
                    0.0,
                    0.0,
                    1.0,
                    -0.21500000000000008
                ],
                [
                    0.0,
                    0.0,
                    0.0,
                    1.0
                ]
            ],
            "size": [
                0.3,
                0.46,
                0.22
            ]
        },
        "collider2": {
            "type": "Sphere",
            "collider2origin": [
                [
                    1.0,
                    0.0,
                    0.0,
                    0.09826556318191829
                ],
                [
                    0.0,
                    1.0,
                    0.0,
                    1.7312748361937156
                ],
                [
                    0.0,
                    0.0,
                    1.0,
                    -0.23622408573354958
                ],
                [
                    0.0,
                    0.0,
                    0.0,
                    1.0
                ]
            ],
            "radius": 0.00663
        },
        "distance": 0.00035090173683172913
    },
    {
        "case": 21,
        "collider1": {
            "type": "Box",
            "collider2origin": [
                [
                    -0.49996093967317806,
                    0.8660479541001831,
                    0.0,
                    0.23518030403224222
                ],
                [
                    -0.8660479541001831,
                    -0.49996093967317806,
                    0.0,
                    1.6545490191575776
                ],
                [
                    0.0,
                    0.0,
                    1.0,
                    -0.21500000000000008
                ],
                [
                    0.0,
                    0.0,
                    0.0,
                    1.0
                ]
            ],
            "size": [
                0.2,
                0.3,
                0.22
            ]
        },
        "collider2": {
            "type": "Box",
            "collider2origin": [
                [
                    -0.5928875789132098,
                    0.7953072192420698,
                    -0.12637541608983338,
                    0.004251120838910161
                ],
                [
                    0.7778359653083499,
                    0.6062065876981672,
                    0.16578535551782567,
                    1.4518760524029863
                ],
                [
                    0.20845989984469382,
                    -7.265713250493016e-06,
                    -0.9780309146974594,
                    -0.15595255042041645
                ],
                [
                    0.0,
                    0.0,
                    0.0,
                    1.0
                ]
            ],
            "size": [
                0.09102,
                0.10007,
                0.11882
            ]
        },
        "distance": 0.12287277595434615
    },
    {
        "case": 22,
        "collider1": {
            "type": "Box",
            "collider2origin": [
                [
                    0.718022042059392,
                    -0.6960203640101781,
                    0.0,
                    0.13748258467077087
                ],
                [
