[
    {
        "case": 0,
        "collider1": {
            "type": "Box",
            "collider2origin": [
                [
                    0.9077781725128689,
                    0.4194505805326724,
                    0.0,
                    0.4158817547107895
                ],
                [
                    -0.4194505805326724,
                    0.9077781725128689,
                    0.0,
                    0.733173894971941
                ],
                [
                    0.0,
                    0.0,
                    1.0,
                    -0.6599999999999999
                ],
                [
                    0.0,
                    0.0,
                    0.0,
                    1.0
                ]
            ],
            "size": [
                0.6,
                1.0,
                0.8
            ]
        },
        "collider2": {
            "type": "Box",
            "collider2origin": [
                [
                    -0.650541932876929,
                    0.7239518162587525,
                    -0.22954076174919935,
                    -0.1484918554423344
                ],
                [
                    0.6827035150809316,
                    0.689850540106127,
                    0.24087785869901987,
                    1.340531729778344
                ],
                [
                    0.33273278177073157,
                    -7.137115216869469e-06,
                    -0.9430211534659082,
                    -0.4413682991965503
                ],
                [
                    0.0,
                    0.0,
                    0.0,
                    1.0
                ]
            ],
            "size": [
                0.1202,
                0.13634,
                0.67816
            ]
        },
        "distance": 0.3071276792494376
    },
    {
        "case": 1,
        "collider1": {
            "type": "Box",
            "collider2origin": [
                [
                    0.718022042059392,
                    -0.6960203640101781,
                    0.0,
                    0.13748258467077087
                ],
                [
                    0.6960203640101781,
                    0.718022042059392,
                    0.0,
                    1.5384737068316263
                ],
                [
                    0.0,
                    0.0,
                    1.0,
                    -0.21500000000000008
                ],
                [
                    0.0,
                    0.0,
                    0.0,
                    1.0
                ]
            ],
            "size": [
                0.2,
                0.3,
                0.22
            ]
        },
        "collider2": {
            "type": "Box",
            "collider2origin": [
                [
                    -0.650541932876929,
                    0.7239518162587525,
                    -0.22954076174919935,
                    -0.1484918554423344
                ],
                [
                    0.6827035150809316,
                    0.689850540106127,
                    0.24087785869901987,
                    1.340531729778344
                ],
                [
                    0.33273278177073157,
                    -7.137115216869469e-06,
                    -0.9430211534659082,
                    -0.4413682991965503
                ],
                [
                    0.0,
                    0.0,
                    0.0,
                    1.0
                ]
            ],
            "size": [
                0.1202,
                0.13634,
                0.67816
            ]
        },
        "distance": 0.17474445869085203
    },
    {
        "case": 2,
        "collider1": {
            "type": "Box",
            "collider2origin": [
                [
                    0.8404842512412337,
                    -0.5418359746412772,
                    0.0,
                    0.011439976095501792
                ],
                [
                    0.5418359746412771,
                    0.8404842512412338,
                    0.0,
                    1.4325762997644957
                ],
                [
                    0.0,
                    0.0,
                    1.0,
                    -0.21500000000000008
                ],
                [
                    0.0,
                    0.0,
                    0.0,
                    1.0
                ]
            ],
            "size": [
                0.2,
                0.3,
                0.22
            ]
        },
        "collider2": {
            "type": "Box",
            "collider2origin": [
                [
                    -0.650541932876929,
                    0.7239518162587525,
                    -0.22954076174919935,
                    -0.1484918554423344
                ],
                [
                    0.6827035150809316,
                    0.689850540106127,
                    0.24087785869901987,
                    1.340531729778344
                ],
                [
                    0.33273278177073157,
                    -7.137115216869469e-06,
                    -0.9430211534659082,
                    -0.4413682991965503
                ],
                [
                    0.0,
                    0.0,
                    0.0,
                    1.0
                ]
            ],
            "size": [
                0.1202,
                0.13634,
                0.67816
            ]
        },
        "distance": 0.0
    },
    {
        "case": 3,
        "collider1": {
            "type": "Box",
            "collider2origin": [
                [
                    0.9081427509232697,
                    -0.4186606548811531,
                    0.0,
                    -0.09474126814702305
                ],
                [
                    0.41866065488115317,
                    0.9081427509232698,
                    0.0,
                    1.368923948110301
                ],
                [
                    0.0,
                    0.0,
                    1.0,
                    -0.21500000000000008
                ],
                [
                    0.0,
                    0.0,
                    0.0,
                    1.0
                ]
            ],
            "size": [
                0.2,
                0.3,
                0.22
            ]
        },
        "collider2": {
            "type": "Box",
            "collider2origin": [
                [
                    -0.650541932876929,
                    0.7239518162587525,
                    -0.22954076174919935,
                    -0.1484918554423344
                ],
                [
                    0.6827035150809316,
                    0.689850540106127,
                    0.24087785869901987,
                    1.340531729778344
                ],
                [
                    0.33273278177073157,
                    -7.137115216869469e-06,
                    -0.9430211534659082,
                    -0.4413682991965503
                ],
                [
                    0.0,
                    0.0,
                    0.0,
                    1.0
                ]
            ],
            "size": [
                0.1202,
                0.13634,
                0.67816
            ]
        },
        "distance": 0.0
    },
    {
        "case": 4,
        "collider1": {
            "type": "Box",
            "collider2origin": [
                [
                    0.9798474486812189,
                    -0.1997472836183421,
                    0.0,
                    -0.20628161272202655
                ],
                [
                    0.19974728361834207,
                    0.9798474486812188,
                    0.0,
                    1.335871448475788
                ],
                [
                    0.0,
                    0.0,
                    1.0,
                    -0.21500000000000008
                ],
                [
                    0.0,
                    0.0,
                    0.0,
                    1.0
                ]
            ],
            "size": [
                0.2,
                0.3,
                0.22
            ]
        },
        "collider2": {
            "type": "Box",
            "collider2origin": [
                [
                    -0.650541932876929,
                    0.7239518162587525,
                    -0.22954076174919935,
                    -0.1484918554423344
                ],
                [
                    0.6827035150809316,
                    0.689850540106127,
                    0.24087785869901987,
                    1.340531729778344
                ],
                [
                    0.33273278177073157,
                    -7.137115216869469e-06,
                    -0.9430211534659082,
                    -0.4413682991965503
                ],
                [
                    0.0,
                    0.0,
                    0.0,
                    1.0
                ]
            ],
            "size": [
                0.1202,
                0.13634,
                0.67816
            ]
        },
        "distance": 0.0
    },
    {
        "case": 5,
        "collider1": {
            "type": "Box",
            "collider2origin": [
                [
                    0.9984065575563776,
                    -0.05643000822632935,
                    0.0,
                    -0.3111399560290343
                ],
                [
                    0.05643000822632935,
                    0.9984065575563776,
                    0.0,
                    1.3240986306775833
                ],
                [
                    0.0,
                    0.0,
                    1.0,
                    -0.21500000000000008
                ],
                [
                    0.0,
                    0.0,
                    0.0,
                    1.0
                ]
            ],
            "size": [
                0.2,
                0.3,
                0.22
            ]
        },
        "collider2": {
            "type": "Box",
            "collider2origin": [
                [
                    -0.650541932876929,
                    0.7239518162587525,
                    -0.22954076174919935,
                    -0.1484918554423344
                ],
                [
                    0.6827035150809316,
                    0.689850540106127,
                    0.24087785869901987,
                    1.340531729778344
                ],
                [
                    0.33273278177073157,
                    -7.137115216869469e-06,
                    -0.9430211534659082,
                    -0.4413682991965503
                ],
                [
                    0.0,
                    0.0,
                    0.0,
                    1.0
                ]
            ],
            "size": [
                0.1202,
                0.13634,
                0.67816
            ]
        },
        "distance": 0.0
    },
    {
        "case": 6,
        "collider1": {
            "type": "Cylinder",
            "collider2origin": [
                [
                    0.907778172512869,
                    0.4194505805326725,
                    0.0,
                    -0.1927378995604882
                ],
                [
                    -0.4194505805326725,
                    0.907778172512869,
                    0.0,
                    1.5211249462397922
                ],
                [
                    0.0,
                    0.0,
                    1.0,
                    -0.20999999999999996
                ],
                [
                    0.0,
                    0.0,
                    0.0,
                    1.0
                ]
            ],
            "radius": 0.04,
            "height": 0.22
        },
        "collider2": {
            "type": "Box",
            "collider2origin": [
                [
                    -0.650541932876929,
                    0.7239518162587525,
                    -0.22954076174919935,
                    -0.1484918554423344
                ],
                [
                    0.6827035150809316,
                    0.689850540106127,
                    0.24087785869901987,
                    1.340531729778344
                ],
                [
                    0.33273278177073157,
                    -7.137115216869469e-06,
                    -0.9430211534659082,
                    -0.4413682991965503
                ],
                [
                    0.0,
                    0.0,
                    0.0,
                    1.0
                ]
            ],
            "size": [
                0.1202,
                0.13634,
                0.67816
            ]
        },
        "distance": 0.0967899459351206
    },
    {
        "case": 7,
        "collider1": {
            "type": "Cylinder",
            "collider2origin": [
                [
                    0.907778172512869,
                    0.4194505805326725,
                    0.0,
                    -0.07232761537572224
                ],
                [
                    -0.4194505805326725,
                    0.907778172512869,
                    0.0,
                    1.2000044650142188
                ],
                [
                    0.0,
                    0.0,
                    1.0,
                    -0.5800000000000001
                ],
                [
                    0.0,
                    0.0,
                    0.0,
                    1.0
                ]
            ],
            "radius": 0.04,
            "height": 0.96
        },
        "collider2": {
            "type": "Box",
            "collider2origin": [
                [
                    -0.650541932876929,
                    0.7239518162587525,
                    -0.22954076174919935,
                    -0.1484918554423344
                ],
                [
                    0.6827035150809316,
                    0.689850540106127,
                    0.24087785869901987,
                    1.340531729778344
                ],
                [
                    0.33273278177073157,
                    -7.137115216869469e-06,
                    -0.9430211534659082,
                    -0.4413682991965503
                ],
                [
                    0.0,
                    0.0,
                    0.0,
                    1.0
                ]
            ],
            "size": [
                0.1202,
                0.13634,
                0.67816
            ]
        },
        "distance": 0.0
    },
    {
        "case": 8,
        "collider1": {
            "type": "Box",
            "collider2origin": [
                [
                    0.9077781725128689,
                    0.4194505805326724,
                    0.0,
                    0.27063700059322826
                ],
                [
                    -0.4194505805326724,
                    0.9077781725128689,
                    0.0,
                    0.8002854543438492
                ],
                [
                    0.0,
                    0.0,
                    1.0,
                    -0.25
                ],
                [
                    0.0,
                    0.0,
                    0.0,
                    1.0
                ]
            ],
            "size": [
                0.2,
                0.2,
                0.02
            ]
        },
        "collider2": {
            "type": "Box",
            "collider2origin": [
                [
                    -0.08367398583276837,
                    0.7239501441488909,
                    -0.6847589742980063,
                    0.22096062029119945
                ],
                [
                    0.0878157293891982,
                    0.6898522948935053,
                    0.7186043479565144,
                    1.1359581806565828
                ],
                [
                    0.9926162711575408,
                    -4.118753499513065e-06,
                    -0.12129690109947192,
                    -0.1391842405041812
                ],
                [
                    0.0,
                    0.0,
                    0.0,
                    1.0
                ]
            ],
            "size": [
                0.15068,
                0.17726,
                0.74884
            ]
        },
        "distance": 0.05563379601069718
    },
    {
        "case": 9,
        "collider1": {
            "type": "Box",
            "collider2origin": [
                [
                    0.718022042059392,
                    -0.6960203640101781,
                    0.0,
                    0.13748258467077087
                ],
                [
                    0.6960203640101781,
                    0.718022042059392,
                    0.0,
                    1.5384737068316263
                ],
                [
                    0.0,
                    0.0,
                    1.0,
                    -0.21500000000000008
                ],
                [
                    0.0,
                    0.0,
                    0.0,
                    1.0
                ]
            ],
            "size": [
                0.2,
                0.3,
                0.22
            ]
        },
        "collider2": {
            "type": "Box",
            "collider2origin": [
                [
                    -0.08367398583276837,
                    0.7239501441488909,
                    -0.6847589742980063,
                    0.22096062029119945
                ],
                [
                    0.0878157293891982,
                    0.6898522948935053,
                    0.7186043479565144,
                    1.1359581806565828
                ],
                [
                    0.9926162711575408,
                    -4.118753499513065e-06,
                    -0.12129690109947192,
                    -0.1391842405041812
                ],
                [
                    0.0,
                    0.0,
                    0.0,
                    1.0
                ]
            ],
            "size": [
                0.15068,
                0.17726,
                0.74884
            ]
        },
        "distance": 0.028335406173805613
    },
    {
        "case": 10,
        "collider1": {
            "type": "Box",
            "collider2origin": [
                [
                    0.8404842512412337,
                    -0.5418359746412772,
                    0.0,
                    0.011439976095501792
                ],
                [
                    0.5418359746412771,
                    0.8404842512412338,
                    0.0,
                    1.4325762997644957
                ],
                [
                    0.0,
                    0.0,
                    1.0,
                    -0.21500000000000008
                ],
                [
                    0.0,
                    0.0,
                    0.0,
                    1.0
                ]
            ],
            "size": [
                0.2,
                0.3,
                0.22
            ]
        },
        "collider2": {
            "type": "Box",
            "collider2origin": [
                [
                    -0.08367398583276837,
                    0.7239501441488909,
                    -0.6847589742980063,
                    0.22096062029119945
                ],
                [
                    0.0878157293891982,
                    0.6898522948935053,
                    0.7186043479565144,
                    1.1359581806565828
                ],
                [
                    0.9926162711575408,
                    -4.118753499513065e-06,
                    -0.12129690109947192,
                    -0.1391842405041812
                ],
                [
                    0.0,
                    0.0,
                    0.0,
                    1.0
                ]
            ],
            "size": [
                0.15068,
                0.17726,
                0.74884
            ]
        },
        "distance": 0.0
    },
    {
        "case": 11,
        "collider1": {
            "type": "Box",
            "collider2origin": [
                [
                    0.9081427509232697,
                    -0.4186606548811531,
                    0.0,
                    -0.09474126814702305
                ],
                [
                    0.41866065488115317,
                    0.9081427509232698,
                    0.0,
                    1.368923948110301
                ],
                [
                    0.0,
                    0.0,
                    1.0,
                    -0.21500000000000008
                ],
                [
                    0.0,
                    0.0,
                    0.0,
                    1.0
                ]
            ],
            "size": [
                0.2,
                0.3,
                0.22
            ]
        },
        "collider2": {
            "type": "Box",
            "collider2origin": [
                [
                    -0.08367398583276837,
                    0.7239501441488909,
                    -0.6847589742980063,
                    0.22096062029119945
                ],
                [
                    0.0878157293891982,
                    0.6898522948935053,
                    0.7186043479565144,
                    1.1359581806565828
                ],
                [
                    0.9926162711575408,
                    -4.118753499513065e-06,
                    -0.12129690109947192,
                    -0.1391842405041812
                ],
                [
                    0.0,
                    0.0,
                    0.0,
                    1.0
                ]
            ],
            "size": [
                0.15068,
                0.17726,
                0.74884
            ]
        },
        "distance": 0.0
    },
    {
        "case": 12,
        "collider1": {
            "type": "Box",
            "collider2origin": [
                [
                    0.9798474486812189,
                    -0.1997472836183421,
                    0.0,
                    -0.20628161272202655
                ],
                [
                    0.19974728361834207,
                    0.9798474486812188,
                    0.0,
                    1.335871448475788
                ],
                [
                    0.0,
                    0.0,
                    1.0,
                    -0.21500000000000008
                ],
                [
                    0.0,
                    0.0,
                    0.0,
                    1.0
                ]
            ],
            "size": [
                0.2,
                0.3,
                0.22
            ]
        },
        "collider2": {
            "type": "Box",
            "collider2origin": [
                [
                    -0.08367398583276837,
                    0.7239501441488909,
                    -0.6847589742980063,
                    0.22096062029119945
                ],
                [
                    0.0878157293891982,
                    0.6898522948935053,
                    0.7186043479565144,
                    1.1359581806565828
                ],
                [
                    0.9926162711575408,
                    -4.118753499513065e-06,
                    -0.12129690109947192,
                    -0.1391842405041812
                ],
                [
                    0.0,
                    0.0,
                    0.0,
                    1.0
                ]
            ],
            "size": [
                0.15068,
                0.17726,
                0.74884
            ]
        },
        "distance": 0.0012845278304344854
    },
    {
        "case": 13,
        "collider1": {
            "type": "Cylinder",
            "collider2origin": [
                [
                    0.907778172512869,
                    0.4194505805326725,
                    0.0,
                    -0.07232761537572224
                ],
                [
                    -0.4194505805326725,
                    0.907778172512869,
                    0.0,
                    1.2000044650142188
                ],
                [
                    0.0,
                    0.0,
                    1.0,
                    -0.5800000000000001
                ],
                [
                    0.0,
                    0.0,
                    0.0,
                    1.0
                ]
            ],
            "radius": 0.04,
            "height": 0.96
        },
        "collider2": {
            "type": "Box",
            "collider2origin": [
                [
                    -0.08367398583276837,
                    0.7239501441488909,
                    -0.6847589742980063,
                    0.22096062029119945
                ],
                [
                    0.0878157293891982,
                    0.6898522948935053,
                    0.7186043479565144,
                    1.1359581806565828
                ],
                [
                    0.9926162711575408,
                    -4.118753499513065e-06,
                    -0.12129690109947192,
                    -0.1391842405041812
                ],
                [
                    0.0,
                    0.0,
                    0.0,
                    1.0
                ]
            ],
            "size": [
                0.15068,
                0.17726,
                0.74884
            ]
        },
        "distance": 0.03951314646304437
    },
    {
        "case": 14,
        "collider1": {
            "type": "Box",
            "collider2origin": [
                [
                    0.9077781725128689,
                    0.4194505805326724,
                    0.0,
                    0.27063700059322826
                ],
                [
                    -0.4194505805326724,
                    0.9077781725128689,
                    0.0,
                    0.8002854543438492
                ],
                [
                    0.0,
                    0.0,
                    1.0,
                    -0.25
                ],
                [
                    0.0,
                    0.0,
                    0.0,
                    1.0
                ]
            ],
            "size": [
                0.2,
                0.2,
                0.02
            ]
        },
        "collider2": {
            "type": "Box",
            "collider2origin": [
                [
                    -0.08367398583276837,
                    0.7239501441488909,
                    -0.6847589742980063,
                    0.22096062029119945
                ],
                [
                    0.0878157293891982,
                    0.6898522948935053,
                    0.7186043479565144,
                    1.1359581806565828
                ],
                [
                    0.9926162711575408,
                    -4.118753499513065e-06,
                    -0.12129690109947192,
                    -0.1391842405041812
                ],
                [
                    0.0,
                    0.0,
                    0.0,
                    1.0
                ]
            ],
            "size": [
                0.15068,
                0.17726,
                0.74884
            ]
        },
        "distance": 0.05563379601069718
    },
    {
        "case": 15,
        "collider1": {
            "type": "Box",
            "collider2origin": [
                [
                    0.718022042059392,
                    -0.6960203640101781,
                    0.0,
                    0.13748258467077087
                ],
                [
                    0.6960203640101781,
                    0.718022042059392,
                    0.0,
                    1.5384737068316263
                ],
                [
                    0.0,
                    0.0,
                    1.0,
                    -0.21500000000000008
                ],
                [
                    0.0,
                    0.0,
                    0.0,
                    1.0
                ]
            ],
            "size": [
                0.2,
                0.3,
                0.22
            ]
        },
        "collider2": {
            "type": "Box",
            "collider2origin": [
                [
                    -0.08367398583276837,
                    0.7239501441488909,
                    -0.6847589742980063,
                    0.22096062029119945
                ],
                [
                    0.0878157293891982,
                    0.6898522948935053,
                    0.7186043479565144,
                    1.1359581806565828
                ],
                [
                    0.9926162711575408,
                    -4.118753499513065e-06,
                    -0.12129690109947192,
                    -0.1391842405041812
                ],
                [
                    0.0,
                    0.0,
                    0.0,
                    1.0
                ]
            ],
            "size": [
                0.15068,
                0.17726,
                0.74884
            ]
        },
        "distance": 0.028335406173805613
    },
    {
        "case": 16,
        "collider1": {
            "type": "Box",
            "collider2origin": [
                [
                    0.8404842512412337,
                    -0.5418359746412772,
                    0.0,
                    0.011439976095501792
                ],
                [
                    0.5418359746412771,
                    0.8404842512412338,
                    0.0,
                    1.4325762997644957
                ],
                [
                    0.0,
                    0.0,
                    1.0,
                    -0.21500000000000008
                ],
                [
                    0.0,
                    0.0,
                    0.0,
                    1.0
                ]
            ],
            "size": [
                0.2,
                0.3,
                0.22
            ]
        },
        "collider2": {
            "type": "Box",
            "collider2origin": [
                [
                    -0.08367398583276837,
                    0.7239501441488909,
                    -0.6847589742980063,
                    0.22096062029119945
                ],
                [
                    0.0878157293891982,
                    0.6898522948935053,
                    0.7186043479565144,
                    1.1359581806565828
                ],
                [
                    0.9926162711575408,
                    -4.118753499513065e-06,
                    -0.12129690109947192,
                    -0.1391842405041812
                ],
                [
                    0.0,
                    0.0,
                    0.0,
                    1.0
                ]
            ],
            "size": [
                0.15068,
                0.17726,
                0.74884
            ]
        },
        "distance": 0.0
    },
    {
        "case": 17,
        "collider1": {
            "type": "Box",
            "collider2origin": [
                [
                    0.9081427509232697,
                    -0.4186606548811531,
                    0.0,
                    -0.09474126814702305
                ],
                [
                    0.41866065488115317,
                    0.9081427509232698,
                    0.0,
                    1.368923948110301
                ],
                [
                    0.0,
                    0.0,
                    1.0,
                    -0.21500000000000008
                ],
                [
                    0.0,
                    0.0,
                    0.0,
                    1.0
                ]
            ],
            "size": [
                0.2,
                0.3,
                0.22
            ]
        },
        "collider2": {
            "type": "Box",
            "collider2origin": [
                [
                    -0.08367398583276837,
                    0.7239501441488909,
                    -0.6847589742980063,
                    0.22096062029119945
                ],
                [
                    0.0878157293891982,
                    0.6898522948935053,
                    0.7186043479565144,
                    1.1359581806565828
                ],
                [
                    0.9926162711575408,
                    -4.118753499513065e-06,
                    -0.12129690109947192,
                    -0.1391842405041812
                ],
                [
                    0.0,
                    0.0,
                    0.0,
                    1.0
                ]
            ],
            "size": [
                0.15068,
                0.17726,
                0.74884
            ]
        },
        "distance": 0.0
    },
    {
        "case": 18,
        "collider1": {
            "type": "Box",
            "collider2origin": [
                [
                    0.9798474486812189,
                    -0.1997472836183421,
                    0.0,
                    -0.20628161272202655
                ],
                [
                    0.19974728361834207,
                    0.9798474486812188,
                    0.0,
                    1.335871448475788
                ],
                [
                    0.0,
                    0.0,
                    1.0,
                    -0.21500000000000008
                ],
                [
                    0.0,
                    0.0,
                    0.0,
                    1.0
                ]
            ],
            "size": [
                0.2,
                0.3,
                0.22
            ]
        },
        "collider2": {
            "type": "Box",
            "collider2origin": [
                [
                    -0.08367398583276837,
                    0.7239501441488909,
                    -0.6847589742980063,
                    0.22096062029119945
                ],
                [
                    0.0878157293891982,
                    0.6898522948935053,
                    0.7186043479565144,
                    1.1359581806565828
                ],
                [
                    0.9926162711575408,
                    -4.118753499513065e-06,
                    -0.12129690109947192,
                    -0.1391842405041812
                ],
                [
                    0.0,
                    0.0,
                    0.0,
                    1.0
                ]
            ],
            "size": [
                0.15068,
                0.17726,
                0.74884
            ]
        },
        "distance": 0.0012845278304344854
    },
    {
        "case": 19,
        "collider1": {
            "type": "Cylinder",
            "collider2origin": [
                [
                    0.907778172512869,
                    0.4194505805326725,
                    0.0,
                    -0.07232761537572224
                ],
                [
                    -0.4194505805326725,
                    0.907778172512869,
                    0.0,
                    1.2000044650142188
                ],
                [
                    0.0,
                    0.0,
                    1.0,
                    -0.5800000000000001
                ],
                [
                    0.0,
                    0.0,
                    0.0,
                    1.0
                ]
            ],
            "radius": 0.04,
            "height": 0.96
        },
        "collider2": {
            "type": "Box",
            "collider2origin": [
                [
                    -0.08367398583276837,
                    0.7239501441488909,
                    -0.6847589742980063,
                    0.22096062029119945
                ],
                [
                    0.0878157293891982,
                    0.6898522948935053,
                    0.7186043479565144,
                    1.1359581806565828
                ],
                [
                    0.9926162711575408,
                    -4.118753499513065e-06,
                    -0.12129690109947192,
                    -0.1391842405041812
                ],
                [
                    0.0,
                    0.0,
                    0.0,
                    1.0
                ]
            ],
            "size": [
                0.15068,
                0.17726,
                0.74884
            ]
        },
        "distance": 0.03951314646304437
    }
]