[
    {
        "case": 0,
        "collider1": {
            "type": "Box",
            "collider2origin": [
                [
                    0.718022042059392,
                    -0.6960203640101781,
                    0.0,
                    0.13748258467077087
                ],
                [
                    0.6960203640101781,
                    0.718022042059392,
                    0.0,
                    1.5384737068316263
                ],
                [
                    0.0,
                    0.0,
                    1.0,
                    -0.21500000000000008
                ],
                [
                    0.0,
                    0.0,
                    0.0,
                    1.0
                ]
            ],
            "size": [
                0.2,
                0.3,
                0.22
            ]
        },
        "collider2": {
            "type": "Box",
            "collider2origin": [
                [
                    0.13662673586345034,
                    0.5280698335180273,
                    -0.8381380470874363,
                    0.14074064552362614
                ],
                [
                    -0.08495682406741405,
                    0.8492009484914291,
                    0.5211910274799784,
                    1.1045702098703878
                ],
                [
                    0.9869728836658469,
                    -3.0822352939724988e-06,
                    0.16088668962602962,
                    -0.05453707057002566
                ],
                [
                    0.0,
                    0.0,
                    0.0,
                    1.0
                ]
            ],
            "size": [
                0.15068,
                0.17726,
                0.74884
            ]
        },
        "distance": 0.14476859349877128
    },
    {
        "case": 1,
        "collider1": {
            "type": "Box",
            "collider2origin": [
                [
                    0.8404842512412337,
                    -0.5418359746412772,
                    0.0,
                    0.011439976095501792
                ],
                [
                    0.5418359746412771,
                    0.8404842512412338,
                    0.0,
                    1.4325762997644957
                ],
                [
                    0.0,
                    0.0,
                    1.0,
                    -0.21500000000000008
                ],
                [
                    0.0,
                    0.0,
                    0.0,
                    1.0
                ]
            ],
            "size": [
                0.2,
                0.3,
                0.22
            ]
        },
        "collider2": {
            "type": "Box",
            "collider2origin": [
                [
                    0.13662673586345034,
                    0.5280698335180273,
                    -0.8381380470874363,
                    0.14074064552362614
                ],
                [
                    -0.08495682406741405,
                    0.8492009484914291,
                    0.5211910274799784,
                    1.1045702098703878
                ],
                [
                    0.9869728836658469,
                    -3.0822352939724988e-06,
                    0.16088668962602962,
                    -0.05453707057002566
                ],
                [
                    0.0,
                    0.0,
                    0.0,
                    1.0
                ]
            ],
            "size": [
                0.15068,
                0.17726,
                0.74884
            ]
        },
        "distance": 0.0025509695430704178
    },
    {
        "case": 2,
        "collider1": {
            "type": "Box",
            "collider2origin": [
                [
                    0.9081427509232697,
                    -0.4186606548811531,
                    0.0,
                    -0.09474126814702305
                ],
                [
                    0.41866065488115317,
                    0.9081427509232698,
                    0.0,
                    1.368923948110301
                ],
                [
                    0.0,
                    0.0,
                    1.0,
                    -0.21500000000000008
                ],
                [
                    0.0,
                    0.0,
                    0.0,
                    1.0
                ]
            ],
            "size": [
                0.2,
                0.3,
                0.22
            ]
        },
        "collider2": {
            "type": "Box",
            "collider2origin": [
                [
                    0.13662673586345034,
                    0.5280698335180273,
                    -0.8381380470874363,
                    0.14074064552362614
                ],
                [
                    -0.08495682406741405,
                    0.8492009484914291,
                    0.5211910274799784,
                    1.1045702098703878
                ],
                [
                    0.9869728836658469,
                    -3.0822352939724988e-06,
                    0.16088668962602962,
                    -0.05453707057002566
                ],
                [
                    0.0,
                    0.0,
                    0.0,
                    1.0
                ]
            ],
            "size": [
                0.15068,
                0.17726,
                0.74884
            ]
        },
        "distance": 0.0014105010204876827
    },
    {
        "case": 3,
        "collider1": {
            "type": "Box",
            "collider2origin": [
                [
                    0.9798474486812189,
                    -0.1997472836183421,
                    0.0,
                    -0.20628161272202655
                ],
                [
                    0.19974728361834207,
                    0.9798474486812188,
                    0.0,
                    1.335871448475788
                ],
                [
                    0.0,
                    0.0,
                    1.0,
                    -0.21500000000000008
                ],
                [
                    0.0,
                    0.0,
                    0.0,
                    1.0
                ]
            ],
            "size": [
                0.2,
                0.3,
                0.22
            ]
        },
        "collider2": {
            "type": "Box",
            "collider2origin": [
                [
                    0.13662673586345034,
                    0.5280698335180273,
                    -0.8381380470874363,
                    0.14074064552362614
                ],
                [
                    -0.08495682406741405,
                    0.8492009484914291,
                    0.5211910274799784,
                    1.1045702098703878
                ],
                [
                    0.9869728836658469,
                    -3.0822352939724988e-06,
                    0.16088668962602962,
                    -0.05453707057002566
                ],
                [
                    0.0,
                    0.0,
                    0.0,
                    1.0
                ]
            ],
            "size": [
                0.15068,
                0.17726,
                0.74884
            ]
        },
        "distance": 0.013258001655723094
    },
    {
        "case": 4,
        "collider1": {
            "type": "Box",
            "collider2origin": [
                [
                    0.9984065575563776,
                    -0.05643000822632935,
                    0.0,
                    -0.3111399560290343
                ],
                [
                    0.05643000822632935,
                    0.9984065575563776,
                    0.0,
                    1.3240986306775833
                ],
                [
                    0.0,
                    0.0,
                    1.0,
                    -0.21500000000000008
                ],
                [
                    0.0,
                    0.0,
                    0.0,
                    1.0
                ]
            ],
            "size": [
                0.2,
                0.3,
                0.22
            ]
        },
        "collider2": {
            "type": "Box",
            "collider2origin": [
                [
                    0.13662673586345034,
                    0.5280698335180273,
                    -0.8381380470874363,
                    0.14074064552362614
                ],
                [
                    -0.08495682406741405,
                    0.8492009484914291,
                    0.5211910274799784,
                    1.1045702098703878
                ],
                [
                    0.9869728836658469,
                    -3.0822352939724988e-06,
                    0.16088668962602962,
                    -0.05453707057002566
                ],
                [
                    0.0,
                    0.0,
                    0.0,
                    1.0
                ]
            ],
            "size": [
                0.15068,
                0.17726,
                0.74884
            ]
        },
        "distance": 0.030870362601035144
    },
    {
        "case": 5,
        "collider1": {
            "type": "Cylinder",
            "collider2origin": [
                [
                    0.907778172512869,
                    0.4194505805326725,
                    0.0,
                    -0.07232761537572224
                ],
                [
                    -0.4194505805326725,
                    0.907778172512869,
                    0.0,
                    1.2000044650142188
                ],
                [
                    0.0,
                    0.0,
                    1.0,
                    -0.5800000000000001
                ],
                [
                    0.0,
                    0.0,
                    0.0,
                    1.0
                ]
            ],
            "radius": 0.04,
            "height": 0.96
        },
        "collider2": {
            "type": "Box",
            "collider2origin": [
                [
                    0.13662673586345034,
                    0.5280698335180273,
                    -0.8381380470874363,
                    0.14074064552362614
                ],
                [
                    -0.08495682406741405,
                    0.8492009484914291,
                    0.5211910274799784,
                    1.1045702098703878
                ],
                [
                    0.9869728836658469,
                    -3.0822352939724988e-06,
                    0.16088668962602962,
                    -0.05453707057002566
                ],
                [
                    0.0,
                    0.0,
                    0.0,
                    1.0
                ]
            ],
            "size": [
                0.15068,
                0.17726,
                0.74884
            ]
        },
        "distance": 0.00031382320021574374
    },
    {
        "case": 6,
        "collider1": {
            "type": "Box",
            "collider2origin": [
                [
                    0.718022042059392,
                    -0.6960203640101781,
                    0.0,
                    0.13748258467077087
                ],
                [
                    0.6960203640101781,
                    0.718022042059392,
                    0.0,
                    1.5384737068316263
                ],
                [
                    0.0,
                    0.0,
                    1.0,
                    -0.21500000000000008
                ],
                [
                    0.0,
                    0.0,
                    0.0,
                    1.0
                ]
            ],
            "size": [
                0.2,
                0.3,
                0.22
            ]
        },
        "collider2": {
            "type": "Box",
            "collider2origin": [
                [
                    0.13662673586345034,
                    0.5280698335180273,
                    -0.8381380470874363,
                    0.14074064552362614
                ],
                [
                    -0.08495682406741405,
                    0.8492009484914291,
                    0.5211910274799784,
                    1.1045702098703878
                ],
                [
                    0.9869728836658469,
                    -3.0822352939724988e-06,
                    0.16088668962602962,
                    -0.05453707057002566
                ],
                [
                    0.0,
                    0.0,
                    0.0,
                    1.0
                ]
            ],
            "size": [
                0.15068,
                0.17726,
                0.74884
            ]
        },
        "distance": 0.14476859349877128
    },
    {
        "case": 7,
        "collider1": {
            "type": "Box",
            "collider2origin": [
                [
                    0.8404842512412337,
                    -0.5418359746412772,
                    0.0,
                    0.011439976095501792
                ],
                [
                    0.5418359746412771,
                    0.8404842512412338,
                    0.0,
                    1.4325762997644957
                ],
                [
                    0.0,
                    0.0,
                    1.0,
                    -0.21500000000000008
                ],
                [
                    0.0,
                    0.0,
                    0.0,
                    1.0
                ]
            ],
            "size": [
                0.2,
                0.3,
                0.22
            ]
        },
        "collider2": {
            "type": "Box",
            "collider2origin": [
                [
                    0.13662673586345034,
                    0.5280698335180273,
                    -0.8381380470874363,
                    0.14074064552362614
                ],
                [
                    -0.08495682406741405,
                    0.8492009484914291,
                    0.5211910274799784,
                    1.1045702098703878
                ],
                [
                    0.9869728836658469,
                    -3.0822352939724988e-06,
                    0.16088668962602962,
                    -0.05453707057002566
                ],
                [
                    0.0,
                    0.0,
                    0.0,
                    1.0
                ]
            ],
            "size": [
                0.15068,
                0.17726,
                0.74884
            ]
        },
        "distance": 0.0025509695430704178
    },
    {
        "case": 8,
        "collider1": {
            "type": "Box",
            "collider2origin": [
                [
                    0.9081427509232697,
                    -0.4186606548811531,
                    0.0,
                    -0.09474126814702305
                ],
                [
                    0.41866065488115317,
                    0.9081427509232698,
                    0.0,
                    1.368923948110301
                ],
                [
                    0.0,
                    0.0,
                    1.0,
                    -0.21500000000000008
                ],
                [
                    0.0,
                    0.0,
                    0.0,
                    1.0
                ]
            ],
            "size": [
                0.2,
                0.3,
                0.22
            ]
        },
        "collider2": {
            "type": "Box",
            "collider2origin": [
                [
                    0.13662673586345034,
                    0.5280698335180273,
                    -0.8381380470874363,
                    0.14074064552362614
                ],
                [
                    -0.08495682406741405,
                    0.8492009484914291,
                    0.5211910274799784,
                    1.1045702098703878
                ],
                [
                    0.9869728836658469,
                    -3.0822352939724988e-06,
                    0.16088668962602962,
                    -0.05453707057002566
                ],
                [
                    0.0,
                    0.0,
                    0.0,
                    1.0
                ]
            ],
            "size": [
                0.15068,
                0.17726,
                0.74884
            ]
        },
        "distance": 0.0014105010204876827
    },
    {
        "case": 9,
        "collider1": {
            "type": "Box",
            "collider2origin": [
                [
                    0.9798474486812189,
                    -0.1997472836183421,
                    0.0,
                    -0.20628161272202655
                ],
                [
                    0.19974728361834207,
                    0.9798474486812188,
                    0.0,
                    1.335871448475788
                ],
                [
                    0.0,
                    0.0,
                    1.0,
                    -0.21500000000000008
                ],
                [
                    0.0,
                    0.0,
                    0.0,
                    1.0
                ]
            ],
            "size": [
                0.2,
                0.3,
                0.22
            ]
        },
        "collider2": {
            "type": "Box",
            "collider2origin": [
                [
                    0.13662673586345034,
                    0.5280698335180273,
                    -0.8381380470874363,
                    0.14074064552362614
                ],
                [
                    -0.08495682406741405,
                    0.8492009484914291,
                    0.5211910274799784,
                    1.1045702098703878
                ],
                [
                    0.9869728836658469,
                    -3.0822352939724988e-06,
                    0.16088668962602962,
                    -0.05453707057002566
                ],
                [
                    0.0,
                    0.0,
                    0.0,
                    1.0
                ]
            ],
            "size": [
                0.15068,
                0.17726,
                0.74884
            ]
        },
        "distance": 0.013258001655723094
    },
    {
        "case": 10,
        "collider1": {
            "type": "Box",
            "collider2origin": [
                [
                    0.9984065575563776,
                    -0.05643000822632935,
                    0.0,
                    -0.3111399560290343
                ],
                [
                    0.05643000822632935,
                    0.9984065575563776,
                    0.0,
                    1.3240986306775833
                ],
                [
                    0.0,
                    0.0,
                    1.0,
                    -0.21500000000000008
                ],
                [
                    0.0,
                    0.0,
                    0.0,
                    1.0
                ]
            ],
            "size": [
                0.2,
                0.3,
                0.22
            ]
        },
        "collider2": {
            "type": "Box",
            "collider2origin": [
                [
                    0.13662673586345034,
                    0.5280698335180273,
                    -0.8381380470874363,
                    0.14074064552362614
                ],
                [
                    -0.08495682406741405,
                    0.8492009484914291,
                    0.5211910274799784,
                    1.1045702098703878
                ],
                [
                    0.9869728836658469,
                    -3.0822352939724988e-06,
                    0.16088668962602962,
                    -0.05453707057002566
                ],
                [
                    0.0,
                    0.0,
                    0.0,
                    1.0
                ]
            ],
            "size": [
                0.15068,
                0.17726,
                0.74884
            ]
        },
        "distance": 0.030870362601035144
    },
    {
        "case": 11,
        "collider1": {
            "type": "Cylinder",
            "collider2origin": [
                [
                    0.907778172512869,
                    0.4194505805326725,
                    0.0,
                    -0.07232761537572224
                ],
                [
                    -0.4194505805326725,
                    0.907778172512869,
                    0.0,
                    1.2000044650142188
                ],
                [
                    0.0,
                    0.0,
                    1.0,
                    -0.5800000000000001
                ],
                [
                    0.0,
                    0.0,
                    0.0,
                    1.0
                ]
            ],
            "radius": 0.04,
            "height": 0.96
        },
        "collider2": {
            "type": "Box",
            "collider2origin": [
                [
                    0.13662673586345034,
                    0.5280698335180273,
                    -0.8381380470874363,
                    0.14074064552362614
                ],
                [
                    -0.08495682406741405,
                    0.8492009484914291,
                    0.5211910274799784,
                    1.1045702098703878
                ],
                [
                    0.9869728836658469,
                    -3.0822352939724988e-06,
                    0.16088668962602962,
                    -0.05453707057002566
                ],
                [
                    0.0,
                    0.0,
                    0.0,
                    1.0
                ]
            ],
            "size": [
                0.15068,
                0.17726,
                0.74884
            ]
        },
        "distance": 0.00031382320021574374
    },
    {
        "case": 12,
        "collider1": {
            "type": "Box",
            "collider2origin": [
                [
                    0.907778172512869,
                    0.4194505805326725,
                    0.0,
                    -1.612083837096907
                ],
                [
                    -0.4194505805326725,
                    0.907778172512869,
                    0.0,
                    -0.24654756573714753
                ],
                [
                    0.0,
                    0.0,
                    1.0,
                    -0.040000000000000036
                ],
                [
                    0.0,
                    0.0,
                    0.0,
                    1.0
                ]
            ],
            "size": [
                2.0,
                2.0,
                2.0
            ]
        },
        "collider2": {
            "type": "Box",
            "collider2origin": [
                [
                    0.2991520425667946,
                    0.5280758314886549,
                    0.794760323384151,
                    0.035336882413615045
                ],
                [
                    -0.18603121494730673,
                    0.8491972186670802,
                    -0.49422309827983957,
                    1.0213405108240314
                ],
                [
                    -0.9358955296897958,
                    -2.3792169643679458e-06,
                    0.3522776710224416,
                    0.09460438075592581
                ],
                [
                    0.0,
                    0.0,
                    0.0,
                    1.0
                ]
            ],
            "size": [
                0.1202,
                0.13634,
                0.67816
            ]
        },
        "distance": 0.7629162065964606
    },
    {
        "case": 13,
        "collider1": {
            "type": "Box",
            "collider2origin": [
                [
                    0.907778172512869,
                    0.4194505805326725,
                    0.0,
                    -0.7418785952877999
                ],
                [
                    -0.4194505805326725,
                    0.907778172512869,
                    0.0,
                    1.2791466490804724
                ],
                [
                    0.0,
                    0.0,
                    1.0,
                    0.27
                ],
                [
                    0.0,
                    0.0,
                    0.0,
                    1.0
                ]
            ],
            "size": [
                0.52,
                1.16,
                0.6
            ]
        },
        "collider2": {
            "type": "Box",
            "collider2origin": [
                [
                    0.2991520425667946,
                    0.5280758314886549,
                    0.794760323384151,
                    0.035336882413615045
                ],
                [
                    -0.18603121494730673,
                    0.8491972186670802,
                    -0.49422309827983957,
                    1.0213405108240314
                ],
                [
                    -0.9358955296897958,
                    -2.3792169643679458e-06,
                    0.3522776710224416,
                    0.09460438075592581
                ],
                [
                    0.0,
                    0.0,
                    0.0,
                    1.0
                ]
            ],
            "size": [
                0.1202,
                0.13634,
                0.67816
            ]
        },
        "distance": 0.20934166763447876
    }
]