[
    {
        "case": 0,
        "collider1": {
            "type": "Box",
            "collider2origin": [
                [
                    0.9081427509232697,
                    -0.4186606548811531,
                    0.0,
                    -0.09474126814702305
                ],
                [
                    0.41866065488115317,
                    0.9081427509232698,
                    0.0,
                    1.368923948110301
                ],
                [
                    0.0,
                    0.0,
                    1.0,
                    -0.21500000000000008
                ],
                [
                    0.0,
                    0.0,
                    0.0,
                    1.0
                ]
            ],
            "size": [
                0.2,
                0.3,
                0.22
            ]
        },
        "collider2": {
            "type": "Box",
            "collider2origin": [
                [
                    0.6404540382122496,
                    -0.7336440492499141,
                    0.22712338923548103,
                    0.24001567709727498
                ],
                [
                    0.691452153751092,
                    0.679533964567,
                    0.24520911498725217,
                    0.9920934446852722
                ],
                [
                    -0.3342342651653158,
                    -2.1124591658494216e-07,
                    0.9424900296498401,
                    0.18005114856503757
                ],
                [
                    0.0,
                    0.0,
                    0.0,
                    1.0
                ]
            ],
            "size": [
                0.15068,
                0.17726,
                0.74884
            ]
        },
        "distance": 0.2562154133499558
    },
    {
        "case": 1,
        "collider1": {
            "type": "Box",
            "collider2origin": [
                [
                    0.9081427509232697,
                    -0.4186606548811531,
                    0.0,
                    -0.09474126814702305
                ],
                [
                    0.41866065488115317,
                    0.9081427509232698,
                    0.0,
                    1.368923948110301
                ],
                [
                    0.0,
                    0.0,
                    1.0,
                    -0.21500000000000008
                ],
                [
                    0.0,
                    0.0,
                    0.0,
                    1.0
                ]
            ],
            "size": [
                0.2,
                0.3,
                0.22
            ]
        },
        "collider2": {
            "type": "Box",
            "collider2origin": [
                [
                    0.6404540382122496,
                    -0.7336440492499141,
                    0.22712338923548103,
                    0.24001567709727498
                ],
                [
                    0.691452153751092,
                    0.679533964567,
                    0.24520911498725217,
                    0.9920934446852722
                ],
                [
                    -0.3342342651653158,
                    -2.1124591658494216e-07,
                    0.9424900296498401,
                    0.18005114856503757
                ],
                [
                    0.0,
                    0.0,
                    0.0,
                    1.0
                ]
            ],
            "size": [
                0.15068,
                0.17726,
                0.74884
            ]
        },
        "distance": 0.2562154133499558
    }
]