[
    {
        "case": 0,
        "collider1": {
            "type": "Box",
            "collider2origin": [
                [
                    0.718022042059392,
                    -0.6960203640101781,
                    0.0,
                    0.13748258467077087
                ],
                [
                    0.6960203640101781,
                    0.718022042059392,
                    0.0,
                    1.5384737068316263
                ],
                [
                    0.0,
                    0.0,
                    1.0,
                    -0.21500000000000008
                ],
                [
                    0.0,
                    0.0,
                    0.0,
                    1.0
                ]
            ],
            "size": [
                0.2,
                0.3,
                0.22
            ]
        },
        "collider2": {
            "type": "Box",
            "collider2origin": [
                [
                    0.28403564894292704,
                    0.9028389284972856,
                    -0.3228089517337511,
                    0.36072161636412514
                ],
                [
                    -0.5963955317446492,
                    0.4299789171439904,
                    0.6778130277050586,
                    1.078431115991215
                ],
                [
                    0.750757031165601,
                    -1.2467649931492163e-06,
                    0.6605784436036785,
                    0.09537882636469419
                ],
                [
                    0.0,
                    0.0,
                    0.0,
                    1.0
                ]
            ],
            "size": [
                0.15068,
                0.17726,
                0.74884
            ]
        },
        "distance": 0.2978670837710152
    },
    {
        "case": 1,
        "collider1": {
            "type": "Box",
            "collider2origin": [
                [
                    0.8404842512412337,
                    -0.5418359746412772,
                    0.0,
                    0.011439976095501792
                ],
                [
                    0.5418359746412771,
                    0.8404842512412338,
                    0.0,
                    1.4325762997644957
                ],
                [
                    0.0,
                    0.0,
                    1.0,
                    -0.21500000000000008
                ],
                [
                    0.0,
                    0.0,
                    0.0,
                    1.0
                ]
            ],
            "size": [
                0.2,
                0.3,
                0.22
            ]
        },
        "collider2": {
            "type": "Box",
            "collider2origin": [
                [
                    0.28403564894292704,
                    0.9028389284972856,
                    -0.3228089517337511,
                    0.36072161636412514
                ],
                [
                    -0.5963955317446492,
                    0.4299789171439904,
                    0.6778130277050586,
                    1.078431115991215
                ],
                [
                    0.750757031165601,
                    -1.2467649931492163e-06,
                    0.6605784436036785,
                    0.09537882636469419
                ],
                [
                    0.0,
                    0.0,
                    0.0,
                    1.0
                ]
            ],
            "size": [
                0.15068,
                0.17726,
                0.74884
            ]
        },
        "distance": 0.2908932077418401
    },
    {
        "case": 2,
        "collider1": {
            "type": "Box",
            "collider2origin": [
                [
                    0.718022042059392,
                    -0.6960203640101781,
                    0.0,
                    0.13748258467077087
                ],
                [
                    0.6960203640101781,
                    0.718022042059392,
                    0.0,
                    1.5384737068316263
                ],
                [
                    0.0,
                    0.0,
                    1.0,
                    -0.21500000000000008
                ],
                [
                    0.0,
                    0.0,
                    0.0,
                    1.0
                ]
            ],
            "size": [
                0.2,
                0.3,
                0.22
            ]
        },
        "collider2": {
            "type": "Box",
            "collider2origin": [
                [
                    0.28403564894292704,
                    0.9028389284972856,
                    -0.3228089517337511,
                    0.36072161636412514
                ],
                [
                    -0.5963955317446492,
                    0.4299789171439904,
                    0.6778130277050586,
                    1.078431115991215
                ],
                [
                    0.750757031165601,
                    -1.2467649931492163e-06,
                    0.6605784436036785,
                    0.09537882636469419
                ],
                [
                    0.0,
                    0.0,
                    0.0,
                    1.0
                ]
            ],
            "size": [
                0.15068,
                0.17726,
                0.74884
            ]
        },
        "distance": 0.2978670837710152
    },
    {
        "case": 3,
        "collider1": {
            "type": "Box",
            "collider2origin": [
                [
                    0.8404842512412337,
                    -0.5418359746412772,
                    0.0,
                    0.011439976095501792
                ],
                [
                    0.5418359746412771,
                    0.8404842512412338,
                    0.0,
                    1.4325762997644957
                ],
                [
                    0.0,
                    0.0,
                    1.0,
                    -0.21500000000000008
                ],
                [
                    0.0,
                    0.0,
                    0.0,
                    1.0
                ]
            ],
            "size": [
                0.2,
                0.3,
                0.22
            ]
        },
        "collider2": {
            "type": "Box",
            "collider2origin": [
                [
                    0.28403564894292704,
                    0.9028389284972856,
                    -0.3228089517337511,
                    0.36072161636412514
                ],
                [
                    -0.5963955317446492,
                    0.4299789171439904,
                    0.6778130277050586,
                    1.078431115991215
                ],
                [
                    0.750757031165601,
                    -1.2467649931492163e-06,
                    0.6605784436036785,
                    0.09537882636469419
                ],
                [
                    0.0,
                    0.0,
                    0.0,
                    1.0
                ]
            ],
            "size": [
                0.15068,
                0.17726,
                0.74884
            ]
        },
        "distance": 0.2908932077418401
    }
]