[
    {
        "case": 0,
        "collider1": {
            "type": "Box",
            "collider2origin": [
                [
                    0.9077781725128689,
                    0.4194505805326724,
                    0.0,
                    0.4158817547107895
                ],
                [
                    -0.4194505805326724,
                    0.9077781725128689,
                    0.0,
                    0.733173894971941
                ],
                [
                    0.0,
                    0.0,
                    1.0,
                    -0.6599999999999999
                ],
                [
                    0.0,
                    0.0,
                    0.0,
                    1.0
                ]
            ],
            "size": [
                0.6,
                1.0,
                0.8
            ]
        },
        "collider2": {
            "type": "Box",
            "collider2origin": [
                [
                    -0.7115239555813837,
                    -0.4019706643311634,
                    0.5763273771485995,
                    -0.10046624582143976
                ],
                [
                    -0.312362879235014,
                    0.9156525459881354,
                    0.25300167331750556,
                    0.6768331880835659
                ],
                [
                    -0.6294148809091131,
                    -6.527540519663934e-06,
                    -0.7770694355381363,
                    -0.47289469893714386
                ],
                [
                    0.0,
                    0.0,
                    0.0,
                    1.0
                ]
            ],
            "size": [
                0.1202,
                0.13634,
                0.67816
            ]
        },
        "distance": 0.0
    },
    {
        "case": 1,
        "collider1": {
            "type": "Box",
            "collider2origin": [
                [
                    0.9077781725128689,
                    0.4194505805326724,
                    0.0,
                    0.27063700059322826
                ],
                [
                    -0.4194505805326724,
                    0.9077781725128689,
                    0.0,
                    0.8002854543438492
                ],
                [
                    0.0,
                    0.0,
                    1.0,
                    -0.25
                ],
                [
                    0.0,
                    0.0,
                    0.0,
                    1.0
                ]
            ],
            "size": [
                0.2,
                0.2,
                0.02
            ]
        },
        "collider2": {
            "type": "Box",
            "collider2origin": [
                [
                    -0.7115239555813837,
                    -0.4019706643311634,
                    0.5763273771485995,
                    -0.10046624582143976
                ],
                [
                    -0.312362879235014,
                    0.9156525459881354,
                    0.25300167331750556,
                    0.6768331880835659
                ],
                [
                    -0.6294148809091131,
                    -6.527540519663934e-06,
                    -0.7770694355381363,
                    -0.47289469893714386
                ],
                [
                    0.0,
                    0.0,
                    0.0,
                    1.0
                ]
            ],
            "size": [
                0.1202,
                0.13634,
                0.67816
            ]
        },
        "distance": 0.2668208002359965
    },
    {
        "case": 2,
        "collider1": {
            "type": "Box",
            "collider2origin": [
                [
                    0.907778172512869,
                    0.4194505805326725,
                    0.0,
                    -1.612083837096907
                ],
                [
                    -0.4194505805326725,
                    0.907778172512869,
                    0.0,
                    -0.24654756573714753
                ],
                [
                    0.0,
                    0.0,
                    1.0,
                    -0.040000000000000036
                ],
                [
                    0.0,
                    0.0,
                    0.0,
                    1.0
                ]
            ],
            "size": [
                2.0,
                2.0,
                2.0
            ]
        },
        "collider2": {
            "type": "Box",
            "collider2origin": [
                [
                    -0.7115239555813837,
                    -0.4019706643311634,
                    0.5763273771485995,
                    -0.10046624582143976
                ],
                [
                    -0.312362879235014,
                    0.9156525459881354,
                    0.25300167331750556,
                    0.6768331880835659
                ],
                [
                    -0.6294148809091131,
                    -6.527540519663934e-06,
                    -0.7770694355381363,
                    -0.47289469893714386
                ],
                [
                    0.0,
                    0.0,
                    0.0,
                    1.0
                ]
            ],
            "size": [
                0.1202,
                0.13634,
                0.67816
            ]
        },
        "distance": 0.23227984414120073
    },
    {
        "case": 3,
        "collider1": {
            "type": "Box",
            "collider2origin": [
                [
                    0.9077781725128689,
                    0.4194505805326724,
                    0.0,
                    0.4158817547107895
                ],
                [
                    -0.4194505805326724,
                    0.9077781725128689,
                    0.0,
                    0.733173894971941
                ],
                [
                    0.0,
                    0.0,
                    1.0,
                    -0.6599999999999999
                ],
                [
                    0.0,
                    0.0,
                    0.0,
                    1.0
                ]
            ],
            "size": [
                0.6,
                1.0,
                0.8
            ]
        },
        "collider2": {
            "type": "Box",
            "collider2origin": [
                [
                    -0.4012484714885068,
                    -0.9092110936269473,
                    0.11106237595976147,
                    0.03164234151282702
                ],
                [
                    0.9159692433665286,
                    -0.3982752099298286,
                    0.04875656224448313,
                    0.8612869287892644
                ],
                [
                    -9.661617911729631e-05,
                    0.12129321654998478,
                    0.9926167167060367,
                    -0.5883986929505609
                ],
                [
                    0.0,
                    0.0,
                    0.0,
                    1.0
                ]
            ],
            "size": [
                0.09126,
                0.11887,
                0.10009
            ]
        },
        "distance": 0.025241097842149934
    },
    {
        "case": 4,
        "collider1": {
            "type": "Box",
            "collider2origin": [
                [
                    0.9077781725128689,
                    0.4194505805326724,
                    0.0,
                    0.4158817547107895
                ],
                [
                    -0.4194505805326724,
                    0.9077781725128689,
                    0.0,
                    0.733173894971941
                ],
                [
                    0.0,
                    0.0,
                    1.0,
                    -0.6599999999999999
                ],
                [
                    0.0,
                    0.0,
                    0.0,
                    1.0
                ]
            ],
            "size": [
                0.6,
                1.0,
                0.8
            ]
        },
        "collider2": {
            "type": "Box",
            "collider2origin": [
                [
                    -0.3289071096621303,
                    -0.9092124391695312,
                    -0.2552505703678152,
                    -0.036064923489643796
                ],
                [
                    0.5085144805977541,
                    -0.3982725848680471,
                    0.7634081288307853,
                    0.8324141354736538
                ],
                [
                    -0.7957594713455189,
                    0.12129174993343877,
                    0.5933423760039259,
                    -0.5750386067404412
                ],
                [
                    0.0,
                    0.0,
                    0.0,
                    1.0
                ]
            ],
            "size": [
                0.08993,
                0.0305,
                0.09007
            ]
        },
        "distance": 0.09398237225388398
    },
    {
        "case": 5,
        "collider1": {
            "type": "Box",
            "collider2origin": [
                [
                    0.9077781725128689,
                    0.4194505805326724,
                    0.0,
                    0.4158817547107895
                ],
                [
                    -0.4194505805326724,
                    0.9077781725128689,
                    0.0,
                    0.733173894971941
                ],
                [
                    0.0,
                    0.0,
                    1.0,
                    -0.6599999999999999
                ],
                [
                    0.0,
                    0.0,
                    0.0,
                    1.0
                ]
            ],
            "size": [
                0.6,
                1.0,
                0.8
            ]
        },
        "collider2": {
            "type": "Box",
            "collider2origin": [
                [
                    0.9088912804695668,
                    -0.4019723733449401,
                    0.11106237595976147,
                    0.022899869510955018
                ],
                [
                    0.39900449442414126,
                    0.9156517957539511,
                    0.04875656224448313,
                    0.8530453999344206
                ],
                [
                    -0.12129325502981125,
                    -2.712031387502226e-08,
                    0.9926167167060367,
                    -0.697179046168174
                ],
                [
                    0.0,
                    0.0,
                    0.0,
                    1.0
                ]
            ],
            "size": [
                0.09102,
                0.10007,
                0.11882
            ]
        },
        "distance": 0.03483865395389905
    },
    {
        "case": 6,
        "collider1": {
            "type": "Box",
            "collider2origin": [
                [
                    0.9077781725128689,
                    0.4194505805326724,
                    0.0,
                    0.4158817547107895
                ],
                [
                    -0.4194505805326724,
                    0.9077781725128689,
                    0.0,
                    0.733173894971941
                ],
                [
                    0.0,
                    0.0,
                    1.0,
                    -0.6599999999999999
                ],
                [
                    0.0,
                    0.0,
                    0.0,
                    1.0
                ]
            ],
            "size": [
                0.6,
                1.0,
                0.8
            ]
        },
        "collider2": {
            "type": "Box",
            "collider2origin": [
                [
                    -0.2279532152077088,
                    -0.4019760387775479,
                    -0.8868216257653955,
                    -0.03615811141747188
                ],
                [
                    -0.10006800479265954,
                    0.9156501866038497,
                    -0.3893213713491099,
                    0.8430440067167235
                ],
                [
                    0.9685162497827715,
                    -4.587650778234604e-06,
                    -0.24895034421681203,
                    -0.17747406043548275
                ],
                [
                    0.0,
                    0.0,
                    0.0,
                    1.0
                ]
            ],
            "size": [
                0.15068,
                0.17726,
                0.74884
            ]
        },
        "distance": 0.036986934050011994
    },
    {
        "case": 7,
        "collider1": {
            "type": "Box",
            "collider2origin": [
                [
                    0.9077781725128689,
                    0.4194505805326724,
                    0.0,
                    0.27063700059322826
                ],
                [
                    -0.4194505805326724,
                    0.9077781725128689,
                    0.0,
                    0.8002854543438492
                ],
                [
                    0.0,
                    0.0,
                    1.0,
                    -0.25
                ],
                [
                    0.0,
                    0.0,
                    0.0,
                    1.0
                ]
            ],
            "size": [
                0.2,
                0.2,
                0.02
            ]
        },
        "collider2": {
            "type": "Box",
            "collider2origin": [
                [
                    -0.2279532152077088,
                    -0.4019760387775479,
                    -0.8868216257653955,
                    -0.03615811141747188
                ],
                [
                    -0.10006800479265954,
                    0.9156501866038497,
                    -0.3893213713491099,
                    0.8430440067167235
                ],
                [
                    0.9685162497827715,
                    -4.587650778234604e-06,
                    -0.24895034421681203,
                    -0.17747406043548275
                ],
                [
                    0.0,
                    0.0,
                    0.0,
                    1.0
                ]
            ],
            "size": [
                0.15068,
                0.17726,
                0.74884
            ]
        },
        "distance": 0.03280768799215315
    },
    {
        "case": 8,
        "collider1": {
            "type": "Box",
            "collider2origin": [
                [
                    0.907778172512869,
                    0.4194505805326725,
                    0.0,
                    -1.612083837096907
                ],
                [
                    -0.4194505805326725,
                    0.907778172512869,
                    0.0,
                    -0.24654756573714753
                ],
                [
                    0.0,
                    0.0,
                    1.0,
                    -0.040000000000000036
                ],
                [
                    0.0,
                    0.0,
                    0.0,
                    1.0
                ]
            ],
            "size": [
                2.0,
                2.0,
                2.0
            ]
        },
        "collider2": {
            "type": "Box",
            "collider2origin": [
                [
                    -0.2279532152077088,
                    -0.4019760387775479,
                    -0.8868216257653955,
                    -0.03615811141747188
                ],
                [
                    -0.10006800479265954,
                    0.9156501866038497,
                    -0.3893213713491099,
                    0.8430440067167235
                ],
                [
                    0.9685162497827715,
                    -4.587650778234604e-06,
                    -0.24895034421681203,
                    -0.17747406043548275
                ],
                [
                    0.0,
                    0.0,
                    0.0,
                    1.0
                ]
            ],
            "size": [
                0.15068,
                0.17726,
                0.74884
            ]
        },
        "distance": 0.30575433308837163
    },
    {
        "case": 9,
        "collider1": {
            "type": "Box",
            "collider2origin": [
                [
                    0.907778172512869,
                    0.4194505805326725,
                    0.0,
                    -0.7418785952877999
                ],
                [
                    -0.4194505805326725,
                    0.907778172512869,
                    0.0,
                    1.2791466490804724
                ],
                [
                    0.0,
                    0.0,
                    1.0,
                    0.27
                ],
                [
                    0.0,
                    0.0,
                    0.0,
                    1.0
                ]
            ],
            "size": [
                0.52,
                1.16,
                0.6
            ]
        },
        "collider2": {
            "type": "Box",
            "collider2origin": [
                [
                    -0.2279532152077088,
                    -0.4019760387775479,
                    -0.8868216257653955,
                    -0.03615811141747188
                ],
                [
                    -0.10006800479265954,
                    0.9156501866038497,
                    -0.3893213713491099,
                    0.8430440067167235
                ],
                [
                    0.9685162497827715,
                    -4.587650778234604e-06,
                    -0.24895034421681203,
                    -0.17747406043548275
                ],
                [
                    0.0,
                    0.0,
                    0.0,
                    1.0
                ]
            ],
            "size": [
                0.15068,
                0.17726,
                0.74884
            ]
        },
        "distance": 0.2964732515416409
    },
    {
        "case": 10,
        "collider1": {
            "type": "Box",
            "collider2origin": [
                [
                    0.9077781725128689,
                    0.4194505805326724,
                    0.0,
                    0.4158817547107895
                ],
                [
                    -0.4194505805326724,
                    0.9077781725128689,
                    0.0,
                    0.733173894971941
                ],
                [
                    0.0,
                    0.0,
                    1.0,
                    -0.6599999999999999
                ],
                [
                    0.0,
                    0.0,
                    0.0,
                    1.0
                ]
            ],
            "size": [
                0.6,
                1.0,
                0.8
            ]
        },
        "collider2": {
            "type": "Box",
            "collider2origin": [
                [
                    -0.2279532152077088,
                    -0.4019760387775479,
                    -0.8868216257653955,
                    -0.03615811141747188
                ],
                [
                    -0.10006800479265954,
                    0.9156501866038497,
                    -0.3893213713491099,
                    0.8430440067167235
                ],
                [
                    0.9685162497827715,
                    -4.587650778234604e-06,
                    -0.24895034421681203,
                    -0.17747406043548275
                ],
                [
                    0.0,
                    0.0,
                    0.0,
                    1.0
                ]
            ],
            "size": [
                0.15068,
                0.17726,
                0.74884
            ]
        },
        "distance": 0.036986934050011994
    },
    {
        "case": 11,
        "collider1": {
            "type": "Box",
            "collider2origin": [
                [
                    0.9077781725128689,
                    0.4194505805326724,
                    0.0,
                    0.27063700059322826
                ],
                [
                    -0.4194505805326724,
                    0.9077781725128689,
                    0.0,
                    0.8002854543438492
                ],
                [
                    0.0,
                    0.0,
                    1.0,
                    -0.25
                ],
                [
                    0.0,
                    0.0,
                    0.0,
                    1.0
                ]
            ],
            "size": [
                0.2,
                0.2,
                0.02
            ]
        },
        "collider2": {
            "type": "Box",
            "collider2origin": [
                [
                    -0.2279532152077088,
                    -0.4019760387775479,
                    -0.8868216257653955,
                    -0.03615811141747188
                ],
                [
                    -0.10006800479265954,
                    0.9156501866038497,
                    -0.3893213713491099,
                    0.8430440067167235
                ],
                [
                    0.9685162497827715,
                    -4.587650778234604e-06,
                    -0.24895034421681203,
                    -0.17747406043548275
                ],
                [
                    0.0,
                    0.0,
                    0.0,
                    1.0
                ]
            ],
            "size": [
                0.15068,
                0.17726,
                0.74884
            ]
        },
        "distance": 0.03280768799215315
    },
    {
        "case": 12,
        "collider1": {
            "type": "Box",
            "collider2origin": [
                [
                    0.907778172512869,
                    0.4194505805326725,
                    0.0,
                    -1.612083837096907
                ],
                [
                    -0.4194505805326725,
                    0.907778172512869,
                    0.0,
                    -0.24654756573714753
                ],
                [
                    0.0,
                    0.0,
                    1.0,
                    -0.040000000000000036
                ],
                [
                    0.0,
                    0.0,
                    0.0,
                    1.0
                ]
            ],
            "size": [
                2.0,
                2.0,
                2.0
            ]
        },
        "collider2": {
            "type": "Box",
            "collider2origin": [
                [
                    -0.2279532152077088,
                    -0.4019760387775479,
                    -0.8868216257653955,
                    -0.03615811141747188
                ],
                [
                    -0.10006800479265954,
                    0.9156501866038497,
                    -0.3893213713491099,
                    0.8430440067167235
                ],
                [
                    0.9685162497827715,
                    -4.587650778234604e-06,
                    -0.24895034421681203,
                    -0.17747406043548275
                ],
                [
                    0.0,
                    0.0,
                    0.0,
                    1.0
                ]
            ],
            "size": [
                0.15068,
                0.17726,
                0.74884
            ]
        },
        "distance": 0.30575433308837163
    },
    {
        "case": 13,
        "collider1": {
            "type": "Box",
            "collider2origin": [
                [
                    0.907778172512869,
                    0.4194505805326725,
                    0.0,
                    -0.7418785952877999
                ],
                [
                    -0.4194505805326725,
                    0.907778172512869,
                    0.0,
                    1.2791466490804724
                ],
                [
                    0.0,
                    0.0,
                    1.0,
                    0.27
                ],
                [
                    0.0,
                    0.0,
                    0.0,
                    1.0
                ]
            ],
            "size": [
                0.52,
                1.16,
                0.6
            ]
        },
        "collider2": {
            "type": "Box",
            "collider2origin": [
                [
                    -0.2279532152077088,
                    -0.4019760387775479,
                    -0.8868216257653955,
                    -0.03615811141747188
                ],
                [
                    -0.10006800479265954,
                    0.9156501866038497,
                    -0.3893213713491099,
                    0.8430440067167235
                ],
                [
                    0.9685162497827715,
                    -4.587650778234604e-06,
                    -0.24895034421681203,
                    -0.17747406043548275
                ],
                [
                    0.0,
                    0.0,
                    0.0,
                    1.0
                ]
            ],
            "size": [
                0.15068,
                0.17726,
                0.74884
            ]
        },
        "distance": 0.2964732515416409
    }
]