[
    {
        "case": 0,
        "collider1": {
            "type": "Box",
            "collider2origin": [
                [
                    0.9984065575563776,
                    -0.05643000822632935,
                    0.0,
                    -0.3111399560290343
                ],
                [
                    0.05643000822632935,
                    0.9984065575563776,
                    0.0,
                    1.3240986306775833
                ],
                [
                    0.0,
                    0.0,
                    1.0,
                    -0.21500000000000008
                ],
                [
                    0.0,
                    0.0,
                    0.0,
                    1.0
                ]
            ],
            "size": [
                0.2,
                0.3,
                0.22
            ]
        },
        "collider2": {
            "type": "Box",
            "collider2origin": [
                [
                    -0.2151406923340619,
                    0.47899669930192024,
                    -0.8510444433517481,
                    -0.49292820572366075
                ],
                [
                    0.1174004952003097,
                    0.8778167018443824,
                    0.46438665106759147,
                    1.4149037165639387
                ],
                [
                    0.9695006994472684,
                    -4.573465589101405e-06,
                    -0.2450885426745624,
                    -0.3119278739697413
                ],
                [
                    0.0,
                    0.0,
                    0.0,
                    1.0
                ]
            ],
            "size": [
                0.09102,
                0.10007,
                0.11882
            ]
        },
        "distance": 0.0
    },
    {
        "case": 1,
        "collider1": {
            "type": "Box",
            "collider2origin": [
                [
                    0.9997288002091077,
                    0.023287894547555033,
                    0.0,
                    -0.42010216954734814
                ],
                [
                    -0.02328789454755501,
                    0.9997288002091077,
                    0.0,
                    1.3190360102899432
                ],
                [
                    0.0,
                    0.0,
                    1.0,
                    -0.21500000000000008
                ],
                [
                    0.0,
                    0.0,
                    0.0,
                    1.0
                ]
            ],
            "size": [
                0.2,
                0.3,
                0.22
            ]
        },
        "collider2": {
            "type": "Box",
            "collider2origin": [
                [
                    -0.2151406923340619,
                    0.47899669930192024,
                    -0.8510444433517481,
                    -0.49292820572366075
                ],
                [
                    0.1174004952003097,
                    0.8778167018443824,
                    0.46438665106759147,
                    1.4149037165639387
                ],
                [
                    0.9695006994472684,
                    -4.573465589101405e-06,
                    -0.2450885426745624,
                    -0.3119278739697413
                ],
                [
                    0.0,
                    0.0,
                    0.0,
                    1.0
                ]
            ],
            "size": [
                0.09102,
                0.10007,
                0.11882
            ]
        },
        "distance": 0.0
    },
    {
        "case": 2,
        "collider1": {
            "type": "Box",
            "collider2origin": [
                [
                    0.9741881675007261,
                    0.22573748980082478,
                    0.0,
                    -0.5292040201289168
                ],
                [
                    -0.2257374898008248,
                    0.974188167500726,
                    0.0,
                    1.3318616486630257
                ],
                [
                    0.0,
                    0.0,
                    1.0,
                    -0.21500000000000008
                ],
                [
                    0.0,
                    0.0,
                    0.0,
                    1.0
                ]
            ],
            "size": [
                0.2,
                0.3,
                0.22
            ]
        },
        "collider2": {
            "type": "Box",
            "collider2origin": [
                [
                    -0.2151406923340619,
                    0.47899669930192024,
                    -0.8510444433517481,
                    -0.49292820572366075
                ],
                [
                    0.1174004952003097,
                    0.8778167018443824,
                    0.46438665106759147,
                    1.4149037165639387
                ],
                [
                    0.9695006994472684,
                    -4.573465589101405e-06,
                    -0.2450885426745624,
                    -0.3119278739697413
                ],
                [
                    0.0,
                    0.0,
                    0.0,
                    1.0
                ]
            ],
            "size": [
                0.09102,
                0.10007,
                0.11882
            ]
        },
        "distance": 0.0
    },
    {
        "case": 3,
        "collider1": {
            "type": "Box",
            "collider2origin": [
                [
                    0.907778172512869,
                    0.4194505805326725,
                    0.0,
                    -0.6717546761389399
                ],
                [
                    -0.4194505805326725,
                    0.907778172512869,
                    0.0,
                    1.384443828829999
                ],
                [
                    0.0,
                    0.0,
                    1.0,
                    -0.21500000000000008
                ],
                [
                    0.0,
                    0.0,
                    0.0,
                    1.0
                ]
            ],
            "size": [
                0.2,
                0.3,
                0.22
            ]
        },
        "collider2": {
            "type": "Box",
            "collider2origin": [
                [
                    -0.2151406923340619,
                    0.47899669930192024,
                    -0.8510444433517481,
                    -0.49292820572366075
                ],
                [
                    0.1174004952003097,
                    0.8778167018443824,
                    0.46438665106759147,
                    1.4149037165639387
                ],
                [
                    0.9695006994472684,
                    -4.573465589101405e-06,
                    -0.2450885426745624,
                    -0.3119278739697413
                ],
                [
                    0.0,
                    0.0,
                    0.0,
                    1.0
                ]
            ],
            "size": [
                0.09102,
                0.10007,
                0.11882
            ]
        },
        "distance": 0.0
    },
    {
        "case": 4,
        "collider1": {
            "type": "Cylinder",
            "collider2origin": [
                [
                    0.907778172512869,
                    0.4194505805326725,
                    0.0,
                    -0.6004934663570113
                ],
                [
                    -0.4194505805326725,
                    0.907778172512869,
                    0.0,
                    1.5387870906862133
                ],
                [
                    0.0,
                    0.0,
                    1.0,
                    -0.20999999999999996
                ],
                [
                    0.0,
                    0.0,
                    0.0,
                    1.0
                ]
            ],
            "radius": 0.04,
            "height": 0.22
        },
        "collider2": {
            "type": "Box",
            "collider2origin": [
                [
                    -0.5106041670400396,
                    0.12250200015289918,
                    -0.8510444433517481,
                    -0.5838872513133404
                ],
                [
                    -0.6229937046163402,
                    0.6294631699461338,
                    0.46438665106759147,
                    1.4705304361149747
                ],
                [
                    0.5925894266773204,
                    0.7673130897097376,
                    -0.2450885426745624,
                    -0.33684739484727766
                ],
                [
                    0.0,
                    0.0,
                    0.0,
                    1.0
                ]
            ],
            "size": [
                0.09126,
                0.11887,
                0.10009
            ]
        },
        "distance": 0.0
    },
    {
        "case": 5,
        "collider1": {
            "type": "Box",
            "collider2origin": [
                [
                    0.9997288002091077,
                    0.023287894547555033,
                    0.0,
                    -0.42010216954734814
                ],
                [
                    -0.02328789454755501,
                    0.9997288002091077,
                    0.0,
                    1.3190360102899432
                ],
                [
                    0.0,
                    0.0,
                    1.0,
                    -0.21500000000000008
                ],
                [
                    0.0,
                    0.0,
                    0.0,
                    1.0
                ]
            ],
            "size": [
                0.2,
                0.3,
                0.22
            ]
        },
        "collider2": {
            "type": "Box",
            "collider2origin": [
                [
                    -0.5106041670400396,
                    0.12250200015289918,
                    -0.8510444433517481,
                    -0.5838872513133404
                ],
                [
                    -0.6229937046163402,
                    0.6294631699461338,
                    0.46438665106759147,
                    1.4705304361149747
                ],
                [
                    0.5925894266773204,
                    0.7673130897097376,
                    -0.2450885426745624,
                    -0.33684739484727766
                ],
                [
                    0.0,
                    0.0,
                    0.0,
                    1.0
                ]
            ],
            "size": [
                0.09126,
                0.11887,
                0.10009
            ]
        },
        "distance": 0.009769959341229685
    },
    {
        "case": 6,
        "collider1": {
            "type": "Box",
            "collider2origin": [
                [
                    0.9741881675007261,
                    0.22573748980082478,
                    0.0,
                    -0.5292040201289168
                ],
                [
                    -0.2257374898008248,
                    0.974188167500726,
                    0.0,
                    1.3318616486630257
                ],
                [
                    0.0,
                    0.0,
                    1.0,
                    -0.21500000000000008
                ],
                [
                    0.0,
                    0.0,
                    0.0,
                    1.0
                ]
            ],
            "size": [
                0.2,
                0.3,
                0.22
            ]
        },
        "collider2": {
            "type": "Box",
            "collider2origin": [
                [
                    -0.5106041670400396,
                    0.12250200015289918,
                    -0.8510444433517481,
                    -0.5838872513133404
                ],
                [
                    -0.6229937046163402,
                    0.6294631699461338,
                    0.46438665106759147,
                    1.4705304361149747
                ],
                [
                    0.5925894266773204,
                    0.7673130897097376,
                    -0.2450885426745624,
                    -0.33684739484727766
                ],
                [
                    0.0,
                    0.0,
                    0.0,
                    1.0
                ]
            ],
            "size": [
                0.09126,
                0.11887,
                0.10009
            ]
        },
        "distance": 0.0
    },
    {
        "case": 7,
        "collider1": {
            "type": "Box",
            "collider2origin": [
                [
                    0.907778172512869,
                    0.4194505805326725,
                    0.0,
                    -0.6717546761389399
                ],
                [
                    -0.4194505805326725,
                    0.907778172512869,
                    0.0,
                    1.384443828829999
                ],
                [
                    0.0,
                    0.0,
                    1.0,
                    -0.21500000000000008
                ],
                [
                    0.0,
                    0.0,
                    0.0,
                    1.0
                ]
            ],
            "size": [
                0.2,
                0.3,
                0.22
            ]
        },
        "collider2": {
            "type": "Box",
            "collider2origin": [
                [
                    -0.5106041670400396,
                    0.12250200015289918,
                    -0.8510444433517481,
                    -0.5838872513133404
                ],
                [
                    -0.6229937046163402,
                    0.6294631699461338,
                    0.46438665106759147,
                    1.4705304361149747
                ],
                [
                    0.5925894266773204,
                    0.7673130897097376,
                    -0.2450885426745624,
                    -0.33684739484727766
                ],
                [
                    0.0,
                    0.0,
                    0.0,
                    1.0
                ]
            ],
            "size": [
                0.09126,
                0.11887,
                0.10009
            ]
        },
        "distance": 0.0
    },
    {
        "case": 8,
        "collider1": {
            "type": "Cylinder",
            "collider2origin": [
                [
                    0.907778172512869,
                    0.4194505805326725,
                    0.0,
                    -0.6004934663570113
                ],
                [
                    -0.4194505805326725,
                    0.907778172512869,
                    0.0,
                    1.5387870906862133
                ],
                [
                    0.0,
                    0.0,
                    1.0,
                    -0.20999999999999996
                ],
                [
                    0.0,
                    0.0,
                    0.0,
                    1.0
                ]
            ],
            "radius": 0.04,
            "height": 0.22
        },
        "collider2": {
            "type": "Box",
            "collider2origin": [
                [
                    -0.9874703582096183,
                    0.12250476082900662,
                    -0.0994729874468275,
                    -0.5780087404928158
                ],
                [
                    -0.00018335413379228223,
                    0.6294643183469562,
                    0.7770293677263835,
                    1.5200619657534347
                ],
                [
                    0.15780449308758732,
                    0.7673117068716139,
                    -0.6215548941639346,
                    -0.28109231952010616
                ],
                [
                    0.0,
                    0.0,
                    0.0,
                    1.0
                ]
            ],
            "size": [
                0.08993,
                0.0305,
                0.09007
            ]
        },
        "distance": 0.0
    },
    {
        "case": 9,
        "collider1": {
            "type": "Box",
            "collider2origin": [
                [
                    0.9741881675007261,
                    0.22573748980082478,
                    0.0,
                    -0.5292040201289168
                ],
                [
                    -0.2257374898008248,
                    0.974188167500726,
                    0.0,
                    1.3318616486630257
                ],
                [
                    0.0,
                    0.0,
                    1.0,
                    -0.21500000000000008
                ],
                [
                    0.0,
                    0.0,
                    0.0,
                    1.0
                ]
            ],
            "size": [
                0.2,
                0.3,
                0.22
            ]
        },
        "collider2": {
            "type": "Box",
            "collider2origin": [
                [
                    -0.9874703582096183,
                    0.12250476082900662,
                    -0.0994729874468275,
                    -0.5780087404928158
                ],
                [
                    -0.00018335413379228223,
                    0.6294643183469562,
                    0.7770293677263835,
                    1.5200619657534347
                ],
                [
                    0.15780449308758732,
                    0.7673117068716139,
                    -0.6215548941639346,
                    -0.28109231952010616
                ],
                [
                    0.0,
                    0.0,
                    0.0,
                    1.0
                ]
            ],
            "size": [
                0.08993,
                0.0305,
                0.09007
            ]
        },
        "distance": 0.0
    },
    {
        "case": 10,
        "collider1": {
            "type": "Box",
            "collider2origin": [
                [
                    0.907778172512869,
                    0.4194505805326725,
                    0.0,
                    -0.6717546761389399
                ],
                [
                    -0.4194505805326725,
                    0.907778172512869,
                    0.0,
                    1.384443828829999
                ],
                [
                    0.0,
                    0.0,
                    1.0,
                    -0.21500000000000008
                ],
                [
                    0.0,
                    0.0,
                    0.0,
                    1.0
                ]
            ],
            "size": [
                0.2,
                0.3,
                0.22
            ]
        },
        "collider2": {
            "type": "Box",
            "collider2origin": [
                [
                    -0.9874703582096183,
                    0.12250476082900662,
                    -0.0994729874468275,
                    -0.5780087404928158
                ],
                [
                    -0.00018335413379228223,
                    0.6294643183469562,
                    0.7770293677263835,
                    1.5200619657534347
                ],
                [
                    0.15780449308758732,
                    0.7673117068716139,
                    -0.6215548941639346,
                    -0.28109231952010616
                ],
                [
                    0.0,
                    0.0,
                    0.0,
                    1.0
                ]
            ],
            "size": [
                0.08993,
                0.0305,
                0.09007
            ]
        },
        "distance": 0.0
    },
    {
        "case": 11,
        "collider1": {
            "type": "Box",
            "collider2origin": [
                [
                    0.907778172512869,
                    0.4194505805326725,
                    0.0,
                    -1.612083837096907
                ],
                [
                    -0.4194505805326725,
                    0.907778172512869,
                    0.0,
                    -0.24654756573714753
                ],
                [
                    0.0,
                    0.0,
                    1.0,
                    -0.040000000000000036
                ],
                [
                    0.0,
                    0.0,
                    0.0,
                    1.0
                ]
            ],
            "size": [
                2.0,
                2.0,
                2.0
            ]
        },
        "collider2": {
            "type": "Box",
            "collider2origin": [
                [
                    -0.6163555847520555,
                    0.4789975294856369,
                    -0.625033727003278,
                    -0.36180316653420447
                ],
                [
                    0.33633149834129955,
                    0.8778162488286285,
                    0.34105682300158113,
                    1.2160370807444043
                ],
                [
                    0.712030137261372,
                    -6.2523420414045105e-06,
                    -0.70214890414531,
                    -0.10618510313500384
                ],
                [
                    0.0,
                    0.0,
                    0.0,
                    1.0
                ]
            ],
            "size": [
                0.1202,
                0.13634,
                0.67816
            ]
        },
        "distance": 0.7652194871306898
    },
    {
        "case": 12,
        "collider1": {
            "type": "Box",
            "collider2origin": [
                [
                    0.8404842512412337,
                    -0.5418359746412772,
                    0.0,
                    0.011439976095501792
                ],
                [
                    0.5418359746412771,
                    0.8404842512412338,
                    0.0,
                    1.4325762997644957
                ],
                [
                    0.0,
                    0.0,
                    1.0,
                    -0.21500000000000008
                ],
                [
                    0.0,
                    0.0,
                    0.0,
                    1.0
                ]
            ],
            "size": [
                0.2,
                0.3,
                0.22
            ]
        },
        "collider2": {
            "type": "Box",
            "collider2origin": [
                [
                    -0.6163555847520555,
                    0.4789975294856369,
                    -0.625033727003278,
                    -0.36180316653420447
                ],
                [
                    0.33633149834129955,
                    0.8778162488286285,
                    0.34105682300158113,
                    1.2160370807444043
                ],
                [
                    0.712030137261372,
                    -6.2523420414045105e-06,
                    -0.70214890414531,
                    -0.10618510313500384
                ],
                [
                    0.0,
                    0.0,
                    0.0,
                    1.0
                ]
            ],
            "size": [
                0.1202,
                0.13634,
                0.67816
            ]
        },
        "distance": 0.20663509069193392
    },
    {
        "case": 13,
        "collider1": {
            "type": "Box",
            "collider2origin": [
                [
                    0.9081427509232697,
                    -0.4186606548811531,
                    0.0,
                    -0.09474126814702305
                ],
                [
                    0.41866065488115317,
                    0.9081427509232698,
                    0.0,
                    1.368923948110301
                ],
                [
                    0.0,
                    0.0,
                    1.0,
                    -0.21500000000000008
                ],
                [
                    0.0,
                    0.0,
                    0.0,
                    1.0
                ]
            ],
            "size": [
                0.2,
                0.3,
                0.22
            ]
        },
        "collider2": {
            "type": "Box",
            "collider2origin": [
                [
                    -0.6163555847520555,
                    0.4789975294856369,
                    -0.625033727003278,
                    -0.36180316653420447
                ],
                [
                    0.33633149834129955,
                    0.8778162488286285,
                    0.34105682300158113,
                    1.2160370807444043
                ],
                [
                    0.712030137261372,
                    -6.2523420414045105e-06,
                    -0.70214890414531,
                    -0.10618510313500384
                ],
                [
                    0.0,
                    0.0,
                    0.0,
                    1.0
                ]
            ],
            "size": [
                0.1202,
                0.13634,
                0.67816
            ]
        },
        "distance": 0.08559628669877312
    },
    {
        "case": 14,
        "collider1": {
            "type": "Box",
            "collider2origin": [
                [
                    0.9798474486812189,
                    -0.1997472836183421,
                    0.0,
                    -0.20628161272202655
                ],
                [
                    0.19974728361834207,
                    0.9798474486812188,
                    0.0,
                    1.335871448475788
                ],
                [
                    0.0,
                    0.0,
                    1.0,
                    -0.21500000000000008
                ],
                [
                    0.0,
                    0.0,
                    0.0,
                    1.0
                ]
            ],
            "size": [
                0.2,
                0.3,
                0.22
            ]
        },
        "collider2": {
            "type": "Box",
            "collider2origin": [
                [
                    -0.6163555847520555,
                    0.4789975294856369,
                    -0.625033727003278,
                    -0.36180316653420447
                ],
                [
                    0.33633149834129955,
                    0.8778162488286285,
                    0.34105682300158113,
                    1.2160370807444043
                ],
                [
                    0.712030137261372,
                    -6.2523420414045105e-06,
                    -0.70214890414531,
                    -0.10618510313500384
                ],
                [
                    0.0,
                    0.0,
                    0.0,
                    1.0
                ]
            ],
            "size": [
                0.1202,
                0.13634,
                0.67816
            ]
        },
        "distance": 0.0
    },
    {
        "case": 15,
        "collider1": {
            "type": "Box",
            "collider2origin": [
                [
                    0.9984065575563776,
                    -0.05643000822632935,
                    0.0,
                    -0.3111399560290343
                ],
                [
                    0.05643000822632935,
                    0.9984065575563776,
                    0.0,
                    1.3240986306775833
                ],
                [
                    0.0,
                    0.0,
                    1.0,
                    -0.21500000000000008
                ],
                [
                    0.0,
                    0.0,
                    0.0,
                    1.0
                ]
            ],
            "size": [
                0.2,
                0.3,
                0.22
            ]
        },
        "collider2": {
            "type": "Box",
            "collider2origin": [
                [
                    -0.6163555847520555,
                    0.4789975294856369,
                    -0.625033727003278,
                    -0.36180316653420447
                ],
                [
                    0.33633149834129955,
                    0.8778162488286285,
                    0.34105682300158113,
                    1.2160370807444043
                ],
                [
                    0.712030137261372,
                    -6.2523420414045105e-06,
                    -0.70214890414531,
                    -0.10618510313500384
                ],
                [
                    0.0,
                    0.0,
                    0.0,
                    1.0
                ]
            ],
            "size": [
                0.1202,
                0.13634,
                0.67816
            ]
        },
        "distance": 0.0
    },
    {
        "case": 16,
        "collider1": {
            "type": "Box",
            "collider2origin": [
                [
                    0.9997288002091077,
                    0.023287894547555033,
                    0.0,
                    -0.42010216954734814
                ],
                [
                    -0.02328789454755501,
                    0.9997288002091077,
                    0.0,
                    1.3190360102899432
                ],
                [
                    0.0,
                    0.0,
                    1.0,
                    -0.21500000000000008
                ],
                [
                    0.0,
                    0.0,
                    0.0,
                    1.0
                ]
            ],
            "size": [
                0.2,
                0.3,
                0.22
            ]
        },
        "collider2": {
            "type": "Box",
            "collider2origin": [
                [
                    -0.6163555847520555,
                    0.4789975294856369,
                    -0.625033727003278,
                    -0.36180316653420447
                ],
                [
                    0.33633149834129955,
                    0.8778162488286285,
                    0.34105682300158113,
                    1.2160370807444043
                ],
                [
                    0.712030137261372,
                    -6.2523420414045105e-06,
                    -0.70214890414531,
                    -0.10618510313500384
                ],
                [
                    0.0,
                    0.0,
                    0.0,
                    1.0
                ]
            ],
            "size": [
                0.1202,
                0.13634,
                0.67816
            ]
        },
        "distance": 0.0
    },
    {
        "case": 17,
        "collider1": {
            "type": "Box",
            "collider2origin": [
                [
                    0.9741881675007261,
                    0.22573748980082478,
                    0.0,
                    -0.5292040201289168
                ],
                [
                    -0.2257374898008248,
                    0.974188167500726,
                    0.0,
                    1.3318616486630257
                ],
                [
                    0.0,
                    0.0,
                    1.0,
                    -0.21500000000000008
                ],
                [
                    0.0,
                    0.0,
                    0.0,
                    1.0
                ]
            ],
            "size": [
                0.2,
                0.3,
                0.22
            ]
        },
        "collider2": {
            "type": "Box",
            "collider2origin": [
                [
                    -0.6163555847520555,
                    0.4789975294856369,
                    -0.625033727003278,
                    -0.36180316653420447
                ],
                [
                    0.33633149834129955,
                    0.8778162488286285,
                    0.34105682300158113,
                    1.2160370807444043
                ],
                [
                    0.712030137261372,
                    -6.2523420414045105e-06,
                    -0.70214890414531,
                    -0.10618510313500384
                ],
                [
                    0.0,
                    0.0,
                    0.0,
                    1.0
                ]
            ],
            "size": [
                0.1202,
                0.13634,
                0.67816
            ]
        },
        "distance": 0.0
    },
    {
        "case": 18,
        "collider1": {
            "type": "Box",
            "collider2origin": [
                [
                    0.907778172512869,
                    0.4194505805326725,
                    0.0,
                    -0.6717546761389399
                ],
                [
                    -0.4194505805326725,
                    0.907778172512869,
                    0.0,
                    1.384443828829999
                ],
                [
                    0.0,
                    0.0,
                    1.0,
                    -0.21500000000000008
                ],
                [
                    0.0,
                    0.0,
                    0.0,
                    1.0
                ]
            ],
            "size": [
                0.2,
                0.3,
                0.22
            ]
        },
        "collider2": {
            "type": "Box",
            "collider2origin": [
                [
                    -0.6163555847520555,
                    0.4789975294856369,
                    -0.625033727003278,
                    -0.36180316653420447
                ],
                [
                    0.33633149834129955,
                    0.8778162488286285,
                    0.34105682300158113,
                    1.2160370807444043
                ],
                [
                    0.712030137261372,
                    -6.2523420414045105e-06,
                    -0.70214890414531,
                    -0.10618510313500384
                ],
                [
                    0.0,
                    0.0,
                    0.0,
                    1.0
                ]
            ],
            "size": [
                0.1202,
                0.13634,
                0.67816
            ]
        },
        "distance": 0.0
    },
    {
        "case": 19,
        "collider1": {
            "type": "Box",
            "collider2origin": [
                [
                    0.907778172512869,
                    0.4194505805326725,
                    0.0,
                    -0.7418785952877999
                ],
                [
                    -0.4194505805326725,
                    0.907778172512869,
                    0.0,
                    1.2791466490804724
                ],
                [
                    0.0,
                    0.0,
                    1.0,
                    0.27
                ],
                [
                    0.0,
                    0.0,
                    0.0,
                    1.0
                ]
            ],
            "size": [
                0.52,
                1.16,
                0.6
            ]
        },
        "collider2": {
            "type": "Box",
            "collider2origin": [
                [
                    -0.6163555847520555,
                    0.4789975294856369,
                    -0.625033727003278,
                    -0.36180316653420447
                ],
                [
                    0.33633149834129955,
                    0.8778162488286285,
                    0.34105682300158113,
                    1.2160370807444043
                ],
                [
                    0.712030137261372,
                    -6.2523420414045105e-06,
                    -0.70214890414531,
                    -0.10618510313500384
                ],
                [
                    0.0,
                    0.0,
                    0.0,
                    1.0
                ]
            ],
            "size": [
                0.1202,
                0.13634,
                0.67816
            ]
        },
        "distance": 0.06933437529560944
    },
    {
        "case": 20,
        "collider1": {
            "type": "Cylinder",
            "collider2origin": [
                [
                    0.907778172512869,
                    0.4194505805326725,
                    0.0,
                    -0.07232761537572224
                ],
                [
                    -0.4194505805326725,
                    0.907778172512869,
                    0.0,
                    1.2000044650142188
                ],
                [
                    0.0,
                    0.0,
                    1.0,
                    -0.5800000000000001
                ],
                [
                    0.0,
                    0.0,
                    0.0,
                    1.0
                ]
            ],
            "radius": 0.04,
            "height": 0.96
        },
        "collider2": {
            "type": "Box",
            "collider2origin": [
                [
                    -0.6163555847520555,
                    0.4789975294856369,
                    -0.625033727003278,
                    -0.36180316653420447
                ],
                [
                    0.33633149834129955,
                    0.8778162488286285,
                    0.34105682300158113,
                    1.2160370807444043
                ],
                [
                    0.712030137261372,
                    -6.2523420414045105e-06,
                    -0.70214890414531,
                    -0.10618510313500384
                ],
                [
                    0.0,
                    0.0,
                    0.0,
                    1.0
                ]
            ],
            "size": [
                0.1202,
                0.13634,
                0.67816
            ]
        },
        "distance": 0.10172016743927614
    },
    {
        "case": 21,
        "collider1": {
            "type": "Cylinder",
            "collider2origin": [
                [
                    0.907778172512869,
                    0.4194505805326725,
                    0.0,
                    -0.6004934663570113
                ],
                [
                    -0.4194505805326725,
                    0.907778172512869,
                    0.0,
                    1.5387870906862133
                ],
                [
                    0.0,
                    0.0,
                    1.0,
                    -0.20999999999999996
                ],
                [
                    0.0,
                    0.0,
                    0.0,
                    1.0
                ]
            ],
