[
    {
        "case": 0,
        "collider1": {
            "type": "Box",
            "collider2origin": [
                [
                    0.907778172512869,
                    0.4194505805326725,
                    0.0,
                    -1.612083837096907
                ],
                [
                    -0.4194505805326725,
                    0.907778172512869,
                    0.0,
                    -0.24654756573714753
                ],
                [
                    0.0,
                    0.0,
                    1.0,
                    -0.040000000000000036
                ],
                [
                    0.0,
                    0.0,
                    0.0,
                    1.0
                ]
            ],
            "size": [
                2.0,
                2.0,
                2.0
            ]
        },
        "collider2": {
            "type": "Box",
            "collider2origin": [
                [
                    0.07464291583377032,
                    0.40148775065599973,
                    -0.9128176275626028,
                    0.09625141348784674
                ],
                [
                    -0.0327175660433236,
                    0.9158643928343339,
                    0.40015243946575885,
                    1.0798926868430305
                ],
                [
                    0.9966734650767187,
                    -3.3738444310949186e-06,
                    0.0814984907871534,
                    -0.07835210797442671
                ],
                [
                    0.0,
                    0.0,
                    0.0,
                    1.0
                ]
            ],
            "size": [
                0.15068,
                0.17726,
                0.74884
            ]
        },
        "distance": 0.8245910154664131
    },
    {
        "case": 1,
        "collider1": {
            "type": "Box",
            "collider2origin": [
                [
                    0.8404842512412337,
                    -0.5418359746412772,
                    0.0,
                    0.011439976095501792
                ],
                [
                    0.5418359746412771,
                    0.8404842512412338,
                    0.0,
                    1.4325762997644957
                ],
                [
                    0.0,
                    0.0,
                    1.0,
                    -0.21500000000000008
                ],
                [
                    0.0,
                    0.0,
                    0.0,
                    1.0
                ]
            ],
            "size": [
                0.2,
                0.3,
                0.22
            ]
        },
        "collider2": {
            "type": "Box",
            "collider2origin": [
                [
                    0.07464291583377032,
                    0.40148775065599973,
                    -0.9128176275626028,
                    0.09625141348784674
                ],
                [
                    -0.0327175660433236,
                    0.9158643928343339,
                    0.40015243946575885,
                    1.0798926868430305
                ],
                [
                    0.9966734650767187,
                    -3.3738444310949186e-06,
                    0.0814984907871534,
                    -0.07835210797442671
                ],
                [
                    0.0,
                    0.0,
                    0.0,
                    1.0
                ]
            ],
            "size": [
                0.15068,
                0.17726,
                0.74884
            ]
        },
        "distance": 0.03412609518090089
    },
    {
        "case": 2,
        "collider1": {
            "type": "Box",
            "collider2origin": [
                [
                    0.9081427509232697,
                    -0.4186606548811531,
                    0.0,
                    -0.09474126814702305
                ],
                [
                    0.41866065488115317,
                    0.9081427509232698,
                    0.0,
                    1.368923948110301
                ],
                [
                    0.0,
                    0.0,
                    1.0,
                    -0.21500000000000008
                ],
                [
                    0.0,
                    0.0,
                    0.0,
                    1.0
                ]
            ],
            "size": [
                0.2,
                0.3,
                0.22
            ]
        },
        "collider2": {
            "type": "Box",
            "collider2origin": [
                [
                    0.07464291583377032,
                    0.40148775065599973,
                    -0.9128176275626028,
                    0.09625141348784674
                ],
                [
                    -0.0327175660433236,
                    0.9158643928343339,
                    0.40015243946575885,
                    1.0798926868430305
                ],
                [
                    0.9966734650767187,
                    -3.3738444310949186e-06,
                    0.0814984907871534,
                    -0.07835210797442671
                ],
                [
                    0.0,
                    0.0,
                    0.0,
                    1.0
                ]
            ],
            "size": [
                0.15068,
                0.17726,
                0.74884
            ]
        },
        "distance": 0.0
    },
    {
        "case": 3,
        "collider1": {
            "type": "Box",
            "collider2origin": [
                [
                    0.9798474486812189,
                    -0.1997472836183421,
                    0.0,
                    -0.20628161272202655
                ],
                [
                    0.19974728361834207,
                    0.9798474486812188,
                    0.0,
                    1.335871448475788
                ],
                [
                    0.0,
                    0.0,
                    1.0,
                    -0.21500000000000008
                ],
                [
                    0.0,
                    0.0,
                    0.0,
                    1.0
                ]
            ],
            "size": [
                0.2,
                0.3,
                0.22
            ]
        },
        "collider2": {
            "type": "Box",
            "collider2origin": [
                [
                    0.07464291583377032,
                    0.40148775065599973,
                    -0.9128176275626028,
                    0.09625141348784674
                ],
                [
                    -0.0327175660433236,
                    0.9158643928343339,
                    0.40015243946575885,
                    1.0798926868430305
                ],
                [
                    0.9966734650767187,
                    -3.3738444310949186e-06,
                    0.0814984907871534,
                    -0.07835210797442671
                ],
                [
                    0.0,
                    0.0,
                    0.0,
                    1.0
                ]
            ],
            "size": [
                0.15068,
                0.17726,
                0.74884
            ]
        },
        "distance": 0.0
    },
    {
        "case": 4,
        "collider1": {
            "type": "Box",
            "collider2origin": [
                [
                    0.9984065575563776,
                    -0.05643000822632935,
                    0.0,
                    -0.3111399560290343
                ],
                [
                    0.05643000822632935,
                    0.9984065575563776,
                    0.0,
                    1.3240986306775833
                ],
                [
                    0.0,
                    0.0,
                    1.0,
                    -0.21500000000000008
                ],
                [
                    0.0,
                    0.0,
                    0.0,
                    1.0
                ]
            ],
            "size": [
                0.2,
                0.3,
                0.22
            ]
        },
        "collider2": {
            "type": "Box",
            "collider2origin": [
                [
                    0.07464291583377032,
                    0.40148775065599973,
                    -0.9128176275626028,
                    0.09625141348784674
                ],
                [
                    -0.0327175660433236,
                    0.9158643928343339,
                    0.40015243946575885,
                    1.0798926868430305
                ],
                [
                    0.9966734650767187,
                    -3.3738444310949186e-06,
                    0.0814984907871534,
                    -0.07835210797442671
                ],
                [
                    0.0,
                    0.0,
                    0.0,
                    1.0
                ]
            ],
            "size": [
                0.15068,
                0.17726,
                0.74884
            ]
        },
        "distance": 0.0
    },
    {
        "case": 5,
        "collider1": {
            "type": "Box",
            "collider2origin": [
                [
                    0.907778172512869,
                    0.4194505805326725,
                    0.0,
                    -0.7418785952877999
                ],
                [
                    -0.4194505805326725,
                    0.907778172512869,
                    0.0,
                    1.2791466490804724
                ],
                [
                    0.0,
                    0.0,
                    1.0,
                    0.27
                ],
                [
                    0.0,
                    0.0,
                    0.0,
                    1.0
                ]
            ],
            "size": [
                0.52,
                1.16,
                0.6
            ]
        },
        "collider2": {
            "type": "Box",
            "collider2origin": [
                [
                    0.07464291583377032,
                    0.40148775065599973,
                    -0.9128176275626028,
                    0.09625141348784674
                ],
                [
                    -0.0327175660433236,
                    0.9158643928343339,
                    0.40015243946575885,
                    1.0798926868430305
                ],
                [
                    0.9966734650767187,
                    -3.3738444310949186e-06,
                    0.0814984907871534,
                    -0.07835210797442671
                ],
                [
                    0.0,
                    0.0,
                    0.0,
                    1.0
                ]
            ],
            "size": [
                0.15068,
                0.17726,
                0.74884
            ]
        },
        "distance": 0.21032201673741863
    },
    {
        "case": 6,
        "collider1": {
            "type": "Cylinder",
            "collider2origin": [
                [
                    0.907778172512869,
                    0.4194505805326725,
                    0.0,
                    -0.07232761537572224
                ],
                [
                    -0.4194505805326725,
                    0.907778172512869,
                    0.0,
                    1.2000044650142188
                ],
                [
                    0.0,
                    0.0,
                    1.0,
                    -0.5800000000000001
                ],
                [
                    0.0,
                    0.0,
                    0.0,
                    1.0
                ]
            ],
            "radius": 0.04,
            "height": 0.96
        },
        "collider2": {
            "type": "Box",
            "collider2origin": [
                [
                    0.07464291583377032,
                    0.40148775065599973,
                    -0.9128176275626028,
                    0.09625141348784674
                ],
                [
                    -0.0327175660433236,
                    0.9158643928343339,
                    0.40015243946575885,
                    1.0798926868430305
                ],
                [
                    0.9966734650767187,
                    -3.3738444310949186e-06,
                    0.0814984907871534,
                    -0.07835210797442671
                ],
                [
                    0.0,
                    0.0,
                    0.0,
                    1.0
                ]
            ],
            "size": [
                0.15068,
                0.17726,
                0.74884
            ]
        },
        "distance": 0.0
    },
    {
        "case": 7,
        "collider1": {
            "type": "Box",
            "collider2origin": [
                [
                    0.907778172512869,
                    0.4194505805326725,
                    0.0,
                    -1.612083837096907
                ],
                [
                    -0.4194505805326725,
                    0.907778172512869,
                    0.0,
                    -0.24654756573714753
                ],
                [
                    0.0,
                    0.0,
                    1.0,
                    -0.040000000000000036
                ],
                [
                    0.0,
                    0.0,
                    0.0,
                    1.0
                ]
            ],
            "size": [
                2.0,
                2.0,
                2.0
            ]
        },
        "collider2": {
            "type": "Box",
            "collider2origin": [
                [
                    0.07464291583377032,
                    0.40148775065599973,
                    -0.9128176275626028,
                    0.09625141348784674
                ],
                [
                    -0.0327175660433236,
                    0.9158643928343339,
                    0.40015243946575885,
                    1.0798926868430305
                ],
                [
                    0.9966734650767187,
                    -3.3738444310949186e-06,
                    0.0814984907871534,
                    -0.07835210797442671
                ],
                [
                    0.0,
                    0.0,
                    0.0,
                    1.0
                ]
            ],
            "size": [
                0.15068,
                0.17726,
                0.74884
            ]
        },
        "distance": 0.8245910154664131
    },
    {
        "case": 8,
        "collider1": {
            "type": "Box",
            "collider2origin": [
                [
                    0.8404842512412337,
                    -0.5418359746412772,
                    0.0,
                    0.011439976095501792
                ],
                [
                    0.5418359746412771,
                    0.8404842512412338,
                    0.0,
                    1.4325762997644957
                ],
                [
                    0.0,
                    0.0,
                    1.0,
                    -0.21500000000000008
                ],
                [
                    0.0,
                    0.0,
                    0.0,
                    1.0
                ]
            ],
            "size": [
                0.2,
                0.3,
                0.22
            ]
        },
        "collider2": {
            "type": "Box",
            "collider2origin": [
                [
                    0.07464291583377032,
                    0.40148775065599973,
                    -0.9128176275626028,
                    0.09625141348784674
                ],
                [
                    -0.0327175660433236,
                    0.9158643928343339,
                    0.40015243946575885,
                    1.0798926868430305
                ],
                [
                    0.9966734650767187,
                    -3.3738444310949186e-06,
                    0.0814984907871534,
                    -0.07835210797442671
                ],
                [
                    0.0,
                    0.0,
                    0.0,
                    1.0
                ]
            ],
            "size": [
                0.15068,
                0.17726,
                0.74884
            ]
        },
        "distance": 0.03412609518090089
    },
    {
        "case": 9,
        "collider1": {
            "type": "Box",
            "collider2origin": [
                [
                    0.9081427509232697,
                    -0.4186606548811531,
                    0.0,
                    -0.09474126814702305
                ],
                [
                    0.41866065488115317,
                    0.9081427509232698,
                    0.0,
                    1.368923948110301
                ],
                [
                    0.0,
                    0.0,
                    1.0,
                    -0.21500000000000008
                ],
                [
                    0.0,
                    0.0,
                    0.0,
                    1.0
                ]
            ],
            "size": [
                0.2,
                0.3,
                0.22
            ]
        },
        "collider2": {
            "type": "Box",
            "collider2origin": [
                [
                    0.07464291583377032,
                    0.40148775065599973,
                    -0.9128176275626028,
                    0.09625141348784674
                ],
                [
                    -0.0327175660433236,
                    0.9158643928343339,
                    0.40015243946575885,
                    1.0798926868430305
                ],
                [
                    0.9966734650767187,
                    -3.3738444310949186e-06,
                    0.0814984907871534,
                    -0.07835210797442671
                ],
                [
                    0.0,
                    0.0,
                    0.0,
                    1.0
                ]
            ],
            "size": [
                0.15068,
                0.17726,
                0.74884
            ]
        },
        "distance": 0.0
    },
    {
        "case": 10,
        "collider1": {
            "type": "Box",
            "collider2origin": [
                [
                    0.9798474486812189,
                    -0.1997472836183421,
                    0.0,
                    -0.20628161272202655
                ],
                [
                    0.19974728361834207,
                    0.9798474486812188,
                    0.0,
                    1.335871448475788
                ],
                [
                    0.0,
                    0.0,
                    1.0,
                    -0.21500000000000008
                ],
                [
                    0.0,
                    0.0,
                    0.0,
                    1.0
                ]
            ],
            "size": [
                0.2,
                0.3,
                0.22
            ]
        },
        "collider2": {
            "type": "Box",
            "collider2origin": [
                [
                    0.07464291583377032,
                    0.40148775065599973,
                    -0.9128176275626028,
                    0.09625141348784674
                ],
                [
                    -0.0327175660433236,
                    0.9158643928343339,
                    0.40015243946575885,
                    1.0798926868430305
                ],
                [
                    0.9966734650767187,
                    -3.3738444310949186e-06,
                    0.0814984907871534,
                    -0.07835210797442671
                ],
                [
                    0.0,
                    0.0,
                    0.0,
                    1.0
                ]
            ],
            "size": [
                0.15068,
                0.17726,
                0.74884
            ]
        },
        "distance": 0.0
    },
    {
        "case": 11,
        "collider1": {
            "type": "Box",
            "collider2origin": [
                [
                    0.9984065575563776,
                    -0.05643000822632935,
                    0.0,
                    -0.3111399560290343
                ],
                [
                    0.05643000822632935,
                    0.9984065575563776,
                    0.0,
                    1.3240986306775833
                ],
                [
                    0.0,
                    0.0,
                    1.0,
                    -0.21500000000000008
                ],
                [
                    0.0,
                    0.0,
                    0.0,
                    1.0
                ]
            ],
            "size": [
                0.2,
                0.3,
                0.22
            ]
        },
        "collider2": {
            "type": "Box",
            "collider2origin": [
                [
                    0.07464291583377032,
                    0.40148775065599973,
                    -0.9128176275626028,
                    0.09625141348784674
                ],
                [
                    -0.0327175660433236,
                    0.9158643928343339,
                    0.40015243946575885,
                    1.0798926868430305
                ],
                [
                    0.9966734650767187,
                    -3.3738444310949186e-06,
                    0.0814984907871534,
                    -0.07835210797442671
                ],
                [
                    0.0,
                    0.0,
                    0.0,
                    1.0
                ]
            ],
            "size": [
                0.15068,
                0.17726,
                0.74884
            ]
        },
        "distance": 0.0
    },
    {
        "case": 12,
        "collider1": {
            "type": "Box",
            "collider2origin": [
                [
                    0.907778172512869,
                    0.4194505805326725,
                    0.0,
                    -0.7418785952877999
                ],
                [
                    -0.4194505805326725,
                    0.907778172512869,
                    0.0,
                    1.2791466490804724
                ],
                [
                    0.0,
                    0.0,
                    1.0,
                    0.27
                ],
                [
                    0.0,
                    0.0,
                    0.0,
                    1.0
                ]
            ],
            "size": [
                0.52,
                1.16,
                0.6
            ]
        },
        "collider2": {
            "type": "Box",
            "collider2origin": [
                [
                    0.07464291583377032,
                    0.40148775065599973,
                    -0.9128176275626028,
                    0.09625141348784674
                ],
                [
                    -0.0327175660433236,
                    0.9158643928343339,
                    0.40015243946575885,
                    1.0798926868430305
                ],
                [
                    0.9966734650767187,
                    -3.3738444310949186e-06,
                    0.0814984907871534,
                    -0.07835210797442671
                ],
                [
                    0.0,
                    0.0,
                    0.0,
                    1.0
                ]
            ],
            "size": [
                0.15068,
                0.17726,
                0.74884
            ]
        },
        "distance": 0.21032201673741863
    },
    {
        "case": 13,
        "collider1": {
            "type": "Cylinder",
            "collider2origin": [
                [
                    0.907778172512869,
                    0.4194505805326725,
                    0.0,
                    -0.07232761537572224
                ],
                [
                    -0.4194505805326725,
                    0.907778172512869,
                    0.0,
                    1.2000044650142188
                ],
                [
                    0.0,
                    0.0,
                    1.0,
                    -0.5800000000000001
                ],
                [
                    0.0,
                    0.0,
                    0.0,
                    1.0
                ]
            ],
            "radius": 0.04,
            "height": 0.96
        },
        "collider2": {
            "type": "Box",
            "collider2origin": [
                [
                    0.07464291583377032,
                    0.40148775065599973,
                    -0.9128176275626028,
                    0.09625141348784674
                ],
                [
                    -0.0327175660433236,
                    0.9158643928343339,
                    0.40015243946575885,
                    1.0798926868430305
                ],
                [
                    0.9966734650767187,
                    -3.3738444310949186e-06,
                    0.0814984907871534,
                    -0.07835210797442671
                ],
                [
                    0.0,
                    0.0,
                    0.0,
                    1.0
                ]
            ],
            "size": [
                0.15068,
                0.17726,
                0.74884
            ]
        },
        "distance": 0.0
    },
    {
        "case": 14,
        "collider1": {
            "type": "Box",
            "collider2origin": [
                [
                    0.907778172512869,
                    0.4194505805326725,
                    0.0,
                    -1.612083837096907
                ],
                [
                    -0.4194505805326725,
                    0.907778172512869,
                    0.0,
                    -0.24654756573714753
                ],
                [
                    0.0,
                    0.0,
                    1.0,
                    -0.040000000000000036
                ],
                [
                    0.0,
                    0.0,
                    0.0,
                    1.0
                ]
            ],
            "size": [
                2.0,
                2.0,
                2.0
            ]
        },
        "collider2": {
            "type": "Box",
            "collider2origin": [
                [
                    0.6107625810962639,
                    0.4014936104925487,
                    0.6824748715273607,
                    -0.047974027951066645
                ],
                [
                    -0.26774583155284326,
                    0.9158618240390634,
                    -0.2991810304045299,
                    1.0051719116844646
                ],
                [
                    -0.7451719527858697,
                    -1.2236461025746616e-06,
                    0.6668723721821112,
                    0.13421487899405138
                ],
                [
                    0.0,
                    0.0,
                    0.0,
                    1.0
                ]
            ],
            "size": [
                0.1202,
                0.13634,
                0.67816
            ]
        },
        "distance": 0.7184286183588671
    },
    {
        "case": 15,
        "collider1": {
            "type": "Box",
            "collider2origin": [
                [
                    0.9798474486812189,
                    -0.1997472836183421,
                    0.0,
                    -0.20628161272202655
                ],
                [
                    0.19974728361834207,
                    0.9798474486812188,
                    0.0,
                    1.335871448475788
                ],
                [
                    0.0,
                    0.0,
                    1.0,
                    -0.21500000000000008
                ],
                [
                    0.0,
                    0.0,
                    0.0,
                    1.0
                ]
            ],
            "size": [
                0.2,
                0.3,
                0.22
            ]
        },
        "collider2": {
            "type": "Box",
            "collider2origin": [
                [
                    0.6107625810962639,
                    0.4014936104925487,
                    0.6824748715273607,
                    -0.047974027951066645
                ],
                [
                    -0.26774583155284326,
                    0.9158618240390634,
                    -0.2991810304045299,
                    1.0051719116844646
                ],
                [
                    -0.7451719527858697,
                    -1.2236461025746616e-06,
                    0.6668723721821112,
                    0.13421487899405138
                ],
                [
                    0.0,
                    0.0,
                    0.0,
                    1.0
                ]
            ],
            "size": [
                0.1202,
                0.13634,
                0.67816
            ]
        },
        "distance": 0.009841905984472226
    },
    {
        "case": 16,
        "collider1": {
            "type": "Box",
            "collider2origin": [
                [
                    0.9984065575563776,
                    -0.05643000822632935,
                    0.0,
                    -0.3111399560290343
                ],
                [
                    0.05643000822632935,
                    0.9984065575563776,
                    0.0,
                    1.3240986306775833
                ],
                [
                    0.0,
                    0.0,
                    1.0,
                    -0.21500000000000008
                ],
                [
                    0.0,
                    0.0,
                    0.0,
                    1.0
                ]
            ],
            "size": [
                0.2,
                0.3,
                0.22
            ]
        },
        "collider2": {
            "type": "Box",
            "collider2origin": [
                [
                    0.6107625810962639,
                    0.4014936104925487,
                    0.6824748715273607,
                    -0.047974027951066645
                ],
                [
                    -0.26774583155284326,
                    0.9158618240390634,
                    -0.2991810304045299,
                    1.0051719116844646
                ],
                [
                    -0.7451719527858697,
                    -1.2236461025746616e-06,
                    0.6668723721821112,
                    0.13421487899405138
                ],
                [
                    0.0,
                    0.0,
                    0.0,
                    1.0
                ]
            ],
            "size": [
                0.1202,
                0.13634,
                0.67816
            ]
        },
        "distance": 0.01245467815729499
    },
    {
        "case": 17,
        "collider1": {
            "type": "Box",
            "collider2origin": [
                [
                    0.9997288002091077,
                    0.023287894547555033,
                    0.0,
                    -0.42010216954734814
                ],
                [
                    -0.02328789454755501,
                    0.9997288002091077,
                    0.0,
                    1.3190360102899432
                ],
                [
                    0.0,
                    0.0,
                    1.0,
                    -0.21500000000000008
                ],
                [
                    0.0,
                    0.0,
                    0.0,
                    1.0
                ]
            ],
            "size": [
                0.2,
                0.3,
                0.22
            ]
        },
        "collider2": {
            "type": "Box",
            "collider2origin": [
                [
                    0.6107625810962639,
                    0.4014936104925487,
                    0.6824748715273607,
                    -0.047974027951066645
                ],
                [
                    -0.26774583155284326,
                    0.9158618240390634,
                    -0.2991810304045299,
                    1.0051719116844646
                ],
                [
                    -0.7451719527858697,
                    -1.2236461025746616e-06,
                    0.6668723721821112,
                    0.13421487899405138
                ],
                [
                    0.0,
                    0.0,
                    0.0,
                    1.0
                ]
            ],
            "size": [
                0.1202,
                0.13634,
                0.67816
            ]
        },
        "distance": 0.056909402334449265
    },
    {
        "case": 18,
        "collider1": {
            "type": "Box",
            "collider2origin": [
                [
                    0.907778172512869,
                    0.4194505805326725,
                    0.0,
                    -0.7418785952877999
                ],
                [
                    -0.4194505805326725,
                    0.907778172512869,
                    0.0,
                    1.2791466490804724
                ],
                [
                    0.0,
                    0.0,
                    1.0,
                    0.27
                ],
                [
                    0.0,
                    0.0,
                    0.0,
                    1.0
                ]
            ],
            "size": [
                0.52,
                1.16,
                0.6
            ]
        },
        "collider2": {
            "type": "Box",
            "collider2origin": [
                [
                    0.6107625810962639,
                    0.4014936104925487,
                    0.6824748715273607,
                    -0.047974027951066645
                ],
                [
                    -0.26774583155284326,
                    0.9158618240390634,
                    -0.2991810304045299,
                    1.0051719116844646
                ],
                [
                    -0.7451719527858697,
                    -1.2236461025746616e-06,
                    0.6668723721821112,
                    0.13421487899405138
                ],
                [
                    0.0,
                    0.0,
                    0.0,
                    1.0
                ]
            ],
            "size": [
                0.1202,
                0.13634,
                0.67816
            ]
        },
        "distance": 0.1915596022597331
    },
    {
        "case": 19,
        "collider1": {
            "type": "Cylinder",
            "collider2origin": [
                [
                    0.907778172512869,
                    0.4194505805326725,
                    0.0,
                    -0.07232761537572224
                ],
                [
                    -0.4194505805326725,
                    0.907778172512869,
                    0.0,
                    1.2000044650142188
                ],
                [
                    0.0,
                    0.0,
                    1.0,
                    -0.5800000000000001
                ],
                [
                    0.0,
                    0.0,
                    0.0,
                    1.0
                ]
            ],
            "radius": 0.04,
            "height": 0.96
        },
        "collider2": {
            "type": "Box",
            "collider2origin": [
                [
                    0.6107625810962639,
                    0.4014936104925487,
                    0.6824748715273607,
                    -0.047974027951066645
                ],
                [
                    -0.26774583155284326,
                    0.9158618240390634,
                    -0.2991810304045299,
                    1.0051719116844646
                ],
                [
                    -0.7451719527858697,
                    -1.2236461025746616e-06,
                    0.6668723721821112,
                    0.13421487899405138
                ],
                [
                    0.0,
                    0.0,
                    0.0,
                    1.0
                ]
            ],
            "size": [
                0.1202,
                0.13634,
                0.67816
            ]
        },
        "distance": 0.07361113735312139
    }
]