[
    {
        "case": 0,
        "collider1": {
            "type": "Box",
            "collider2origin": [
                [
                    0.9077781725128689,
                    0.4194505805326724,
                    0.0,
                    0.4158817547107895
                ],
                [
                    -0.4194505805326724,
                    0.9077781725128689,
                    0.0,
                    0.733173894971941
                ],
                [
                    0.0,
                    0.0,
                    1.0,
                    -0.6599999999999999
                ],
                [
                    0.0,
                    0.0,
                    0.0,
                    1.0
                ]
            ],
            "size": [
                0.6,
                1.0,
                0.8
            ]
        },
        "collider2": {
            "type": "Box",
            "collider2origin": [
                [
                    0.6202130565422229,
                    -0.468789351938784,
                    0.6289453934988063,
                    0.40677999873999193
                ],
                [
                    -0.3291638621205329,
                    -0.8833099928505979,
                    -0.3337882688234739,
                    0.5457324011476798
                ],
                [
                    0.7120301372613718,
                    -6.252342041404511e-06,
                    -0.7021489041453102,
                    -0.31339466662201687
                ],
                [
                    0.0,
                    0.0,
                    0.0,
                    1.0
                ]
            ],
            "size": [
                0.15068,
                0.17726,
                0.74884
            ]
        },
        "distance": 0.0
    },
    {
        "case": 1,
        "collider1": {
            "type": "Box",
            "collider2origin": [
                [
                    0.9077781725128689,
                    0.4194505805326724,
                    0.0,
                    0.27063700059322826
                ],
                [
                    -0.4194505805326724,
                    0.9077781725128689,
                    0.0,
                    0.8002854543438492
                ],
                [
                    0.0,
                    0.0,
                    1.0,
                    -0.25
                ],
                [
                    0.0,
                    0.0,
                    0.0,
                    1.0
                ]
            ],
            "size": [
                0.2,
                0.2,
                0.02
            ]
        },
        "collider2": {
            "type": "Box",
            "collider2origin": [
                [
                    0.6202130565422229,
                    -0.468789351938784,
                    0.6289453934988063,
                    0.40677999873999193
                ],
                [
                    -0.3291638621205329,
                    -0.8833099928505979,
                    -0.3337882688234739,
                    0.5457324011476798
                ],
                [
                    0.7120301372613718,
                    -6.252342041404511e-06,
                    -0.7021489041453102,
                    -0.31339466662201687
                ],
                [
                    0.0,
                    0.0,
                    0.0,
                    1.0
                ]
            ],
            "size": [
                0.15068,
                0.17726,
                0.74884
            ]
        },
        "distance": 0.0
    },
    {
        "case": 2,
        "collider1": {
            "type": "Box",
            "collider2origin": [
                [
                    0.907778172512869,
                    0.4194505805326725,
                    0.0,
                    0.9947946797881562
                ],
                [
                    -0.4194505805326725,
                    0.907778172512869,
                    0.0,
                    0.5317739604993647
                ],
                [
                    0.0,
                    0.0,
                    1.0,
                    -0.69
                ],
                [
                    0.0,
                    0.0,
                    0.0,
                    1.0
                ]
            ],
            "size": [
                0.6,
                1.2,
                0.75
            ]
        },
        "collider2": {
            "type": "Box",
            "collider2origin": [
                [
                    0.6202130565422229,
                    -0.468789351938784,
                    0.6289453934988063,
                    0.40677999873999193
                ],
                [
                    -0.3291638621205329,
                    -0.8833099928505979,
                    -0.3337882688234739,
                    0.5457324011476798
                ],
                [
                    0.7120301372613718,
                    -6.252342041404511e-06,
                    -0.7021489041453102,
                    -0.31339466662201687
                ],
                [
                    0.0,
                    0.0,
                    0.0,
                    1.0
                ]
            ],
            "size": [
                0.15068,
                0.17726,
                0.74884
            ]
        },
        "distance": 0.0
    },
    {
        "case": 3,
        "collider1": {
            "type": "Box",
            "collider2origin": [
                [
                    0.9077781725128689,
                    0.4194505805326724,
                    0.0,
                    0.4158817547107895
                ],
                [
                    -0.4194505805326724,
                    0.9077781725128689,
                    0.0,
                    0.733173894971941
                ],
                [
                    0.0,
                    0.0,
                    1.0,
                    -0.6599999999999999
                ],
                [
                    0.0,
                    0.0,
                    0.0,
                    1.0
                ]
            ],
            "size": [
                0.6,
                1.0,
                0.8
            ]
        },
        "collider2": {
            "type": "Box",
            "collider2origin": [
                [
                    0.6202130565422229,
                    -0.468789351938784,
                    0.6289453934988063,
                    0.40677999873999193
                ],
                [
                    -0.3291638621205329,
                    -0.8833099928505979,
                    -0.3337882688234739,
                    0.5457324011476798
                ],
                [
                    0.7120301372613718,
                    -6.252342041404511e-06,
                    -0.7021489041453102,
                    -0.31339466662201687
                ],
                [
                    0.0,
                    0.0,
                    0.0,
                    1.0
                ]
            ],
            "size": [
                0.15068,
                0.17726,
                0.74884
            ]
        },
        "distance": 0.0
    },
    {
        "case": 4,
        "collider1": {
            "type": "Box",
            "collider2origin": [
                [
                    0.9077781725128689,
                    0.4194505805326724,
                    0.0,
                    0.27063700059322826
                ],
                [
                    -0.4194505805326724,
                    0.9077781725128689,
                    0.0,
                    0.8002854543438492
                ],
                [
                    0.0,
                    0.0,
                    1.0,
                    -0.25
                ],
                [
                    0.0,
                    0.0,
                    0.0,
                    1.0
                ]
            ],
            "size": [
                0.2,
                0.2,
                0.02
            ]
        },
        "collider2": {
            "type": "Box",
            "collider2origin": [
                [
                    0.6202130565422229,
                    -0.468789351938784,
                    0.6289453934988063,
                    0.40677999873999193
                ],
                [
                    -0.3291638621205329,
                    -0.8833099928505979,
                    -0.3337882688234739,
                    0.5457324011476798
                ],
                [
                    0.7120301372613718,
                    -6.252342041404511e-06,
                    -0.7021489041453102,
                    -0.31339466662201687
                ],
                [
                    0.0,
                    0.0,
                    0.0,
                    1.0
                ]
            ],
            "size": [
                0.15068,
                0.17726,
                0.74884
            ]
        },
        "distance": 0.0
    },
    {
        "case": 5,
        "collider1": {
            "type": "Box",
            "collider2origin": [
                [
                    0.907778172512869,
                    0.4194505805326725,
                    0.0,
                    0.9947946797881562
                ],
                [
                    -0.4194505805326725,
                    0.907778172512869,
                    0.0,
                    0.5317739604993647
                ],
                [
                    0.0,
                    0.0,
                    1.0,
                    -0.69
                ],
                [
                    0.0,
                    0.0,
                    0.0,
                    1.0
                ]
            ],
            "size": [
                0.6,
                1.2,
                0.75
            ]
        },
        "collider2": {
            "type": "Box",
            "collider2origin": [
                [
                    0.6202130565422229,
                    -0.468789351938784,
                    0.6289453934988063,
                    0.40677999873999193
                ],
                [
                    -0.3291638621205329,
                    -0.8833099928505979,
                    -0.3337882688234739,
                    0.5457324011476798
                ],
                [
                    0.7120301372613718,
                    -6.252342041404511e-06,
                    -0.7021489041453102,
                    -0.31339466662201687
                ],
                [
                    0.0,
                    0.0,
                    0.0,
                    1.0
                ]
            ],
            "size": [
                0.15068,
                0.17726,
                0.74884
            ]
        },
        "distance": 0.0
    },
    {
        "case": 6,
        "collider1": {
            "type": "Box",
            "collider2origin": [
                [
                    0.9077781725128689,
                    0.4194505805326724,
                    0.0,
                    0.4158817547107895
                ],
                [
                    -0.4194505805326724,
                    0.9077781725128689,
                    0.0,
                    0.733173894971941
                ],
                [
                    0.0,
                    0.0,
                    1.0,
                    -0.6599999999999999
                ],
                [
                    0.0,
                    0.0,
                    0.0,
                    1.0
                ]
            ],
            "size": [
                0.6,
                1.0,
                0.8
            ]
        },
        "collider2": {
            "type": "Box",
            "collider2origin": [
                [
                    -0.8832573041846312,
                    -0.4687916972010991,
                    -0.009533060359133856,
                    0.6597066237986479
                ],
                [
                    0.46876439471823855,
                    -0.8833087481935821,
                    0.005059407982206489,
                    0.5545287382274379
                ],
                [
                    -0.010792444067091626,
                    -2.139279075714198e-10,
                    0.9999417598795735,
                    -0.2520392910872572
                ],
                [
                    0.0,
                    0.0,
                    0.0,
                    1.0
                ]
            ],
            "size": [
                0.1202,
                0.13634,
                0.67816
            ]
        },
        "distance": 0.0
    },
    {
        "case": 7,
        "collider1": {
            "type": "Box",
            "collider2origin": [
                [
                    0.907778172512869,
                    0.4194505805326725,
                    0.0,
                    0.9947946797881562
                ],
                [
                    -0.4194505805326725,
                    0.907778172512869,
                    0.0,
                    0.5317739604993647
                ],
                [
                    0.0,
                    0.0,
                    1.0,
                    -0.69
                ],
                [
                    0.0,
                    0.0,
                    0.0,
                    1.0
                ]
            ],
            "size": [
                0.6,
                1.2,
                0.75
            ]
        },
        "collider2": {
            "type": "Box",
            "collider2origin": [
                [
                    -0.8832573041846312,
                    -0.4687916972010991,
                    -0.009533060359133856,
                    0.6597066237986479
                ],
                [
                    0.46876439471823855,
                    -0.8833087481935821,
                    0.005059407982206489,
                    0.5545287382274379
                ],
                [
                    -0.010792444067091626,
                    -2.139279075714198e-10,
                    0.9999417598795735,
                    -0.2520392910872572
                ],
                [
                    0.0,
                    0.0,
                    0.0,
                    1.0
                ]
            ],
            "size": [
                0.1202,
                0.13634,
                0.67816
            ]
        },
        "distance": 0.0
    }
]