[
    {
        "case": 0,
        "collider1": {
            "type": "Box",
            "collider2origin": [
                [
                    0.907778172512869,
                    0.4194505805326725,
                    0.0,
                    0.9947946797881562
                ],
                [
                    -0.4194505805326725,
                    0.907778172512869,
                    0.0,
                    0.5317739604993647
                ],
                [
                    0.0,
                    0.0,
                    1.0,
                    -0.69
                ],
                [
                    0.0,
                    0.0,
                    0.0,
                    1.0
                ]
            ],
            "size": [
                0.6,
                1.2,
                0.75
            ]
        },
        "collider2": {
            "type": "Box",
            "collider2origin": [
                [
                    -0.22996283785629595,
                    0.641403434440501,
                    -0.7319280890176364,
                    0.639015192560072
                ],
                [
                    0.19226118701811562,
                    0.7672037762323232,
                    0.6119101255096606,
                    0.7250651105142258
                ],
                [
                    0.9540192498956529,
                    -4.774231227943869e-06,
                    -0.29974534325947855,
                    -1.1212850409082455
                ],
                [
                    0.0,
                    0.0,
                    0.0,
                    1.0
                ]
            ],
            "size": [
                0.09102,
                0.10007,
                0.11882
            ]
        },
        "distance": 0.045897939076176376
    },
    {
        "case": 1,
        "collider1": {
            "type": "Box",
            "collider2origin": [
                [
                    0.9077781725128689,
                    0.4194505805326724,
                    0.0,
                    0.4158817547107895
                ],
                [
                    -0.4194505805326724,
                    0.9077781725128689,
                    0.0,
                    0.733173894971941
                ],
                [
                    0.0,
                    0.0,
                    1.0,
                    -0.6599999999999999
                ],
                [
                    0.0,
                    0.0,
                    0.0,
                    1.0
                ]
            ],
            "size": [
                0.6,
                1.0,
                0.8
            ]
        },
        "collider2": {
            "type": "Box",
            "collider2origin": [
                [
                    -0.5520561664281165,
                    0.6414080798869938,
                    0.5327566650586095,
                    0.4137028895054878
                ],
                [
                    0.4615340838544305,
                    0.7671998924763895,
                    -0.4454106132826965,
                    0.7677624525132782
                ],
                [
                    -0.6944208223759877,
                    -6.3163300747213955e-06,
                    -0.7195691220520519,
                    -0.9102187098176172
                ],
                [
                    0.0,
                    0.0,
                    0.0,
                    1.0
                ]
            ],
            "size": [
                0.1202,
                0.13634,
                0.67816
            ]
        },
        "distance": 0.0
    },
    {
        "case": 2,
        "collider1": {
            "type": "Box",
            "collider2origin": [
                [
                    0.907778172512869,
                    0.4194505805326725,
                    0.0,
                    0.9947946797881562
                ],
                [
                    -0.4194505805326725,
                    0.907778172512869,
                    0.0,
                    0.5317739604993647
                ],
                [
                    0.0,
                    0.0,
                    1.0,
                    -0.69
                ],
                [
                    0.0,
                    0.0,
                    0.0,
                    1.0
                ]
            ],
            "size": [
                0.6,
                1.2,
                0.75
            ]
        },
        "collider2": {
            "type": "Box",
            "collider2origin": [
                [
                    -0.5520561664281165,
                    0.6414080798869938,
                    0.5327566650586095,
                    0.4137028895054878
                ],
                [
                    0.4615340838544305,
                    0.7671998924763895,
                    -0.4454106132826965,
                    0.7677624525132782
                ],
                [
                    -0.6944208223759877,
                    -6.3163300747213955e-06,
                    -0.7195691220520519,
                    -0.9102187098176172
                ],
                [
                    0.0,
                    0.0,
                    0.0,
                    1.0
                ]
            ],
            "size": [
                0.1202,
                0.13634,
                0.67816
            ]
        },
        "distance": 0.06136776918602082
    },
    {
        "case": 3,
        "collider1": {
            "type": "Box",
            "collider2origin": [
                [
                    0.9077781725128689,
                    0.4194505805326724,
                    0.0,
                    0.4158817547107895
                ],
                [
                    -0.4194505805326724,
                    0.9077781725128689,
                    0.0,
                    0.733173894971941
                ],
                [
                    0.0,
                    0.0,
                    1.0,
                    -0.6599999999999999
                ],
                [
                    0.0,
                    0.0,
                    0.0,
                    1.0
                ]
            ],
            "size": [
                0.6,
                1.0,
                0.8
            ]
        },
        "collider2": {
            "type": "Box",
            "collider2origin": [
                [
                    -0.7594373651193362,
                    0.6414057230453021,
                    -0.10887417924068797,
                    0.3793678507979279
                ],
                [
                    0.6349157022050602,
                    0.7672018628700717,
                    0.09101292601684169,
                    0.9611465555993471
                ],
                [
                    0.1419046847502068,
                    -7.309238569657338e-06,
                    -0.9898803262983457,
                    -0.3996490770791927
                ],
                [
                    0.0,
                    0.0,
                    0.0,
                    1.0
                ]
            ],
            "size": [
                0.15068,
                0.17726,
                0.74884
            ]
        },
        "distance": 0.0
    },
    {
        "case": 4,
        "collider1": {
            "type": "Box",
            "collider2origin": [
                [
                    0.9077781725128689,
                    0.4194505805326724,
                    0.0,
                    0.27063700059322826
                ],
                [
                    -0.4194505805326724,
                    0.9077781725128689,
                    0.0,
                    0.8002854543438492
                ],
                [
                    0.0,
                    0.0,
                    1.0,
                    -0.25
                ],
                [
                    0.0,
                    0.0,
                    0.0,
                    1.0
                ]
            ],
            "size": [
                0.2,
                0.2,
                0.02
            ]
        },
        "collider2": {
            "type": "Box",
            "collider2origin": [
                [
                    -0.7594373651193362,
                    0.6414057230453021,
                    -0.10887417924068797,
                    0.3793678507979279
                ],
                [
                    0.6349157022050602,
                    0.7672018628700717,
                    0.09101292601684169,
                    0.9611465555993471
                ],
                [
                    0.1419046847502068,
                    -7.309238569657338e-06,
                    -0.9898803262983457,
                    -0.3996490770791927
                ],
                [
                    0.0,
                    0.0,
                    0.0,
                    1.0
                ]
            ],
            "size": [
                0.15068,
                0.17726,
                0.74884
            ]
        },
        "distance": 0.0
    },
    {
        "case": 5,
        "collider1": {
            "type": "Box",
            "collider2origin": [
                [
                    0.907778172512869,
                    0.4194505805326725,
                    0.0,
                    0.9947946797881562
                ],
                [
                    -0.4194505805326725,
                    0.907778172512869,
                    0.0,
                    0.5317739604993647
                ],
                [
                    0.0,
                    0.0,
                    1.0,
                    -0.69
                ],
                [
                    0.0,
                    0.0,
                    0.0,
                    1.0
                ]
            ],
            "size": [
                0.6,
                1.2,
                0.75
            ]
        },
        "collider2": {
            "type": "Box",
            "collider2origin": [
                [
                    -0.7594373651193362,
                    0.6414057230453021,
                    -0.10887417924068797,
                    0.3793678507979279
                ],
                [
                    0.6349157022050602,
                    0.7672018628700717,
                    0.09101292601684169,
                    0.9611465555993471
                ],
                [
                    0.1419046847502068,
                    -7.309238569657338e-06,
                    -0.9898803262983457,
                    -0.3996490770791927
                ],
                [
                    0.0,
                    0.0,
                    0.0,
                    1.0
                ]
            ],
            "size": [
                0.15068,
                0.17726,
                0.74884
            ]
        },
        "distance": 0.3273672476383208
    },
    {
        "case": 6,
        "collider1": {
            "type": "Box",
            "collider2origin": [
                [
                    0.9077781725128689,
                    0.4194505805326724,
                    0.0,
                    0.4158817547107895
                ],
                [
                    -0.4194505805326724,
                    0.9077781725128689,
                    0.0,
                    0.733173894971941
                ],
                [
                    0.0,
                    0.0,
                    1.0,
                    -0.6599999999999999
                ],
                [
                    0.0,
                    0.0,
                    0.0,
                    1.0
                ]
            ],
            "size": [
                0.6,
                1.0,
                0.8
            ]
        },
        "collider2": {
            "type": "Box",
            "collider2origin": [
                [
                    -0.7594373651193362,
                    0.6414057230453021,
                    -0.10887417924068797,
                    0.3793678507979279
                ],
                [
                    0.6349157022050602,
                    0.7672018628700717,
                    0.09101292601684169,
                    0.9611465555993471
                ],
                [
                    0.1419046847502068,
                    -7.309238569657338e-06,
                    -0.9898803262983457,
                    -0.3996490770791927
                ],
                [
                    0.0,
                    0.0,
                    0.0,
                    1.0
                ]
            ],
            "size": [
                0.15068,
                0.17726,
                0.74884
            ]
        },
        "distance": 0.0
    },
    {
        "case": 7,
        "collider1": {
            "type": "Box",
            "collider2origin": [
                [
                    0.9077781725128689,
                    0.4194505805326724,
                    0.0,
                    0.27063700059322826
                ],
                [
                    -0.4194505805326724,
                    0.9077781725128689,
                    0.0,
                    0.8002854543438492
                ],
                [
                    0.0,
                    0.0,
                    1.0,
                    -0.25
                ],
                [
                    0.0,
                    0.0,
                    0.0,
                    1.0
                ]
            ],
            "size": [
                0.2,
                0.2,
                0.02
            ]
        },
        "collider2": {
            "type": "Box",
            "collider2origin": [
                [
                    -0.7594373651193362,
                    0.6414057230453021,
                    -0.10887417924068797,
                    0.3793678507979279
                ],
                [
                    0.6349157022050602,
                    0.7672018628700717,
                    0.09101292601684169,
                    0.9611465555993471
                ],
                [
                    0.1419046847502068,
                    -7.309238569657338e-06,
                    -0.9898803262983457,
                    -0.3996490770791927
                ],
                [
                    0.0,
                    0.0,
                    0.0,
                    1.0
                ]
            ],
            "size": [
                0.15068,
                0.17726,
                0.74884
            ]
        },
        "distance": 0.0
    },
    {
        "case": 8,
        "collider1": {
            "type": "Box",
            "collider2origin": [
                [
                    0.907778172512869,
                    0.4194505805326725,
                    0.0,
                    0.9947946797881562
                ],
                [
                    -0.4194505805326725,
                    0.907778172512869,
                    0.0,
                    0.5317739604993647
                ],
                [
                    0.0,
                    0.0,
                    1.0,
                    -0.69
                ],
                [
                    0.0,
                    0.0,
                    0.0,
                    1.0
                ]
            ],
            "size": [
                0.6,
                1.2,
                0.75
            ]
        },
        "collider2": {
            "type": "Box",
            "collider2origin": [
                [
                    -0.7594373651193362,
                    0.6414057230453021,
                    -0.10887417924068797,
                    0.3793678507979279
                ],
                [
                    0.6349157022050602,
                    0.7672018628700717,
                    0.09101292601684169,
                    0.9611465555993471
                ],
                [
                    0.1419046847502068,
                    -7.309238569657338e-06,
                    -0.9898803262983457,
                    -0.3996490770791927
                ],
                [
                    0.0,
                    0.0,
                    0.0,
                    1.0
                ]
            ],
            "size": [
                0.15068,
                0.17726,
                0.74884
            ]
        },
        "distance": 0.3273672476383208
    }
]