[
    {
        "case": 0,
        "collider1": {
            "type": "Box",
            "collider2origin": [
                [
                    0.9077781725128689,
                    0.4194505805326724,
                    0.0,
                    0.4158817547107895
                ],
                [
                    -0.4194505805326724,
                    0.9077781725128689,
                    0.0,
                    0.733173894971941
                ],
                [
                    0.0,
                    0.0,
                    1.0,
                    -0.6599999999999999
                ],
                [
                    0.0,
                    0.0,
                    0.0,
                    1.0
                ]
            ],
            "size": [
                0.6,
                1.0,
                0.8
            ]
        },
        "collider2": {
            "type": "Box",
            "collider2origin": [
                [
                    0.8355124915268403,
                    0.2687315133345391,
                    -0.47927262621971245,
                    0.2661394541303022
                ],
                [
                    0.23310675248481869,
                    -0.9632151232688764,
                    -0.1337081457956275,
                    0.7405155017898764
                ],
                [
                    -0.4975742341084325,
                    -6.859421808846707e-06,
                    -0.8674213978824564,
                    -0.9510826820885938
                ],
                [
                    0.0,
                    0.0,
                    0.0,
                    1.0
                ]
            ],
            "size": [
                0.1202,
                0.13634,
                0.67816
            ]
        },
        "distance": 0.0
    },
    {
        "case": 1,
        "collider1": {
            "type": "Box",
            "collider2origin": [
                [
                    0.907778172512869,
                    0.4194505805326725,
                    0.0,
                    0.9947946797881562
                ],
                [
                    -0.4194505805326725,
                    0.907778172512869,
                    0.0,
                    0.5317739604993647
                ],
                [
                    0.0,
                    0.0,
                    1.0,
                    -0.69
                ],
                [
                    0.0,
                    0.0,
                    0.0,
                    1.0
                ]
            ],
            "size": [
                0.6,
                1.2,
                0.75
            ]
        },
        "collider2": {
            "type": "Box",
            "collider2origin": [
                [
                    0.8355124915268403,
                    0.2687315133345391,
                    -0.47927262621971245,
                    0.2661394541303022
                ],
                [
                    0.23310675248481869,
                    -0.9632151232688764,
                    -0.1337081457956275,
                    0.7405155017898764
                ],
                [
                    -0.4975742341084325,
                    -6.859421808846707e-06,
                    -0.8674213978824564,
                    -0.9510826820885938
                ],
                [
                    0.0,
                    0.0,
                    0.0,
                    1.0
                ]
            ],
            "size": [
                0.1202,
                0.13634,
                0.67816
            ]
        },
        "distance": 0.23662722812937556
    },
    {
        "case": 2,
        "collider1": {
            "type": "Box",
            "collider2origin": [
                [
                    0.9077781725128689,
                    0.4194505805326724,
                    0.0,
                    0.4158817547107895
                ],
                [
                    -0.4194505805326724,
                    0.9077781725128689,
                    0.0,
                    0.733173894971941
                ],
                [
                    0.0,
                    0.0,
                    1.0,
                    -0.6599999999999999
                ],
                [
                    0.0,
                    0.0,
                    0.0,
                    1.0
                ]
            ],
            "size": [
                0.6,
                1.0,
                0.8
            ]
        },
        "collider2": {
            "type": "Box",
            "collider2origin": [
                [
                    0.9525137648444985,
                    0.26873379971993094,
                    0.14317706754172396,
                    0.38975962486822335
                ],
                [
                    0.26574720505415694,
                    -0.9632144853742162,
                    0.03995345005362759,
                    0.6438380113102542
                ],
                [
                    0.14864706787442286,
                    -7.305602044068472e-06,
                    -0.9888903119957059,
                    -0.3993527692976748
                ],
                [
                    0.0,
                    0.0,
                    0.0,
                    1.0
                ]
            ],
            "size": [
                0.15068,
                0.17726,
                0.74884
            ]
        },
        "distance": 0.0
    },
    {
        "case": 3,
        "collider1": {
            "type": "Box",
            "collider2origin": [
                [
                    0.9077781725128689,
                    0.4194505805326724,
                    0.0,
                    0.27063700059322826
                ],
                [
                    -0.4194505805326724,
                    0.9077781725128689,
                    0.0,
                    0.8002854543438492
                ],
                [
                    0.0,
                    0.0,
                    1.0,
                    -0.25
                ],
                [
                    0.0,
                    0.0,
                    0.0,
                    1.0
                ]
            ],
            "size": [
                0.2,
                0.2,
                0.02
            ]
        },
        "collider2": {
            "type": "Box",
            "collider2origin": [
                [
                    0.9525137648444985,
                    0.26873379971993094,
                    0.14317706754172396,
                    0.38975962486822335
                ],
                [
                    0.26574720505415694,
                    -0.9632144853742162,
                    0.03995345005362759,
                    0.6438380113102542
                ],
                [
                    0.14864706787442286,
                    -7.305602044068472e-06,
                    -0.9888903119957059,
                    -0.3993527692976748
                ],
                [
                    0.0,
                    0.0,
                    0.0,
                    1.0
                ]
            ],
            "size": [
                0.15068,
                0.17726,
                0.74884
            ]
        },
        "distance": 0.0
    },
    {
        "case": 4,
        "collider1": {
            "type": "Box",
            "collider2origin": [
                [
                    0.907778172512869,
                    0.4194505805326725,
                    0.0,
                    0.9947946797881562
                ],
                [
                    -0.4194505805326725,
                    0.907778172512869,
                    0.0,
                    0.5317739604993647
                ],
                [
                    0.0,
                    0.0,
                    1.0,
                    -0.69
                ],
                [
                    0.0,
                    0.0,
                    0.0,
                    1.0
                ]
            ],
            "size": [
                0.6,
                1.2,
                0.75
            ]
        },
        "collider2": {
            "type": "Box",
            "collider2origin": [
                [
                    0.9525137648444985,
                    0.26873379971993094,
                    0.14317706754172396,
                    0.38975962486822335
                ],
                [
                    0.26574720505415694,
                    -0.9632144853742162,
                    0.03995345005362759,
                    0.6438380113102542
                ],
                [
                    0.14864706787442286,
                    -7.305602044068472e-06,
                    -0.9888903119957059,
                    -0.3993527692976748
                ],
                [
                    0.0,
                    0.0,
                    0.0,
                    1.0
                ]
            ],
            "size": [
                0.15068,
                0.17726,
                0.74884
            ]
        },
        "distance": 0.13967710570224748
    },
    {
        "case": 5,
        "collider1": {
            "type": "Box",
            "collider2origin": [
                [
                    0.9077781725128689,
                    0.4194505805326724,
                    0.0,
                    0.4158817547107895
                ],
                [
                    -0.4194505805326724,
                    0.9077781725128689,
                    0.0,
                    0.733173894971941
                ],
                [
                    0.0,
                    0.0,
                    1.0,
                    -0.6599999999999999
                ],
                [
                    0.0,
                    0.0,
                    0.0,
                    1.0
                ]
            ],
            "size": [
                0.6,
                1.0,
                0.8
            ]
        },
        "collider2": {
            "type": "Box",
            "collider2origin": [
                [
                    0.9525137648444985,
                    0.26873379971993094,
                    0.14317706754172396,
                    0.38975962486822335
                ],
                [
                    0.26574720505415694,
                    -0.9632144853742162,
                    0.03995345005362759,
                    0.6438380113102542
                ],
                [
                    0.14864706787442286,
                    -7.305602044068472e-06,
                    -0.9888903119957059,
                    -0.3993527692976748
                ],
                [
                    0.0,
                    0.0,
                    0.0,
                    1.0
                ]
            ],
            "size": [
                0.15068,
                0.17726,
                0.74884
            ]
        },
        "distance": 0.0
    },
    {
        "case": 6,
        "collider1": {
            "type": "Box",
            "collider2origin": [
                [
                    0.9077781725128689,
                    0.4194505805326724,
                    0.0,
                    0.27063700059322826
                ],
                [
                    -0.4194505805326724,
                    0.9077781725128689,
                    0.0,
                    0.8002854543438492
                ],
                [
                    0.0,
                    0.0,
                    1.0,
                    -0.25
                ],
                [
                    0.0,
                    0.0,
                    0.0,
                    1.0
                ]
            ],
            "size": [
                0.2,
                0.2,
                0.02
            ]
        },
        "collider2": {
            "type": "Box",
            "collider2origin": [
                [
                    0.9525137648444985,
                    0.26873379971993094,
                    0.14317706754172396,
                    0.38975962486822335
                ],
                [
                    0.26574720505415694,
                    -0.9632144853742162,
                    0.03995345005362759,
                    0.6438380113102542
                ],
                [
                    0.14864706787442286,
                    -7.305602044068472e-06,
                    -0.9888903119957059,
                    -0.3993527692976748
                ],
                [
                    0.0,
                    0.0,
                    0.0,
                    1.0
                ]
            ],
            "size": [
                0.15068,
                0.17726,
                0.74884
            ]
        },
        "distance": 0.0
    },
    {
        "case": 7,
        "collider1": {
            "type": "Box",
            "collider2origin": [
                [
                    0.907778172512869,
                    0.4194505805326725,
                    0.0,
                    0.9947946797881562
                ],
                [
                    -0.4194505805326725,
                    0.907778172512869,
                    0.0,
                    0.5317739604993647
                ],
                [
                    0.0,
                    0.0,
                    1.0,
                    -0.69
                ],
                [
                    0.0,
                    0.0,
                    0.0,
                    1.0
                ]
            ],
            "size": [
                0.6,
                1.2,
                0.75
            ]
        },
        "collider2": {
            "type": "Box",
            "collider2origin": [
                [
                    0.9525137648444985,
                    0.26873379971993094,
                    0.14317706754172396,
                    0.38975962486822335
                ],
                [
                    0.26574720505415694,
                    -0.9632144853742162,
                    0.03995345005362759,
                    0.6438380113102542
                ],
                [
                    0.14864706787442286,
                    -7.305602044068472e-06,
                    -0.9888903119957059,
                    -0.3993527692976748
                ],
                [
                    0.0,
                    0.0,
                    0.0,
                    1.0
                ]
            ],
            "size": [
                0.15068,
                0.17726,
                0.74884
            ]
        },
        "distance": 0.13967710570224748
    }
]