[
    {
        "case": 0,
        "collider1": {
            "type": "Box",
            "collider2origin": [
                [
                    0.9077781725128689,
                    0.4194505805326724,
                    0.0,
                    0.4158817547107895
                ],
                [
                    -0.4194505805326724,
                    0.9077781725128689,
                    0.0,
                    0.733173894971941
                ],
                [
                    0.0,
                    0.0,
                    1.0,
                    -0.6599999999999999
                ],
                [
                    0.0,
                    0.0,
                    0.0,
                    1.0
                ]
            ],
            "size": [
                0.6,
                1.0,
                0.8
            ]
        },
        "collider2": {
            "type": "Cylinder",
            "collider2origin": [
                [
                    -0.29677601746193566,
                    -0.9203644435442616,
                    0.2546630843269085,
                    0.06067143405797984
                ],
                [
                    0.7700348511217573,
                    -0.38836149664426783,
                    -0.5061834410390339,
                    0.9299556740886427
                ],
                [
                    0.5647745776124535,
                    0.045876344489135405,
                    0.8239690755720072,
                    -1.089374035324524
                ],
                [
                    0.0,
                    0.0,
                    0.0,
                    1.0
                ]
            ],
            "radius": 0.01271,
            "height": 0.05982
        },
        "distance": 0.08092779688792831
    },
    {
        "case": 1,
        "collider1": {
            "type": "Box",
            "collider2origin": [
                [
                    0.9077781725128689,
                    0.4194505805326724,
                    0.0,
                    0.4158817547107895
                ],
                [
                    -0.4194505805326724,
                    0.9077781725128689,
                    0.0,
                    0.733173894971941
                ],
                [
                    0.0,
                    0.0,
                    1.0,
                    -0.6599999999999999
                ],
                [
                    0.0,
                    0.0,
                    0.0,
                    1.0
                ]
            ],
            "size": [
                0.6,
                1.0,
                0.8
            ]
        },
        "collider2": {
            "type": "Box",
            "collider2origin": [
                [
                    -0.2383810453401648,
                    -0.9380150965957741,
                    -0.2515991967017205,
                    0.060829337111720616
                ],
                [
                    -0.6451359816376357,
                    0.3465944005894883,
                    -0.6809345685720893,
                    0.656299265107871
                ],
                [
                    0.7259297778841795,
                    -6.199521063706311e-06,
                    -0.6877688256548062,
                    -0.30908244912066307
                ],
                [
                    0.0,
                    0.0,
                    0.0,
                    1.0
                ]
            ],
            "size": [
                0.15068,
                0.17726,
                0.74884
            ]
        },
        "distance": 0.0
    },
    {
        "case": 2,
        "collider1": {
            "type": "Box",
            "collider2origin": [
                [
                    0.9077781725128689,
                    0.4194505805326724,
                    0.0,
                    0.27063700059322826
                ],
                [
                    -0.4194505805326724,
                    0.9077781725128689,
                    0.0,
                    0.8002854543438492
                ],
                [
                    0.0,
                    0.0,
                    1.0,
                    -0.25
                ],
                [
                    0.0,
                    0.0,
                    0.0,
                    1.0
                ]
            ],
            "size": [
                0.2,
                0.2,
                0.02
            ]
        },
        "collider2": {
            "type": "Box",
            "collider2origin": [
                [
                    -0.2383810453401648,
                    -0.9380150965957741,
                    -0.2515991967017205,
                    0.060829337111720616
                ],
                [
                    -0.6451359816376357,
                    0.3465944005894883,
                    -0.6809345685720893,
                    0.656299265107871
                ],
                [
                    0.7259297778841795,
                    -6.199521063706311e-06,
                    -0.6877688256548062,
                    -0.30908244912066307
                ],
                [
                    0.0,
                    0.0,
                    0.0,
                    1.0
                ]
            ],
            "size": [
                0.15068,
                0.17726,
                0.74884
            ]
        },
        "distance": 0.0
    },
    {
        "case": 3,
        "collider1": {
            "type": "Box",
            "collider2origin": [
                [
                    0.9077781725128689,
                    0.4194505805326724,
                    0.0,
                    0.4158817547107895
                ],
                [
                    -0.4194505805326724,
                    0.9077781725128689,
                    0.0,
                    0.733173894971941
                ],
                [
                    0.0,
                    0.0,
                    1.0,
                    -0.6599999999999999
                ],
                [
                    0.0,
                    0.0,
                    0.0,
                    1.0
                ]
            ],
            "size": [
                0.6,
                1.0,
                0.8
            ]
        },
        "collider2": {
            "type": "Box",
            "collider2origin": [
                [
                    -0.2383810453401648,
                    -0.9380150965957741,
                    -0.2515991967017205,
                    0.060829337111720616
                ],
                [
                    -0.6451359816376357,
                    0.3465944005894883,
                    -0.6809345685720893,
                    0.656299265107871
                ],
                [
                    0.7259297778841795,
                    -6.199521063706311e-06,
                    -0.6877688256548062,
                    -0.30908244912066307
                ],
                [
                    0.0,
                    0.0,
                    0.0,
                    1.0
                ]
            ],
            "size": [
                0.15068,
                0.17726,
                0.74884
            ]
        },
        "distance": 0.0
    },
    {
        "case": 4,
        "collider1": {
            "type": "Box",
            "collider2origin": [
                [
                    0.9077781725128689,
                    0.4194505805326724,
                    0.0,
                    0.27063700059322826
                ],
                [
                    -0.4194505805326724,
                    0.9077781725128689,
                    0.0,
                    0.8002854543438492
                ],
                [
                    0.0,
                    0.0,
                    1.0,
                    -0.25
                ],
                [
                    0.0,
                    0.0,
                    0.0,
                    1.0
                ]
            ],
            "size": [
                0.2,
                0.2,
                0.02
            ]
        },
        "collider2": {
            "type": "Box",
            "collider2origin": [
                [
                    -0.2383810453401648,
                    -0.9380150965957741,
                    -0.2515991967017205,
                    0.060829337111720616
                ],
                [
                    -0.6451359816376357,
                    0.3465944005894883,
                    -0.6809345685720893,
                    0.656299265107871
                ],
                [
                    0.7259297778841795,
                    -6.199521063706311e-06,
                    -0.6877688256548062,
                    -0.30908244912066307
                ],
                [
                    0.0,
                    0.0,
                    0.0,
                    1.0
                ]
            ],
            "size": [
                0.15068,
                0.17726,
                0.74884
            ]
        },
        "distance": 0.0
    },
    {
        "case": 5,
        "collider1": {
            "type": "Box",
            "collider2origin": [
                [
                    0.9077781725128689,
                    0.4194505805326724,
                    0.0,
                    0.4158817547107895
                ],
                [
                    -0.4194505805326724,
                    0.9077781725128689,
                    0.0,
                    0.733173894971941
                ],
                [
                    0.0,
                    0.0,
                    1.0,
                    -0.6599999999999999
                ],
                [
                    0.0,
                    0.0,
                    0.0,
                    1.0
                ]
            ],
            "size": [
                0.6,
                1.0,
                0.8
            ]
        },
        "collider2": {
            "type": "Box",
            "collider2origin": [
                [
                    -0.21337176867170754,
                    -0.9380131691323532,
                    0.2731369306193995,
                    0.1774049781934627
                ],
                [
                    -0.5774680517667897,
                    0.34659961699208597,
                    0.7391883080038588,
                    0.6072745384380807
                ],
                [
                    -0.7880375229153592,
                    -5.934530115154566e-06,
                    -0.6156272106089897,
                    -0.6961744292078346
                ],
                [
                    0.0,
                    0.0,
                    0.0,
                    1.0
                ]
            ],
            "size": [
                0.1202,
                0.13634,
                0.67816
            ]
        },
        "distance": 0.0
    },
    {
        "case": 6,
        "collider1": {
            "type": "Box",
            "collider2origin": [
                [
                    0.9077781725128689,
                    0.4194505805326724,
                    0.0,
                    0.4158817547107895
                ],
                [
                    -0.4194505805326724,
                    0.9077781725128689,
                    0.0,
                    0.733173894971941
                ],
                [
                    0.0,
                    0.0,
                    1.0,
                    -0.6599999999999999
                ],
                [
                    0.0,
                    0.0,
                    0.0,
                    1.0
                ]
            ],
            "size": [
                0.6,
                1.0,
                0.8
            ]
        },
        "collider2": {
            "type": "Box",
            "collider2origin": [
                [
                    -0.18634006324102,
                    -0.9380152458813104,
                    -0.29224096106733166,
                    0.15156810003896776
                ],
                [
                    -0.504293379714628,
                    0.3465939965757128,
                    -0.7909240094431783,
                    0.8597983654572603
                ],
                [
                    0.8431877418507282,
                    -5.647990787287972e-06,
                    -0.5376192258102098,
                    -0.877499657559151
                ],
                [
                    0.0,
                    0.0,
                    0.0,
                    1.0
                ]
            ],
            "size": [
                0.09102,
                0.10007,
                0.11882
            ]
        },
        "distance": 0.0
    },
    {
        "case": 7,
        "collider1": {
            "type": "Box",
            "collider2origin": [
                [
                    0.9077781725128689,
                    0.4194505805326724,
                    0.0,
                    0.4158817547107895
                ],
                [
                    -0.4194505805326724,
                    0.9077781725128689,
                    0.0,
                    0.733173894971941
                ],
                [
                    0.0,
                    0.0,
                    1.0,
                    -0.6599999999999999
                ],
                [
                    0.0,
                    0.0,
                    0.0,
                    1.0
                ]
            ],
            "size": [
                0.6,
                1.0,
                0.8
            ]
        },
        "collider2": {
            "type": "Box",
            "collider2origin": [
                [
                    -0.9400793691839824,
                    -0.17563029439447006,
                    -0.29224096106733166,
                    0.11541423140023357
                ],
                [
                    0.1343414975691846,
                    0.596985404609858,
                    -0.7909240094431783,
                    0.7758857715688738
                ],
                [
                    0.3133738050085147,
                    -0.782791432230652,
                    -0.5376192258102098,
                    -0.9377948577777879
                ],
                [
                    0.0,
                    0.0,
                    0.0,
                    1.0
                ]
            ],
            "size": [
                0.09126,
                0.11887,
                0.10009
            ]
        },
        "distance": 0.0
    },
    {
        "case": 8,
        "collider1": {
            "type": "Box",
            "collider2origin": [
                [
                    0.9077781725128689,
                    0.4194505805326724,
                    0.0,
                    0.4158817547107895
                ],
                [
                    -0.4194505805326724,
                    0.9077781725128689,
                    0.0,
                    0.733173894971941
                ],
                [
                    0.0,
                    0.0,
                    1.0,
                    -0.6599999999999999
                ],
                [
                    0.0,
                    0.0,
                    0.0,
                    1.0
                ]
            ],
            "size": [
                0.6,
                1.0,
                0.8
            ]
        },
        "collider2": {
            "type": "Box",
            "collider2origin": [
                [
                    0.9685854325527339,
                    -0.17562857423170053,
                    0.17605926206812694,
                    0.10141533875359082
                ],
                [
                    -0.037416134625784435,
                    0.5969912534497557,
                    0.8013747414126269,
                    0.8182573274674495
                ],
                [
                    -0.24585014280308742,
                    -0.7827873575996415,
                    0.5716656890752424,
                    -0.9977420729476756
                ],
                [
                    0.0,
                    0.0,
                    0.0,
                    1.0
                ]
            ],
            "size": [
                0.08993,
                0.0305,
                0.09007
            ]
        },
        "distance": 0.0
    },
    {
        "case": 9,
        "collider1": {
            "type": "Box",
            "collider2origin": [
                [
                    0.9077781725128689,
                    0.4194505805326724,
                    0.0,
                    0.4158817547107895
                ],
                [
                    -0.4194505805326724,
                    0.9077781725128689,
                    0.0,
                    0.733173894971941
                ],
                [
                    0.0,
                    0.0,
                    1.0,
                    -0.6599999999999999
                ],
                [
                    0.0,
                    0.0,
                    0.0,
                    1.0
                ]
            ],
            "size": [
                0.6,
                1.0,
                0.8
            ]
        },
        "collider2": {
            "type": "Box",
            "collider2origin": [
                [
                    -0.018110552392911154,
                    0.0714068437675821,
                    -0.9972828438087036,
                    0.0923046707084044
                ],
                [
                    0.8505977002158736,
                    0.5253494914865185,
                    0.02216899145930564,
                    0.8682112465048424
                ],
                [
                    0.525505052572751,
                    -0.8478850007271078,
                    -0.07025286657853527,
                    -1.0643856790070343
                ],
                [
                    0.0,
                    0.0,
                    0.0,
                    1.0
                ]
            ],
            "size": [
                0.06241,
                0.05638,
                0.02858
            ]
        },
        "distance": 0.021276894003709905
    }
]