[
    {
        "case": 0,
        "collider1": {
            "type": "Box",
            "collider2origin": [
                [
                    0.9077781725128689,
                    0.4194505805326724,
                    0.0,
                    0.4158817547107895
                ],
                [
                    -0.4194505805326724,
                    0.9077781725128689,
                    0.0,
                    0.733173894971941
                ],
                [
                    0.0,
                    0.0,
                    1.0,
                    -0.6599999999999999
                ],
                [
                    0.0,
                    0.0,
                    0.0,
                    1.0
                ]
            ],
            "size": [
                0.6,
                1.0,
                0.8
            ]
        },
        "collider2": {
            "type": "Box",
            "collider2origin": [
                [
                    -0.7694540999207816,
                    -0.5369834224882052,
                    -0.3458167030204784,
                    0.1026160045293511
                ],
                [
                    -0.4897875126475652,
                    0.8435927950874895,
                    -0.22013493255498565,
                    0.8812563203803535
                ],
                [
                    0.409937288581572,
                    -7.023585836612532e-06,
                    -0.9121137096771751,
                    -0.3763479329910756
                ],
                [
                    0.0,
                    0.0,
                    0.0,
                    1.0
                ]
            ],
            "size": [
                0.15068,
                0.17726,
                0.74884
            ]
        },
        "distance": 0.0
    },
    {
        "case": 1,
        "collider1": {
            "type": "Box",
            "collider2origin": [
                [
                    0.9077781725128689,
                    0.4194505805326724,
                    0.0,
                    0.27063700059322826
                ],
                [
                    -0.4194505805326724,
                    0.9077781725128689,
                    0.0,
                    0.8002854543438492
                ],
                [
                    0.0,
                    0.0,
                    1.0,
                    -0.25
                ],
                [
                    0.0,
                    0.0,
                    0.0,
                    1.0
                ]
            ],
            "size": [
                0.2,
                0.2,
                0.02
            ]
        },
        "collider2": {
            "type": "Box",
            "collider2origin": [
                [
                    -0.7694540999207816,
                    -0.5369834224882052,
                    -0.3458167030204784,
                    0.1026160045293511
                ],
                [
                    -0.4897875126475652,
                    0.8435927950874895,
                    -0.22013493255498565,
                    0.8812563203803535
                ],
                [
                    0.409937288581572,
                    -7.023585836612532e-06,
                    -0.9121137096771751,
                    -0.3763479329910756
                ],
                [
                    0.0,
                    0.0,
                    0.0,
                    1.0
                ]
            ],
            "size": [
                0.15068,
                0.17726,
                0.74884
            ]
        },
        "distance": 0.0
    },
    {
        "case": 2,
        "collider1": {
            "type": "Box",
            "collider2origin": [
                [
                    0.9077781725128689,
                    0.4194505805326724,
                    0.0,
                    0.4158817547107895
                ],
                [
                    -0.4194505805326724,
                    0.9077781725128689,
                    0.0,
                    0.733173894971941
                ],
                [
                    0.0,
                    0.0,
                    1.0,
                    -0.6599999999999999
                ],
                [
                    0.0,
                    0.0,
                    0.0,
                    1.0
                ]
            ],
            "size": [
                0.6,
                1.0,
                0.8
            ]
        },
        "collider2": {
            "type": "Box",
            "collider2origin": [
                [
                    -0.7694540999207816,
                    -0.5369834224882052,
                    -0.3458167030204784,
                    0.1026160045293511
                ],
                [
                    -0.4897875126475652,
                    0.8435927950874895,
                    -0.22013493255498565,
                    0.8812563203803535
                ],
                [
                    0.409937288581572,
                    -7.023585836612532e-06,
                    -0.9121137096771751,
                    -0.3763479329910756
                ],
                [
                    0.0,
                    0.0,
                    0.0,
                    1.0
                ]
            ],
            "size": [
                0.15068,
                0.17726,
                0.74884
            ]
        },
        "distance": 0.0
    },
    {
        "case": 3,
        "collider1": {
            "type": "Box",
            "collider2origin": [
                [
                    0.9077781725128689,
                    0.4194505805326724,
                    0.0,
                    0.27063700059322826
                ],
                [
                    -0.4194505805326724,
                    0.9077781725128689,
                    0.0,
                    0.8002854543438492
                ],
                [
                    0.0,
                    0.0,
                    1.0,
                    -0.25
                ],
                [
                    0.0,
                    0.0,
                    0.0,
                    1.0
                ]
            ],
            "size": [
                0.2,
                0.2,
                0.02
            ]
        },
        "collider2": {
            "type": "Box",
            "collider2origin": [
                [
                    -0.7694540999207816,
                    -0.5369834224882052,
                    -0.3458167030204784,
                    0.1026160045293511
                ],
                [
                    -0.4897875126475652,
                    0.8435927950874895,
                    -0.22013493255498565,
                    0.8812563203803535
                ],
                [
                    0.409937288581572,
                    -7.023585836612532e-06,
                    -0.9121137096771751,
                    -0.3763479329910756
                ],
                [
                    0.0,
                    0.0,
                    0.0,
                    1.0
                ]
            ],
            "size": [
                0.15068,
                0.17726,
                0.74884
            ]
        },
        "distance": 0.0
    },
    {
        "case": 4,
        "collider1": {
            "type": "Box",
            "collider2origin": [
                [
                    0.9077781725128689,
                    0.4194505805326724,
                    0.0,
                    0.4158817547107895
                ],
                [
                    -0.4194505805326724,
                    0.9077781725128689,
                    0.0,
                    0.733173894971941
                ],
                [
                    0.0,
                    0.0,
                    1.0,
                    -0.6599999999999999
                ],
                [
                    0.0,
                    0.0,
                    0.0,
                    1.0
                ]
            ],
            "size": [
                0.6,
                1.0,
                0.8
            ]
        },
        "collider2": {
            "type": "Box",
            "collider2origin": [
                [
                    -0.7352582329067096,
                    -0.5369836713764933,
                    -0.41357450068630347,
                    -0.053437295452633926
                ],
                [
                    -0.4680200819564827,
                    0.8435926366604684,
                    -0.26326539130255283,
                    0.6321555934156318
                ],
                [
                    0.4902576198575093,
                    -6.874688293274046e-06,
                    -0.871577573211007,
                    -0.9053282949224164
                ],
                [
                    0.0,
                    0.0,
                    0.0,
                    1.0
                ]
            ],
            "size": [
                0.1202,
                0.13634,
                0.67816
            ]
        },
        "distance": 0.0
    },
    {
        "case": 5,
        "collider1": {
            "type": "Box",
            "collider2origin": [
                [
                    0.907778172512869,
                    0.4194505805326725,
                    0.0,
                    -1.612083837096907
                ],
                [
                    -0.4194505805326725,
                    0.907778172512869,
                    0.0,
                    -0.24654756573714753
                ],
                [
                    0.0,
                    0.0,
                    1.0,
                    -0.040000000000000036
                ],
                [
                    0.0,
                    0.0,
                    0.0,
                    1.0
                ]
            ],
            "size": [
                2.0,
                2.0,
                2.0
            ]
        },
        "collider2": {
            "type": "Box",
            "collider2origin": [
                [
                    0.21249086883449894,
                    -0.9473696732696933,
                    -0.23945423953405787,
                    -0.3463569945092802
                ],
                [
                    0.8327897102525192,
                    0.04738095775128966,
                    0.5515581051349852,
                    0.6335522001921583
                ],
                [
                    -0.5111838506442518,
                    -0.3166160877331485,
                    0.7990277365830741,
                    -1.0761958124759063
                ],
                [
                    0.0,
                    0.0,
                    0.0,
                    1.0
                ]
            ],
            "size": [
                0.08993,
                0.0305,
                0.09007
            ]
        },
        "distance": 0.27379760717954466
    },
    {
        "case": 6,
        "collider1": {
            "type": "Box",
            "collider2origin": [
                [
                    0.907778172512869,
                    0.4194505805326725,
                    0.0,
                    -1.612083837096907
                ],
                [
                    -0.4194505805326725,
                    0.907778172512869,
                    0.0,
                    -0.24654756573714753
                ],
                [
                    0.0,
                    0.0,
                    1.0,
                    -0.040000000000000036
                ],
                [
                    0.0,
                    0.0,
                    0.0,
                    1.0
                ]
            ],
            "size": [
                2.0,
                2.0,
                2.0
            ]
        },
        "collider2": {
            "type": "Box",
            "collider2origin": [
                [
                    -0.02053887194446525,
                    -0.9473699672254942,
                    -0.31948129826081406,
                    -0.2741772851830074
                ],
                [
                    0.9779563650229337,
                    0.047378184769915614,
                    -0.2033633588408648,
                    0.6302980569268727
                ],
                [
                    0.20779678257946987,
                    -0.3166156231253824,
                    0.9255133950097895,
                    -1.0567876159954803
                ],
                [
                    0.0,
                    0.0,
                    0.0,
                    1.0
                ]
            ],
            "size": [
                0.09126,
                0.11887,
                0.10009
            ]
        },
        "distance": 0.28004442013881176
    }
]