[
    {
        "case": 0,
        "collider1": {
            "type": "Box",
            "collider2origin": [
                [
                    0.907778172512869,
                    0.4194505805326725,
                    0.0,
                    -1.612083837096907
                ],
                [
                    -0.4194505805326725,
                    0.907778172512869,
                    0.0,
                    -0.24654756573714753
                ],
                [
                    0.0,
                    0.0,
                    1.0,
                    -0.040000000000000036
                ],
                [
                    0.0,
                    0.0,
                    0.0,
                    1.0
                ]
            ],
            "size": [
                2.0,
                2.0,
                2.0
            ]
        },
        "collider2": {
            "type": "Box",
            "collider2origin": [
                [
                    0.45439933919909437,
                    -0.8789573429421708,
                    -0.14475921325934965,
                    -0.3233811821176407
                ],
                [
                    0.837486591295257,
                    0.4769003976597307,
                    -0.2667999627298371,
                    -0.01350756039598311
                ],
                [
                    0.30354151270638136,
                    -1.7330837493603296e-07,
                    0.9528182145949413,
                    0.5124859452584198
                ],
                [
                    0.0,
                    0.0,
                    0.0,
                    1.0
                ]
            ],
            "size": [
                0.09102,
                0.10007,
                0.11882
            ]
        },
        "distance": 0.018231592189585945
    },
    {
        "case": 1,
        "collider1": {
            "type": "Box",
            "collider2origin": [
                [
                    0.907778172512869,
                    0.4194505805326725,
                    0.0,
                    -1.612083837096907
                ],
                [
                    -0.4194505805326725,
                    0.907778172512869,
                    0.0,
                    -0.24654756573714753
                ],
                [
                    0.0,
                    0.0,
                    1.0,
                    -0.040000000000000036
                ],
                [
                    0.0,
                    0.0,
                    0.0,
                    1.0
                ]
            ],
            "size": [
                2.0,
                2.0,
                2.0
            ]
        },
        "collider2": {
            "type": "Box",
            "collider2origin": [
                [
                    0.20412969235561773,
                    0.9668002428257292,
                    -0.1537151884847819,
                    -0.26902126830840895
                ],
                [
                    -0.9598418328602295,
                    0.16679594653237614,
                    -0.22557209072020462,
                    -0.029019516014850644
                ],
                [
                    -0.1924440817232795,
                    0.19358822973641773,
                    0.9620233223353806,
                    0.6361188209989681
                ],
                [
                    0.0,
                    0.0,
                    0.0,
                    1.0
                ]
            ],
            "size": [
                0.08993,
                0.0305,
                0.09007
            ]
        },
        "distance": 0.0871850263365784
    },
    {
        "case": 2,
        "collider1": {
            "type": "Box",
            "collider2origin": [
                [
                    0.907778172512869,
                    0.4194505805326725,
                    0.0,
                    -1.612083837096907
                ],
                [
                    -0.4194505805326725,
                    0.907778172512869,
                    0.0,
                    -0.24654756573714753
                ],
                [
                    0.0,
                    0.0,
                    1.0,
                    -0.040000000000000036
                ],
                [
                    0.0,
                    0.0,
                    0.0,
                    1.0
                ]
            ],
            "size": [
                2.0,
                2.0,
                2.0
            ]
        },
        "collider2": {
            "type": "Box",
            "collider2origin": [
                [
                    0.2105753951408621,
                    0.966800275722863,
                    -0.14475921325934965,
                    -0.3405195181487642
                ],
                [
                    -0.949208587522435,
                    0.16679579509394618,
                    -0.2667999627298371,
                    -0.04030355489010584
                ],
                [
                    -0.23379704945728866,
                    0.1935881959241689,
                    0.9528182145949413,
                    0.6171437713574859
                ],
                [
                    0.0,
                    0.0,
                    0.0,
                    1.0
                ]
            ],
            "size": [
                0.09126,
                0.11887,
                0.10009
            ]
        },
        "distance": 0.0
    },
    {
        "case": 3,
        "collider1": {
            "type": "Box",
            "collider2origin": [
                [
                    0.907778172512869,
                    0.4194505805326725,
                    0.0,
                    -1.612083837096907
                ],
                [
                    -0.4194505805326725,
                    0.907778172512869,
                    0.0,
                    -0.24654756573714753
                ],
                [
                    0.0,
                    0.0,
                    1.0,
                    -0.040000000000000036
                ],
                [
                    0.0,
                    0.0,
                    0.0,
                    1.0
                ]
            ],
            "size": [
                2.0,
                2.0,
                2.0
            ]
        },
        "collider2": {
            "type": "Box",
            "collider2origin": [
                [
                    0.2699012000214305,
                    -0.878958255420321,
                    -0.39317391502420096,
                    -0.10992999689839855
                ],
                [
                    0.49744986604850494,
                    0.47689871589879956,
                    -0.7246455999606984,
                    0.14554787698461957
                ],
                [
                    0.8244373675394125,
                    -1.5943429130350247e-06,
                    0.5659532021308313,
                    0.3448132712032075
                ],
                [
                    0.0,
                    0.0,
                    0.0,
                    1.0
                ]
            ],
            "size": [
                0.1202,
                0.13634,
                0.67816
            ]
        },
        "distance": 0.11098543864400297
    }
]