[
    {
        "case": 0,
        "collider1": {
            "type": "Box",
            "collider2origin": [
                [
                    0.9077781725128689,
                    0.4194505805326724,
                    0.0,
                    0.4158817547107895
                ],
                [
                    -0.4194505805326724,
                    0.9077781725128689,
                    0.0,
                    0.733173894971941
                ],
                [
                    0.0,
                    0.0,
                    1.0,
                    -0.6599999999999999
                ],
                [
                    0.0,
                    0.0,
                    0.0,
                    1.0
                ]
            ],
            "size": [
                0.6,
                1.0,
                0.8
            ]
        },
        "collider2": {
            "type": "Box",
            "collider2origin": [
                [
                    -0.6301335214172099,
                    -0.5436161057899934,
                    -0.5544486222474265,
                    0.06372549830567958
                ],
                [
                    0.4081228022406519,
                    -0.8393339797273098,
                    0.3591020032892513,
                    0.7624530083943942
                ],
                [
                    -0.6605812012747445,
                    -9.155294579017846e-07,
                    0.7507546047288537,
                    -1.012334024474915
                ],
                [
                    0.0,
                    0.0,
                    0.0,
                    1.0
                ]
            ],
            "size": [
                0.09102,
                0.10007,
                0.11882
            ]
        },
        "distance": 0.0
    },
    {
        "case": 1,
        "collider1": {
            "type": "Box",
            "collider2origin": [
                [
                    0.9077781725128689,
                    0.4194505805326724,
                    0.0,
                    0.4158817547107895
                ],
                [
                    -0.4194505805326724,
                    0.9077781725128689,
                    0.0,
                    0.733173894971941
                ],
                [
                    0.0,
                    0.0,
                    1.0,
                    -0.6599999999999999
                ],
                [
                    0.0,
                    0.0,
                    0.0,
                    1.0
                ]
            ],
            "size": [
                0.6,
                1.0,
                0.8
            ]
        },
        "collider2": {
            "type": "Sphere",
            "collider2origin": [
                [
                    1.0,
                    0.0,
                    0.0,
                    0.011301730862221804
                ],
                [
                    0.0,
                    1.0,
                    0.0,
                    0.5687248741205524
                ],
                [
                    0.0,
                    0.0,
                    1.0,
                    -0.869351680995114
                ],
                [
                    0.0,
                    0.0,
                    0.0,
                    1.0
                ]
            ],
            "radius": 0.00563
        },
        "distance": 0.0
    },
    {
        "case": 2,
        "collider1": {
            "type": "Box",
            "collider2origin": [
                [
                    0.9077781725128689,
                    0.4194505805326724,
                    0.0,
                    0.4158817547107895
                ],
                [
                    -0.4194505805326724,
                    0.9077781725128689,
                    0.0,
                    0.733173894971941
                ],
                [
                    0.0,
                    0.0,
                    1.0,
                    -0.6599999999999999
                ],
                [
                    0.0,
                    0.0,
                    0.0,
                    1.0
                ]
            ],
            "size": [
                0.6,
                1.0,
                0.8
            ]
        },
        "collider2": {
            "type": "Sphere",
            "collider2origin": [
                [
                    1.0,
                    0.0,
                    0.0,
                    -0.021776149423020308
                ],
                [
                    0.0,
                    1.0,
                    0.0,
                    0.5657165385818207
                ],
                [
                    0.0,
                    0.0,
                    1.0,
                    -0.8381599637145843
                ],
                [
                    0.0,
                    0.0,
                    0.0,
                    1.0
                ]
            ],
            "radius": 0.00484
        },
        "distance": 0.022216207048099686
    },
    {
        "case": 3,
        "collider1": {
            "type": "Box",
            "collider2origin": [
                [
                    0.9077781725128689,
                    0.4194505805326724,
                    0.0,
                    0.4158817547107895
                ],
                [
                    -0.4194505805326724,
                    0.9077781725128689,
                    0.0,
                    0.733173894971941
                ],
                [
                    0.0,
                    0.0,
                    1.0,
                    -0.6599999999999999
                ],
                [
                    0.0,
                    0.0,
                    0.0,
                    1.0
                ]
            ],
            "size": [
                0.6,
                1.0,
                0.8
            ]
        },
        "collider2": {
            "type": "Box",
            "collider2origin": [
                [
                    -0.8282102487722673,
                    0.08157517463364707,
                    -0.5544486222474265,
                    0.000941496768915806
                ],
                [
                    -0.32651880393273464,
                    -0.8743175749760398,
                    0.3591020032892513,
                    0.7965566818996538
                ],
                [
                    -0.45547036622256304,
                    0.47844986045719246,
                    0.7507546047288537,
                    -0.929360461128103
                ],
                [
                    0.0,
                    0.0,
                    0.0,
                    1.0
                ]
            ],
            "size": [
                0.09126,
                0.11887,
                0.10009
            ]
        },
        "distance": 0.016278425806684874
    },
    {
        "case": 4,
        "collider1": {
            "type": "Box",
            "collider2origin": [
                [
                    0.9077781725128689,
                    0.4194505805326724,
                    0.0,
                    0.4158817547107895
                ],
                [
                    -0.4194505805326724,
                    0.9077781725128689,
                    0.0,
                    0.733173894971941
                ],
                [
                    0.0,
                    0.0,
                    1.0,
                    -0.6599999999999999
                ],
                [
                    0.0,
                    0.0,
                    0.0,
                    1.0
                ]
            ],
            "size": [
                0.6,
                1.0,
                0.8
            ]
        },
        "collider2": {
            "type": "Cylinder",
            "collider2origin": [
                [
                    0.6957859219891783,
                    -0.7022622309155989,
                    -0.15069741136169434,
                    0.04604703244673175
                ],
                [
                    0.049940220029308625,
                    -0.16200284733628725,
                    0.9855257743348773,
                    0.5959871168987123
                ],
                [
                    -0.716510938636036,
                    -0.6932408214209417,
                    -0.07764817016855295,
                    -0.8613571373436826
                ],
                [
                    0.0,
                    0.0,
                    0.0,
                    1.0
                ]
            ],
            "radius": 0.01271,
            "height": 0.05982
        },
        "distance": 0.0
    },
    {
        "case": 5,
        "collider1": {
            "type": "Box",
            "collider2origin": [
                [
                    0.9077781725128689,
                    0.4194505805326724,
                    0.0,
                    0.4158817547107895
                ],
                [
                    -0.4194505805326724,
                    0.9077781725128689,
                    0.0,
                    0.733173894971941
                ],
                [
                    0.0,
                    0.0,
                    1.0,
                    -0.6599999999999999
                ],
                [
                    0.0,
                    0.0,
                    0.0,
                    1.0
                ]
            ],
            "size": [
                0.6,
                1.0,
                0.8
            ]
        },
        "collider2": {
            "type": "Box",
            "collider2origin": [
                [
                    0.2004089611746874,
                    0.08158079742328839,
                    0.976309798052167,
                    0.005927440914923698
                ],
                [
                    0.48463195482664273,
                    -0.8743189910881193,
                    -0.026422910202314066,
                    0.7326038460567215
                ],
                [
                    0.8514505955378676,
                    0.47844631393128423,
                    -0.2147580220708355,
                    -0.8909903383731732
                ],
                [
                    0.0,
                    0.0,
                    0.0,
                    1.0
                ]
            ],
            "size": [
                0.08993,
                0.0305,
                0.09007
            ]
        },
        "distance": 0.02381388480518766
    },
    {
        "case": 6,
        "collider1": {
            "type": "Box",
            "collider2origin": [
                [
                    0.9077781725128689,
                    0.4194505805326724,
                    0.0,
                    0.4158817547107895
                ],
                [
                    -0.4194505805326724,
                    0.9077781725128689,
                    0.0,
                    0.733173894971941
                ],
                [
                    0.0,
                    0.0,
                    1.0,
                    -0.6599999999999999
                ],
                [
                    0.0,
                    0.0,
                    0.0,
                    1.0
                ]
            ],
            "size": [
                0.6,
                1.0,
                0.8
            ]
        },
        "collider2": {
            "type": "Sphere",
            "collider2origin": [
                [
                    1.0,
                    0.0,
                    0.0,
                    0.037670089210591895
                ],
                [
                    0.0,
                    1.0,
                    0.0,
                    0.5360722477877026
                ],
                [
                    0.0,
                    0.0,
                    1.0,
                    -0.838789536114573
                ],
                [
                    0.0,
                    0.0,
                    0.0,
                    1.0
                ]
            ],
            "radius": 0.00663
        },
        "distance": 0.0
    },
    {
        "case": 7,
        "collider1": {
            "type": "Box",
            "collider2origin": [
                [
                    0.9077781725128689,
                    0.4194505805326724,
                    0.0,
                    0.4158817547107895
                ],
                [
                    -0.4194505805326724,
                    0.9077781725128689,
                    0.0,
                    0.733173894971941
                ],
                [
                    0.0,
                    0.0,
                    1.0,
                    -0.6599999999999999
                ],
                [
                    0.0,
                    0.0,
                    0.0,
                    1.0
                ]
            ],
            "size": [
                0.6,
                1.0,
                0.8
            ]
        },
        "collider2": {
            "type": "Box",
            "collider2origin": [
                [
                    0.9280240405543029,
                    0.0804849674116646,
                    -0.3637218032700384,
                    0.01420937228849245
                ],
                [
                    -0.1995029659622268,
                    -0.7171777726203561,
                    -0.667723452509779,
                    0.6622688171821158
                ],
                [
                    -0.31459489303791927,
                    0.6922269949084967,
                    -0.6495012246288777,
                    -0.8462224720631633
                ],
                [
                    0.0,
                    0.0,
                    0.0,
                    1.0
                ]
            ],
            "size": [
                0.06241,
                0.05638,
                0.02858
            ]
        },
        "distance": 0.0
    },
    {
        "case": 8,
        "collider1": {
            "type": "Box",
            "collider2origin": [
                [
                    0.9077781725128689,
                    0.4194505805326724,
                    0.0,
                    0.4158817547107895
                ],
                [
                    -0.4194505805326724,
                    0.9077781725128689,
                    0.0,
                    0.733173894971941
                ],
                [
                    0.0,
                    0.0,
                    1.0,
                    -0.6599999999999999
                ],
                [
                    0.0,
                    0.0,
                    0.0,
                    1.0
                ]
            ],
            "size": [
                0.6,
                1.0,
                0.8
            ]
        },
        "collider2": {
            "type": "Cylinder",
            "collider2origin": [
                [
                    0.9763097310730242,
                    -0.03110581914336116,
                    0.21413018710013532,
                    0.015778795151356495
                ],
                [
                    -0.026419312983339067,
                    0.9650721149966879,
                    0.26064886870521276,
                    0.5722915274881462
                ],
                [
                    -0.2147587691192303,
                    -0.26013119934225354,
                    0.9413875026869397,
                    -0.8494371667126518
                ],
                [
                    0.0,
                    0.0,
                    0.0,
                    1.0
                ]
            ],
            "radius": 0.00813,
            "height": 0.03824
        },
        "distance": 0.0
    },
    {
        "case": 9,
        "collider1": {
            "type": "Box",
            "collider2origin": [
                [
                    0.9077781725128689,
                    0.4194505805326724,
                    0.0,
                    0.4158817547107895
                ],
                [
                    -0.4194505805326724,
                    0.9077781725128689,
                    0.0,
                    0.733173894971941
                ],
                [
                    0.0,
                    0.0,
                    1.0,
                    -0.6599999999999999
                ],
                [
                    0.0,
                    0.0,
                    0.0,
                    1.0
                ]
            ],
            "size": [
                0.6,
                1.0,
                0.8
            ]
        },
        "collider2": {
            "type": "Box",
            "collider2origin": [
                [
                    0.5298435296567731,
                    -0.5436164602905956,
                    -0.6509585072659974,
                    0.31577403048358593
                ],
                [
                    -0.343161485982474,
                    -0.8393337501049386,
                    0.4216148129194239,
                    0.7323603890424691
                ],
                [
                    -0.7755681972716214,
                    -5.99196647482278e-06,
                    -0.6312637890335098,
                    -0.8300828507524322
                ],
                [
                    0.0,
                    0.0,
                    0.0,
                    1.0
                ]
            ],
            "size": [
                0.1202,
                0.13634,
                0.67816
            ]
        },
        "distance": 0.0
    },
    {
        "case": 10,
        "collider1": {
            "type": "Box",
            "collider2origin": [
                [
                    0.907778172512869,
                    0.4194505805326725,
                    0.0,
                    0.9947946797881562
                ],
                [
                    -0.4194505805326725,
                    0.907778172512869,
                    0.0,
                    0.5317739604993647
                ],
                [
                    0.0,
                    0.0,
                    1.0,
                    -0.69
                ],
                [
                    0.0,
                    0.0,
                    0.0,
                    1.0
                ]
            ],
            "size": [
                0.6,
                1.2,
                0.75
            ]
        },
        "collider2": {
            "type": "Box",
            "collider2origin": [
                [
                    0.5298435296567731,
                    -0.5436164602905956,
                    -0.6509585072659974,
                    0.31577403048358593
                ],
                [
                    -0.343161485982474,
                    -0.8393337501049386,
                    0.4216148129194239,
                    0.7323603890424691
                ],
                [
                    -0.7755681972716214,
                    -5.99196647482278e-06,
                    -0.6312637890335098,
                    -0.8300828507524322
                ],
                [
                    0.0,
                    0.0,
                    0.0,
                    1.0
                ]
            ],
            "size": [
                0.1202,
                0.13634,
                0.67816
            ]
        },
        "distance": 0.09300136267833892
    },
    {
        "case": 11,
        "collider1": {
            "type": "Box",
            "collider2origin": [
                [
                    0.9077781725128689,
                    0.4194505805326724,
                    0.0,
                    0.4158817547107895
                ],
                [
                    -0.4194505805326724,
                    0.9077781725128689,
                    0.0,
                    0.733173894971941
                ],
                [
                    0.0,
                    0.0,
                    1.0,
                    -0.6599999999999999
                ],
                [
                    0.0,
                    0.0,
                    0.0,
                    1.0
                ]
            ],
            "size": [
                0.6,
                1.0,
                0.8
            ]
        },
        "collider2": {
            "type": "Cylinder",
            "collider2origin": [
                [
                    0.943372762264218,
                    -0.2625798908950028,
                    0.20273044249827812,
                    0.043179332648707935
                ],
                [
                    0.011254513947703295,
                    0.6361038304181829,
                    0.7715213884547314,
                    0.5508995611870035
                ],
                [
                    -0.33154361301913216,
                    -0.7255506307797437,
                    0.6030382366329148,
                    -0.8260629649306882
                ],
                [
                    0.0,
                    0.0,
                    0.0,
                    1.0
                ]
            ],
            "radius": 0.00796,
            "height": 0.03037
        },
        "distance": 0.0
    },
    {
        "case": 12,
        "collider1": {
            "type": "Box",
            "collider2origin": [
                [
                    0.9077781725128689,
                    0.4194505805326724,
                    0.0,
                    0.4158817547107895
                ],
                [
                    -0.4194505805326724,
                    0.9077781725128689,
                    0.0,
                    0.733173894971941
                ],
                [
                    0.0,
                    0.0,
                    1.0,
                    -0.6599999999999999
                ],
                [
                    0.0,
                    0.0,
                    0.0,
                    1.0
                ]
            ],
            "size": [
                0.6,
                1.0,
                0.8
            ]
        },
        "collider2": {
            "type": "Cylinder",
            "collider2origin": [
                [
                    0.9841684943462637,
                    -0.1129766417059429,
                    0.13656007163536105,
                    0.006416007892034337
                ],
                [
                    -0.15088846123188132,
                    -0.12987906669793628,
                    0.9799816836557446,
                    0.5857120743869366
                ],
                [
                    -0.09297874490055763,
                    -0.9850724371651652,
                    -0.14486975714136133,
                    -0.7909503129565596
                ],
                [
                    0.0,
                    0.0,
                    0.0,
                    1.0
                ]
            ],
            "radius": 0.00783,
            "height": 0.03683
        },
        "distance": 0.0
    },
    {
        "case": 13,
        "collider1": {
            "type": "Box",
            "collider2origin": [
                [
                    0.9077781725128689,
                    0.4194505805326724,
                    0.0,
                    0.4158817547107895
                ],
                [
                    -0.4194505805326724,
                    0.9077781725128689,
                    0.0,
                    0.733173894971941
                ],
                [
                    0.0,
                    0.0,
                    1.0,
                    -0.6599999999999999
                ],
                [
                    0.0,
                    0.0,
                    0.0,
                    1.0
                ]
            ],
            "size": [
                0.6,
                1.0,
                0.8
            ]
        },
        "collider2": {
            "type": "Cylinder",
            "collider2origin": [
                [
                    0.6683718428560673,
                    -0.7197111977193461,
                    -0.18786929380441478,
                    0.04627616819877722
                ],
                [
                    0.012078819726384554,
                    -0.24203618123406406,
                    0.9701920372213166,
                    0.5812031494156744
                ],
                [
                    -0.7437292395698867,
                    -0.6507182791738801,
                    -0.15307690667694443,
                    -0.8602021904758101
                ],
                [
                    0.0,
                    0.0,
                    0.0,
                    1.0
                ]
            ],
            "radius": 0.01169,
            "height": 0.05502
        },
        "distance": 0.0
    },
    {
        "case": 14,
        "collider1": {
            "type": "Box",
            "collider2origin": [
                [
                    0.9077781725128689,
                    0.4194505805326724,
                    0.0,
                    0.4158817547107895
                ],
                [
                    -0.4194505805326724,
                    0.9077781725128689,
                    0.0,
                    0.733173894971941
                ],
                [
                    0.0,
                    0.0,
                    1.0,
                    -0.6599999999999999
                ],
                [
                    0.0,
                    0.0,
                    0.0,
                    1.0
                ]
            ],
            "size": [
                0.6,
                1.0,
                0.8
            ]
        },
        "collider2": {
            "type": "Cylinder",
            "collider2origin": [
                [
                    0.9539119069687578,
                    0.24319186222533007,
                    0.17581180816601588,
                    -0.018660711875237268
                ],
                [
                    -0.2985879179870877,
                    0.7107108095042689,
                    0.6369736262090628,
                    0.5736971726145046
                ],
                [
                    0.029955449844124956,
                    -0.6601120082237278,
                    0.7505696554107907,
                    -0.826458928319277
                ],
                [
                    0.0,
                    0.0,
                    0.0,
                    1.0
                ]
            ],
            "radius": 0.0076,
            "height": 0.02993
        },
        "distance": 0.018409723031731644
    },
    {
        "case": 15,
        "collider1": {
            "type": "Box",
            "collider2origin": [
                [
                    0.9077781725128689,
                    0.4194505805326724,
                    0.0,
                    0.4158817547107895
                ],
                [
                    -0.4194505805326724,
                    0.9077781725128689,
                    0.0,
                    0.733173894971941
                ],
                [
                    0.0,
                    0.0,
                    1.0,
                    -0.6599999999999999
                ],
                [
                    0.0,
                    0.0,
                    0.0,
                    1.0
                ]
            ],
            "size": [
                0.6,
                1.0,
                0.8
            ]
        },
        "collider2": {
            "type": "Sphere",
            "collider2origin": [
                [
                    1.0,
                    0.0,
                    0.0,
                    -0.00269670849837228
                ],
                [
                    0.0,
                    1.0,
                    0.0,
                    0.5364967029503356
                ],
                [
                    0.0,
                    0.0,
                    1.0,
                    -0.803130387436849
                ],
                [
                    0.0,
                    0.0,
                    0.0,
                    1.0
                ]
            ],
            "radius": 0.00487
        },
        "distance": 0.0
    },
    {
        "case": 16,
        "collider1": {
            "type": "Box",
            "collider2origin": [
                [
                    0.9077781725128689,
                    0.4194505805326724,
                    0.0,
                    0.4158817547107895
                ],
                [
                    -0.4194505805326724,
                    0.9077781725128689,
                    0.0,
                    0.733173894971941
                ],
                [
                    0.0,
                    0.0,
                    1.0,
                    -0.6599999999999999
                ],
                [
                    0.0,
                    0.0,
                    0.0,
                    1.0
                ]
            ],
            "size": [
                0.6,
                1.0,
                0.8
            ]
        },
        "collider2": {
            "type": "Cylinder",
            "collider2origin": [
                [
                    0.9833472489037577,
                    -0.031274533428297266,
                    0.17902539381957347,
                    0.0006282107267218118
                ],
                [
                    -0.15167716518844324,
                    0.4014081860674786,
                    0.903252736347039,
                    0.5507885538688639
                ],
                [
                    -0.10011106649021753,
                    -0.9153651575829497,
                    0.3899800028839076,
                    -0.7955389640216286
                ],
                [
                    0.0,
                    0.0,
                    0.0,
                    1.0
                ]
            ],
            "radius": 0.0076,
            "height": 0.02993
        },
        "distance": 0.0
    },
    {
        "case": 17,
        "collider1": {
            "type": "Box",
            "collider2origin": [
                [
                    0.9077781725128689,
                    0.4194505805326724,
                    0.0,
                    0.4158817547107895
                ],
                [
                    -0.4194505805326724,
                    0.9077781725128689,
                    0.0,
                    0.733173894971941
                ],
                [
                    0.0,
                    0.0,
                    1.0,
                    -0.6599999999999999
                ],
                [
                    0.0,
                    0.0,
                    0.0,
                    1.0
                ]
            ],
            "size": [
                0.6,
                1.0,
                0.8
            ]
        },
        "collider2": {
            "type": "Sphere",
            "collider2origin": [
                [
                    1.0,
                    0.0,
                    0.0,
                    0.05017405693733373
                ],
                [
                    0.0,
                    1.0,
                    0.0,
                    0.5592089608509643
                ],
                [
                    0.0,
                    0.0,
                    1.0,
                    -0.8562544021377896
                ],
                [
                    0.0,
                    0.0,
                    0.0,
                    1.0
                ]
            ],
            "radius": 0.01051
        },
        "distance": 0.0
    },
    {
        "case": 18,
        "collider1": {
            "type": "Box",
            "collider2origin": [
                [
                    0.9077781725128689,
                    0.4194505805326724,
                    0.0,
                    0.4158817547107895
                ],
                [
                    -0.4194505805326724,
                    0.9077781725128689,
                    0.0,
                    0.733173894971941
                ],
                [
                    0.0,
                    0.0,
                    1.0,
                    -0.6599999999999999
                ],
                [
                    0.0,
                    0.0,
                    0.0,
                    1.0
                ]
            ],
            "size": [
                0.6,
                1.0,
                0.8
            ]
        },
        "collider2": {
            "type": "Box",
            "collider2origin": [
                [
                    0.7549031830806628,
                    -0.5436127215336701,
                    0.36688743936177426,
                    0.3150975681758317
                ],
                [
                    -0.48893165507760566,
                    -0.8393361715892382,
                    -0.2376144518437253,
                    0.5822726393574169
                ],
                [
                    0.437112137600589,
                    -6.976911541862328e-06,
                    -0.8994070152681523,
                    -0.37253899340679186
                ],
                [
                    0.0,
                    0.0,
                    0.0,
                    1.0
                ]
            ],
            "size": [
                0.15068,
                0.17726,
                0.74884
            ]
        },
        "distance": 0.0
    },
    {
        "case": 19,
        "collider1": {
            "type": "Box",
            "collider2origin": [
                [
                    0.9077781725128689,
                    0.4194505805326724,
                    0.0,
                    0.27063700059322826
                ],
                [
                    -0.4194505805326724,
                    0.9077781725128689,
                    0.0,
                    0.8002854543438492
                ],
                [
                    0.0,
                    0.0,
                    1.0,
                    -0.25
                ],
                [
                    0.0,
                    0.0,
                    0.0,
                    1.0
                ]
            ],
            "size": [
                0.2,
                0.2,
                0.02
            ]
        },
        "collider2": {
            "type": "Box",
            "collider2origin": [
                [
                    0.7549031830806628,
                    -0.5436127215336701,
                    0.36688743936177426,
                    0.3150975681758317
                ],
                [
                    -0.48893165507760566,
                    -0.8393361715892382,
                    -0.2376144518437253,
                    0.5822726393574169
                ],
                [
                    0.437112137600589,
                    -6.976911541862328e-06,
                    -0.8994070152681523,
                    -0.37253899340679186
                ],
                [
                    0.0,
                    0.0,
                    0.0,
                    1.0
                ]
            ],
            "size": [
                0.15068,
                0.17726,
                0.74884
            ]
        },
        "distance": 0.0
    },
    {
        "case": 20,
        "collider1": {
            "type": "Box",
            "collider2origin": [
                [
                    0.907778172512869,
                    0.4194505805326725,
                    0.0,
                    0.9947946797881562
                ],
                [
                    -0.4194505805326725,
                    0.907778172512869,
                    0.0,
                    0.5317739604993647
                ],
                [
                    0.0,
                    0.0,
                    1.0,
                    -0.69
                ],
                [
                    0.0,
                    0.0,
                    0.0,
                    1.0
                ]
            ],
            "size": [
                0.6,
                1.2,
                0.75
            ]
        },
        "collider2": {
            "type": "Box",
            "collider2origin": [
                [
                    0.7549031830806628,
                    -0.5436127215336701,
                    0.36688743936177426,
                    0.3150975681758317
                ],
                [
                    -0.48893165507760566,
                    -0.8393361715892382,
                    -0.2376144518437253,
                    0.5822726393574169
                ],
                [
                    0.437112137600589,
                    -6.976911541862328e-06,
                    -0.8994070152681523,
                    -0.37253899340679186
                ],
                [
                    0.0,
                    0.0,
                    0.0,
                    1.0
                ]
            ],
            "size": [
                0.15068,
                0.17726,
                0.74884
            ]
        },
        "distance": 0.09656260427309644
    },
    {
        "case": 21,
        "collider1": {
            "type": "Box",
            "collider2origin": [
                [
                    0.9077781725128689,
                    0.4194505805326724,
                    0.0,
                    0.4158817547107895
                ],
                [
                    -0.4194505805326724,
                    0.9077781725128689,
                    0.0,
                    0.733173894971941
                ],
                [
                    0.0,
                    0.0,
                    1.0,
                    -0.6599999999999999
                ],
                [
                    0.0,
                    0.0,
                    0.0,
                    1.0
                ]
            ],
            "size": [
                0.6,
                1.0,
                0.8
            ]
        },
        "collider2": {
            "type": "Box",
            "collider2origin": [
                [
                    0.7549031830806628,
                    -0.5436127215336701,
                    0.36688743936177426,
                    0.3150975681758317
                ],
                [
                    -0.48893165507760566,
                    -0.8393361715892382,
                    -0.2376144518437253,
                    0.5822726393574169
                ],
                [
                    0.437112137600589,
                    -6.976911541862328e-06,
                    -0.8994070152681523,
                    -0.37253899340679186
                ],
                [
                    0.0,
                    0.0,
                    0.0,
                    1.0
                ]
            ],
            "size": [
                0.15068,
                0.17726,
                0.74884
            ]
        },
        "distance": 0.0
    },
    {
        "case": 22,
        "collider1": {
            "type": "Box",
            "collider2origin": [
                [
                    0.9077781725128689,
                    0.4194505805326724,
                    0.0,
                    0.27063700059322826
                ],
                [
