[
    {
        "case": 0,
        "collider1": {
            "type": "Box",
            "collider2origin": [
                [
                    0.9077781725128689,
                    0.4194505805326724,
                    0.0,
                    0.4158817547107895
                ],
                [
                    -0.4194505805326724,
                    0.9077781725128689,
                    0.0,
                    0.733173894971941
                ],
                [
                    0.0,
                    0.0,
                    1.0,
                    -0.6599999999999999
                ],
                [
                    0.0,
                    0.0,
                    0.0,
                    1.0
                ]
            ],
            "size": [
                0.6,
                1.0,
                0.8
            ]
        },
        "collider2": {
            "type": "Box",
            "collider2origin": [
                [
                    0.5490442871059318,
                    0.3728463942396251,
                    -0.74802134802347,
                    0.1406392365419351
                ],
                [
                    0.22062229003948536,
                    -0.9278930791143591,
                    -0.3005665298555495,
                    0.5478619510658274
                ],
                [
                    -0.8061489787465292,
                    -5.846686916912011e-06,
                    -0.5917126194629819,
                    -0.2801169491613792
                ],
                [
                    0.0,
                    0.0,
                    0.0,
                    1.0
                ]
            ],
            "size": [
                0.15068,
                0.17726,
                0.74884
            ]
        },
        "distance": 0.0
    },
    {
        "case": 1,
        "collider1": {
            "type": "Box",
            "collider2origin": [
                [
                    0.9077781725128689,
                    0.4194505805326724,
                    0.0,
                    0.27063700059322826
                ],
                [
                    -0.4194505805326724,
                    0.9077781725128689,
                    0.0,
                    0.8002854543438492
                ],
                [
                    0.0,
                    0.0,
                    1.0,
                    -0.25
                ],
                [
                    0.0,
                    0.0,
                    0.0,
                    1.0
                ]
            ],
            "size": [
                0.2,
                0.2,
                0.02
            ]
        },
        "collider2": {
            "type": "Box",
            "collider2origin": [
                [
                    0.5490442871059318,
                    0.3728463942396251,
                    -0.74802134802347,
                    0.1406392365419351
                ],
                [
                    0.22062229003948536,
                    -0.9278930791143591,
                    -0.3005665298555495,
                    0.5478619510658274
                ],
                [
                    -0.8061489787465292,
                    -5.846686916912011e-06,
                    -0.5917126194629819,
                    -0.2801169491613792
                ],
                [
                    0.0,
                    0.0,
                    0.0,
                    1.0
                ]
            ],
            "size": [
                0.15068,
                0.17726,
                0.74884
            ]
        },
        "distance": 0.0
    },
    {
        "case": 2,
        "collider1": {
            "type": "Box",
            "collider2origin": [
                [
                    0.907778172512869,
                    0.4194505805326725,
                    0.0,
                    0.9947946797881562
                ],
                [
                    -0.4194505805326725,
                    0.907778172512869,
                    0.0,
                    0.5317739604993647
                ],
                [
                    0.0,
                    0.0,
                    1.0,
                    -0.69
                ],
                [
                    0.0,
                    0.0,
                    0.0,
                    1.0
                ]
            ],
            "size": [
                0.6,
                1.2,
                0.75
            ]
        },
        "collider2": {
            "type": "Box",
            "collider2origin": [
                [
                    0.5490442871059318,
                    0.3728463942396251,
                    -0.74802134802347,
                    0.1406392365419351
                ],
                [
                    0.22062229003948536,
                    -0.9278930791143591,
                    -0.3005665298555495,
                    0.5478619510658274
                ],
                [
                    -0.8061489787465292,
                    -5.846686916912011e-06,
                    -0.5917126194629819,
                    -0.2801169491613792
                ],
                [
                    0.0,
                    0.0,
                    0.0,
                    1.0
                ]
            ],
            "size": [
                0.15068,
                0.17726,
                0.74884
            ]
        },
        "distance": 0.26514398722423016
    },
    {
        "case": 3,
        "collider1": {
            "type": "Box",
            "collider2origin": [
                [
                    0.9077781725128689,
                    0.4194505805326724,
                    0.0,
                    0.4158817547107895
                ],
                [
                    -0.4194505805326724,
                    0.9077781725128689,
                    0.0,
                    0.733173894971941
                ],
                [
                    0.0,
                    0.0,
                    1.0,
                    -0.6599999999999999
                ],
                [
                    0.0,
                    0.0,
                    0.0,
                    1.0
                ]
            ],
            "size": [
                0.6,
                1.0,
                0.8
            ]
        },
        "collider2": {
            "type": "Box",
            "collider2origin": [
                [
                    0.5490442871059318,
                    0.3728463942396251,
                    -0.74802134802347,
                    0.1406392365419351
                ],
                [
                    0.22062229003948536,
                    -0.9278930791143591,
                    -0.3005665298555495,
                    0.5478619510658274
                ],
                [
                    -0.8061489787465292,
                    -5.846686916912011e-06,
                    -0.5917126194629819,
                    -0.2801169491613792
                ],
                [
                    0.0,
                    0.0,
                    0.0,
                    1.0
                ]
            ],
            "size": [
                0.15068,
                0.17726,
                0.74884
            ]
        },
        "distance": 0.0
    },
    {
        "case": 4,
        "collider1": {
            "type": "Box",
            "collider2origin": [
                [
                    0.9077781725128689,
                    0.4194505805326724,
                    0.0,
                    0.27063700059322826
                ],
                [
                    -0.4194505805326724,
                    0.9077781725128689,
                    0.0,
                    0.8002854543438492
                ],
                [
                    0.0,
                    0.0,
                    1.0,
                    -0.25
                ],
                [
                    0.0,
                    0.0,
                    0.0,
                    1.0
                ]
            ],
            "size": [
                0.2,
                0.2,
                0.02
            ]
        },
        "collider2": {
            "type": "Box",
            "collider2origin": [
                [
                    0.5490442871059318,
                    0.3728463942396251,
                    -0.74802134802347,
                    0.1406392365419351
                ],
                [
                    0.22062229003948536,
                    -0.9278930791143591,
                    -0.3005665298555495,
                    0.5478619510658274
                ],
                [
                    -0.8061489787465292,
                    -5.846686916912011e-06,
                    -0.5917126194629819,
                    -0.2801169491613792
                ],
                [
                    0.0,
                    0.0,
                    0.0,
                    1.0
                ]
            ],
            "size": [
                0.15068,
                0.17726,
                0.74884
            ]
        },
        "distance": 0.0
    },
    {
        "case": 5,
        "collider1": {
            "type": "Box",
            "collider2origin": [
                [
                    0.907778172512869,
                    0.4194505805326725,
                    0.0,
                    0.9947946797881562
                ],
                [
                    -0.4194505805326725,
                    0.907778172512869,
                    0.0,
                    0.5317739604993647
                ],
                [
                    0.0,
                    0.0,
                    1.0,
                    -0.69
                ],
                [
                    0.0,
                    0.0,
                    0.0,
                    1.0
                ]
            ],
            "size": [
                0.6,
                1.2,
                0.75
            ]
        },
        "collider2": {
            "type": "Box",
            "collider2origin": [
                [
                    0.5490442871059318,
                    0.3728463942396251,
                    -0.74802134802347,
                    0.1406392365419351
                ],
                [
                    0.22062229003948536,
                    -0.9278930791143591,
                    -0.3005665298555495,
                    0.5478619510658274
                ],
                [
                    -0.8061489787465292,
                    -5.846686916912011e-06,
                    -0.5917126194629819,
                    -0.2801169491613792
                ],
                [
                    0.0,
                    0.0,
                    0.0,
                    1.0
                ]
            ],
            "size": [
                0.15068,
                0.17726,
                0.74884
            ]
        },
        "distance": 0.26514398722423016
    },
    {
        "case": 6,
        "collider1": {
            "type": "Box",
            "collider2origin": [
                [
                    0.9077781725128689,
                    0.4194505805326724,
                    0.0,
                    0.4158817547107895
                ],
                [
                    -0.4194505805326724,
                    0.9077781725128689,
                    0.0,
                    0.733173894971941
                ],
                [
                    0.0,
                    0.0,
                    1.0,
                    -0.6599999999999999
                ],
                [
                    0.0,
                    0.0,
                    0.0,
                    1.0
                ]
            ],
            "size": [
                0.6,
                1.0,
                0.8
            ]
        },
        "collider2": {
            "type": "Box",
            "collider2origin": [
                [
                    0.7343815442875821,
                    0.37284705858578604,
                    -0.5671585477745298,
                    -0.2988915156286082
                ],
                [
                    0.2950944518638105,
                    -0.9278928121613111,
                    -0.22789074930451036,
                    0.5074077049820542
                ],
                [
                    -0.6112307353929312,
                    -6.5803722990907665e-06,
                    -0.7914524547107771,
                    -0.6867033097492414
                ],
                [
                    0.0,
                    0.0,
                    0.0,
                    1.0
                ]
            ],
            "size": [
                0.1202,
                0.13634,
                0.67816
            ]
        },
        "distance": 0.029761287152329032
    },
    {
        "case": 7,
        "collider1": {
            "type": "Box",
            "collider2origin": [
                [
                    0.907778172512869,
                    0.4194505805326725,
                    0.0,
                    -1.612083837096907
                ],
                [
                    -0.4194505805326725,
                    0.907778172512869,
                    0.0,
                    -0.24654756573714753
                ],
                [
                    0.0,
                    0.0,
                    1.0,
                    -0.040000000000000036
                ],
                [
                    0.0,
                    0.0,
                    0.0,
                    1.0
                ]
            ],
            "size": [
                2.0,
                2.0,
                2.0
            ]
        },
        "collider2": {
            "type": "Box",
            "collider2origin": [
                [
                    0.7343815442875821,
                    0.37284705858578604,
                    -0.5671585477745298,
                    -0.2988915156286082
                ],
                [
                    0.2950944518638105,
                    -0.9278928121613111,
                    -0.22789074930451036,
                    0.5074077049820542
                ],
                [
                    -0.6112307353929312,
                    -6.5803722990907665e-06,
                    -0.7914524547107771,
                    -0.6867033097492414
                ],
                [
                    0.0,
                    0.0,
                    0.0,
                    1.0
                ]
            ],
            "size": [
                0.1202,
                0.13634,
                0.67816
            ]
        },
        "distance": 0.0030586100635410975
    },
    {
        "case": 8,
        "collider1": {
            "type": "Box",
            "collider2origin": [
                [
                    0.907778172512869,
                    0.4194505805326725,
                    0.0,
                    -1.612083837096907
                ],
                [
                    -0.4194505805326725,
                    0.907778172512869,
                    0.0,
                    -0.24654756573714753
                ],
                [
                    0.0,
                    0.0,
                    1.0,
                    -0.040000000000000036
                ],
                [
                    0.0,
                    0.0,
                    0.0,
                    1.0
                ]
            ],
            "size": [
                2.0,
                2.0,
                2.0
            ]
        },
        "collider2": {
            "type": "Box",
            "collider2origin": [
                [
                    -0.8539683594594634,
                    0.38969567853358905,
                    -0.34478300302416026,
                    -0.2859029046213922
                ],
                [
                    -0.5196535452983013,
                    -0.6724024989943576,
                    0.5271006281584656,
                    0.32483260317915524
                ],
                [
                    -0.02642411589853005,
                    0.6292949685786372,
                    0.7767171999000618,
                    -0.8887585421427103
                ],
                [
                    0.0,
                    0.0,
                    0.0,
                    1.0
                ]
            ],
            "size": [
                0.08993,
                0.0305,
                0.09007
            ]
        },
        "distance": 0.015784481714456493
    },
    {
        "case": 9,
        "collider1": {
            "type": "Box",
            "collider2origin": [
                [
                    0.907778172512869,
                    0.4194505805326725,
                    0.0,
                    -1.612083837096907
                ],
                [
                    -0.4194505805326725,
                    0.907778172512869,
                    0.0,
                    -0.24654756573714753
                ],
                [
                    0.0,
                    0.0,
                    1.0,
                    -0.040000000000000036
                ],
                [
                    0.0,
                    0.0,
                    0.0,
                    1.0
                ]
            ],
            "size": [
                2.0,
                2.0,
                2.0
            ]
        },
        "collider2": {
            "type": "Box",
            "collider2origin": [
                [
                    -0.1143825276954318,
                    0.38970030160703906,
                    0.9138108733678902,
                    -0.3181164324045708
                ],
                [
                    0.6426829959006991,
                    -0.6724030863580853,
                    0.3671956647840814,
                    0.3731931091693649
                ],
                [
                    0.7575455129153003,
                    0.6292914780795177,
                    -0.17354259269237032,
                    -0.9358092732412044
                ],
                [
                    0.0,
                    0.0,
                    0.0,
                    1.0
                ]
            ],
            "size": [
                0.09126,
                0.11887,
                0.10009
            ]
        },
        "distance": 0.018483265333646085
    },
    {
        "case": 10,
        "collider1": {
            "type": "Box",
            "collider2origin": [
                [
                    0.907778172512869,
                    0.4194505805326725,
                    0.0,
                    -1.612083837096907
                ],
                [
                    -0.4194505805326725,
                    0.907778172512869,
                    0.0,
                    -0.24654756573714753
                ],
                [
                    0.0,
                    0.0,
                    1.0,
                    -0.040000000000000036
                ],
                [
                    0.0,
                    0.0,
                    0.0,
                    1.0
                ]
            ],
            "size": [
                2.0,
                2.0,
                2.0
            ]
        },
        "collider2": {
            "type": "Box",
            "collider2origin": [
                [
                    0.1610301278774026,
                    0.37285249849022173,
                    0.9138108733678902,
                    -0.4203939854533189
                ],
                [
                    0.06470185014942888,
                    -0.927890626286858,
                    0.3671956647840814,
                    0.3381409749494738
                ],
                [
                    0.9848263646465949,
                    -4.310662640501265e-06,
                    -0.17354259269237032,
                    -0.9184264882505057
                ],
                [
                    0.0,
                    0.0,
                    0.0,
                    1.0
                ]
            ],
            "size": [
                0.09102,
                0.10007,
                0.11882
            ]
        },
        "distance": 0.0
    }
]