[
    {
        "case": 0,
        "collider1": {
            "type": "Box",
            "collider2origin": [
                [
                    0.9077781725128689,
                    0.4194505805326724,
                    0.0,
                    0.4158817547107895
                ],
                [
                    -0.4194505805326724,
                    0.9077781725128689,
                    0.0,
                    0.733173894971941
                ],
                [
                    0.0,
                    0.0,
                    1.0,
                    -0.6599999999999999
                ],
                [
                    0.0,
                    0.0,
                    0.0,
                    1.0
                ]
            ],
            "size": [
                0.6,
                1.0,
                0.8
            ]
        },
        "collider2": {
            "type": "Box",
            "collider2origin": [
                [
                    0.1526998727647335,
                    -0.9878475448316102,
                    -0.028982357181465676,
                    0.11887108021735035
                ],
                [
                    -0.9705125134406658,
                    -0.1554259570249869,
                    0.18425046306033643,
                    0.8282372574398393
                ],
                [
                    -0.1865159781700099,
                    -7.281952537254816e-06,
                    -0.982451927492769,
                    -0.3973883000912094
                ],
                [
                    0.0,
                    0.0,
                    0.0,
                    1.0
                ]
            ],
            "size": [
                0.15068,
                0.17726,
                0.74884
            ]
        },
        "distance": 0.0
    },
    {
        "case": 1,
        "collider1": {
            "type": "Box",
            "collider2origin": [
                [
                    0.9077781725128689,
                    0.4194505805326724,
                    0.0,
                    0.27063700059322826
                ],
                [
                    -0.4194505805326724,
                    0.9077781725128689,
                    0.0,
                    0.8002854543438492
                ],
                [
                    0.0,
                    0.0,
                    1.0,
                    -0.25
                ],
                [
                    0.0,
                    0.0,
                    0.0,
                    1.0
                ]
            ],
            "size": [
                0.2,
                0.2,
                0.02
            ]
        },
        "collider2": {
            "type": "Box",
            "collider2origin": [
                [
                    0.1526998727647335,
                    -0.9878475448316102,
                    -0.028982357181465676,
                    0.11887108021735035
                ],
                [
                    -0.9705125134406658,
                    -0.1554259570249869,
                    0.18425046306033643,
                    0.8282372574398393
                ],
                [
                    -0.1865159781700099,
                    -7.281952537254816e-06,
                    -0.982451927492769,
                    -0.3973883000912094
                ],
                [
                    0.0,
                    0.0,
                    0.0,
                    1.0
                ]
            ],
            "size": [
                0.15068,
                0.17726,
                0.74884
            ]
        },
        "distance": 0.0
    },
    {
        "case": 2,
        "collider1": {
            "type": "Box",
            "collider2origin": [
                [
                    0.9077781725128689,
                    0.4194505805326724,
                    0.0,
                    0.4158817547107895
                ],
                [
                    -0.4194505805326724,
                    0.9077781725128689,
                    0.0,
                    0.733173894971941
                ],
                [
                    0.0,
                    0.0,
                    1.0,
                    -0.6599999999999999
                ],
                [
                    0.0,
                    0.0,
                    0.0,
                    1.0
                ]
            ],
            "size": [
                0.6,
                1.0,
                0.8
            ]
        },
        "collider2": {
            "type": "Box",
            "collider2origin": [
                [
                    0.1526998727647335,
                    -0.9878475448316102,
                    -0.028982357181465676,
                    0.11887108021735035
                ],
                [
                    -0.9705125134406658,
                    -0.1554259570249869,
                    0.18425046306033643,
                    0.8282372574398393
                ],
                [
                    -0.1865159781700099,
                    -7.281952537254816e-06,
                    -0.982451927492769,
                    -0.3973883000912094
                ],
                [
                    0.0,
                    0.0,
                    0.0,
                    1.0
                ]
            ],
            "size": [
                0.15068,
                0.17726,
                0.74884
            ]
        },
        "distance": 0.0
    },
    {
        "case": 3,
        "collider1": {
            "type": "Box",
            "collider2origin": [
                [
                    0.9077781725128689,
                    0.4194505805326724,
                    0.0,
                    0.27063700059322826
                ],
                [
                    -0.4194505805326724,
                    0.9077781725128689,
                    0.0,
                    0.8002854543438492
                ],
                [
                    0.0,
                    0.0,
                    1.0,
                    -0.25
                ],
                [
                    0.0,
                    0.0,
                    0.0,
                    1.0
                ]
            ],
            "size": [
                0.2,
                0.2,
                0.02
            ]
        },
        "collider2": {
            "type": "Box",
            "collider2origin": [
                [
                    0.1526998727647335,
                    -0.9878475448316102,
                    -0.028982357181465676,
                    0.11887108021735035
                ],
                [
                    -0.9705125134406658,
                    -0.1554259570249869,
                    0.18425046306033643,
                    0.8282372574398393
                ],
                [
                    -0.1865159781700099,
                    -7.281952537254816e-06,
                    -0.982451927492769,
                    -0.3973883000912094
                ],
                [
                    0.0,
                    0.0,
                    0.0,
                    1.0
                ]
            ],
            "size": [
                0.15068,
                0.17726,
                0.74884
            ]
        },
        "distance": 0.0
    },
    {
        "case": 4,
        "collider1": {
            "type": "Box",
            "collider2origin": [
                [
                    0.9077781725128689,
                    0.4194505805326724,
                    0.0,
                    0.4158817547107895
                ],
                [
                    -0.4194505805326724,
                    0.9077781725128689,
                    0.0,
                    0.733173894971941
                ],
                [
                    0.0,
                    0.0,
                    1.0,
                    -0.6599999999999999
                ],
                [
                    0.0,
                    0.0,
                    0.0,
                    1.0
                ]
            ],
            "size": [
                0.6,
                1.0,
                0.8
            ]
        },
        "collider2": {
            "type": "Box",
            "collider2origin": [
                [
                    -0.12190548094292636,
                    -0.9878470841958783,
                    0.0964219475107993,
                    0.2616898137658731
                ],
                [
                    0.7747818722670097,
                    -0.15542888484793896,
                    -0.6128253520876509,
                    0.7333834910622289
                ],
                [
                    0.6203644929575682,
                    -7.922602148937656e-07,
                    0.7843136463665992,
                    -0.4840902590504248
                ],
                [
                    0.0,
                    0.0,
                    0.0,
                    1.0
                ]
            ],
            "size": [
                0.1202,
                0.13634,
                0.67816
            ]
        },
        "distance": 0.0
    },
    {
        "case": 5,
        "collider1": {
            "type": "Box",
            "collider2origin": [
                [
                    0.9077781725128689,
                    0.4194505805326724,
                    0.0,
                    0.27063700059322826
                ],
                [
                    -0.4194505805326724,
                    0.9077781725128689,
                    0.0,
                    0.8002854543438492
                ],
                [
                    0.0,
                    0.0,
                    1.0,
                    -0.25
                ],
                [
                    0.0,
                    0.0,
                    0.0,
                    1.0
                ]
            ],
            "size": [
                0.2,
                0.2,
                0.02
            ]
        },
        "collider2": {
            "type": "Box",
            "collider2origin": [
                [
                    -0.12190548094292636,
                    -0.9878470841958783,
                    0.0964219475107993,
                    0.2616898137658731
                ],
                [
                    0.7747818722670097,
                    -0.15542888484793896,
                    -0.6128253520876509,
                    0.7333834910622289
                ],
                [
                    0.6203644929575682,
                    -7.922602148937656e-07,
                    0.7843136463665992,
                    -0.4840902590504248
                ],
                [
                    0.0,
                    0.0,
                    0.0,
                    1.0
                ]
            ],
            "size": [
                0.1202,
                0.13634,
                0.67816
            ]
        },
        "distance": 0.020877098372016657
    },
    {
        "case": 6,
        "collider1": {
            "type": "Box",
            "collider2origin": [
                [
                    0.9077781725128689,
                    0.4194505805326724,
                    0.0,
                    0.4158817547107895
                ],
                [
                    -0.4194505805326724,
                    0.9077781725128689,
                    0.0,
                    0.733173894971941
                ],
                [
                    0.0,
                    0.0,
                    1.0,
                    -0.6599999999999999
                ],
                [
                    0.0,
                    0.0,
                    0.0,
                    1.0
                ]
            ],
            "size": [
                0.6,
                1.0,
                0.8
            ]
        },
        "collider2": {
            "type": "Box",
            "collider2origin": [
                [
                    -0.14325503286082364,
                    -0.9878472168858505,
                    0.060298189449795356,
                    0.17960960533532694
                ],
                [
                    0.910479039204222,
                    -0.15542804152017212,
                    -0.3832362757868312,
                    0.5360033816878786
                ],
                [
                    0.38795091793911346,
                    -2.8768529841675667e-07,
                    0.9216800341062596,
                    -0.2527880214604096
                ],
                [
                    0.0,
                    0.0,
                    0.0,
                    1.0
                ]
            ],
            "size": [
                0.09102,
                0.10007,
                0.11882
            ]
        },
        "distance": 0.0
    }
]