[
    {
        "case": 0,
        "collider1": {
            "type": "Box",
            "collider2origin": [
                [
                    0.9077781725128689,
                    0.4194505805326724,
                    0.0,
                    0.4158817547107895
                ],
                [
                    -0.4194505805326724,
                    0.9077781725128689,
                    0.0,
                    0.733173894971941
                ],
                [
                    0.0,
                    0.0,
                    1.0,
                    -0.6599999999999999
                ],
                [
                    0.0,
                    0.0,
                    0.0,
                    1.0
                ]
            ],
            "size": [
                0.6,
                1.0,
                0.8
            ]
        },
        "collider2": {
            "type": "Box",
            "collider2origin": [
                [
                    0.6897818431424211,
                    -0.7206485900981594,
                    -0.06976115294760815,
                    -0.1755928740651515
                ],
                [
                    -0.7169900523385959,
                    -0.6933005189207917,
                    0.07252348110549227,
                    1.224831435488126
                ],
                [
                    -0.10062938794677294,
                    -7.327764944633024e-06,
                    -0.9949239801249948,
                    -0.3083961008190783
                ],
                [
                    0.0,
                    0.0,
                    0.0,
                    1.0
                ]
            ],
            "size": [
                0.1202,
                0.13634,
                0.67816
            ]
        },
        "distance": 0.3559678608575312
    },
    {
        "case": 1,
        "collider1": {
            "type": "Box",
            "collider2origin": [
                [
                    0.8404842512412337,
                    -0.5418359746412772,
                    0.0,
                    0.011439976095501792
                ],
                [
                    0.5418359746412771,
                    0.8404842512412338,
                    0.0,
                    1.4325762997644957
                ],
                [
                    0.0,
                    0.0,
                    1.0,
                    -0.21500000000000008
                ],
                [
                    0.0,
                    0.0,
                    0.0,
                    1.0
                ]
            ],
            "size": [
                0.2,
                0.3,
                0.22
            ]
        },
        "collider2": {
            "type": "Box",
            "collider2origin": [
                [
                    0.6897818431424211,
                    -0.7206485900981594,
                    -0.06976115294760815,
                    -0.1755928740651515
                ],
                [
                    -0.7169900523385959,
                    -0.6933005189207917,
                    0.07252348110549227,
                    1.224831435488126
                ],
                [
                    -0.10062938794677294,
                    -7.327764944633024e-06,
                    -0.9949239801249948,
                    -0.3083961008190783
                ],
                [
                    0.0,
                    0.0,
                    0.0,
                    1.0
                ]
            ],
            "size": [
                0.1202,
                0.13634,
                0.67816
            ]
        },
        "distance": 0.08728131400235213
    },
    {
        "case": 2,
        "collider1": {
            "type": "Box",
            "collider2origin": [
                [
                    0.9081427509232697,
                    -0.4186606548811531,
                    0.0,
                    -0.09474126814702305
                ],
                [
                    0.41866065488115317,
                    0.9081427509232698,
                    0.0,
                    1.368923948110301
                ],
                [
                    0.0,
                    0.0,
                    1.0,
                    -0.21500000000000008
                ],
                [
                    0.0,
                    0.0,
                    0.0,
                    1.0
                ]
            ],
            "size": [
                0.2,
                0.3,
                0.22
            ]
        },
        "collider2": {
            "type": "Box",
            "collider2origin": [
                [
                    0.6897818431424211,
                    -0.7206485900981594,
                    -0.06976115294760815,
                    -0.1755928740651515
                ],
                [
                    -0.7169900523385959,
                    -0.6933005189207917,
                    0.07252348110549227,
                    1.224831435488126
                ],
                [
                    -0.10062938794677294,
                    -7.327764944633024e-06,
                    -0.9949239801249948,
                    -0.3083961008190783
                ],
                [
                    0.0,
                    0.0,
                    0.0,
                    1.0
                ]
            ],
            "size": [
                0.1202,
                0.13634,
                0.67816
            ]
        },
        "distance": 0.0
    },
    {
        "case": 3,
        "collider1": {
            "type": "Box",
            "collider2origin": [
                [
                    0.9798474486812189,
                    -0.1997472836183421,
                    0.0,
                    -0.20628161272202655
                ],
                [
                    0.19974728361834207,
                    0.9798474486812188,
                    0.0,
                    1.335871448475788
                ],
                [
                    0.0,
                    0.0,
                    1.0,
                    -0.21500000000000008
                ],
                [
                    0.0,
                    0.0,
                    0.0,
                    1.0
                ]
            ],
            "size": [
                0.2,
                0.3,
                0.22
            ]
        },
        "collider2": {
            "type": "Box",
            "collider2origin": [
                [
                    0.6897818431424211,
                    -0.7206485900981594,
                    -0.06976115294760815,
                    -0.1755928740651515
                ],
                [
                    -0.7169900523385959,
                    -0.6933005189207917,
                    0.07252348110549227,
                    1.224831435488126
                ],
                [
                    -0.10062938794677294,
                    -7.327764944633024e-06,
                    -0.9949239801249948,
                    -0.3083961008190783
                ],
                [
                    0.0,
                    0.0,
                    0.0,
                    1.0
                ]
            ],
            "size": [
                0.1202,
                0.13634,
                0.67816
            ]
        },
        "distance": 0.0
    },
    {
        "case": 4,
        "collider1": {
            "type": "Box",
            "collider2origin": [
                [
                    0.9984065575563776,
                    -0.05643000822632935,
                    0.0,
                    -0.3111399560290343
                ],
                [
                    0.05643000822632935,
                    0.9984065575563776,
                    0.0,
                    1.3240986306775833
                ],
                [
                    0.0,
                    0.0,
                    1.0,
                    -0.21500000000000008
                ],
                [
                    0.0,
                    0.0,
                    0.0,
                    1.0
                ]
            ],
            "size": [
                0.2,
                0.3,
                0.22
            ]
        },
        "collider2": {
            "type": "Box",
            "collider2origin": [
                [
                    0.6897818431424211,
                    -0.7206485900981594,
                    -0.06976115294760815,
                    -0.1755928740651515
                ],
                [
                    -0.7169900523385959,
                    -0.6933005189207917,
                    0.07252348110549227,
                    1.224831435488126
                ],
                [
                    -0.10062938794677294,
                    -7.327764944633024e-06,
                    -0.9949239801249948,
                    -0.3083961008190783
                ],
                [
                    0.0,
                    0.0,
                    0.0,
                    1.0
                ]
            ],
            "size": [
                0.1202,
                0.13634,
                0.67816
            ]
        },
        "distance": 0.0
    },
    {
        "case": 5,
        "collider1": {
            "type": "Box",
            "collider2origin": [
                [
                    0.907778172512869,
                    0.4194505805326725,
                    0.0,
                    -0.7418785952877999
                ],
                [
                    -0.4194505805326725,
                    0.907778172512869,
                    0.0,
                    1.2791466490804724
                ],
                [
                    0.0,
                    0.0,
                    1.0,
                    0.27
                ],
                [
                    0.0,
                    0.0,
                    0.0,
                    1.0
                ]
            ],
            "size": [
                0.52,
                1.16,
                0.6
            ]
        },
        "collider2": {
            "type": "Box",
            "collider2origin": [
                [
                    0.6897818431424211,
                    -0.7206485900981594,
                    -0.06976115294760815,
                    -0.1755928740651515
                ],
                [
                    -0.7169900523385959,
                    -0.6933005189207917,
                    0.07252348110549227,
                    1.224831435488126
                ],
                [
                    -0.10062938794677294,
                    -7.327764944633024e-06,
                    -0.9949239801249948,
                    -0.3083961008190783
                ],
                [
                    0.0,
                    0.0,
                    0.0,
                    1.0
                ]
            ],
            "size": [
                0.1202,
                0.13634,
                0.67816
            ]
        },
        "distance": 0.2210483567144471
    },
    {
        "case": 6,
        "collider1": {
            "type": "Cylinder",
            "collider2origin": [
                [
                    0.907778172512869,
                    0.4194505805326725,
                    0.0,
                    -0.07232761537572224
                ],
                [
                    -0.4194505805326725,
                    0.907778172512869,
                    0.0,
                    1.2000044650142188
                ],
                [
                    0.0,
                    0.0,
                    1.0,
                    -0.5800000000000001
                ],
                [
                    0.0,
                    0.0,
                    0.0,
                    1.0
                ]
            ],
            "radius": 0.04,
            "height": 0.96
        },
        "collider2": {
            "type": "Box",
            "collider2origin": [
                [
                    0.6897818431424211,
                    -0.7206485900981594,
                    -0.06976115294760815,
                    -0.1755928740651515
                ],
                [
                    -0.7169900523385959,
                    -0.6933005189207917,
                    0.07252348110549227,
                    1.224831435488126
                ],
                [
                    -0.10062938794677294,
                    -7.327764944633024e-06,
                    -0.9949239801249948,
                    -0.3083961008190783
                ],
                [
                    0.0,
                    0.0,
                    0.0,
                    1.0
                ]
            ],
            "size": [
                0.1202,
                0.13634,
                0.67816
            ]
        },
        "distance": 0.0
    },
    {
        "case": 7,
        "collider1": {
            "type": "Box",
            "collider2origin": [
                [
                    0.907778172512869,
                    0.4194505805326725,
                    0.0,
                    -1.612083837096907
                ],
                [
                    -0.4194505805326725,
                    0.907778172512869,
                    0.0,
                    -0.24654756573714753
                ],
                [
                    0.0,
                    0.0,
                    1.0,
                    -0.040000000000000036
                ],
                [
                    0.0,
                    0.0,
                    0.0,
                    1.0
                ]
            ],
            "size": [
                2.0,
                2.0,
                2.0
            ]
        },
        "collider2": {
            "type": "Box",
            "collider2origin": [
                [
                    -0.082996467594974,
                    -0.7206508621636533,
                    -0.6883123718411137,
                    -0.032247608473877754
                ],
                [
                    0.08627555909785155,
                    -0.6932981572543864,
                    0.7154678141258524,
                    0.8936008649907103
                ],
                [
                    -0.9928081961129799,
                    -3.233464217174472e-06,
                    0.11971585408973677,
                    -0.0666912894374192
                ],
                [
                    0.0,
                    0.0,
                    0.0,
                    1.0
                ]
            ],
            "size": [
                0.15068,
                0.17726,
                0.74884
            ]
        },
        "distance": 0.545317850923516
    },
    {
        "case": 8,
        "collider1": {
            "type": "Box",
            "collider2origin": [
                [
                    0.9081427509232697,
                    -0.4186606548811531,
                    0.0,
                    -0.09474126814702305
                ],
                [
                    0.41866065488115317,
                    0.9081427509232698,
                    0.0,
                    1.368923948110301
                ],
                [
                    0.0,
                    0.0,
                    1.0,
                    -0.21500000000000008
                ],
                [
                    0.0,
                    0.0,
                    0.0,
                    1.0
                ]
            ],
            "size": [
                0.2,
                0.3,
                0.22
            ]
        },
        "collider2": {
            "type": "Box",
            "collider2origin": [
                [
                    -0.082996467594974,
                    -0.7206508621636533,
                    -0.6883123718411137,
                    -0.032247608473877754
                ],
                [
                    0.08627555909785155,
                    -0.6932981572543864,
                    0.7154678141258524,
                    0.8936008649907103
                ],
                [
                    -0.9928081961129799,
                    -3.233464217174472e-06,
                    0.11971585408973677,
                    -0.0666912894374192
                ],
                [
                    0.0,
                    0.0,
                    0.0,
                    1.0
                ]
            ],
            "size": [
                0.15068,
                0.17726,
                0.74884
            ]
        },
        "distance": 0.05221748874234117
    },
    {
        "case": 9,
        "collider1": {
            "type": "Box",
            "collider2origin": [
                [
                    0.9798474486812189,
                    -0.1997472836183421,
                    0.0,
                    -0.20628161272202655
                ],
                [
                    0.19974728361834207,
                    0.9798474486812188,
                    0.0,
                    1.335871448475788
                ],
                [
                    0.0,
                    0.0,
                    1.0,
                    -0.21500000000000008
                ],
                [
                    0.0,
                    0.0,
                    0.0,
                    1.0
                ]
            ],
            "size": [
                0.2,
                0.3,
                0.22
            ]
        },
        "collider2": {
            "type": "Box",
            "collider2origin": [
                [
                    -0.082996467594974,
                    -0.7206508621636533,
                    -0.6883123718411137,
                    -0.032247608473877754
                ],
                [
                    0.08627555909785155,
                    -0.6932981572543864,
                    0.7154678141258524,
                    0.8936008649907103
                ],
                [
                    -0.9928081961129799,
                    -3.233464217174472e-06,
                    0.11971585408973677,
                    -0.0666912894374192
                ],
                [
                    0.0,
                    0.0,
                    0.0,
                    1.0
                ]
            ],
            "size": [
                0.15068,
                0.17726,
                0.74884
            ]
        },
        "distance": 0.0010553606634880473
    },
    {
        "case": 10,
        "collider1": {
            "type": "Box",
            "collider2origin": [
                [
                    0.9984065575563776,
                    -0.05643000822632935,
                    0.0,
                    -0.3111399560290343
                ],
                [
                    0.05643000822632935,
                    0.9984065575563776,
                    0.0,
                    1.3240986306775833
                ],
                [
                    0.0,
                    0.0,
                    1.0,
                    -0.21500000000000008
                ],
                [
                    0.0,
                    0.0,
                    0.0,
                    1.0
                ]
            ],
            "size": [
                0.2,
                0.3,
                0.22
            ]
        },
        "collider2": {
            "type": "Box",
            "collider2origin": [
                [
                    -0.082996467594974,
                    -0.7206508621636533,
                    -0.6883123718411137,
                    -0.032247608473877754
                ],
                [
                    0.08627555909785155,
                    -0.6932981572543864,
                    0.7154678141258524,
                    0.8936008649907103
                ],
                [
                    -0.9928081961129799,
                    -3.233464217174472e-06,
                    0.11971585408973677,
                    -0.0666912894374192
                ],
                [
                    0.0,
                    0.0,
                    0.0,
                    1.0
                ]
            ],
            "size": [
                0.15068,
                0.17726,
                0.74884
            ]
        },
        "distance": 0.0015589119448956227
    },
    {
        "case": 11,
        "collider1": {
            "type": "Box",
            "collider2origin": [
                [
                    0.9997288002091077,
                    0.023287894547555033,
                    0.0,
                    -0.42010216954734814
                ],
                [
                    -0.02328789454755501,
                    0.9997288002091077,
                    0.0,
                    1.3190360102899432
                ],
                [
                    0.0,
                    0.0,
                    1.0,
                    -0.21500000000000008
                ],
                [
                    0.0,
                    0.0,
                    0.0,
                    1.0
                ]
            ],
            "size": [
                0.2,
                0.3,
                0.22
            ]
        },
        "collider2": {
            "type": "Box",
            "collider2origin": [
                [
                    -0.082996467594974,
                    -0.7206508621636533,
                    -0.6883123718411137,
                    -0.032247608473877754
                ],
                [
                    0.08627555909785155,
                    -0.6932981572543864,
                    0.7154678141258524,
                    0.8936008649907103
                ],
                [
                    -0.9928081961129799,
                    -3.233464217174472e-06,
                    0.11971585408973677,
                    -0.0666912894374192
                ],
                [
                    0.0,
                    0.0,
                    0.0,
                    1.0
                ]
            ],
            "size": [
                0.15068,
                0.17726,
                0.74884
            ]
        },
        "distance": 0.019932762310903664
    },
    {
        "case": 12,
        "collider1": {
            "type": "Box",
            "collider2origin": [
                [
                    0.907778172512869,
                    0.4194505805326725,
                    0.0,
                    -0.7418785952877999
                ],
                [
                    -0.4194505805326725,
                    0.907778172512869,
                    0.0,
                    1.2791466490804724
                ],
                [
                    0.0,
                    0.0,
                    1.0,
                    0.27
                ],
                [
                    0.0,
                    0.0,
                    0.0,
                    1.0
                ]
            ],
            "size": [
                0.52,
                1.16,
                0.6
            ]
        },
        "collider2": {
            "type": "Box",
            "collider2origin": [
                [
                    -0.082996467594974,
                    -0.7206508621636533,
                    -0.6883123718411137,
                    -0.032247608473877754
                ],
                [
                    0.08627555909785155,
                    -0.6932981572543864,
                    0.7154678141258524,
                    0.8936008649907103
                ],
                [
                    -0.9928081961129799,
                    -3.233464217174472e-06,
                    0.11971585408973677,
                    -0.0666912894374192
                ],
                [
                    0.0,
                    0.0,
                    0.0,
                    1.0
                ]
            ],
            "size": [
                0.15068,
                0.17726,
                0.74884
            ]
        },
        "distance": 0.165428374154311
    },
    {
        "case": 13,
        "collider1": {
            "type": "Cylinder",
            "collider2origin": [
                [
                    0.907778172512869,
                    0.4194505805326725,
                    0.0,
                    -0.07232761537572224
                ],
                [
                    -0.4194505805326725,
                    0.907778172512869,
                    0.0,
                    1.2000044650142188
                ],
                [
                    0.0,
                    0.0,
                    1.0,
                    -0.5800000000000001
                ],
                [
                    0.0,
                    0.0,
                    0.0,
                    1.0
                ]
            ],
            "radius": 0.04,
            "height": 0.96
        },
        "collider2": {
            "type": "Box",
            "collider2origin": [
                [
                    -0.082996467594974,
                    -0.7206508621636533,
                    -0.6883123718411137,
                    -0.032247608473877754
                ],
                [
                    0.08627555909785155,
                    -0.6932981572543864,
                    0.7154678141258524,
                    0.8936008649907103
                ],
                [
                    -0.9928081961129799,
                    -3.233464217174472e-06,
                    0.11971585408973677,
                    -0.0666912894374192
                ],
                [
                    0.0,
                    0.0,
                    0.0,
                    1.0
                ]
            ],
            "size": [
                0.15068,
                0.17726,
                0.74884
            ]
        },
        "distance": 0.054915211298995424
    },
    {
        "case": 14,
        "collider1": {
            "type": "Box",
            "collider2origin": [
                [
                    0.907778172512869,
                    0.4194505805326725,
                    0.0,
                    -1.612083837096907
                ],
                [
                    -0.4194505805326725,
                    0.907778172512869,
                    0.0,
                    -0.24654756573714753
                ],
                [
                    0.0,
                    0.0,
                    1.0,
                    -0.040000000000000036
                ],
                [
                    0.0,
                    0.0,
                    0.0,
                    1.0
                ]
            ],
            "size": [
                2.0,
                2.0,
                2.0
            ]
        },
        "collider2": {
            "type": "Box",
            "collider2origin": [
                [
                    -0.082996467594974,
                    -0.7206508621636533,
                    -0.6883123718411137,
                    -0.032247608473877754
                ],
                [
                    0.08627555909785155,
                    -0.6932981572543864,
                    0.7154678141258524,
                    0.8936008649907103
                ],
                [
                    -0.9928081961129799,
                    -3.233464217174472e-06,
                    0.11971585408973677,
                    -0.0666912894374192
                ],
                [
                    0.0,
                    0.0,
                    0.0,
                    1.0
                ]
            ],
            "size": [
                0.15068,
                0.17726,
                0.74884
            ]
        },
        "distance": 0.545317850923516
    },
    {
        "case": 15,
        "collider1": {
            "type": "Box",
            "collider2origin": [
                [
                    0.9081427509232697,
                    -0.4186606548811531,
                    0.0,
                    -0.09474126814702305
                ],
                [
                    0.41866065488115317,
                    0.9081427509232698,
                    0.0,
                    1.368923948110301
                ],
                [
                    0.0,
                    0.0,
                    1.0,
                    -0.21500000000000008
                ],
                [
                    0.0,
                    0.0,
                    0.0,
                    1.0
                ]
            ],
            "size": [
                0.2,
                0.3,
                0.22
            ]
        },
        "collider2": {
            "type": "Box",
            "collider2origin": [
                [
                    -0.082996467594974,
                    -0.7206508621636533,
                    -0.6883123718411137,
                    -0.032247608473877754
                ],
                [
                    0.08627555909785155,
                    -0.6932981572543864,
                    0.7154678141258524,
                    0.8936008649907103
                ],
                [
                    -0.9928081961129799,
                    -3.233464217174472e-06,
                    0.11971585408973677,
                    -0.0666912894374192
                ],
                [
                    0.0,
                    0.0,
                    0.0,
                    1.0
                ]
            ],
            "size": [
                0.15068,
                0.17726,
                0.74884
            ]
        },
        "distance": 0.05221748874234117
    },
    {
        "case": 16,
        "collider1": {
            "type": "Box",
            "collider2origin": [
                [
                    0.9798474486812189,
                    -0.1997472836183421,
                    0.0,
                    -0.20628161272202655
                ],
                [
                    0.19974728361834207,
                    0.9798474486812188,
                    0.0,
                    1.335871448475788
                ],
                [
                    0.0,
                    0.0,
                    1.0,
                    -0.21500000000000008
                ],
                [
                    0.0,
                    0.0,
                    0.0,
                    1.0
                ]
            ],
            "size": [
                0.2,
                0.3,
                0.22
            ]
        },
        "collider2": {
            "type": "Box",
            "collider2origin": [
                [
                    -0.082996467594974,
                    -0.7206508621636533,
                    -0.6883123718411137,
                    -0.032247608473877754
                ],
                [
                    0.08627555909785155,
                    -0.6932981572543864,
                    0.7154678141258524,
                    0.8936008649907103
                ],
                [
                    -0.9928081961129799,
                    -3.233464217174472e-06,
                    0.11971585408973677,
                    -0.0666912894374192
                ],
                [
                    0.0,
                    0.0,
                    0.0,
                    1.0
                ]
            ],
            "size": [
                0.15068,
                0.17726,
                0.74884
            ]
        },
        "distance": 0.0010553606634880473
    },
    {
        "case": 17,
        "collider1": {
            "type": "Box",
            "collider2origin": [
                [
                    0.9984065575563776,
                    -0.05643000822632935,
                    0.0,
                    -0.3111399560290343
                ],
                [
                    0.05643000822632935,
                    0.9984065575563776,
                    0.0,
                    1.3240986306775833
                ],
                [
                    0.0,
                    0.0,
                    1.0,
                    -0.21500000000000008
                ],
                [
                    0.0,
                    0.0,
                    0.0,
                    1.0
                ]
            ],
            "size": [
                0.2,
                0.3,
                0.22
            ]
        },
        "collider2": {
            "type": "Box",
            "collider2origin": [
                [
                    -0.082996467594974,
                    -0.7206508621636533,
                    -0.6883123718411137,
                    -0.032247608473877754
                ],
                [
                    0.08627555909785155,
                    -0.6932981572543864,
                    0.7154678141258524,
                    0.8936008649907103
                ],
                [
                    -0.9928081961129799,
                    -3.233464217174472e-06,
                    0.11971585408973677,
                    -0.0666912894374192
                ],
                [
                    0.0,
                    0.0,
                    0.0,
                    1.0
                ]
            ],
            "size": [
                0.15068,
                0.17726,
                0.74884
            ]
        },
        "distance": 0.0015589119448956227
    },
    {
        "case": 18,
        "collider1": {
            "type": "Box",
            "collider2origin": [
                [
                    0.9997288002091077,
                    0.023287894547555033,
                    0.0,
                    -0.42010216954734814
                ],
                [
                    -0.02328789454755501,
                    0.9997288002091077,
                    0.0,
                    1.3190360102899432
                ],
                [
                    0.0,
                    0.0,
                    1.0,
                    -0.21500000000000008
                ],
                [
                    0.0,
                    0.0,
                    0.0,
                    1.0
                ]
            ],
            "size": [
                0.2,
                0.3,
                0.22
            ]
        },
        "collider2": {
            "type": "Box",
            "collider2origin": [
                [
                    -0.082996467594974,
                    -0.7206508621636533,
                    -0.6883123718411137,
                    -0.032247608473877754
                ],
                [
                    0.08627555909785155,
                    -0.6932981572543864,
                    0.7154678141258524,
                    0.8936008649907103
                ],
                [
                    -0.9928081961129799,
                    -3.233464217174472e-06,
                    0.11971585408973677,
                    -0.0666912894374192
                ],
                [
                    0.0,
                    0.0,
                    0.0,
                    1.0
                ]
            ],
            "size": [
                0.15068,
                0.17726,
                0.74884
            ]
        },
        "distance": 0.019932762310903664
    },
    {
        "case": 19,
        "collider1": {
            "type": "Box",
            "collider2origin": [
                [
                    0.907778172512869,
                    0.4194505805326725,
                    0.0,
                    -0.7418785952877999
                ],
                [
                    -0.4194505805326725,
                    0.907778172512869,
                    0.0,
                    1.2791466490804724
                ],
                [
                    0.0,
                    0.0,
                    1.0,
                    0.27
                ],
                [
                    0.0,
                    0.0,
                    0.0,
                    1.0
                ]
            ],
            "size": [
                0.52,
                1.16,
                0.6
            ]
        },
        "collider2": {
            "type": "Box",
            "collider2origin": [
                [
                    -0.082996467594974,
                    -0.7206508621636533,
                    -0.6883123718411137,
                    -0.032247608473877754
                ],
                [
                    0.08627555909785155,
                    -0.6932981572543864,
                    0.7154678141258524,
                    0.8936008649907103
                ],
                [
                    -0.9928081961129799,
                    -3.233464217174472e-06,
                    0.11971585408973677,
                    -0.0666912894374192
                ],
                [
                    0.0,
                    0.0,
                    0.0,
                    1.0
                ]
            ],
            "size": [
                0.15068,
                0.17726,
                0.74884
            ]
        },
        "distance": 0.165428374154311
    },
    {
        "case": 20,
        "collider1": {
            "type": "Cylinder",
            "collider2origin": [
                [
                    0.907778172512869,
                    0.4194505805326725,
                    0.0,
                    -0.07232761537572224
                ],
                [
                    -0.4194505805326725,
                    0.907778172512869,
                    0.0,
                    1.2000044650142188
                ],
                [
                    0.0,
                    0.0,
                    1.0,
                    -0.5800000000000001
                ],
                [
                    0.0,
                    0.0,
                    0.0,
                    1.0
                ]
            ],
            "radius": 0.04,
            "height": 0.96
        },
        "collider2": {
            "type": "Box",
            "collider2origin": [
                [
                    -0.082996467594974,
                    -0.7206508621636533,
                    -0.6883123718411137,
                    -0.032247608473877754
                ],
                [
                    0.08627555909785155,
                    -0.6932981572543864,
                    0.7154678141258524,
                    0.8936008649907103
                ],
                [
                    -0.9928081961129799,
                    -3.233464217174472e-06,
                    0.11971585408973677,
                    -0.0666912894374192
                ],
                [
                    0.0,
                    0.0,
                    0.0,
                    1.0
                ]
            ],
            "size": [
                0.15068,
                0.17726,
                0.74884
            ]
        },
        "distance": 0.054915211298995424
    }
]