[
    {
        "case": 0,
        "collider1": {
            "type": "Box",
            "collider2origin": [
                [
                    0.9077781725128689,
                    0.4194505805326724,
                    0.0,
                    0.4158817547107895
                ],
                [
                    -0.4194505805326724,
                    0.9077781725128689,
                    0.0,
                    0.733173894971941
                ],
                [
                    0.0,
                    0.0,
                    1.0,
                    -0.6599999999999999
                ],
                [
                    0.0,
                    0.0,
                    0.0,
                    1.0
                ]
            ],
            "size": [
                0.6,
                1.0,
                0.8
            ]
        },
        "collider2": {
            "type": "Box",
            "collider2origin": [
                [
                    -0.23349497609389547,
                    -0.3305177367062924,
                    0.9144605633166806,
                    0.5166443115053541
                ],
                [
                    -0.0817744103610481,
                    0.9437997805157382,
                    0.320241971185145,
                    1.0608027198537682
                ],
                [
                    -0.9689133304630574,
                    -4.581957516042814e-06,
                    -0.24740040022197127,
                    -0.1768175155361269
                ],
                [
                    0.0,
                    0.0,
                    0.0,
                    1.0
                ]
            ],
            "size": [
                0.15068,
                0.17726,
                0.74884
            ]
        },
        "distance": 0.0
    },
    {
        "case": 1,
        "collider1": {
            "type": "Box",
            "collider2origin": [
                [
                    0.9077781725128689,
                    0.4194505805326724,
                    0.0,
                    0.27063700059322826
                ],
                [
                    -0.4194505805326724,
                    0.9077781725128689,
                    0.0,
                    0.8002854543438492
                ],
                [
                    0.0,
                    0.0,
                    1.0,
                    -0.25
                ],
                [
                    0.0,
                    0.0,
                    0.0,
                    1.0
                ]
            ],
            "size": [
                0.2,
                0.2,
                0.02
            ]
        },
        "collider2": {
            "type": "Box",
            "collider2origin": [
                [
                    -0.23349497609389547,
                    -0.3305177367062924,
                    0.9144605633166806,
                    0.5166443115053541
                ],
                [
                    -0.0817744103610481,
                    0.9437997805157382,
                    0.320241971185145,
                    1.0608027198537682
                ],
                [
                    -0.9689133304630574,
                    -4.581957516042814e-06,
                    -0.24740040022197127,
                    -0.1768175155361269
                ],
                [
                    0.0,
                    0.0,
                    0.0,
                    1.0
                ]
            ],
            "size": [
                0.15068,
                0.17726,
                0.74884
            ]
        },
        "distance": 0.04695301148983684
    },
    {
        "case": 2,
        "collider1": {
            "type": "Box",
            "collider2origin": [
                [
                    0.907778172512869,
                    0.4194505805326725,
                    0.0,
                    0.9947946797881562
                ],
                [
                    -0.4194505805326725,
                    0.907778172512869,
                    0.0,
                    0.5317739604993647
                ],
                [
                    0.0,
                    0.0,
                    1.0,
                    -0.69
                ],
                [
                    0.0,
                    0.0,
                    0.0,
                    1.0
                ]
            ],
            "size": [
                0.6,
                1.2,
                0.75
            ]
        },
        "collider2": {
            "type": "Box",
            "collider2origin": [
                [
                    -0.23349497609389547,
                    -0.3305177367062924,
                    0.9144605633166806,
                    0.5166443115053541
                ],
                [
                    -0.0817744103610481,
                    0.9437997805157382,
                    0.320241971185145,
                    1.0608027198537682
                ],
                [
                    -0.9689133304630574,
                    -4.581957516042814e-06,
                    -0.24740040022197127,
                    -0.1768175155361269
                ],
                [
                    0.0,
                    0.0,
                    0.0,
                    1.0
                ]
            ],
            "size": [
                0.15068,
                0.17726,
                0.74884
            ]
        },
        "distance": 0.04141680806060194
    },
    {
        "case": 3,
        "collider1": {
            "type": "Box",
            "collider2origin": [
                [
                    0.8404842512412337,
                    -0.5418359746412772,
                    0.0,
                    0.011439976095501792
                ],
                [
                    0.5418359746412771,
                    0.8404842512412338,
                    0.0,
                    1.4325762997644957
                ],
                [
                    0.0,
                    0.0,
                    1.0,
                    -0.21500000000000008
                ],
                [
                    0.0,
                    0.0,
                    0.0,
                    1.0
                ]
            ],
            "size": [
                0.2,
                0.3,
                0.22
            ]
        },
        "collider2": {
            "type": "Box",
            "collider2origin": [
                [
                    -0.23349497609389547,
                    -0.3305177367062924,
                    0.9144605633166806,
                    0.5166443115053541
                ],
                [
                    -0.0817744103610481,
                    0.9437997805157382,
                    0.320241971185145,
                    1.0608027198537682
                ],
                [
                    -0.9689133304630574,
                    -4.581957516042814e-06,
                    -0.24740040022197127,
                    -0.1768175155361269
                ],
                [
                    0.0,
                    0.0,
                    0.0,
                    1.0
                ]
            ],
            "size": [
                0.15068,
                0.17726,
                0.74884
            ]
        },
        "distance": 0.2623258726783834
    },
    {
        "case": 4,
        "collider1": {
            "type": "Box",
            "collider2origin": [
                [
                    0.9077781725128689,
                    0.4194505805326724,
                    0.0,
                    0.4158817547107895
                ],
                [
                    -0.4194505805326724,
                    0.9077781725128689,
                    0.0,
                    0.733173894971941
                ],
                [
                    0.0,
                    0.0,
                    1.0,
                    -0.6599999999999999
                ],
                [
                    0.0,
                    0.0,
                    0.0,
                    1.0
                ]
            ],
            "size": [
                0.6,
                1.0,
                0.8
            ]
        },
        "collider2": {
            "type": "Box",
            "collider2origin": [
                [
                    -0.23349497609389547,
                    -0.3305177367062924,
                    0.9144605633166806,
                    0.5166443115053541
                ],
                [
                    -0.0817744103610481,
                    0.9437997805157382,
                    0.320241971185145,
                    1.0608027198537682
                ],
                [
                    -0.9689133304630574,
                    -4.581957516042814e-06,
                    -0.24740040022197127,
                    -0.1768175155361269
                ],
                [
                    0.0,
                    0.0,
                    0.0,
                    1.0
                ]
            ],
            "size": [
                0.15068,
                0.17726,
                0.74884
            ]
        },
        "distance": 0.0
    },
    {
        "case": 5,
        "collider1": {
            "type": "Box",
            "collider2origin": [
                [
                    0.9077781725128689,
                    0.4194505805326724,
                    0.0,
                    0.27063700059322826
                ],
                [
                    -0.4194505805326724,
                    0.9077781725128689,
                    0.0,
                    0.8002854543438492
                ],
                [
                    0.0,
                    0.0,
                    1.0,
                    -0.25
                ],
                [
                    0.0,
                    0.0,
                    0.0,
                    1.0
                ]
            ],
            "size": [
                0.2,
                0.2,
                0.02
            ]
        },
        "collider2": {
            "type": "Box",
            "collider2origin": [
                [
                    -0.23349497609389547,
                    -0.3305177367062924,
                    0.9144605633166806,
                    0.5166443115053541
                ],
                [
                    -0.0817744103610481,
                    0.9437997805157382,
                    0.320241971185145,
                    1.0608027198537682
                ],
                [
                    -0.9689133304630574,
                    -4.581957516042814e-06,
                    -0.24740040022197127,
                    -0.1768175155361269
                ],
                [
                    0.0,
                    0.0,
                    0.0,
                    1.0
                ]
            ],
            "size": [
                0.15068,
                0.17726,
                0.74884
            ]
        },
        "distance": 0.04695301148983684
    },
    {
        "case": 6,
        "collider1": {
            "type": "Box",
            "collider2origin": [
                [
                    0.907778172512869,
                    0.4194505805326725,
                    0.0,
                    0.9947946797881562
                ],
                [
                    -0.4194505805326725,
                    0.907778172512869,
                    0.0,
                    0.5317739604993647
                ],
                [
                    0.0,
                    0.0,
                    1.0,
                    -0.69
                ],
                [
                    0.0,
                    0.0,
                    0.0,
                    1.0
                ]
            ],
            "size": [
                0.6,
                1.2,
                0.75
            ]
        },
        "collider2": {
            "type": "Box",
            "collider2origin": [
                [
                    -0.23349497609389547,
                    -0.3305177367062924,
                    0.9144605633166806,
                    0.5166443115053541
                ],
                [
                    -0.0817744103610481,
                    0.9437997805157382,
                    0.320241971185145,
                    1.0608027198537682
                ],
                [
                    -0.9689133304630574,
                    -4.581957516042814e-06,
                    -0.24740040022197127,
                    -0.1768175155361269
                ],
                [
                    0.0,
                    0.0,
                    0.0,
                    1.0
                ]
            ],
            "size": [
                0.15068,
                0.17726,
                0.74884
            ]
        },
        "distance": 0.04141680806060194
    },
    {
        "case": 7,
        "collider1": {
            "type": "Box",
            "collider2origin": [
                [
                    0.8404842512412337,
                    -0.5418359746412772,
                    0.0,
                    0.011439976095501792
                ],
                [
                    0.5418359746412771,
                    0.8404842512412338,
                    0.0,
                    1.4325762997644957
                ],
                [
                    0.0,
                    0.0,
                    1.0,
                    -0.21500000000000008
                ],
                [
                    0.0,
                    0.0,
                    0.0,
                    1.0
                ]
            ],
            "size": [
                0.2,
                0.3,
                0.22
            ]
        },
        "collider2": {
            "type": "Box",
            "collider2origin": [
                [
                    -0.23349497609389547,
                    -0.3305177367062924,
                    0.9144605633166806,
                    0.5166443115053541
                ],
                [
                    -0.0817744103610481,
                    0.9437997805157382,
                    0.320241971185145,
                    1.0608027198537682
                ],
                [
                    -0.9689133304630574,
                    -4.581957516042814e-06,
                    -0.24740040022197127,
                    -0.1768175155361269
                ],
                [
                    0.0,
                    0.0,
                    0.0,
                    1.0
                ]
            ],
            "size": [
                0.15068,
                0.17726,
                0.74884
            ]
        },
        "distance": 0.2623258726783834
    },
    {
        "case": 8,
        "collider1": {
            "type": "Box",
            "collider2origin": [
                [
                    0.9077781725128689,
                    0.4194505805326724,
                    0.0,
                    0.4158817547107895
                ],
                [
                    -0.4194505805326724,
                    0.9077781725128689,
                    0.0,
                    0.733173894971941
                ],
                [
                    0.0,
                    0.0,
                    1.0,
                    -0.6599999999999999
                ],
                [
                    0.0,
                    0.0,
                    0.0,
                    1.0
                ]
            ],
            "size": [
                0.6,
                1.0,
                0.8
            ]
        },
        "collider2": {
            "type": "Box",
            "collider2origin": [
                [
                    -0.5560302179664826,
                    -0.33051829445074005,
                    0.7626192062500915,
                    1.0575862884938583
                ],
                [
                    -0.19472659117037716,
                    0.943799585187078,
                    0.2670653434870655,
                    1.1163779710013177
                ],
                [
                    -0.8080296723507809,
                    -5.837243732516796e-06,
                    -0.5891417898660863,
                    -0.4192451368639696
                ],
                [
                    0.0,
                    0.0,
                    0.0,
                    1.0
                ]
            ],
            "size": [
                0.1202,
                0.13634,
                0.67816
            ]
        },
        "distance": 0.0
    },
    {
        "case": 9,
        "collider1": {
            "type": "Box",
            "collider2origin": [
                [
                    0.907778172512869,
                    0.4194505805326725,
                    0.0,
                    0.9947946797881562
                ],
                [
                    -0.4194505805326725,
                    0.907778172512869,
                    0.0,
                    0.5317739604993647
                ],
                [
                    0.0,
                    0.0,
                    1.0,
                    -0.69
                ],
                [
                    0.0,
                    0.0,
                    0.0,
                    1.0
                ]
            ],
            "size": [
                0.6,
                1.2,
                0.75
            ]
        },
        "collider2": {
            "type": "Box",
            "collider2origin": [
                [
                    -0.5560302179664826,
                    -0.33051829445074005,
                    0.7626192062500915,
                    1.0575862884938583
                ],
                [
                    -0.19472659117037716,
                    0.943799585187078,
                    0.2670653434870655,
                    1.1163779710013177
                ],
                [
                    -0.8080296723507809,
                    -5.837243732516796e-06,
                    -0.5891417898660863,
                    -0.4192451368639696
                ],
                [
                    0.0,
                    0.0,
                    0.0,
                    1.0
                ]
            ],
            "size": [
                0.1202,
                0.13634,
                0.67816
            ]
        },
        "distance": 0.0
    }
]