[
    {
        "case": 0,
        "collider1": {
            "type": "Box",
            "collider2origin": [
                [
                    1.0,
                    0.0,
                    0.0,
                    0.35
                ],
                [
                    0.0,
                    1.0,
                    0.0,
                    -0.34649
                ],
                [
                    0.0,
                    0.0,
                    1.0,
                    -0.54511
                ],
                [
                    0.0,
                    0.0,
                    0.0,
                    1.0
                ]
            ],
            "size": [
                0.7,
                0.7,
                1.1
            ]
        },
        "collider2": {
            "type": "Box",
            "collider2origin": [
                [
                    -0.8398899826126401,
                    0.16647514885705778,
                    -0.5165954335066845,
                    0.7482128001187389
                ],
                [
                    0.4727345861594677,
                    -0.24324573708158573,
                    -0.8469672499219039,
                    -0.14189743823705403
                ],
                [
                    -0.26665863600411666,
                    -0.955571837281037,
                    0.12560109728727487,
                    -0.24534675578271425
                ],
                [
                    0.0,
                    0.0,
                    0.0,
                    1.0
                ]
            ],
            "size": [
                0.08993,
                0.0305,
                0.09007
            ]
        },
        "distance": 0.0
    },
    {
        "case": 1,
        "collider1": {
            "type": "Box",
            "collider2origin": [
                [
                    1.0,
                    0.0,
                    0.0,
                    0.35
                ],
                [
                    0.0,
                    1.0,
                    0.0,
                    -0.34649
                ],
                [
                    0.0,
                    0.0,
                    1.0,
                    -0.54511
                ],
                [
                    0.0,
                    0.0,
                    0.0,
                    1.0
                ]
            ],
            "size": [
                0.7,
                0.7,
                1.1
            ]
        },
        "collider2": {
            "type": "Box",
            "collider2origin": [
                [
                    -0.8238402609607618,
                    0.16647903664434233,
                    0.5418228075469652,
                    0.734197600351947
                ],
                [
                    -0.5668215321556912,
                    -0.24324551722020277,
                    -0.787111789415551,
                    -0.11998752993257189
                ],
                [
                    0.000758356630158489,
                    -0.9555712159280688,
                    0.29475935300677686,
                    -0.17521354494081476
                ],
                [
                    0.0,
                    0.0,
                    0.0,
                    1.0
                ]
            ],
            "size": [
                0.09126,
                0.11887,
                0.10009
            ]
        },
        "distance": 0.0
    },
    {
        "case": 2,
        "collider1": {
            "type": "Box",
            "collider2origin": [
                [
                    1.0,
                    0.0,
                    0.0,
                    0.35
                ],
                [
                    0.0,
                    1.0,
                    0.0,
                    -0.34649
                ],
                [
                    0.0,
                    0.0,
                    1.0,
                    -0.54511
                ],
                [
                    0.0,
                    0.0,
                    0.0,
                    1.0
                ]
            ],
            "size": [
                0.7,
                0.7,
                1.1
            ]
        },
        "collider2": {
            "type": "Box",
            "collider2origin": [
                [
                    -0.1671350298643202,
                    -0.8237074280435847,
                    0.5418228075469652,
                    0.6779430063625171
                ],
                [
                    0.24279406496851855,
                    -0.5670150553372565,
                    -0.787111789415551,
                    -0.031154719185335744
                ],
                [
                    0.9555715168464974,
                    -2.590493543640422e-06,
                    0.29475935300677686,
                    -0.20557258396624434
                ],
                [
                    0.0,
                    0.0,
                    0.0,
                    1.0
                ]
            ],
            "size": [
                0.09102,
                0.10007,
                0.11882
            ]
        },
        "distance": 0.0
    },
    {
        "case": 3,
        "collider1": {
            "type": "Box",
            "collider2origin": [
                [
                    1.0,
                    0.0,
                    0.0,
                    0.35
                ],
                [
                    0.0,
                    1.0,
                    0.0,
                    -0.34649
                ],
                [
                    0.0,
                    0.0,
                    1.0,
                    -0.54511
                ],
                [
                    0.0,
                    0.0,
                    0.0,
                    1.0
                ]
            ],
            "size": [
                0.7,
                0.7,
                1.1
            ]
        },
        "collider2": {
            "type": "Sphere",
            "collider2origin": [
                [
                    1.0,
                    0.0,
                    0.0,
                    0.6864863863046722
                ],
                [
                    0.0,
                    1.0,
                    0.0,
                    -0.18425122804090444
                ],
                [
                    0.0,
                    0.0,
                    1.0,
                    -0.4519621646492903
                ],
                [
                    0.0,
                    0.0,
                    0.0,
                    1.0
                ]
            ],
            "radius": 0.00663
        },
        "distance": 0.0
    },
    {
        "case": 4,
        "collider1": {
            "type": "Box",
            "collider2origin": [
                [
                    0.9077781725128689,
                    0.4194505805326724,
                    0.0,
                    0.4158817547107895
                ],
                [
                    -0.4194505805326724,
                    0.9077781725128689,
                    0.0,
                    0.733173894971941
                ],
                [
                    0.0,
                    0.0,
                    1.0,
                    -0.6599999999999999
                ],
                [
                    0.0,
                    0.0,
                    0.0,
                    1.0
                ]
            ],
            "size": [
                0.6,
                1.0,
                0.8
            ]
        },
        "collider2": {
            "type": "Box",
            "collider2origin": [
                [
                    0.42538796454827754,
                    -0.8237080411846439,
                    0.37490017672072384,
                    0.6590975701572903
                ],
                [
                    -0.6179735173756341,
                    -0.5670141645906432,
                    -0.5446133206009213,
                    0.19332434703568924
                ],
                [
                    0.6611760820234354,
                    -6.428956548126893e-06,
                    -0.7502307568467239,
                    0.012808382903743754
                ],
                [
                    0.0,
                    0.0,
                    0.0,
                    1.0
                ]
            ],
            "size": [
                0.1202,
                0.13634,
                0.67816
            ]
        },
        "distance": 0.19951968736976572
    },
    {
        "case": 5,
        "collider1": {
            "type": "Box",
            "collider2origin": [
                [
                    1.0,
                    0.0,
                    0.0,
                    0.35
                ],
                [
                    0.0,
                    1.0,
                    0.0,
                    -0.34649
                ],
                [
                    0.0,
                    0.0,
                    1.0,
                    -0.54511
                ],
                [
                    0.0,
                    0.0,
                    0.0,
                    1.0
                ]
            ],
            "size": [
                0.7,
                0.7,
                1.1
            ]
        },
        "collider2": {
            "type": "Box",
            "collider2origin": [
                [
                    0.42538796454827754,
                    -0.8237080411846439,
                    0.37490017672072384,
                    0.6590975701572903
                ],
                [
                    -0.6179735173756341,
                    -0.5670141645906432,
                    -0.5446133206009213,
                    0.19332434703568924
                ],
                [
                    0.6611760820234354,
                    -6.428956548126893e-06,
                    -0.7502307568467239,
                    0.012808382903743754
                ],
                [
                    0.0,
                    0.0,
                    0.0,
                    1.0
                ]
            ],
            "size": [
                0.1202,
                0.13634,
                0.67816
            ]
        },
        "distance": 0.005766488416897876
    },
    {
        "case": 6,
        "collider1": {
            "type": "Box",
            "collider2origin": [
                [
                    1.0,
                    0.0,
                    0.0,
                    0.35
                ],
                [
                    0.0,
                    1.0,
                    0.0,
                    -0.34649
                ],
                [
                    0.0,
                    0.0,
                    1.0,
                    -0.54511
                ],
                [
                    0.0,
                    0.0,
                    0.0,
                    1.0
                ]
            ],
            "size": [
                0.7,
                0.7,
                1.1
            ]
        },
        "collider2": {
            "type": "Cylinder",
            "collider2origin": [
                [
                    -0.4664479903424669,
                    0.758154032238102,
                    0.4556629628426919,
                    0.6942242973170578
                ],
                [
                    -0.8189455384445503,
                    -0.564830453106721,
                    0.1014631179543671,
                    -0.18243069989831473
                ],
                [
                    0.3342969897669422,
                    -0.3258358829907525,
                    0.8843508918909945,
                    -0.43328123826844833
                ],
                [
                    0.0,
                    0.0,
                    0.0,
                    1.0
                ]
            ],
            "radius": 0.00796,
            "height": 0.03037
        },
        "distance": 0.0
    },
    {
        "case": 7,
        "collider1": {
            "type": "Box",
            "collider2origin": [
                [
                    0.907778172512869,
                    0.4194505805326725,
                    0.0,
                    0.9947946797881562
                ],
                [
                    -0.4194505805326725,
                    0.907778172512869,
                    0.0,
                    0.5317739604993647
                ],
                [
                    0.0,
                    0.0,
                    1.0,
                    -0.69
                ],
                [
                    0.0,
                    0.0,
                    0.0,
                    1.0
                ]
            ],
            "size": [
                0.6,
                1.2,
                0.75
            ]
        },
        "collider2": {
            "type": "Box",
            "collider2origin": [
                [
                    -0.33912298223326554,
                    -0.029627165069388978,
                    0.9402754032788301,
                    0.7571783612013485
                ],
                [
                    -0.9377181633490788,
                    -0.0694293241067266,
                    -0.34038832982244427,
                    -0.1598195315924108
                ],
                [
                    0.07536742695917217,
                    -0.9971468297317271,
                    -0.004236851368594335,
                    -0.32669898877145853
                ],
                [
                    0.0,
                    0.0,
                    0.0,
                    1.0
                ]
            ],
            "size": [
                0.06241,
                0.05638,
                0.02858
            ]
        },
        "distance": 0.09392336028261297
    },
    {
        "case": 8,
        "collider1": {
            "type": "Box",
            "collider2origin": [
                [
                    0.907778172512869,
                    0.4194505805326725,
                    0.0,
                    0.9947946797881562
                ],
                [
                    -0.4194505805326725,
                    0.907778172512869,
                    0.0,
                    0.5317739604993647
                ],
                [
                    0.0,
                    0.0,
                    1.0,
                    -0.69
                ],
                [
                    0.0,
                    0.0,
                    0.0,
                    1.0
                ]
            ],
            "size": [
                0.6,
                1.2,
                0.75
            ]
        },
        "collider2": {
            "type": "Box",
            "collider2origin": [
                [
                    -0.5286198090381362,
                    -0.029632445222232805,
                    0.8483413320607663,
                    0.7528102910221618
                ],
                [
                    -0.8455756398803524,
                    -0.0694295891784244,
                    -0.5293216124318445,
                    -0.16366102425289575
                ],
                [
                    0.07458508385338693,
                    -0.997146654377713,
                    0.011645382343085901,
                    -0.3776554270010791
                ],
                [
                    0.0,
                    0.0,
                    0.0,
                    1.0
                ]
            ],
            "size": [
                0.07264,
                0.04753,
                0.03326
            ]
        },
        "distance": 0.09300244481639053
    }
]