[
    {
        "case": 0,
        "collider1": {
            "type": "Box",
            "collider2origin": [
                [
                    0.907778172512869,
                    0.4194505805326725,
                    0.0,
                    1.1611274528425521
                ],
                [
                    -0.4194505805326725,
                    0.907778172512869,
                    0.0,
                    2.3937174098575977
                ],
                [
                    0.0,
                    0.0,
                    1.0,
                    -0.040000000000000036
                ],
                [
                    0.0,
                    0.0,
                    0.0,
                    1.0
                ]
            ],
            "size": [
                0.62,
                1.2,
                2.0
            ]
        },
        "collider2": {
            "type": "Sphere",
            "collider2origin": [
                [
                    1.0,
                    0.0,
                    0.0,
                    0.987335882094527
                ],
                [
                    0.0,
                    1.0,
                    0.0,
                    1.8039295784564122
                ],
                [
                    0.0,
                    0.0,
                    1.0,
                    -0.44331477222353166
                ],
                [
                    0.0,
                    0.0,
                    0.0,
                    1.0
                ]
            ],
            "radius": 0.00484
        },
        "distance": 0.0034534950016404005
    },
    {
        "case": 1,
        "collider1": {
            "type": "Box",
            "collider2origin": [
                [
                    0.907778172512869,
                    0.4194505805326725,
                    0.0,
                    1.1611274528425521
                ],
                [
                    -0.4194505805326725,
                    0.907778172512869,
                    0.0,
                    2.3937174098575977
                ],
                [
                    0.0,
                    0.0,
                    1.0,
                    -0.040000000000000036
                ],
                [
                    0.0,
                    0.0,
                    0.0,
                    1.0
                ]
            ],
            "size": [
                0.62,
                1.2,
                2.0
            ]
        },
        "collider2": {
            "type": "Cylinder",
            "collider2origin": [
                [
                    0.2601659389084798,
                    -0.47300173998124284,
                    -0.8417737452585378,
                    0.9760595446236575
                ],
                [
                    -0.7833982795949384,
                    0.4062289436708808,
                    -0.47038832984219603,
                    1.795887788067299
                ],
                [
                    0.5644473578284865,
                    0.7818231253287131,
                    -0.26486181480478344,
                    -0.44761413503453396
                ],
                [
                    0.0,
                    0.0,
                    0.0,
                    1.0
                ]
            ],
            "radius": 0.0076,
            "height": 0.02993
        },
        "distance": 0.0038944005349318927
    },
    {
        "case": 2,
        "collider1": {
            "type": "Box",
            "collider2origin": [
                [
                    0.907778172512869,
                    0.4194505805326725,
                    0.0,
                    1.1611274528425521
                ],
                [
                    -0.4194505805326725,
                    0.907778172512869,
                    0.0,
                    2.3937174098575977
                ],
                [
                    0.0,
                    0.0,
                    1.0,
                    -0.040000000000000036
                ],
                [
                    0.0,
                    0.0,
                    0.0,
                    1.0
                ]
            ],
            "size": [
                0.62,
                1.2,
                2.0
            ]
        },
        "collider2": {
            "type": "Box",
            "collider2origin": [
                [
                    0.19069584299173928,
                    0.6667584807472887,
                    0.7204638948741543,
                    0.8832735790858972
                ],
                [
                    -0.5398764400638755,
                    -0.541734574766871,
                    0.6442492374586978,
                    1.795222965815282
                ],
                [
                    0.8198588445150944,
                    -0.5118171341931844,
                    0.25666066355530465,
                    -0.3977585885410344
                ],
                [
                    0.0,
                    0.0,
                    0.0,
                    1.0
                ]
            ],
            "size": [
                0.06241,
                0.05638,
                0.02858
            ]
        },
        "distance": 0.028394079636968193
    },
    {
        "case": 3,
        "collider1": {
            "type": "Box",
            "collider2origin": [
                [
                    0.907778172512869,
                    0.4194505805326725,
                    0.0,
                    1.1611274528425521
                ],
                [
                    -0.4194505805326725,
                    0.907778172512869,
                    0.0,
                    2.3937174098575977
                ],
                [
                    0.0,
                    0.0,
                    1.0,
                    -0.040000000000000036
                ],
                [
                    0.0,
                    0.0,
                    0.0,
                    1.0
                ]
            ],
            "size": [
                0.62,
                1.2,
                2.0
            ]
        },
        "collider2": {
            "type": "Sphere",
            "collider2origin": [
                [
                    1.0,
                    0.0,
                    0.0,
                    0.9776154177971763
                ],
                [
                    0.0,
                    1.0,
                    0.0,
                    1.8009343844507073
                ],
                [
                    0.0,
                    0.0,
                    1.0,
                    -0.3745766474844501
                ],
                [
                    0.0,
                    0.0,
                    0.0,
                    1.0
                ]
            ],
            "radius": 0.00663
        },
        "distance": 0.008459721135031706
    },
    {
        "case": 4,
        "collider1": {
            "type": "Box",
            "collider2origin": [
                [
                    0.907778172512869,
                    0.4194505805326725,
                    0.0,
                    1.1611274528425521
                ],
                [
                    -0.4194505805326725,
                    0.907778172512869,
                    0.0,
                    2.3937174098575977
                ],
                [
                    0.0,
                    0.0,
                    1.0,
                    -0.040000000000000036
                ],
                [
                    0.0,
                    0.0,
                    0.0,
                    1.0
                ]
            ],
            "size": [
                0.62,
                1.2,
                2.0
            ]
        },
        "collider2": {
            "type": "Box",
            "collider2origin": [
                [
                    0.4980016578652798,
                    0.8376337081588199,
                    0.22441951724290274,
                    0.7529776628344198
                ],
                [
                    0.32369652280655153,
                    -0.419647418821506,
                    0.8480074321604706,
                    1.8630069404538594
                ],
                [
                    0.8044966810909665,
                    -0.3496652897165406,
                    -0.4801242290085631,
                    -0.3386040674523265
                ],
                [
                    0.0,
                    0.0,
                    0.0,
                    1.0
                ]
            ],
            "size": [
                0.09126,
                0.11887,
                0.10009
            ]
        },
        "distance": 0.0
    },
    {
        "case": 5,
        "collider1": {
            "type": "Box",
            "collider2origin": [
                [
                    0.907778172512869,
                    0.4194505805326725,
                    0.0,
                    1.1611274528425521
                ],
                [
                    -0.4194505805326725,
                    0.907778172512869,
                    0.0,
                    2.3937174098575977
                ],
                [
                    0.0,
                    0.0,
                    1.0,
                    -0.040000000000000036
                ],
                [
                    0.0,
                    0.0,
                    0.0,
                    1.0
                ]
            ],
            "size": [
                0.62,
                1.2,
                2.0
            ]
        },
        "collider2": {
            "type": "Box",
            "collider2origin": [
                [
                    0.1228390807191515,
                    0.9667194218223486,
                    0.22441951724290274,
                    0.7227306902485212
                ],
                [
                    0.4641441969460567,
                    -0.2558389326156301,
                    0.8480074321604706,
                    1.7720931101510051
                ],
                [
                    0.8772005042687638,
                    -5.436799871617844e-06,
                    -0.4801242290085631,
                    -0.28556285629811173
                ],
                [
                    0.0,
                    0.0,
                    0.0,
                    1.0
                ]
            ],
            "size": [
                0.09102,
                0.10007,
                0.11882
            ]
        },
        "distance": 0.06666789112209338
    },
    {
        "case": 6,
        "collider1": {
            "type": "Box",
            "collider2origin": [
                [
                    0.907778172512869,
                    0.4194505805326725,
                    0.0,
                    1.1611274528425521
                ],
                [
                    -0.4194505805326725,
                    0.907778172512869,
                    0.0,
                    2.3937174098575977
                ],
                [
                    0.0,
                    0.0,
                    1.0,
                    -0.040000000000000036
                ],
                [
                    0.0,
                    0.0,
                    0.0,
                    1.0
                ]
            ],
            "size": [
                0.62,
                1.2,
                2.0
            ]
        },
        "collider2": {
            "type": "Box",
            "collider2origin": [
                [
                    -0.5461431269176612,
                    0.8376329203264082,
                    0.009938596784865606,
                    0.816360622130232
                ],
                [
                    -0.655065664743727,
                    -0.4196528416587263,
                    -0.6283155794356963,
                    1.8342368577438868
                ],
                [
                    -0.5221270533064327,
                    -0.3496606687535911,
                    0.7778950809282268,
                    -0.3658158122676506
                ],
                [
                    0.0,
                    0.0,
                    0.0,
                    1.0
                ]
            ],
            "size": [
                0.08993,
                0.0305,
                0.09007
            ]
        },
        "distance": 0.0
    },
    {
        "case": 7,
        "collider1": {
            "type": "Box",
            "collider2origin": [
                [
                    0.907778172512869,
                    0.4194505805326725,
                    0.0,
                    1.1611274528425521
                ],
                [
                    -0.4194505805326725,
                    0.907778172512869,
                    0.0,
                    2.3937174098575977
                ],
                [
                    0.0,
                    0.0,
                    1.0,
                    -0.040000000000000036
                ],
                [
                    0.0,
                    0.0,
                    0.0,
                    1.0
                ]
            ],
            "size": [
                0.62,
                1.2,
                2.0
            ]
        },
        "collider2": {
            "type": "Cylinder",
            "collider2origin": [
                [
                    0.009938882526378881,
                    -0.12502411765958515,
                    -0.9921039202712427,
                    0.9926105563536756
                ],
                [
                    -0.6283143203637426,
                    0.7710491865842927,
                    -0.1034614261140261,
                    1.7387021320390588
                ],
                [
                    0.7778960942439382,
                    0.6243813913555898,
                    -0.07089107622883765,
                    -0.4388947090646438
                ],
                [
                    0.0,
                    0.0,
                    0.0,
                    1.0
                ]
            ],
            "radius": 0.00813,
            "height": 0.03824
        },
        "distance": 0.04854782625634393
    },
    {
        "case": 8,
        "collider1": {
            "type": "Box",
            "collider2origin": [
                [
                    0.907778172512869,
                    0.4194505805326725,
                    0.0,
                    1.1611274528425521
                ],
                [
                    -0.4194505805326725,
                    0.907778172512869,
                    0.0,
                    2.3937174098575977
                ],
                [
                    0.0,
                    0.0,
                    1.0,
                    -0.040000000000000036
                ],
                [
                    0.0,
                    0.0,
                    0.0,
                    1.0
                ]
            ],
            "size": [
                0.62,
                1.2,
                2.0
            ]
        },
        "collider2": {
            "type": "Cylinder",
            "collider2origin": [
                [
                    0.013941268806485108,
                    -0.9440412500869132,
                    -0.3295326374707106,
                    0.9721433754248425
                ],
                [
                    -0.5055318266363118,
                    0.27768686318971403,
                    -0.8169012047179329,
                    1.7834821435162826
                ],
                [
                    0.8626953189172978,
                    0.17797787544016422,
                    -0.47337159037270715,
                    -0.38338815352156774
                ],
                [
                    0.0,
                    0.0,
                    0.0,
                    1.0
                ]
            ],
            "radius": 0.00796,
            "height": 0.03037
        },
        "distance": 0.01608423982620609
    },
    {
        "case": 9,
        "collider1": {
            "type": "Box",
            "collider2origin": [
                [
                    0.9077781725128689,
                    0.4194505805326724,
                    0.0,
                    0.4158817547107895
                ],
                [
                    -0.4194505805326724,
                    0.9077781725128689,
                    0.0,
                    0.733173894971941
                ],
                [
                    0.0,
                    0.0,
                    1.0,
                    -0.6599999999999999
                ],
                [
                    0.0,
                    0.0,
                    0.0,
                    1.0
                ]
            ],
            "size": [
                0.6,
                1.0,
                0.8
            ]
        },
        "collider2": {
            "type": "Box",
            "collider2origin": [
                [
                    0.1545111337657799,
                    0.9667193464932292,
                    0.20391178155790018,
                    0.5545976257491972
                ],
                [
                    0.5838206044290373,
                    -0.25583921724589714,
                    0.7705191735207634,
                    1.5736190385456978
                ],
                [
                    0.7970444224674851,
                    -5.891529629754996e-06,
                    -0.6039206807013341,
                    -0.10790964591120744
                ],
                [
                    0.0,
                    0.0,
                    0.0,
                    1.0
                ]
            ],
            "size": [
                0.1202,
                0.13634,
                0.67816
            ]
        },
        "distance": 0.24938781835250198
    },
    {
        "case": 10,
        "collider1": {
            "type": "Box",
            "collider2origin": [
                [
                    -0.49996093967317806,
                    0.8660479541001831,
                    0.0,
                    0.23518030403224222
                ],
                [
                    -0.8660479541001831,
                    -0.49996093967317806,
                    0.0,
                    1.6545490191575776
                ],
                [
                    0.0,
                    0.0,
                    1.0,
                    -0.21500000000000008
                ],
                [
                    0.0,
                    0.0,
                    0.0,
                    1.0
                ]
            ],
            "size": [
                0.2,
                0.3,
                0.22
            ]
        },
        "collider2": {
            "type": "Box",
            "collider2origin": [
                [
                    0.1545111337657799,
                    0.9667193464932292,
                    0.20391178155790018,
                    0.5545976257491972
                ],
                [
                    0.5838206044290373,
                    -0.25583921724589714,
                    0.7705191735207634,
                    1.5736190385456978
                ],
                [
                    0.7970444224674851,
                    -5.891529629754996e-06,
                    -0.6039206807013341,
                    -0.10790964591120744
                ],
                [
                    0.0,
                    0.0,
                    0.0,
                    1.0
                ]
            ],
            "size": [
                0.1202,
                0.13634,
                0.67816
            ]
        },
        "distance": 0.09037575576968448
    },
    {
        "case": 11,
        "collider1": {
            "type": "Box",
            "collider2origin": [
                [
                    0.907778172512869,
                    0.4194505805326725,
                    0.0,
                    1.1611274528425521
                ],
                [
                    -0.4194505805326725,
                    0.907778172512869,
                    0.0,
                    2.3937174098575977
                ],
                [
                    0.0,
                    0.0,
                    1.0,
                    -0.040000000000000036
                ],
                [
                    0.0,
                    0.0,
                    0.0,
                    1.0
                ]
            ],
            "size": [
                0.62,
                1.2,
                2.0
            ]
        },
        "collider2": {
            "type": "Box",
            "collider2origin": [
                [
                    0.1545111337657799,
                    0.9667193464932292,
                    0.20391178155790018,
                    0.5545976257491972
                ],
                [
                    0.5838206044290373,
                    -0.25583921724589714,
                    0.7705191735207634,
                    1.5736190385456978
                ],
                [
                    0.7970444224674851,
                    -5.891529629754996e-06,
                    -0.6039206807013341,
                    -0.10790964591120744
                ],
                [
                    0.0,
                    0.0,
                    0.0,
                    1.0
                ]
            ],
            "size": [
                0.1202,
                0.13634,
                0.67816
            ]
        },
        "distance": 0.08514480036375875
    },
    {
        "case": 12,
        "collider1": {
            "type": "Cylinder",
            "collider2origin": [
                [
                    0.907778172512869,
                    0.4194505805326725,
                    0.0,
                    0.41976000612504893
                ],
                [
                    -0.4194505805326725,
                    0.907778172512869,
                    0.0,
                    1.6236691588060355
                ],
                [
                    0.0,
                    0.0,
                    1.0,
                    -0.18000000000000016
                ],
                [
                    0.0,
                    0.0,
                    0.0,
                    1.0
                ]
            ],
            "radius": 0.04,
            "height": 0.3
        },
        "collider2": {
            "type": "Box",
            "collider2origin": [
                [
                    0.1545111337657799,
                    0.9667193464932292,
                    0.20391178155790018,
                    0.5545976257491972
                ],
                [
                    0.5838206044290373,
                    -0.25583921724589714,
                    0.7705191735207634,
                    1.5736190385456978
                ],
                [
                    0.7970444224674851,
                    -5.891529629754996e-06,
                    -0.6039206807013341,
                    -0.10790964591120744
                ],
                [
                    0.0,
                    0.0,
                    0.0,
                    1.0
                ]
            ],
            "size": [
                0.1202,
                0.13634,
                0.67816
            ]
        },
        "distance": 0.0349844128820117
    },
    {
        "case": 13,
        "collider1": {
            "type": "Box",
            "collider2origin": [
                [
                    0.907778172512869,
                    0.4194505805326725,
                    0.0,
                    0.3318610395686135
                ],
                [
                    -0.4194505805326725,
                    0.907778172512869,
                    0.0,
                    1.862570334354233
                ],
                [
                    0.0,
                    0.0,
                    1.0,
                    -0.21500000000000008
                ],
                [
                    0.0,
                    0.0,
                    0.0,
                    1.0
                ]
            ],
            "size": [
                0.3,
                0.46,
                0.22
            ]
        },
        "collider2": {
            "type": "Box",
            "collider2origin": [
                [
                    0.1545111337657799,
                    0.9667193464932292,
                    0.20391178155790018,
                    0.5545976257491972
                ],
                [
                    0.5838206044290373,
                    -0.25583921724589714,
                    0.7705191735207634,
                    1.5736190385456978
                ],
                [
                    0.7970444224674851,
                    -5.891529629754996e-06,
                    -0.6039206807013341,
                    -0.10790964591120744
                ],
                [
                    0.0,
                    0.0,
                    0.0,
                    1.0
                ]
            ],
            "size": [
                0.1202,
                0.13634,
                0.67816
            ]
        },
        "distance": 0.05314634204194216
    },
    {
        "case": 14,
        "collider1": {
            "type": "Box",
            "collider2origin": [
                [
                    0.907778172512869,
                    0.4194505805326725,
                    0.0,
                    1.1611274528425521
                ],
                [
                    -0.4194505805326725,
                    0.907778172512869,
                    0.0,
                    2.3937174098575977
                ],
                [
                    0.0,
                    0.0,
                    1.0,
                    -0.040000000000000036
                ],
                [
                    0.0,
                    0.0,
                    0.0,
                    1.0
                ]
            ],
            "size": [
                0.62,
                1.2,
                2.0
            ]
        },
        "collider2": {
            "type": "Cylinder",
            "collider2origin": [
                [
                    0.2599010765747843,
                    -0.10758670053699504,
                    -0.9596231199084515,
                    0.9522064370067331
                ],
                [
                    -0.7876531026032351,
                    0.551276358135526,
                    -0.27513081783095195,
                    1.7859596863900715
                ],
                [
                    0.5586179556322595,
                    0.8273569234788537,
                    0.0585363204928403,
                    -0.4509211358059363
                ],
                [
                    0.0,
                    0.0,
                    0.0,
                    1.0
                ]
            ],
            "radius": 0.00783,
            "height": 0.03044
        },
        "distance": 0.023478632727631066
    },
    {
        "case": 15,
        "collider1": {
            "type": "Box",
            "collider2origin": [
                [
                    0.907778172512869,
                    0.4194505805326725,
                    0.0,
                    1.1611274528425521
                ],
                [
                    -0.4194505805326725,
                    0.907778172512869,
                    0.0,
                    2.3937174098575977
                ],
                [
                    0.0,
                    0.0,
                    1.0,
                    -0.040000000000000036
                ],
                [
                    0.0,
                    0.0,
                    0.0,
                    1.0
                ]
            ],
            "size": [
                0.62,
                1.2,
                2.0
            ]
        },
        "collider2": {
            "type": "Box",
            "collider2origin": [
                [
                    0.035494286840248586,
                    0.666755359634713,
                    0.7444309544881149,
                    0.9157919925394147
                ],
                [
                    -0.6628856375226649,
                    -0.5417388237185308,
                    0.5168188062002311,
                    1.7651466067587187
                ],
                [
                    0.7478788586180731,
                    -0.5118167028091658,
                    0.4227539184415464,
                    -0.423611269492278
                ],
                [
                    0.0,
                    0.0,
                    0.0,
                    1.0
                ]
            ],
            "size": [
                0.07264,
                0.04753,
                0.03326
            ]
        },
        "distance": 0.0341584492566077
    },
    {
        "case": 16,
        "collider1": {
            "type": "Box",
            "collider2origin": [
                [
                    0.907778172512869,
                    0.4194505805326725,
                    0.0,
                    1.1611274528425521
                ],
                [
                    -0.4194505805326725,
                    0.907778172512869,
                    0.0,
                    2.3937174098575977
                ],
                [
                    0.0,
                    0.0,
                    1.0,
                    -0.040000000000000036
                ],
                [
                    0.0,
                    0.0,
                    0.0,
                    1.0
                ]
            ],
            "size": [
                0.62,
                1.2,
                2.0
            ]
        },
        "collider2": {
            "type": "Cylinder",
            "collider2origin": [
                [
                    0.013941268806485108,
                    -0.656364125683986,
                    -0.7543154350397194,
                    0.9583460318996482
                ],
                [
                    -0.5055318266363118,
                    0.6462441045335485,
                    -0.5716695982937917,
                    1.7633057463408175
                ],
                [
                    0.8626953189172978,
                    0.3893002592739029,
                    -0.32280349261966285,
                    -0.39498435585964664
                ],
                [
                    0.0,
                    0.0,
                    0.0,
                    1.0
                ]
            ],
            "radius": 0.00713,
            "height": 0.01426
        },
        "distance": 0.04745518424375344
    },
    {
        "case": 17,
        "collider1": {
            "type": "Box",
            "collider2origin": [
                [
                    0.907778172512869,
                    0.4194505805326725,
                    0.0,
                    1.1611274528425521
                ],
                [
                    -0.4194505805326725,
                    0.907778172512869,
                    0.0,
                    2.3937174098575977
                ],
                [
                    0.0,
                    0.0,
                    1.0,
                    -0.040000000000000036
                ],
                [
                    0.0,
                    0.0,
                    0.0,
                    1.0
                ]
            ],
            "size": [
                0.62,
                1.2,
                2.0
            ]
        },
        "collider2": {
            "type": "Sphere",
            "collider2origin": [
                [
                    1.0,
                    0.0,
                    0.0,
                    1.0128484684182728
                ],
                [
                    0.0,
                    1.0,
                    0.0,
                    1.7422847925444462
                ],
                [
                    0.0,
                    0.0,
                    1.0,
                    -0.43625947492537454
                ],
                [
                    0.0,
                    0.0,
                    0.0,
                    1.0
                ]
            ],
            "radius": 0.00563
        },
        "distance": 0.04792201695736686
    },
    {
        "case": 18,
        "collider1": {
            "type": "Box",
            "collider2origin": [
                [
                    0.907778172512869,
                    0.4194505805326725,
                    0.0,
                    1.1611274528425521
                ],
                [
                    -0.4194505805326725,
                    0.907778172512869,
                    0.0,
                    2.3937174098575977
                ],
                [
                    0.0,
                    0.0,
                    1.0,
                    -0.040000000000000036
                ],
                [
                    0.0,
                    0.0,
                    0.0,
                    1.0
                ]
            ],
            "size": [
                0.62,
                1.2,
                2.0
            ]
        },
        "collider2": {
            "type": "Cylinder",
            "collider2origin": [
                [
                    0.009938882526378881,
                    0.38342430504789365,
                    -0.9235188254240766,
                    0.9631267807134196
                ],
                [
                    -0.6283143203637426,
                    0.7208672814730396,
                    0.29252602846160075,
                    1.7411375652049859
                ],
                [
                    0.7778960942439382,
                    0.5773527213066628,
                    0.24807559686477829,
                    -0.43655092168321274
                ],
                [
                    0.0,
                    0.0,
                    0.0,
                    1.0
                ]
            ],
            "radius": 0.00683,
            "height": 0.01183
        },
        "distance": 0.06794952982543555
    },
    {
        "case": 19,
        "collider1": {
            "type": "Box",
            "collider2origin": [
                [
                    0.907778172512869,
                    0.4194505805326725,
                    0.0,
                    1.1611274528425521
                ],
                [
                    -0.4194505805326725,
                    0.907778172512869,
                    0.0,
                    2.3937174098575977
                ],
                [
                    0.0,
                    0.0,
                    1.0,
                    -0.040000000000000036
                ],
                [
                    0.0,
                    0.0,
                    0.0,
                    1.0
                ]
            ],
            "size": [
                0.62,
                1.2,
                2.0
            ]
        },
        "collider2": {
            "type": "Sphere",
            "collider2origin": [
                [
                    1.0,
                    0.0,
                    0.0,
                    0.9967704563583428
                ],
                [
                    0.0,
                    1.0,
                    0.0,
                    1.7967265048187295
                ],
                [
                    0.0,
                    0.0,
                    1.0,
                    -0.4194815235271052
                ],
                [
                    0.0,
                    0.0,
                    0.0,
                    1.0
                ]
            ],
            "radius": 0.00487
        },
        "distance": 0.0060049503728954725
    },
    {
        "case": 20,
        "collider1": {
            "type": "Box",
            "collider2origin": [
                [
                    0.907778172512869,
                    0.4194505805326725,
                    0.0,
                    1.1611274528425521
                ],
                [
                    -0.4194505805326725,
                    0.907778172512869,
                    0.0,
                    2.3937174098575977
                ],
                [
                    0.0,
                    0.0,
                    1.0,
                    -0.040000000000000036
                ],
                [
                    0.0,
                    0.0,
                    0.0,
                    1.0
                ]
            ],
            "size": [
                0.62,
                1.2,
                2.0
            ]
        },
        "collider2": {
            "type": "Cylinder",
            "collider2origin": [
                [
                    0.12368899175932062,
                    -0.7243836443841296,
                    -0.6782104165126992,
                    0.98659938814574
                ],
                [
                    -0.7139954976007419,
                    0.4096755498406008,
                    -0.5677819768790393,
                    1.7865948233982492
                ],
                [
                    0.6891382029197273,
                    0.5544675640752733,
                    -0.46653430491765635,
                    -0.4276571093170334
                ],
                [
                    0.0,
                    0.0,
                    0.0,
                    1.0
                ]
            ],
            "radius": 0.0076,
            "height": 0.02993
        },
        "distance": 0.007807033549183757
    },
    {
        "case": 21,
        "collider1": {
            "type": "Box",
            "collider2origin": [
                [
                    0.907778172512869,
                    0.4194505805326725,
                    0.0,
                    1.1611274528425521
                ],
                [
                    -0.4194505805326725,
                    0.907778172512869,
                    0.0,
                    2.3937174098575977
                ],
                [
                    0.0,
                    0.0,
                    1.0,
                    -0.040000000000000036
                ],
                [
                    0.0,
                    0.0,
                    0.0,
                    1.0
                ]
            ],
            "size": [
                0.62,
                1.2,
                2.0
            ]
        },
        "collider2": {
            "type": "Cylinder",
            "collider2origin": [
                [
                    0.009938882526378881,
                    0.38342430504789365,
                    -0.9235188254240766,
                    0.948056933957681
                ],
                [
                    -0.6283143203637426,
                    0.7208672814730396,
                    0.29252602846160075,
                    1.7459153366700184
                ],
                [
                    0.7778960942439382,
                    0.5773527213066628,
                    0.24807559686477829,
                    -0.4324993271099038
                ],
                [
                    0.0,
                    0.0,
                    0.0,
                    1.0
                ]
            ],
            "radius": 0.00683,
