[
    {
        "case": 0,
        "collider1": {
            "type": "Box",
            "collider2origin": [
                [
                    0.9077781725128689,
                    0.4194505805326724,
                    0.0,
                    0.4158817547107895
                ],
                [
                    -0.4194505805326724,
                    0.9077781725128689,
                    0.0,
                    0.733173894971941
                ],
                [
                    0.0,
                    0.0,
                    1.0,
                    -0.6599999999999999
                ],
                [
                    0.0,
                    0.0,
                    0.0,
                    1.0
                ]
            ],
            "size": [
                0.6,
                1.0,
                0.8
            ]
        },
        "collider2": {
            "type": "Box",
            "collider2origin": [
                [
                    0.6030336173086681,
                    -0.5436119247250141,
                    0.5838120688135766,
                    0.38018346897106303
                ],
                [
                    -0.39057110307876974,
                    -0.839336687662895,
                    -0.37811127751352824,
                    0.5401180788331444
                ],
                [
                    0.6955606873849727,
                    -6.312283032606019e-06,
                    -0.7184673479878533,
                    -0.3182880814293564
                ],
                [
                    0.0,
                    0.0,
                    0.0,
                    1.0
                ]
            ],
            "size": [
                0.15068,
                0.17726,
                0.74884
            ]
        },
        "distance": 0.0
    },
    {
        "case": 1,
        "collider1": {
            "type": "Box",
            "collider2origin": [
                [
                    0.9077781725128689,
                    0.4194505805326724,
                    0.0,
                    0.27063700059322826
                ],
                [
                    -0.4194505805326724,
                    0.9077781725128689,
                    0.0,
                    0.8002854543438492
                ],
                [
                    0.0,
                    0.0,
                    1.0,
                    -0.25
                ],
                [
                    0.0,
                    0.0,
                    0.0,
                    1.0
                ]
            ],
            "size": [
                0.2,
                0.2,
                0.02
            ]
        },
        "collider2": {
            "type": "Box",
            "collider2origin": [
                [
                    0.6030336173086681,
                    -0.5436119247250141,
                    0.5838120688135766,
                    0.38018346897106303
                ],
                [
                    -0.39057110307876974,
                    -0.839336687662895,
                    -0.37811127751352824,
                    0.5401180788331444
                ],
                [
                    0.6955606873849727,
                    -6.312283032606019e-06,
                    -0.7184673479878533,
                    -0.3182880814293564
                ],
                [
                    0.0,
                    0.0,
                    0.0,
                    1.0
                ]
            ],
            "size": [
                0.15068,
                0.17726,
                0.74884
            ]
        },
        "distance": 0.0
    },
    {
        "case": 2,
        "collider1": {
            "type": "Box",
            "collider2origin": [
                [
                    0.907778172512869,
                    0.4194505805326725,
                    0.0,
                    0.9947946797881562
                ],
                [
                    -0.4194505805326725,
                    0.907778172512869,
                    0.0,
                    0.5317739604993647
                ],
                [
                    0.0,
                    0.0,
                    1.0,
                    -0.69
                ],
                [
                    0.0,
                    0.0,
                    0.0,
                    1.0
                ]
            ],
            "size": [
                0.6,
                1.2,
                0.75
            ]
        },
        "collider2": {
            "type": "Box",
            "collider2origin": [
                [
                    0.6030336173086681,
                    -0.5436119247250141,
                    0.5838120688135766,
                    0.38018346897106303
                ],
                [
                    -0.39057110307876974,
                    -0.839336687662895,
                    -0.37811127751352824,
                    0.5401180788331444
                ],
                [
                    0.6955606873849727,
                    -6.312283032606019e-06,
                    -0.7184673479878533,
                    -0.3182880814293564
                ],
                [
                    0.0,
                    0.0,
                    0.0,
                    1.0
                ]
            ],
            "size": [
                0.15068,
                0.17726,
                0.74884
            ]
        },
        "distance": 0.0
    },
    {
        "case": 3,
        "collider1": {
            "type": "Box",
            "collider2origin": [
                [
                    0.9077781725128689,
                    0.4194505805326724,
                    0.0,
                    0.4158817547107895
                ],
                [
                    -0.4194505805326724,
                    0.9077781725128689,
                    0.0,
                    0.733173894971941
                ],
                [
                    0.0,
                    0.0,
                    1.0,
                    -0.6599999999999999
                ],
                [
                    0.0,
                    0.0,
                    0.0,
                    1.0
                ]
            ],
            "size": [
                0.6,
                1.0,
                0.8
            ]
        },
        "collider2": {
            "type": "Box",
            "collider2origin": [
                [
                    0.6030336173086681,
                    -0.5436119247250141,
                    0.5838120688135766,
                    0.38018346897106303
                ],
                [
                    -0.39057110307876974,
                    -0.839336687662895,
                    -0.37811127751352824,
                    0.5401180788331444
                ],
                [
                    0.6955606873849727,
                    -6.312283032606019e-06,
                    -0.7184673479878533,
                    -0.3182880814293564
                ],
                [
                    0.0,
                    0.0,
                    0.0,
                    1.0
                ]
            ],
            "size": [
                0.15068,
                0.17726,
                0.74884
            ]
        },
        "distance": 0.0
    },
    {
        "case": 4,
        "collider1": {
            "type": "Box",
            "collider2origin": [
                [
                    0.9077781725128689,
                    0.4194505805326724,
                    0.0,
                    0.27063700059322826
                ],
                [
                    -0.4194505805326724,
                    0.9077781725128689,
                    0.0,
                    0.8002854543438492
                ],
                [
                    0.0,
                    0.0,
                    1.0,
                    -0.25
                ],
                [
                    0.0,
                    0.0,
                    0.0,
                    1.0
                ]
            ],
            "size": [
                0.2,
                0.2,
                0.02
            ]
        },
        "collider2": {
            "type": "Box",
            "collider2origin": [
                [
                    0.6030336173086681,
                    -0.5436119247250141,
                    0.5838120688135766,
                    0.38018346897106303
                ],
                [
                    -0.39057110307876974,
                    -0.839336687662895,
                    -0.37811127751352824,
                    0.5401180788331444
                ],
                [
                    0.6955606873849727,
                    -6.312283032606019e-06,
                    -0.7184673479878533,
                    -0.3182880814293564
                ],
                [
                    0.0,
                    0.0,
                    0.0,
                    1.0
                ]
            ],
            "size": [
                0.15068,
                0.17726,
                0.74884
            ]
        },
        "distance": 0.0
    },
    {
        "case": 5,
        "collider1": {
            "type": "Box",
            "collider2origin": [
                [
                    0.907778172512869,
                    0.4194505805326725,
                    0.0,
                    0.9947946797881562
                ],
                [
                    -0.4194505805326725,
                    0.907778172512869,
                    0.0,
                    0.5317739604993647
                ],
                [
                    0.0,
                    0.0,
                    1.0,
                    -0.69
                ],
                [
                    0.0,
                    0.0,
                    0.0,
                    1.0
                ]
            ],
            "size": [
                0.6,
                1.2,
                0.75
            ]
        },
        "collider2": {
            "type": "Box",
            "collider2origin": [
                [
                    0.6030336173086681,
                    -0.5436119247250141,
                    0.5838120688135766,
                    0.38018346897106303
                ],
                [
                    -0.39057110307876974,
                    -0.839336687662895,
                    -0.37811127751352824,
                    0.5401180788331444
                ],
                [
                    0.6955606873849727,
                    -6.312283032606019e-06,
                    -0.7184673479878533,
                    -0.3182880814293564
                ],
                [
                    0.0,
                    0.0,
                    0.0,
                    1.0
                ]
            ],
            "size": [
                0.15068,
                0.17726,
                0.74884
            ]
        },
        "distance": 0.0
    },
    {
        "case": 6,
        "collider1": {
            "type": "Box",
            "collider2origin": [
                [
                    0.9077781725128689,
                    0.4194505805326724,
                    0.0,
                    0.4158817547107895
                ],
                [
                    -0.4194505805326724,
                    0.9077781725128689,
                    0.0,
                    0.733173894971941
                ],
                [
                    0.0,
                    0.0,
                    1.0,
                    -0.6599999999999999
                ],
                [
                    0.0,
                    0.0,
                    0.0,
                    1.0
                ]
            ],
            "size": [
                0.6,
                1.0,
                0.8
            ]
        },
        "collider2": {
            "type": "Box",
            "collider2origin": [
                [
                    -0.8357555787778959,
                    -0.5436137847403122,
                    0.07743814035691758,
                    0.6528608839854801
                ],
                [
                    0.5412951805901522,
                    -0.8393354830104067,
                    -0.050154505575883995,
                    0.5140361524747941
                ],
                [
                    0.09226125953778648,
                    -1.5666828876984478e-08,
                    0.9957348341744906,
                    -0.26321290326292535
                ],
                [
                    0.0,
                    0.0,
                    0.0,
                    1.0
                ]
            ],
            "size": [
                0.1202,
                0.13634,
                0.67816
            ]
        },
        "distance": 0.0
    },
    {
        "case": 7,
        "collider1": {
            "type": "Box",
            "collider2origin": [
                [
                    0.907778172512869,
                    0.4194505805326725,
                    0.0,
                    0.9947946797881562
                ],
                [
                    -0.4194505805326725,
                    0.907778172512869,
                    0.0,
                    0.5317739604993647
                ],
                [
                    0.0,
                    0.0,
                    1.0,
                    -0.69
                ],
                [
                    0.0,
                    0.0,
                    0.0,
                    1.0
                ]
            ],
            "size": [
                0.6,
                1.2,
                0.75
            ]
        },
        "collider2": {
            "type": "Box",
            "collider2origin": [
                [
                    -0.8357555787778959,
                    -0.5436137847403122,
                    0.07743814035691758,
                    0.6528608839854801
                ],
                [
                    0.5412951805901522,
                    -0.8393354830104067,
                    -0.050154505575883995,
                    0.5140361524747941
                ],
                [
                    0.09226125953778648,
                    -1.5666828876984478e-08,
                    0.9957348341744906,
                    -0.26321290326292535
                ],
                [
                    0.0,
                    0.0,
                    0.0,
                    1.0
                ]
            ],
            "size": [
                0.1202,
                0.13634,
                0.67816
            ]
        },
        "distance": 0.0
    }
]