[
    {
        "case": 0,
        "collider1": {
            "type": "Box",
            "collider2origin": [
                [
                    0.8404842512412337,
                    -0.5418359746412772,
                    0.0,
                    0.011439976095501792
                ],
                [
                    0.5418359746412771,
                    0.8404842512412338,
                    0.0,
                    1.4325762997644957
                ],
                [
                    0.0,
                    0.0,
                    1.0,
                    -0.21500000000000008
                ],
                [
                    0.0,
                    0.0,
                    0.0,
                    1.0
                ]
            ],
            "size": [
                0.2,
                0.3,
                0.22
            ]
        },
        "collider2": {
            "type": "Box",
            "collider2origin": [
                [
                    0.555116441118052,
                    -0.5676656930247684,
                    0.6079485157175217,
                    0.3832300311805462
                ],
                [
                    0.3827709271241159,
                    0.8232591699831092,
                    0.4192025243092733,
                    1.0694026199107483
                ],
                [
                    -0.7384660819218261,
                    -1.1963973414982376e-06,
                    0.6742906241744693,
                    0.099639350584384
                ],
                [
                    0.0,
                    0.0,
                    0.0,
                    1.0
                ]
            ],
            "size": [
                0.15068,
                0.17726,
                0.74884
            ]
        },
        "distance": 0.2714357957791128
    },
    {
        "case": 1,
        "collider1": {
            "type": "Box",
            "collider2origin": [
                [
                    0.8404842512412337,
                    -0.5418359746412772,
                    0.0,
                    0.011439976095501792
                ],
                [
                    0.5418359746412771,
                    0.8404842512412338,
                    0.0,
                    1.4325762997644957
                ],
                [
                    0.0,
                    0.0,
                    1.0,
                    -0.21500000000000008
                ],
                [
                    0.0,
                    0.0,
                    0.0,
                    1.0
                ]
            ],
            "size": [
                0.2,
                0.3,
                0.22
            ]
        },
        "collider2": {
            "type": "Box",
            "collider2origin": [
                [
                    0.555116441118052,
                    -0.5676656930247684,
                    0.6079485157175217,
                    0.3832300311805462
                ],
                [
                    0.3827709271241159,
                    0.8232591699831092,
                    0.4192025243092733,
                    1.0694026199107483
                ],
                [
                    -0.7384660819218261,
                    -1.1963973414982376e-06,
                    0.6742906241744693,
                    0.099639350584384
                ],
                [
                    0.0,
                    0.0,
                    0.0,
                    1.0
                ]
            ],
            "size": [
                0.15068,
                0.17726,
                0.74884
            ]
        },
        "distance": 0.2714357957791128
    }
]