[
    {
        "case": 0,
        "collider1": {
            "type": "Box",
            "collider2origin": [
                [
                    0.9077781725128689,
                    0.4194505805326724,
                    0.0,
                    0.4158817547107895
                ],
                [
                    -0.4194505805326724,
                    0.9077781725128689,
                    0.0,
                    0.733173894971941
                ],
                [
                    0.0,
                    0.0,
                    1.0,
                    -0.6599999999999999
                ],
                [
                    0.0,
                    0.0,
                    0.0,
                    1.0
                ]
            ],
            "size": [
                0.6,
                1.0,
                0.8
            ]
        },
        "collider2": {
            "type": "Box",
            "collider2origin": [
                [
                    0.24096374473086069,
                    0.7656648433742059,
                    -0.5964007221206503,
                    0.6661914318720279
                ],
                [
                    0.28683264017238375,
                    -0.6432397279360608,
                    -0.7099082257140583,
                    0.9872161837296785
                ],
                [
                    -0.9271804086891722,
                    -5.0492432817254715e-06,
                    -0.3746151221153314,
                    -1.1076400210836965
                ],
                [
                    0.0,
                    0.0,
                    0.0,
                    1.0
                ]
            ],
            "size": [
                0.09102,
                0.10007,
                0.11882
            ]
        },
        "distance": 0.0
    },
    {
        "case": 1,
        "collider1": {
            "type": "Box",
            "collider2origin": [
                [
                    0.907778172512869,
                    0.4194505805326725,
                    0.0,
                    0.9947946797881562
                ],
                [
                    -0.4194505805326725,
                    0.907778172512869,
                    0.0,
                    0.5317739604993647
                ],
                [
                    0.0,
                    0.0,
                    1.0,
                    -0.69
                ],
                [
                    0.0,
                    0.0,
                    0.0,
                    1.0
                ]
            ],
            "size": [
                0.6,
                1.2,
                0.75
            ]
        },
        "collider2": {
            "type": "Box",
            "collider2origin": [
                [
                    0.24096374473086069,
                    0.7656648433742059,
                    -0.5964007221206503,
                    0.6661914318720279
                ],
                [
                    0.28683264017238375,
                    -0.6432397279360608,
                    -0.7099082257140583,
                    0.9872161837296785
                ],
                [
                    -0.9271804086891722,
                    -5.0492432817254715e-06,
                    -0.3746151221153314,
                    -1.1076400210836965
                ],
                [
                    0.0,
                    0.0,
                    0.0,
                    1.0
                ]
            ],
            "size": [
                0.09102,
                0.10007,
                0.11882
            ]
        },
        "distance": 0.12802818037971797
    },
    {
        "case": 2,
        "collider1": {
            "type": "Box",
            "collider2origin": [
                [
                    0.9077781725128689,
                    0.4194505805326724,
                    0.0,
                    0.4158817547107895
                ],
                [
                    -0.4194505805326724,
                    0.9077781725128689,
                    0.0,
                    0.733173894971941
                ],
                [
                    0.0,
                    0.0,
                    1.0,
                    -0.6599999999999999
                ],
                [
                    0.0,
                    0.0,
                    0.0,
                    1.0
                ]
            ],
            "size": [
                0.6,
                1.0,
                0.8
            ]
        },
        "collider2": {
            "type": "Box",
            "collider2origin": [
                [
                    0.45620760543367994,
                    0.7656686997283387,
                    0.4534601007815164,
                    0.5696196762884475
                ],
                [
                    0.5430354120466396,
                    -0.6432351375794837,
                    0.5397787500878846,
                    0.8495924109375677
                ],
                [
                    0.7049731640337836,
                    -6.278366977068218e-06,
                    -0.7092339796941329,
                    -0.3155192788154124
                ],
                [
                    0.0,
                    0.0,
                    0.0,
                    1.0
                ]
            ],
            "size": [
                0.15068,
                0.17726,
                0.74884
            ]
        },
        "distance": 0.0
    },
    {
        "case": 3,
        "collider1": {
            "type": "Box",
            "collider2origin": [
                [
                    0.9077781725128689,
                    0.4194505805326724,
                    0.0,
                    0.27063700059322826
                ],
                [
                    -0.4194505805326724,
                    0.9077781725128689,
                    0.0,
                    0.8002854543438492
                ],
                [
                    0.0,
                    0.0,
                    1.0,
                    -0.25
                ],
                [
                    0.0,
                    0.0,
                    0.0,
                    1.0
                ]
            ],
            "size": [
                0.2,
                0.2,
                0.02
            ]
        },
        "collider2": {
            "type": "Box",
            "collider2origin": [
                [
                    0.45620760543367994,
                    0.7656686997283387,
                    0.4534601007815164,
                    0.5696196762884475
                ],
                [
                    0.5430354120466396,
                    -0.6432351375794837,
                    0.5397787500878846,
                    0.8495924109375677
                ],
                [
                    0.7049731640337836,
                    -6.278366977068218e-06,
                    -0.7092339796941329,
                    -0.3155192788154124
                ],
                [
                    0.0,
                    0.0,
                    0.0,
                    1.0
                ]
            ],
            "size": [
                0.15068,
                0.17726,
                0.74884
            ]
        },
        "distance": 0.017006942843988238
    },
    {
        "case": 4,
        "collider1": {
            "type": "Box",
            "collider2origin": [
                [
                    0.907778172512869,
                    0.4194505805326725,
                    0.0,
                    0.9947946797881562
                ],
                [
                    -0.4194505805326725,
                    0.907778172512869,
                    0.0,
                    0.5317739604993647
                ],
                [
                    0.0,
                    0.0,
                    1.0,
                    -0.69
                ],
                [
                    0.0,
                    0.0,
                    0.0,
                    1.0
                ]
            ],
            "size": [
                0.6,
                1.2,
                0.75
            ]
        },
        "collider2": {
            "type": "Box",
            "collider2origin": [
                [
                    0.45620760543367994,
                    0.7656686997283387,
                    0.4534601007815164,
                    0.5696196762884475
                ],
                [
                    0.5430354120466396,
                    -0.6432351375794837,
                    0.5397787500878846,
                    0.8495924109375677
                ],
                [
                    0.7049731640337836,
                    -6.278366977068218e-06,
                    -0.7092339796941329,
                    -0.3155192788154124
                ],
                [
                    0.0,
                    0.0,
                    0.0,
                    1.0
                ]
            ],
            "size": [
                0.15068,
                0.17726,
                0.74884
            ]
        },
        "distance": 0.05036360237708666
    },
    {
        "case": 5,
        "collider1": {
            "type": "Box",
            "collider2origin": [
                [
                    0.9077781725128689,
                    0.4194505805326724,
                    0.0,
                    0.4158817547107895
                ],
                [
                    -0.4194505805326724,
                    0.9077781725128689,
                    0.0,
                    0.733173894971941
                ],
                [
                    0.0,
                    0.0,
                    1.0,
                    -0.6599999999999999
                ],
                [
                    0.0,
                    0.0,
                    0.0,
                    1.0
                ]
            ],
            "size": [
                0.6,
                1.0,
                0.8
            ]
        },
        "collider2": {
            "type": "Box",
            "collider2origin": [
                [
                    0.45620760543367994,
                    0.7656686997283387,
                    0.4534601007815164,
                    0.5696196762884475
                ],
                [
                    0.5430354120466396,
                    -0.6432351375794837,
                    0.5397787500878846,
                    0.8495924109375677
                ],
                [
                    0.7049731640337836,
                    -6.278366977068218e-06,
                    -0.7092339796941329,
                    -0.3155192788154124
                ],
                [
                    0.0,
                    0.0,
                    0.0,
                    1.0
                ]
            ],
            "size": [
                0.15068,
                0.17726,
                0.74884
            ]
        },
        "distance": 0.0
    },
    {
        "case": 6,
        "collider1": {
            "type": "Box",
            "collider2origin": [
                [
                    0.9077781725128689,
                    0.4194505805326724,
                    0.0,
                    0.27063700059322826
                ],
                [
                    -0.4194505805326724,
                    0.9077781725128689,
                    0.0,
                    0.8002854543438492
                ],
                [
                    0.0,
                    0.0,
                    1.0,
                    -0.25
                ],
                [
                    0.0,
                    0.0,
                    0.0,
                    1.0
                ]
            ],
            "size": [
                0.2,
                0.2,
                0.02
            ]
        },
        "collider2": {
            "type": "Box",
            "collider2origin": [
                [
                    0.45620760543367994,
                    0.7656686997283387,
                    0.4534601007815164,
                    0.5696196762884475
                ],
                [
                    0.5430354120466396,
                    -0.6432351375794837,
                    0.5397787500878846,
                    0.8495924109375677
                ],
                [
                    0.7049731640337836,
                    -6.278366977068218e-06,
                    -0.7092339796941329,
                    -0.3155192788154124
                ],
                [
                    0.0,
                    0.0,
                    0.0,
                    1.0
                ]
            ],
            "size": [
                0.15068,
                0.17726,
                0.74884
            ]
        },
        "distance": 0.017006942843988238
    },
    {
        "case": 7,
        "collider1": {
            "type": "Box",
            "collider2origin": [
                [
                    0.907778172512869,
                    0.4194505805326725,
                    0.0,
                    0.9947946797881562
                ],
                [
                    -0.4194505805326725,
                    0.907778172512869,
                    0.0,
                    0.5317739604993647
                ],
                [
                    0.0,
                    0.0,
                    1.0,
                    -0.69
                ],
                [
                    0.0,
                    0.0,
                    0.0,
                    1.0
                ]
            ],
            "size": [
                0.6,
                1.2,
                0.75
            ]
        },
        "collider2": {
            "type": "Box",
            "collider2origin": [
                [
                    0.45620760543367994,
                    0.7656686997283387,
                    0.4534601007815164,
                    0.5696196762884475
                ],
                [
                    0.5430354120466396,
                    -0.6432351375794837,
                    0.5397787500878846,
                    0.8495924109375677
                ],
                [
                    0.7049731640337836,
                    -6.278366977068218e-06,
                    -0.7092339796941329,
                    -0.3155192788154124
                ],
                [
                    0.0,
                    0.0,
                    0.0,
                    1.0
                ]
            ],
            "size": [
                0.15068,
                0.17726,
                0.74884
            ]
        },
        "distance": 0.05036360237708666
    },
    {
        "case": 8,
        "collider1": {
            "type": "Box",
            "collider2origin": [
                [
                    0.9077781725128689,
                    0.4194505805326724,
                    0.0,
                    0.4158817547107895
                ],
                [
                    -0.4194505805326724,
                    0.9077781725128689,
                    0.0,
                    0.733173894971941
                ],
                [
                    0.0,
                    0.0,
                    1.0,
                    -0.6599999999999999
                ],
                [
                    0.0,
                    0.0,
                    0.0,
                    1.0
                ]
            ],
            "size": [
                0.6,
                1.0,
                0.8
            ]
        },
        "collider2": {
            "type": "Box",
            "collider2origin": [
                [
                    0.6407696014910729,
                    0.7656668273096029,
                    -0.05629056193198287,
                    0.5985987634811403
                ],
                [
                    0.7627303621535136,
                    -0.643237366377206,
                    -0.06699317237813206,
                    1.0805028569260513
                ],
                [
                    -0.08750264255519129,
                    -7.332320847647065e-06,
                    -0.9961642874004745,
                    -0.8160582575895624
                ],
                [
                    0.0,
                    0.0,
                    0.0,
                    1.0
                ]
            ],
            "size": [
                0.1202,
                0.13634,
                0.67816
            ]
        },
        "distance": 0.0
    },
    {
        "case": 9,
        "collider1": {
            "type": "Box",
            "collider2origin": [
                [
                    0.907778172512869,
                    0.4194505805326725,
                    0.0,
                    0.9947946797881562
                ],
                [
                    -0.4194505805326725,
                    0.907778172512869,
                    0.0,
                    0.5317739604993647
                ],
                [
                    0.0,
                    0.0,
                    1.0,
                    -0.69
                ],
                [
                    0.0,
                    0.0,
                    0.0,
                    1.0
                ]
            ],
            "size": [
                0.6,
                1.2,
                0.75
            ]
        },
        "collider2": {
            "type": "Box",
            "collider2origin": [
                [
                    0.6407696014910729,
                    0.7656668273096029,
                    -0.05629056193198287,
                    0.5985987634811403
                ],
                [
                    0.7627303621535136,
                    -0.643237366377206,
                    -0.06699317237813206,
                    1.0805028569260513
                ],
                [
                    -0.08750264255519129,
                    -7.332320847647065e-06,
                    -0.9961642874004745,
                    -0.8160582575895624
                ],
                [
                    0.0,
                    0.0,
                    0.0,
                    1.0
                ]
            ],
            "size": [
                0.1202,
                0.13634,
                0.67816
            ]
        },
        "distance": 0.200518402004741
    }
]