[
    {
        "case": 0,
        "collider1": {
            "type": "Box",
            "collider2origin": [
                [
                    0.907778172512869,
                    0.4194505805326725,
                    0.0,
                    -1.612083837096907
                ],
                [
                    -0.4194505805326725,
                    0.907778172512869,
                    0.0,
                    -0.24654756573714753
                ],
                [
                    0.0,
                    0.0,
                    1.0,
                    -0.040000000000000036
                ],
                [
                    0.0,
                    0.0,
                    0.0,
                    1.0
                ]
            ],
            "size": [
                2.0,
                2.0,
                2.0
            ]
        },
        "collider2": {
            "type": "Box",
            "collider2origin": [
                [
                    -0.011123139395888982,
                    -0.28090153107198046,
                    0.9596721344351917,
                    -0.012073881528049557
                ],
                [
                    0.0032518052480753046,
                    -0.9597365939820338,
                    -0.2808827085001726,
                    0.8411181404180728
                ],
                [
                    0.9999328485116427,
                    -3.6306373542851873e-06,
                    0.011588720991130123,
                    0.05781351674777335
                ],
                [
                    0.0,
                    0.0,
                    0.0,
                    1.0
                ]
            ],
            "size": [
                0.1202,
                0.13634,
                0.67816
            ]
        },
        "distance": 0.5409243727716716
    },
    {
        "case": 1,
        "collider1": {
            "type": "Box",
            "collider2origin": [
                [
                    0.907778172512869,
                    0.4194505805326725,
                    0.0,
                    -0.7418785952877999
                ],
                [
                    -0.4194505805326725,
                    0.907778172512869,
                    0.0,
                    1.2791466490804724
                ],
                [
                    0.0,
                    0.0,
                    1.0,
                    0.27
                ],
                [
                    0.0,
                    0.0,
                    0.0,
                    1.0
                ]
            ],
            "size": [
                0.52,
                1.16,
                0.6
            ]
        },
        "collider2": {
            "type": "Box",
            "collider2origin": [
                [
                    -0.011123139395888982,
                    -0.28090153107198046,
                    0.9596721344351917,
                    -0.012073881528049557
                ],
                [
                    0.0032518052480753046,
                    -0.9597365939820338,
                    -0.2808827085001726,
                    0.8411181404180728
                ],
                [
                    0.9999328485116427,
                    -3.6306373542851873e-06,
                    0.011588720991130123,
                    0.05781351674777335
                ],
                [
                    0.0,
                    0.0,
                    0.0,
                    1.0
                ]
            ],
            "size": [
                0.1202,
                0.13634,
                0.67816
            ]
        },
        "distance": 0.2401384007105641
    },
    {
        "case": 2,
        "collider1": {
            "type": "Box",
            "collider2origin": [
                [
                    0.907778172512869,
                    0.4194505805326725,
                    0.0,
                    -1.612083837096907
                ],
                [
                    -0.4194505805326725,
                    0.907778172512869,
                    0.0,
                    -0.24654756573714753
                ],
                [
                    0.0,
                    0.0,
                    1.0,
                    -0.040000000000000036
                ],
                [
                    0.0,
                    0.0,
                    0.0,
                    1.0
                ]
            ],
            "size": [
                2.0,
                2.0,
                2.0
            ]
        },
        "collider2": {
            "type": "Box",
            "collider2origin": [
                [
                    -0.24673175768870995,
                    -0.2809084629583855,
                    -0.9274771561532914,
                    -0.02722039957268474
                ],
                [
                    0.07221963082142231,
                    -0.9597345650912602,
                    0.271466184805966,
                    0.7139112666496339
                ],
                [
                    -0.9663890338118788,
                    -2.728882469198445e-06,
                    0.25708410164904394,
                    -0.025487548972836338
                ],
                [
                    0.0,
                    0.0,
                    0.0,
                    1.0
                ]
            ],
            "size": [
                0.15068,
                0.17726,
                0.74884
            ]
        },
        "distance": 0.3927456327801916
    },
    {
        "case": 3,
        "collider1": {
            "type": "Box",
            "collider2origin": [
                [
                    0.907778172512869,
                    0.4194505805326725,
                    0.0,
                    -0.7418785952877999
                ],
                [
                    -0.4194505805326725,
                    0.907778172512869,
                    0.0,
                    1.2791466490804724
                ],
                [
                    0.0,
                    0.0,
                    1.0,
                    0.27
                ],
                [
                    0.0,
                    0.0,
                    0.0,
                    1.0
                ]
            ],
            "size": [
                0.52,
                1.16,
                0.6
            ]
        },
        "collider2": {
            "type": "Box",
            "collider2origin": [
                [
                    -0.24673175768870995,
                    -0.2809084629583855,
                    -0.9274771561532914,
                    -0.02722039957268474
                ],
                [
                    0.07221963082142231,
                    -0.9597345650912602,
                    0.271466184805966,
                    0.7139112666496339
                ],
                [
                    -0.9663890338118788,
                    -2.728882469198445e-06,
                    0.25708410164904394,
                    -0.025487548972836338
                ],
                [
                    0.0,
                    0.0,
                    0.0,
                    1.0
                ]
            ],
            "size": [
                0.15068,
                0.17726,
                0.74884
            ]
        },
        "distance": 0.2357301323251509
    },
    {
        "case": 4,
        "collider1": {
            "type": "Box",
            "collider2origin": [
                [
                    0.907778172512869,
                    0.4194505805326725,
                    0.0,
                    -1.612083837096907
                ],
                [
                    -0.4194505805326725,
                    0.907778172512869,
                    0.0,
                    -0.24654756573714753
                ],
                [
                    0.0,
                    0.0,
                    1.0,
                    -0.040000000000000036
                ],
                [
                    0.0,
                    0.0,
                    0.0,
                    1.0
                ]
            ],
            "size": [
                2.0,
                2.0,
                2.0
            ]
        },
        "collider2": {
            "type": "Box",
            "collider2origin": [
                [
                    -0.24673175768870995,
                    -0.2809084629583855,
                    -0.9274771561532914,
                    -0.02722039957268474
                ],
                [
                    0.07221963082142231,
                    -0.9597345650912602,
                    0.271466184805966,
                    0.7139112666496339
                ],
                [
                    -0.9663890338118788,
                    -2.728882469198445e-06,
                    0.25708410164904394,
                    -0.025487548972836338
                ],
                [
                    0.0,
                    0.0,
                    0.0,
                    1.0
                ]
            ],
            "size": [
                0.15068,
                0.17726,
                0.74884
            ]
        },
        "distance": 0.3927456327801916
    },
    {
        "case": 5,
        "collider1": {
            "type": "Box",
            "collider2origin": [
                [
                    0.907778172512869,
                    0.4194505805326725,
                    0.0,
                    -0.7418785952877999
                ],
                [
                    -0.4194505805326725,
                    0.907778172512869,
                    0.0,
                    1.2791466490804724
                ],
                [
                    0.0,
                    0.0,
                    1.0,
                    0.27
                ],
                [
                    0.0,
                    0.0,
                    0.0,
                    1.0
                ]
            ],
            "size": [
                0.52,
                1.16,
                0.6
            ]
        },
        "collider2": {
            "type": "Box",
            "collider2origin": [
                [
                    -0.24673175768870995,
                    -0.2809084629583855,
                    -0.9274771561532914,
                    -0.02722039957268474
                ],
                [
                    0.07221963082142231,
                    -0.9597345650912602,
                    0.271466184805966,
                    0.7139112666496339
                ],
                [
                    -0.9663890338118788,
                    -2.728882469198445e-06,
                    0.25708410164904394,
                    -0.025487548972836338
                ],
                [
                    0.0,
                    0.0,
                    0.0,
                    1.0
                ]
            ],
            "size": [
                0.15068,
                0.17726,
                0.74884
            ]
        },
        "distance": 0.2357301323251509
    }
]