[
    {
        "case": 0,
        "collider1": {
            "type": "Box",
            "collider2origin": [
                [
                    0.9077781725128689,
                    0.4194505805326724,
                    0.0,
                    0.27063700059322826
                ],
                [
                    -0.4194505805326724,
                    0.9077781725128689,
                    0.0,
                    0.8002854543438492
                ],
                [
                    0.0,
                    0.0,
                    1.0,
                    -0.25
                ],
                [
                    0.0,
                    0.0,
                    0.0,
                    1.0
                ]
            ],
            "size": [
                0.2,
                0.2,
                0.02
            ]
        },
        "collider2": {
            "type": "Box",
            "collider2origin": [
                [
                    0.11906691392235322,
                    0.1909023623397054,
                    0.9743609998671574,
                    0.6255869779718151
                ],
                [
                    0.0231518518115968,
                    -0.9816090301317301,
                    0.18949328146807246,
                    0.6855087668421118
                ],
                [
                    0.9926162711575408,
                    -4.118753499513065e-06,
                    -0.12129690109947192,
                    -0.1391842405041812
                ],
                [
                    0.0,
                    0.0,
                    0.0,
                    1.0
                ]
            ],
            "size": [
                0.15068,
                0.17726,
                0.74884
            ]
        },
        "distance": 0.05719380264880768
    },
    {
        "case": 1,
        "collider1": {
            "type": "Box",
            "collider2origin": [
                [
                    0.9077781725128689,
                    0.4194505805326724,
                    0.0,
                    0.27063700059322826
                ],
                [
                    -0.4194505805326724,
                    0.9077781725128689,
                    0.0,
                    0.8002854543438492
                ],
                [
                    0.0,
                    0.0,
                    1.0,
                    -0.25
                ],
                [
                    0.0,
                    0.0,
                    0.0,
                    1.0
                ]
            ],
            "size": [
                0.2,
                0.2,
                0.02
            ]
        },
        "collider2": {
            "type": "Box",
            "collider2origin": [
                [
                    0.11906691392235322,
                    0.1909023623397054,
                    0.9743609998671574,
                    0.6255869779718151
                ],
                [
                    0.0231518518115968,
                    -0.9816090301317301,
                    0.18949328146807246,
                    0.6855087668421118
                ],
                [
                    0.9926162711575408,
                    -4.118753499513065e-06,
                    -0.12129690109947192,
                    -0.1391842405041812
                ],
                [
                    0.0,
                    0.0,
                    0.0,
                    1.0
                ]
            ],
            "size": [
                0.15068,
                0.17726,
                0.74884
            ]
        },
        "distance": 0.05719380264880768
    },
    {
        "case": 2,
        "collider1": {
            "type": "Box",
            "collider2origin": [
                [
                    0.9077781725128689,
                    0.4194505805326724,
                    0.0,
                    0.27063700059322826
                ],
                [
                    -0.4194505805326724,
                    0.9077781725128689,
                    0.0,
                    0.8002854543438492
                ],
                [
                    0.0,
                    0.0,
                    1.0,
                    -0.25
                ],
                [
                    0.0,
                    0.0,
                    0.0,
                    1.0
                ]
            ],
            "size": [
                0.2,
                0.2,
                0.02
            ]
        },
        "collider2": {
            "type": "Box",
            "collider2origin": [
                [
                    -0.4647312098474728,
                    0.1908956073512713,
                    -0.8646292671935719,
                    0.663109798783373
                ],
                [
                    -0.09037541570819518,
                    -0.9816103438178758,
                    -0.16814701051556843,
                    0.8215126267299392
                ],
                [
                    -0.8808275579415502,
                    -1.934173044633447e-06,
                    0.4734372325525146,
                    -0.04412383263503461
                ],
                [
                    0.0,
                    0.0,
                    0.0,
                    1.0
                ]
            ],
            "size": [
                0.1202,
                0.13634,
                0.67816
            ]
        },
        "distance": 0.23080919062582594
    }
]