[
    {
        "case": 0,
        "collider1": {
            "type": "Box",
            "collider2origin": [
                [
                    0.9077781725128689,
                    0.4194505805326724,
                    0.0,
                    0.4158817547107895
                ],
                [
                    -0.4194505805326724,
                    0.9077781725128689,
                    0.0,
                    0.733173894971941
                ],
                [
                    0.0,
                    0.0,
                    1.0,
                    -0.6599999999999999
                ],
                [
                    0.0,
                    0.0,
                    0.0,
                    1.0
                ]
            ],
            "size": [
                0.6,
                1.0,
                0.8
            ]
        },
        "collider2": {
            "type": "Box",
            "collider2origin": [
                [
                    -0.17137307283367625,
                    0.9253967004301805,
                    0.33804173816331906,
                    0.6601055809774287
                ],
                [
                    -0.41844300869623985,
                    -0.3789999298534041,
                    0.8253874857570556,
                    1.2572086097224546
                ],
                [
                    0.8919286509473624,
                    -2.012269316945333e-06,
                    0.45217616214830314,
                    -1.0141345990936677
                ],
                [
                    0.0,
                    0.0,
                    0.0,
                    1.0
                ]
            ],
            "size": [
                0.09102,
                0.10007,
                0.11882
            ]
        },
        "distance": 0.0024436307275669655
    },
    {
        "case": 1,
        "collider1": {
            "type": "Box",
            "collider2origin": [
                [
                    0.907778172512869,
                    0.4194505805326725,
                    0.0,
                    0.9947946797881562
                ],
                [
                    -0.4194505805326725,
                    0.907778172512869,
                    0.0,
                    0.5317739604993647
                ],
                [
                    0.0,
                    0.0,
                    1.0,
                    -0.69
                ],
                [
                    0.0,
                    0.0,
                    0.0,
                    1.0
                ]
            ],
            "size": [
                0.6,
                1.2,
                0.75
            ]
        },
        "collider2": {
            "type": "Box",
            "collider2origin": [
                [
                    -0.17137307283367625,
                    0.9253967004301805,
                    0.33804173816331906,
                    0.6601055809774287
                ],
                [
                    -0.41844300869623985,
                    -0.3789999298534041,
                    0.8253874857570556,
                    1.2572086097224546
                ],
                [
                    0.8919286509473624,
                    -2.012269316945333e-06,
                    0.45217616214830314,
                    -1.0141345990936677
                ],
                [
                    0.0,
                    0.0,
                    0.0,
                    1.0
                ]
            ],
            "size": [
                0.09102,
                0.10007,
                0.11882
            ]
        },
        "distance": 0.25487600760178314
    },
    {
        "case": 2,
        "collider1": {
            "type": "Box",
            "collider2origin": [
                [
                    0.9077781725128689,
                    0.4194505805326724,
                    0.0,
                    0.4158817547107895
                ],
                [
                    -0.4194505805326724,
                    0.9077781725128689,
                    0.0,
                    0.733173894971941
                ],
                [
                    0.0,
                    0.0,
                    1.0,
                    -0.6599999999999999
                ],
                [
                    0.0,
                    0.0,
                    0.0,
                    1.0
                ]
            ],
            "size": [
                0.6,
                1.0,
                0.8
            ]
        },
        "collider2": {
            "type": "Box",
            "collider2origin": [
                [
                    0.9324295349466368,
                    -0.1276829887601348,
                    0.33804173816331906,
                    0.7004904550578548
                ],
                [
                    -0.2285431468117305,
                    0.5162397973820291,
                    0.8253874857570556,
                    1.3469761042397226
                ],
                [
                    -0.2798985394827747,
                    -0.846872792088777,
                    0.45217616214830314,
                    -0.9663540048109847
                ],
                [
                    0.0,
                    0.0,
                    0.0,
                    1.0
                ]
            ],
            "size": [
                0.09126,
                0.11887,
                0.10009
            ]
        },
        "distance": 0.09893288591486865
    },
    {
        "case": 3,
        "collider1": {
            "type": "Box",
            "collider2origin": [
                [
                    0.9077781725128689,
                    0.4194505805326724,
                    0.0,
                    0.4158817547107895
                ],
                [
                    -0.4194505805326724,
                    0.9077781725128689,
                    0.0,
                    0.733173894971941
                ],
                [
                    0.0,
                    0.0,
                    1.0,
                    -0.6599999999999999
                ],
                [
                    0.0,
                    0.0,
                    0.0,
                    1.0
                ]
            ],
            "size": [
                0.6,
                1.0,
                0.8
            ]
        },
        "collider2": {
            "type": "Box",
            "collider2origin": [
                [
                    0.20183636256298404,
                    0.9253966370433899,
                    0.3207852036739346,
                    0.4621178270534273
                ],
                [
                    0.4928070838193067,
                    -0.37900008458718676,
                    0.7832624809222103,
                    1.0686677730079213
                ],
                [
                    0.8464060850944151,
                    -5.629326463545003e-06,
                    -0.5325380165616874,
                    -0.8597339228053851
                ],
                [
                    0.0,
                    0.0,
                    0.0,
                    1.0
                ]
            ],
            "size": [
                0.1202,
                0.13634,
                0.67816
            ]
        },
        "distance": 0.0
    },
    {
        "case": 4,
        "collider1": {
            "type": "Box",
            "collider2origin": [
                [
                    0.907778172512869,
                    0.4194505805326725,
                    0.0,
                    0.9947946797881562
                ],
                [
                    -0.4194505805326725,
                    0.907778172512869,
                    0.0,
                    0.5317739604993647
                ],
                [
                    0.0,
                    0.0,
                    1.0,
                    -0.69
                ],
                [
                    0.0,
                    0.0,
                    0.0,
                    1.0
                ]
            ],
            "size": [
                0.6,
                1.2,
                0.75
            ]
        },
        "collider2": {
            "type": "Box",
            "collider2origin": [
                [
                    0.20183636256298404,
                    0.9253966370433899,
                    0.3207852036739346,
                    0.4621178270534273
                ],
                [
                    0.4928070838193067,
                    -0.37900008458718676,
                    0.7832624809222103,
                    1.0686677730079213
                ],
                [
                    0.8464060850944151,
                    -5.629326463545003e-06,
                    -0.5325380165616874,
                    -0.8597339228053851
                ],
                [
                    0.0,
                    0.0,
                    0.0,
                    1.0
                ]
            ],
            "size": [
                0.1202,
                0.13634,
                0.67816
            ]
        },
        "distance": 0.32657710826443687
    },
    {
        "case": 5,
        "collider1": {
            "type": "Box",
            "collider2origin": [
                [
                    0.9077781725128689,
                    0.4194505805326724,
                    0.0,
                    0.4158817547107895
                ],
                [
                    -0.4194505805326724,
                    0.9077781725128689,
                    0.0,
                    0.733173894971941
                ],
                [
                    0.0,
                    0.0,
                    1.0,
                    -0.6599999999999999
                ],
                [
                    0.0,
                    0.0,
                    0.0,
                    1.0
                ]
            ],
            "size": [
                0.6,
                1.0,
                0.8
            ]
        },
        "collider2": {
            "type": "Box",
            "collider2origin": [
                [
                    0.3763139941952562,
                    0.9253956242609126,
                    0.04506347047852078,
                    0.4750000155131378
                ],
                [
                    0.9188287683583122,
                    -0.379002557438823,
                    0.11004887955803427,
                    0.7667688974427991
                ],
                [
                    0.11891792215624937,
                    -7.320345466144577e-06,
                    -0.992904087883846,
                    -0.40055384149484174
                ],
                [
                    0.0,
                    0.0,
                    0.0,
                    1.0
                ]
            ],
            "size": [
                0.15068,
                0.17726,
                0.74884
            ]
        },
        "distance": 0.0
    },
    {
        "case": 6,
        "collider1": {
            "type": "Box",
            "collider2origin": [
                [
                    0.9077781725128689,
                    0.4194505805326724,
                    0.0,
                    0.27063700059322826
                ],
                [
                    -0.4194505805326724,
                    0.9077781725128689,
                    0.0,
                    0.8002854543438492
                ],
                [
                    0.0,
                    0.0,
                    1.0,
                    -0.25
                ],
                [
                    0.0,
                    0.0,
                    0.0,
                    1.0
                ]
            ],
            "size": [
                0.2,
                0.2,
                0.02
            ]
        },
        "collider2": {
            "type": "Box",
            "collider2origin": [
                [
                    0.3763139941952562,
                    0.9253956242609126,
                    0.04506347047852078,
                    0.4750000155131378
                ],
                [
                    0.9188287683583122,
                    -0.379002557438823,
                    0.11004887955803427,
                    0.7667688974427991
                ],
                [
                    0.11891792215624937,
                    -7.320345466144577e-06,
                    -0.992904087883846,
                    -0.40055384149484174
                ],
                [
                    0.0,
                    0.0,
                    0.0,
                    1.0
                ]
            ],
            "size": [
                0.15068,
                0.17726,
                0.74884
            ]
        },
        "distance": 0.00887710202905262
    },
    {
        "case": 7,
        "collider1": {
            "type": "Box",
            "collider2origin": [
                [
                    0.907778172512869,
                    0.4194505805326725,
                    0.0,
                    0.9947946797881562
                ],
                [
                    -0.4194505805326725,
                    0.907778172512869,
                    0.0,
                    0.5317739604993647
                ],
                [
                    0.0,
                    0.0,
                    1.0,
                    -0.69
                ],
                [
                    0.0,
                    0.0,
                    0.0,
                    1.0
                ]
            ],
            "size": [
                0.6,
                1.2,
                0.75
            ]
        },
        "collider2": {
            "type": "Box",
            "collider2origin": [
                [
                    0.3763139941952562,
                    0.9253956242609126,
                    0.04506347047852078,
                    0.4750000155131378
                ],
                [
                    0.9188287683583122,
                    -0.379002557438823,
                    0.11004887955803427,
                    0.7667688974427991
                ],
                [
                    0.11891792215624937,
                    -7.320345466144577e-06,
                    -0.992904087883846,
                    -0.40055384149484174
                ],
                [
                    0.0,
                    0.0,
                    0.0,
                    1.0
                ]
            ],
            "size": [
                0.15068,
                0.17726,
                0.74884
            ]
        },
        "distance": 0.17808138996640172
    },
    {
        "case": 8,
        "collider1": {
            "type": "Box",
            "collider2origin": [
                [
                    0.9077781725128689,
                    0.4194505805326724,
                    0.0,
                    0.4158817547107895
                ],
                [
                    -0.4194505805326724,
                    0.9077781725128689,
                    0.0,
                    0.733173894971941
                ],
                [
                    0.0,
                    0.0,
                    1.0,
                    -0.6599999999999999
                ],
                [
                    0.0,
                    0.0,
                    0.0,
                    1.0
                ]
            ],
            "size": [
                0.6,
                1.0,
                0.8
            ]
        },
        "collider2": {
            "type": "Box",
            "collider2origin": [
                [
                    0.3763139941952562,
                    0.9253956242609126,
                    0.04506347047852078,
                    0.4750000155131378
                ],
                [
                    0.9188287683583122,
                    -0.379002557438823,
                    0.11004887955803427,
                    0.7667688974427991
                ],
                [
                    0.11891792215624937,
                    -7.320345466144577e-06,
                    -0.992904087883846,
                    -0.40055384149484174
                ],
                [
                    0.0,
                    0.0,
                    0.0,
                    1.0
                ]
            ],
            "size": [
                0.15068,
                0.17726,
                0.74884
            ]
        },
        "distance": 0.0
    },
    {
        "case": 9,
        "collider1": {
            "type": "Box",
            "collider2origin": [
                [
                    0.9077781725128689,
                    0.4194505805326724,
                    0.0,
                    0.27063700059322826
                ],
                [
                    -0.4194505805326724,
                    0.9077781725128689,
                    0.0,
                    0.8002854543438492
                ],
                [
                    0.0,
                    0.0,
                    1.0,
                    -0.25
                ],
                [
                    0.0,
                    0.0,
                    0.0,
                    1.0
                ]
            ],
            "size": [
                0.2,
                0.2,
                0.02
            ]
        },
        "collider2": {
            "type": "Box",
            "collider2origin": [
                [
                    0.3763139941952562,
                    0.9253956242609126,
                    0.04506347047852078,
                    0.4750000155131378
                ],
                [
                    0.9188287683583122,
                    -0.379002557438823,
                    0.11004887955803427,
                    0.7667688974427991
                ],
                [
                    0.11891792215624937,
                    -7.320345466144577e-06,
                    -0.992904087883846,
                    -0.40055384149484174
                ],
                [
                    0.0,
                    0.0,
                    0.0,
                    1.0
                ]
            ],
            "size": [
                0.15068,
                0.17726,
                0.74884
            ]
        },
        "distance": 0.00887710202905262
    },
    {
        "case": 10,
        "collider1": {
            "type": "Box",
            "collider2origin": [
                [
                    0.907778172512869,
                    0.4194505805326725,
                    0.0,
                    0.9947946797881562
                ],
                [
                    -0.4194505805326725,
                    0.907778172512869,
                    0.0,
                    0.5317739604993647
                ],
                [
                    0.0,
                    0.0,
                    1.0,
                    -0.69
                ],
                [
                    0.0,
                    0.0,
                    0.0,
                    1.0
                ]
            ],
            "size": [
                0.6,
                1.2,
                0.75
            ]
        },
        "collider2": {
            "type": "Box",
            "collider2origin": [
                [
                    0.3763139941952562,
                    0.9253956242609126,
                    0.04506347047852078,
                    0.4750000155131378
                ],
                [
                    0.9188287683583122,
                    -0.379002557438823,
                    0.11004887955803427,
                    0.7667688974427991
                ],
                [
                    0.11891792215624937,
                    -7.320345466144577e-06,
                    -0.992904087883846,
                    -0.40055384149484174
                ],
                [
                    0.0,
                    0.0,
                    0.0,
                    1.0
                ]
            ],
            "size": [
                0.15068,
                0.17726,
                0.74884
            ]
        },
        "distance": 0.17808138996640172
    }
]