[
    {
        "case": 0,
        "collider1": {
            "type": "Box",
            "collider2origin": [
                [
                    0.9077781725128689,
                    0.4194505805326724,
                    0.0,
                    0.4158817547107895
                ],
                [
                    -0.4194505805326724,
                    0.9077781725128689,
                    0.0,
                    0.733173894971941
                ],
                [
                    0.0,
                    0.0,
                    1.0,
                    -0.6599999999999999
                ],
                [
                    0.0,
                    0.0,
                    0.0,
                    1.0
                ]
            ],
            "size": [
                0.6,
                1.0,
                0.8
            ]
        },
        "collider2": {
            "type": "Box",
            "collider2origin": [
                [
                    0.38200916729058415,
                    0.82038295723619,
                    0.42548889478147156,
                    0.5707863964278863
                ],
                [
                    0.5480610586125003,
                    -0.571814483411239,
                    0.610456609918906,
                    0.8832589459099223
                ],
                [
                    0.7441089114763374,
                    -6.127120358220136e-06,
                    -0.6680583266631426,
                    -0.30317168861355026
                ],
                [
                    0.0,
                    0.0,
                    0.0,
                    1.0
                ]
            ],
            "size": [
                0.15068,
                0.17726,
                0.74884
            ]
        },
        "distance": 0.0
    },
    {
        "case": 1,
        "collider1": {
            "type": "Box",
            "collider2origin": [
                [
                    0.9077781725128689,
                    0.4194505805326724,
                    0.0,
                    0.27063700059322826
                ],
                [
                    -0.4194505805326724,
                    0.9077781725128689,
                    0.0,
                    0.8002854543438492
                ],
                [
                    0.0,
                    0.0,
                    1.0,
                    -0.25
                ],
                [
                    0.0,
                    0.0,
                    0.0,
                    1.0
                ]
            ],
            "size": [
                0.2,
                0.2,
                0.02
            ]
        },
        "collider2": {
            "type": "Box",
            "collider2origin": [
                [
                    0.38200916729058415,
                    0.82038295723619,
                    0.42548889478147156,
                    0.5707863964278863
                ],
                [
                    0.5480610586125003,
                    -0.571814483411239,
                    0.610456609918906,
                    0.8832589459099223
                ],
                [
                    0.7441089114763374,
                    -6.127120358220136e-06,
                    -0.6680583266631426,
                    -0.30317168861355026
                ],
                [
                    0.0,
                    0.0,
                    0.0,
                    1.0
                ]
            ],
            "size": [
                0.15068,
                0.17726,
                0.74884
            ]
        },
        "distance": 0.018020794039797124
    },
    {
        "case": 2,
        "collider1": {
            "type": "Box",
            "collider2origin": [
                [
                    0.907778172512869,
                    0.4194505805326725,
                    0.0,
                    0.9947946797881562
                ],
                [
                    -0.4194505805326725,
                    0.907778172512869,
                    0.0,
                    0.5317739604993647
                ],
                [
                    0.0,
                    0.0,
                    1.0,
                    -0.69
                ],
                [
                    0.0,
                    0.0,
                    0.0,
                    1.0
                ]
            ],
            "size": [
                0.6,
                1.2,
                0.75
            ]
        },
        "collider2": {
            "type": "Box",
            "collider2origin": [
                [
                    0.38200916729058415,
                    0.82038295723619,
                    0.42548889478147156,
                    0.5707863964278863
                ],
                [
                    0.5480610586125003,
                    -0.571814483411239,
                    0.610456609918906,
                    0.8832589459099223
                ],
                [
                    0.7441089114763374,
                    -6.127120358220136e-06,
                    -0.6680583266631426,
                    -0.30317168861355026
                ],
                [
                    0.0,
                    0.0,
                    0.0,
                    1.0
                ]
            ],
            "size": [
                0.15068,
                0.17726,
                0.74884
            ]
        },
        "distance": 0.08751948905859415
    },
    {
        "case": 3,
        "collider1": {
            "type": "Box",
            "collider2origin": [
                [
                    0.9077781725128689,
                    0.4194505805326724,
                    0.0,
                    0.4158817547107895
                ],
                [
                    -0.4194505805326724,
                    0.9077781725128689,
                    0.0,
                    0.733173894971941
                ],
                [
                    0.0,
                    0.0,
                    1.0,
                    -0.6599999999999999
                ],
                [
                    0.0,
                    0.0,
                    0.0,
                    1.0
                ]
            ],
            "size": [
                0.6,
                1.0,
                0.8
            ]
        },
        "collider2": {
            "type": "Box",
            "collider2origin": [
                [
                    0.38200916729058415,
                    0.82038295723619,
                    0.42548889478147156,
                    0.5707863964278863
                ],
                [
                    0.5480610586125003,
                    -0.571814483411239,
                    0.610456609918906,
                    0.8832589459099223
                ],
                [
                    0.7441089114763374,
                    -6.127120358220136e-06,
                    -0.6680583266631426,
                    -0.30317168861355026
                ],
                [
                    0.0,
                    0.0,
                    0.0,
                    1.0
                ]
            ],
            "size": [
                0.15068,
                0.17726,
                0.74884
            ]
        },
        "distance": 0.0
    },
    {
        "case": 4,
        "collider1": {
            "type": "Box",
            "collider2origin": [
                [
                    0.9077781725128689,
                    0.4194505805326724,
                    0.0,
                    0.27063700059322826
                ],
                [
                    -0.4194505805326724,
                    0.9077781725128689,
                    0.0,
                    0.8002854543438492
                ],
                [
                    0.0,
                    0.0,
                    1.0,
                    -0.25
                ],
                [
                    0.0,
                    0.0,
                    0.0,
                    1.0
                ]
            ],
            "size": [
                0.2,
                0.2,
                0.02
            ]
        },
        "collider2": {
            "type": "Box",
            "collider2origin": [
                [
                    0.38200916729058415,
                    0.82038295723619,
                    0.42548889478147156,
                    0.5707863964278863
                ],
                [
                    0.5480610586125003,
                    -0.571814483411239,
                    0.610456609918906,
                    0.8832589459099223
                ],
                [
                    0.7441089114763374,
                    -6.127120358220136e-06,
                    -0.6680583266631426,
                    -0.30317168861355026
                ],
                [
                    0.0,
                    0.0,
                    0.0,
                    1.0
                ]
            ],
            "size": [
                0.15068,
                0.17726,
                0.74884
            ]
        },
        "distance": 0.018020794039797124
    },
    {
        "case": 5,
        "collider1": {
            "type": "Box",
            "collider2origin": [
                [
                    0.907778172512869,
                    0.4194505805326725,
                    0.0,
                    0.9947946797881562
                ],
                [
                    -0.4194505805326725,
                    0.907778172512869,
                    0.0,
                    0.5317739604993647
                ],
                [
                    0.0,
                    0.0,
                    1.0,
                    -0.69
                ],
                [
                    0.0,
                    0.0,
                    0.0,
                    1.0
                ]
            ],
            "size": [
                0.6,
                1.2,
                0.75
            ]
        },
        "collider2": {
            "type": "Box",
            "collider2origin": [
                [
                    0.38200916729058415,
                    0.82038295723619,
                    0.42548889478147156,
                    0.5707863964278863
                ],
                [
                    0.5480610586125003,
                    -0.571814483411239,
                    0.610456609918906,
                    0.8832589459099223
                ],
                [
                    0.7441089114763374,
                    -6.127120358220136e-06,
                    -0.6680583266631426,
                    -0.30317168861355026
                ],
                [
                    0.0,
                    0.0,
                    0.0,
                    1.0
                ]
            ],
            "size": [
                0.15068,
                0.17726,
                0.74884
            ]
        },
        "distance": 0.08751948905859415
    },
    {
        "case": 6,
        "collider1": {
            "type": "Box",
            "collider2origin": [
                [
                    0.9077781725128689,
                    0.4194505805326724,
                    0.0,
                    0.4158817547107895
                ],
                [
                    -0.4194505805326724,
                    0.9077781725128689,
                    0.0,
                    0.733173894971941
                ],
                [
                    0.0,
                    0.0,
                    1.0,
                    -0.6599999999999999
                ],
                [
                    0.0,
                    0.0,
                    0.0,
                    1.0
                ]
            ],
            "size": [
                0.6,
                1.0,
                0.8
            ]
        },
        "collider2": {
            "type": "Box",
            "collider2origin": [
                [
                    -0.5660291033071224,
                    0.8203816923999886,
                    0.0811475999907897,
                    0.6227371493729918
                ],
                [
                    -0.8120788451392831,
                    -0.5718162981018721,
                    0.11642195025990182,
                    1.1787367965538718
                ],
                [
                    0.14191195681331045,
                    -3.7175466364044514e-08,
                    0.989879283808594,
                    -0.23400773525638774
                ],
                [
                    0.0,
                    0.0,
                    0.0,
                    1.0
                ]
            ],
            "size": [
                0.1202,
                0.13634,
                0.67816
            ]
        },
        "distance": 0.0
    },
    {
        "case": 7,
        "collider1": {
            "type": "Box",
            "collider2origin": [
                [
                    0.907778172512869,
                    0.4194505805326725,
                    0.0,
                    0.9947946797881562
                ],
                [
                    -0.4194505805326725,
                    0.907778172512869,
                    0.0,
                    0.5317739604993647
                ],
                [
                    0.0,
                    0.0,
                    1.0,
                    -0.69
                ],
                [
                    0.0,
                    0.0,
                    0.0,
                    1.0
                ]
            ],
            "size": [
                0.6,
                1.2,
                0.75
            ]
        },
        "collider2": {
            "type": "Box",
            "collider2origin": [
                [
                    -0.5660291033071224,
                    0.8203816923999886,
                    0.0811475999907897,
                    0.6227371493729918
                ],
                [
                    -0.8120788451392831,
                    -0.5718162981018721,
                    0.11642195025990182,
                    1.1787367965538718
                ],
                [
                    0.14191195681331045,
                    -3.7175466364044514e-08,
                    0.989879283808594,
                    -0.23400773525638774
                ],
                [
                    0.0,
                    0.0,
                    0.0,
                    1.0
                ]
            ],
            "size": [
                0.1202,
                0.13634,
                0.67816
            ]
        },
        "distance": 0.23333116487970032
    }
]