[
    {
        "case": 0,
        "collider1": {
            "type": "Box",
            "collider2origin": [
                [
                    0.907778172512869,
                    0.4194505805326725,
                    0.0,
                    -1.612083837096907
                ],
                [
                    -0.4194505805326725,
                    0.907778172512869,
                    0.0,
                    -0.24654756573714753
                ],
                [
                    0.0,
                    0.0,
                    1.0,
                    -0.040000000000000036
                ],
                [
                    0.0,
                    0.0,
                    0.0,
                    1.0
                ]
            ],
            "size": [
                2.0,
                2.0,
                2.0
            ]
        },
        "collider2": {
            "type": "Box",
            "collider2origin": [
                [
                    -0.7082659506660096,
                    0.4899913485450321,
                    0.5082005720955011,
                    -0.06392276729330576
                ],
                [
                    -0.3981114179709878,
                    -0.8717272958618116,
                    0.28565507264983586,
                    0.5401490728309182
                ],
                [
                    0.582980824734659,
                    -6.887777032036336e-07,
                    0.8124859124878548,
                    0.19419414189718331
                ],
                [
                    0.0,
                    0.0,
                    0.0,
                    1.0
                ]
            ],
            "size": [
                0.1202,
                0.13634,
                0.67816
            ]
        },
        "distance": 0.12380664201877138
    },
    {
        "case": 1,
        "collider1": {
            "type": "Box",
            "collider2origin": [
                [
                    0.907778172512869,
                    0.4194505805326725,
                    0.0,
                    -0.7418785952877999
                ],
                [
                    -0.4194505805326725,
                    0.907778172512869,
                    0.0,
                    1.2791466490804724
                ],
                [
                    0.0,
                    0.0,
                    1.0,
                    0.27
                ],
                [
                    0.0,
                    0.0,
                    0.0,
                    1.0
                ]
            ],
            "size": [
                0.52,
                1.16,
                0.6
            ]
        },
        "collider2": {
            "type": "Box",
            "collider2origin": [
                [
                    -0.7082659506660096,
                    0.4899913485450321,
                    0.5082005720955011,
                    -0.06392276729330576
                ],
                [
                    -0.3981114179709878,
                    -0.8717272958618116,
                    0.28565507264983586,
                    0.5401490728309182
                ],
                [
                    0.582980824734659,
                    -6.887777032036336e-07,
                    0.8124859124878548,
                    0.19419414189718331
                ],
                [
                    0.0,
                    0.0,
                    0.0,
                    1.0
                ]
            ],
            "size": [
                0.1202,
                0.13634,
                0.67816
            ]
        },
        "distance": 0.46603586712204476
    }
]