[
    {
        "case": 0,
        "collider1": {
            "type": "Box",
            "collider2origin": [
                [
                    0.9077781725128689,
                    0.4194505805326724,
                    0.0,
                    0.4158817547107895
                ],
                [
                    -0.4194505805326724,
                    0.9077781725128689,
                    0.0,
                    0.733173894971941
                ],
                [
                    0.0,
                    0.0,
                    1.0,
                    -0.6599999999999999
                ],
                [
                    0.0,
                    0.0,
                    0.0,
                    1.0
                ]
            ],
            "size": [
                0.6,
                1.0,
                0.8
            ]
        },
        "collider2": {
            "type": "Box",
            "collider2origin": [
                [
                    -0.27036796524647644,
                    0.9557147995312874,
                    0.11623418311904408,
                    0.2001616877995196
                ],
                [
                    -0.8780144703992002,
                    -0.2942944477165381,
                    0.37746704202198844,
                    0.31199595516297435
                ],
                [
                    0.3949579131225146,
                    -2.9863445992901695e-07,
                    0.9186992145755969,
                    0.07359800746668732
                ],
                [
                    0.0,
                    0.0,
                    0.0,
                    1.0
                ]
            ],
            "size": [
                0.1202,
                0.13634,
                0.67816
            ]
        },
        "distance": 0.03772142390821529
    },
    {
        "case": 1,
        "collider1": {
            "type": "Box",
            "collider2origin": [
                [
                    0.9077781725128689,
                    0.4194505805326724,
                    0.0,
                    0.4158817547107895
                ],
                [
                    -0.4194505805326724,
                    0.9077781725128689,
                    0.0,
                    0.733173894971941
                ],
                [
                    0.0,
                    0.0,
                    1.0,
                    -0.6599999999999999
                ],
                [
                    0.0,
                    0.0,
                    0.0,
                    1.0
                ]
            ],
            "size": [
                0.6,
                1.0,
                0.8
            ]
        },
        "collider2": {
            "type": "Box",
            "collider2origin": [
                [
                    0.03907555471194215,
                    0.9557133011286785,
                    -0.29169365277578047,
                    0.37930823001370784
                ],
                [
                    0.12690872784233864,
                    -0.29429931367301887,
                    -0.9472497499440309,
                    0.4644742219466255
                ],
                [
                    -0.9911444273270132,
                    -4.160963647649504e-06,
                    -0.13278826816135958,
                    -0.14243511562548328
                ],
                [
                    0.0,
                    0.0,
                    0.0,
                    1.0
                ]
            ],
            "size": [
                0.15068,
                0.17726,
                0.74884
            ]
        },
        "distance": 0.007337216061914365
    },
    {
        "case": 2,
        "collider1": {
            "type": "Box",
            "collider2origin": [
                [
                    0.9077781725128689,
                    0.4194505805326724,
                    0.0,
                    0.27063700059322826
                ],
                [
                    -0.4194505805326724,
                    0.9077781725128689,
                    0.0,
                    0.8002854543438492
                ],
                [
                    0.0,
                    0.0,
                    1.0,
                    -0.25
                ],
                [
                    0.0,
                    0.0,
                    0.0,
                    1.0
                ]
            ],
            "size": [
                0.2,
                0.2,
                0.02
            ]
        },
        "collider2": {
            "type": "Box",
            "collider2origin": [
                [
                    0.03907555471194215,
                    0.9557133011286785,
                    -0.29169365277578047,
                    0.37930823001370784
                ],
                [
                    0.12690872784233864,
                    -0.29429931367301887,
                    -0.9472497499440309,
                    0.4644742219466255
                ],
                [
                    -0.9911444273270132,
                    -4.160963647649504e-06,
                    -0.13278826816135958,
                    -0.14243511562548328
                ],
                [
                    0.0,
                    0.0,
                    0.0,
                    1.0
                ]
            ],
            "size": [
                0.15068,
                0.17726,
                0.74884
            ]
        },
        "distance": 0.05300113108185535
    },
    {
        "case": 3,
        "collider1": {
            "type": "Box",
            "collider2origin": [
                [
                    0.9077781725128689,
                    0.4194505805326724,
                    0.0,
                    0.4158817547107895
                ],
                [
                    -0.4194505805326724,
                    0.9077781725128689,
                    0.0,
                    0.733173894971941
                ],
                [
                    0.0,
                    0.0,
                    1.0,
                    -0.6599999999999999
                ],
                [
                    0.0,
                    0.0,
                    0.0,
                    1.0
                ]
            ],
            "size": [
                0.6,
                1.0,
                0.8
            ]
        },
        "collider2": {
            "type": "Box",
            "collider2origin": [
                [
                    0.03907555471194215,
                    0.9557133011286785,
                    -0.29169365277578047,
                    0.37930823001370784
                ],
                [
                    0.12690872784233864,
                    -0.29429931367301887,
                    -0.9472497499440309,
                    0.4644742219466255
                ],
                [
                    -0.9911444273270132,
                    -4.160963647649504e-06,
                    -0.13278826816135958,
                    -0.14243511562548328
                ],
                [
                    0.0,
                    0.0,
                    0.0,
                    1.0
                ]
            ],
            "size": [
                0.15068,
                0.17726,
                0.74884
            ]
        },
        "distance": 0.007337216061914365
    },
    {
        "case": 4,
        "collider1": {
            "type": "Box",
            "collider2origin": [
                [
                    0.9077781725128689,
                    0.4194505805326724,
                    0.0,
                    0.27063700059322826
                ],
                [
                    -0.4194505805326724,
                    0.9077781725128689,
                    0.0,
                    0.8002854543438492
                ],
                [
                    0.0,
                    0.0,
                    1.0,
                    -0.25
                ],
                [
                    0.0,
                    0.0,
                    0.0,
                    1.0
                ]
            ],
            "size": [
                0.2,
                0.2,
                0.02
            ]
        },
        "collider2": {
            "type": "Box",
            "collider2origin": [
                [
                    0.03907555471194215,
                    0.9557133011286785,
                    -0.29169365277578047,
                    0.37930823001370784
                ],
                [
                    0.12690872784233864,
                    -0.29429931367301887,
                    -0.9472497499440309,
                    0.4644742219466255
                ],
                [
                    -0.9911444273270132,
                    -4.160963647649504e-06,
                    -0.13278826816135958,
                    -0.14243511562548328
                ],
                [
                    0.0,
                    0.0,
                    0.0,
                    1.0
                ]
            ],
            "size": [
                0.15068,
                0.17726,
                0.74884
            ]
        },
        "distance": 0.05300113108185535
    }
]