[
    {
        "case": 0,
        "collider1": {
            "type": "Box",
            "collider2origin": [
                [
                    0.9077781725128689,
                    0.4194505805326724,
                    0.0,
                    0.4158817547107895
                ],
                [
                    -0.4194505805326724,
                    0.9077781725128689,
                    0.0,
                    0.733173894971941
                ],
                [
                    0.0,
                    0.0,
                    1.0,
                    -0.6599999999999999
                ],
                [
                    0.0,
                    0.0,
                    0.0,
                    1.0
                ]
            ],
            "size": [
                0.6,
                1.0,
                0.8
            ]
        },
        "collider2": {
            "type": "Box",
            "collider2origin": [
                [
                    0.08550396746258349,
                    -0.9383845715560162,
                    -0.33484842453532543,
                    0.0357605993862653
                ],
                [
                    -0.23215518430382592,
                    -0.3455928179876396,
                    0.9092137122570353,
                    1.0124390631546991
                ],
                [
                    -0.9689133304630574,
                    -4.581957516042814e-06,
                    -0.24740040022197127,
                    -0.1768175155361269
                ],
                [
                    0.0,
                    0.0,
                    0.0,
                    1.0
                ]
            ],
            "size": [
                0.15068,
                0.17726,
                0.74884
            ]
        },
        "distance": 0.038905632514367836
    },
    {
        "case": 1,
        "collider1": {
            "type": "Box",
            "collider2origin": [
                [
                    0.9077781725128689,
                    0.4194505805326724,
                    0.0,
                    0.27063700059322826
                ],
                [
                    -0.4194505805326724,
                    0.9077781725128689,
                    0.0,
                    0.8002854543438492
                ],
                [
                    0.0,
                    0.0,
                    1.0,
                    -0.25
                ],
                [
                    0.0,
                    0.0,
                    0.0,
                    1.0
                ]
            ],
            "size": [
                0.2,
                0.2,
                0.02
            ]
        },
        "collider2": {
            "type": "Box",
            "collider2origin": [
                [
                    0.08550396746258349,
                    -0.9383845715560162,
                    -0.33484842453532543,
                    0.0357605993862653
                ],
                [
                    -0.23215518430382592,
                    -0.3455928179876396,
                    0.9092137122570353,
                    1.0124390631546991
                ],
                [
                    -0.9689133304630574,
                    -4.581957516042814e-06,
                    -0.24740040022197127,
                    -0.1768175155361269
                ],
                [
                    0.0,
                    0.0,
                    0.0,
                    1.0
                ]
            ],
            "size": [
                0.15068,
                0.17726,
                0.74884
            ]
        },
        "distance": 0.03367558137827087
    },
    {
        "case": 2,
        "collider1": {
            "type": "Box",
            "collider2origin": [
                [
                    0.718022042059392,
                    -0.6960203640101781,
                    0.0,
                    0.13748258467077087
                ],
                [
                    0.6960203640101781,
                    0.718022042059392,
                    0.0,
                    1.5384737068316263
                ],
                [
                    0.0,
                    0.0,
                    1.0,
                    -0.21500000000000008
                ],
                [
                    0.0,
                    0.0,
                    0.0,
                    1.0
                ]
            ],
            "size": [
                0.2,
                0.3,
                0.22
            ]
        },
        "collider2": {
            "type": "Box",
            "collider2origin": [
                [
                    0.08550396746258349,
                    -0.9383845715560162,
                    -0.33484842453532543,
                    0.0357605993862653
                ],
                [
                    -0.23215518430382592,
                    -0.3455928179876396,
                    0.9092137122570353,
                    1.0124390631546991
                ],
                [
                    -0.9689133304630574,
                    -4.581957516042814e-06,
                    -0.24740040022197127,
                    -0.1768175155361269
                ],
                [
                    0.0,
                    0.0,
                    0.0,
                    1.0
                ]
            ],
            "size": [
                0.15068,
                0.17726,
                0.74884
            ]
        },
        "distance": 0.10366141811720925
    },
    {
        "case": 3,
        "collider1": {
            "type": "Box",
            "collider2origin": [
                [
                    0.8404842512412337,
                    -0.5418359746412772,
                    0.0,
                    0.011439976095501792
                ],
                [
                    0.5418359746412771,
                    0.8404842512412338,
                    0.0,
                    1.4325762997644957
                ],
                [
                    0.0,
                    0.0,
                    1.0,
                    -0.21500000000000008
                ],
                [
                    0.0,
                    0.0,
                    0.0,
                    1.0
                ]
            ],
            "size": [
                0.2,
                0.3,
                0.22
            ]
        },
        "collider2": {
            "type": "Box",
            "collider2origin": [
                [
                    0.08550396746258349,
                    -0.9383845715560162,
                    -0.33484842453532543,
                    0.0357605993862653
                ],
                [
                    -0.23215518430382592,
                    -0.3455928179876396,
                    0.9092137122570353,
                    1.0124390631546991
                ],
                [
                    -0.9689133304630574,
                    -4.581957516042814e-06,
                    -0.24740040022197127,
                    -0.1768175155361269
                ],
                [
                    0.0,
                    0.0,
                    0.0,
                    1.0
                ]
            ],
            "size": [
                0.15068,
                0.17726,
                0.74884
            ]
        },
        "distance": 0.0
    },
    {
        "case": 4,
        "collider1": {
            "type": "Box",
            "collider2origin": [
                [
                    0.9081427509232697,
                    -0.4186606548811531,
                    0.0,
                    -0.09474126814702305
                ],
                [
                    0.41866065488115317,
                    0.9081427509232698,
                    0.0,
                    1.368923948110301
                ],
                [
                    0.0,
                    0.0,
                    1.0,
                    -0.21500000000000008
                ],
                [
                    0.0,
                    0.0,
                    0.0,
                    1.0
                ]
            ],
            "size": [
                0.2,
                0.3,
                0.22
            ]
        },
        "collider2": {
            "type": "Box",
            "collider2origin": [
                [
                    0.08550396746258349,
                    -0.9383845715560162,
                    -0.33484842453532543,
                    0.0357605993862653
                ],
                [
                    -0.23215518430382592,
                    -0.3455928179876396,
                    0.9092137122570353,
                    1.0124390631546991
                ],
                [
                    -0.9689133304630574,
                    -4.581957516042814e-06,
                    -0.24740040022197127,
                    -0.1768175155361269
                ],
                [
                    0.0,
                    0.0,
                    0.0,
                    1.0
                ]
            ],
            "size": [
                0.15068,
                0.17726,
                0.74884
            ]
        },
        "distance": 0.0
    },
    {
        "case": 5,
        "collider1": {
            "type": "Box",
            "collider2origin": [
                [
                    0.9798474486812189,
                    -0.1997472836183421,
                    0.0,
                    -0.20628161272202655
                ],
                [
                    0.19974728361834207,
                    0.9798474486812188,
                    0.0,
                    1.335871448475788
                ],
                [
                    0.0,
                    0.0,
                    1.0,
                    -0.21500000000000008
                ],
                [
                    0.0,
                    0.0,
                    0.0,
                    1.0
                ]
            ],
            "size": [
                0.2,
                0.3,
                0.22
            ]
        },
        "collider2": {
            "type": "Box",
            "collider2origin": [
                [
                    0.08550396746258349,
                    -0.9383845715560162,
                    -0.33484842453532543,
                    0.0357605993862653
                ],
                [
                    -0.23215518430382592,
                    -0.3455928179876396,
                    0.9092137122570353,
                    1.0124390631546991
                ],
                [
                    -0.9689133304630574,
                    -4.581957516042814e-06,
                    -0.24740040022197127,
                    -0.1768175155361269
                ],
                [
                    0.0,
                    0.0,
                    0.0,
                    1.0
                ]
            ],
            "size": [
                0.15068,
                0.17726,
                0.74884
            ]
        },
        "distance": 0.0
    },
    {
        "case": 6,
        "collider1": {
            "type": "Cylinder",
            "collider2origin": [
                [
                    0.907778172512869,
                    0.4194505805326725,
                    0.0,
                    -0.07232761537572224
                ],
                [
                    -0.4194505805326725,
                    0.907778172512869,
                    0.0,
                    1.2000044650142188
                ],
                [
                    0.0,
                    0.0,
                    1.0,
                    -0.5800000000000001
                ],
                [
                    0.0,
                    0.0,
                    0.0,
                    1.0
                ]
            ],
            "radius": 0.04,
            "height": 0.96
        },
        "collider2": {
            "type": "Box",
            "collider2origin": [
                [
                    0.08550396746258349,
                    -0.9383845715560162,
                    -0.33484842453532543,
                    0.0357605993862653
                ],
                [
                    -0.23215518430382592,
                    -0.3455928179876396,
                    0.9092137122570353,
                    1.0124390631546991
                ],
                [
                    -0.9689133304630574,
                    -4.581957516042814e-06,
                    -0.24740040022197127,
                    -0.1768175155361269
                ],
                [
                    0.0,
                    0.0,
                    0.0,
                    1.0
                ]
            ],
            "size": [
                0.15068,
                0.17726,
                0.74884
            ]
        },
        "distance": 0.0
    },
    {
        "case": 7,
        "collider1": {
            "type": "Box",
            "collider2origin": [
                [
                    0.9077781725128689,
                    0.4194505805326724,
                    0.0,
                    0.4158817547107895
                ],
                [
                    -0.4194505805326724,
                    0.9077781725128689,
                    0.0,
                    0.733173894971941
                ],
                [
                    0.0,
                    0.0,
                    1.0,
                    -0.6599999999999999
                ],
                [
                    0.0,
                    0.0,
                    0.0,
                    1.0
                ]
            ],
            "size": [
                0.6,
                1.0,
                0.8
            ]
        },
        "collider2": {
            "type": "Box",
            "collider2origin": [
                [
                    0.08550396746258349,
                    -0.9383845715560162,
                    -0.33484842453532543,
                    0.0357605993862653
                ],
                [
                    -0.23215518430382592,
                    -0.3455928179876396,
                    0.9092137122570353,
                    1.0124390631546991
                ],
                [
                    -0.9689133304630574,
                    -4.581957516042814e-06,
                    -0.24740040022197127,
                    -0.1768175155361269
                ],
                [
                    0.0,
                    0.0,
                    0.0,
                    1.0
                ]
            ],
            "size": [
                0.15068,
                0.17726,
                0.74884
            ]
        },
        "distance": 0.038905632514367836
    },
    {
        "case": 8,
        "collider1": {
            "type": "Box",
            "collider2origin": [
                [
                    0.9077781725128689,
                    0.4194505805326724,
                    0.0,
                    0.27063700059322826
                ],
                [
                    -0.4194505805326724,
                    0.9077781725128689,
                    0.0,
                    0.8002854543438492
                ],
                [
                    0.0,
                    0.0,
                    1.0,
                    -0.25
                ],
                [
                    0.0,
                    0.0,
                    0.0,
                    1.0
                ]
            ],
            "size": [
                0.2,
                0.2,
                0.02
            ]
        },
        "collider2": {
            "type": "Box",
            "collider2origin": [
                [
                    0.08550396746258349,
                    -0.9383845715560162,
                    -0.33484842453532543,
                    0.0357605993862653
                ],
                [
                    -0.23215518430382592,
                    -0.3455928179876396,
                    0.9092137122570353,
                    1.0124390631546991
                ],
                [
                    -0.9689133304630574,
                    -4.581957516042814e-06,
                    -0.24740040022197127,
                    -0.1768175155361269
                ],
                [
                    0.0,
                    0.0,
                    0.0,
                    1.0
                ]
            ],
            "size": [
                0.15068,
                0.17726,
                0.74884
            ]
        },
        "distance": 0.03367558137827087
    },
    {
        "case": 9,
        "collider1": {
            "type": "Box",
            "collider2origin": [
                [
                    0.718022042059392,
                    -0.6960203640101781,
                    0.0,
                    0.13748258467077087
                ],
                [
                    0.6960203640101781,
                    0.718022042059392,
                    0.0,
                    1.5384737068316263
                ],
                [
                    0.0,
                    0.0,
                    1.0,
                    -0.21500000000000008
                ],
                [
                    0.0,
                    0.0,
                    0.0,
                    1.0
                ]
            ],
            "size": [
                0.2,
                0.3,
                0.22
            ]
        },
        "collider2": {
            "type": "Box",
            "collider2origin": [
                [
                    0.08550396746258349,
                    -0.9383845715560162,
                    -0.33484842453532543,
                    0.0357605993862653
                ],
                [
                    -0.23215518430382592,
                    -0.3455928179876396,
                    0.9092137122570353,
                    1.0124390631546991
                ],
                [
                    -0.9689133304630574,
                    -4.581957516042814e-06,
                    -0.24740040022197127,
                    -0.1768175155361269
                ],
                [
                    0.0,
                    0.0,
                    0.0,
                    1.0
                ]
            ],
            "size": [
                0.15068,
                0.17726,
                0.74884
            ]
        },
        "distance": 0.10366141811720925
    },
    {
        "case": 10,
        "collider1": {
            "type": "Box",
            "collider2origin": [
                [
                    0.8404842512412337,
                    -0.5418359746412772,
                    0.0,
                    0.011439976095501792
                ],
                [
                    0.5418359746412771,
                    0.8404842512412338,
                    0.0,
                    1.4325762997644957
                ],
                [
                    0.0,
                    0.0,
                    1.0,
                    -0.21500000000000008
                ],
                [
                    0.0,
                    0.0,
                    0.0,
                    1.0
                ]
            ],
            "size": [
                0.2,
                0.3,
                0.22
            ]
        },
        "collider2": {
            "type": "Box",
            "collider2origin": [
                [
                    0.08550396746258349,
                    -0.9383845715560162,
                    -0.33484842453532543,
                    0.0357605993862653
                ],
                [
                    -0.23215518430382592,
                    -0.3455928179876396,
                    0.9092137122570353,
                    1.0124390631546991
                ],
                [
                    -0.9689133304630574,
                    -4.581957516042814e-06,
                    -0.24740040022197127,
                    -0.1768175155361269
                ],
                [
                    0.0,
                    0.0,
                    0.0,
                    1.0
                ]
            ],
            "size": [
                0.15068,
                0.17726,
                0.74884
            ]
        },
        "distance": 0.0
    },
    {
        "case": 11,
        "collider1": {
            "type": "Box",
            "collider2origin": [
                [
                    0.9081427509232697,
                    -0.4186606548811531,
                    0.0,
                    -0.09474126814702305
                ],
                [
                    0.41866065488115317,
                    0.9081427509232698,
                    0.0,
                    1.368923948110301
                ],
                [
                    0.0,
                    0.0,
                    1.0,
                    -0.21500000000000008
                ],
                [
                    0.0,
                    0.0,
                    0.0,
                    1.0
                ]
            ],
            "size": [
                0.2,
                0.3,
                0.22
            ]
        },
        "collider2": {
            "type": "Box",
            "collider2origin": [
                [
                    0.08550396746258349,
                    -0.9383845715560162,
                    -0.33484842453532543,
                    0.0357605993862653
                ],
                [
                    -0.23215518430382592,
                    -0.3455928179876396,
                    0.9092137122570353,
                    1.0124390631546991
                ],
                [
                    -0.9689133304630574,
                    -4.581957516042814e-06,
                    -0.24740040022197127,
                    -0.1768175155361269
                ],
                [
                    0.0,
                    0.0,
                    0.0,
                    1.0
                ]
            ],
            "size": [
                0.15068,
                0.17726,
                0.74884
            ]
        },
        "distance": 0.0
    },
    {
        "case": 12,
        "collider1": {
            "type": "Box",
            "collider2origin": [
                [
                    0.9798474486812189,
                    -0.1997472836183421,
                    0.0,
                    -0.20628161272202655
                ],
                [
                    0.19974728361834207,
                    0.9798474486812188,
                    0.0,
                    1.335871448475788
                ],
                [
                    0.0,
                    0.0,
                    1.0,
                    -0.21500000000000008
                ],
                [
                    0.0,
                    0.0,
                    0.0,
                    1.0
                ]
            ],
            "size": [
                0.2,
                0.3,
                0.22
            ]
        },
        "collider2": {
            "type": "Box",
            "collider2origin": [
                [
                    0.08550396746258349,
                    -0.9383845715560162,
                    -0.33484842453532543,
                    0.0357605993862653
                ],
                [
                    -0.23215518430382592,
                    -0.3455928179876396,
                    0.9092137122570353,
                    1.0124390631546991
                ],
                [
                    -0.9689133304630574,
                    -4.581957516042814e-06,
                    -0.24740040022197127,
                    -0.1768175155361269
                ],
                [
                    0.0,
                    0.0,
                    0.0,
                    1.0
                ]
            ],
            "size": [
                0.15068,
                0.17726,
                0.74884
            ]
        },
        "distance": 0.0
    },
    {
        "case": 13,
        "collider1": {
            "type": "Cylinder",
            "collider2origin": [
                [
                    0.907778172512869,
                    0.4194505805326725,
                    0.0,
                    -0.07232761537572224
                ],
                [
                    -0.4194505805326725,
                    0.907778172512869,
                    0.0,
                    1.2000044650142188
                ],
                [
                    0.0,
                    0.0,
                    1.0,
                    -0.5800000000000001
                ],
                [
                    0.0,
                    0.0,
                    0.0,
                    1.0
                ]
            ],
            "radius": 0.04,
            "height": 0.96
        },
        "collider2": {
            "type": "Box",
            "collider2origin": [
                [
                    0.08550396746258349,
                    -0.9383845715560162,
                    -0.33484842453532543,
                    0.0357605993862653
                ],
                [
                    -0.23215518430382592,
                    -0.3455928179876396,
                    0.9092137122570353,
                    1.0124390631546991
                ],
                [
                    -0.9689133304630574,
                    -4.581957516042814e-06,
                    -0.24740040022197127,
                    -0.1768175155361269
                ],
                [
                    0.0,
                    0.0,
                    0.0,
                    1.0
                ]
            ],
            "size": [
                0.15068,
                0.17726,
                0.74884
            ]
        },
        "distance": 0.0
    },
    {
        "case": 14,
        "collider1": {
            "type": "Box",
            "collider2origin": [
                [
                    0.9077781725128689,
                    0.4194505805326724,
                    0.0,
                    0.4158817547107895
                ],
                [
                    -0.4194505805326724,
                    0.9077781725128689,
                    0.0,
                    0.733173894971941
                ],
                [
                    0.0,
                    0.0,
                    1.0,
                    -0.6599999999999999
                ],
                [
                    0.0,
                    0.0,
                    0.0,
                    1.0
                ]
            ],
            "size": [
                0.6,
                1.0,
                0.8
            ]
        },
        "collider2": {
            "type": "Box",
            "collider2origin": [
                [
                    0.23809018268442134,
                    -0.9383842617107662,
                    -0.250495593340161,
                    -0.02041307720080293
                ],
                [
                    -0.6464689891890295,
                    -0.34559365928074265,
                    0.6801785564701819,
                    1.5305392550087773
                ],
                [
                    -0.7248385412808933,
                    -6.203745091469333e-06,
                    -0.6889187826117822,
                    -0.44722734558372534
                ],
                [
                    0.0,
                    0.0,
                    0.0,
                    1.0
                ]
            ],
            "size": [
                0.1202,
                0.13634,
                0.67816
            ]
        },
        "distance": 0.17921664434537954
    },
    {
        "case": 15,
        "collider1": {
            "type": "Box",
            "collider2origin": [
                [
                    -0.49996093967317806,
                    0.8660479541001831,
                    0.0,
                    0.23518030403224222
                ],
                [
                    -0.8660479541001831,
                    -0.49996093967317806,
                    0.0,
                    1.6545490191575776
                ],
                [
                    0.0,
                    0.0,
                    1.0,
                    -0.21500000000000008
                ],
                [
                    0.0,
                    0.0,
                    0.0,
                    1.0
                ]
            ],
            "size": [
                0.2,
                0.3,
                0.22
            ]
        },
        "collider2": {
            "type": "Box",
            "collider2origin": [
                [
                    0.23809018268442134,
                    -0.9383842617107662,
                    -0.250495593340161,
                    -0.02041307720080293
                ],
                [
                    -0.6464689891890295,
                    -0.34559365928074265,
                    0.6801785564701819,
                    1.5305392550087773
                ],
                [
                    -0.7248385412808933,
                    -6.203745091469333e-06,
                    -0.6889187826117822,
                    -0.44722734558372534
                ],
                [
                    0.0,
                    0.0,
                    0.0,
                    1.0
                ]
            ],
            "size": [
                0.1202,
                0.13634,
                0.67816
            ]
        },
        "distance": 0.09063875633036622
    },
    {
        "case": 16,
        "collider1": {
            "type": "Box",
            "collider2origin": [
                [
                    0.718022042059392,
                    -0.6960203640101781,
                    0.0,
                    0.13748258467077087
                ],
                [
                    0.6960203640101781,
                    0.718022042059392,
                    0.0,
                    1.5384737068316263
                ],
                [
                    0.0,
                    0.0,
                    1.0,
                    -0.21500000000000008
                ],
                [
                    0.0,
                    0.0,
                    0.0,
                    1.0
                ]
            ],
            "size": [
                0.2,
                0.3,
                0.22
            ]
        },
        "collider2": {
            "type": "Box",
            "collider2origin": [
                [
                    0.23809018268442134,
                    -0.9383842617107662,
                    -0.250495593340161,
                    -0.02041307720080293
                ],
                [
                    -0.6464689891890295,
                    -0.34559365928074265,
                    0.6801785564701819,
                    1.5305392550087773
                ],
                [
                    -0.7248385412808933,
                    -6.203745091469333e-06,
                    -0.6889187826117822,
                    -0.44722734558372534
                ],
                [
                    0.0,
                    0.0,
                    0.0,
                    1.0
                ]
            ],
            "size": [
                0.1202,
                0.13634,
                0.67816
            ]
        },
        "distance": 0.0
    },
    {
        "case": 17,
        "collider1": {
            "type": "Box",
            "collider2origin": [
                [
                    0.8404842512412337,
                    -0.5418359746412772,
                    0.0,
                    0.011439976095501792
                ],
                [
                    0.5418359746412771,
                    0.8404842512412338,
                    0.0,
                    1.4325762997644957
                ],
                [
                    0.0,
                    0.0,
                    1.0,
                    -0.21500000000000008
                ],
                [
                    0.0,
                    0.0,
                    0.0,
                    1.0
                ]
            ],
            "size": [
                0.2,
                0.3,
                0.22
            ]
        },
        "collider2": {
            "type": "Box",
            "collider2origin": [
                [
                    0.23809018268442134,
                    -0.9383842617107662,
                    -0.250495593340161,
                    -0.02041307720080293
                ],
                [
                    -0.6464689891890295,
                    -0.34559365928074265,
                    0.6801785564701819,
                    1.5305392550087773
                ],
                [
                    -0.7248385412808933,
                    -6.203745091469333e-06,
                    -0.6889187826117822,
                    -0.44722734558372534
                ],
                [
                    0.0,
                    0.0,
                    0.0,
                    1.0
                ]
            ],
            "size": [
                0.1202,
                0.13634,
                0.67816
            ]
        },
        "distance": 0.0
    },
    {
        "case": 18,
        "collider1": {
            "type": "Box",
            "collider2origin": [
                [
                    0.9081427509232697,
                    -0.4186606548811531,
                    0.0,
                    -0.09474126814702305
                ],
                [
                    0.41866065488115317,
                    0.9081427509232698,
                    0.0,
                    1.368923948110301
                ],
                [
                    0.0,
                    0.0,
                    1.0,
                    -0.21500000000000008
                ],
                [
                    0.0,
                    0.0,
                    0.0,
                    1.0
                ]
            ],
            "size": [
                0.2,
                0.3,
                0.22
            ]
        },
        "collider2": {
            "type": "Box",
            "collider2origin": [
                [
                    0.23809018268442134,
                    -0.9383842617107662,
                    -0.250495593340161,
                    -0.02041307720080293
                ],
                [
                    -0.6464689891890295,
                    -0.34559365928074265,
                    0.6801785564701819,
                    1.5305392550087773
                ],
                [
                    -0.7248385412808933,
                    -6.203745091469333e-06,
                    -0.6889187826117822,
                    -0.44722734558372534
                ],
                [
                    0.0,
                    0.0,
                    0.0,
                    1.0
                ]
            ],
            "size": [
                0.1202,
                0.13634,
                0.67816
            ]
        },
        "distance": 0.0
    },
    {
        "case": 19,
        "collider1": {
            "type": "Box",
            "collider2origin": [
                [
                    0.9798474486812189,
                    -0.1997472836183421,
                    0.0,
                    -0.20628161272202655
                ],
                [
                    0.19974728361834207,
                    0.9798474486812188,
                    0.0,
                    1.335871448475788
                ],
                [
                    0.0,
                    0.0,
                    1.0,
                    -0.21500000000000008
                ],
                [
                    0.0,
                    0.0,
                    0.0,
                    1.0
                ]
            ],
            "size": [
                0.2,
                0.3,
                0.22
            ]
        },
        "collider2": {
            "type": "Box",
            "collider2origin": [
                [
                    0.23809018268442134,
                    -0.9383842617107662,
                    -0.250495593340161,
                    -0.02041307720080293
                ],
                [
                    -0.6464689891890295,
                    -0.34559365928074265,
                    0.6801785564701819,
                    1.5305392550087773
                ],
                [
                    -0.7248385412808933,
                    -6.203745091469333e-06,
                    -0.6889187826117822,
                    -0.44722734558372534
                ],
                [
                    0.0,
                    0.0,
                    0.0,
                    1.0
                ]
            ],
            "size": [
                0.1202,
                0.13634,
                0.67816
            ]
        },
        "distance": 0.05913023659180103
    },
    {
        "case": 20,
        "collider1": {
            "type": "Cylinder",
            "collider2origin": [
                [
                    0.907778172512869,
                    0.4194505805326725,
                    0.0,
                    0.1278934506919803
                ],
                [
                    -0.4194505805326725,
                    0.907778172512869,
                    0.0,
                    1.802593483087659
                ],
                [
                    0.0,
                    0.0,
                    1.0,
                    -0.18000000000000016
                ],
                [
                    0.0,
                    0.0,
                    0.0,
                    1.0
                ]
            ],
            "radius": 0.04,
            "height": 0.3
        },
        "collider2": {
            "type": "Box",
            "collider2origin": [
                [
                    0.23809018268442134,
                    -0.9383842617107662,
                    -0.250495593340161,
                    -0.02041307720080293
                ],
                [
                    -0.6464689891890295,
                    -0.34559365928074265,
                    0.6801785564701819,
                    1.5305392550087773
                ],
                [
                    -0.7248385412808933,
                    -6.203745091469333e-06,
                    -0.6889187826117822,
                    -0.44722734558372534
                ],
                [
                    0.0,
                    0.0,
                    0.0,
                    1.0
                ]
            ],
            "size": [
                0.1202,
                0.13634,
                0.67816
            ]
        },
        "distance": 0.19966152477465401
    },
    {
        "case": 21,
        "collider1": {
            "type": "Cylinder",
            "collider2origin": [
                [
                    0.907778172512869,
                    0.4194505805326725,
                    0.0,
                    -0.1927378995604882
                ],
                [
                    -0.4194505805326725,
                    0.907778172512869,
                    0.0,
                    1.5211249462397922
                ],
                [
                    0.0,
                    0.0,
                    1.0,
                    -0.20999999999999996
                ],
                [
