[
    {
        "case": 0,
        "collider1": {
            "type": "Box",
            "collider2origin": [
                [
                    0.9077781725128689,
                    0.4194505805326724,
                    0.0,
                    0.4158817547107895
                ],
                [
                    -0.4194505805326724,
                    0.9077781725128689,
                    0.0,
                    0.733173894971941
                ],
                [
                    0.0,
                    0.0,
                    1.0,
                    -0.6599999999999999
                ],
                [
                    0.0,
                    0.0,
                    0.0,
                    1.0
                ]
            ],
            "size": [
                0.6,
                1.0,
                0.8
            ]
        },
        "collider2": {
            "type": "Box",
            "collider2origin": [
                [
                    0.1600975698200194,
                    -0.7882290475717072,
                    -0.5941916666378981,
                    -0.17414834235616838
                ],
                [
                    -0.20505814564755293,
                    -0.6153819696276236,
                    0.7610888176558721,
                    1.3289996073195351
                ],
                [
                    -0.965567152010315,
                    -4.628803900665289e-06,
                    -0.26015394468903047,
                    -0.6030102495938735
                ],
                [
                    0.0,
                    0.0,
                    0.0,
                    1.0
                ]
            ],
            "size": [
                0.1202,
                0.13634,
                0.67816
            ]
        },
        "distance": 0.1493046888696929
    },
    {
        "case": 1,
        "collider1": {
            "type": "Box",
            "collider2origin": [
                [
                    0.907778172512869,
                    0.4194505805326725,
                    0.0,
                    -1.612083837096907
                ],
                [
                    -0.4194505805326725,
                    0.907778172512869,
                    0.0,
                    -0.24654756573714753
                ],
                [
                    0.0,
                    0.0,
                    1.0,
                    -0.040000000000000036
                ],
                [
                    0.0,
                    0.0,
                    0.0,
                    1.0
                ]
            ],
            "size": [
                2.0,
                2.0,
                2.0
            ]
        },
        "collider2": {
            "type": "Box",
            "collider2origin": [
                [
                    0.1600975698200194,
                    -0.7882290475717072,
                    -0.5941916666378981,
                    -0.17414834235616838
                ],
                [
                    -0.20505814564755293,
                    -0.6153819696276236,
                    0.7610888176558721,
                    1.3289996073195351
                ],
                [
                    -0.965567152010315,
                    -4.628803900665289e-06,
                    -0.26015394468903047,
                    -0.6030102495938735
                ],
                [
                    0.0,
                    0.0,
                    0.0,
                    1.0
                ]
            ],
            "size": [
                0.1202,
                0.13634,
                0.67816
            ]
        },
        "distance": 0.8158582153931316
    },
    {
        "case": 2,
        "collider1": {
            "type": "Cylinder",
            "collider2origin": [
                [
                    0.907778172512869,
                    0.4194505805326725,
                    0.0,
                    -0.07232761537572224
                ],
                [
                    -0.4194505805326725,
                    0.907778172512869,
                    0.0,
                    1.2000044650142188
                ],
                [
                    0.0,
                    0.0,
                    1.0,
                    -0.5800000000000001
                ],
                [
                    0.0,
                    0.0,
                    0.0,
                    1.0
                ]
            ],
            "radius": 0.04,
            "height": 0.96
        },
        "collider2": {
            "type": "Box",
            "collider2origin": [
                [
                    0.1600975698200194,
                    -0.7882290475717072,
                    -0.5941916666378981,
                    -0.17414834235616838
                ],
                [
                    -0.20505814564755293,
                    -0.6153819696276236,
                    0.7610888176558721,
                    1.3289996073195351
                ],
                [
                    -0.965567152010315,
                    -4.628803900665289e-06,
                    -0.26015394468903047,
                    -0.6030102495938735
                ],
                [
                    0.0,
                    0.0,
                    0.0,
                    1.0
                ]
            ],
            "size": [
                0.1202,
                0.13634,
                0.67816
            ]
        },
        "distance": 0.0
    },
    {
        "case": 3,
        "collider1": {
            "type": "Box",
            "collider2origin": [
                [
                    0.9077781725128689,
                    0.4194505805326724,
                    0.0,
                    0.4158817547107895
                ],
                [
                    -0.4194505805326724,
                    0.9077781725128689,
                    0.0,
                    0.733173894971941
                ],
                [
                    0.0,
                    0.0,
                    1.0,
                    -0.6599999999999999
                ],
                [
                    0.0,
                    0.0,
                    0.0,
                    1.0
                ]
            ],
            "size": [
                0.6,
                1.0,
                0.8
            ]
        },
        "collider2": {
            "type": "Box",
            "collider2origin": [
                [
                    0.429796540118697,
                    -0.7882284827410764,
                    -0.4404211542350093,
                    0.03026637459805165
                ],
                [
                    -0.5505085105083702,
                    -0.6153826930916891,
                    0.5641316520999999,
                    0.8618670811693705
                ],
                [
                    -0.7156921921886898,
                    -6.238629732287383e-06,
                    -0.6984158403137963,
                    -0.3121336603679169
                ],
                [
                    0.0,
                    0.0,
                    0.0,
                    1.0
                ]
            ],
            "size": [
                0.15068,
                0.17726,
                0.74884
            ]
        },
        "distance": 0.0
    },
    {
        "case": 4,
        "collider1": {
            "type": "Box",
            "collider2origin": [
                [
                    0.9077781725128689,
                    0.4194505805326724,
                    0.0,
                    0.27063700059322826
                ],
                [
                    -0.4194505805326724,
                    0.9077781725128689,
                    0.0,
                    0.8002854543438492
                ],
                [
                    0.0,
                    0.0,
                    1.0,
                    -0.25
                ],
                [
                    0.0,
                    0.0,
                    0.0,
                    1.0
                ]
            ],
            "size": [
                0.2,
                0.2,
                0.02
            ]
        },
        "collider2": {
            "type": "Box",
            "collider2origin": [
                [
                    0.429796540118697,
                    -0.7882284827410764,
                    -0.4404211542350093,
                    0.03026637459805165
                ],
                [
                    -0.5505085105083702,
                    -0.6153826930916891,
                    0.5641316520999999,
                    0.8618670811693705
                ],
                [
                    -0.7156921921886898,
                    -6.238629732287383e-06,
                    -0.6984158403137963,
                    -0.3121336603679169
                ],
                [
                    0.0,
                    0.0,
                    0.0,
                    1.0
                ]
            ],
            "size": [
                0.15068,
                0.17726,
                0.74884
            ]
        },
        "distance": 0.0
    },
    {
        "case": 5,
        "collider1": {
            "type": "Box",
            "collider2origin": [
                [
                    0.9798474486812189,
                    -0.1997472836183421,
                    0.0,
                    -0.20628161272202655
                ],
                [
                    0.19974728361834207,
                    0.9798474486812188,
                    0.0,
                    1.335871448475788
                ],
                [
                    0.0,
                    0.0,
                    1.0,
                    -0.21500000000000008
                ],
                [
                    0.0,
                    0.0,
                    0.0,
                    1.0
                ]
            ],
            "size": [
                0.2,
                0.3,
                0.22
            ]
        },
        "collider2": {
            "type": "Box",
            "collider2origin": [
                [
                    0.429796540118697,
                    -0.7882284827410764,
                    -0.4404211542350093,
                    0.03026637459805165
                ],
                [
                    -0.5505085105083702,
                    -0.6153826930916891,
                    0.5641316520999999,
                    0.8618670811693705
                ],
                [
                    -0.7156921921886898,
                    -6.238629732287383e-06,
                    -0.6984158403137963,
                    -0.3121336603679169
                ],
                [
                    0.0,
                    0.0,
                    0.0,
                    1.0
                ]
            ],
            "size": [
                0.15068,
                0.17726,
                0.74884
            ]
        },
        "distance": 0.1581190451196977
    },
    {
        "case": 6,
        "collider1": {
            "type": "Box",
            "collider2origin": [
                [
                    0.9984065575563776,
                    -0.05643000822632935,
                    0.0,
                    -0.3111399560290343
                ],
                [
                    0.05643000822632935,
                    0.9984065575563776,
                    0.0,
                    1.3240986306775833
                ],
                [
                    0.0,
                    0.0,
                    1.0,
                    -0.21500000000000008
                ],
                [
                    0.0,
                    0.0,
                    0.0,
                    1.0
                ]
            ],
            "size": [
                0.2,
                0.3,
                0.22
            ]
        },
        "collider2": {
            "type": "Box",
            "collider2origin": [
                [
                    0.429796540118697,
                    -0.7882284827410764,
                    -0.4404211542350093,
                    0.03026637459805165
                ],
                [
                    -0.5505085105083702,
                    -0.6153826930916891,
                    0.5641316520999999,
                    0.8618670811693705
                ],
                [
                    -0.7156921921886898,
                    -6.238629732287383e-06,
                    -0.6984158403137963,
                    -0.3121336603679169
                ],
                [
                    0.0,
                    0.0,
                    0.0,
                    1.0
                ]
            ],
            "size": [
                0.15068,
                0.17726,
                0.74884
            ]
        },
        "distance": 0.1907619648853595
    },
    {
        "case": 7,
        "collider1": {
            "type": "Cylinder",
            "collider2origin": [
                [
                    0.907778172512869,
                    0.4194505805326725,
                    0.0,
                    -0.07232761537572224
                ],
                [
                    -0.4194505805326725,
                    0.907778172512869,
                    0.0,
                    1.2000044650142188
                ],
                [
                    0.0,
                    0.0,
                    1.0,
                    -0.5800000000000001
                ],
                [
                    0.0,
                    0.0,
                    0.0,
                    1.0
                ]
            ],
            "radius": 0.04,
            "height": 0.96
        },
        "collider2": {
            "type": "Box",
            "collider2origin": [
                [
                    0.429796540118697,
                    -0.7882284827410764,
                    -0.4404211542350093,
                    0.03026637459805165
                ],
                [
                    -0.5505085105083702,
                    -0.6153826930916891,
                    0.5641316520999999,
                    0.8618670811693705
                ],
                [
                    -0.7156921921886898,
                    -6.238629732287383e-06,
                    -0.6984158403137963,
                    -0.3121336603679169
                ],
                [
                    0.0,
                    0.0,
                    0.0,
                    1.0
                ]
            ],
            "size": [
                0.15068,
                0.17726,
                0.74884
            ]
        },
        "distance": 0.0
    },
    {
        "case": 8,
        "collider1": {
            "type": "Box",
            "collider2origin": [
                [
                    0.9077781725128689,
                    0.4194505805326724,
                    0.0,
                    0.4158817547107895
                ],
                [
                    -0.4194505805326724,
                    0.9077781725128689,
                    0.0,
                    0.733173894971941
                ],
                [
                    0.0,
                    0.0,
                    1.0,
                    -0.6599999999999999
                ],
                [
                    0.0,
                    0.0,
                    0.0,
                    1.0
                ]
            ],
            "size": [
                0.6,
                1.0,
                0.8
            ]
        },
        "collider2": {
            "type": "Box",
            "collider2origin": [
                [
                    0.429796540118697,
                    -0.7882284827410764,
                    -0.4404211542350093,
                    0.03026637459805165
                ],
                [
                    -0.5505085105083702,
                    -0.6153826930916891,
                    0.5641316520999999,
                    0.8618670811693705
                ],
                [
                    -0.7156921921886898,
                    -6.238629732287383e-06,
                    -0.6984158403137963,
                    -0.3121336603679169
                ],
                [
                    0.0,
                    0.0,
                    0.0,
                    1.0
                ]
            ],
            "size": [
                0.15068,
                0.17726,
                0.74884
            ]
        },
        "distance": 0.0
    },
    {
        "case": 9,
        "collider1": {
            "type": "Box",
            "collider2origin": [
                [
                    0.9077781725128689,
                    0.4194505805326724,
                    0.0,
                    0.27063700059322826
                ],
                [
                    -0.4194505805326724,
                    0.9077781725128689,
                    0.0,
                    0.8002854543438492
                ],
                [
                    0.0,
                    0.0,
                    1.0,
                    -0.25
                ],
                [
                    0.0,
                    0.0,
                    0.0,
                    1.0
                ]
            ],
            "size": [
                0.2,
                0.2,
                0.02
            ]
        },
        "collider2": {
            "type": "Box",
            "collider2origin": [
                [
                    0.429796540118697,
                    -0.7882284827410764,
                    -0.4404211542350093,
                    0.03026637459805165
                ],
                [
                    -0.5505085105083702,
                    -0.6153826930916891,
                    0.5641316520999999,
                    0.8618670811693705
                ],
                [
                    -0.7156921921886898,
                    -6.238629732287383e-06,
                    -0.6984158403137963,
                    -0.3121336603679169
                ],
                [
                    0.0,
                    0.0,
                    0.0,
                    1.0
                ]
            ],
            "size": [
                0.15068,
                0.17726,
                0.74884
            ]
        },
        "distance": 0.0
    },
    {
        "case": 10,
        "collider1": {
            "type": "Box",
            "collider2origin": [
                [
                    0.9798474486812189,
                    -0.1997472836183421,
                    0.0,
                    -0.20628161272202655
                ],
                [
                    0.19974728361834207,
                    0.9798474486812188,
                    0.0,
                    1.335871448475788
                ],
                [
                    0.0,
                    0.0,
                    1.0,
                    -0.21500000000000008
                ],
                [
                    0.0,
                    0.0,
                    0.0,
                    1.0
                ]
            ],
            "size": [
                0.2,
                0.3,
                0.22
            ]
        },
        "collider2": {
            "type": "Box",
            "collider2origin": [
                [
                    0.429796540118697,
                    -0.7882284827410764,
                    -0.4404211542350093,
                    0.03026637459805165
                ],
                [
                    -0.5505085105083702,
                    -0.6153826930916891,
                    0.5641316520999999,
                    0.8618670811693705
                ],
                [
                    -0.7156921921886898,
                    -6.238629732287383e-06,
                    -0.6984158403137963,
                    -0.3121336603679169
                ],
                [
                    0.0,
                    0.0,
                    0.0,
                    1.0
                ]
            ],
            "size": [
                0.15068,
                0.17726,
                0.74884
            ]
        },
        "distance": 0.1581190451196977
    },
    {
        "case": 11,
        "collider1": {
            "type": "Box",
            "collider2origin": [
                [
                    0.9984065575563776,
                    -0.05643000822632935,
                    0.0,
                    -0.3111399560290343
                ],
                [
                    0.05643000822632935,
                    0.9984065575563776,
                    0.0,
                    1.3240986306775833
                ],
                [
                    0.0,
                    0.0,
                    1.0,
                    -0.21500000000000008
                ],
                [
                    0.0,
                    0.0,
                    0.0,
                    1.0
                ]
            ],
            "size": [
                0.2,
                0.3,
                0.22
            ]
        },
        "collider2": {
            "type": "Box",
            "collider2origin": [
                [
                    0.429796540118697,
                    -0.7882284827410764,
                    -0.4404211542350093,
                    0.03026637459805165
                ],
                [
                    -0.5505085105083702,
                    -0.6153826930916891,
                    0.5641316520999999,
                    0.8618670811693705
                ],
                [
                    -0.7156921921886898,
                    -6.238629732287383e-06,
                    -0.6984158403137963,
                    -0.3121336603679169
                ],
                [
                    0.0,
                    0.0,
                    0.0,
                    1.0
                ]
            ],
            "size": [
                0.15068,
                0.17726,
                0.74884
            ]
        },
        "distance": 0.1907619648853595
    },
    {
        "case": 12,
        "collider1": {
            "type": "Cylinder",
            "collider2origin": [
                [
                    0.907778172512869,
                    0.4194505805326725,
                    0.0,
                    -0.07232761537572224
                ],
                [
                    -0.4194505805326725,
                    0.907778172512869,
                    0.0,
                    1.2000044650142188
                ],
                [
                    0.0,
                    0.0,
                    1.0,
                    -0.5800000000000001
                ],
                [
                    0.0,
                    0.0,
                    0.0,
                    1.0
                ]
            ],
            "radius": 0.04,
            "height": 0.96
        },
        "collider2": {
            "type": "Box",
            "collider2origin": [
                [
                    0.429796540118697,
                    -0.7882284827410764,
                    -0.4404211542350093,
                    0.03026637459805165
                ],
                [
                    -0.5505085105083702,
                    -0.6153826930916891,
                    0.5641316520999999,
                    0.8618670811693705
                ],
                [
                    -0.7156921921886898,
                    -6.238629732287383e-06,
                    -0.6984158403137963,
                    -0.3121336603679169
                ],
                [
                    0.0,
                    0.0,
                    0.0,
                    1.0
                ]
            ],
            "size": [
                0.15068,
                0.17726,
                0.74884
            ]
        },
        "distance": 0.0
    }
]