[
    {
        "case": 0,
        "collider1": {
            "type": "Box",
            "collider2origin": [
                [
                    0.9077781725128689,
                    0.4194505805326724,
                    0.0,
                    0.4158817547107895
                ],
                [
                    -0.4194505805326724,
                    0.9077781725128689,
                    0.0,
                    0.733173894971941
                ],
                [
                    0.0,
                    0.0,
                    1.0,
                    -0.6599999999999999
                ],
                [
                    0.0,
                    0.0,
                    0.0,
                    1.0
                ]
            ],
            "size": [
                0.6,
                1.0,
                0.8
            ]
        },
        "collider2": {
            "type": "Box",
            "collider2origin": [
                [
                    0.05860995283128045,
                    0.9052982475704493,
                    0.4207136275128116,
                    0.5842071544875541
                ],
                [
                    0.12490179281521613,
                    -0.42477650938864475,
                    0.8966406522253736,
                    0.9948114093735905
                ],
                [
                    0.9904364773071817,
                    -4.179995394470616e-06,
                    -0.13796950533312685,
                    -0.1441853060246987
                ],
                [
                    0.0,
                    0.0,
                    0.0,
                    1.0
                ]
            ],
            "size": [
                0.15068,
                0.17726,
                0.74884
            ]
        },
        "distance": 0.012819875184240371
    },
    {
        "case": 1,
        "collider1": {
            "type": "Box",
            "collider2origin": [
                [
                    0.9077781725128689,
                    0.4194505805326724,
                    0.0,
                    0.27063700059322826
                ],
                [
                    -0.4194505805326724,
                    0.9077781725128689,
                    0.0,
                    0.8002854543438492
                ],
                [
                    0.0,
                    0.0,
                    1.0,
                    -0.25
                ],
                [
                    0.0,
                    0.0,
                    0.0,
                    1.0
                ]
            ],
            "size": [
                0.2,
                0.2,
                0.02
            ]
        },
        "collider2": {
            "type": "Box",
            "collider2origin": [
                [
                    0.05860995283128045,
                    0.9052982475704493,
                    0.4207136275128116,
                    0.5842071544875541
                ],
                [
                    0.12490179281521613,
                    -0.42477650938864475,
                    0.8966406522253736,
                    0.9948114093735905
                ],
                [
                    0.9904364773071817,
                    -4.179995394470616e-06,
                    -0.13796950533312685,
                    -0.1441853060246987
                ],
                [
                    0.0,
                    0.0,
                    0.0,
                    1.0
                ]
            ],
            "size": [
                0.15068,
                0.17726,
                0.74884
            ]
        },
        "distance": 0.05012532289741517
    },
    {
        "case": 2,
        "collider1": {
            "type": "Box",
            "collider2origin": [
                [
                    0.9077781725128689,
                    0.4194505805326724,
                    0.0,
                    0.4158817547107895
                ],
                [
                    -0.4194505805326724,
                    0.9077781725128689,
                    0.0,
                    0.733173894971941
                ],
                [
                    0.0,
                    0.0,
                    1.0,
                    -0.6599999999999999
                ],
                [
                    0.0,
                    0.0,
                    0.0,
                    1.0
                ]
            ],
            "size": [
                0.6,
                1.0,
                0.8
            ]
        },
        "collider2": {
            "type": "Box",
            "collider2origin": [
                [
                    0.05860995283128045,
                    0.9052982475704493,
                    0.4207136275128116,
                    0.5842071544875541
                ],
                [
                    0.12490179281521613,
                    -0.42477650938864475,
                    0.8966406522253736,
                    0.9948114093735905
                ],
                [
                    0.9904364773071817,
                    -4.179995394470616e-06,
                    -0.13796950533312685,
                    -0.1441853060246987
                ],
                [
                    0.0,
                    0.0,
                    0.0,
                    1.0
                ]
            ],
            "size": [
                0.15068,
                0.17726,
                0.74884
            ]
        },
        "distance": 0.012819875184240371
    },
    {
        "case": 3,
        "collider1": {
            "type": "Box",
            "collider2origin": [
                [
                    0.9077781725128689,
                    0.4194505805326724,
                    0.0,
                    0.27063700059322826
                ],
                [
                    -0.4194505805326724,
                    0.9077781725128689,
                    0.0,
                    0.8002854543438492
                ],
                [
                    0.0,
                    0.0,
                    1.0,
                    -0.25
                ],
                [
                    0.0,
                    0.0,
                    0.0,
                    1.0
                ]
            ],
            "size": [
                0.2,
                0.2,
                0.02
            ]
        },
        "collider2": {
            "type": "Box",
            "collider2origin": [
                [
                    0.05860995283128045,
                    0.9052982475704493,
                    0.4207136275128116,
                    0.5842071544875541
                ],
                [
                    0.12490179281521613,
                    -0.42477650938864475,
                    0.8966406522253736,
                    0.9948114093735905
                ],
                [
                    0.9904364773071817,
                    -4.179995394470616e-06,
                    -0.13796950533312685,
                    -0.1441853060246987
                ],
                [
                    0.0,
                    0.0,
                    0.0,
                    1.0
                ]
            ],
            "size": [
                0.15068,
                0.17726,
                0.74884
            ]
        },
        "distance": 0.05012532289741517
    }
]