[
    {
        "case": 0,
        "collider1": {
            "type": "Box",
            "collider2origin": [
                [
                    0.907778172512869,
                    0.4194505805326725,
                    0.0,
                    -1.612083837096907
                ],
                [
                    -0.4194505805326725,
                    0.907778172512869,
                    0.0,
                    -0.24654756573714753
                ],
                [
                    0.0,
                    0.0,
                    1.0,
                    -0.040000000000000036
                ],
                [
                    0.0,
                    0.0,
                    0.0,
                    1.0
                ]
            ],
            "size": [
                2.0,
                2.0,
                2.0
            ]
        },
        "collider2": {
            "type": "Box",
            "collider2origin": [
                [
                    0.09103986695478633,
                    -0.797822011583615,
                    -0.5959796812455344,
                    -0.01803737976091757
                ],
                [
                    0.12048022735732787,
                    0.602893056704876,
                    -0.7886726044392425,
                    0.6686400873382412
                ],
                [
                    0.988532375514723,
                    -3.118517776325573e-06,
                    0.15100908101665092,
                    -0.05750021105906589
                ],
                [
                    0.0,
                    0.0,
                    0.0,
                    1.0
                ]
            ],
            "size": [
                0.15068,
                0.17726,
                0.74884
            ]
        },
        "distance": 0.11991757772688315
    },
    {
        "case": 1,
        "collider1": {
            "type": "Box",
            "collider2origin": [
                [
                    0.907778172512869,
                    0.4194505805326725,
                    0.0,
                    -0.7418785952877999
                ],
                [
                    -0.4194505805326725,
                    0.907778172512869,
                    0.0,
                    1.2791466490804724
                ],
                [
                    0.0,
                    0.0,
                    1.0,
                    0.27
                ],
                [
                    0.0,
                    0.0,
                    0.0,
                    1.0
                ]
            ],
            "size": [
                0.52,
                1.16,
                0.6
            ]
        },
        "collider2": {
            "type": "Box",
            "collider2origin": [
                [
                    0.09103986695478633,
                    -0.797822011583615,
                    -0.5959796812455344,
                    -0.01803737976091757
                ],
                [
                    0.12048022735732787,
                    0.602893056704876,
                    -0.7886726044392425,
                    0.6686400873382412
                ],
                [
                    0.988532375514723,
                    -3.118517776325573e-06,
                    0.15100908101665092,
                    -0.05750021105906589
                ],
                [
                    0.0,
                    0.0,
                    0.0,
                    1.0
                ]
            ],
            "size": [
                0.15068,
                0.17726,
                0.74884
            ]
        },
        "distance": 0.487061307776259
    },
    {
        "case": 2,
        "collider1": {
            "type": "Box",
            "collider2origin": [
                [
                    0.907778172512869,
                    0.4194505805326725,
                    0.0,
                    -1.612083837096907
                ],
                [
                    -0.4194505805326725,
                    0.907778172512869,
                    0.0,
                    -0.24654756573714753
                ],
                [
                    0.0,
                    0.0,
                    1.0,
                    -0.040000000000000036
                ],
                [
                    0.0,
                    0.0,
                    0.0,
                    1.0
                ]
            ],
            "size": [
                2.0,
                2.0,
                2.0
            ]
        },
        "collider2": {
            "type": "Box",
            "collider2origin": [
                [
                    0.09103986695478633,
                    -0.797822011583615,
                    -0.5959796812455344,
                    -0.01803737976091757
                ],
                [
                    0.12048022735732787,
                    0.602893056704876,
                    -0.7886726044392425,
                    0.6686400873382412
                ],
                [
                    0.988532375514723,
                    -3.118517776325573e-06,
                    0.15100908101665092,
                    -0.05750021105906589
                ],
                [
                    0.0,
                    0.0,
                    0.0,
                    1.0
                ]
            ],
            "size": [
                0.15068,
                0.17726,
                0.74884
            ]
        },
        "distance": 0.11991757772688315
    },
    {
        "case": 3,
        "collider1": {
            "type": "Box",
            "collider2origin": [
                [
                    0.907778172512869,
                    0.4194505805326725,
                    0.0,
                    -0.7418785952877999
                ],
                [
                    -0.4194505805326725,
                    0.907778172512869,
                    0.0,
                    1.2791466490804724
                ],
                [
                    0.0,
                    0.0,
                    1.0,
                    0.27
                ],
                [
                    0.0,
                    0.0,
                    0.0,
                    1.0
                ]
            ],
            "size": [
                0.52,
                1.16,
                0.6
            ]
        },
        "collider2": {
            "type": "Box",
            "collider2origin": [
                [
                    0.09103986695478633,
                    -0.797822011583615,
                    -0.5959796812455344,
                    -0.01803737976091757
                ],
                [
                    0.12048022735732787,
                    0.602893056704876,
                    -0.7886726044392425,
                    0.6686400873382412
                ],
                [
                    0.988532375514723,
                    -3.118517776325573e-06,
                    0.15100908101665092,
                    -0.05750021105906589
                ],
                [
                    0.0,
                    0.0,
                    0.0,
                    1.0
                ]
            ],
            "size": [
                0.15068,
                0.17726,
                0.74884
            ]
        },
        "distance": 0.487061307776259
    }
]