[
    {
        "case": 0,
        "collider1": {
            "type": "Box",
            "collider2origin": [
                [
                    0.9077781725128689,
                    0.4194505805326724,
                    0.0,
                    0.4158817547107895
                ],
                [
                    -0.4194505805326724,
                    0.9077781725128689,
                    0.0,
                    0.733173894971941
                ],
                [
                    0.0,
                    0.0,
                    1.0,
                    -0.6599999999999999
                ],
                [
                    0.0,
                    0.0,
                    0.0,
                    1.0
                ]
            ],
            "size": [
                0.6,
                1.0,
                0.8
            ]
        },
        "collider2": {
            "type": "Box",
            "collider2origin": [
                [
                    -0.43092753934184796,
                    -0.7793783354194478,
                    -0.45483059056707126,
                    0.027573823697506827
                ],
                [
                    -0.5360293027604047,
                    0.6265535972607424,
                    -0.5657766134631385,
                    0.7396967193250663
                ],
                [
                    0.7259297778841796,
                    -6.1995210637063115e-06,
                    -0.6877688256548063,
                    -0.30908244912066307
                ],
                [
                    0.0,
                    0.0,
                    0.0,
                    1.0
                ]
            ],
            "size": [
                0.15068,
                0.17726,
                0.74884
            ]
        },
        "distance": 0.0
    },
    {
        "case": 1,
        "collider1": {
            "type": "Box",
            "collider2origin": [
                [
                    0.9077781725128689,
                    0.4194505805326724,
                    0.0,
                    0.27063700059322826
                ],
                [
                    -0.4194505805326724,
                    0.9077781725128689,
                    0.0,
                    0.8002854543438492
                ],
                [
                    0.0,
                    0.0,
                    1.0,
                    -0.25
                ],
                [
                    0.0,
                    0.0,
                    0.0,
                    1.0
                ]
            ],
            "size": [
                0.2,
                0.2,
                0.02
            ]
        },
        "collider2": {
            "type": "Box",
            "collider2origin": [
                [
                    -0.43092753934184796,
                    -0.7793783354194478,
                    -0.45483059056707126,
                    0.027573823697506827
                ],
                [
                    -0.5360293027604047,
                    0.6265535972607424,
                    -0.5657766134631385,
                    0.7396967193250663
                ],
                [
                    0.7259297778841796,
                    -6.1995210637063115e-06,
                    -0.6877688256548063,
                    -0.30908244912066307
                ],
                [
                    0.0,
                    0.0,
                    0.0,
                    1.0
                ]
            ],
            "size": [
                0.15068,
                0.17726,
                0.74884
            ]
        },
        "distance": 0.0
    },
    {
        "case": 2,
        "collider1": {
            "type": "Box",
            "collider2origin": [
                [
                    0.9077781725128689,
                    0.4194505805326724,
                    0.0,
                    0.4158817547107895
                ],
                [
                    -0.4194505805326724,
                    0.9077781725128689,
                    0.0,
                    0.733173894971941
                ],
                [
                    0.0,
                    0.0,
                    1.0,
                    -0.6599999999999999
                ],
                [
                    0.0,
                    0.0,
                    0.0,
                    1.0
                ]
            ],
            "size": [
                0.6,
                1.0,
                0.8
            ]
        },
        "collider2": {
            "type": "Box",
            "collider2origin": [
                [
                    -0.43092753934184796,
                    -0.7793783354194478,
                    -0.45483059056707126,
                    0.027573823697506827
                ],
                [
                    -0.5360293027604047,
                    0.6265535972607424,
                    -0.5657766134631385,
                    0.7396967193250663
                ],
                [
                    0.7259297778841796,
                    -6.1995210637063115e-06,
                    -0.6877688256548063,
                    -0.30908244912066307
                ],
                [
                    0.0,
                    0.0,
                    0.0,
                    1.0
                ]
            ],
            "size": [
                0.15068,
                0.17726,
                0.74884
            ]
        },
        "distance": 0.0
    },
    {
        "case": 3,
        "collider1": {
            "type": "Box",
            "collider2origin": [
                [
                    0.9077781725128689,
                    0.4194505805326724,
                    0.0,
                    0.27063700059322826
                ],
                [
                    -0.4194505805326724,
                    0.9077781725128689,
                    0.0,
                    0.8002854543438492
                ],
                [
                    0.0,
                    0.0,
                    1.0,
                    -0.25
                ],
                [
                    0.0,
                    0.0,
                    0.0,
                    1.0
                ]
            ],
            "size": [
                0.2,
                0.2,
                0.02
            ]
        },
        "collider2": {
            "type": "Box",
            "collider2origin": [
                [
                    -0.43092753934184796,
                    -0.7793783354194478,
                    -0.45483059056707126,
                    0.027573823697506827
                ],
                [
                    -0.5360293027604047,
                    0.6265535972607424,
                    -0.5657766134631385,
                    0.7396967193250663
                ],
                [
                    0.7259297778841796,
                    -6.1995210637063115e-06,
                    -0.6877688256548063,
                    -0.30908244912066307
                ],
                [
                    0.0,
                    0.0,
                    0.0,
                    1.0
                ]
            ],
            "size": [
                0.15068,
                0.17726,
                0.74884
            ]
        },
        "distance": 0.0
    },
    {
        "case": 4,
        "collider1": {
            "type": "Box",
            "collider2origin": [
                [
                    0.9077781725128689,
                    0.4194505805326724,
                    0.0,
                    0.4158817547107895
                ],
                [
                    -0.4194505805326724,
                    0.9077781725128689,
                    0.0,
                    0.733173894971941
                ],
                [
                    0.0,
                    0.0,
                    1.0,
                    -0.6599999999999999
                ],
                [
                    0.0,
                    0.0,
                    0.0,
                    1.0
                ]
            ],
            "size": [
                0.6,
                1.0,
                0.8
            ]
        },
        "collider2": {
            "type": "Box",
            "collider2origin": [
                [
                    -0.48625327172739036,
                    -0.7793781161259621,
                    -0.3951297354519843,
                    -0.1266826898388117
                ],
                [
                    -0.604849898384021,
                    0.6265538700394289,
                    -0.4915148506031675,
                    0.34617141238295507
                ],
                [
                    0.6306459832261267,
                    -6.523871751878691e-06,
                    -0.7760706435616481,
                    -0.74125901011544
                ],
                [
                    0.0,
                    0.0,
                    0.0,
                    1.0
                ]
            ],
            "size": [
                0.1202,
                0.13634,
                0.67816
            ]
        },
        "distance": 0.0
    },
    {
        "case": 5,
        "collider1": {
            "type": "Box",
            "collider2origin": [
                [
                    0.907778172512869,
                    0.4194505805326725,
                    0.0,
                    -1.612083837096907
                ],
                [
                    -0.4194505805326725,
                    0.907778172512869,
                    0.0,
                    -0.24654756573714753
                ],
                [
                    0.0,
                    0.0,
                    1.0,
                    -0.040000000000000036
                ],
                [
                    0.0,
                    0.0,
                    0.0,
                    1.0
                ]
            ],
            "size": [
                2.0,
                2.0,
                2.0
            ]
        },
        "collider2": {
            "type": "Box",
            "collider2origin": [
                [
                    -0.48625327172739036,
                    -0.7793781161259621,
                    -0.3951297354519843,
                    -0.1266826898388117
                ],
                [
                    -0.604849898384021,
                    0.6265538700394289,
                    -0.4915148506031675,
                    0.34617141238295507
                ],
                [
                    0.6306459832261267,
                    -6.523871751878691e-06,
                    -0.7760706435616481,
                    -0.74125901011544
                ],
                [
                    0.0,
                    0.0,
                    0.0,
                    1.0
                ]
            ],
            "size": [
                0.1202,
                0.13634,
                0.67816
            ]
        },
        "distance": 0.0
    },
    {
        "case": 6,
        "collider1": {
            "type": "Box",
            "collider2origin": [
                [
                    0.907778172512869,
                    0.4194505805326725,
                    0.0,
                    -1.612083837096907
                ],
                [
                    -0.4194505805326725,
                    0.907778172512869,
                    0.0,
                    -0.24654756573714753
                ],
                [
                    0.0,
                    0.0,
                    1.0,
                    -0.040000000000000036
                ],
                [
                    0.0,
                    0.0,
                    0.0,
                    1.0
                ]
            ],
            "size": [
                2.0,
                2.0,
                2.0
            ]
        },
        "collider2": {
            "type": "Box",
            "collider2origin": [
                [
                    -0.2673287133159784,
                    -0.7793787461936638,
                    -0.5666605059631526,
                    -0.3305777340402634
                ],
                [
                    -0.33252661660513483,
                    0.6265530863016563,
                    -0.7048810391087356,
                    0.27091572793414687
                ],
                [
                    0.9044121893727246,
                    -5.240414087193143e-06,
                    -0.4266598079109079,
                    -0.9690433119137032
                ],
                [
                    0.0,
                    0.0,
                    0.0,
                    1.0
                ]
            ],
            "size": [
                0.09102,
                0.10007,
                0.11882
            ]
        },
        "distance": 0.0
    },
    {
        "case": 7,
        "collider1": {
            "type": "Box",
            "collider2origin": [
                [
                    0.907778172512869,
                    0.4194505805326725,
                    0.0,
                    -1.612083837096907
                ],
                [
                    -0.4194505805326725,
                    0.907778172512869,
                    0.0,
                    -0.24654756573714753
                ],
                [
                    0.0,
                    0.0,
                    1.0,
                    -0.040000000000000036
                ],
                [
                    0.0,
                    0.0,
                    0.0,
                    1.0
                ]
            ],
            "size": [
                2.0,
                2.0,
                2.0
            ]
        },
        "collider2": {
            "type": "Box",
            "collider2origin": [
                [
                    -0.8226045899418122,
                    -0.04709097140904001,
                    -0.5666605059631526,
                    -0.3958406157762662
                ],
                [
                    0.45438438661943475,
                    0.5446811451679497,
                    -0.7048810391087356,
                    0.19746366338400168
                ],
                [
                    0.34184282616890366,
                    -0.8373200645573255,
                    -0.4266598079109079,
                    -1.01730921329023
                ],
                [
                    0.0,
                    0.0,
                    0.0,
                    1.0
                ]
            ],
            "size": [
                0.09126,
                0.11887,
                0.10009
            ]
        },
        "distance": 0.0
    }
]