[
    {
        "case": 0,
        "collider1": {
            "type": "Box",
            "collider2origin": [
                [
                    0.9077781725128689,
                    0.4194505805326724,
                    0.0,
                    0.4158817547107895
                ],
                [
                    -0.4194505805326724,
                    0.9077781725128689,
                    0.0,
                    0.733173894971941
                ],
                [
                    0.0,
                    0.0,
                    1.0,
                    -0.6599999999999999
                ],
                [
                    0.0,
                    0.0,
                    0.0,
                    1.0
                ]
            ],
            "size": [
                0.6,
                1.0,
                0.8
            ]
        },
        "collider2": {
            "type": "Box",
            "collider2origin": [
                [
                    0.7681451842990419,
                    0.23104013499880402,
                    0.5971376992435874,
                    1.0120619507804935
                ],
                [
                    -0.1824080331590701,
                    0.9729442204048168,
                    -0.1417986368760397,
                    0.6804520882173914
                ],
                [
                    -0.6137428494713647,
                    -7.731876566955111e-07,
                    0.7895059941014833,
                    -0.15298450273691544
                ],
                [
                    0.0,
                    0.0,
                    0.0,
                    1.0
                ]
            ],
            "size": [
                0.1202,
                0.13634,
                0.67816
            ]
        },
        "distance": 0.0
    },
    {
        "case": 1,
        "collider1": {
            "type": "Box",
            "collider2origin": [
                [
                    0.907778172512869,
                    0.4194505805326725,
                    0.0,
                    0.9947946797881562
                ],
                [
                    -0.4194505805326725,
                    0.907778172512869,
                    0.0,
                    0.5317739604993647
                ],
                [
                    0.0,
                    0.0,
                    1.0,
                    -0.69
                ],
                [
                    0.0,
                    0.0,
                    0.0,
                    1.0
                ]
            ],
            "size": [
                0.6,
                1.2,
                0.75
            ]
        },
        "collider2": {
            "type": "Box",
            "collider2origin": [
                [
                    0.7681451842990419,
                    0.23104013499880402,
                    0.5971376992435874,
                    1.0120619507804935
                ],
                [
                    -0.1824080331590701,
                    0.9729442204048168,
                    -0.1417986368760397,
                    0.6804520882173914
                ],
                [
                    -0.6137428494713647,
                    -7.731876566955111e-07,
                    0.7895059941014833,
                    -0.15298450273691544
                ],
                [
                    0.0,
                    0.0,
                    0.0,
                    1.0
                ]
            ],
            "size": [
                0.1202,
                0.13634,
                0.67816
            ]
        },
        "distance": 0.0
    },
    {
        "case": 2,
        "collider1": {
            "type": "Box",
            "collider2origin": [
                [
                    0.9077781725128689,
                    0.4194505805326724,
                    0.0,
                    0.4158817547107895
                ],
                [
                    -0.4194505805326724,
                    0.9077781725128689,
                    0.0,
                    0.733173894971941
                ],
                [
                    0.0,
                    0.0,
                    1.0,
                    -0.6599999999999999
                ],
                [
                    0.0,
                    0.0,
                    0.0,
                    1.0
                ]
            ],
            "size": [
                0.6,
                1.0,
                0.8
            ]
        },
        "collider2": {
            "type": "Box",
            "collider2origin": [
                [
                    -0.43193453416241456,
                    0.23104114392623107,
                    0.8718099265385526,
                    0.6018851584040106
                ],
                [
                    0.10256489402930642,
                    0.9729439808052297,
                    -0.20702766174506723,
                    0.9077066159310384
                ],
                [
                    -0.8960541282258873,
                    -5.303905465495855e-06,
                    -0.4439448155584356,
                    -0.23578214951701537
                ],
                [
                    0.0,
                    0.0,
                    0.0,
                    1.0
                ]
            ],
            "size": [
                0.15068,
                0.17726,
                0.74884
            ]
        },
        "distance": 0.0
    },
    {
        "case": 3,
        "collider1": {
            "type": "Box",
            "collider2origin": [
                [
                    0.9077781725128689,
                    0.4194505805326724,
                    0.0,
                    0.27063700059322826
                ],
                [
                    -0.4194505805326724,
                    0.9077781725128689,
                    0.0,
                    0.8002854543438492
                ],
                [
                    0.0,
                    0.0,
                    1.0,
                    -0.25
                ],
                [
                    0.0,
                    0.0,
                    0.0,
                    1.0
                ]
            ],
            "size": [
                0.2,
                0.2,
                0.02
            ]
        },
        "collider2": {
            "type": "Box",
            "collider2origin": [
                [
                    -0.43193453416241456,
                    0.23104114392623107,
                    0.8718099265385526,
                    0.6018851584040106
                ],
                [
                    0.10256489402930642,
                    0.9729439808052297,
                    -0.20702766174506723,
                    0.9077066159310384
                ],
                [
                    -0.8960541282258873,
                    -5.303905465495855e-06,
                    -0.4439448155584356,
                    -0.23578214951701537
                ],
                [
                    0.0,
                    0.0,
                    0.0,
                    1.0
                ]
            ],
            "size": [
                0.15068,
                0.17726,
                0.74884
            ]
        },
        "distance": 0.016422981654245047
    },
    {
        "case": 4,
        "collider1": {
            "type": "Box",
            "collider2origin": [
                [
                    0.907778172512869,
                    0.4194505805326725,
                    0.0,
                    0.9947946797881562
                ],
                [
                    -0.4194505805326725,
                    0.907778172512869,
                    0.0,
                    0.5317739604993647
                ],
                [
                    0.0,
                    0.0,
                    1.0,
                    -0.69
                ],
                [
                    0.0,
                    0.0,
                    0.0,
                    1.0
                ]
            ],
            "size": [
                0.6,
                1.2,
                0.75
            ]
        },
        "collider2": {
            "type": "Box",
            "collider2origin": [
                [
                    -0.43193453416241456,
                    0.23104114392623107,
                    0.8718099265385526,
                    0.6018851584040106
                ],
                [
                    0.10256489402930642,
                    0.9729439808052297,
                    -0.20702766174506723,
                    0.9077066159310384
                ],
                [
                    -0.8960541282258873,
                    -5.303905465495855e-06,
                    -0.4439448155584356,
                    -0.23578214951701537
                ],
                [
                    0.0,
                    0.0,
                    0.0,
                    1.0
                ]
            ],
            "size": [
                0.15068,
                0.17726,
                0.74884
            ]
        },
        "distance": 0.0
    },
    {
        "case": 5,
        "collider1": {
            "type": "Box",
            "collider2origin": [
                [
                    0.9077781725128689,
                    0.4194505805326724,
                    0.0,
                    0.4158817547107895
                ],
                [
                    -0.4194505805326724,
                    0.9077781725128689,
                    0.0,
                    0.733173894971941
                ],
                [
                    0.0,
                    0.0,
                    1.0,
                    -0.6599999999999999
                ],
                [
                    0.0,
                    0.0,
                    0.0,
                    1.0
                ]
            ],
            "size": [
                0.6,
                1.0,
                0.8
            ]
        },
        "collider2": {
            "type": "Box",
            "collider2origin": [
                [
                    -0.43193453416241456,
                    0.23104114392623107,
                    0.8718099265385526,
                    0.6018851584040106
                ],
                [
                    0.10256489402930642,
                    0.9729439808052297,
                    -0.20702766174506723,
                    0.9077066159310384
                ],
                [
                    -0.8960541282258873,
                    -5.303905465495855e-06,
                    -0.4439448155584356,
                    -0.23578214951701537
                ],
                [
                    0.0,
                    0.0,
                    0.0,
                    1.0
                ]
            ],
            "size": [
                0.15068,
                0.17726,
                0.74884
            ]
        },
        "distance": 0.0
    },
    {
        "case": 6,
        "collider1": {
            "type": "Box",
            "collider2origin": [
                [
                    0.9077781725128689,
                    0.4194505805326724,
                    0.0,
                    0.27063700059322826
                ],
                [
                    -0.4194505805326724,
                    0.9077781725128689,
                    0.0,
                    0.8002854543438492
                ],
                [
                    0.0,
                    0.0,
                    1.0,
                    -0.25
                ],
                [
                    0.0,
                    0.0,
                    0.0,
                    1.0
                ]
            ],
            "size": [
                0.2,
                0.2,
                0.02
            ]
        },
        "collider2": {
            "type": "Box",
            "collider2origin": [
                [
                    -0.43193453416241456,
                    0.23104114392623107,
                    0.8718099265385526,
                    0.6018851584040106
                ],
                [
                    0.10256489402930642,
                    0.9729439808052297,
                    -0.20702766174506723,
                    0.9077066159310384
                ],
                [
                    -0.8960541282258873,
                    -5.303905465495855e-06,
                    -0.4439448155584356,
                    -0.23578214951701537
                ],
                [
                    0.0,
                    0.0,
                    0.0,
                    1.0
                ]
            ],
            "size": [
                0.15068,
                0.17726,
                0.74884
            ]
        },
        "distance": 0.016422981654245047
    },
    {
        "case": 7,
        "collider1": {
            "type": "Box",
            "collider2origin": [
                [
                    0.907778172512869,
                    0.4194505805326725,
                    0.0,
                    0.9947946797881562
                ],
                [
                    -0.4194505805326725,
                    0.907778172512869,
                    0.0,
                    0.5317739604993647
                ],
                [
                    0.0,
                    0.0,
                    1.0,
                    -0.69
                ],
                [
                    0.0,
                    0.0,
                    0.0,
                    1.0
                ]
            ],
            "size": [
                0.6,
                1.2,
                0.75
            ]
        },
        "collider2": {
            "type": "Box",
            "collider2origin": [
                [
                    -0.43193453416241456,
                    0.23104114392623107,
                    0.8718099265385526,
                    0.6018851584040106
                ],
                [
                    0.10256489402930642,
                    0.9729439808052297,
                    -0.20702766174506723,
                    0.9077066159310384
                ],
                [
                    -0.8960541282258873,
                    -5.303905465495855e-06,
                    -0.4439448155584356,
                    -0.23578214951701537
                ],
                [
                    0.0,
                    0.0,
                    0.0,
                    1.0
                ]
            ],
            "size": [
                0.15068,
                0.17726,
                0.74884
            ]
        },
        "distance": 0.0
    }
]