[
    {
        "case": 0,
        "collider1": {
            "type": "Box",
            "collider2origin": [
                [
                    0.9077781725128689,
                    0.4194505805326724,
                    0.0,
                    0.4158817547107895
                ],
                [
                    -0.4194505805326724,
                    0.9077781725128689,
                    0.0,
                    0.733173894971941
                ],
                [
                    0.0,
                    0.0,
                    1.0,
                    -0.6599999999999999
                ],
                [
                    0.0,
                    0.0,
                    0.0,
                    1.0
                ]
            ],
            "size": [
                0.6,
                1.0,
                0.8
            ]
        },
        "collider2": {
            "type": "Box",
            "collider2origin": [
                [
                    -0.31140869507296837,
                    -0.35089195501167164,
                    -0.8831191655382856,
                    0.5174856106642254
                ],
                [
                    -0.6296734688707211,
                    -0.6198311663416957,
                    0.4683168242032374,
                    0.9641483832284008
                ],
                [
                    -0.7117133884038318,
                    0.7019146394965557,
                    -0.027926539835004843,
                    -0.30969237092715285
                ],
                [
                    0.0,
                    0.0,
                    0.0,
                    1.0
                ]
            ],
            "size": [
                0.08993,
                0.0305,
                0.09007
            ]
        },
        "distance": 0.0
    },
    {
        "case": 1,
        "collider1": {
            "type": "Box",
            "collider2origin": [
                [
                    0.907778172512869,
                    0.4194505805326725,
                    0.0,
                    0.9947946797881562
                ],
                [
                    -0.4194505805326725,
                    0.907778172512869,
                    0.0,
                    0.5317739604993647
                ],
                [
                    0.0,
                    0.0,
                    1.0,
                    -0.69
                ],
                [
                    0.0,
                    0.0,
                    0.0,
                    1.0
                ]
            ],
            "size": [
                0.6,
                1.2,
                0.75
            ]
        },
        "collider2": {
            "type": "Box",
            "collider2origin": [
                [
                    -0.31140869507296837,
                    -0.35089195501167164,
                    -0.8831191655382856,
                    0.5174856106642254
                ],
                [
                    -0.6296734688707211,
                    -0.6198311663416957,
                    0.4683168242032374,
                    0.9641483832284008
                ],
                [
                    -0.7117133884038318,
                    0.7019146394965557,
                    -0.027926539835004843,
                    -0.30969237092715285
                ],
                [
                    0.0,
                    0.0,
                    0.0,
                    1.0
                ]
            ],
            "size": [
                0.08993,
                0.0305,
                0.09007
            ]
        },
        "distance": 0.2686082334664621
    },
    {
        "case": 2,
        "collider1": {
            "type": "Box",
            "collider2origin": [
                [
                    0.9077781725128689,
                    0.4194505805326724,
                    0.0,
                    0.4158817547107895
                ],
                [
                    -0.4194505805326724,
                    0.9077781725128689,
                    0.0,
                    0.733173894971941
                ],
                [
                    0.0,
                    0.0,
                    1.0,
                    -0.6599999999999999
                ],
                [
                    0.0,
                    0.0,
                    0.0,
                    1.0
                ]
            ],
            "size": [
                0.6,
                1.0,
                0.8
            ]
        },
        "collider2": {
            "type": "Box",
            "collider2origin": [
                [
                    0.9080839179763399,
                    -0.3508895508458943,
                    -0.22860472659135167,
                    0.5454428088235458
                ],
                [
                    -0.4082251026551129,
                    -0.6198353483156245,
                    -0.6701913208485106,
                    1.0124876509988805
                ],
                [
                    0.09346584122000194,
                    0.701912148410052,
                    -0.7061044345133531,
                    -0.3594246973628449
                ],
                [
                    0.0,
                    0.0,
                    0.0,
                    1.0
                ]
            ],
            "size": [
                0.09126,
                0.11887,
                0.10009
            ]
        },
        "distance": 0.0
    },
    {
        "case": 3,
        "collider1": {
            "type": "Box",
            "collider2origin": [
                [
                    0.907778172512869,
                    0.4194505805326725,
                    0.0,
                    0.9947946797881562
                ],
                [
                    -0.4194505805326725,
                    0.907778172512869,
                    0.0,
                    0.5317739604993647
                ],
                [
                    0.0,
                    0.0,
                    1.0,
                    -0.69
                ],
                [
                    0.0,
                    0.0,
                    0.0,
                    1.0
                ]
            ],
            "size": [
                0.6,
                1.2,
                0.75
            ]
        },
        "collider2": {
            "type": "Box",
            "collider2origin": [
                [
                    0.9080839179763399,
                    -0.3508895508458943,
                    -0.22860472659135167,
                    0.5454428088235458
                ],
                [
                    -0.4082251026551129,
                    -0.6198353483156245,
                    -0.6701913208485106,
                    1.0124876509988805
                ],
                [
                    0.09346584122000194,
                    0.701912148410052,
                    -0.7061044345133531,
                    -0.3594246973628449
                ],
                [
                    0.0,
                    0.0,
                    0.0,
                    1.0
                ]
            ],
            "size": [
                0.09126,
                0.11887,
                0.10009
            ]
        },
        "distance": 0.2569575433239077
    },
    {
        "case": 4,
        "collider1": {
            "type": "Box",
            "collider2origin": [
                [
                    0.9077781725128689,
                    0.4194505805326724,
                    0.0,
                    0.4158817547107895
                ],
                [
                    -0.4194505805326724,
                    0.9077781725128689,
                    0.0,
                    0.733173894971941
                ],
                [
                    0.0,
                    0.0,
                    1.0,
                    -0.6599999999999999
                ],
                [
                    0.0,
                    0.0,
                    0.0,
                    1.0
                ]
            ],
            "size": [
                0.6,
                1.0,
                0.8
            ]
        },
        "collider2": {
            "type": "Box",
            "collider2origin": [
                [
                    0.22794961533588876,
                    0.9464559428987246,
                    -0.22860472659135167,
                    0.5673403717622849
                ],
                [
                    0.6682981709887559,
                    -0.3228330034435956,
                    -0.6701913208485106,
                    1.0882836675918206
                ],
                [
                    -0.7081077089831066,
                    -6.266871515738947e-06,
                    -0.7061044345133531,
                    -0.2835913448182187
                ],
                [
                    0.0,
                    0.0,
                    0.0,
                    1.0
                ]
            ],
            "size": [
                0.09102,
                0.10007,
                0.11882
            ]
        },
        "distance": 0.0
    },
    {
        "case": 5,
        "collider1": {
            "type": "Box",
            "collider2origin": [
                [
                    0.907778172512869,
                    0.4194505805326725,
                    0.0,
                    0.9947946797881562
                ],
                [
                    -0.4194505805326725,
                    0.907778172512869,
                    0.0,
                    0.5317739604993647
                ],
                [
                    0.0,
                    0.0,
                    1.0,
                    -0.69
                ],
                [
                    0.0,
                    0.0,
                    0.0,
                    1.0
                ]
            ],
            "size": [
                0.6,
                1.2,
                0.75
            ]
        },
        "collider2": {
            "type": "Box",
            "collider2origin": [
                [
                    0.22794961533588876,
                    0.9464559428987246,
                    -0.22860472659135167,
                    0.5673403717622849
                ],
                [
                    0.6682981709887559,
                    -0.3228330034435956,
                    -0.6701913208485106,
                    1.0882836675918206
                ],
                [
                    -0.7081077089831066,
                    -6.266871515738947e-06,
                    -0.7061044345133531,
                    -0.2835913448182187
                ],
                [
                    0.0,
                    0.0,
                    0.0,
                    1.0
                ]
            ],
            "size": [
                0.09102,
                0.10007,
                0.11882
            ]
        },
        "distance": 0.2648751361681736
    },
    {
        "case": 6,
        "collider1": {
            "type": "Box",
            "collider2origin": [
                [
                    0.9077781725128689,
                    0.4194505805326724,
                    0.0,
                    0.4158817547107895
                ],
                [
                    -0.4194505805326724,
                    0.9077781725128689,
                    0.0,
                    0.733173894971941
                ],
                [
                    0.0,
                    0.0,
                    1.0,
                    -0.6599999999999999
                ],
                [
                    0.0,
                    0.0,
                    0.0,
                    1.0
                ]
            ],
            "size": [
                0.6,
                1.0,
                0.8
            ]
        },
        "collider2": {
            "type": "Box",
            "collider2origin": [
                [
                    0.3158971595581949,
                    0.946456538156118,
                    -0.06655077734032278,
                    0.4816053999411991
                ],
                [
                    0.9261322204756918,
                    -0.32283125828940396,
                    -0.19508738777287726,
                    1.1831151503295165
                ],
                [
                    -0.20612640485835176,
                    -7.2675294964322855e-06,
                    -0.9785253727764822,
                    0.003752245828751999
                ],
                [
                    0.0,
                    0.0,
                    0.0,
                    1.0
                ]
            ],
            "size": [
                0.1202,
                0.13634,
                0.67816
            ]
        },
        "distance": 0.0
    },
    {
        "case": 7,
        "collider1": {
            "type": "Box",
            "collider2origin": [
                [
                    0.907778172512869,
                    0.4194505805326725,
                    0.0,
                    0.9947946797881562
                ],
                [
                    -0.4194505805326725,
                    0.907778172512869,
                    0.0,
                    0.5317739604993647
                ],
                [
                    0.0,
                    0.0,
                    1.0,
                    -0.69
                ],
                [
                    0.0,
                    0.0,
                    0.0,
                    1.0
                ]
            ],
            "size": [
                0.6,
                1.2,
                0.75
            ]
        },
        "collider2": {
            "type": "Box",
            "collider2origin": [
                [
                    0.3158971595581949,
                    0.946456538156118,
                    -0.06655077734032278,
                    0.4816053999411991
                ],
                [
                    0.9261322204756918,
                    -0.32283125828940396,
                    -0.19508738777287726,
                    1.1831151503295165
                ],
                [
                    -0.20612640485835176,
                    -7.2675294964322855e-06,
                    -0.9785253727764822,
                    0.003752245828751999
                ],
                [
                    0.0,
                    0.0,
                    0.0,
                    1.0
                ]
            ],
            "size": [
                0.1202,
                0.13634,
                0.67816
            ]
        },
        "distance": 0.3578925560732773
    },
    {
        "case": 8,
        "collider1": {
            "type": "Box",
            "collider2origin": [
                [
                    0.9077781725128689,
                    0.4194505805326724,
                    0.0,
                    0.4158817547107895
                ],
                [
                    -0.4194505805326724,
                    0.9077781725128689,
                    0.0,
                    0.733173894971941
                ],
                [
                    0.0,
                    0.0,
                    1.0,
                    -0.6599999999999999
                ],
                [
                    0.0,
                    0.0,
                    0.0,
                    1.0
                ]
            ],
            "size": [
                0.6,
                1.0,
                0.8
            ]
        },
        "collider2": {
            "type": "Box",
            "collider2origin": [
                [
                    -0.8438110119916499,
                    -0.37371539944957544,
                    0.3851230663773229,
                    0.4860910508048292
                ],
                [
                    0.5091103643941662,
                    -0.7843910142341082,
                    0.35431253668932755,
                    0.9089079135161428
                ],
                [
                    0.16967502146181368,
                    0.49504296480510757,
                    0.852140158711524,
                    -0.25507881358812834
                ],
                [
                    0.0,
                    0.0,
                    0.0,
                    1.0
                ]
            ],
            "size": [
                0.06241,
                0.05638,
                0.02858
            ]
        },
        "distance": 0.0
    }
]