[
    {
        "case": 0,
        "collider1": {
            "type": "Box",
            "collider2origin": [
                [
                    1.0,
                    0.0,
                    0.0,
                    0.35
                ],
                [
                    0.0,
                    1.0,
                    0.0,
                    -0.34649
                ],
                [
                    0.0,
                    0.0,
                    1.0,
                    -0.54511
                ],
                [
                    0.0,
                    0.0,
                    0.0,
                    1.0
                ]
            ],
            "size": [
                0.7,
                0.7,
                1.1
            ]
        },
        "collider2": {
            "type": "Box",
            "collider2origin": [
                [
                    -0.31427944225862786,
                    -0.9416799111160462,
                    -0.12028041059990195,
                    0.267906433207539
                ],
                [
                    0.5761432351483581,
                    -0.08849811831480317,
                    -0.8125435715378732,
                    0.011475579982160977
                ],
                [
                    0.7545113682154759,
                    -0.3246644853617567,
                    0.5703556497295316,
                    -0.010291244018787449
                ],
                [
                    0.0,
                    0.0,
                    0.0,
                    1.0
                ]
            ],
            "size": [
                0.08993,
                0.0305,
                0.09007
            ]
        },
        "distance": 0.0
    },
    {
        "case": 1,
        "collider1": {
            "type": "Box",
            "collider2origin": [
                [
                    1.0,
                    0.0,
                    0.0,
                    0.35
                ],
                [
                    0.0,
                    1.0,
                    0.0,
                    -0.34649
                ],
                [
                    0.0,
                    0.0,
                    1.0,
                    -0.54511
                ],
                [
                    0.0,
                    0.0,
                    0.0,
                    1.0
                ]
            ],
            "size": [
                0.7,
                0.7,
                1.1
            ]
        },
        "collider2": {
            "type": "Cylinder",
            "collider2origin": [
                [
                    -0.12027945928491891,
                    0.446394382226206,
                    0.8867157984331908,
                    0.08520960382856033
                ],
                [
                    -0.8125444110697992,
                    -0.5574341607849338,
                    0.17040755977722713,
                    0.0019856508550040175
                ],
                [
                    0.5703546543277788,
                    -0.6999994370761164,
                    0.4297631398570138,
                    -0.053695638547036184
                ],
                [
                    0.0,
                    0.0,
                    0.0,
                    1.0
                ]
            ],
            "radius": 0.00683,
            "height": 0.01183
        },
        "distance": 0.0
    },
    {
        "case": 2,
        "collider1": {
            "type": "Box",
            "collider2origin": [
                [
                    1.0,
                    0.0,
                    0.0,
                    0.35
                ],
                [
                    0.0,
                    1.0,
                    0.0,
                    -0.34649
                ],
                [
                    0.0,
                    0.0,
                    1.0,
                    -0.54511
                ],
                [
                    0.0,
                    0.0,
                    0.0,
                    1.0
                ]
            ],
            "size": [
                0.7,
                0.7,
                1.1
            ]
        },
        "collider2": {
            "type": "Box",
            "collider2origin": [
                [
                    0.24250533895466264,
                    -0.941680326263593,
                    -0.2333009295021713,
                    0.3392359424126157
                ],
                [
                    0.4904388480099867,
                    -0.08849194911289168,
                    0.8669711133047274,
                    0.015628862524152187
                ],
                [
                    -0.8370548948194028,
                    -0.3246649628005681,
                    0.44037684429200435,
                    0.01170950059878284
                ],
                [
                    0.0,
                    0.0,
                    0.0,
                    1.0
                ]
            ],
            "size": [
                0.09126,
                0.11887,
                0.10009
            ]
        },
        "distance": 0.0
    },
    {
        "case": 3,
        "collider1": {
            "type": "Box",
            "collider2origin": [
                [
                    1.0,
                    0.0,
                    0.0,
                    0.35
                ],
                [
                    0.0,
                    1.0,
                    0.0,
                    -0.34649
                ],
                [
                    0.0,
                    0.0,
                    1.0,
                    -0.54511
                ],
                [
                    0.0,
                    0.0,
                    0.0,
                    1.0
                ]
            ],
            "size": [
                0.7,
                0.7,
                1.1
            ]
        },
        "collider2": {
            "type": "Box",
            "collider2origin": [
                [
                    -0.15543188686217724,
                    -0.9834554398675303,
                    0.09303938059459342,
                    0.18736330153659192
                ],
                [
                    -0.907070584505024,
                    0.10478650777544085,
                    -0.4077287609599565,
                    0.007088662491122277
                ],
                [
                    0.3912337961784197,
                    -0.14776733598190692,
                    -0.908350665296521,
                    -0.032947974223791254
                ],
                [
                    0.0,
                    0.0,
                    0.0,
                    1.0
                ]
            ],
            "size": [
                0.06241,
                0.05638,
                0.02858
            ]
        },
        "distance": 0.0
    },
    {
        "case": 4,
        "collider1": {
            "type": "Box",
            "collider2origin": [
                [
                    1.0,
                    0.0,
                    0.0,
                    0.35
                ],
                [
                    0.0,
                    1.0,
                    0.0,
                    -0.34649
                ],
                [
                    0.0,
                    0.0,
                    1.0,
                    -0.54511
                ],
                [
                    0.0,
                    0.0,
                    0.0,
                    1.0
                ]
            ],
            "size": [
                0.7,
                0.7,
                1.1
            ]
        },
        "collider2": {
            "type": "Cylinder",
            "collider2origin": [
                [
                    -0.12027945928491891,
                    0.446394382226206,
                    0.8867157984331908,
                    0.09968313382102795
                ],
                [
                    -0.8125444110697992,
                    -0.5574341607849338,
                    0.17040755977722713,
                    0.004763809615701331
                ],
                [
                    0.5703546543277788,
                    -0.6999994370761164,
                    0.4297631398570138,
                    -0.04668553416425425
                ],
                [
                    0.0,
                    0.0,
                    0.0,
                    1.0
                ]
            ],
            "radius": 0.00683,
            "height": 0.01782
        },
        "distance": 0.0
    },
    {
        "case": 5,
        "collider1": {
            "type": "Box",
            "collider2origin": [
                [
                    -3.673205103346574e-06,
                    -0.9999999999932537,
                    0.0,
                    0.42000000000000004
                ],
                [
                    0.9999999999932537,
                    -3.673205103346574e-06,
                    0.0,
                    -0.395
                ],
                [
                    0.0,
                    0.0,
                    1.0,
                    0.53989
                ],
                [
                    0.0,
                    0.0,
                    0.0,
                    1.0
                ]
            ],
            "size": [
                0.6,
                0.32,
                1.16
            ]
        },
        "collider2": {
            "type": "Box",
            "collider2origin": [
                [
                    -0.11443177899182326,
                    -0.9656479918946601,
                    -0.2333009295021713,
                    0.3706358664478719
                ],
                [
                    0.42524949494335257,
                    -0.2598537198994562,
                    0.8669711133047274,
                    -0.07805851950356724
                ],
                [
                    -0.8978130289805278,
                    -2.055610631511391e-06,
                    0.44037684429200435,
                    -0.03552300103381523
                ],
                [
                    0.0,
                    0.0,
                    0.0,
                    1.0
                ]
            ],
            "size": [
                0.09102,
                0.10007,
                0.11882
            ]
        },
        "distance": 0.0
    },
    {
        "case": 6,
        "collider1": {
            "type": "Box",
            "collider2origin": [
                [
                    1.0,
                    0.0,
                    0.0,
                    0.35
                ],
                [
                    0.0,
                    1.0,
                    0.0,
                    -0.34649
                ],
                [
                    0.0,
                    0.0,
                    1.0,
                    -0.54511
                ],
                [
                    0.0,
                    0.0,
                    0.0,
                    1.0
                ]
            ],
            "size": [
                0.7,
                0.7,
                1.1
            ]
        },
        "collider2": {
            "type": "Box",
            "collider2origin": [
                [
                    -0.11443177899182326,
                    -0.9656479918946601,
                    -0.2333009295021713,
                    0.3706358664478719
                ],
                [
                    0.42524949494335257,
                    -0.2598537198994562,
                    0.8669711133047274,
                    -0.07805851950356724
                ],
                [
                    -0.8978130289805278,
                    -2.055610631511391e-06,
                    0.44037684429200435,
                    -0.03552300103381523
                ],
                [
                    0.0,
                    0.0,
                    0.0,
                    1.0
                ]
            ],
            "size": [
                0.09102,
                0.10007,
                0.11882
            ]
        },
        "distance": 0.0
    },
    {
        "case": 7,
        "collider1": {
            "type": "Box",
            "collider2origin": [
                [
                    1.0,
                    0.0,
                    0.0,
                    0.35
                ],
                [
                    0.0,
                    1.0,
                    0.0,
                    -0.34649
                ],
                [
                    0.0,
                    0.0,
                    1.0,
                    -0.54511
                ],
                [
                    0.0,
                    0.0,
                    0.0,
                    1.0
                ]
            ],
            "size": [
                0.7,
                0.7,
                1.1
            ]
        },
        "collider2": {
            "type": "Sphere",
            "collider2origin": [
                [
                    1.0,
                    0.0,
                    0.0,
                    0.03545704961942453
                ],
                [
                    0.0,
                    1.0,
                    0.0,
                    -0.015752085812286598
                ],
                [
                    0.0,
                    0.0,
                    1.0,
                    -0.026805266297730723
                ],
                [
                    0.0,
                    0.0,
                    0.0,
                    1.0
                ]
            ],
            "radius": 0.00663
        },
        "distance": 0.0
    },
    {
        "case": 8,
        "collider1": {
            "type": "Box",
            "collider2origin": [
                [
                    0.9077781725128689,
                    0.4194505805326724,
                    0.0,
                    0.4158817547107895
                ],
                [
                    -0.4194505805326724,
                    0.9077781725128689,
                    0.0,
                    0.733173894971941
                ],
                [
                    0.0,
                    0.0,
                    1.0,
                    -0.6599999999999999
                ],
                [
                    0.0,
                    0.0,
                    0.0,
                    1.0
                ]
            ],
            "size": [
                0.6,
                1.0,
                0.8
            ]
        },
        "collider2": {
            "type": "Box",
            "collider2origin": [
                [
                    -0.1955000026327375,
                    -0.9656465061105259,
                    0.17119163007324162,
                    0.4291803438296814
                ],
                [
                    0.7264829000671736,
                    -0.25985924119743425,
                    -0.6361570330305895,
                    0.13447193053447049
                ],
                [
                    0.6587885433738117,
                    -9.097494793691381e-07,
                    0.752328156537148,
                    -0.25650166270723274
                ],
                [
                    0.0,
                    0.0,
                    0.0,
                    1.0
                ]
            ],
            "size": [
                0.1202,
                0.13634,
                0.67816
            ]
        },
        "distance": 0.0
    },
    {
        "case": 9,
        "collider1": {
            "type": "Box",
            "collider2origin": [
                [
                    0.907778172512869,
                    0.4194505805326725,
                    0.0,
                    0.9947946797881562
                ],
                [
                    -0.4194505805326725,
                    0.907778172512869,
                    0.0,
                    0.5317739604993647
                ],
                [
                    0.0,
                    0.0,
                    1.0,
                    -0.69
                ],
                [
                    0.0,
                    0.0,
                    0.0,
                    1.0
                ]
            ],
            "size": [
                0.6,
                1.2,
                0.75
            ]
        },
        "collider2": {
            "type": "Box",
            "collider2origin": [
                [
                    -0.1955000026327375,
                    -0.9656465061105259,
                    0.17119163007324162,
                    0.4291803438296814
                ],
                [
                    0.7264829000671736,
                    -0.25985924119743425,
                    -0.6361570330305895,
                    0.13447193053447049
                ],
                [
                    0.6587885433738117,
                    -9.097494793691381e-07,
                    0.752328156537148,
                    -0.25650166270723274
                ],
                [
                    0.0,
                    0.0,
                    0.0,
                    1.0
                ]
            ],
            "size": [
                0.1202,
                0.13634,
                0.67816
            ]
        },
        "distance": 0.0
    },
    {
        "case": 10,
        "collider1": {
            "type": "Box",
            "collider2origin": [
                [
                    -3.673205103346574e-06,
                    -0.9999999999932537,
                    0.0,
                    0.42000000000000004
                ],
                [
                    0.9999999999932537,
                    -3.673205103346574e-06,
                    0.0,
                    -0.395
                ],
                [
                    0.0,
                    0.0,
                    1.0,
                    0.53989
                ],
                [
                    0.0,
                    0.0,
                    0.0,
                    1.0
                ]
            ],
            "size": [
                0.6,
                0.32,
                1.16
            ]
        },
        "collider2": {
            "type": "Box",
            "collider2origin": [
                [
                    -0.1955000026327375,
                    -0.9656465061105259,
                    0.17119163007324162,
                    0.4291803438296814
                ],
                [
                    0.7264829000671736,
                    -0.25985924119743425,
                    -0.6361570330305895,
                    0.13447193053447049
                ],
                [
                    0.6587885433738117,
                    -9.097494793691381e-07,
                    0.752328156537148,
                    -0.25650166270723274
                ],
                [
                    0.0,
                    0.0,
                    0.0,
                    1.0
                ]
            ],
            "size": [
                0.1202,
                0.13634,
                0.67816
            ]
        },
        "distance": 0.0
    },
    {
        "case": 11,
        "collider1": {
            "type": "Box",
            "collider2origin": [
                [
                    1.0,
                    0.0,
                    0.0,
                    0.35
                ],
                [
                    0.0,
                    1.0,
                    0.0,
                    -0.34649
                ],
                [
                    0.0,
                    0.0,
                    1.0,
                    -0.54511
                ],
                [
                    0.0,
                    0.0,
                    0.0,
                    1.0
                ]
            ],
            "size": [
                0.7,
                0.7,
                1.1
            ]
        },
        "collider2": {
            "type": "Box",
            "collider2origin": [
                [
                    -0.1955000026327375,
                    -0.9656465061105259,
                    0.17119163007324162,
                    0.4291803438296814
                ],
                [
                    0.7264829000671736,
                    -0.25985924119743425,
                    -0.6361570330305895,
                    0.13447193053447049
                ],
                [
                    0.6587885433738117,
                    -9.097494793691381e-07,
                    0.752328156537148,
                    -0.25650166270723274
                ],
                [
                    0.0,
                    0.0,
                    0.0,
                    1.0
                ]
            ],
            "size": [
                0.1202,
                0.13634,
                0.67816
            ]
        },
        "distance": 0.0
    },
    {
        "case": 12,
        "collider1": {
            "type": "Box",
            "collider2origin": [
                [
                    1.0,
                    0.0,
                    0.0,
                    0.35
                ],
                [
                    0.0,
                    1.0,
                    0.0,
                    -0.34649
                ],
                [
                    0.0,
                    0.0,
                    1.0,
                    -0.54511
                ],
                [
                    0.0,
                    0.0,
                    0.0,
                    1.0
                ]
            ],
            "size": [
                0.7,
                0.7,
                1.1
            ]
        },
        "collider2": {
            "type": "Sphere",
            "collider2origin": [
                [
                    1.0,
                    0.0,
                    0.0,
                    0.053808823091261976
                ],
                [
                    0.0,
                    1.0,
                    0.0,
                    -0.016951832013376245
                ],
                [
                    0.0,
                    0.0,
                    1.0,
                    -0.08729638276048934
                ],
                [
                    0.0,
                    0.0,
                    0.0,
                    1.0
                ]
            ],
            "radius": 0.00563
        },
        "distance": 0.0
    },
    {
        "case": 13,
        "collider1": {
            "type": "Box",
            "collider2origin": [
                [
                    1.0,
                    0.0,
                    0.0,
                    0.35
                ],
                [
                    0.0,
                    1.0,
                    0.0,
                    -0.34649
                ],
                [
                    0.0,
                    0.0,
                    1.0,
                    -0.54511
                ],
                [
                    0.0,
                    0.0,
                    0.0,
                    1.0
                ]
            ],
            "size": [
                0.7,
                0.7,
                1.1
            ]
        },
        "collider2": {
            "type": "Cylinder",
            "collider2origin": [
                [
                    -0.12027945928491891,
                    0.8273671265569458,
                    0.548631469719911,
                    0.06357672345555793
                ],
                [
                    -0.8125444110697992,
                    -0.3995555181633243,
                    0.4244136754918131,
                    -0.00744357431571796
                ],
                [
                    0.5703546543277788,
                    -0.39473918705664324,
                    0.7203308562657161,
                    -0.07169080177072451
                ],
                [
                    0.0,
                    0.0,
                    0.0,
                    1.0
                ]
            ],
            "radius": 0.00813,
            "height": 0.03824
        },
        "distance": 0.0
    },
    {
        "case": 14,
        "collider1": {
            "type": "Box",
            "collider2origin": [
                [
                    1.0,
                    0.0,
                    0.0,
                    0.35
                ],
                [
                    0.0,
                    1.0,
                    0.0,
                    -0.34649
                ],
                [
                    0.0,
                    0.0,
                    1.0,
                    -0.54511
                ],
                [
                    0.0,
                    0.0,
                    0.0,
                    1.0
                ]
            ],
            "size": [
                0.7,
                0.7,
                1.1
            ]
        },
        "collider2": {
            "type": "Cylinder",
            "collider2origin": [
                [
                    0.05530835950721166,
                    0.31748606344366376,
                    0.9466486068693419,
                    0.054275658127287824
                ],
                [
                    -0.8213909253962354,
                    -0.5245726240021094,
                    0.22392076684456194,
                    -0.011507174328503122
                ],
                [
                    0.5676776665021588,
                    -0.7899532654952357,
                    0.23176692017644906,
                    -0.02048013386254688
                ],
                [
                    0.0,
                    0.0,
                    0.0,
                    1.0
                ]
            ],
            "radius": 0.00796,
            "height": 0.03037
        },
        "distance": 0.0
    },
    {
        "case": 15,
        "collider1": {
            "type": "Box",
            "collider2origin": [
                [
                    1.0,
                    0.0,
                    0.0,
                    0.35
                ],
                [
                    0.0,
                    1.0,
                    0.0,
                    -0.34649
                ],
                [
                    0.0,
                    0.0,
                    1.0,
                    -0.54511
                ],
                [
                    0.0,
                    0.0,
                    0.0,
                    1.0
                ]
            ],
            "size": [
                0.7,
                0.7,
                1.1
            ]
        },
        "collider2": {
            "type": "Box",
            "collider2origin": [
                [
                    -0.17147381205058676,
                    -0.9834562124582766,
                    0.058400427721559074,
                    0.13656972320391922
                ],
                [
                    -0.8014984407024298,
                    0.10478663390809943,
                    -0.5887444359871128,
                    0.012380355671113286
                ],
                [
                    0.5728847888820351,
                    -0.14776210451746746,
                    -0.8062067843525969,
                    -0.03768148068850441
                ],
                [
                    0.0,
                    0.0,
                    0.0,
                    1.0
                ]
            ],
            "size": [
                0.07264,
                0.04753,
                0.03326
            ]
        },
        "distance": 0.0
    },
    {
        "case": 16,
        "collider1": {
            "type": "Box",
            "collider2origin": [
                [
                    1.0,
                    0.0,
                    0.0,
                    0.35
                ],
                [
                    0.0,
                    1.0,
                    0.0,
                    -0.34649
                ],
                [
                    0.0,
                    0.0,
                    1.0,
                    -0.54511
                ],
                [
                    0.0,
                    0.0,
                    0.0,
                    1.0
                ]
            ],
            "size": [
                0.7,
                0.7,
                1.1
            ]
        },
        "collider2": {
            "type": "Cylinder",
            "collider2origin": [
                [
                    0.6012493064925409,
                    0.6251574686341567,
                    0.4976719912283306,
                    0.1574800746662066
                ],
                [
                    -0.6798355175067982,
                    0.07291619143362155,
                    0.7297307024944745,
                    -0.056050845962381635
                ],
                [
                    0.419908252572514,
                    -0.7770851745064687,
                    0.4688450607436841,
                    -0.05614128796688278
                ],
                [
                    0.0,
                    0.0,
                    0.0,
                    1.0
                ]
            ],
            "radius": 0.01271,
            "height": 0.05982
        },
        "distance": 0.0
    },
    {
        "case": 17,
        "collider1": {
            "type": "Box",
            "collider2origin": [
                [
                    1.0,
                    0.0,
                    0.0,
                    0.35
                ],
                [
                    0.0,
                    1.0,
                    0.0,
                    -0.34649
                ],
                [
                    0.0,
                    0.0,
                    1.0,
                    -0.54511
                ],
                [
                    0.0,
                    0.0,
                    0.0,
                    1.0
                ]
            ],
            "size": [
                0.7,
                0.7,
                1.1
            ]
        },
        "collider2": {
            "type": "Cylinder",
            "collider2origin": [
                [
                    0.6125736455425772,
                    0.5548850000691136,
                    0.5628997828077186,
                    0.15021772783454224
                ],
                [
                    -0.698285895389172,
                    0.04624168114857195,
                    0.7143238167841642,
                    -0.06571299212039927
                ],
                [
                    0.3703381388504556,
                    -0.8306409233976216,
                    0.41579480430847987,
                    -0.06473508515542048
                ],
                [
                    0.0,
                    0.0,
                    0.0,
                    1.0
                ]
            ],
            "radius": 0.01169,
            "height": 0.05502
        },
        "distance": 0.0
    },
    {
        "case": 18,
        "collider1": {
            "type": "Box",
            "collider2origin": [
                [
                    0.9077781725128689,
                    0.4194505805326724,
                    0.0,
                    0.4158817547107895
                ],
                [
                    -0.4194505805326724,
                    0.9077781725128689,
                    0.0,
                    0.733173894971941
                ],
                [
                    0.0,
                    0.0,
                    1.0,
                    -0.6599999999999999
                ],
                [
                    0.0,
                    0.0,
                    0.0,
                    1.0
                ]
            ],
            "size": [
                0.6,
                1.0,
                0.8
            ]
        },
        "collider2": {
            "type": "Box",
            "collider2origin": [
                [
                    0.15485112319483238,
                    -0.9656463684003229,
                    0.20868210474443286,
                    0.19403794161787158
                ],
                [
                    -0.5754493747541244,
                    -0.25985975286854807,
                    -0.77545530234449,
                    0.5220878731204968
                ],
                [
                    0.8030436767327079,
                    -5.8621421259997915e-06,
                    -0.5959201735343829,
                    -0.28153823533219424
                ],
                [
                    0.0,
                    0.0,
                    0.0,
                    1.0
                ]
            ],
            "size": [
                0.15068,
                0.17726,
                0.74884
            ]
        },
        "distance": 0.0
    },
    {
        "case": 19,
        "collider1": {
            "type": "Box",
            "collider2origin": [
                [
                    0.9077781725128689,
                    0.4194505805326724,
                    0.0,
                    0.27063700059322826
                ],
                [
                    -0.4194505805326724,
                    0.9077781725128689,
                    0.0,
                    0.8002854543438492
                ],
                [
                    0.0,
                    0.0,
                    1.0,
                    -0.25
                ],
                [
                    0.0,
                    0.0,
                    0.0,
                    1.0
                ]
            ],
            "size": [
                0.2,
                0.2,
                0.02
            ]
        },
        "collider2": {
            "type": "Box",
            "collider2origin": [
                [
                    0.15485112319483238,
                    -0.9656463684003229,
                    0.20868210474443286,
                    0.19403794161787158
                ],
                [
                    -0.5754493747541244,
                    -0.25985975286854807,
                    -0.77545530234449,
                    0.5220878731204968
                ],
                [
                    0.8030436767327079,
                    -5.8621421259997915e-06,
                    -0.5959201735343829,
                    -0.28153823533219424
                ],
                [
                    0.0,
                    0.0,
                    0.0,
                    1.0
                ]
            ],
            "size": [
                0.15068,
                0.17726,
                0.74884
            ]
        },
        "distance": 0.0
    },
    {
        "case": 20,
        "collider1": {
            "type": "Box",
            "collider2origin": [
                [
                    0.9077781725128689,
                    0.4194505805326724,
                    0.0,
                    0.4158817547107895
                ],
                [
                    -0.4194505805326724,
                    0.9077781725128689,
                    0.0,
                    0.733173894971941
                ],
                [
                    0.0,
                    0.0,
                    1.0,
                    -0.6599999999999999
                ],
                [
                    0.0,
                    0.0,
                    0.0,
                    1.0
                ]
            ],
            "size": [
                0.6,
                1.0,
                0.8
            ]
        },
        "collider2": {
            "type": "Box",
            "collider2origin": [
                [
                    0.15485112319483238,
                    -0.9656463684003229,
                    0.20868210474443286,
                    0.19403794161787158
                ],
                [
                    -0.5754493747541244,
                    -0.25985975286854807,
                    -0.77545530234449,
                    0.5220878731204968
                ],
                [
                    0.8030436767327079,
                    -5.8621421259997915e-06,
                    -0.5959201735343829,
                    -0.28153823533219424
                ],
                [
                    0.0,
                    0.0,
                    0.0,
                    1.0
                ]
            ],
            "size": [
                0.15068,
                0.17726,
                0.74884
            ]
        },
        "distance": 0.0
    },
    {
        "case": 21,
        "collider1": {
            "type": "Box",
            "collider2origin": [
                [
                    0.9077781725128689,
                    0.4194505805326724,
                    0.0,
                    0.27063700059322826
                ],
                [
                    -0.4194505805326724,
                    0.9077781725128689,
                    0.0,
                    0.8002854543438492
                ],
                [
                    0.0,
                    0.0,
                    1.0,
                    -0.25
                ],
                [
                    0.0,
                    0.0,
                    0.0,
                    1.0
                ]
            ],
            "size": [
                0.2,
                0.2,
                0.02
            ]
        },
        "collider2": {
            "type": "Box",
            "collider2origin": [
                [
                    0.15485112319483238,
                    -0.9656463684003229,
                    0.20868210474443286,
                    0.19403794161787158
                ],
                [
                    -0.5754493747541244,
                    -0.25985975286854807,
                    -0.77545530234449,
                    0.5220878731204968
                ],
                [
                    0.8030436767327079,
                    -5.8621421259997915e-06,
                    -0.5959201735343829,
                    -0.28153823533219424
                ],
                [
                    0.0,
                    0.0,
                    0.0,
                    1.0
                ]
            ],
            "size": [
                0.15068,
                0.17726,
                0.74884
            ]
        },
        "distance": 0.0
    },
    {
        "case": 22,
        "collider1": {
            "type": "Box",
            "collider2origin": [
                [
                    1.0,
                    0.0,
                    0.0,
                    0.35
                ],
                [
                    0.0,
                    1.0,
                    0.0,
                    -0.34649
                ],
                [
                    0.0,
                    0.0,
                    1.0,
                    -0.54511
                ],
                [
                    0.0,
                    0.0,
                    0.0,
                    1.0
                ]
            ],
            "size": [
                0.7,
                0.7,
                1.1
            ]
        },
        "collider2": {
            "type": "Cylinder",
            "collider2origin": [
                [
                    0.05530835950721166,
                    -0.19375348813640494,
                    0.9794899546210757,
