[
    {
        "case": 0,
        "collider1": {
            "type": "Box",
            "collider2origin": [
                [
                    0.907778172512869,
                    0.4194505805326725,
                    0.0,
                    -1.612083837096907
                ],
                [
                    -0.4194505805326725,
                    0.907778172512869,
                    0.0,
                    -0.24654756573714753
                ],
                [
                    0.0,
                    0.0,
                    1.0,
                    -0.040000000000000036
                ],
                [
                    0.0,
                    0.0,
                    0.0,
                    1.0
                ]
            ],
            "size": [
                2.0,
                2.0,
                2.0
            ]
        },
        "collider2": {
            "type": "Box",
            "collider2origin": [
                [
                    0.31065420193946186,
                    0.43165455350474635,
                    -0.8468579061778746,
                    -0.05816028839916276
                ],
                [
                    -0.14865548038752707,
                    0.9020389938538237,
                    0.40524955486457337,
                    1.0248300759902658
                ],
                [
                    0.9388266692889106,
                    -2.408189928887553e-06,
                    0.3443900187666462,
                    0.585354357255131
                ],
                [
                    0.0,
                    0.0,
                    0.0,
                    1.0
                ]
            ],
            "size": [
                0.1202,
                0.13634,
                0.67816
            ]
        },
        "distance": 0.7360252476988601
    },
    {
        "case": 1,
        "collider1": {
            "type": "Box",
            "collider2origin": [
                [
                    0.907778172512869,
                    0.4194505805326725,
                    0.0,
                    -0.7418785952877999
                ],
                [
                    -0.4194505805326725,
                    0.907778172512869,
                    0.0,
                    1.2791466490804724
                ],
                [
                    0.0,
                    0.0,
                    1.0,
                    0.27
                ],
                [
                    0.0,
                    0.0,
                    0.0,
                    1.0
                ]
            ],
            "size": [
                0.52,
                1.16,
                0.6
            ]
        },
        "collider2": {
            "type": "Box",
            "collider2origin": [
                [
                    0.31065420193946186,
                    0.43165455350474635,
                    -0.8468579061778746,
                    -0.05816028839916276
                ],
                [
                    -0.14865548038752707,
                    0.9020389938538237,
                    0.40524955486457337,
                    1.0248300759902658
                ],
                [
                    0.9388266692889106,
                    -2.408189928887553e-06,
                    0.3443900187666462,
                    0.585354357255131
                ],
                [
                    0.0,
                    0.0,
                    0.0,
                    1.0
                ]
            ],
            "size": [
                0.1202,
                0.13634,
                0.67816
            ]
        },
        "distance": 0.14820889121732014
    },
    {
        "case": 2,
        "collider1": {
            "type": "Box",
            "collider2origin": [
                [
                    0.907778172512869,
                    0.4194505805326725,
                    0.0,
                    -0.7418785952877999
                ],
                [
                    -0.4194505805326725,
                    0.907778172512869,
                    0.0,
                    1.2791466490804724
                ],
                [
                    0.0,
                    0.0,
                    1.0,
                    0.27
                ],
                [
                    0.0,
                    0.0,
                    0.0,
                    1.0
                ]
            ],
            "size": [
                0.52,
                1.16,
                0.6
            ]
        },
        "collider2": {
            "type": "Box",
            "collider2origin": [
                [
                    0.5383137401861221,
                    0.7311501653513017,
                    -0.41909158048521133,
                    -0.3006907078120808
                ],
                [
                    0.8402747238360843,
                    -0.5037072127285015,
                    0.2005428441193463,
                    1.2689218517190886
                ],
                [
                    -0.06447251824630787,
                    -0.4601070305396867,
                    -0.8855195169158786,
                    0.5858294373856956
                ],
                [
                    0.0,
                    0.0,
                    0.0,
                    1.0
                ]
            ],
            "size": [
                0.09126,
                0.11887,
                0.10009
            ]
        },
        "distance": 0.06334496660243756
    },
    {
        "case": 3,
        "collider1": {
            "type": "Box",
            "collider2origin": [
                [
                    0.907778172512869,
                    0.4194505805326725,
                    0.0,
                    -0.7418785952877999
                ],
                [
                    -0.4194505805326725,
                    0.907778172512869,
                    0.0,
                    1.2791466490804724
                ],
                [
                    0.0,
                    0.0,
                    1.0,
                    0.27
                ],
                [
                    0.0,
                    0.0,
                    0.0,
                    1.0
                ]
            ],
            "size": [
                0.52,
                1.16,
                0.6
            ]
        },
        "collider2": {
            "type": "Box",
            "collider2origin": [
                [
                    0.6252160843871127,
                    0.7311527074888868,
                    0.2729845529609994,
                    -0.24742906938944337
                ],
                [
                    0.22486589104053392,
                    -0.5037048855565343,
                    0.8340963489387931,
                    1.2328177664636555
                ],
                [
                    0.747355456841116,
                    -0.4601055385432223,
                    -0.47933570129050257,
                    0.5476821007301655
                ],
                [
                    0.0,
                    0.0,
                    0.0,
                    1.0
                ]
            ],
            "size": [
                0.08993,
                0.0305,
                0.09007
            ]
        },
        "distance": 0.16906429018545766
    }
]