[
    {
        "case": 0,
        "collider1": {
            "type": "Box",
            "collider2origin": [
                [
                    0.9077781725128689,
                    0.4194505805326724,
                    0.0,
                    0.4158817547107895
                ],
                [
                    -0.4194505805326724,
                    0.9077781725128689,
                    0.0,
                    0.733173894971941
                ],
                [
                    0.0,
                    0.0,
                    1.0,
                    -0.6599999999999999
                ],
                [
                    0.0,
                    0.0,
                    0.0,
                    1.0
                ]
            ],
            "size": [
                0.6,
                1.0,
                0.8
            ]
        },
        "collider2": {
            "type": "Box",
            "collider2origin": [
                [
                    -0.022936652157475864,
                    0.9994059887392747,
                    -0.025721190872110673,
                    0.46672412171778566
                ],
                [
                    0.6652894592445647,
                    0.03446258311034965,
                    0.7457896927307571,
                    1.0296633975906118
                ],
                [
                    0.7462331039332694,
                    -6.118401636501272e-06,
                    -0.6656847260953818,
                    -0.30245988972906845
                ],
                [
                    0.0,
                    0.0,
                    0.0,
                    1.0
                ]
            ],
            "size": [
                0.15068,
                0.17726,
                0.74884
            ]
        },
        "distance": 0.0
    },
    {
        "case": 1,
        "collider1": {
            "type": "Box",
            "collider2origin": [
                [
                    0.9077781725128689,
                    0.4194505805326724,
                    0.0,
                    0.27063700059322826
                ],
                [
                    -0.4194505805326724,
                    0.9077781725128689,
                    0.0,
                    0.8002854543438492
                ],
                [
                    0.0,
                    0.0,
                    1.0,
                    -0.25
                ],
                [
                    0.0,
                    0.0,
                    0.0,
                    1.0
                ]
            ],
            "size": [
                0.2,
                0.2,
                0.02
            ]
        },
        "collider2": {
            "type": "Box",
            "collider2origin": [
                [
                    -0.022936652157475864,
                    0.9994059887392747,
                    -0.025721190872110673,
                    0.46672412171778566
                ],
                [
                    0.6652894592445647,
                    0.03446258311034965,
                    0.7457896927307571,
                    1.0296633975906118
                ],
                [
                    0.7462331039332694,
                    -6.118401636501272e-06,
                    -0.6656847260953818,
                    -0.30245988972906845
                ],
                [
                    0.0,
                    0.0,
                    0.0,
                    1.0
                ]
            ],
            "size": [
                0.15068,
                0.17726,
                0.74884
            ]
        },
        "distance": 0.0
    },
    {
        "case": 2,
        "collider1": {
            "type": "Box",
            "collider2origin": [
                [
                    0.907778172512869,
                    0.4194505805326725,
                    0.0,
                    0.9947946797881562
                ],
                [
                    -0.4194505805326725,
                    0.907778172512869,
                    0.0,
                    0.5317739604993647
                ],
                [
                    0.0,
                    0.0,
                    1.0,
                    -0.69
                ],
                [
                    0.0,
                    0.0,
                    0.0,
                    1.0
                ]
            ],
            "size": [
                0.6,
                1.2,
                0.75
            ]
        },
        "collider2": {
            "type": "Box",
            "collider2origin": [
                [
                    -0.022936652157475864,
                    0.9994059887392747,
                    -0.025721190872110673,
                    0.46672412171778566
                ],
                [
                    0.6652894592445647,
                    0.03446258311034965,
                    0.7457896927307571,
                    1.0296633975906118
                ],
                [
                    0.7462331039332694,
                    -6.118401636501272e-06,
                    -0.6656847260953818,
                    -0.30245988972906845
                ],
                [
                    0.0,
                    0.0,
                    0.0,
                    1.0
                ]
            ],
            "size": [
                0.15068,
                0.17726,
                0.74884
            ]
        },
        "distance": 0.2360407377365161
    },
    {
        "case": 3,
        "collider1": {
            "type": "Box",
            "collider2origin": [
                [
                    0.9077781725128689,
                    0.4194505805326724,
                    0.0,
                    0.4158817547107895
                ],
                [
                    -0.4194505805326724,
                    0.9077781725128689,
                    0.0,
                    0.733173894971941
                ],
                [
                    0.0,
                    0.0,
                    1.0,
                    -0.6599999999999999
                ],
                [
                    0.0,
                    0.0,
                    0.0,
                    1.0
                ]
            ],
            "size": [
                0.6,
                1.0,
                0.8
            ]
        },
        "collider2": {
            "type": "Box",
            "collider2origin": [
                [
                    -0.022936652157475864,
                    0.9994059887392747,
                    -0.025721190872110673,
                    0.46672412171778566
                ],
                [
                    0.6652894592445647,
                    0.03446258311034965,
                    0.7457896927307571,
                    1.0296633975906118
                ],
                [
                    0.7462331039332694,
                    -6.118401636501272e-06,
                    -0.6656847260953818,
                    -0.30245988972906845
                ],
                [
                    0.0,
                    0.0,
                    0.0,
                    1.0
                ]
            ],
            "size": [
                0.15068,
                0.17726,
                0.74884
            ]
        },
        "distance": 0.0
    },
    {
        "case": 4,
        "collider1": {
            "type": "Box",
            "collider2origin": [
                [
                    0.9077781725128689,
                    0.4194505805326724,
                    0.0,
                    0.27063700059322826
                ],
                [
                    -0.4194505805326724,
                    0.9077781725128689,
                    0.0,
                    0.8002854543438492
                ],
                [
                    0.0,
                    0.0,
                    1.0,
                    -0.25
                ],
                [
                    0.0,
                    0.0,
                    0.0,
                    1.0
                ]
            ],
            "size": [
                0.2,
                0.2,
                0.02
            ]
        },
        "collider2": {
            "type": "Box",
            "collider2origin": [
                [
                    -0.022936652157475864,
                    0.9994059887392747,
                    -0.025721190872110673,
                    0.46672412171778566
                ],
                [
                    0.6652894592445647,
                    0.03446258311034965,
                    0.7457896927307571,
                    1.0296633975906118
                ],
                [
                    0.7462331039332694,
                    -6.118401636501272e-06,
                    -0.6656847260953818,
                    -0.30245988972906845
                ],
                [
                    0.0,
                    0.0,
                    0.0,
                    1.0
                ]
            ],
            "size": [
                0.15068,
                0.17726,
                0.74884
            ]
        },
        "distance": 0.0
    },
    {
        "case": 5,
        "collider1": {
            "type": "Box",
            "collider2origin": [
                [
                    0.907778172512869,
                    0.4194505805326725,
                    0.0,
                    0.9947946797881562
                ],
                [
                    -0.4194505805326725,
                    0.907778172512869,
                    0.0,
                    0.5317739604993647
                ],
                [
                    0.0,
                    0.0,
                    1.0,
                    -0.69
                ],
                [
                    0.0,
                    0.0,
                    0.0,
                    1.0
                ]
            ],
            "size": [
                0.6,
                1.2,
                0.75
            ]
        },
        "collider2": {
            "type": "Box",
            "collider2origin": [
                [
                    -0.022936652157475864,
                    0.9994059887392747,
                    -0.025721190872110673,
                    0.46672412171778566
                ],
                [
                    0.6652894592445647,
                    0.03446258311034965,
                    0.7457896927307571,
                    1.0296633975906118
                ],
                [
                    0.7462331039332694,
                    -6.118401636501272e-06,
                    -0.6656847260953818,
                    -0.30245988972906845
                ],
                [
                    0.0,
                    0.0,
                    0.0,
                    1.0
                ]
            ],
            "size": [
                0.15068,
                0.17726,
                0.74884
            ]
        },
        "distance": 0.2360407377365161
    },
    {
        "case": 6,
        "collider1": {
            "type": "Box",
            "collider2origin": [
                [
                    0.9077781725128689,
                    0.4194505805326724,
                    0.0,
                    0.4158817547107895
                ],
                [
                    -0.4194505805326724,
                    0.9077781725128689,
                    0.0,
                    0.733173894971941
                ],
                [
                    0.0,
                    0.0,
                    1.0,
                    -0.6599999999999999
                ],
                [
                    0.0,
                    0.0,
                    0.0,
                    1.0
                ]
            ],
            "size": [
                0.6,
                1.0,
                0.8
            ]
        },
        "collider2": {
            "type": "Box",
            "collider2origin": [
                [
                    0.027621578867771716,
                    0.9994061588881104,
                    0.020600435853747996,
                    0.3382074799722305
                ],
                [
                    -0.8011461156779985,
                    0.034457649019948335,
                    -0.5974760009892223,
                    1.0906148239776214
                ],
                [
                    -0.5978310377647738,
                    -7.28682579326268e-07,
                    0.8016221368478806,
                    -0.2852894882923168
                ],
                [
                    0.0,
                    0.0,
                    0.0,
                    1.0
                ]
            ],
            "size": [
                0.1202,
                0.13634,
                0.67816
            ]
        },
        "distance": 0.0
    },
    {
        "case": 7,
        "collider1": {
            "type": "Box",
            "collider2origin": [
                [
                    0.9077781725128689,
                    0.4194505805326724,
                    0.0,
                    0.27063700059322826
                ],
                [
                    -0.4194505805326724,
                    0.9077781725128689,
                    0.0,
                    0.8002854543438492
                ],
                [
                    0.0,
                    0.0,
                    1.0,
                    -0.25
                ],
                [
                    0.0,
                    0.0,
                    0.0,
                    1.0
                ]
            ],
            "size": [
                0.2,
                0.2,
                0.02
            ]
        },
        "collider2": {
            "type": "Box",
            "collider2origin": [
                [
                    0.027621578867771716,
                    0.9994061588881104,
                    0.020600435853747996,
                    0.3382074799722305
                ],
                [
                    -0.8011461156779985,
                    0.034457649019948335,
                    -0.5974760009892223,
                    1.0906148239776214
                ],
                [
                    -0.5978310377647738,
                    -7.28682579326268e-07,
                    0.8016221368478806,
                    -0.2852894882923168
                ],
                [
                    0.0,
                    0.0,
                    0.0,
                    1.0
                ]
            ],
            "size": [
                0.1202,
                0.13634,
                0.67816
            ]
        },
        "distance": 0.05335402753648938
    }
]