[
    {
        "case": 0,
        "collider1": {
            "type": "Cylinder",
            "collider2origin": [
                [
                    0.907778172512869,
                    0.4194505805326725,
                    0.0,
                    -0.6004934663570113
                ],
                [
                    -0.4194505805326725,
                    0.907778172512869,
                    0.0,
                    1.5387870906862133
                ],
                [
                    0.0,
                    0.0,
                    1.0,
                    -0.20999999999999996
                ],
                [
                    0.0,
                    0.0,
                    0.0,
                    1.0
                ]
            ],
            "radius": 0.04,
            "height": 0.22
        },
        "collider2": {
            "type": "Box",
            "collider2origin": [
                [
                    0.004917094806122039,
                    -0.6923499056367134,
                    -0.7215451686093544,
                    -0.37536791868318203
                ],
                [
                    -0.004712903884054353,
                    -0.7215619226034291,
                    0.6923338648266619,
                    1.3812216957924448
                ],
                [
                    -0.9999768050888217,
                    -3.698223181899136e-06,
                    -0.006810966941328705,
                    -0.0475940276080522
                ],
                [
                    0.0,
                    0.0,
                    0.0,
                    1.0
                ]
            ],
            "size": [
                0.1202,
                0.13634,
                0.67816
            ]
        },
        "distance": 0.0
    },
    {
        "case": 1,
        "collider1": {
            "type": "Box",
            "collider2origin": [
                [
                    0.8303727586998911,
                    0.5572082928395201,
                    0.0,
                    -0.8244226375645679
                ],
                [
                    -0.5572082928395201,
                    0.8303727586998911,
                    0.0,
                    1.4713226142389986
                ],
                [
                    0.0,
                    0.0,
                    1.0,
                    -0.21500000000000008
                ],
                [
                    0.0,
                    0.0,
                    0.0,
                    1.0
                ]
            ],
            "size": [
                0.2,
                0.3,
                0.22
            ]
        },
        "collider2": {
            "type": "Box",
            "collider2origin": [
                [
                    0.004917094806122039,
                    -0.6923499056367134,
                    -0.7215451686093544,
                    -0.37536791868318203
                ],
                [
                    -0.004712903884054353,
                    -0.7215619226034291,
                    0.6923338648266619,
                    1.3812216957924448
                ],
                [
                    -0.9999768050888217,
                    -3.698223181899136e-06,
                    -0.006810966941328705,
                    -0.0475940276080522
                ],
                [
                    0.0,
                    0.0,
                    0.0,
                    1.0
                ]
            ],
            "size": [
                0.1202,
                0.13634,
                0.67816
            ]
        },
        "distance": 0.012692720213118847
    },
    {
        "case": 2,
        "collider1": {
            "type": "Box",
            "collider2origin": [
                [
                    0.8404842512412337,
                    -0.5418359746412772,
                    0.0,
                    0.011439976095501792
                ],
                [
                    0.5418359746412771,
                    0.8404842512412338,
                    0.0,
                    1.4325762997644957
                ],
                [
                    0.0,
                    0.0,
                    1.0,
                    -0.21500000000000008
                ],
                [
                    0.0,
                    0.0,
                    0.0,
                    1.0
                ]
            ],
            "size": [
                0.2,
                0.3,
                0.22
            ]
        },
        "collider2": {
            "type": "Box",
            "collider2origin": [
                [
                    0.004917094806122039,
                    -0.6923499056367134,
                    -0.7215451686093544,
                    -0.37536791868318203
                ],
                [
                    -0.004712903884054353,
                    -0.7215619226034291,
                    0.6923338648266619,
                    1.3812216957924448
                ],
                [
                    -0.9999768050888217,
                    -3.698223181899136e-06,
                    -0.006810966941328705,
                    -0.0475940276080522
                ],
                [
                    0.0,
                    0.0,
                    0.0,
                    1.0
                ]
            ],
            "size": [
                0.1202,
                0.13634,
                0.67816
            ]
        },
        "distance": 0.10808114379601834
    },
    {
        "case": 3,
        "collider1": {
            "type": "Box",
            "collider2origin": [
                [
                    0.9081427509232697,
                    -0.4186606548811531,
                    0.0,
                    -0.09474126814702305
                ],
                [
                    0.41866065488115317,
                    0.9081427509232698,
                    0.0,
                    1.368923948110301
                ],
                [
                    0.0,
                    0.0,
                    1.0,
                    -0.21500000000000008
                ],
                [
                    0.0,
                    0.0,
                    0.0,
                    1.0
                ]
            ],
            "size": [
                0.2,
                0.3,
                0.22
            ]
        },
        "collider2": {
            "type": "Box",
            "collider2origin": [
                [
                    0.004917094806122039,
                    -0.6923499056367134,
                    -0.7215451686093544,
                    -0.37536791868318203
                ],
                [
                    -0.004712903884054353,
                    -0.7215619226034291,
                    0.6923338648266619,
                    1.3812216957924448
                ],
                [
                    -0.9999768050888217,
                    -3.698223181899136e-06,
                    -0.006810966941328705,
                    -0.0475940276080522
                ],
                [
                    0.0,
                    0.0,
                    0.0,
                    1.0
                ]
            ],
            "size": [
                0.1202,
                0.13634,
                0.67816
            ]
        },
        "distance": 0.0
    },
    {
        "case": 4,
        "collider1": {
            "type": "Box",
            "collider2origin": [
                [
                    0.9798474486812189,
                    -0.1997472836183421,
                    0.0,
                    -0.20628161272202655
                ],
                [
                    0.19974728361834207,
                    0.9798474486812188,
                    0.0,
                    1.335871448475788
                ],
                [
                    0.0,
                    0.0,
                    1.0,
                    -0.21500000000000008
                ],
                [
                    0.0,
                    0.0,
                    0.0,
                    1.0
                ]
            ],
            "size": [
                0.2,
                0.3,
                0.22
            ]
        },
        "collider2": {
            "type": "Box",
            "collider2origin": [
                [
                    0.004917094806122039,
                    -0.6923499056367134,
                    -0.7215451686093544,
                    -0.37536791868318203
                ],
                [
                    -0.004712903884054353,
                    -0.7215619226034291,
                    0.6923338648266619,
                    1.3812216957924448
                ],
                [
                    -0.9999768050888217,
                    -3.698223181899136e-06,
                    -0.006810966941328705,
                    -0.0475940276080522
                ],
                [
                    0.0,
                    0.0,
                    0.0,
                    1.0
                ]
            ],
            "size": [
                0.1202,
                0.13634,
                0.67816
            ]
        },
        "distance": 0.0
    },
    {
        "case": 5,
        "collider1": {
            "type": "Box",
            "collider2origin": [
                [
                    0.9984065575563776,
                    -0.05643000822632935,
                    0.0,
                    -0.3111399560290343
                ],
                [
                    0.05643000822632935,
                    0.9984065575563776,
                    0.0,
                    1.3240986306775833
                ],
                [
                    0.0,
                    0.0,
                    1.0,
                    -0.21500000000000008
                ],
                [
                    0.0,
                    0.0,
                    0.0,
                    1.0
                ]
            ],
            "size": [
                0.2,
                0.3,
                0.22
            ]
        },
        "collider2": {
            "type": "Box",
            "collider2origin": [
                [
                    0.004917094806122039,
                    -0.6923499056367134,
                    -0.7215451686093544,
                    -0.37536791868318203
                ],
                [
                    -0.004712903884054353,
                    -0.7215619226034291,
                    0.6923338648266619,
                    1.3812216957924448
                ],
                [
                    -0.9999768050888217,
                    -3.698223181899136e-06,
                    -0.006810966941328705,
                    -0.0475940276080522
                ],
                [
                    0.0,
                    0.0,
                    0.0,
                    1.0
                ]
            ],
            "size": [
                0.1202,
                0.13634,
                0.67816
            ]
        },
        "distance": 0.0
    },
    {
        "case": 6,
        "collider1": {
            "type": "Box",
            "collider2origin": [
                [
                    0.9997288002091077,
                    0.023287894547555033,
                    0.0,
                    -0.42010216954734814
                ],
                [
                    -0.02328789454755501,
                    0.9997288002091077,
                    0.0,
                    1.3190360102899432
                ],
                [
                    0.0,
                    0.0,
                    1.0,
                    -0.21500000000000008
                ],
                [
                    0.0,
                    0.0,
                    0.0,
                    1.0
                ]
            ],
            "size": [
                0.2,
                0.3,
                0.22
            ]
        },
        "collider2": {
            "type": "Box",
            "collider2origin": [
                [
                    0.004917094806122039,
                    -0.6923499056367134,
                    -0.7215451686093544,
                    -0.37536791868318203
                ],
                [
                    -0.004712903884054353,
                    -0.7215619226034291,
                    0.6923338648266619,
                    1.3812216957924448
                ],
                [
                    -0.9999768050888217,
                    -3.698223181899136e-06,
                    -0.006810966941328705,
                    -0.0475940276080522
                ],
                [
                    0.0,
                    0.0,
                    0.0,
                    1.0
                ]
            ],
            "size": [
                0.1202,
                0.13634,
                0.67816
            ]
        },
        "distance": 0.0
    },
    {
        "case": 7,
        "collider1": {
            "type": "Box",
            "collider2origin": [
                [
                    0.9741881675007261,
                    0.22573748980082478,
                    0.0,
                    -0.5292040201289168
                ],
                [
                    -0.2257374898008248,
                    0.974188167500726,
                    0.0,
                    1.3318616486630257
                ],
                [
                    0.0,
                    0.0,
                    1.0,
                    -0.21500000000000008
                ],
                [
                    0.0,
                    0.0,
                    0.0,
                    1.0
                ]
            ],
            "size": [
                0.2,
                0.3,
                0.22
            ]
        },
        "collider2": {
            "type": "Box",
            "collider2origin": [
                [
                    0.004917094806122039,
                    -0.6923499056367134,
                    -0.7215451686093544,
                    -0.37536791868318203
                ],
                [
                    -0.004712903884054353,
                    -0.7215619226034291,
                    0.6923338648266619,
                    1.3812216957924448
                ],
                [
                    -0.9999768050888217,
                    -3.698223181899136e-06,
                    -0.006810966941328705,
                    -0.0475940276080522
                ],
                [
                    0.0,
                    0.0,
                    0.0,
                    1.0
                ]
            ],
            "size": [
                0.1202,
                0.13634,
                0.67816
            ]
        },
        "distance": 0.0
    },
    {
        "case": 8,
        "collider1": {
            "type": "Box",
            "collider2origin": [
                [
                    0.907778172512869,
                    0.4194505805326725,
                    0.0,
                    -0.6717546761389399
                ],
                [
                    -0.4194505805326725,
                    0.907778172512869,
                    0.0,
                    1.384443828829999
                ],
                [
                    0.0,
                    0.0,
                    1.0,
                    -0.21500000000000008
                ],
                [
                    0.0,
                    0.0,
                    0.0,
                    1.0
                ]
            ],
            "size": [
                0.2,
                0.3,
                0.22
            ]
        },
        "collider2": {
            "type": "Box",
            "collider2origin": [
                [
                    0.004917094806122039,
                    -0.6923499056367134,
                    -0.7215451686093544,
                    -0.37536791868318203
                ],
                [
                    -0.004712903884054353,
                    -0.7215619226034291,
                    0.6923338648266619,
                    1.3812216957924448
                ],
                [
                    -0.9999768050888217,
                    -3.698223181899136e-06,
                    -0.006810966941328705,
                    -0.0475940276080522
                ],
                [
                    0.0,
                    0.0,
                    0.0,
                    1.0
                ]
            ],
            "size": [
                0.1202,
                0.13634,
                0.67816
            ]
        },
        "distance": 0.0
    },
    {
        "case": 9,
        "collider1": {
            "type": "Box",
            "collider2origin": [
                [
                    0.907778172512869,
                    0.4194505805326725,
                    0.0,
                    -0.2920556628501435
                ],
                [
                    -0.4194505805326725,
                    0.907778172512869,
                    0.0,
                    1.6804798391522473
                ],
                [
                    0.0,
                    0.0,
                    1.0,
                    0.18999999999999995
                ],
                [
                    0.0,
                    0.0,
                    0.0,
                    1.0
                ]
            ],
            "size": [
                0.04,
                0.04,
                0.86
            ]
        },
        "collider2": {
            "type": "Box",
            "collider2origin": [
                [
                    0.004917094806122039,
                    -0.6923499056367134,
                    -0.7215451686093544,
                    -0.37536791868318203
                ],
                [
                    -0.004712903884054353,
                    -0.7215619226034291,
                    0.6923338648266619,
                    1.3812216957924448
                ],
                [
                    -0.9999768050888217,
                    -3.698223181899136e-06,
                    -0.006810966941328705,
                    -0.0475940276080522
                ],
                [
                    0.0,
                    0.0,
                    0.0,
                    1.0
                ]
            ],
            "size": [
                0.1202,
                0.13634,
                0.67816
            ]
        },
        "distance": 0.1800189814975823
    },
    {
        "case": 10,
        "collider1": {
            "type": "Box",
            "collider2origin": [
                [
                    0.907778172512869,
                    0.4194505805326725,
                    0.0,
                    -0.7418785952877999
                ],
                [
                    -0.4194505805326725,
                    0.907778172512869,
                    0.0,
                    1.2791466490804724
                ],
                [
                    0.0,
                    0.0,
                    1.0,
                    0.27
                ],
                [
                    0.0,
                    0.0,
                    0.0,
                    1.0
                ]
            ],
            "size": [
                0.52,
                1.16,
                0.6
            ]
        },
        "collider2": {
            "type": "Box",
            "collider2origin": [
                [
                    0.004917094806122039,
                    -0.6923499056367134,
                    -0.7215451686093544,
                    -0.37536791868318203
                ],
                [
                    -0.004712903884054353,
                    -0.7215619226034291,
                    0.6923338648266619,
                    1.3812216957924448
                ],
                [
                    -0.9999768050888217,
                    -3.698223181899136e-06,
                    -0.006810966941328705,
                    -0.0475940276080522
                ],
                [
                    0.0,
                    0.0,
                    0.0,
                    1.0
                ]
            ],
            "size": [
                0.1202,
                0.13634,
                0.67816
            ]
        },
        "distance": 0.0
    },
    {
        "case": 11,
        "collider1": {
            "type": "Cylinder",
            "collider2origin": [
                [
                    0.907778172512869,
                    0.4194505805326725,
                    0.0,
                    -0.1927378995604882
                ],
                [
                    -0.4194505805326725,
                    0.907778172512869,
                    0.0,
                    1.5211249462397922
                ],
                [
                    0.0,
                    0.0,
                    1.0,
                    -0.20999999999999996
                ],
                [
                    0.0,
                    0.0,
                    0.0,
                    1.0
                ]
            ],
            "radius": 0.04,
            "height": 0.22
        },
        "collider2": {
            "type": "Box",
            "collider2origin": [
                [
                    0.004917094806122039,
                    -0.6923499056367134,
                    -0.7215451686093544,
                    -0.37536791868318203
                ],
                [
                    -0.004712903884054353,
                    -0.7215619226034291,
                    0.6923338648266619,
                    1.3812216957924448
                ],
                [
                    -0.9999768050888217,
                    -3.698223181899136e-06,
                    -0.006810966941328705,
                    -0.0475940276080522
                ],
                [
                    0.0,
                    0.0,
                    0.0,
                    1.0
                ]
            ],
            "size": [
                0.1202,
                0.13634,
                0.67816
            ]
        },
        "distance": 0.11922251349046074
    },
    {
        "case": 12,
        "collider1": {
            "type": "Cylinder",
            "collider2origin": [
                [
                    0.907778172512869,
                    0.4194505805326725,
                    0.0,
                    -0.07232761537572224
                ],
                [
                    -0.4194505805326725,
                    0.907778172512869,
                    0.0,
                    1.2000044650142188
                ],
                [
                    0.0,
                    0.0,
                    1.0,
                    -0.5800000000000001
                ],
                [
                    0.0,
                    0.0,
                    0.0,
                    1.0
                ]
            ],
            "radius": 0.04,
            "height": 0.96
        },
        "collider2": {
            "type": "Box",
            "collider2origin": [
                [
                    0.004917094806122039,
                    -0.6923499056367134,
                    -0.7215451686093544,
                    -0.37536791868318203
                ],
                [
                    -0.004712903884054353,
                    -0.7215619226034291,
                    0.6923338648266619,
                    1.3812216957924448
                ],
                [
                    -0.9999768050888217,
                    -3.698223181899136e-06,
                    -0.006810966941328705,
                    -0.0475940276080522
                ],
                [
                    0.0,
                    0.0,
                    0.0,
                    1.0
                ]
            ],
            "size": [
                0.1202,
                0.13634,
                0.67816
            ]
        },
        "distance": 0.0
    },
    {
        "case": 13,
        "collider1": {
            "type": "Box",
            "collider2origin": [
                [
                    0.907778172512869,
                    0.4194505805326725,
                    0.0,
                    -0.7418785952877999
                ],
                [
                    -0.4194505805326725,
                    0.907778172512869,
                    0.0,
                    1.2791466490804724
                ],
                [
                    0.0,
                    0.0,
                    1.0,
                    0.27
                ],
                [
                    0.0,
                    0.0,
                    0.0,
                    1.0
                ]
            ],
            "size": [
                0.52,
                1.16,
                0.6
            ]
        },
        "collider2": {
            "type": "Cylinder",
            "collider2origin": [
                [
                    0.6870546296012461,
                    0.5858203321744171,
                    0.4298493623986781,
                    -0.8691451225043334
                ],
                [
                    0.7163130798874078,
                    -0.44686477610378705,
                    -0.5359173849204077,
                    1.6232954243101627
                ],
                [
                    -0.1218667613654773,
                    0.6761112410607949,
                    -0.7266512796283521,
                    -0.04579988662271939
                ],
                [
                    0.0,
                    0.0,
                    0.0,
                    1.0
                ]
            ],
            "radius": 0.01271,
            "height": 0.05982
        },
        "distance": 0.0
    },
    {
        "case": 14,
        "collider1": {
            "type": "Box",
            "collider2origin": [
                [
                    0.907778172512869,
                    0.4194505805326725,
                    0.0,
                    -0.7418785952877999
                ],
                [
                    -0.4194505805326725,
                    0.907778172512869,
                    0.0,
                    1.2791466490804724
                ],
                [
                    0.0,
                    0.0,
                    1.0,
                    0.27
                ],
                [
                    0.0,
                    0.0,
                    0.0,
                    1.0
                ]
            ],
            "size": [
                0.52,
                1.16,
                0.6
            ]
        },
        "collider2": {
            "type": "Sphere",
            "collider2origin": [
                [
                    1.0,
                    0.0,
                    0.0,
                    -0.9796608485120433
                ],
                [
                    0.0,
                    1.0,
                    0.0,
                    1.6024898820245967
                ],
                [
                    0.0,
                    0.0,
                    1.0,
                    -0.027094035591944676
                ],
                [
                    0.0,
                    0.0,
                    0.0,
                    1.0
                ]
            ],
            "radius": 0.00563
        },
        "distance": 0.08585004605762002
    },
    {
        "case": 15,
        "collider1": {
            "type": "Box",
            "collider2origin": [
                [
                    0.907778172512869,
                    0.4194505805326725,
                    0.0,
                    -0.7418785952877999
                ],
                [
                    -0.4194505805326725,
                    0.907778172512869,
                    0.0,
                    1.2791466490804724
                ],
                [
                    0.0,
                    0.0,
                    1.0,
                    0.27
                ],
                [
                    0.0,
                    0.0,
                    0.0,
                    1.0
                ]
            ],
            "size": [
                0.52,
                1.16,
                0.6
            ]
        },
        "collider2": {
            "type": "Cylinder",
            "collider2origin": [
                [
                    -0.11359491249627729,
                    0.9871304129226357,
                    -0.11255995619290647,
                    -0.9161457925371936
                ],
                [
                    0.9514451216599858,
                    0.07545965303552192,
                    -0.2984259057675338,
                    1.5718795852119087
                ],
                [
                    -0.28609155234710704,
                    -0.14099428586628796,
                    -0.9477722485010188,
                    -0.047980888206130556
                ],
                [
                    0.0,
                    0.0,
                    0.0,
                    1.0
                ]
            ],
            "radius": 0.00783,
            "height": 0.03683
        },
        "distance": 0.013582922186325895
    },
    {
        "case": 16,
        "collider1": {
            "type": "Box",
            "collider2origin": [
                [
                    0.907778172512869,
                    0.4194505805326725,
                    0.0,
                    -0.7418785952877999
                ],
                [
                    -0.4194505805326725,
                    0.907778172512869,
                    0.0,
                    1.2791466490804724
                ],
                [
                    0.0,
                    0.0,
                    1.0,
                    0.27
                ],
                [
                    0.0,
                    0.0,
                    0.0,
                    1.0
                ]
            ],
            "size": [
                0.52,
                1.16,
                0.6
            ]
        },
        "collider2": {
            "type": "Cylinder",
            "collider2origin": [
                [
                    0.05696046011245546,
                    0.8616016071713823,
                    0.5043790008549797,
                    -0.97087040954003
                ],
                [
                    0.9451886548043718,
                    0.11615663118643928,
                    -0.3051656007162653,
                    1.5959744750291995
                ],
                [
                    -0.3215181376110513,
                    0.4941156823569837,
                    -0.8077597289021112,
                    -0.04469036061632514
                ],
                [
                    0.0,
                    0.0,
                    0.0,
                    1.0
                ]
            ],
            "radius": 0.00813,
            "height": 0.03824
        },
        "distance": 0.06789768058223475
    },
    {
        "case": 17,
        "collider1": {
            "type": "Cylinder",
            "collider2origin": [
                [
                    0.907778172512869,
                    0.4194505805326725,
                    0.0,
                    -0.6004934663570113
                ],
                [
                    -0.4194505805326725,
                    0.907778172512869,
                    0.0,
                    1.5387870906862133
                ],
                [
                    0.0,
                    0.0,
                    1.0,
                    -0.20999999999999996
                ],
                [
                    0.0,
                    0.0,
                    0.0,
                    1.0
                ]
            ],
            "radius": 0.04,
            "height": 0.22
        },
        "collider2": {
            "type": "Box",
            "collider2origin": [
                [
                    0.637889522392358,
                    -0.6923484941123007,
                    -0.3372692098642849,
                    -0.6643724025548718
                ],
                [
                    -0.6120580544816936,
                    -0.7215632769567316,
                    0.32362227255173176,
                    1.503638307192631
                ],
                [
                    -0.46742046934867293,
                    -6.920447441383156e-06,
                    -0.8840351264434992,
                    -0.051849864967941306
                ],
                [
                    0.0,
                    0.0,
                    0.0,
                    1.0
                ]
            ],
            "size": [
                0.09102,
                0.10007,
                0.11882
            ]
        },
        "distance": 0.0
    },
    {
        "case": 18,
        "collider1": {
            "type": "Box",
            "collider2origin": [
                [
                    0.8303727586998911,
                    0.5572082928395201,
                    0.0,
                    -0.8244226375645679
                ],
                [
                    -0.5572082928395201,
                    0.8303727586998911,
                    0.0,
                    1.4713226142389986
                ],
                [
                    0.0,
                    0.0,
                    1.0,
                    -0.21500000000000008
                ],
                [
                    0.0,
                    0.0,
                    0.0,
                    1.0
                ]
            ],
            "size": [
                0.2,
                0.3,
                0.22
            ]
        },
        "collider2": {
            "type": "Box",
            "collider2origin": [
                [
                    0.637889522392358,
                    -0.6923484941123007,
                    -0.3372692098642849,
                    -0.6643724025548718
                ],
                [
                    -0.6120580544816936,
                    -0.7215632769567316,
                    0.32362227255173176,
                    1.503638307192631
                ],
                [
                    -0.46742046934867293,
                    -6.920447441383156e-06,
                    -0.8840351264434992,
                    -0.051849864967941306
                ],
                [
                    0.0,
                    0.0,
                    0.0,
                    1.0
                ]
            ],
            "size": [
                0.09102,
                0.10007,
                0.11882
            ]
        },
        "distance": 0.0
    },
    {
        "case": 19,
        "collider1": {
            "type": "Box",
            "collider2origin": [
                [
                    0.9741881675007261,
                    0.22573748980082478,
                    0.0,
                    -0.5292040201289168
                ],
                [
                    -0.2257374898008248,
                    0.974188167500726,
                    0.0,
                    1.3318616486630257
                ],
                [
                    0.0,
                    0.0,
                    1.0,
                    -0.21500000000000008
                ],
                [
                    0.0,
                    0.0,
                    0.0,
                    1.0
                ]
            ],
            "size": [
                0.2,
                0.3,
                0.22
            ]
        },
        "collider2": {
            "type": "Box",
            "collider2origin": [
                [
                    0.637889522392358,
                    -0.6923484941123007,
                    -0.3372692098642849,
                    -0.6643724025548718
                ],
                [
                    -0.6120580544816936,
                    -0.7215632769567316,
                    0.32362227255173176,
                    1.503638307192631
                ],
                [
                    -0.46742046934867293,
                    -6.920447441383156e-06,
                    -0.8840351264434992,
                    -0.051849864967941306
                ],
                [
                    0.0,
                    0.0,
                    0.0,
                    1.0
                ]
            ],
            "size": [
                0.09102,
                0.10007,
                0.11882
            ]
        },
        "distance": 0.02689473578235448
    },
    {
        "case": 20,
        "collider1": {
            "type": "Box",
            "collider2origin": [
                [
                    0.907778172512869,
                    0.4194505805326725,
                    0.0,
                    -0.6717546761389399
                ],
                [
                    -0.4194505805326725,
                    0.907778172512869,
                    0.0,
                    1.384443828829999
                ],
                [
                    0.0,
                    0.0,
                    1.0,
                    -0.21500000000000008
                ],
                [
                    0.0,
                    0.0,
                    0.0,
                    1.0
                ]
            ],
            "size": [
                0.2,
                0.3,
                0.22
            ]
        },
        "collider2": {
            "type": "Box",
            "collider2origin": [
                [
                    0.637889522392358,
                    -0.6923484941123007,
                    -0.3372692098642849,
                    -0.6643724025548718
                ],
                [
                    -0.6120580544816936,
                    -0.7215632769567316,
                    0.32362227255173176,
                    1.503638307192631
                ],
                [
                    -0.46742046934867293,
                    -6.920447441383156e-06,
                    -0.8840351264434992,
                    -0.051849864967941306
                ],
                [
                    0.0,
                    0.0,
                    0.0,
                    1.0
                ]
            ],
            "size": [
                0.09102,
                0.10007,
                0.11882
            ]
        },
        "distance": 0.0
    },
    {
        "case": 21,
        "collider1": {
            "type": "Box",
            "collider2origin": [
                [
                    0.907778172512869,
                    0.4194505805326725,
                    0.0,
                    -0.7418785952877999
                ],
                [
                    -0.4194505805326725,
                    0.907778172512869,
                    0.0,
                    1.2791466490804724
                ],
                [
                    0.0,
                    0.0,
                    1.0,
                    0.27
                ],
                [
                    0.0,
                    0.0,
                    0.0,
                    1.0
                ]
            ],
            "size": [
                0.52,
                1.16,
                0.6
            ]
        },
        "collider2": {
            "type": "Box",
            "collider2origin": [
                [
                    0.637889522392358,
                    -0.6923484941123007,
                    -0.3372692098642849,
