[
    {
        "case": 0,
        "collider1": {
            "type": "Box",
            "collider2origin": [
                [
                    0.9077781725128689,
                    0.4194505805326724,
                    0.0,
                    0.4158817547107895
                ],
                [
                    -0.4194505805326724,
                    0.9077781725128689,
                    0.0,
                    0.733173894971941
                ],
                [
                    0.0,
                    0.0,
                    1.0,
                    -0.6599999999999999
                ],
                [
                    0.0,
                    0.0,
                    0.0,
                    1.0
                ]
            ],
            "size": [
                0.6,
                1.0,
                0.8
            ]
        },
        "collider2": {
            "type": "Box",
            "collider2origin": [
                [
                    0.13374369165255773,
                    0.9840727165676606,
                    0.1171047114777643,
                    0.48381403744089807
                ],
                [
                    0.7403496215890529,
                    -0.1777663873338096,
                    0.6482912534866042,
                    1.5464064993725468
                ],
                [
                    0.6587830164447865,
                    -6.436678504524041e-06,
                    -0.7523329962207409,
                    -0.5013161540322687
                ],
                [
                    0.0,
                    0.0,
                    0.0,
                    1.0
                ]
            ],
            "size": [
                0.1202,
                0.13634,
                0.67816
            ]
        },
        "distance": 0.0
    },
    {
        "case": 1,
        "collider1": {
            "type": "Box",
            "collider2origin": [
                [
                    -0.49996093967317806,
                    0.8660479541001831,
                    0.0,
                    0.23518030403224222
                ],
                [
                    -0.8660479541001831,
                    -0.49996093967317806,
                    0.0,
                    1.6545490191575776
                ],
                [
                    0.0,
                    0.0,
                    1.0,
                    -0.21500000000000008
                ],
                [
                    0.0,
                    0.0,
                    0.0,
                    1.0
                ]
            ],
            "size": [
                0.2,
                0.3,
                0.22
            ]
        },
        "collider2": {
            "type": "Box",
            "collider2origin": [
                [
                    0.13374369165255773,
                    0.9840727165676606,
                    0.1171047114777643,
                    0.48381403744089807
                ],
                [
                    0.7403496215890529,
                    -0.1777663873338096,
                    0.6482912534866042,
                    1.5464064993725468
                ],
                [
                    0.6587830164447865,
                    -6.436678504524041e-06,
                    -0.7523329962207409,
                    -0.5013161540322687
                ],
                [
                    0.0,
                    0.0,
                    0.0,
                    1.0
                ]
            ],
            "size": [
                0.1202,
                0.13634,
                0.67816
            ]
        },
        "distance": 0.07711865733533617
    },
    {
        "case": 2,
        "collider1": {
            "type": "Cylinder",
            "collider2origin": [
                [
                    0.907778172512869,
                    0.4194505805326725,
                    0.0,
                    0.41976000612504893
                ],
                [
                    -0.4194505805326725,
                    0.907778172512869,
                    0.0,
                    1.6236691588060355
                ],
                [
                    0.0,
                    0.0,
                    1.0,
                    -0.18000000000000016
                ],
                [
                    0.0,
                    0.0,
                    0.0,
                    1.0
                ]
            ],
            "radius": 0.04,
            "height": 0.3
        },
        "collider2": {
            "type": "Box",
            "collider2origin": [
                [
                    0.13374369165255773,
                    0.9840727165676606,
                    0.1171047114777643,
                    0.48381403744089807
                ],
                [
                    0.7403496215890529,
                    -0.1777663873338096,
                    0.6482912534866042,
                    1.5464064993725468
                ],
                [
                    0.6587830164447865,
                    -6.436678504524041e-06,
                    -0.7523329962207409,
                    -0.5013161540322687
                ],
                [
                    0.0,
                    0.0,
                    0.0,
                    1.0
                ]
            ],
            "size": [
                0.1202,
                0.13634,
                0.67816
            ]
        },
        "distance": 0.07159826375192023
    },
    {
        "case": 3,
        "collider1": {
            "type": "Box",
            "collider2origin": [
                [
                    0.907778172512869,
                    0.4194505805326725,
                    0.0,
                    0.3318610395686135
                ],
                [
                    -0.4194505805326725,
                    0.907778172512869,
                    0.0,
                    1.862570334354233
                ],
                [
                    0.0,
                    0.0,
                    1.0,
                    -0.21500000000000008
                ],
                [
                    0.0,
                    0.0,
                    0.0,
                    1.0
                ]
            ],
            "size": [
                0.3,
                0.46,
                0.22
            ]
        },
        "collider2": {
            "type": "Box",
            "collider2origin": [
                [
                    0.13374369165255773,
                    0.9840727165676606,
                    0.1171047114777643,
                    0.48381403744089807
                ],
                [
                    0.7403496215890529,
                    -0.1777663873338096,
                    0.6482912534866042,
                    1.5464064993725468
                ],
                [
                    0.6587830164447865,
                    -6.436678504524041e-06,
                    -0.7523329962207409,
                    -0.5013161540322687
                ],
                [
                    0.0,
                    0.0,
                    0.0,
                    1.0
                ]
            ],
            "size": [
                0.1202,
                0.13634,
                0.67816
            ]
        },
        "distance": 0.0893858784651934
    },
    {
        "case": 4,
        "collider1": {
            "type": "Box",
            "collider2origin": [
                [
                    0.907778172512869,
                    0.4194505805326725,
                    0.0,
                    1.1611274528425521
                ],
                [
                    -0.4194505805326725,
                    0.907778172512869,
                    0.0,
                    2.3937174098575977
                ],
                [
                    0.0,
                    0.0,
                    1.0,
                    -0.040000000000000036
                ],
                [
                    0.0,
                    0.0,
                    0.0,
                    1.0
                ]
            ],
            "size": [
                0.62,
                1.2,
                2.0
            ]
        },
        "collider2": {
            "type": "Box",
            "collider2origin": [
                [
                    0.87862252535547,
                    -0.46834155425176643,
                    -0.0931592534266784,
                    0.6205096455600054
                ],
                [
                    0.35979403187503384,
                    0.777563135105492,
                    -0.5156974166621604,
                    1.6590969511289368
                ],
                [
                    0.31395973080171197,
                    0.4195852231501466,
                    0.8516909814885667,
                    -0.624622992182696
                ],
                [
                    0.0,
                    0.0,
                    0.0,
                    1.0
                ]
            ],
            "size": [
                0.09126,
                0.11887,
                0.10009
            ]
        },
        "distance": 0.20625483045735662
    },
    {
        "case": 5,
        "collider1": {
            "type": "Box",
            "collider2origin": [
                [
                    0.907778172512869,
                    0.4194505805326725,
                    0.0,
                    1.1611274528425521
                ],
                [
                    -0.4194505805326725,
                    0.907778172512869,
                    0.0,
                    2.3937174098575977
                ],
                [
                    0.0,
                    0.0,
                    1.0,
                    -0.040000000000000036
                ],
                [
                    0.0,
                    0.0,
                    0.0,
                    1.0
                ]
            ],
            "size": [
                0.62,
                1.2,
                2.0
            ]
        },
        "collider2": {
            "type": "Box",
            "collider2origin": [
                [
                    -0.15140595130386705,
                    0.9840719442249916,
                    -0.09315925342667843,
                    0.6277775611849004
                ],
                [
                    -0.8381251492820307,
                    -0.17777066290293297,
                    -0.5156974166621605,
                    1.7146661561556549
                ],
                [
                    -0.5240443416837406,
                    -5.44769443672193e-07,
                    0.8516909814885668,
                    -0.7185725795884458
                ],
                [
                    0.0,
                    0.0,
                    0.0,
                    1.0
                ]
            ],
            "size": [
                0.09102,
                0.10007,
                0.11882
            ]
        },
        "distance": 0.15991408163669318
    },
    {
        "case": 6,
        "collider1": {
            "type": "Box",
            "collider2origin": [
                [
                    0.907778172512869,
                    0.4194505805326725,
                    0.0,
                    1.1611274528425521
                ],
                [
                    -0.4194505805326725,
                    0.907778172512869,
                    0.0,
                    2.3937174098575977
                ],
                [
                    0.0,
                    0.0,
                    1.0,
                    -0.040000000000000036
                ],
                [
                    0.0,
                    0.0,
                    0.0,
                    1.0
                ]
            ],
            "size": [
                0.62,
                1.2,
                2.0
            ]
        },
        "collider2": {
            "type": "Box",
            "collider2origin": [
                [
                    -0.7820461971589662,
                    -0.468339701742957,
                    0.4111710948990911,
                    0.5855344057128028
                ],
                [
                    -0.14382142442667728,
                    0.7775672778510831,
                    0.6121311348813571,
                    1.715795973605982
                ],
                [
                    -0.6063985021296481,
                    0.41957961364510354,
                    -0.675450815698926,
                    -0.5907500908646836
                ],
                [
                    0.0,
                    0.0,
                    0.0,
                    1.0
                ]
            ],
            "size": [
                0.08993,
                0.0305,
                0.09007
            ]
        },
        "distance": 0.19565415247185702
    },
    {
        "case": 7,
        "collider1": {
            "type": "Box",
            "collider2origin": [
                [
                    0.9077781725128689,
                    0.4194505805326724,
                    0.0,
                    0.4158817547107895
                ],
                [
                    -0.4194505805326724,
                    0.9077781725128689,
                    0.0,
                    0.733173894971941
                ],
                [
                    0.0,
                    0.0,
                    1.0,
                    -0.6599999999999999
                ],
                [
                    0.0,
                    0.0,
                    0.0,
                    1.0
                ]
            ],
            "size": [
                0.6,
                1.0,
                0.8
            ]
        },
        "collider2": {
            "type": "Box",
            "collider2origin": [
                [
                    0.05450351999773496,
                    0.9840729079377799,
                    0.1692036588574201,
                    0.5225116924839979
                ],
                [
                    0.3016947669088394,
                    -0.17776532800253292,
                    0.9366855159443713,
                    1.0499197607549202
                ],
                [
                    0.951845383414595,
                    -4.799330750576818e-06,
                    -0.3065784826912822,
                    -0.19475912443701704
                ],
                [
                    0.0,
                    0.0,
                    0.0,
                    1.0
                ]
            ],
            "size": [
                0.15068,
                0.17726,
                0.74884
            ]
        },
        "distance": 0.0
    },
    {
        "case": 8,
        "collider1": {
            "type": "Box",
            "collider2origin": [
                [
                    0.9077781725128689,
                    0.4194505805326724,
                    0.0,
                    0.27063700059322826
                ],
                [
                    -0.4194505805326724,
                    0.9077781725128689,
                    0.0,
                    0.8002854543438492
                ],
                [
                    0.0,
                    0.0,
                    1.0,
                    -0.25
                ],
                [
                    0.0,
                    0.0,
                    0.0,
                    1.0
                ]
            ],
            "size": [
                0.2,
                0.2,
                0.02
            ]
        },
        "collider2": {
            "type": "Box",
            "collider2origin": [
                [
                    0.05450351999773496,
                    0.9840729079377799,
                    0.1692036588574201,
                    0.5225116924839979
                ],
                [
                    0.3016947669088394,
                    -0.17776532800253292,
                    0.9366855159443713,
                    1.0499197607549202
                ],
                [
                    0.951845383414595,
                    -4.799330750576818e-06,
                    -0.3065784826912822,
                    -0.19475912443701704
                ],
                [
                    0.0,
                    0.0,
                    0.0,
                    1.0
                ]
            ],
            "size": [
                0.15068,
                0.17726,
                0.74884
            ]
        },
        "distance": 0.03412618059674351
    },
    {
        "case": 9,
        "collider1": {
            "type": "Box",
            "collider2origin": [
                [
                    0.907778172512869,
                    0.4194505805326725,
                    0.0,
                    0.9947946797881562
                ],
                [
                    -0.4194505805326725,
                    0.907778172512869,
                    0.0,
                    0.5317739604993647
                ],
                [
                    0.0,
                    0.0,
                    1.0,
                    -0.69
                ],
                [
                    0.0,
                    0.0,
                    0.0,
                    1.0
                ]
            ],
            "size": [
                0.6,
                1.2,
                0.75
            ]
        },
        "collider2": {
            "type": "Box",
            "collider2origin": [
                [
                    0.05450351999773496,
                    0.9840729079377799,
                    0.1692036588574201,
                    0.5225116924839979
                ],
                [
                    0.3016947669088394,
                    -0.17776532800253292,
                    0.9366855159443713,
                    1.0499197607549202
                ],
                [
                    0.951845383414595,
                    -4.799330750576818e-06,
                    -0.3065784826912822,
                    -0.19475912443701704
                ],
                [
                    0.0,
                    0.0,
                    0.0,
                    1.0
                ]
            ],
            "size": [
                0.15068,
                0.17726,
                0.74884
            ]
        },
        "distance": 0.23046150601575455
    },
    {
        "case": 10,
        "collider1": {
            "type": "Box",
            "collider2origin": [
                [
                    0.9077781725128689,
                    0.4194505805326724,
                    0.0,
                    0.4158817547107895
                ],
                [
                    -0.4194505805326724,
                    0.9077781725128689,
                    0.0,
                    0.733173894971941
                ],
                [
                    0.0,
                    0.0,
                    1.0,
                    -0.6599999999999999
                ],
                [
                    0.0,
                    0.0,
                    0.0,
                    1.0
                ]
            ],
            "size": [
                0.6,
                1.0,
                0.8
            ]
        },
        "collider2": {
            "type": "Box",
            "collider2origin": [
                [
                    0.05450351999773496,
                    0.9840729079377799,
                    0.1692036588574201,
                    0.5225116924839979
                ],
                [
                    0.3016947669088394,
                    -0.17776532800253292,
                    0.9366855159443713,
                    1.0499197607549202
                ],
                [
                    0.951845383414595,
                    -4.799330750576818e-06,
                    -0.3065784826912822,
                    -0.19475912443701704
                ],
                [
                    0.0,
                    0.0,
                    0.0,
                    1.0
                ]
            ],
            "size": [
                0.15068,
                0.17726,
                0.74884
            ]
        },
        "distance": 0.0
    },
    {
        "case": 11,
        "collider1": {
            "type": "Box",
            "collider2origin": [
                [
                    0.9077781725128689,
                    0.4194505805326724,
                    0.0,
                    0.27063700059322826
                ],
                [
                    -0.4194505805326724,
                    0.9077781725128689,
                    0.0,
                    0.8002854543438492
                ],
                [
                    0.0,
                    0.0,
                    1.0,
                    -0.25
                ],
                [
                    0.0,
                    0.0,
                    0.0,
                    1.0
                ]
            ],
            "size": [
                0.2,
                0.2,
                0.02
            ]
        },
        "collider2": {
            "type": "Box",
            "collider2origin": [
                [
                    0.05450351999773496,
                    0.9840729079377799,
                    0.1692036588574201,
                    0.5225116924839979
                ],
                [
                    0.3016947669088394,
                    -0.17776532800253292,
                    0.9366855159443713,
                    1.0499197607549202
                ],
                [
                    0.951845383414595,
                    -4.799330750576818e-06,
                    -0.3065784826912822,
                    -0.19475912443701704
                ],
                [
                    0.0,
                    0.0,
                    0.0,
                    1.0
                ]
            ],
            "size": [
                0.15068,
                0.17726,
                0.74884
            ]
        },
        "distance": 0.03412618059674351
    },
    {
        "case": 12,
        "collider1": {
            "type": "Box",
            "collider2origin": [
                [
                    0.907778172512869,
                    0.4194505805326725,
                    0.0,
                    0.9947946797881562
                ],
                [
                    -0.4194505805326725,
                    0.907778172512869,
                    0.0,
                    0.5317739604993647
                ],
                [
                    0.0,
                    0.0,
                    1.0,
                    -0.69
                ],
                [
                    0.0,
                    0.0,
                    0.0,
                    1.0
                ]
            ],
            "size": [
                0.6,
                1.2,
                0.75
            ]
        },
        "collider2": {
            "type": "Box",
            "collider2origin": [
                [
                    0.05450351999773496,
                    0.9840729079377799,
                    0.1692036588574201,
                    0.5225116924839979
                ],
                [
                    0.3016947669088394,
                    -0.17776532800253292,
                    0.9366855159443713,
                    1.0499197607549202
                ],
                [
                    0.951845383414595,
                    -4.799330750576818e-06,
                    -0.3065784826912822,
                    -0.19475912443701704
                ],
                [
                    0.0,
                    0.0,
                    0.0,
                    1.0
                ]
            ],
            "size": [
                0.15068,
                0.17726,
                0.74884
            ]
        },
        "distance": 0.23046150601575455
    }
]