[
    {
        "case": 0,
        "collider1": {
            "type": "Box",
            "collider2origin": [
                [
                    0.9077781725128689,
                    0.4194505805326724,
                    0.0,
                    0.4158817547107895
                ],
                [
                    -0.4194505805326724,
                    0.9077781725128689,
                    0.0,
                    0.733173894971941
                ],
                [
                    0.0,
                    0.0,
                    1.0,
                    -0.6599999999999999
                ],
                [
                    0.0,
                    0.0,
                    0.0,
                    1.0
                ]
            ],
            "size": [
                0.6,
                1.0,
                0.8
            ]
        },
        "collider2": {
            "type": "Box",
            "collider2origin": [
                [
                    0.5668424609892212,
                    -0.7477977985634561,
                    -0.3456704744165051,
                    0.06573193788801904
                ],
                [
                    -0.6384441240786664,
                    -0.6639265414315672,
                    0.389346437009692,
                    0.8009726720858406
                ],
                [
                    -0.5206522110287323,
                    -6.809273255950675e-06,
                    -0.8537688651529324,
                    -0.35875419637902917
                ],
                [
                    0.0,
                    0.0,
                    0.0,
                    1.0
                ]
            ],
            "size": [
                0.15068,
                0.17726,
                0.74884
            ]
        },
        "distance": 0.0
    },
    {
        "case": 1,
        "collider1": {
            "type": "Box",
            "collider2origin": [
                [
                    0.9077781725128689,
                    0.4194505805326724,
                    0.0,
                    0.27063700059322826
                ],
                [
                    -0.4194505805326724,
                    0.9077781725128689,
                    0.0,
                    0.8002854543438492
                ],
                [
                    0.0,
                    0.0,
                    1.0,
                    -0.25
                ],
                [
                    0.0,
                    0.0,
                    0.0,
                    1.0
                ]
            ],
            "size": [
                0.2,
                0.2,
                0.02
            ]
        },
        "collider2": {
            "type": "Box",
            "collider2origin": [
                [
                    0.5668424609892212,
                    -0.7477977985634561,
                    -0.3456704744165051,
                    0.06573193788801904
                ],
                [
                    -0.6384441240786664,
                    -0.6639265414315672,
                    0.389346437009692,
                    0.8009726720858406
                ],
                [
                    -0.5206522110287323,
                    -6.809273255950675e-06,
                    -0.8537688651529324,
                    -0.35875419637902917
                ],
                [
                    0.0,
                    0.0,
                    0.0,
                    1.0
                ]
            ],
            "size": [
                0.15068,
                0.17726,
                0.74884
            ]
        },
        "distance": 0.0
    },
    {
        "case": 2,
        "collider1": {
            "type": "Box",
            "collider2origin": [
                [
                    0.9077781725128689,
                    0.4194505805326724,
                    0.0,
                    0.4158817547107895
                ],
                [
                    -0.4194505805326724,
                    0.9077781725128689,
                    0.0,
                    0.733173894971941
                ],
                [
                    0.0,
                    0.0,
                    1.0,
                    -0.6599999999999999
                ],
                [
                    0.0,
                    0.0,
                    0.0,
                    1.0
                ]
            ],
            "size": [
                0.6,
                1.0,
                0.8
            ]
        },
        "collider2": {
            "type": "Box",
            "collider2origin": [
                [
                    0.5668424609892212,
                    -0.7477977985634561,
                    -0.3456704744165051,
                    0.06573193788801904
                ],
                [
                    -0.6384441240786664,
                    -0.6639265414315672,
                    0.389346437009692,
                    0.8009726720858406
                ],
                [
                    -0.5206522110287323,
                    -6.809273255950675e-06,
                    -0.8537688651529324,
                    -0.35875419637902917
                ],
                [
                    0.0,
                    0.0,
                    0.0,
                    1.0
                ]
            ],
            "size": [
                0.15068,
                0.17726,
                0.74884
            ]
        },
        "distance": 0.0
    },
    {
        "case": 3,
        "collider1": {
            "type": "Box",
            "collider2origin": [
                [
                    0.9077781725128689,
                    0.4194505805326724,
                    0.0,
                    0.27063700059322826
                ],
                [
                    -0.4194505805326724,
                    0.9077781725128689,
                    0.0,
                    0.8002854543438492
                ],
                [
                    0.0,
                    0.0,
                    1.0,
                    -0.25
                ],
                [
                    0.0,
                    0.0,
                    0.0,
                    1.0
                ]
            ],
            "size": [
                0.2,
                0.2,
                0.02
            ]
        },
        "collider2": {
            "type": "Box",
            "collider2origin": [
                [
                    0.5668424609892212,
                    -0.7477977985634561,
                    -0.3456704744165051,
                    0.06573193788801904
                ],
                [
                    -0.6384441240786664,
                    -0.6639265414315672,
                    0.389346437009692,
                    0.8009726720858406
                ],
                [
                    -0.5206522110287323,
                    -6.809273255950675e-06,
                    -0.8537688651529324,
                    -0.35875419637902917
                ],
                [
                    0.0,
                    0.0,
                    0.0,
                    1.0
                ]
            ],
            "size": [
                0.15068,
                0.17726,
                0.74884
            ]
        },
        "distance": 0.0
    },
    {
        "case": 4,
        "collider1": {
            "type": "Box",
            "collider2origin": [
                [
                    0.9077781725128689,
                    0.4194505805326724,
                    0.0,
                    0.4158817547107895
                ],
                [
                    -0.4194505805326724,
                    0.9077781725128689,
                    0.0,
                    0.733173894971941
                ],
                [
                    0.0,
                    0.0,
                    1.0,
                    -0.6599999999999999
                ],
                [
                    0.0,
                    0.0,
                    0.0,
                    1.0
                ]
            ],
            "size": [
                0.6,
                1.0,
                0.8
            ]
        },
        "collider2": {
            "type": "Box",
            "collider2origin": [
                [
                    -0.031069924413125585,
                    -0.7477989649065763,
                    -0.6631978346478642,
                    -0.13354719812864313
                ],
                [
                    0.035000258766561515,
                    -0.6639252277722199,
                    0.7469794333272368,
                    1.215718229218564
                ],
                [
                    -0.9989042204752347,
                    -3.5012944618963747e-06,
                    0.04680126391994707,
                    -0.612016392064507
                ],
                [
                    0.0,
                    0.0,
                    0.0,
                    1.0
                ]
            ],
            "size": [
                0.1202,
                0.13634,
                0.67816
            ]
        },
        "distance": 0.06091430273248363
    },
    {
        "case": 5,
        "collider1": {
            "type": "Box",
            "collider2origin": [
                [
                    0.907778172512869,
                    0.4194505805326725,
                    0.0,
                    -1.612083837096907
                ],
                [
                    -0.4194505805326725,
                    0.907778172512869,
                    0.0,
                    -0.24654756573714753
                ],
                [
                    0.0,
                    0.0,
                    1.0,
                    -0.040000000000000036
                ],
                [
                    0.0,
                    0.0,
                    0.0,
                    1.0
                ]
            ],
            "size": [
                2.0,
                2.0,
                2.0
            ]
        },
        "collider2": {
            "type": "Box",
            "collider2origin": [
                [
                    -0.031069924413125585,
                    -0.7477989649065763,
                    -0.6631978346478642,
                    -0.13354719812864313
                ],
                [
                    0.035000258766561515,
                    -0.6639252277722199,
                    0.7469794333272368,
                    1.215718229218564
                ],
                [
                    -0.9989042204752347,
                    -3.5012944618963747e-06,
                    0.04680126391994707,
                    -0.612016392064507
                ],
                [
                    0.0,
                    0.0,
                    0.0,
                    1.0
                ]
            ],
            "size": [
                0.1202,
                0.13634,
                0.67816
            ]
        },
        "distance": 0.748529356494546
    },
    {
        "case": 6,
        "collider1": {
            "type": "Cylinder",
            "collider2origin": [
                [
                    0.907778172512869,
                    0.4194505805326725,
                    0.0,
                    -0.07232761537572224
                ],
                [
                    -0.4194505805326725,
                    0.907778172512869,
                    0.0,
                    1.2000044650142188
                ],
                [
                    0.0,
                    0.0,
                    1.0,
                    -0.5800000000000001
                ],
                [
                    0.0,
                    0.0,
                    0.0,
                    1.0
                ]
            ],
            "radius": 0.04,
            "height": 0.96
        },
        "collider2": {
            "type": "Box",
            "collider2origin": [
                [
                    -0.031069924413125585,
                    -0.7477989649065763,
                    -0.6631978346478642,
                    -0.13354719812864313
                ],
                [
                    0.035000258766561515,
                    -0.6639252277722199,
                    0.7469794333272368,
                    1.215718229218564
                ],
                [
                    -0.9989042204752347,
                    -3.5012944618963747e-06,
                    0.04680126391994707,
                    -0.612016392064507
                ],
                [
                    0.0,
                    0.0,
                    0.0,
                    1.0
                ]
            ],
            "size": [
                0.1202,
                0.13634,
                0.67816
            ]
        },
        "distance": 0.0
    }
]