[
    {
        "case": 0,
        "collider1": {
            "type": "Box",
            "collider2origin": [
                [
                    0.907778172512869,
                    0.4194505805326725,
                    0.0,
                    1.1611274528425521
                ],
                [
                    -0.4194505805326725,
                    0.907778172512869,
                    0.0,
                    2.3937174098575977
                ],
                [
                    0.0,
                    0.0,
                    1.0,
                    -0.040000000000000036
                ],
                [
                    0.0,
                    0.0,
                    0.0,
                    1.0
                ]
            ],
            "size": [
                0.62,
                1.2,
                2.0
            ]
        },
        "collider2": {
            "type": "Box",
            "collider2origin": [
                [
                    0.16241719167853183,
                    -0.9740503744111387,
                    -0.15762780197915544,
                    0.5563418968709533
                ],
                [
                    -0.9431091374321571,
                    -0.1062757892010642,
                    -0.31504065058602193,
                    1.6825893580906248
                ],
                [
                    0.29011344460267946,
                    0.19982823809264735,
                    -0.9358968236518147,
                    0.24014168930340452
                ],
                [
                    0.0,
                    0.0,
                    0.0,
                    1.0
                ]
            ],
            "size": [
                0.09126,
                0.11887,
                0.10009
            ]
        },
        "distance": 0.2156292233798124
    },
    {
        "case": 1,
        "collider1": {
            "type": "Box",
            "collider2origin": [
                [
                    0.907778172512869,
                    0.4194505805326725,
                    0.0,
                    1.1611274528425521
                ],
                [
                    -0.4194505805326725,
                    0.907778172512869,
                    0.0,
                    2.3937174098575977
                ],
                [
                    0.0,
                    0.0,
                    1.0,
                    -0.040000000000000036
                ],
                [
                    0.0,
                    0.0,
                    0.0,
                    1.0
                ]
            ],
            "size": [
                0.62,
                1.2,
                2.0
            ]
        },
        "collider2": {
            "type": "Box",
            "collider2origin": [
                [
                    -0.41879224919832786,
                    -0.8942966666909957,
                    -0.15762780197915544,
                    0.5793177534042335
                ],
                [
                    -0.8369682888757063,
                    0.4474745488793844,
                    -0.31504065058602193,
                    1.7157020188260292
                ],
                [
                    0.3522742332727135,
                    -7.11094609223824e-06,
                    -0.9358968236518147,
                    0.3419654320781622
                ],
                [
                    0.0,
                    0.0,
                    0.0,
                    1.0
                ]
            ],
            "size": [
                0.09102,
                0.10007,
                0.11882
            ]
        },
        "distance": 0.1944816120038147
    },
    {
        "case": 2,
        "collider1": {
            "type": "Box",
            "collider2origin": [
                [
                    0.907778172512869,
                    0.4194505805326725,
                    0.0,
                    1.1611274528425521
                ],
                [
                    -0.4194505805326725,
                    0.907778172512869,
                    0.0,
                    2.3937174098575977
                ],
                [
                    0.0,
                    0.0,
                    1.0,
                    -0.040000000000000036
                ],
                [
                    0.0,
                    0.0,
                    0.0,
                    1.0
                ]
            ],
            "size": [
                0.62,
                1.2,
                2.0
            ]
        },
        "collider2": {
            "type": "Box",
            "collider2origin": [
                [
                    0.3639865442215537,
                    -0.8942951315993376,
                    0.2602883270978059,
                    0.6035831142968808
                ],
                [
                    0.7274352582958274,
                    0.44747761686731746,
                    0.5201939324817516,
                    1.5144387003262447
                ],
                [
                    -0.5816801016140518,
                    -6.853552717068496e-07,
                    0.8134176414276963,
                    0.10705686803032655
                ],
                [
                    0.0,
                    0.0,
                    0.0,
                    1.0
                ]
            ],
            "size": [
                0.1202,
                0.13634,
                0.67816
            ]
        },
        "distance": 0.18392892322245163
    },
    {
        "case": 3,
        "collider1": {
            "type": "Cylinder",
            "collider2origin": [
                [
                    0.907778172512869,
                    0.4194505805326725,
                    0.0,
                    0.41976000612504893
                ],
                [
                    -0.4194505805326725,
                    0.907778172512869,
                    0.0,
                    1.6236691588060355
                ],
                [
                    0.0,
                    0.0,
                    1.0,
                    -0.18000000000000016
                ],
                [
                    0.0,
                    0.0,
                    0.0,
                    1.0
                ]
            ],
            "radius": 0.04,
            "height": 0.3
        },
        "collider2": {
            "type": "Box",
            "collider2origin": [
                [
                    0.3639865442215537,
                    -0.8942951315993376,
                    0.2602883270978059,
                    0.6035831142968808
                ],
                [
                    0.7274352582958274,
                    0.44747761686731746,
                    0.5201939324817516,
                    1.5144387003262447
                ],
                [
                    -0.5816801016140518,
                    -6.853552717068496e-07,
                    0.8134176414276963,
                    0.10705686803032655
                ],
                [
                    0.0,
                    0.0,
                    0.0,
                    1.0
                ]
            ],
            "size": [
                0.1202,
                0.13634,
                0.67816
            ]
        },
        "distance": 0.1089731660338917
    },
    {
        "case": 4,
        "collider1": {
            "type": "Box",
            "collider2origin": [
                [
                    0.907778172512869,
                    0.4194505805326725,
                    0.0,
                    0.3318610395686135
                ],
                [
                    -0.4194505805326725,
                    0.907778172512869,
                    0.0,
                    1.862570334354233
                ],
                [
                    0.0,
                    0.0,
                    1.0,
                    -0.21500000000000008
                ],
                [
                    0.0,
                    0.0,
                    0.0,
                    1.0
                ]
            ],
            "size": [
                0.3,
                0.46,
                0.22
            ]
        },
        "collider2": {
            "type": "Box",
            "collider2origin": [
                [
                    0.3639865442215537,
                    -0.8942951315993376,
                    0.2602883270978059,
                    0.6035831142968808
                ],
                [
                    0.7274352582958274,
                    0.44747761686731746,
                    0.5201939324817516,
                    1.5144387003262447
                ],
                [
                    -0.5816801016140518,
                    -6.853552717068496e-07,
                    0.8134176414276963,
                    0.10705686803032655
                ],
                [
                    0.0,
                    0.0,
                    0.0,
                    1.0
                ]
            ],
            "size": [
                0.1202,
                0.13634,
                0.67816
            ]
        },
        "distance": 0.1769055265385448
    },
    {
        "case": 5,
        "collider1": {
            "type": "Box",
            "collider2origin": [
                [
                    -0.49996093967317806,
                    0.8660479541001831,
                    0.0,
                    0.23518030403224222
                ],
                [
                    -0.8660479541001831,
                    -0.49996093967317806,
                    0.0,
                    1.6545490191575776
                ],
                [
                    0.0,
                    0.0,
                    1.0,
                    -0.21500000000000008
                ],
                [
                    0.0,
                    0.0,
                    0.0,
                    1.0
                ]
            ],
            "size": [
                0.2,
                0.3,
                0.22
            ]
        },
        "collider2": {
            "type": "Box",
            "collider2origin": [
                [
                    -0.013417331246835905,
                    -0.8942944447486887,
                    0.44727778987319206,
                    0.278079821215772
                ],
                [
                    -0.026823217955055993,
                    0.4474789895372974,
                    0.893892090188304,
                    1.1462463661805589
                ],
                [
                    -0.9995501439151254,
                    -3.7833712413769566e-06,
                    -0.029991828636111183,
                    -0.1115984363135265
                ],
                [
                    0.0,
                    0.0,
                    0.0,
                    1.0
                ]
            ],
            "size": [
                0.15068,
                0.17726,
                0.74884
            ]
        },
        "distance": 0.03048431205360907
    },
    {
        "case": 6,
        "collider1": {
            "type": "Box",
            "collider2origin": [
                [
                    0.718022042059392,
                    -0.6960203640101781,
                    0.0,
                    0.13748258467077087
                ],
                [
                    0.6960203640101781,
                    0.718022042059392,
                    0.0,
                    1.5384737068316263
                ],
                [
                    0.0,
                    0.0,
                    1.0,
                    -0.21500000000000008
                ],
                [
                    0.0,
                    0.0,
                    0.0,
                    1.0
                ]
            ],
            "size": [
                0.2,
                0.3,
                0.22
            ]
        },
        "collider2": {
            "type": "Box",
            "collider2origin": [
                [
                    -0.013417331246835905,
                    -0.8942944447486887,
                    0.44727778987319206,
                    0.278079821215772
                ],
                [
                    -0.026823217955055993,
                    0.4474789895372974,
                    0.893892090188304,
                    1.1462463661805589
                ],
                [
                    -0.9995501439151254,
                    -3.7833712413769566e-06,
                    -0.029991828636111183,
                    -0.1115984363135265
                ],
                [
                    0.0,
                    0.0,
                    0.0,
                    1.0
                ]
            ],
            "size": [
                0.15068,
                0.17726,
                0.74884
            ]
        },
        "distance": 0.03798989484282605
    },
    {
        "case": 7,
        "collider1": {
            "type": "Box",
            "collider2origin": [
                [
                    0.8404842512412337,
                    -0.5418359746412772,
                    0.0,
                    0.011439976095501792
                ],
                [
                    0.5418359746412771,
                    0.8404842512412338,
                    0.0,
                    1.4325762997644957
                ],
                [
                    0.0,
                    0.0,
                    1.0,
                    -0.21500000000000008
                ],
                [
                    0.0,
                    0.0,
                    0.0,
                    1.0
                ]
            ],
            "size": [
                0.2,
                0.3,
                0.22
            ]
        },
        "collider2": {
            "type": "Box",
            "collider2origin": [
                [
                    -0.013417331246835905,
                    -0.8942944447486887,
                    0.44727778987319206,
                    0.278079821215772
                ],
                [
                    -0.026823217955055993,
                    0.4474789895372974,
                    0.893892090188304,
                    1.1462463661805589
                ],
                [
                    -0.9995501439151254,
                    -3.7833712413769566e-06,
                    -0.029991828636111183,
                    -0.1115984363135265
                ],
                [
                    0.0,
                    0.0,
                    0.0,
                    1.0
                ]
            ],
            "size": [
                0.15068,
                0.17726,
                0.74884
            ]
        },
        "distance": 0.09793412656104096
    },
    {
        "case": 8,
        "collider1": {
            "type": "Box",
            "collider2origin": [
                [
                    0.9081427509232697,
                    -0.4186606548811531,
                    0.0,
                    -0.09474126814702305
                ],
                [
                    0.41866065488115317,
                    0.9081427509232698,
                    0.0,
                    1.368923948110301
                ],
                [
                    0.0,
                    0.0,
                    1.0,
                    -0.21500000000000008
                ],
                [
                    0.0,
                    0.0,
                    0.0,
                    1.0
                ]
            ],
            "size": [
                0.2,
                0.3,
                0.22
            ]
        },
        "collider2": {
            "type": "Box",
            "collider2origin": [
                [
                    -0.013417331246835905,
                    -0.8942944447486887,
                    0.44727778987319206,
                    0.278079821215772
                ],
                [
                    -0.026823217955055993,
                    0.4474789895372974,
                    0.893892090188304,
                    1.1462463661805589
                ],
                [
                    -0.9995501439151254,
                    -3.7833712413769566e-06,
                    -0.029991828636111183,
                    -0.1115984363135265
                ],
                [
                    0.0,
                    0.0,
                    0.0,
                    1.0
                ]
            ],
            "size": [
                0.15068,
                0.17726,
                0.74884
            ]
        },
        "distance": 0.16482772168900026
    },
    {
        "case": 9,
        "collider1": {
            "type": "Box",
            "collider2origin": [
                [
                    -0.49996093967317806,
                    0.8660479541001831,
                    0.0,
                    0.23518030403224222
                ],
                [
                    -0.8660479541001831,
                    -0.49996093967317806,
                    0.0,
                    1.6545490191575776
                ],
                [
                    0.0,
                    0.0,
                    1.0,
                    -0.21500000000000008
                ],
                [
                    0.0,
                    0.0,
                    0.0,
                    1.0
                ]
            ],
            "size": [
                0.2,
                0.3,
                0.22
            ]
        },
        "collider2": {
            "type": "Box",
            "collider2origin": [
                [
                    -0.013417331246835905,
                    -0.8942944447486887,
                    0.44727778987319206,
                    0.278079821215772
                ],
                [
                    -0.026823217955055993,
                    0.4474789895372974,
                    0.893892090188304,
                    1.1462463661805589
                ],
                [
                    -0.9995501439151254,
                    -3.7833712413769566e-06,
                    -0.029991828636111183,
                    -0.1115984363135265
                ],
                [
                    0.0,
                    0.0,
                    0.0,
                    1.0
                ]
            ],
            "size": [
                0.15068,
                0.17726,
                0.74884
            ]
        },
        "distance": 0.03048431205360907
    },
    {
        "case": 10,
        "collider1": {
            "type": "Box",
            "collider2origin": [
                [
                    0.718022042059392,
                    -0.6960203640101781,
                    0.0,
                    0.13748258467077087
                ],
                [
                    0.6960203640101781,
                    0.718022042059392,
                    0.0,
                    1.5384737068316263
                ],
                [
                    0.0,
                    0.0,
                    1.0,
                    -0.21500000000000008
                ],
                [
                    0.0,
                    0.0,
                    0.0,
                    1.0
                ]
            ],
            "size": [
                0.2,
                0.3,
                0.22
            ]
        },
        "collider2": {
            "type": "Box",
            "collider2origin": [
                [
                    -0.013417331246835905,
                    -0.8942944447486887,
                    0.44727778987319206,
                    0.278079821215772
                ],
                [
                    -0.026823217955055993,
                    0.4474789895372974,
                    0.893892090188304,
                    1.1462463661805589
                ],
                [
                    -0.9995501439151254,
                    -3.7833712413769566e-06,
                    -0.029991828636111183,
                    -0.1115984363135265
                ],
                [
                    0.0,
                    0.0,
                    0.0,
                    1.0
                ]
            ],
            "size": [
                0.15068,
                0.17726,
                0.74884
            ]
        },
        "distance": 0.03798989484282605
    },
    {
        "case": 11,
        "collider1": {
            "type": "Box",
            "collider2origin": [
                [
                    0.8404842512412337,
                    -0.5418359746412772,
                    0.0,
                    0.011439976095501792
                ],
                [
                    0.5418359746412771,
                    0.8404842512412338,
                    0.0,
                    1.4325762997644957
                ],
                [
                    0.0,
                    0.0,
                    1.0,
                    -0.21500000000000008
                ],
                [
                    0.0,
                    0.0,
                    0.0,
                    1.0
                ]
            ],
            "size": [
                0.2,
                0.3,
                0.22
            ]
        },
        "collider2": {
            "type": "Box",
            "collider2origin": [
                [
                    -0.013417331246835905,
                    -0.8942944447486887,
                    0.44727778987319206,
                    0.278079821215772
                ],
                [
                    -0.026823217955055993,
                    0.4474789895372974,
                    0.893892090188304,
                    1.1462463661805589
                ],
                [
                    -0.9995501439151254,
                    -3.7833712413769566e-06,
                    -0.029991828636111183,
                    -0.1115984363135265
                ],
                [
                    0.0,
                    0.0,
                    0.0,
                    1.0
                ]
            ],
            "size": [
                0.15068,
                0.17726,
                0.74884
            ]
        },
        "distance": 0.09793412656104096
    },
    {
        "case": 12,
        "collider1": {
            "type": "Box",
            "collider2origin": [
                [
                    0.9081427509232697,
                    -0.4186606548811531,
                    0.0,
                    -0.09474126814702305
                ],
                [
                    0.41866065488115317,
                    0.9081427509232698,
                    0.0,
                    1.368923948110301
                ],
                [
                    0.0,
                    0.0,
                    1.0,
                    -0.21500000000000008
                ],
                [
                    0.0,
                    0.0,
                    0.0,
                    1.0
                ]
            ],
            "size": [
                0.2,
                0.3,
                0.22
            ]
        },
        "collider2": {
            "type": "Box",
            "collider2origin": [
                [
                    -0.013417331246835905,
                    -0.8942944447486887,
                    0.44727778987319206,
                    0.278079821215772
                ],
                [
                    -0.026823217955055993,
                    0.4474789895372974,
                    0.893892090188304,
                    1.1462463661805589
                ],
                [
                    -0.9995501439151254,
                    -3.7833712413769566e-06,
                    -0.029991828636111183,
                    -0.1115984363135265
                ],
                [
                    0.0,
                    0.0,
                    0.0,
                    1.0
                ]
            ],
            "size": [
                0.15068,
                0.17726,
                0.74884
            ]
        },
        "distance": 0.16482772168900026
    }
]