[
    {
        "case": 0,
        "collider1": {
            "type": "Box",
            "collider2origin": [
                [
                    0.9077781725128689,
                    0.4194505805326724,
                    0.0,
                    0.4158817547107895
                ],
                [
                    -0.4194505805326724,
                    0.9077781725128689,
                    0.0,
                    0.733173894971941
                ],
                [
                    0.0,
                    0.0,
                    1.0,
                    -0.6599999999999999
                ],
                [
                    0.0,
                    0.0,
                    0.0,
                    1.0
                ]
            ],
            "size": [
                0.6,
                1.0,
                0.8
            ]
        },
        "collider2": {
            "type": "Box",
            "collider2origin": [
                [
                    0.1379183361414491,
                    -0.9878471751173624,
                    0.0716693181816394,
                    0.14906502517959885
                ],
                [
                    -0.8765805790213366,
                    -0.15542830683175063,
                    -0.45546517969877076,
                    0.6363324661519947
                ],
                [
                    0.46106943190651073,
                    -6.9326753052532885e-06,
                    -0.8873640622164867,
                    -0.36892883810751387
                ],
                [
                    0.0,
                    0.0,
                    0.0,
                    1.0
                ]
            ],
            "size": [
                0.15068,
                0.17726,
                0.74884
            ]
        },
        "distance": 0.0
    },
    {
        "case": 1,
        "collider1": {
            "type": "Box",
            "collider2origin": [
                [
                    0.9077781725128689,
                    0.4194505805326724,
                    0.0,
                    0.27063700059322826
                ],
                [
                    -0.4194505805326724,
                    0.9077781725128689,
                    0.0,
                    0.8002854543438492
                ],
                [
                    0.0,
                    0.0,
                    1.0,
                    -0.25
                ],
                [
                    0.0,
                    0.0,
                    0.0,
                    1.0
                ]
            ],
            "size": [
                0.2,
                0.2,
                0.02
            ]
        },
        "collider2": {
            "type": "Box",
            "collider2origin": [
                [
                    0.1379183361414491,
                    -0.9878471751173624,
                    0.0716693181816394,
                    0.14906502517959885
                ],
                [
                    -0.8765805790213366,
                    -0.15542830683175063,
                    -0.45546517969877076,
                    0.6363324661519947
                ],
                [
                    0.46106943190651073,
                    -6.9326753052532885e-06,
                    -0.8873640622164867,
                    -0.36892883810751387
                ],
                [
                    0.0,
                    0.0,
                    0.0,
                    1.0
                ]
            ],
            "size": [
                0.15068,
                0.17726,
                0.74884
            ]
        },
        "distance": 0.0
    },
    {
        "case": 2,
        "collider1": {
            "type": "Box",
            "collider2origin": [
                [
                    0.9077781725128689,
                    0.4194505805326724,
                    0.0,
                    0.4158817547107895
                ],
                [
                    -0.4194505805326724,
                    0.9077781725128689,
                    0.0,
                    0.733173894971941
                ],
                [
                    0.0,
                    0.0,
                    1.0,
                    -0.6599999999999999
                ],
                [
                    0.0,
                    0.0,
                    0.0,
                    1.0
                ]
            ],
            "size": [
                0.6,
                1.0,
                0.8
            ]
        },
        "collider2": {
            "type": "Box",
            "collider2origin": [
                [
                    0.1379183361414491,
                    -0.9878471751173624,
                    0.0716693181816394,
                    0.14906502517959885
                ],
                [
                    -0.8765805790213366,
                    -0.15542830683175063,
                    -0.45546517969877076,
                    0.6363324661519947
                ],
                [
                    0.46106943190651073,
                    -6.9326753052532885e-06,
                    -0.8873640622164867,
                    -0.36892883810751387
                ],
                [
                    0.0,
                    0.0,
                    0.0,
                    1.0
                ]
            ],
            "size": [
                0.15068,
                0.17726,
                0.74884
            ]
        },
        "distance": 0.0
    },
    {
        "case": 3,
        "collider1": {
            "type": "Box",
            "collider2origin": [
                [
                    0.9077781725128689,
                    0.4194505805326724,
                    0.0,
                    0.27063700059322826
                ],
                [
                    -0.4194505805326724,
                    0.9077781725128689,
                    0.0,
                    0.8002854543438492
                ],
                [
                    0.0,
                    0.0,
                    1.0,
                    -0.25
                ],
                [
                    0.0,
                    0.0,
                    0.0,
                    1.0
                ]
            ],
            "size": [
                0.2,
                0.2,
                0.02
            ]
        },
        "collider2": {
            "type": "Box",
            "collider2origin": [
                [
                    0.1379183361414491,
                    -0.9878471751173624,
                    0.0716693181816394,
                    0.14906502517959885
                ],
                [
                    -0.8765805790213366,
                    -0.15542830683175063,
                    -0.45546517969877076,
                    0.6363324661519947
                ],
                [
                    0.46106943190651073,
                    -6.9326753052532885e-06,
                    -0.8873640622164867,
                    -0.36892883810751387
                ],
                [
                    0.0,
                    0.0,
                    0.0,
                    1.0
                ]
            ],
            "size": [
                0.15068,
                0.17726,
                0.74884
            ]
        },
        "distance": 0.0
    },
    {
        "case": 4,
        "collider1": {
            "type": "Box",
            "collider2origin": [
                [
                    0.9077781725128689,
                    0.4194505805326724,
                    0.0,
                    0.4158817547107895
                ],
                [
                    -0.4194505805326724,
                    0.9077781725128689,
                    0.0,
                    0.733173894971941
                ],
                [
                    0.0,
                    0.0,
                    1.0,
                    -0.6599999999999999
                ],
                [
                    0.0,
                    0.0,
                    0.0,
                    1.0
                ]
            ],
            "size": [
                0.6,
                1.0,
                0.8
            ]
        },
        "collider2": {
            "type": "Box",
            "collider2origin": [
                [
                    0.14380135202249258,
                    -0.9878472217154594,
                    0.0589833680417729,
                    0.31277287673335524
                ],
                [
                    -0.9139694242562633,
                    -0.1554280106642271,
                    -0.3748359975050901,
                    0.4087240373405526
                ],
                [
                    0.37944836629135476,
                    -7.071701902838632e-06,
                    -0.9252129145601095,
                    -0.9052125665840274
                ],
                [
                    0.0,
                    0.0,
                    0.0,
                    1.0
                ]
            ],
            "size": [
                0.1202,
                0.13634,
                0.67816
            ]
        },
        "distance": 0.0
    }
]