[
    {
        "case": 0,
        "collider1": {
            "type": "Box",
            "collider2origin": [
                [
                    0.907778172512869,
                    0.4194505805326725,
                    0.0,
                    -0.7418785952877999
                ],
                [
                    -0.4194505805326725,
                    0.907778172512869,
                    0.0,
                    1.2791466490804724
                ],
                [
                    0.0,
                    0.0,
                    1.0,
                    0.27
                ],
                [
                    0.0,
                    0.0,
                    0.0,
                    1.0
                ]
            ],
            "size": [
                0.52,
                1.16,
                0.6
            ]
        },
        "collider2": {
            "type": "Cylinder",
            "collider2origin": [
                [
                    -0.46651536432504426,
                    0.2716712066719984,
                    -0.8417589740026837,
                    -0.2538809575543333
                ],
                [
                    0.5326161583192556,
                    -0.6735056765271489,
                    -0.5125525647023379,
                    1.3812971318999734
                ],
                [
                    -0.7061752209939881,
                    -0.6874480774219147,
                    0.16950427163645218,
                    0.5311723994975655
                ],
                [
                    0.0,
                    0.0,
                    0.0,
                    1.0
                ]
            ],
            "radius": 0.0076,
            "height": 0.02993
        },
        "distance": 0.12557709397439823
    },
    {
        "case": 1,
        "collider1": {
            "type": "Box",
            "collider2origin": [
                [
                    0.907778172512869,
                    0.4194505805326725,
                    0.0,
                    -0.7418785952877999
                ],
                [
                    -0.4194505805326725,
                    0.907778172512869,
                    0.0,
                    1.2791466490804724
                ],
                [
                    0.0,
                    0.0,
                    1.0,
                    0.27
                ],
                [
                    0.0,
                    0.0,
                    0.0,
                    1.0
                ]
            ],
            "size": [
                0.52,
                1.16,
                0.6
            ]
        },
        "collider2": {
            "type": "Cylinder",
            "collider2origin": [
                [
                    0.09756756414892132,
                    0.820069728117497,
                    -0.5638849274908314,
                    -0.24774783833208974
                ],
                [
                    -0.2256093644507936,
                    -0.5336130461705225,
                    -0.8150813036922908,
                    1.3453444191902086
                ],
                [
                    -0.9693198569606187,
                    0.20674321749917232,
                    0.1329520850529798,
                    0.45051861596782095
                ],
                [
                    0.0,
                    0.0,
                    0.0,
                    1.0
                ]
            ],
            "radius": 0.01271,
            "height": 0.05982
        },
        "distance": 0.1431848364124001
    },
    {
        "case": 2,
        "collider1": {
            "type": "Box",
            "collider2origin": [
                [
                    0.907778172512869,
                    0.4194505805326725,
                    0.0,
                    -1.612083837096907
                ],
                [
                    -0.4194505805326725,
                    0.907778172512869,
                    0.0,
                    -0.24654756573714753
                ],
                [
                    0.0,
                    0.0,
                    1.0,
                    -0.040000000000000036
                ],
                [
                    0.0,
                    0.0,
                    0.0,
                    1.0
                ]
            ],
            "size": [
                2.0,
                2.0,
                2.0
            ]
        },
        "collider2": {
            "type": "Box",
            "collider2origin": [
                [
                    0.9137965767564609,
                    -0.0869581157719699,
                    0.3967544611085832,
                    -0.2614809716609509
                ],
                [
                    0.2630831487626451,
                    0.8709349592849019,
                    -0.41504162867420663,
                    1.1518553383489456
                ],
                [
                    -0.30945609243526867,
                    0.48364303240798867,
                    0.8187345992798273,
                    0.3942255293248085
                ],
                [
                    0.0,
                    0.0,
                    0.0,
                    1.0
                ]
            ],
            "size": [
                0.09126,
                0.11887,
                0.10009
            ]
        },
        "distance": 0.7522145582796306
    },
    {
        "case": 3,
        "collider1": {
            "type": "Box",
            "collider2origin": [
                [
                    0.907778172512869,
                    0.4194505805326725,
                    0.0,
                    -0.7418785952877999
                ],
                [
                    -0.4194505805326725,
                    0.907778172512869,
                    0.0,
                    1.2791466490804724
                ],
                [
                    0.0,
                    0.0,
                    1.0,
                    0.27
                ],
                [
                    0.0,
                    0.0,
                    0.0,
                    1.0
                ]
            ],
            "size": [
                0.52,
                1.16,
                0.6
            ]
        },
        "collider2": {
            "type": "Box",
            "collider2origin": [
                [
                    0.9137965767564609,
                    -0.0869581157719699,
                    0.3967544611085832,
                    -0.2614809716609509
                ],
                [
                    0.2630831487626451,
                    0.8709349592849019,
                    -0.41504162867420663,
                    1.1518553383489456
                ],
                [
                    -0.30945609243526867,
                    0.48364303240798867,
                    0.8187345992798273,
                    0.3942255293248085
                ],
                [
                    0.0,
                    0.0,
                    0.0,
                    1.0
                ]
            ],
            "size": [
                0.09126,
                0.11887,
                0.10009
            ]
        },
        "distance": 0.14353003757387678
    },
    {
        "case": 4,
        "collider1": {
            "type": "Box",
            "collider2origin": [
                [
                    0.907778172512869,
                    0.4194505805326725,
                    0.0,
                    -0.7418785952877999
                ],
                [
                    -0.4194505805326725,
                    0.907778172512869,
                    0.0,
                    1.2791466490804724
                ],
                [
                    0.0,
                    0.0,
                    1.0,
                    0.27
                ],
                [
                    0.0,
                    0.0,
                    0.0,
                    1.0
                ]
            ],
            "size": [
                0.52,
                1.16,
                0.6
            ]
        },
        "collider2": {
            "type": "Box",
            "collider2origin": [
                [
                    -0.9021586784567999,
                    -0.08696112524086015,
                    -0.4225487919541645,
                    -0.26693452156374503
                ],
                [
                    -0.2747655596088004,
                    0.8709379802643864,
                    0.4073952893515754,
                    1.2157141295592955
                ],
                [
                    0.3325862386478778,
                    0.48363705113425154,
                    -0.8096181795341691,
                    0.43266072032945013
                ],
                [
                    0.0,
                    0.0,
                    0.0,
                    1.0
                ]
            ],
            "size": [
                0.08993,
                0.0305,
                0.09007
            ]
        },
        "distance": 0.13436323058740465
    },
    {
        "case": 5,
        "collider1": {
            "type": "Box",
            "collider2origin": [
                [
                    0.907778172512869,
                    0.4194505805326725,
                    0.0,
                    -0.7418785952877999
                ],
                [
                    -0.4194505805326725,
                    0.907778172512869,
                    0.0,
                    1.2791466490804724
                ],
                [
                    0.0,
                    0.0,
                    1.0,
                    0.27
                ],
                [
                    0.0,
                    0.0,
                    0.0,
                    1.0
                ]
            ],
            "size": [
                0.52,
                1.16,
                0.6
            ]
        },
        "collider2": {
            "type": "Cylinder",
            "collider2origin": [
                [
                    -0.4712625668484753,
                    0.6675377571147005,
                    -0.5764589629051322,
                    -0.2801640340772022
                ],
                [
                    0.5349372945631892,
                    -0.3033238932246642,
                    -0.7885662348112856,
                    1.3571550712606264
                ],
                [
                    -0.7012515126349471,
                    -0.679991145990377,
                    -0.21414564530218919,
                    0.5304191421848725
                ],
                [
                    0.0,
                    0.0,
                    0.0,
                    1.0
                ]
            ],
            "radius": 0.00783,
            "height": 0.03683
        },
        "distance": 0.11518473465810163
    },
    {
        "case": 6,
        "collider1": {
            "type": "Box",
            "collider2origin": [
                [
                    0.907778172512869,
                    0.4194505805326725,
                    0.0,
                    -0.7418785952877999
                ],
                [
                    -0.4194505805326725,
                    0.907778172512869,
                    0.0,
                    1.2791466490804724
                ],
                [
                    0.0,
                    0.0,
                    1.0,
                    0.27
                ],
                [
                    0.0,
                    0.0,
                    0.0,
                    1.0
                ]
            ],
            "size": [
                0.52,
                1.16,
                0.6
            ]
        },
        "collider2": {
            "type": "Cylinder",
            "collider2origin": [
                [
                    -0.42254801350743254,
                    0.3643896207031272,
                    -0.8298634710630135,
                    -0.2631429147018454
                ],
                [
                    0.4073933431062857,
                    -0.7415474276265386,
                    -0.5330460360730085,
                    1.393337562538238
                ],
                [
                    -0.8096195651499571,
                    -0.5633183974488083,
                    0.16488948669366207,
                    0.51397167725036
                ],
                [
                    0.0,
                    0.0,
                    0.0,
                    1.0
                ]
            ],
            "radius": 0.00813,
            "height": 0.03824
        },
        "distance": 0.10966410910032875
    },
    {
        "case": 7,
        "collider1": {
            "type": "Box",
            "collider2origin": [
                [
                    0.907778172512869,
                    0.4194505805326725,
                    0.0,
                    -0.7418785952877999
                ],
                [
                    -0.4194505805326725,
                    0.907778172512869,
                    0.0,
                    1.2791466490804724
                ],
                [
                    0.0,
                    0.0,
                    1.0,
                    0.27
                ],
                [
                    0.0,
                    0.0,
                    0.0,
                    1.0
                ]
            ],
            "size": [
                0.52,
                1.16,
                0.6
            ]
        },
        "collider2": {
            "type": "Box",
            "collider2origin": [
                [
                    -0.5657485946574867,
                    -0.7228515928138476,
                    0.39675446110858326,
                    -0.301733527095382
                ],
                [
                    0.5918233450121934,
                    -0.691003310242462,
                    -0.41504162867420674,
                    1.1979778763082123
                ],
                [
                    0.5741721483506989,
                    -6.65824994989992e-07,
                    0.8187345992798274,
                    0.3035528849387674
                ],
                [
                    0.0,
                    0.0,
                    0.0,
                    1.0
                ]
            ],
            "size": [
                0.09102,
                0.10007,
                0.11882
            ]
        },
        "distance": 0.08885994030656132
    },
    {
        "case": 8,
        "collider1": {
            "type": "Box",
            "collider2origin": [
                [
                    0.907778172512869,
                    0.4194505805326725,
                    0.0,
                    -0.7418785952877999
                ],
                [
                    -0.4194505805326725,
                    0.907778172512869,
                    0.0,
                    1.2791466490804724
                ],
                [
                    0.0,
                    0.0,
                    1.0,
                    0.27
                ],
                [
                    0.0,
                    0.0,
                    0.0,
                    1.0
                ]
            ],
            "size": [
                0.52,
                1.16,
                0.6
            ]
        },
        "collider2": {
            "type": "Cylinder",
            "collider2origin": [
                [
                    -0.29852040765875143,
                    -0.08512053580588191,
                    -0.9505998425180661,
                    -0.25111937588173455
                ],
                [
                    0.3694093237030765,
                    -0.9286860149448284,
                    -0.0328487017571325,
                    1.3747439100967749
                ],
                [
                    -0.8800126804611894,
                    -0.3609664527764499,
                    0.30867604733360604,
                    0.4796132475973165
                ],
                [
                    0.0,
                    0.0,
                    0.0,
                    1.0
                ]
            ],
            "radius": 0.00796,
            "height": 0.03037
        },
        "distance": 0.1283037371331443
    },
    {
        "case": 9,
        "collider1": {
            "type": "Box",
            "collider2origin": [
                [
                    0.907778172512869,
                    0.4194505805326725,
                    0.0,
                    -0.7418785952877999
                ],
                [
                    -0.4194505805326725,
                    0.907778172512869,
                    0.0,
                    1.2791466490804724
                ],
                [
                    0.0,
                    0.0,
                    1.0,
                    0.27
                ],
                [
                    0.0,
                    0.0,
                    0.0,
                    1.0
                ]
            ],
            "size": [
                0.52,
                1.16,
                0.6
            ]
        },
        "collider2": {
            "type": "Cylinder",
            "collider2origin": [
                [
                    -0.4982893777742437,
                    0.6023993588498072,
                    -0.6235564998095182,
                    -0.2632201044077616
                ],
                [
                    0.6566507843207732,
                    -0.20741513903751674,
                    -0.7251128929683713,
                    1.3645466758169078
                ],
                [
                    -0.5661425999236144,
                    -0.7707749169215277,
                    -0.2922132508910945,
                    0.5591006283542654
                ],
                [
                    0.0,
                    0.0,
                    0.0,
                    1.0
                ]
            ],
            "radius": 0.0076,
            "height": 0.02993
        },
        "distance": 0.12744055845803767
    },
    {
        "case": 10,
        "collider1": {
            "type": "Box",
            "collider2origin": [
                [
                    0.907778172512869,
                    0.4194505805326725,
                    0.0,
                    -0.7418785952877999
                ],
                [
                    -0.4194505805326725,
                    0.907778172512869,
                    0.0,
                    1.2791466490804724
                ],
                [
                    0.0,
                    0.0,
                    1.0,
                    0.27
                ],
                [
                    0.0,
                    0.0,
                    0.0,
                    1.0
                ]
            ],
            "size": [
                0.52,
                1.16,
                0.6
            ]
        },
        "collider2": {
            "type": "Cylinder",
            "collider2origin": [
                [
                    -0.42254801350743254,
                    0.7279627136956379,
                    -0.5399291284509522,
                    -0.2845094987460975
                ],
                [
                    0.4073933431062857,
                    -0.37959962825132637,
                    -0.830623131284061,
                    1.3727571385283195
                ],
                [
                    -0.8096195651499571,
                    -0.5709416867774999,
                    -0.13616809474343197,
                    0.5147672486499759
                ],
                [
                    0.0,
                    0.0,
                    0.0,
                    1.0
                ]
            ],
            "radius": 0.00683,
            "height": 0.01183
        },
        "distance": 0.10832531938983524
    },
    {
        "case": 11,
        "collider1": {
            "type": "Box",
            "collider2origin": [
                [
                    0.907778172512869,
                    0.4194505805326725,
                    0.0,
                    -0.7418785952877999
                ],
                [
                    -0.4194505805326725,
                    0.907778172512869,
                    0.0,
                    1.2791466490804724
                ],
                [
                    0.0,
                    0.0,
                    1.0,
                    0.27
                ],
                [
                    0.0,
                    0.0,
                    0.0,
                    1.0
                ]
            ],
            "size": [
                0.52,
                1.16,
                0.6
            ]
        },
        "collider2": {
            "type": "Box",
            "collider2origin": [
                [
                    -0.2611921214971839,
                    -0.29501460865820195,
                    0.9191001340148133,
                    -0.2794770078725342
                ],
                [
                    0.5346149993681528,
                    0.7485725423638344,
                    0.39220651609775037,
                    1.2870865407366003
                ],
                [
                    -0.8037197758661844,
                    0.5938059695701895,
                    -0.03780201561315006,
                    0.4747134668265649
                ],
                [
                    0.0,
                    0.0,
                    0.0,
                    1.0
                ]
            ],
            "size": [
                0.06241,
                0.05638,
                0.02858
            ]
        },
        "distance": 0.11605858101691624
    },
    {
        "case": 12,
        "collider1": {
            "type": "Box",
            "collider2origin": [
                [
                    0.907778172512869,
                    0.4194505805326725,
                    0.0,
                    -0.7418785952877999
                ],
                [
                    -0.4194505805326725,
                    0.907778172512869,
                    0.0,
                    1.2791466490804724
                ],
                [
                    0.0,
                    0.0,
                    1.0,
                    0.27
                ],
                [
                    0.0,
                    0.0,
                    0.0,
                    1.0
                ]
            ],
            "size": [
                0.52,
                1.16,
                0.6
            ]
        },
        "collider2": {
            "type": "Cylinder",
            "collider2origin": [
                [
                    -0.29852040765875143,
                    0.39749338481711677,
                    -0.8676892158128301,
                    -0.2767846566519911
                ],
                [
                    0.3694093237030765,
                    -0.7901579195053536,
                    -0.48906769859008903,
                    1.368897580882527
                ],
                [
                    -0.8800126804611894,
                    -0.4665291751537112,
                    0.08904050178379133,
                    0.485861399140175
                ],
                [
                    0.0,
                    0.0,
                    0.0,
                    1.0
                ]
            ],
            "radius": 0.00713,
            "height": 0.01426
        },
        "distance": 0.11460727750948152
    },
    {
        "case": 13,
        "collider1": {
            "type": "Box",
            "collider2origin": [
                [
                    0.907778172512869,
                    0.4194505805326725,
                    0.0,
                    -1.612083837096907
                ],
                [
                    -0.4194505805326725,
                    0.907778172512869,
                    0.0,
                    -0.24654756573714753
                ],
                [
                    0.0,
                    0.0,
                    1.0,
                    -0.040000000000000036
                ],
                [
                    0.0,
                    0.0,
                    0.0,
                    1.0
                ]
            ],
            "size": [
                2.0,
                2.0,
                2.0
            ]
        },
        "collider2": {
            "type": "Box",
            "collider2origin": [
                [
                    0.22391442195258138,
                    -0.7228554514008989,
                    -0.6537142556359347,
                    -0.031277617935052016
                ],
                [
                    -0.23423057830211613,
                    -0.6909992737741115,
                    0.6838538146650252,
                    1.0767911862932724
                ],
                [
                    -0.946043533792128,
                    -4.863468844494124e-06,
                    -0.3240395533672533,
                    0.3962052306558803
                ],
                [
                    0.0,
                    0.0,
                    0.0,
                    1.0
                ]
            ],
            "size": [
                0.1202,
                0.13634,
                0.67816
            ]
        },
        "distance": 0.6977077119129219
    },
    {
        "case": 14,
        "collider1": {
            "type": "Box",
            "collider2origin": [
                [
                    0.907778172512869,
                    0.4194505805326725,
                    0.0,
                    -0.7418785952877999
                ],
                [
                    -0.4194505805326725,
                    0.907778172512869,
                    0.0,
                    1.2791466490804724
                ],
                [
                    0.0,
                    0.0,
                    1.0,
                    0.27
                ],
                [
                    0.0,
                    0.0,
                    0.0,
                    1.0
                ]
            ],
            "size": [
                0.52,
                1.16,
                0.6
            ]
        },
        "collider2": {
            "type": "Box",
            "collider2origin": [
                [
                    0.22391442195258138,
                    -0.7228554514008989,
                    -0.6537142556359347,
                    -0.031277617935052016
                ],
                [
                    -0.23423057830211613,
                    -0.6909992737741115,
                    0.6838538146650252,
                    1.0767911862932724
                ],
                [
                    -0.946043533792128,
                    -4.863468844494124e-06,
                    -0.3240395533672533,
                    0.3962052306558803
                ],
                [
                    0.0,
                    0.0,
                    0.0,
                    1.0
                ]
            ],
            "size": [
                0.1202,
                0.13634,
                0.67816
            ]
        },
        "distance": 0.12836892381713644
    },
    {
        "case": 15,
        "collider1": {
            "type": "Box",
            "collider2origin": [
                [
                    0.907778172512869,
                    0.4194505805326725,
                    0.0,
                    -0.7418785952877999
                ],
                [
                    -0.4194505805326725,
                    0.907778172512869,
                    0.0,
                    1.2791466490804724
                ],
                [
                    0.0,
                    0.0,
                    1.0,
                    0.27
                ],
                [
                    0.0,
                    0.0,
                    0.0,
                    1.0
                ]
            ],
            "size": [
                0.52,
                1.16,
                0.6
            ]
        },
        "collider2": {
            "type": "Cylinder",
            "collider2origin": [
                [
                    -0.504337378188857,
                    0.7935301069554492,
                    -0.34051986479038576,
                    -0.2762422173999742
                ],
                [
                    0.6551789996217386,
                    0.09477900208970598,
                    -0.7495047826515431,
                    1.3448048233406649
                ],
                [
                    -0.5624804773645452,
                    -0.6011047413871832,
                    -0.5677048550660811,
                    0.5481846751652715
                ],
                [
                    0.0,
                    0.0,
                    0.0,
                    1.0
                ]
            ],
            "radius": 0.00783,
            "height": 0.03044
        },
        "distance": 0.12724417558494883
    },
    {
        "case": 16,
        "collider1": {
            "type": "Box",
            "collider2origin": [
                [
                    0.907778172512869,
                    0.4194505805326725,
                    0.0,
                    -0.7418785952877999
                ],
                [
                    -0.4194505805326725,
                    0.907778172512869,
                    0.0,
                    1.2791466490804724
                ],
                [
                    0.0,
                    0.0,
                    1.0,
                    0.27
                ],
                [
                    0.0,
                    0.0,
                    0.0,
                    1.0
                ]
            ],
            "size": [
                0.52,
                1.16,
                0.6
            ]
        },
        "collider2": {
            "type": "Box",
            "collider2origin": [
                [
                    -0.44798113729052613,
                    -0.2950196256259817,
                    0.8439646444771204,
                    -0.2972832338650661
                ],
                [
                    0.4405613005777838,
                    0.7485717274673136,
                    0.49552609342981485,
                    1.3250700622948355
                ],
                [
                    -0.7779579944091443,
                    0.5938045043043269,
                    -0.20537178385258745,
                    0.5042191629874411
                ],
                [
                    0.0,
                    0.0,
                    0.0,
                    1.0
                ]
            ],
            "size": [
                0.07264,
                0.04753,
                0.03326
            ]
        },
        "distance": 0.07973872334244243
    },
    {
        "case": 17,
        "collider1": {
            "type": "Box",
            "collider2origin": [
                [
                    0.907778172512869,
                    0.4194505805326725,
                    0.0,
                    -0.7418785952877999
                ],
                [
                    -0.4194505805326725,
                    0.907778172512869,
                    0.0,
                    1.2791466490804724
                ],
                [
                    0.0,
                    0.0,
                    1.0,
                    0.27
                ],
                [
                    0.0,
                    0.0,
                    0.0,
                    1.0
                ]
            ],
            "size": [
                0.52,
                1.16,
                0.6
            ]
        },
        "collider2": {
            "type": "Cylinder",
            "collider2origin": [
                [
                    -0.42254801350743254,
                    0.7279627136956379,
                    -0.5399291284509522,
                    -0.29331736812605363
                ],
                [
                    0.4073933431062857,
                    -0.37959962825132637,
                    -0.830623131284061,
                    1.3591993883328655
                ],
                [
                    -0.8096195651499571,
                    -0.5709416867774999,
                    -0.13616809474343197,
                    0.5125420190835501
                ],
                [
                    0.0,
                    0.0,
                    0.0,
                    1.0
                ]
            ],
            "radius": 0.00683,
            "height": 0.01782
        },
        "distance": 0.10559205109450906
    },
    {
        "case": 18,
        "collider1": {
            "type": "Box",
            "collider2origin": [
                [
                    0.907778172512869,
                    0.4194505805326725,
                    0.0,
                    -0.7418785952877999
                ],
                [
                    -0.4194505805326725,
                    0.907778172512869,
                    0.0,
                    1.2791466490804724
                ],
                [
                    0.0,
                    0.0,
                    1.0,
                    0.27
                ],
                [
                    0.0,
                    0.0,
                    0.0,
                    1.0
                ]
            ],
            "size": [
                0.52,
                1.16,
                0.6
            ]
        },
        "collider2": {
            "type": "Cylinder",
            "collider2origin": [
                [
                    -0.32571265191919124,
                    0.38222468214550265,
                    -0.8647632975205046,
                    -0.2902687073400276
                ],
                [
                    0.37905161086007727,
                    -0.7851251194800438,
                    -0.48979426606058485,
                    1.3613878003039166
                ],
                [
                    -0.8661588449494395,
                    -0.4873221102312267,
                    0.11084230327648319,
                    0.48712857404556154
                ],
                [
                    0.0,
                    0.0,
                    0.0,
                    1.0
                ]
            ],
            "radius": 0.00713,
            "height": 0.01697
        },
        "distance": 0.1047374558039938
    }
]