[
    {
        "case": 0,
        "collider1": {
            "type": "Box",
            "collider2origin": [
                [
                    0.9077781725128689,
                    0.4194505805326724,
                    0.0,
                    0.4158817547107895
                ],
                [
                    -0.4194505805326724,
                    0.9077781725128689,
                    0.0,
                    0.733173894971941
                ],
                [
                    0.0,
                    0.0,
                    1.0,
                    -0.6599999999999999
                ],
                [
                    0.0,
                    0.0,
                    0.0,
                    1.0
                ]
            ],
            "size": [
                0.6,
                1.0,
                0.8
            ]
        },
        "collider2": {
            "type": "Box",
            "collider2origin": [
                [
                    -0.3917070312435979,
                    0.18525665143253653,
                    0.9012466780933678,
                    0.6027200277130123
                ],
                [
                    0.0738397752060548,
                    0.9826901714546713,
                    -0.16990501618230153,
                    0.9205462238497382
                ],
                [
                    -0.9171222869780487,
                    -5.137366546902209e-06,
                    -0.3986059591899764,
                    -0.22217976915361826
                ],
                [
                    0.0,
                    0.0,
                    0.0,
                    1.0
                ]
            ],
            "size": [
                0.15068,
                0.17726,
                0.74884
            ]
        },
        "distance": 0.0
    },
    {
        "case": 1,
        "collider1": {
            "type": "Box",
            "collider2origin": [
                [
                    0.9077781725128689,
                    0.4194505805326724,
                    0.0,
                    0.27063700059322826
                ],
                [
                    -0.4194505805326724,
                    0.9077781725128689,
                    0.0,
                    0.8002854543438492
                ],
                [
                    0.0,
                    0.0,
                    1.0,
                    -0.25
                ],
                [
                    0.0,
                    0.0,
                    0.0,
                    1.0
                ]
            ],
            "size": [
                0.2,
                0.2,
                0.02
            ]
        },
        "collider2": {
            "type": "Box",
            "collider2origin": [
                [
                    -0.3917070312435979,
                    0.18525665143253653,
                    0.9012466780933678,
                    0.6027200277130123
                ],
                [
                    0.0738397752060548,
                    0.9826901714546713,
                    -0.16990501618230153,
                    0.9205462238497382
                ],
                [
                    -0.9171222869780487,
                    -5.137366546902209e-06,
                    -0.3986059591899764,
                    -0.22217976915361826
                ],
                [
                    0.0,
                    0.0,
                    0.0,
                    1.0
                ]
            ],
            "size": [
                0.15068,
                0.17726,
                0.74884
            ]
        },
        "distance": 0.023087406401432153
    },
    {
        "case": 2,
        "collider1": {
            "type": "Box",
            "collider2origin": [
                [
                    0.907778172512869,
                    0.4194505805326725,
                    0.0,
                    0.9947946797881562
                ],
                [
                    -0.4194505805326725,
                    0.907778172512869,
                    0.0,
                    0.5317739604993647
                ],
                [
                    0.0,
                    0.0,
                    1.0,
                    -0.69
                ],
                [
                    0.0,
                    0.0,
                    0.0,
                    1.0
                ]
            ],
            "size": [
                0.6,
                1.2,
                0.75
            ]
        },
        "collider2": {
            "type": "Box",
            "collider2origin": [
                [
                    -0.3917070312435979,
                    0.18525665143253653,
                    0.9012466780933678,
                    0.6027200277130123
                ],
                [
                    0.0738397752060548,
                    0.9826901714546713,
                    -0.16990501618230153,
                    0.9205462238497382
                ],
                [
                    -0.9171222869780487,
                    -5.137366546902209e-06,
                    -0.3986059591899764,
                    -0.22217976915361826
                ],
                [
                    0.0,
                    0.0,
                    0.0,
                    1.0
                ]
            ],
            "size": [
                0.15068,
                0.17726,
                0.74884
            ]
        },
        "distance": 0.0
    },
    {
        "case": 3,
        "collider1": {
            "type": "Box",
            "collider2origin": [
                [
                    0.9077781725128689,
                    0.4194505805326724,
                    0.0,
                    0.4158817547107895
                ],
                [
                    -0.4194505805326724,
                    0.9077781725128689,
                    0.0,
                    0.733173894971941
                ],
                [
                    0.0,
                    0.0,
                    1.0,
                    -0.6599999999999999
                ],
                [
                    0.0,
                    0.0,
                    0.0,
                    1.0
                ]
            ],
            "size": [
                0.6,
                1.0,
                0.8
            ]
        },
        "collider2": {
            "type": "Box",
            "collider2origin": [
                [
                    -0.3917070312435979,
                    0.18525665143253653,
                    0.9012466780933678,
                    0.6027200277130123
                ],
                [
                    0.0738397752060548,
                    0.9826901714546713,
                    -0.16990501618230153,
                    0.9205462238497382
                ],
                [
                    -0.9171222869780487,
                    -5.137366546902209e-06,
                    -0.3986059591899764,
                    -0.22217976915361826
                ],
                [
                    0.0,
                    0.0,
                    0.0,
                    1.0
                ]
            ],
            "size": [
                0.15068,
                0.17726,
                0.74884
            ]
        },
        "distance": 0.0
    },
    {
        "case": 4,
        "collider1": {
            "type": "Box",
            "collider2origin": [
                [
                    0.9077781725128689,
                    0.4194505805326724,
                    0.0,
                    0.27063700059322826
                ],
                [
                    -0.4194505805326724,
                    0.9077781725128689,
                    0.0,
                    0.8002854543438492
                ],
                [
                    0.0,
                    0.0,
                    1.0,
                    -0.25
                ],
                [
                    0.0,
                    0.0,
                    0.0,
                    1.0
                ]
            ],
            "size": [
                0.2,
                0.2,
                0.02
            ]
        },
        "collider2": {
            "type": "Box",
            "collider2origin": [
                [
                    -0.3917070312435979,
                    0.18525665143253653,
                    0.9012466780933678,
                    0.6027200277130123
                ],
                [
                    0.0738397752060548,
                    0.9826901714546713,
                    -0.16990501618230153,
                    0.9205462238497382
                ],
                [
                    -0.9171222869780487,
                    -5.137366546902209e-06,
                    -0.3986059591899764,
                    -0.22217976915361826
                ],
                [
                    0.0,
                    0.0,
                    0.0,
                    1.0
                ]
            ],
            "size": [
                0.15068,
                0.17726,
                0.74884
            ]
        },
        "distance": 0.023087406401432153
    },
    {
        "case": 5,
        "collider1": {
            "type": "Box",
            "collider2origin": [
                [
                    0.907778172512869,
                    0.4194505805326725,
                    0.0,
                    0.9947946797881562
                ],
                [
                    -0.4194505805326725,
                    0.907778172512869,
                    0.0,
                    0.5317739604993647
                ],
                [
                    0.0,
                    0.0,
                    1.0,
                    -0.69
                ],
                [
                    0.0,
                    0.0,
                    0.0,
                    1.0
                ]
            ],
            "size": [
                0.6,
                1.2,
                0.75
            ]
        },
        "collider2": {
            "type": "Box",
            "collider2origin": [
                [
                    -0.3917070312435979,
                    0.18525665143253653,
                    0.9012466780933678,
                    0.6027200277130123
                ],
                [
                    0.0738397752060548,
                    0.9826901714546713,
                    -0.16990501618230153,
                    0.9205462238497382
                ],
                [
                    -0.9171222869780487,
                    -5.137366546902209e-06,
                    -0.3986059591899764,
                    -0.22217976915361826
                ],
                [
                    0.0,
                    0.0,
                    0.0,
                    1.0
                ]
            ],
            "size": [
                0.15068,
                0.17726,
                0.74884
            ]
        },
        "distance": 0.0
    },
    {
        "case": 6,
        "collider1": {
            "type": "Box",
            "collider2origin": [
                [
                    0.9077781725128689,
                    0.4194505805326724,
                    0.0,
                    0.4158817547107895
                ],
                [
                    -0.4194505805326724,
                    0.9077781725128689,
                    0.0,
                    0.733173894971941
                ],
                [
                    0.0,
                    0.0,
                    1.0,
                    -0.6599999999999999
                ],
                [
                    0.0,
                    0.0,
                    0.0,
                    1.0
                ]
            ],
            "size": [
                0.6,
                1.0,
                0.8
            ]
        },
        "collider2": {
            "type": "Box",
            "collider2origin": [
                [
                    0.5709802881220627,
                    0.18525627875578615,
                    0.7997884856370493,
                    1.0847052178604941
                ],
                [
                    -0.10764219631998966,
                    0.9826902417238049,
                    -0.1507748201531631,
                    0.7011188858550007
                ],
                [
                    -0.8138763223902357,
                    -1.5389328052383958e-06,
                    0.5810381500815385,
                    -0.1836756656193852
                ],
                [
                    0.0,
                    0.0,
                    0.0,
                    1.0
                ]
            ],
            "size": [
                0.1202,
                0.13634,
                0.67816
            ]
        },
        "distance": 0.0024625829693007925
    },
    {
        "case": 7,
        "collider1": {
            "type": "Box",
            "collider2origin": [
                [
                    0.907778172512869,
                    0.4194505805326725,
                    0.0,
                    0.9947946797881562
                ],
                [
                    -0.4194505805326725,
                    0.907778172512869,
                    0.0,
                    0.5317739604993647
                ],
                [
                    0.0,
                    0.0,
                    1.0,
                    -0.69
                ],
                [
                    0.0,
                    0.0,
                    0.0,
                    1.0
                ]
            ],
            "size": [
                0.6,
                1.2,
                0.75
            ]
        },
        "collider2": {
            "type": "Box",
            "collider2origin": [
                [
                    0.5709802881220627,
                    0.18525627875578615,
                    0.7997884856370493,
                    1.0847052178604941
                ],
                [
                    -0.10764219631998966,
                    0.9826902417238049,
                    -0.1507748201531631,
                    0.7011188858550007
                ],
                [
                    -0.8138763223902357,
                    -1.5389328052383958e-06,
                    0.5810381500815385,
                    -0.1836756656193852
                ],
                [
                    0.0,
                    0.0,
                    0.0,
                    1.0
                ]
            ],
            "size": [
                0.1202,
                0.13634,
                0.67816
            ]
        },
        "distance": 0.0
    }
]