[
    {
        "case": 0,
        "collider1": {
            "type": "Box",
            "collider2origin": [
                [
                    0.9077781725128689,
                    0.4194505805326724,
                    0.0,
                    0.4158817547107895
                ],
                [
                    -0.4194505805326724,
                    0.9077781725128689,
                    0.0,
                    0.733173894971941
                ],
                [
                    0.0,
                    0.0,
                    1.0,
                    -0.6599999999999999
                ],
                [
                    0.0,
                    0.0,
                    0.0,
                    1.0
                ]
            ],
            "size": [
                0.6,
                1.0,
                0.8
            ]
        },
        "collider2": {
            "type": "Box",
            "collider2origin": [
                [
                    0.20815811920273486,
                    0.9595122627450134,
                    0.18975356400322,
                    0.524373996133577
                ],
                [
                    0.7090857888536013,
                    -0.2816668557021592,
                    0.6464217867961481,
                    0.9446741585646581
                ],
                [
                    0.6736969210675123,
                    -6.3877321519023045e-06,
                    -0.7390077526679614,
                    -0.3244474243427816
                ],
                [
                    0.0,
                    0.0,
                    0.0,
                    1.0
                ]
            ],
            "size": [
                0.15068,
                0.17726,
                0.74884
            ]
        },
        "distance": 0.0
    },
    {
        "case": 1,
        "collider1": {
            "type": "Box",
            "collider2origin": [
                [
                    0.9077781725128689,
                    0.4194505805326724,
                    0.0,
                    0.27063700059322826
                ],
                [
                    -0.4194505805326724,
                    0.9077781725128689,
                    0.0,
                    0.8002854543438492
                ],
                [
                    0.0,
                    0.0,
                    1.0,
                    -0.25
                ],
                [
                    0.0,
                    0.0,
                    0.0,
                    1.0
                ]
            ],
            "size": [
                0.2,
                0.2,
                0.02
            ]
        },
        "collider2": {
            "type": "Box",
            "collider2origin": [
                [
                    0.20815811920273486,
                    0.9595122627450134,
                    0.18975356400322,
                    0.524373996133577
                ],
                [
                    0.7090857888536013,
                    -0.2816668557021592,
                    0.6464217867961481,
                    0.9446741585646581
                ],
                [
                    0.6736969210675123,
                    -6.3877321519023045e-06,
                    -0.7390077526679614,
                    -0.3244474243427816
                ],
                [
                    0.0,
                    0.0,
                    0.0,
                    1.0
                ]
            ],
            "size": [
                0.15068,
                0.17726,
                0.74884
            ]
        },
        "distance": 0.0005700014262116506
    },
    {
        "case": 2,
        "collider1": {
            "type": "Box",
            "collider2origin": [
                [
                    0.907778172512869,
                    0.4194505805326725,
                    0.0,
                    0.9947946797881562
                ],
                [
                    -0.4194505805326725,
                    0.907778172512869,
                    0.0,
                    0.5317739604993647
                ],
                [
                    0.0,
                    0.0,
                    1.0,
                    -0.69
                ],
                [
                    0.0,
                    0.0,
                    0.0,
                    1.0
                ]
            ],
            "size": [
                0.6,
                1.2,
                0.75
            ]
        },
        "collider2": {
            "type": "Box",
            "collider2origin": [
                [
                    0.20815811920273486,
                    0.9595122627450134,
                    0.18975356400322,
                    0.524373996133577
                ],
                [
                    0.7090857888536013,
                    -0.2816668557021592,
                    0.6464217867961481,
                    0.9446741585646581
                ],
                [
                    0.6736969210675123,
                    -6.3877321519023045e-06,
                    -0.7390077526679614,
                    -0.3244474243427816
                ],
                [
                    0.0,
                    0.0,
                    0.0,
                    1.0
                ]
            ],
            "size": [
                0.15068,
                0.17726,
                0.74884
            ]
        },
        "distance": 0.19459650739581047
    },
    {
        "case": 3,
        "collider1": {
            "type": "Box",
            "collider2origin": [
                [
                    0.9077781725128689,
                    0.4194505805326724,
                    0.0,
                    0.4158817547107895
                ],
                [
                    -0.4194505805326724,
                    0.9077781725128689,
                    0.0,
                    0.733173894971941
                ],
                [
                    0.0,
                    0.0,
                    1.0,
                    -0.6599999999999999
                ],
                [
                    0.0,
                    0.0,
                    0.0,
                    1.0
                ]
            ],
            "size": [
                0.6,
                1.0,
                0.8
            ]
        },
        "collider2": {
            "type": "Box",
            "collider2origin": [
                [
                    0.20815811920273486,
                    0.9595122627450134,
                    0.18975356400322,
                    0.524373996133577
                ],
                [
                    0.7090857888536013,
                    -0.2816668557021592,
                    0.6464217867961481,
                    0.9446741585646581
                ],
                [
                    0.6736969210675123,
                    -6.3877321519023045e-06,
                    -0.7390077526679614,
                    -0.3244474243427816
                ],
                [
                    0.0,
                    0.0,
                    0.0,
                    1.0
                ]
            ],
            "size": [
                0.15068,
                0.17726,
                0.74884
            ]
        },
        "distance": 0.0
    },
    {
        "case": 4,
        "collider1": {
            "type": "Box",
            "collider2origin": [
                [
                    0.9077781725128689,
                    0.4194505805326724,
                    0.0,
                    0.27063700059322826
                ],
                [
                    -0.4194505805326724,
                    0.9077781725128689,
                    0.0,
                    0.8002854543438492
                ],
                [
                    0.0,
                    0.0,
                    1.0,
                    -0.25
                ],
                [
                    0.0,
                    0.0,
                    0.0,
                    1.0
                ]
            ],
            "size": [
                0.2,
                0.2,
                0.02
            ]
        },
        "collider2": {
            "type": "Box",
            "collider2origin": [
                [
                    0.20815811920273486,
                    0.9595122627450134,
                    0.18975356400322,
                    0.524373996133577
                ],
                [
                    0.7090857888536013,
                    -0.2816668557021592,
                    0.6464217867961481,
                    0.9446741585646581
                ],
                [
                    0.6736969210675123,
                    -6.3877321519023045e-06,
                    -0.7390077526679614,
                    -0.3244474243427816
                ],
                [
                    0.0,
                    0.0,
                    0.0,
                    1.0
                ]
            ],
            "size": [
                0.15068,
                0.17726,
                0.74884
            ]
        },
        "distance": 0.0005700014262116506
    },
    {
        "case": 5,
        "collider1": {
            "type": "Box",
            "collider2origin": [
                [
                    0.907778172512869,
                    0.4194505805326725,
                    0.0,
                    0.9947946797881562
                ],
                [
                    -0.4194505805326725,
                    0.907778172512869,
                    0.0,
                    0.5317739604993647
                ],
                [
                    0.0,
                    0.0,
                    1.0,
                    -0.69
                ],
                [
                    0.0,
                    0.0,
                    0.0,
                    1.0
                ]
            ],
            "size": [
                0.6,
                1.2,
                0.75
            ]
        },
        "collider2": {
            "type": "Box",
            "collider2origin": [
                [
                    0.20815811920273486,
                    0.9595122627450134,
                    0.18975356400322,
                    0.524373996133577
                ],
                [
                    0.7090857888536013,
                    -0.2816668557021592,
                    0.6464217867961481,
                    0.9446741585646581
                ],
                [
                    0.6736969210675123,
                    -6.3877321519023045e-06,
                    -0.7390077526679614,
                    -0.3244474243427816
                ],
                [
                    0.0,
                    0.0,
                    0.0,
                    1.0
                ]
            ],
            "size": [
                0.15068,
                0.17726,
                0.74884
            ]
        },
        "distance": 0.19459650739581047
    },
    {
        "case": 6,
        "collider1": {
            "type": "Box",
            "collider2origin": [
                [
                    0.9077781725128689,
                    0.4194505805326724,
                    0.0,
                    0.4158817547107895
                ],
                [
                    -0.4194505805326724,
                    0.9077781725128689,
                    0.0,
                    0.733173894971941
                ],
                [
                    0.0,
                    0.0,
                    1.0,
                    -0.6599999999999999
                ],
                [
                    0.0,
                    0.0,
                    0.0,
                    1.0
                ]
            ],
            "size": [
                0.6,
                1.0,
                0.8
            ]
        },
        "collider2": {
            "type": "Box",
            "collider2origin": [
                [
                    -0.273079633008884,
                    0.9595113121688656,
                    -0.06903300555325007,
                    0.44304392166792905
                ],
                [
                    -0.9302477443522441,
                    -0.2816700939396465,
                    -0.23516184279681243,
                    1.1161614774497826
                ],
                [
                    -0.2450849815131381,
                    -1.1202687959662849e-07,
                    0.9695015997081654,
                    -0.2831159499018231
                ],
                [
                    0.0,
                    0.0,
                    0.0,
                    1.0
                ]
            ],
            "size": [
                0.1202,
                0.13634,
                0.67816
            ]
        },
        "distance": 0.0
    },
    {
        "case": 7,
        "collider1": {
            "type": "Box",
            "collider2origin": [
                [
                    0.907778172512869,
                    0.4194505805326725,
                    0.0,
                    0.9947946797881562
                ],
                [
                    -0.4194505805326725,
                    0.907778172512869,
                    0.0,
                    0.5317739604993647
                ],
                [
                    0.0,
                    0.0,
                    1.0,
                    -0.69
                ],
                [
                    0.0,
                    0.0,
                    0.0,
                    1.0
                ]
            ],
            "size": [
                0.6,
                1.2,
                0.75
            ]
        },
        "collider2": {
            "type": "Box",
            "collider2origin": [
                [
                    -0.273079633008884,
                    0.9595113121688656,
                    -0.06903300555325007,
                    0.44304392166792905
                ],
                [
                    -0.9302477443522441,
                    -0.2816700939396465,
                    -0.23516184279681243,
                    1.1161614774497826
                ],
                [
                    -0.2450849815131381,
                    -1.1202687959662849e-07,
                    0.9695015997081654,
                    -0.2831159499018231
                ],
                [
                    0.0,
                    0.0,
                    0.0,
                    1.0
                ]
            ],
            "size": [
                0.1202,
                0.13634,
                0.67816
            ]
        },
        "distance": 0.37038681630744513
    }
]