[
    {
        "case": 0,
        "collider1": {
            "type": "Box",
            "collider2origin": [
                [
                    0.9077781725128689,
                    0.4194505805326724,
                    0.0,
                    0.4158817547107895
                ],
                [
                    -0.4194505805326724,
                    0.9077781725128689,
                    0.0,
                    0.733173894971941
                ],
                [
                    0.0,
                    0.0,
                    1.0,
                    -0.6599999999999999
                ],
                [
                    0.0,
                    0.0,
                    0.0,
                    1.0
                ]
            ],
            "size": [
                0.6,
                1.0,
                0.8
            ]
        },
        "collider2": {
            "type": "Box",
            "collider2origin": [
                [
                    0.27950298435117027,
                    0.7526522107751156,
                    0.5961482461218188,
                    0.6101673112533845
                ],
                [
                    0.31949871903803906,
                    -0.658418293782875,
                    0.6814733442660103,
                    0.8894684701130371
                ],
                [
                    0.9054273301993052,
                    -5.23248542760921e-06,
                    -0.4245012952875166,
                    -0.2301278399152974
                ],
                [
                    0.0,
                    0.0,
                    0.0,
                    1.0
                ]
            ],
            "size": [
                0.15068,
                0.17726,
                0.74884
            ]
        },
        "distance": 0.0
    },
    {
        "case": 1,
        "collider1": {
            "type": "Box",
            "collider2origin": [
                [
                    0.9077781725128689,
                    0.4194505805326724,
                    0.0,
                    0.27063700059322826
                ],
                [
                    -0.4194505805326724,
                    0.9077781725128689,
                    0.0,
                    0.8002854543438492
                ],
                [
                    0.0,
                    0.0,
                    1.0,
                    -0.25
                ],
                [
                    0.0,
                    0.0,
                    0.0,
                    1.0
                ]
            ],
            "size": [
                0.2,
                0.2,
                0.02
            ]
        },
        "collider2": {
            "type": "Box",
            "collider2origin": [
                [
                    0.27950298435117027,
                    0.7526522107751156,
                    0.5961482461218188,
                    0.6101673112533845
                ],
                [
                    0.31949871903803906,
                    -0.658418293782875,
                    0.6814733442660103,
                    0.8894684701130371
                ],
                [
                    0.9054273301993052,
                    -5.23248542760921e-06,
                    -0.4245012952875166,
                    -0.2301278399152974
                ],
                [
                    0.0,
                    0.0,
                    0.0,
                    1.0
                ]
            ],
            "size": [
                0.15068,
                0.17726,
                0.74884
            ]
        },
        "distance": 0.035705868020136776
    },
    {
        "case": 2,
        "collider1": {
            "type": "Box",
            "collider2origin": [
                [
                    0.907778172512869,
                    0.4194505805326725,
                    0.0,
                    0.9947946797881562
                ],
                [
                    -0.4194505805326725,
                    0.907778172512869,
                    0.0,
                    0.5317739604993647
                ],
                [
                    0.0,
                    0.0,
                    1.0,
                    -0.69
                ],
                [
                    0.0,
                    0.0,
                    0.0,
                    1.0
                ]
            ],
            "size": [
                0.6,
                1.2,
                0.75
            ]
        },
        "collider2": {
            "type": "Box",
            "collider2origin": [
                [
                    0.27950298435117027,
                    0.7526522107751156,
                    0.5961482461218188,
                    0.6101673112533845
                ],
                [
                    0.31949871903803906,
                    -0.658418293782875,
                    0.6814733442660103,
                    0.8894684701130371
                ],
                [
                    0.9054273301993052,
                    -5.23248542760921e-06,
                    -0.4245012952875166,
                    -0.2301278399152974
                ],
                [
                    0.0,
                    0.0,
                    0.0,
                    1.0
                ]
            ],
            "size": [
                0.15068,
                0.17726,
                0.74884
            ]
        },
        "distance": 0.009540218663591166
    },
    {
        "case": 3,
        "collider1": {
            "type": "Box",
            "collider2origin": [
                [
                    0.9077781725128689,
                    0.4194505805326724,
                    0.0,
                    0.4158817547107895
                ],
                [
                    -0.4194505805326724,
                    0.9077781725128689,
                    0.0,
                    0.733173894971941
                ],
                [
                    0.0,
                    0.0,
                    1.0,
                    -0.6599999999999999
                ],
                [
                    0.0,
                    0.0,
                    0.0,
                    1.0
                ]
            ],
            "size": [
                0.6,
                1.0,
                0.8
            ]
        },
        "collider2": {
            "type": "Box",
            "collider2origin": [
                [
                    0.27950298435117027,
                    0.7526522107751156,
                    0.5961482461218188,
                    0.6101673112533845
                ],
                [
                    0.31949871903803906,
                    -0.658418293782875,
                    0.6814733442660103,
                    0.8894684701130371
                ],
                [
                    0.9054273301993052,
                    -5.23248542760921e-06,
                    -0.4245012952875166,
                    -0.2301278399152974
                ],
                [
                    0.0,
                    0.0,
                    0.0,
                    1.0
                ]
            ],
            "size": [
                0.15068,
                0.17726,
                0.74884
            ]
        },
        "distance": 0.0
    },
    {
        "case": 4,
        "collider1": {
            "type": "Box",
            "collider2origin": [
                [
                    0.9077781725128689,
                    0.4194505805326724,
                    0.0,
                    0.27063700059322826
                ],
                [
                    -0.4194505805326724,
                    0.9077781725128689,
                    0.0,
                    0.8002854543438492
                ],
                [
                    0.0,
                    0.0,
                    1.0,
                    -0.25
                ],
                [
                    0.0,
                    0.0,
                    0.0,
                    1.0
                ]
            ],
            "size": [
                0.2,
                0.2,
                0.02
            ]
        },
        "collider2": {
            "type": "Box",
            "collider2origin": [
                [
                    0.27950298435117027,
                    0.7526522107751156,
                    0.5961482461218188,
                    0.6101673112533845
                ],
                [
                    0.31949871903803906,
                    -0.658418293782875,
                    0.6814733442660103,
                    0.8894684701130371
                ],
                [
                    0.9054273301993052,
                    -5.23248542760921e-06,
                    -0.4245012952875166,
                    -0.2301278399152974
                ],
                [
                    0.0,
                    0.0,
                    0.0,
                    1.0
                ]
            ],
            "size": [
                0.15068,
                0.17726,
                0.74884
            ]
        },
        "distance": 0.035705868020136776
    },
    {
        "case": 5,
        "collider1": {
            "type": "Box",
            "collider2origin": [
                [
                    0.907778172512869,
                    0.4194505805326725,
                    0.0,
                    0.9947946797881562
                ],
                [
                    -0.4194505805326725,
                    0.907778172512869,
                    0.0,
                    0.5317739604993647
                ],
                [
                    0.0,
                    0.0,
                    1.0,
                    -0.69
                ],
                [
                    0.0,
                    0.0,
                    0.0,
                    1.0
                ]
            ],
            "size": [
                0.6,
                1.2,
                0.75
            ]
        },
        "collider2": {
            "type": "Box",
            "collider2origin": [
                [
                    0.27950298435117027,
                    0.7526522107751156,
                    0.5961482461218188,
                    0.6101673112533845
                ],
                [
                    0.31949871903803906,
                    -0.658418293782875,
                    0.6814733442660103,
                    0.8894684701130371
                ],
                [
                    0.9054273301993052,
                    -5.23248542760921e-06,
                    -0.4245012952875166,
                    -0.2301278399152974
                ],
                [
                    0.0,
                    0.0,
                    0.0,
                    1.0
                ]
            ],
            "size": [
                0.15068,
                0.17726,
                0.74884
            ]
        },
        "distance": 0.009540218663591166
    },
    {
        "case": 6,
        "collider1": {
            "type": "Box",
            "collider2origin": [
                [
                    0.9077781725128689,
                    0.4194505805326724,
                    0.0,
                    0.4158817547107895
                ],
                [
                    -0.4194505805326724,
                    0.9077781725128689,
                    0.0,
                    0.733173894971941
                ],
                [
                    0.0,
                    0.0,
                    1.0,
                    -0.6599999999999999
                ],
                [
                    0.0,
                    0.0,
                    0.0,
                    1.0
                ]
            ],
            "size": [
                0.6,
                1.0,
                0.8
            ]
        },
        "collider2": {
            "type": "Box",
            "collider2origin": [
                [
                    -0.39321005582714924,
                    0.7526480811212239,
                    -0.528116197423398,
                    0.5530721720906189
                ],
                [
                    -0.44947943910898613,
                    -0.658423014468928,
                    -0.6036947637970043,
                    1.0160853899043099
                ],
                [
                    -0.8020935642521271,
                    -1.4795729382182783e-06,
                    0.5971983876260295,
                    -0.19498915786516302
                ],
                [
                    0.0,
                    0.0,
                    0.0,
                    1.0
                ]
            ],
            "size": [
                0.1202,
                0.13634,
                0.67816
            ]
        },
        "distance": 0.0
    },
    {
        "case": 7,
        "collider1": {
            "type": "Box",
            "collider2origin": [
                [
                    0.9077781725128689,
                    0.4194505805326724,
                    0.0,
                    0.27063700059322826
                ],
                [
                    -0.4194505805326724,
                    0.9077781725128689,
                    0.0,
                    0.8002854543438492
                ],
                [
                    0.0,
                    0.0,
                    1.0,
                    -0.25
                ],
                [
                    0.0,
                    0.0,
                    0.0,
                    1.0
                ]
            ],
            "size": [
                0.2,
                0.2,
                0.02
            ]
        },
        "collider2": {
            "type": "Box",
            "collider2origin": [
                [
                    -0.39321005582714924,
                    0.7526480811212239,
                    -0.528116197423398,
                    0.5530721720906189
                ],
                [
                    -0.44947943910898613,
                    -0.658423014468928,
                    -0.6036947637970043,
                    1.0160853899043099
                ],
                [
                    -0.8020935642521271,
                    -1.4795729382182783e-06,
                    0.5971983876260295,
                    -0.19498915786516302
                ],
                [
                    0.0,
                    0.0,
                    0.0,
                    1.0
                ]
            ],
            "size": [
                0.1202,
                0.13634,
                0.67816
            ]
        },
        "distance": 0.10991959992291832
    },
    {
        "case": 8,
        "collider1": {
            "type": "Box",
            "collider2origin": [
                [
                    0.907778172512869,
                    0.4194505805326725,
                    0.0,
                    0.9947946797881562
                ],
                [
                    -0.4194505805326725,
                    0.907778172512869,
                    0.0,
                    0.5317739604993647
                ],
                [
                    0.0,
                    0.0,
                    1.0,
                    -0.69
                ],
                [
                    0.0,
                    0.0,
                    0.0,
                    1.0
                ]
            ],
            "size": [
                0.6,
                1.2,
                0.75
            ]
        },
        "collider2": {
            "type": "Box",
            "collider2origin": [
                [
                    -0.39321005582714924,
                    0.7526480811212239,
                    -0.528116197423398,
                    0.5530721720906189
                ],
                [
                    -0.44947943910898613,
                    -0.658423014468928,
                    -0.6036947637970043,
                    1.0160853899043099
                ],
                [
                    -0.8020935642521271,
                    -1.4795729382182783e-06,
                    0.5971983876260295,
                    -0.19498915786516302
                ],
                [
                    0.0,
                    0.0,
                    0.0,
                    1.0
                ]
            ],
            "size": [
                0.1202,
                0.13634,
                0.67816
            ]
        },
        "distance": 0.1519086576671084
    }
]