[
    {
        "case": 0,
        "collider1": {
            "type": "Box",
            "collider2origin": [
                [
                    0.9077781725128689,
                    0.4194505805326724,
                    0.0,
                    0.4158817547107895
                ],
                [
                    -0.4194505805326724,
                    0.9077781725128689,
                    0.0,
                    0.733173894971941
                ],
                [
                    0.0,
                    0.0,
                    1.0,
                    -0.6599999999999999
                ],
                [
                    0.0,
                    0.0,
                    0.0,
                    1.0
                ]
            ],
            "size": [
                0.6,
                1.0,
                0.8
            ]
        },
        "collider2": {
            "type": "Box",
            "collider2origin": [
                [
                    0.8898576947990583,
                    0.3195568053220301,
                    -0.32563281649625625,
                    0.25800792431346586
                ],
                [
                    0.3000975061908234,
                    -0.9475671206419338,
                    -0.10980910097256727,
                    0.6016415459407065
                ],
                [
                    -0.3436491958159586,
                    -7.122705014837786e-06,
                    -0.9390980940052598,
                    -0.38436791045971763
                ],
                [
                    0.0,
                    0.0,
                    0.0,
                    1.0
                ]
            ],
            "size": [
                0.15068,
                0.17726,
                0.74884
            ]
        },
        "distance": 0.0
    },
    {
        "case": 1,
        "collider1": {
            "type": "Box",
            "collider2origin": [
                [
                    0.9077781725128689,
                    0.4194505805326724,
                    0.0,
                    0.27063700059322826
                ],
                [
                    -0.4194505805326724,
                    0.9077781725128689,
                    0.0,
                    0.8002854543438492
                ],
                [
                    0.0,
                    0.0,
                    1.0,
                    -0.25
                ],
                [
                    0.0,
                    0.0,
                    0.0,
                    1.0
                ]
            ],
            "size": [
                0.2,
                0.2,
                0.02
            ]
        },
        "collider2": {
            "type": "Box",
            "collider2origin": [
                [
                    0.8898576947990583,
                    0.3195568053220301,
                    -0.32563281649625625,
                    0.25800792431346586
                ],
                [
                    0.3000975061908234,
                    -0.9475671206419338,
                    -0.10980910097256727,
                    0.6016415459407065
                ],
                [
                    -0.3436491958159586,
                    -7.122705014837786e-06,
                    -0.9390980940052598,
                    -0.38436791045971763
                ],
                [
                    0.0,
                    0.0,
                    0.0,
                    1.0
                ]
            ],
            "size": [
                0.15068,
                0.17726,
                0.74884
            ]
        },
        "distance": 0.0
    },
    {
        "case": 2,
        "collider1": {
            "type": "Box",
            "collider2origin": [
                [
                    0.907778172512869,
                    0.4194505805326725,
                    0.0,
                    0.9947946797881562
                ],
                [
                    -0.4194505805326725,
                    0.907778172512869,
                    0.0,
                    0.5317739604993647
                ],
                [
                    0.0,
                    0.0,
                    1.0,
                    -0.69
                ],
                [
                    0.0,
                    0.0,
                    0.0,
                    1.0
                ]
            ],
            "size": [
                0.6,
                1.2,
                0.75
            ]
        },
        "collider2": {
            "type": "Box",
            "collider2origin": [
                [
                    0.8898576947990583,
                    0.3195568053220301,
                    -0.32563281649625625,
                    0.25800792431346586
                ],
                [
                    0.3000975061908234,
                    -0.9475671206419338,
                    -0.10980910097256727,
                    0.6016415459407065
                ],
                [
                    -0.3436491958159586,
                    -7.122705014837786e-06,
                    -0.9390980940052598,
                    -0.38436791045971763
                ],
                [
                    0.0,
                    0.0,
                    0.0,
                    1.0
                ]
            ],
            "size": [
                0.15068,
                0.17726,
                0.74884
            ]
        },
        "distance": 0.25178182066025395
    },
    {
        "case": 3,
        "collider1": {
            "type": "Box",
            "collider2origin": [
                [
                    0.9077781725128689,
                    0.4194505805326724,
                    0.0,
                    0.4158817547107895
                ],
                [
                    -0.4194505805326724,
                    0.9077781725128689,
                    0.0,
                    0.733173894971941
                ],
                [
                    0.0,
                    0.0,
                    1.0,
                    -0.6599999999999999
                ],
                [
                    0.0,
                    0.0,
                    0.0,
                    1.0
                ]
            ],
            "size": [
                0.6,
                1.0,
                0.8
            ]
        },
        "collider2": {
            "type": "Box",
            "collider2origin": [
                [
                    0.8898576947990583,
                    0.3195568053220301,
                    -0.32563281649625625,
                    0.25800792431346586
                ],
                [
                    0.3000975061908234,
                    -0.9475671206419338,
                    -0.10980910097256727,
                    0.6016415459407065
                ],
                [
                    -0.3436491958159586,
                    -7.122705014837786e-06,
                    -0.9390980940052598,
                    -0.38436791045971763
                ],
                [
                    0.0,
                    0.0,
                    0.0,
                    1.0
                ]
            ],
            "size": [
                0.15068,
                0.17726,
                0.74884
            ]
        },
        "distance": 0.0
    },
    {
        "case": 4,
        "collider1": {
            "type": "Box",
            "collider2origin": [
                [
                    0.9077781725128689,
                    0.4194505805326724,
                    0.0,
                    0.27063700059322826
                ],
                [
                    -0.4194505805326724,
                    0.9077781725128689,
                    0.0,
                    0.8002854543438492
                ],
                [
                    0.0,
                    0.0,
                    1.0,
                    -0.25
                ],
                [
                    0.0,
                    0.0,
                    0.0,
                    1.0
                ]
            ],
            "size": [
                0.2,
                0.2,
                0.02
            ]
        },
        "collider2": {
            "type": "Box",
            "collider2origin": [
                [
                    0.8898576947990583,
                    0.3195568053220301,
                    -0.32563281649625625,
                    0.25800792431346586
                ],
                [
                    0.3000975061908234,
                    -0.9475671206419338,
                    -0.10980910097256727,
                    0.6016415459407065
                ],
                [
                    -0.3436491958159586,
                    -7.122705014837786e-06,
                    -0.9390980940052598,
                    -0.38436791045971763
                ],
                [
                    0.0,
                    0.0,
                    0.0,
                    1.0
                ]
            ],
            "size": [
                0.15068,
                0.17726,
                0.74884
            ]
        },
        "distance": 0.0
    },
    {
        "case": 5,
        "collider1": {
            "type": "Box",
            "collider2origin": [
                [
                    0.907778172512869,
                    0.4194505805326725,
                    0.0,
                    0.9947946797881562
                ],
                [
                    -0.4194505805326725,
                    0.907778172512869,
                    0.0,
                    0.5317739604993647
                ],
                [
                    0.0,
                    0.0,
                    1.0,
                    -0.69
                ],
                [
                    0.0,
                    0.0,
                    0.0,
                    1.0
                ]
            ],
            "size": [
                0.6,
                1.2,
                0.75
            ]
        },
        "collider2": {
            "type": "Box",
            "collider2origin": [
                [
                    0.8898576947990583,
                    0.3195568053220301,
                    -0.32563281649625625,
                    0.25800792431346586
                ],
                [
                    0.3000975061908234,
                    -0.9475671206419338,
                    -0.10980910097256727,
                    0.6016415459407065
                ],
                [
                    -0.3436491958159586,
                    -7.122705014837786e-06,
                    -0.9390980940052598,
                    -0.38436791045971763
                ],
                [
                    0.0,
                    0.0,
                    0.0,
                    1.0
                ]
            ],
            "size": [
                0.15068,
                0.17726,
                0.74884
            ]
        },
        "distance": 0.25178182066025395
    },
    {
        "case": 6,
        "collider1": {
            "type": "Box",
            "collider2origin": [
                [
                    0.9077781725128689,
                    0.4194505805326724,
                    0.0,
                    0.4158817547107895
                ],
                [
                    -0.4194505805326724,
                    0.9077781725128689,
                    0.0,
                    0.733173894971941
                ],
                [
                    0.0,
                    0.0,
                    1.0,
                    -0.6599999999999999
                ],
                [
                    0.0,
                    0.0,
                    0.0,
                    1.0
                ]
            ],
            "size": [
                0.6,
                1.0,
                0.8
            ]
        },
        "collider2": {
            "type": "Box",
            "collider2origin": [
                [
                    -0.9248913072628258,
                    0.31955875831692565,
                    0.20605404565939986,
                    0.1739577435978436
                ],
                [
                    -0.31191177472129844,
                    -0.9475664620399652,
                    0.06948988996446222,
                    0.7066274658344939
                ],
                [
                    0.2174560059871223,
                    -8.789934547857492e-08,
                    0.9760701232289208,
                    -0.4037636789684921
                ],
                [
                    0.0,
                    0.0,
                    0.0,
                    1.0
                ]
            ],
            "size": [
                0.1202,
                0.13634,
                0.67816
            ]
        },
        "distance": 0.0
    },
    {
        "case": 7,
        "collider1": {
            "type": "Box",
            "collider2origin": [
                [
                    0.9077781725128689,
                    0.4194505805326724,
                    0.0,
                    0.27063700059322826
                ],
                [
                    -0.4194505805326724,
                    0.9077781725128689,
                    0.0,
                    0.8002854543438492
                ],
                [
                    0.0,
                    0.0,
                    1.0,
                    -0.25
                ],
                [
                    0.0,
                    0.0,
                    0.0,
                    1.0
                ]
            ],
            "size": [
                0.2,
                0.2,
                0.02
            ]
        },
        "collider2": {
            "type": "Box",
            "collider2origin": [
                [
                    -0.9248913072628258,
                    0.31955875831692565,
                    0.20605404565939986,
                    0.1739577435978436
                ],
                [
                    -0.31191177472129844,
                    -0.9475664620399652,
                    0.06948988996446222,
                    0.7066274658344939
                ],
                [
                    0.2174560059871223,
                    -8.789934547857492e-08,
                    0.9760701232289208,
                    -0.4037636789684921
                ],
                [
                    0.0,
                    0.0,
                    0.0,
                    1.0
                ]
            ],
            "size": [
                0.1202,
                0.13634,
                0.67816
            ]
        },
        "distance": 0.0
    }
]