[
    {
        "case": 0,
        "collider1": {
            "type": "Box",
            "collider2origin": [
                [
                    0.8404842512412337,
                    -0.5418359746412772,
                    0.0,
                    0.011439976095501792
                ],
                [
                    0.5418359746412771,
                    0.8404842512412338,
                    0.0,
                    1.4325762997644957
                ],
                [
                    0.0,
                    0.0,
                    1.0,
                    -0.21500000000000008
                ],
                [
                    0.0,
                    0.0,
                    0.0,
                    1.0
                ]
            ],
            "size": [
                0.2,
                0.3,
                0.22
            ]
        },
        "collider2": {
            "type": "Box",
            "collider2origin": [
                [
                    0.6765198521037832,
                    -0.5946688261321116,
                    0.43438448054244744,
                    0.3264409755830636
                ],
                [
                    0.5003974900190039,
                    0.8039707626688407,
                    0.3212994938626008,
                    1.0366564576849335
                ],
                [
                    -0.5402992149653341,
                    -5.823022976549276e-07,
                    0.8414729694455458,
                    0.14976944042048967
                ],
                [
                    0.0,
                    0.0,
                    0.0,
                    1.0
                ]
            ],
            "size": [
                0.15068,
                0.17726,
                0.74884
            ]
        },
        "distance": 0.2695206467881824
    },
    {
        "case": 1,
        "collider1": {
            "type": "Box",
            "collider2origin": [
                [
                    0.8404842512412337,
                    -0.5418359746412772,
                    0.0,
                    0.011439976095501792
                ],
                [
                    0.5418359746412771,
                    0.8404842512412338,
                    0.0,
                    1.4325762997644957
                ],
                [
                    0.0,
                    0.0,
                    1.0,
                    -0.21500000000000008
                ],
                [
                    0.0,
                    0.0,
                    0.0,
                    1.0
                ]
            ],
            "size": [
                0.2,
                0.3,
                0.22
            ]
        },
        "collider2": {
            "type": "Box",
            "collider2origin": [
                [
                    0.6765198521037832,
                    -0.5946688261321116,
                    0.43438448054244744,
                    0.3264409755830636
                ],
                [
                    0.5003974900190039,
                    0.8039707626688407,
                    0.3212994938626008,
                    1.0366564576849335
                ],
                [
                    -0.5402992149653341,
                    -5.823022976549276e-07,
                    0.8414729694455458,
                    0.14976944042048967
                ],
                [
                    0.0,
                    0.0,
                    0.0,
                    1.0
                ]
            ],
            "size": [
                0.15068,
                0.17726,
                0.74884
            ]
        },
        "distance": 0.2695206467881824
    }
]