[
    {
        "case": 0,
        "collider1": {
            "type": "Box",
            "collider2origin": [
                [
                    -0.49996093967317806,
                    0.8660479541001831,
                    0.0,
                    0.23518030403224222
                ],
                [
                    -0.8660479541001831,
                    -0.49996093967317806,
                    0.0,
                    1.6545490191575776
                ],
                [
                    0.0,
                    0.0,
                    1.0,
                    -0.21500000000000008
                ],
                [
                    0.0,
                    0.0,
                    0.0,
                    1.0
                ]
            ],
            "size": [
                0.2,
                0.3,
                0.22
            ]
        },
        "collider2": {
            "type": "Box",
            "collider2origin": [
                [
                    0.18082198048968787,
                    0.8671800805953376,
                    -0.4640065939083741,
                    0.31215292315172816
                ],
                [
                    -0.3148689013027698,
                    0.4979946865310822,
                    0.8079968237432592,
                    1.1293259707419512
                ],
                [
                    0.9317515690162123,
                    -2.339477463145244e-06,
                    0.3630964247005928,
                    0.00612524502035261
                ],
                [
                    0.0,
                    0.0,
                    0.0,
                    1.0
                ]
            ],
            "size": [
                0.15068,
                0.17726,
                0.74884
            ]
        },
        "distance": 0.17090701370785813
    },
    {
        "case": 1,
        "collider1": {
            "type": "Box",
            "collider2origin": [
                [
                    0.718022042059392,
                    -0.6960203640101781,
                    0.0,
                    0.13748258467077087
                ],
                [
                    0.6960203640101781,
                    0.718022042059392,
                    0.0,
                    1.5384737068316263
                ],
                [
                    0.0,
                    0.0,
                    1.0,
                    -0.21500000000000008
                ],
                [
                    0.0,
                    0.0,
                    0.0,
                    1.0
                ]
            ],
            "size": [
                0.2,
                0.3,
                0.22
            ]
        },
        "collider2": {
            "type": "Box",
            "collider2origin": [
                [
                    0.18082198048968787,
                    0.8671800805953376,
                    -0.4640065939083741,
                    0.31215292315172816
                ],
                [
                    -0.3148689013027698,
                    0.4979946865310822,
                    0.8079968237432592,
                    1.1293259707419512
                ],
                [
                    0.9317515690162123,
                    -2.339477463145244e-06,
                    0.3630964247005928,
                    0.00612524502035261
                ],
                [
                    0.0,
                    0.0,
                    0.0,
                    1.0
                ]
            ],
            "size": [
                0.15068,
                0.17726,
                0.74884
            ]
        },
        "distance": 0.12689036728666328
    },
    {
        "case": 2,
        "collider1": {
            "type": "Box",
            "collider2origin": [
                [
                    0.8404842512412337,
                    -0.5418359746412772,
                    0.0,
                    0.011439976095501792
                ],
                [
                    0.5418359746412771,
                    0.8404842512412338,
                    0.0,
                    1.4325762997644957
                ],
                [
                    0.0,
                    0.0,
                    1.0,
                    -0.21500000000000008
                ],
                [
                    0.0,
                    0.0,
                    0.0,
                    1.0
                ]
            ],
            "size": [
                0.2,
                0.3,
                0.22
            ]
        },
        "collider2": {
            "type": "Box",
            "collider2origin": [
                [
                    0.18082198048968787,
                    0.8671800805953376,
                    -0.4640065939083741,
                    0.31215292315172816
                ],
                [
                    -0.3148689013027698,
                    0.4979946865310822,
                    0.8079968237432592,
                    1.1293259707419512
                ],
                [
                    0.9317515690162123,
                    -2.339477463145244e-06,
                    0.3630964247005928,
                    0.00612524502035261
                ],
                [
                    0.0,
                    0.0,
                    0.0,
                    1.0
                ]
            ],
            "size": [
                0.15068,
                0.17726,
                0.74884
            ]
        },
        "distance": 0.12389692989989315
    },
    {
        "case": 3,
        "collider1": {
            "type": "Box",
            "collider2origin": [
                [
                    0.9081427509232697,
                    -0.4186606548811531,
                    0.0,
                    -0.09474126814702305
                ],
                [
                    0.41866065488115317,
                    0.9081427509232698,
                    0.0,
                    1.368923948110301
                ],
                [
                    0.0,
                    0.0,
                    1.0,
                    -0.21500000000000008
                ],
                [
                    0.0,
                    0.0,
                    0.0,
                    1.0
                ]
            ],
            "size": [
                0.2,
                0.3,
                0.22
            ]
        },
        "collider2": {
            "type": "Box",
            "collider2origin": [
                [
                    0.18082198048968787,
                    0.8671800805953376,
                    -0.4640065939083741,
                    0.31215292315172816
                ],
                [
                    -0.3148689013027698,
                    0.4979946865310822,
                    0.8079968237432592,
                    1.1293259707419512
                ],
                [
                    0.9317515690162123,
                    -2.339477463145244e-06,
                    0.3630964247005928,
                    0.00612524502035261
                ],
                [
                    0.0,
                    0.0,
                    0.0,
                    1.0
                ]
            ],
            "size": [
                0.15068,
                0.17726,
                0.74884
            ]
        },
        "distance": 0.133338387834018
    },
    {
        "case": 4,
        "collider1": {
            "type": "Box",
            "collider2origin": [
                [
                    -0.49996093967317806,
                    0.8660479541001831,
                    0.0,
                    0.23518030403224222
                ],
                [
                    -0.8660479541001831,
                    -0.49996093967317806,
                    0.0,
                    1.6545490191575776
                ],
                [
                    0.0,
                    0.0,
                    1.0,
                    -0.21500000000000008
                ],
                [
                    0.0,
                    0.0,
                    0.0,
                    1.0
                ]
            ],
            "size": [
                0.2,
                0.3,
                0.22
            ]
        },
        "collider2": {
            "type": "Box",
            "collider2origin": [
                [
                    0.18082198048968787,
                    0.8671800805953376,
                    -0.4640065939083741,
                    0.31215292315172816
                ],
                [
                    -0.3148689013027698,
                    0.4979946865310822,
                    0.8079968237432592,
                    1.1293259707419512
                ],
                [
                    0.9317515690162123,
                    -2.339477463145244e-06,
                    0.3630964247005928,
                    0.00612524502035261
                ],
                [
                    0.0,
                    0.0,
                    0.0,
                    1.0
                ]
            ],
            "size": [
                0.15068,
                0.17726,
                0.74884
            ]
        },
        "distance": 0.17090701370785813
    },
    {
        "case": 5,
        "collider1": {
            "type": "Box",
            "collider2origin": [
                [
                    0.718022042059392,
                    -0.6960203640101781,
                    0.0,
                    0.13748258467077087
                ],
                [
                    0.6960203640101781,
                    0.718022042059392,
                    0.0,
                    1.5384737068316263
                ],
                [
                    0.0,
                    0.0,
                    1.0,
                    -0.21500000000000008
                ],
                [
                    0.0,
                    0.0,
                    0.0,
                    1.0
                ]
            ],
            "size": [
                0.2,
                0.3,
                0.22
            ]
        },
        "collider2": {
            "type": "Box",
            "collider2origin": [
                [
                    0.18082198048968787,
                    0.8671800805953376,
                    -0.4640065939083741,
                    0.31215292315172816
                ],
                [
                    -0.3148689013027698,
                    0.4979946865310822,
                    0.8079968237432592,
                    1.1293259707419512
                ],
                [
                    0.9317515690162123,
                    -2.339477463145244e-06,
                    0.3630964247005928,
                    0.00612524502035261
                ],
                [
                    0.0,
                    0.0,
                    0.0,
                    1.0
                ]
            ],
            "size": [
                0.15068,
                0.17726,
                0.74884
            ]
        },
        "distance": 0.12689036728666328
    },
    {
        "case": 6,
        "collider1": {
            "type": "Box",
            "collider2origin": [
                [
                    0.8404842512412337,
                    -0.5418359746412772,
                    0.0,
                    0.011439976095501792
                ],
                [
                    0.5418359746412771,
                    0.8404842512412338,
                    0.0,
                    1.4325762997644957
                ],
                [
                    0.0,
                    0.0,
                    1.0,
                    -0.21500000000000008
                ],
                [
                    0.0,
                    0.0,
                    0.0,
                    1.0
                ]
            ],
            "size": [
                0.2,
                0.3,
                0.22
            ]
        },
        "collider2": {
            "type": "Box",
            "collider2origin": [
                [
                    0.18082198048968787,
                    0.8671800805953376,
                    -0.4640065939083741,
                    0.31215292315172816
                ],
                [
                    -0.3148689013027698,
                    0.4979946865310822,
                    0.8079968237432592,
                    1.1293259707419512
                ],
                [
                    0.9317515690162123,
                    -2.339477463145244e-06,
                    0.3630964247005928,
                    0.00612524502035261
                ],
                [
                    0.0,
                    0.0,
                    0.0,
                    1.0
                ]
            ],
            "size": [
                0.15068,
                0.17726,
                0.74884
            ]
        },
        "distance": 0.12389692989989315
    },
    {
        "case": 7,
        "collider1": {
            "type": "Box",
            "collider2origin": [
                [
                    0.9081427509232697,
                    -0.4186606548811531,
                    0.0,
                    -0.09474126814702305
                ],
                [
                    0.41866065488115317,
                    0.9081427509232698,
                    0.0,
                    1.368923948110301
                ],
                [
                    0.0,
                    0.0,
                    1.0,
                    -0.21500000000000008
                ],
                [
                    0.0,
                    0.0,
                    0.0,
                    1.0
                ]
            ],
            "size": [
                0.2,
                0.3,
                0.22
            ]
        },
        "collider2": {
            "type": "Box",
            "collider2origin": [
                [
                    0.18082198048968787,
                    0.8671800805953376,
                    -0.4640065939083741,
                    0.31215292315172816
                ],
                [
                    -0.3148689013027698,
                    0.4979946865310822,
                    0.8079968237432592,
                    1.1293259707419512
                ],
                [
                    0.9317515690162123,
                    -2.339477463145244e-06,
                    0.3630964247005928,
                    0.00612524502035261
                ],
                [
                    0.0,
                    0.0,
                    0.0,
                    1.0
                ]
            ],
            "size": [
                0.15068,
                0.17726,
                0.74884
            ]
        },
        "distance": 0.133338387834018
    }
]