[
    {
        "case": 0,
        "collider1": {
            "type": "Box",
            "collider2origin": [
                [
                    0.9077781725128689,
                    0.4194505805326724,
                    0.0,
                    0.4158817547107895
                ],
                [
                    -0.4194505805326724,
                    0.9077781725128689,
                    0.0,
                    0.733173894971941
                ],
                [
                    0.0,
                    0.0,
                    1.0,
                    -0.6599999999999999
                ],
                [
                    0.0,
                    0.0,
                    0.0,
                    1.0
                ]
            ],
            "size": [
                0.6,
                1.0,
                0.8
            ]
        },
        "collider2": {
            "type": "Box",
            "collider2origin": [
                [
                    0.10623395260205185,
                    0.9895831845419356,
                    0.09715692557088437,
                    0.2921199146788099
                ],
                [
                    -0.730247022854678,
                    0.14396222029030634,
                    -0.6678429192115196,
                    1.188970352980082
                ],
                [
                    -0.6748730494888827,
                    -9.626227193598957e-07,
                    0.7379338500656065,
                    -0.10468194066035963
                ],
                [
                    0.0,
                    0.0,
                    0.0,
                    1.0
                ]
            ],
            "size": [
                0.1202,
                0.13634,
                0.67816
            ]
        },
        "distance": 0.0
    },
    {
        "case": 1,
        "collider1": {
            "type": "Box",
            "collider2origin": [
                [
                    0.9077781725128689,
                    0.4194505805326724,
                    0.0,
                    0.27063700059322826
                ],
                [
                    -0.4194505805326724,
                    0.9077781725128689,
                    0.0,
                    0.8002854543438492
                ],
                [
                    0.0,
                    0.0,
                    1.0,
                    -0.25
                ],
                [
                    0.0,
                    0.0,
                    0.0,
                    1.0
                ]
            ],
            "size": [
                0.2,
                0.2,
                0.02
            ]
        },
        "collider2": {
            "type": "Box",
            "collider2origin": [
                [
                    0.10623395260205185,
                    0.9895831845419356,
                    0.09715692557088437,
                    0.2921199146788099
                ],
                [
                    -0.730247022854678,
                    0.14396222029030634,
                    -0.6678429192115196,
                    1.188970352980082
                ],
                [
                    -0.6748730494888827,
                    -9.626227193598957e-07,
                    0.7379338500656065,
                    -0.10468194066035963
                ],
                [
                    0.0,
                    0.0,
                    0.0,
                    1.0
                ]
            ],
            "size": [
                0.1202,
                0.13634,
                0.67816
            ]
        },
        "distance": 0.21411451704218126
    },
    {
        "case": 2,
        "collider1": {
            "type": "Box",
            "collider2origin": [
                [
                    0.718022042059392,
                    -0.6960203640101781,
                    0.0,
                    0.13748258467077087
                ],
                [
                    0.6960203640101781,
                    0.718022042059392,
                    0.0,
                    1.5384737068316263
                ],
                [
                    0.0,
                    0.0,
                    1.0,
                    -0.21500000000000008
                ],
                [
                    0.0,
                    0.0,
                    0.0,
                    1.0
                ]
            ],
            "size": [
                0.2,
                0.3,
                0.22
            ]
        },
        "collider2": {
            "type": "Box",
            "collider2origin": [
                [
                    0.10623395260205185,
                    0.9895831845419356,
                    0.09715692557088437,
                    0.2921199146788099
                ],
                [
                    -0.730247022854678,
                    0.14396222029030634,
                    -0.6678429192115196,
                    1.188970352980082
                ],
                [
                    -0.6748730494888827,
                    -9.626227193598957e-07,
                    0.7379338500656065,
                    -0.10468194066035963
                ],
                [
                    0.0,
                    0.0,
                    0.0,
                    1.0
                ]
            ],
            "size": [
                0.1202,
                0.13634,
                0.67816
            ]
        },
        "distance": 0.0
    },
    {
        "case": 3,
        "collider1": {
            "type": "Box",
            "collider2origin": [
                [
                    0.9077781725128689,
                    0.4194505805326724,
                    0.0,
                    0.4158817547107895
                ],
                [
                    -0.4194505805326724,
                    0.9077781725128689,
                    0.0,
                    0.733173894971941
                ],
                [
                    0.0,
                    0.0,
                    1.0,
                    -0.6599999999999999
                ],
                [
                    0.0,
                    0.0,
                    0.0,
                    1.0
                ]
            ],
            "size": [
                0.6,
                1.0,
                0.8
            ]
        },
        "collider2": {
            "type": "Box",
            "collider2origin": [
                [
                    -0.0491468039716372,
                    0.9895823306078606,
                    -0.13531963127384097,
                    0.4321359077975844
                ],
                [
                    0.33784875551110294,
                    0.14396808995203417,
                    0.9301244043003934,
                    1.1041037580084287
                ],
                [
                    0.9399163846103398,
                    -4.927254701269386e-06,
                    -0.3414047303666862,
                    -0.2052047742091032
                ],
                [
                    0.0,
                    0.0,
                    0.0,
                    1.0
                ]
            ],
            "size": [
                0.15068,
                0.17726,
                0.74884
            ]
        },
        "distance": 0.0
    },
    {
        "case": 4,
        "collider1": {
            "type": "Box",
            "collider2origin": [
                [
                    0.9077781725128689,
                    0.4194505805326724,
                    0.0,
                    0.27063700059322826
                ],
                [
                    -0.4194505805326724,
                    0.9077781725128689,
                    0.0,
                    0.8002854543438492
                ],
                [
                    0.0,
                    0.0,
                    1.0,
                    -0.25
                ],
                [
                    0.0,
                    0.0,
                    0.0,
                    1.0
                ]
            ],
            "size": [
                0.2,
                0.2,
                0.02
            ]
        },
        "collider2": {
            "type": "Box",
            "collider2origin": [
                [
                    -0.0491468039716372,
                    0.9895823306078606,
                    -0.13531963127384097,
                    0.4321359077975844
                ],
                [
                    0.33784875551110294,
                    0.14396808995203417,
                    0.9301244043003934,
                    1.1041037580084287
                ],
                [
                    0.9399163846103398,
                    -4.927254701269386e-06,
                    -0.3414047303666862,
                    -0.2052047742091032
                ],
                [
                    0.0,
                    0.0,
                    0.0,
                    1.0
                ]
            ],
            "size": [
                0.15068,
                0.17726,
                0.74884
            ]
        },
        "distance": 0.03600441542525344
    },
    {
        "case": 5,
        "collider1": {
            "type": "Box",
            "collider2origin": [
                [
                    0.907778172512869,
                    0.4194505805326725,
                    0.0,
                    0.9947946797881562
                ],
                [
                    -0.4194505805326725,
                    0.907778172512869,
                    0.0,
                    0.5317739604993647
                ],
                [
                    0.0,
                    0.0,
                    1.0,
                    -0.69
                ],
                [
                    0.0,
                    0.0,
                    0.0,
                    1.0
                ]
            ],
            "size": [
                0.6,
                1.2,
                0.75
            ]
        },
        "collider2": {
            "type": "Box",
            "collider2origin": [
                [
                    -0.0491468039716372,
                    0.9895823306078606,
                    -0.13531963127384097,
                    0.4321359077975844
                ],
                [
                    0.33784875551110294,
                    0.14396808995203417,
                    0.9301244043003934,
                    1.1041037580084287
                ],
                [
                    0.9399163846103398,
                    -4.927254701269386e-06,
                    -0.3414047303666862,
                    -0.2052047742091032
                ],
                [
                    0.0,
                    0.0,
                    0.0,
                    1.0
                ]
            ],
            "size": [
                0.15068,
                0.17726,
                0.74884
            ]
        },
        "distance": 0.2384993987730716
    },
    {
        "case": 6,
        "collider1": {
            "type": "Box",
            "collider2origin": [
                [
                    0.718022042059392,
                    -0.6960203640101781,
                    0.0,
                    0.13748258467077087
                ],
                [
                    0.6960203640101781,
                    0.718022042059392,
                    0.0,
                    1.5384737068316263
                ],
                [
                    0.0,
                    0.0,
                    1.0,
                    -0.21500000000000008
                ],
                [
                    0.0,
                    0.0,
                    0.0,
                    1.0
                ]
            ],
            "size": [
                0.2,
                0.3,
                0.22
            ]
        },
        "collider2": {
            "type": "Box",
            "collider2origin": [
                [
                    -0.0491468039716372,
                    0.9895823306078606,
                    -0.13531963127384097,
                    0.4321359077975844
                ],
                [
                    0.33784875551110294,
                    0.14396808995203417,
                    0.9301244043003934,
                    1.1041037580084287
                ],
                [
                    0.9399163846103398,
                    -4.927254701269386e-06,
                    -0.3414047303666862,
                    -0.2052047742091032
                ],
                [
                    0.0,
                    0.0,
                    0.0,
                    1.0
                ]
            ],
            "size": [
                0.15068,
                0.17726,
                0.74884
            ]
        },
        "distance": 0.008913636052733891
    },
    {
        "case": 7,
        "collider1": {
            "type": "Box",
            "collider2origin": [
                [
                    0.9077781725128689,
                    0.4194505805326724,
                    0.0,
                    0.4158817547107895
                ],
                [
                    -0.4194505805326724,
                    0.9077781725128689,
                    0.0,
                    0.733173894971941
                ],
                [
                    0.0,
                    0.0,
                    1.0,
                    -0.6599999999999999
                ],
                [
                    0.0,
                    0.0,
                    0.0,
                    1.0
                ]
            ],
            "size": [
                0.6,
                1.0,
                0.8
            ]
        },
        "collider2": {
            "type": "Box",
            "collider2origin": [
                [
                    -0.0491468039716372,
                    0.9895823306078606,
                    -0.13531963127384097,
                    0.4321359077975844
                ],
                [
                    0.33784875551110294,
                    0.14396808995203417,
                    0.9301244043003934,
                    1.1041037580084287
                ],
                [
                    0.9399163846103398,
                    -4.927254701269386e-06,
                    -0.3414047303666862,
                    -0.2052047742091032
                ],
                [
                    0.0,
                    0.0,
                    0.0,
                    1.0
                ]
            ],
            "size": [
                0.15068,
                0.17726,
                0.74884
            ]
        },
        "distance": 0.0
    },
    {
        "case": 8,
        "collider1": {
            "type": "Box",
            "collider2origin": [
                [
                    0.9077781725128689,
                    0.4194505805326724,
                    0.0,
                    0.27063700059322826
                ],
                [
                    -0.4194505805326724,
                    0.9077781725128689,
                    0.0,
                    0.8002854543438492
                ],
                [
                    0.0,
                    0.0,
                    1.0,
                    -0.25
                ],
                [
                    0.0,
                    0.0,
                    0.0,
                    1.0
                ]
            ],
            "size": [
                0.2,
                0.2,
                0.02
            ]
        },
        "collider2": {
            "type": "Box",
            "collider2origin": [
                [
                    -0.0491468039716372,
                    0.9895823306078606,
                    -0.13531963127384097,
                    0.4321359077975844
                ],
                [
                    0.33784875551110294,
                    0.14396808995203417,
                    0.9301244043003934,
                    1.1041037580084287
                ],
                [
                    0.9399163846103398,
                    -4.927254701269386e-06,
                    -0.3414047303666862,
                    -0.2052047742091032
                ],
                [
                    0.0,
                    0.0,
                    0.0,
                    1.0
                ]
            ],
            "size": [
                0.15068,
                0.17726,
                0.74884
            ]
        },
        "distance": 0.03600441542525344
    },
    {
        "case": 9,
        "collider1": {
            "type": "Box",
            "collider2origin": [
                [
                    0.907778172512869,
                    0.4194505805326725,
                    0.0,
                    0.9947946797881562
                ],
                [
                    -0.4194505805326725,
                    0.907778172512869,
                    0.0,
                    0.5317739604993647
                ],
                [
                    0.0,
                    0.0,
                    1.0,
                    -0.69
                ],
                [
                    0.0,
                    0.0,
                    0.0,
                    1.0
                ]
            ],
            "size": [
                0.6,
                1.2,
                0.75
            ]
        },
        "collider2": {
            "type": "Box",
            "collider2origin": [
                [
                    -0.0491468039716372,
                    0.9895823306078606,
                    -0.13531963127384097,
                    0.4321359077975844
                ],
                [
                    0.33784875551110294,
                    0.14396808995203417,
                    0.9301244043003934,
                    1.1041037580084287
                ],
                [
                    0.9399163846103398,
                    -4.927254701269386e-06,
                    -0.3414047303666862,
                    -0.2052047742091032
                ],
                [
                    0.0,
                    0.0,
                    0.0,
                    1.0
                ]
            ],
            "size": [
                0.15068,
                0.17726,
                0.74884
            ]
        },
        "distance": 0.2384993987730716
    },
    {
        "case": 10,
        "collider1": {
            "type": "Box",
            "collider2origin": [
                [
                    0.718022042059392,
                    -0.6960203640101781,
                    0.0,
                    0.13748258467077087
                ],
                [
                    0.6960203640101781,
                    0.718022042059392,
                    0.0,
                    1.5384737068316263
                ],
                [
                    0.0,
                    0.0,
                    1.0,
                    -0.21500000000000008
                ],
                [
                    0.0,
                    0.0,
                    0.0,
                    1.0
                ]
            ],
            "size": [
                0.2,
                0.3,
                0.22
            ]
        },
        "collider2": {
            "type": "Box",
            "collider2origin": [
                [
                    -0.0491468039716372,
                    0.9895823306078606,
                    -0.13531963127384097,
                    0.4321359077975844
                ],
                [
                    0.33784875551110294,
                    0.14396808995203417,
                    0.9301244043003934,
                    1.1041037580084287
                ],
                [
                    0.9399163846103398,
                    -4.927254701269386e-06,
                    -0.3414047303666862,
                    -0.2052047742091032
                ],
                [
                    0.0,
                    0.0,
                    0.0,
                    1.0
                ]
            ],
            "size": [
                0.15068,
                0.17726,
                0.74884
            ]
        },
        "distance": 0.008913636052733891
    }
]