[
    {
        "case": 0,
        "collider1": {
            "type": "Box",
            "collider2origin": [
                [
                    0.9077781725128689,
                    0.4194505805326724,
                    0.0,
                    0.4158817547107895
                ],
                [
                    -0.4194505805326724,
                    0.9077781725128689,
                    0.0,
                    0.733173894971941
                ],
                [
                    0.0,
                    0.0,
                    1.0,
                    -0.6599999999999999
                ],
                [
                    0.0,
                    0.0,
                    0.0,
                    1.0
                ]
            ],
            "size": [
                0.6,
                1.0,
                0.8
            ]
        },
        "collider2": {
            "type": "Box",
            "collider2origin": [
                [
                    0.7174320054857067,
                    0.434526735981855,
                    -0.5444977807316687,
                    0.19445595051322817
                ],
                [
                    -0.3461276228319674,
                    0.9006589341789693,
                    0.2626959325842225,
                    0.9044353133245797
                ],
                [
                    0.6045551969981303,
                    -7.472649024766677e-07,
                    0.7965632515889702,
                    -0.4906999903526996
                ],
                [
                    0.0,
                    0.0,
                    0.0,
                    1.0
                ]
            ],
            "size": [
                0.1202,
                0.13634,
                0.67816
            ]
        },
        "distance": 0.0
    },
    {
        "case": 1,
        "collider1": {
            "type": "Box",
            "collider2origin": [
                [
                    0.9077781725128689,
                    0.4194505805326724,
                    0.0,
                    0.27063700059322826
                ],
                [
                    -0.4194505805326724,
                    0.9077781725128689,
                    0.0,
                    0.8002854543438492
                ],
                [
                    0.0,
                    0.0,
                    1.0,
                    -0.25
                ],
                [
                    0.0,
                    0.0,
                    0.0,
                    1.0
                ]
            ],
            "size": [
                0.2,
                0.2,
                0.02
            ]
        },
        "collider2": {
            "type": "Box",
            "collider2origin": [
                [
                    0.7174320054857067,
                    0.434526735981855,
                    -0.5444977807316687,
                    0.19445595051322817
                ],
                [
                    -0.3461276228319674,
                    0.9006589341789693,
                    0.2626959325842225,
                    0.9044353133245797
                ],
                [
                    0.6045551969981303,
                    -7.472649024766677e-07,
                    0.7965632515889702,
                    -0.4906999903526996
                ],
                [
                    0.0,
                    0.0,
                    0.0,
                    1.0
                ]
            ],
            "size": [
                0.1202,
                0.13634,
                0.67816
            ]
        },
        "distance": 0.08910150707190476
    },
    {
        "case": 2,
        "collider1": {
            "type": "Box",
            "collider2origin": [
                [
                    0.9077781725128689,
                    0.4194505805326724,
                    0.0,
                    0.4158817547107895
                ],
                [
                    -0.4194505805326724,
                    0.9077781725128689,
                    0.0,
                    0.733173894971941
                ],
                [
                    0.0,
                    0.0,
                    1.0,
                    -0.6599999999999999
                ],
                [
                    0.0,
                    0.0,
                    0.0,
                    1.0
                ]
            ],
            "size": [
                0.6,
                1.0,
                0.8
            ]
        },
        "collider2": {
            "type": "Box",
            "collider2origin": [
                [
                    -0.8996372706913522,
                    0.43452889348640494,
                    0.04286515961122225,
                    0.388790358777775
                ],
                [
                    0.4340360987630273,
                    0.9006578932489139,
                    -0.020688748125485604,
                    0.9509529051923648
                ],
                [
                    -0.04759670317980807,
                    -7.342247123310034e-06,
                    -0.9988666346377301,
                    -0.4023259586586231
                ],
                [
                    0.0,
                    0.0,
                    0.0,
                    1.0
                ]
            ],
            "size": [
                0.15068,
                0.17726,
                0.74884
            ]
        },
        "distance": 0.0
    },
    {
        "case": 3,
        "collider1": {
            "type": "Box",
            "collider2origin": [
                [
                    0.9077781725128689,
                    0.4194505805326724,
                    0.0,
                    0.27063700059322826
                ],
                [
                    -0.4194505805326724,
                    0.9077781725128689,
                    0.0,
                    0.8002854543438492
                ],
                [
                    0.0,
                    0.0,
                    1.0,
                    -0.25
                ],
                [
                    0.0,
                    0.0,
                    0.0,
                    1.0
                ]
            ],
            "size": [
                0.2,
                0.2,
                0.02
            ]
        },
        "collider2": {
            "type": "Box",
            "collider2origin": [
                [
                    -0.8996372706913522,
                    0.43452889348640494,
                    0.04286515961122225,
                    0.388790358777775
                ],
                [
                    0.4340360987630273,
                    0.9006578932489139,
                    -0.020688748125485604,
                    0.9509529051923648
                ],
                [
                    -0.04759670317980807,
                    -7.342247123310034e-06,
                    -0.9988666346377301,
                    -0.4023259586586231
                ],
                [
                    0.0,
                    0.0,
                    0.0,
                    1.0
                ]
            ],
            "size": [
                0.15068,
                0.17726,
                0.74884
            ]
        },
        "distance": 0.0
    },
    {
        "case": 4,
        "collider1": {
            "type": "Box",
            "collider2origin": [
                [
                    0.907778172512869,
                    0.4194505805326725,
                    0.0,
                    0.9947946797881562
                ],
                [
                    -0.4194505805326725,
                    0.907778172512869,
                    0.0,
                    0.5317739604993647
                ],
                [
                    0.0,
                    0.0,
                    1.0,
                    -0.69
                ],
                [
                    0.0,
                    0.0,
                    0.0,
                    1.0
                ]
            ],
            "size": [
                0.6,
                1.2,
                0.75
            ]
        },
        "collider2": {
            "type": "Box",
            "collider2origin": [
                [
                    -0.8996372706913522,
                    0.43452889348640494,
                    0.04286515961122225,
                    0.388790358777775
                ],
                [
                    0.4340360987630273,
                    0.9006578932489139,
                    -0.020688748125485604,
                    0.9509529051923648
                ],
                [
                    -0.04759670317980807,
                    -7.342247123310034e-06,
                    -0.9988666346377301,
                    -0.4023259586586231
                ],
                [
                    0.0,
                    0.0,
                    0.0,
                    1.0
                ]
            ],
            "size": [
                0.15068,
                0.17726,
                0.74884
            ]
        },
        "distance": 0.33140171299483756
    },
    {
        "case": 5,
        "collider1": {
            "type": "Box",
            "collider2origin": [
                [
                    0.9077781725128689,
                    0.4194505805326724,
                    0.0,
                    0.4158817547107895
                ],
                [
                    -0.4194505805326724,
                    0.9077781725128689,
                    0.0,
                    0.733173894971941
                ],
                [
                    0.0,
                    0.0,
                    1.0,
                    -0.6599999999999999
                ],
                [
                    0.0,
                    0.0,
                    0.0,
                    1.0
                ]
            ],
            "size": [
                0.6,
                1.0,
                0.8
            ]
        },
        "collider2": {
            "type": "Box",
            "collider2origin": [
                [
                    -0.8996372706913522,
                    0.43452889348640494,
                    0.04286515961122225,
                    0.388790358777775
                ],
                [
                    0.4340360987630273,
                    0.9006578932489139,
                    -0.020688748125485604,
                    0.9509529051923648
                ],
                [
                    -0.04759670317980807,
                    -7.342247123310034e-06,
                    -0.9988666346377301,
                    -0.4023259586586231
                ],
                [
                    0.0,
                    0.0,
                    0.0,
                    1.0
                ]
            ],
            "size": [
                0.15068,
                0.17726,
                0.74884
            ]
        },
        "distance": 0.0
    },
    {
        "case": 6,
        "collider1": {
            "type": "Box",
            "collider2origin": [
                [
                    0.9077781725128689,
                    0.4194505805326724,
                    0.0,
                    0.27063700059322826
                ],
                [
                    -0.4194505805326724,
                    0.9077781725128689,
                    0.0,
                    0.8002854543438492
                ],
                [
                    0.0,
                    0.0,
                    1.0,
                    -0.25
                ],
                [
                    0.0,
                    0.0,
                    0.0,
                    1.0
                ]
            ],
            "size": [
                0.2,
                0.2,
                0.02
            ]
        },
        "collider2": {
            "type": "Box",
            "collider2origin": [
                [
                    -0.8996372706913522,
                    0.43452889348640494,
                    0.04286515961122225,
                    0.388790358777775
                ],
                [
                    0.4340360987630273,
                    0.9006578932489139,
                    -0.020688748125485604,
                    0.9509529051923648
                ],
                [
                    -0.04759670317980807,
                    -7.342247123310034e-06,
                    -0.9988666346377301,
                    -0.4023259586586231
                ],
                [
                    0.0,
                    0.0,
                    0.0,
                    1.0
                ]
            ],
            "size": [
                0.15068,
                0.17726,
                0.74884
            ]
        },
        "distance": 0.0
    },
    {
        "case": 7,
        "collider1": {
            "type": "Box",
            "collider2origin": [
                [
                    0.907778172512869,
                    0.4194505805326725,
                    0.0,
                    0.9947946797881562
                ],
                [
                    -0.4194505805326725,
                    0.907778172512869,
                    0.0,
                    0.5317739604993647
                ],
                [
                    0.0,
                    0.0,
                    1.0,
                    -0.69
                ],
                [
                    0.0,
                    0.0,
                    0.0,
                    1.0
                ]
            ],
            "size": [
                0.6,
                1.2,
                0.75
            ]
        },
        "collider2": {
            "type": "Box",
            "collider2origin": [
                [
                    -0.8996372706913522,
                    0.43452889348640494,
                    0.04286515961122225,
                    0.388790358777775
                ],
                [
                    0.4340360987630273,
                    0.9006578932489139,
                    -0.020688748125485604,
                    0.9509529051923648
                ],
                [
                    -0.04759670317980807,
                    -7.342247123310034e-06,
                    -0.9988666346377301,
                    -0.4023259586586231
                ],
                [
                    0.0,
                    0.0,
                    0.0,
                    1.0
                ]
            ],
            "size": [
                0.15068,
                0.17726,
                0.74884
            ]
        },
        "distance": 0.33140171299483756
    },
    {
        "case": 8,
        "collider1": {
            "type": "Cylinder",
            "collider2origin": [
                [
                    0.907778172512869,
                    0.4194505805326725,
                    0.0,
                    -0.07232761537572224
                ],
                [
                    -0.4194505805326725,
                    0.907778172512869,
                    0.0,
                    1.2000044650142188
                ],
                [
                    0.0,
                    0.0,
                    1.0,
                    -0.5800000000000001
                ],
                [
                    0.0,
                    0.0,
                    0.0,
                    1.0
                ]
            ],
            "radius": 0.04,
            "height": 0.96
        },
        "collider2": {
            "type": "Box",
            "collider2origin": [
                [
                    -0.2622443889802414,
                    -0.8162278134156755,
                    -0.5147815430403901,
                    0.026454789258472666
                ],
                [
                    0.8656262064524526,
                    -0.43475161492427733,
                    0.24835922375355574,
                    1.1122433340558584
                ],
                [
                    -0.42651981331600025,
                    -0.3804775813729346,
                    0.8205593573419816,
                    -0.1671224129381077
                ],
                [
                    0.0,
                    0.0,
                    0.0,
                    1.0
                ]
            ],
            "size": [
                0.09126,
                0.11887,
                0.10009
            ]
        },
        "distance": 0.02032890684105705
    },
    {
        "case": 9,
        "collider1": {
            "type": "Box",
            "collider2origin": [
                [
                    0.9077781725128689,
                    0.4194505805326724,
                    0.0,
                    0.4158817547107895
                ],
                [
                    -0.4194505805326724,
                    0.9077781725128689,
                    0.0,
                    0.733173894971941
                ],
                [
                    0.0,
                    0.0,
                    1.0,
                    -0.6599999999999999
                ],
                [
                    0.0,
                    0.0,
                    0.0,
                    1.0
                ]
            ],
            "size": [
                0.6,
                1.0,
                0.8
            ]
        },
        "collider2": {
            "type": "Box",
            "collider2origin": [
                [
                    0.7390442367012805,
                    0.4345268451356909,
                    -0.5147815430403901,
                    0.08264490153365472
                ],
                [
                    -0.35655472948839484,
                    0.9006588815172972,
                    0.24835922375355574,
                    1.0824673531424893
                ],
                [
                    0.5715613187384879,
                    -6.591222843636677e-07,
                    0.8205593573419817,
                    -0.25612171874051337
                ],
                [
                    0.0,
                    0.0,
                    0.0,
                    1.0
                ]
            ],
            "size": [
                0.09102,
                0.10007,
                0.11882
            ]
        },
        "distance": 0.07689209302476836
    }
]