[
    {
        "case": 0,
        "collider1": {
            "type": "Box",
            "collider2origin": [
                [
                    0.907778172512869,
                    0.4194505805326725,
                    0.0,
                    -1.612083837096907
                ],
                [
                    -0.4194505805326725,
                    0.907778172512869,
                    0.0,
                    -0.24654756573714753
                ],
                [
                    0.0,
                    0.0,
                    1.0,
                    -0.040000000000000036
                ],
                [
                    0.0,
                    0.0,
                    0.0,
                    1.0
                ]
            ],
            "size": [
                2.0,
                2.0,
                2.0
            ]
        },
        "collider2": {
            "type": "Box",
            "collider2origin": [
                [
                    0.8745367901611651,
                    -0.2616569452073087,
                    -0.40831488544919103,
                    -0.6413246209326302
                ],
                [
                    -0.23708549851309405,
                    -0.9651609414889095,
                    0.11070150594747744,
                    0.8894591567032065
                ],
                [
                    -0.4230553971401431,
                    -7.00151027569937e-06,
                    -0.906103819052527,
                    -0.05025157233349864
                ],
                [
                    0.0,
                    0.0,
                    0.0,
                    1.0
                ]
            ],
            "size": [
                0.09102,
                0.10007,
                0.11882
            ]
        },
        "distance": 0.3779936396082461
    },
    {
        "case": 1,
        "collider1": {
            "type": "Box",
            "collider2origin": [
                [
                    0.907778172512869,
                    0.4194505805326725,
                    0.0,
                    -0.7418785952877999
                ],
                [
                    -0.4194505805326725,
                    0.907778172512869,
                    0.0,
                    1.2791466490804724
                ],
                [
                    0.0,
                    0.0,
                    1.0,
                    0.27
                ],
                [
                    0.0,
                    0.0,
                    0.0,
                    1.0
                ]
            ],
            "size": [
                0.52,
                1.16,
                0.6
            ]
        },
        "collider2": {
            "type": "Box",
            "collider2origin": [
                [
                    0.8745367901611651,
                    -0.2616569452073087,
                    -0.40831488544919103,
                    -0.6413246209326302
                ],
                [
                    -0.23708549851309405,
                    -0.9651609414889095,
                    0.11070150594747744,
                    0.8894591567032065
                ],
                [
                    -0.4230553971401431,
                    -7.00151027569937e-06,
                    -0.906103819052527,
                    -0.05025157233349864
                ],
                [
                    0.0,
                    0.0,
                    0.0,
                    1.0
                ]
            ],
            "size": [
                0.09102,
                0.10007,
                0.11882
            ]
        },
        "distance": 0.0
    },
    {
        "case": 2,
        "collider1": {
            "type": "Box",
            "collider2origin": [
                [
                    0.907778172512869,
                    0.4194505805326725,
                    0.0,
                    -1.612083837096907
                ],
                [
                    -0.4194505805326725,
                    0.907778172512869,
                    0.0,
                    -0.24654756573714753
                ],
                [
                    0.0,
                    0.0,
                    1.0,
                    -0.040000000000000036
                ],
                [
                    0.0,
                    0.0,
                    0.0,
                    1.0
                ]
            ],
            "size": [
                2.0,
                2.0,
                2.0
            ]
        },
        "collider2": {
            "type": "Box",
            "collider2origin": [
                [
                    -0.9600506964538491,
                    -0.14334888763187986,
                    -0.2403201128769346,
                    -0.6996214144454709
                ],
                [
                    -0.1816521807733983,
                    0.9725278987955298,
                    0.14557462445296082,
                    0.9729602389895721
                ],
                [
                    0.21285005393174936,
                    0.18341369217987694,
                    -0.959715724609218,
                    -0.13965345534011853
                ],
                [
                    0.0,
                    0.0,
                    0.0,
                    1.0
                ]
            ],
            "size": [
                0.08993,
                0.0305,
                0.09007
            ]
        },
        "distance": 0.45029553823785223
    },
    {
        "case": 3,
        "collider1": {
            "type": "Box",
            "collider2origin": [
                [
                    0.907778172512869,
                    0.4194505805326725,
                    0.0,
                    -1.612083837096907
                ],
                [
                    -0.4194505805326725,
                    0.907778172512869,
                    0.0,
                    -0.24654756573714753
                ],
                [
                    0.0,
                    0.0,
                    1.0,
                    -0.040000000000000036
                ],
                [
                    0.0,
                    0.0,
                    0.0,
                    1.0
                ]
            ],
            "size": [
                2.0,
                2.0,
                2.0
            ]
        },
        "collider2": {
            "type": "Box",
            "collider2origin": [
                [
                    -0.9015153209012513,
                    -0.14334950471113586,
                    -0.408314885449191,
                    -0.6871951543792345
                ],
                [
                    -0.20478015479872777,
                    0.9725277706994129,
                    0.11070150594747742,
                    0.8997656270888333
                ],
                [
                    0.3812285592409401,
                    0.18341388910740203,
                    -0.9061038190525269,
                    -0.14900341521946037
                ],
                [
                    0.0,
                    0.0,
                    0.0,
                    1.0
                ]
            ],
            "size": [
                0.09126,
                0.11887,
                0.10009
            ]
        },
        "distance": 0.35036640875819475
    },
    {
        "case": 4,
        "collider1": {
            "type": "Box",
            "collider2origin": [
                [
                    0.907778172512869,
                    0.4194505805326725,
                    0.0,
                    -1.612083837096907
                ],
                [
                    -0.4194505805326725,
                    0.907778172512869,
                    0.0,
                    -0.24654756573714753
                ],
                [
                    0.0,
                    0.0,
                    1.0,
                    -0.040000000000000036
                ],
                [
                    0.0,
                    0.0,
                    0.0,
                    1.0
                ]
            ],
            "size": [
                2.0,
                2.0,
                2.0
            ]
        },
        "collider2": {
            "type": "Box",
            "collider2origin": [
                [
                    -0.6578932753246561,
                    -0.26165803938240556,
                    -0.706195092526953,
                    -0.4046571151671558
                ],
                [
                    0.1783577905800529,
                    -0.9651606448800055,
                    0.1914508503878057,
                    0.9410934050638244
                ],
                [
                    -0.7316863650649765,
                    -1.1693962591339958e-06,
                    0.6816414476663182,
                    -0.24691491622037587
                ],
                [
                    0.0,
                    0.0,
                    0.0,
                    1.0
                ]
            ],
            "size": [
                0.1202,
                0.13634,
                0.67816
            ]
        },
        "distance": 0.4689973713370716
    },
    {
        "case": 5,
        "collider1": {
            "type": "Box",
            "collider2origin": [
                [
                    0.907778172512869,
                    0.4194505805326725,
                    0.0,
                    -0.7418785952877999
                ],
                [
                    -0.4194505805326725,
                    0.907778172512869,
                    0.0,
                    1.2791466490804724
                ],
                [
                    0.0,
                    0.0,
                    1.0,
                    0.27
                ],
                [
                    0.0,
                    0.0,
                    0.0,
                    1.0
                ]
            ],
            "size": [
                0.52,
                1.16,
                0.6
            ]
        },
        "collider2": {
            "type": "Box",
            "collider2origin": [
                [
                    -0.6578932753246561,
                    -0.26165803938240556,
                    -0.706195092526953,
                    -0.4046571151671558
                ],
                [
                    0.1783577905800529,
                    -0.9651606448800055,
                    0.1914508503878057,
                    0.9410934050638244
                ],
                [
                    -0.7316863650649765,
                    -1.1693962591339958e-06,
                    0.6816414476663182,
                    -0.24691491622037587
                ],
                [
                    0.0,
                    0.0,
                    0.0,
                    1.0
                ]
            ],
            "size": [
                0.1202,
                0.13634,
                0.67816
            ]
        },
        "distance": 0.0
    },
    {
        "case": 6,
        "collider1": {
            "type": "Box",
            "collider2origin": [
                [
                    0.907778172512869,
                    0.4194505805326725,
                    0.0,
                    -1.612083837096907
                ],
                [
                    -0.4194505805326725,
                    0.907778172512869,
                    0.0,
                    -0.24654756573714753
                ],
                [
                    0.0,
                    0.0,
                    1.0,
                    -0.040000000000000036
                ],
                [
                    0.0,
                    0.0,
                    0.0,
                    1.0
                ]
            ],
            "size": [
                2.0,
                2.0,
                2.0
            ]
        },
        "collider2": {
            "type": "Box",
            "collider2origin": [
                [
                    -0.07809358032685083,
                    -0.37366934280307756,
                    0.9242686919726589,
                    -0.7171466785271594
                ],
                [
                    0.2718199406648222,
                    0.8839938691844339,
                    0.38035346600406567,
                    1.0532680504525649
                ],
                [
                    -0.9591742868575583,
                    0.2809378249603456,
                    0.03253653235739716,
                    -0.12342727079443727
                ],
                [
                    0.0,
                    0.0,
                    0.0,
                    1.0
                ]
            ],
            "size": [
                0.06241,
                0.05638,
                0.02858
            ]
        },
        "distance": 0.5199711386018439
    },
    {
        "case": 7,
        "collider1": {
            "type": "Box",
            "collider2origin": [
                [
                    0.9077781725128689,
                    0.4194505805326724,
                    0.0,
                    0.4158817547107895
                ],
                [
                    -0.4194505805326724,
                    0.9077781725128689,
                    0.0,
                    0.733173894971941
                ],
                [
                    0.0,
                    0.0,
                    1.0,
                    -0.6599999999999999
                ],
                [
                    0.0,
                    0.0,
                    0.0,
                    1.0
                ]
            ],
            "size": [
                0.6,
                1.0,
                0.8
            ]
        },
        "collider2": {
            "type": "Box",
            "collider2origin": [
                [
                    0.5289293601123852,
                    -0.2616584108418149,
                    -0.8073218738810678,
                    0.01210571731862009
                ],
                [
                    -0.14338967786049486,
                    -0.9651605441600911,
                    0.21887102201904288,
                    0.6972085963653829
                ],
                [
                    -0.8364646629082223,
                    -5.686198138756077e-06,
                    -0.5480208642684153,
                    -0.267007735174577
                ],
                [
                    0.0,
                    0.0,
                    0.0,
                    1.0
                ]
            ],
            "size": [
                0.15068,
                0.17726,
                0.74884
            ]
        },
        "distance": 0.0
    },
    {
        "case": 8,
        "collider1": {
            "type": "Box",
            "collider2origin": [
                [
                    0.9077781725128689,
                    0.4194505805326724,
                    0.0,
                    0.27063700059322826
                ],
                [
                    -0.4194505805326724,
                    0.9077781725128689,
                    0.0,
                    0.8002854543438492
                ],
                [
                    0.0,
                    0.0,
                    1.0,
                    -0.25
                ],
                [
                    0.0,
                    0.0,
                    0.0,
                    1.0
                ]
            ],
            "size": [
                0.2,
                0.2,
                0.02
            ]
        },
        "collider2": {
            "type": "Box",
            "collider2origin": [
                [
                    0.5289293601123852,
                    -0.2616584108418149,
                    -0.8073218738810678,
                    0.01210571731862009
                ],
                [
                    -0.14338967786049486,
                    -0.9651605441600911,
                    0.21887102201904288,
                    0.6972085963653829
                ],
                [
                    -0.8364646629082223,
                    -5.686198138756077e-06,
                    -0.5480208642684153,
                    -0.267007735174577
                ],
                [
                    0.0,
                    0.0,
                    0.0,
                    1.0
                ]
            ],
            "size": [
                0.15068,
                0.17726,
                0.74884
            ]
        },
        "distance": 0.0
    },
    {
        "case": 9,
        "collider1": {
            "type": "Box",
            "collider2origin": [
                [
                    0.907778172512869,
                    0.4194505805326725,
                    0.0,
                    -1.612083837096907
                ],
                [
                    -0.4194505805326725,
                    0.907778172512869,
                    0.0,
                    -0.24654756573714753
                ],
                [
                    0.0,
                    0.0,
                    1.0,
                    -0.040000000000000036
                ],
                [
                    0.0,
                    0.0,
                    0.0,
                    1.0
                ]
            ],
            "size": [
                2.0,
                2.0,
                2.0
            ]
        },
        "collider2": {
            "type": "Box",
            "collider2origin": [
                [
                    0.5289293601123852,
                    -0.2616584108418149,
                    -0.8073218738810678,
                    0.01210571731862009
                ],
                [
                    -0.14338967786049486,
                    -0.9651605441600911,
                    0.21887102201904288,
                    0.6972085963653829
                ],
                [
                    -0.8364646629082223,
                    -5.686198138756077e-06,
                    -0.5480208642684153,
                    -0.267007735174577
                ],
                [
                    0.0,
                    0.0,
                    0.0,
                    1.0
                ]
            ],
            "size": [
                0.15068,
                0.17726,
                0.74884
            ]
        },
        "distance": 0.3913012642047894
    },
    {
        "case": 10,
        "collider1": {
            "type": "Box",
            "collider2origin": [
                [
                    0.907778172512869,
                    0.4194505805326725,
                    0.0,
                    -0.7418785952877999
                ],
                [
                    -0.4194505805326725,
                    0.907778172512869,
                    0.0,
                    1.2791466490804724
                ],
                [
                    0.0,
                    0.0,
                    1.0,
                    0.27
                ],
                [
                    0.0,
                    0.0,
                    0.0,
                    1.0
                ]
            ],
            "size": [
                0.52,
                1.16,
                0.6
            ]
        },
        "collider2": {
            "type": "Box",
            "collider2origin": [
                [
                    0.5289293601123852,
                    -0.2616584108418149,
                    -0.8073218738810678,
                    0.01210571731862009
                ],
                [
                    -0.14338967786049486,
                    -0.9651605441600911,
                    0.21887102201904288,
                    0.6972085963653829
                ],
                [
                    -0.8364646629082223,
                    -5.686198138756077e-06,
                    -0.5480208642684153,
                    -0.267007735174577
                ],
                [
                    0.0,
                    0.0,
                    0.0,
                    1.0
                ]
            ],
            "size": [
                0.15068,
                0.17726,
                0.74884
            ]
        },
        "distance": 0.4861431803868225
    },
    {
        "case": 11,
        "collider1": {
            "type": "Box",
            "collider2origin": [
                [
                    0.9077781725128689,
                    0.4194505805326724,
                    0.0,
                    0.4158817547107895
                ],
                [
                    -0.4194505805326724,
                    0.9077781725128689,
                    0.0,
                    0.733173894971941
                ],
                [
                    0.0,
                    0.0,
                    1.0,
                    -0.6599999999999999
                ],
                [
                    0.0,
                    0.0,
                    0.0,
                    1.0
                ]
            ],
            "size": [
                0.6,
                1.0,
                0.8
            ]
        },
        "collider2": {
            "type": "Box",
            "collider2origin": [
                [
                    0.5289293601123852,
                    -0.2616584108418149,
                    -0.8073218738810678,
                    0.01210571731862009
                ],
                [
                    -0.14338967786049486,
                    -0.9651605441600911,
                    0.21887102201904288,
                    0.6972085963653829
                ],
                [
                    -0.8364646629082223,
                    -5.686198138756077e-06,
                    -0.5480208642684153,
                    -0.267007735174577
                ],
                [
                    0.0,
                    0.0,
                    0.0,
                    1.0
                ]
            ],
            "size": [
                0.15068,
                0.17726,
                0.74884
            ]
        },
        "distance": 0.0
    },
    {
        "case": 12,
        "collider1": {
            "type": "Box",
            "collider2origin": [
                [
                    0.9077781725128689,
                    0.4194505805326724,
                    0.0,
                    0.27063700059322826
                ],
                [
                    -0.4194505805326724,
                    0.9077781725128689,
                    0.0,
                    0.8002854543438492
                ],
                [
                    0.0,
                    0.0,
                    1.0,
                    -0.25
                ],
                [
                    0.0,
                    0.0,
                    0.0,
                    1.0
                ]
            ],
            "size": [
                0.2,
                0.2,
                0.02
            ]
        },
        "collider2": {
            "type": "Box",
            "collider2origin": [
                [
                    0.5289293601123852,
                    -0.2616584108418149,
                    -0.8073218738810678,
                    0.01210571731862009
                ],
                [
                    -0.14338967786049486,
                    -0.9651605441600911,
                    0.21887102201904288,
                    0.6972085963653829
                ],
                [
                    -0.8364646629082223,
                    -5.686198138756077e-06,
                    -0.5480208642684153,
                    -0.267007735174577
                ],
                [
                    0.0,
                    0.0,
                    0.0,
                    1.0
                ]
            ],
            "size": [
                0.15068,
                0.17726,
                0.74884
            ]
        },
        "distance": 0.0
    },
    {
        "case": 13,
        "collider1": {
            "type": "Box",
            "collider2origin": [
                [
                    0.907778172512869,
                    0.4194505805326725,
                    0.0,
                    -1.612083837096907
                ],
                [
                    -0.4194505805326725,
                    0.907778172512869,
                    0.0,
                    -0.24654756573714753
                ],
                [
                    0.0,
                    0.0,
                    1.0,
                    -0.040000000000000036
                ],
                [
                    0.0,
                    0.0,
                    0.0,
                    1.0
                ]
            ],
            "size": [
                2.0,
                2.0,
                2.0
            ]
        },
        "collider2": {
            "type": "Box",
            "collider2origin": [
                [
                    0.5289293601123852,
                    -0.2616584108418149,
                    -0.8073218738810678,
                    0.01210571731862009
                ],
                [
                    -0.14338967786049486,
                    -0.9651605441600911,
                    0.21887102201904288,
                    0.6972085963653829
                ],
                [
                    -0.8364646629082223,
                    -5.686198138756077e-06,
                    -0.5480208642684153,
                    -0.267007735174577
                ],
                [
                    0.0,
                    0.0,
                    0.0,
                    1.0
                ]
            ],
            "size": [
                0.15068,
                0.17726,
                0.74884
            ]
        },
        "distance": 0.3913012642047894
    },
    {
        "case": 14,
        "collider1": {
            "type": "Box",
            "collider2origin": [
                [
                    0.907778172512869,
                    0.4194505805326725,
                    0.0,
                    -0.7418785952877999
                ],
                [
                    -0.4194505805326725,
                    0.907778172512869,
                    0.0,
                    1.2791466490804724
                ],
                [
                    0.0,
                    0.0,
                    1.0,
                    0.27
                ],
                [
                    0.0,
                    0.0,
                    0.0,
                    1.0
                ]
            ],
            "size": [
                0.52,
                1.16,
                0.6
            ]
        },
        "collider2": {
            "type": "Box",
            "collider2origin": [
                [
                    0.5289293601123852,
                    -0.2616584108418149,
                    -0.8073218738810678,
                    0.01210571731862009
                ],
                [
                    -0.14338967786049486,
                    -0.9651605441600911,
                    0.21887102201904288,
                    0.6972085963653829
                ],
                [
                    -0.8364646629082223,
                    -5.686198138756077e-06,
                    -0.5480208642684153,
                    -0.267007735174577
                ],
                [
                    0.0,
                    0.0,
                    0.0,
                    1.0
                ]
            ],
            "size": [
                0.15068,
                0.17726,
                0.74884
            ]
        },
        "distance": 0.4861431803868225
    },
    {
        "case": 15,
        "collider1": {
            "type": "Box",
            "collider2origin": [
                [
                    0.907778172512869,
                    0.4194505805326725,
                    0.0,
                    -1.612083837096907
                ],
                [
                    -0.4194505805326725,
                    0.907778172512869,
                    0.0,
                    -0.24654756573714753
                ],
                [
                    0.0,
                    0.0,
                    1.0,
                    -0.040000000000000036
                ],
                [
                    0.0,
                    0.0,
                    0.0,
                    1.0
                ]
            ],
            "size": [
                2.0,
                2.0,
                2.0
            ]
        },
        "collider2": {
            "type": "Box",
            "collider2origin": [
                [
                    -0.2700301570598696,
                    -0.37367400917670496,
                    0.8873846117349737,
                    -0.7387663365158634
                ],
                [
                    0.18608355912056807,
                    0.8839925727128524,
                    0.428870656974261,
                    1.097890061305565
                ],
                [
                    -0.9446992237232146,
                    0.2809356977215965,
                    -0.16917006367095663,
                    -0.1103176470055478
                ],
                [
                    0.0,
                    0.0,
                    0.0,
                    1.0
                ]
            ],
            "size": [
                0.07264,
                0.04753,
                0.03326
            ]
        },
        "distance": 0.5567330488218613
    }
]