[
    {
        "case": 0,
        "collider1": {
            "type": "Box",
            "collider2origin": [
                [
                    -0.49996093967317806,
                    0.8660479541001831,
                    0.0,
                    0.23518030403224222
                ],
                [
                    -0.8660479541001831,
                    -0.49996093967317806,
                    0.0,
                    1.6545490191575776
                ],
                [
                    0.0,
                    0.0,
                    1.0,
                    -0.21500000000000008
                ],
                [
                    0.0,
                    0.0,
                    0.0,
                    1.0
                ]
            ],
            "size": [
                0.2,
                0.3,
                0.22
            ]
        },
        "collider2": {
            "type": "Box",
            "collider2origin": [
                [
                    -0.015498548221474513,
                    0.9995875594008565,
                    -0.02417656084032524,
                    0.3589737303901979
                ],
                [
                    -0.5394125328876228,
                    -0.0287177834830578,
                    -0.8415517858549048,
                    1.1743344255926496
                ],
                [
                    -0.8418989929717137,
                    -1.6910145487147546e-06,
                    0.539635141211499,
                    0.0374015263203189
                ],
                [
                    0.0,
                    0.0,
                    0.0,
                    1.0
                ]
            ],
            "size": [
                0.1202,
                0.13634,
                0.67816
            ]
        },
        "distance": 0.004835519332288643
    },
    {
        "case": 1,
        "collider1": {
            "type": "Box",
            "collider2origin": [
                [
                    0.718022042059392,
                    -0.6960203640101781,
                    0.0,
                    0.13748258467077087
                ],
                [
                    0.6960203640101781,
                    0.718022042059392,
                    0.0,
                    1.5384737068316263
                ],
                [
                    0.0,
                    0.0,
                    1.0,
                    -0.21500000000000008
                ],
                [
                    0.0,
                    0.0,
                    0.0,
                    1.0
                ]
            ],
            "size": [
                0.2,
                0.3,
                0.22
            ]
        },
        "collider2": {
            "type": "Box",
            "collider2origin": [
                [
                    -0.015498548221474513,
                    0.9995875594008565,
                    -0.02417656084032524,
                    0.3589737303901979
                ],
                [
                    -0.5394125328876228,
                    -0.0287177834830578,
                    -0.8415517858549048,
                    1.1743344255926496
                ],
                [
                    -0.8418989929717137,
                    -1.6910145487147546e-06,
                    0.539635141211499,
                    0.0374015263203189
                ],
                [
                    0.0,
                    0.0,
                    0.0,
                    1.0
                ]
            ],
            "size": [
                0.1202,
                0.13634,
                0.67816
            ]
        },
        "distance": 0.0
    }
]