[
    {
        "case": 0,
        "collider1": {
            "type": "Box",
            "collider2origin": [
                [
                    0.907778172512869,
                    0.4194505805326725,
                    0.0,
                    -1.612083837096907
                ],
                [
                    -0.4194505805326725,
                    0.907778172512869,
                    0.0,
                    -0.24654756573714753
                ],
                [
                    0.0,
                    0.0,
                    1.0,
                    -0.040000000000000036
                ],
                [
                    0.0,
                    0.0,
                    0.0,
                    1.0
                ]
            ],
            "size": [
                2.0,
                2.0,
                2.0
            ]
        },
        "collider2": {
            "type": "Cylinder",
            "collider2origin": [
                [
                    -0.5102910486772032,
                    -0.016540050664250874,
                    0.8598427021054164,
                    -0.6399612479388621
                ],
                [
                    0.6148195593777678,
                    -0.7061085032498438,
                    0.35129430830116415,
                    1.026955421178481
                ],
                [
                    0.6013318177565924,
                    0.7079104522199752,
                    0.3704899952647336,
                    -1.0370278824713977
                ],
                [
                    0.0,
                    0.0,
                    0.0,
                    1.0
                ]
            ],
            "radius": 0.01271,
            "height": 0.05982
        },
        "distance": 0.5341785058466483
    },
    {
        "case": 1,
        "collider1": {
            "type": "Box",
            "collider2origin": [
                [
                    0.907778172512869,
                    0.4194505805326725,
                    0.0,
                    -1.612083837096907
                ],
                [
                    -0.4194505805326725,
                    0.907778172512869,
                    0.0,
                    -0.24654756573714753
                ],
                [
                    0.0,
                    0.0,
                    1.0,
                    -0.040000000000000036
                ],
                [
                    0.0,
                    0.0,
                    0.0,
                    1.0
                ]
            ],
            "size": [
                2.0,
                2.0,
                2.0
            ]
        },
        "collider2": {
            "type": "Cylinder",
            "collider2origin": [
                [
                    -0.5369906979880913,
                    -0.06108531690321101,
                    0.8413736235068798,
                    -0.6519019681875824
                ],
                [
                    0.5717574816936709,
                    -0.7596996456125299,
                    0.3097576965686376,
                    1.0199165538346129
                ],
                [
                    0.6202695965478026,
                    0.6473986658273484,
                    0.44287762991981794,
                    -1.0423028845052573
                ],
                [
                    0.0,
                    0.0,
                    0.0,
                    1.0
                ]
            ],
            "radius": 0.01169,
            "height": 0.05502
        },
        "distance": 0.5260316454769212
    },
    {
        "case": 2,
        "collider1": {
            "type": "Box",
            "collider2origin": [
                [
                    0.907778172512869,
                    0.4194505805326725,
                    0.0,
                    -1.612083837096907
                ],
                [
                    -0.4194505805326725,
                    0.907778172512869,
                    0.0,
                    -0.24654756573714753
                ],
                [
                    0.0,
                    0.0,
                    1.0,
                    -0.040000000000000036
                ],
                [
                    0.0,
                    0.0,
                    0.0,
                    1.0
                ]
            ],
            "size": [
                2.0,
                2.0,
                2.0
            ]
        },
        "collider2": {
            "type": "Box",
            "collider2origin": [
                [
                    -0.5229759097636573,
                    -0.5378841072424532,
                    -0.6611935306571477,
                    -0.3687149599377965
                ],
                [
                    0.333683573875229,
                    -0.8430187940811549,
                    0.42187034187272543,
                    1.0369253151969977
                ],
                [
                    -0.7843159250791291,
                    -1.3944896641718847e-06,
                    0.6203616120178017,
                    -1.0107709696530358
                ],
                [
                    0.0,
                    0.0,
                    0.0,
                    1.0
                ]
            ],
            "size": [
                0.09102,
                0.10007,
                0.11882
            ]
        },
        "distance": 0.6269837337747686
    },
    {
        "case": 3,
        "collider1": {
            "type": "Box",
            "collider2origin": [
                [
                    0.907778172512869,
                    0.4194505805326725,
                    0.0,
                    -1.612083837096907
                ],
                [
                    -0.4194505805326725,
                    0.907778172512869,
                    0.0,
                    -0.24654756573714753
                ],
                [
                    0.0,
                    0.0,
                    1.0,
                    -0.040000000000000036
                ],
                [
                    0.0,
                    0.0,
                    0.0,
                    1.0
                ]
            ],
            "size": [
                2.0,
                2.0,
                2.0
            ]
        },
        "collider2": {
            "type": "Box",
            "collider2origin": [
                [
                    0.38660168919155546,
                    -0.7496545374549737,
                    -0.5371752120001492,
                    -0.5038673657445261
                ],
                [
                    0.47198800354040404,
                    -0.33957596577515825,
                    0.8135818876928198,
                    1.0560421685049373
                ],
                [
                    -0.7923171451055314,
                    -0.5680723879410421,
                    0.22254730650084784,
                    -0.9841956371177261
                ],
                [
                    0.0,
                    0.0,
                    0.0,
                    1.0
                ]
            ],
            "size": [
                0.08993,
                0.0305,
                0.09007
            ]
        },
        "distance": 0.588137627352569
    },
    {
        "case": 4,
        "collider1": {
            "type": "Box",
            "collider2origin": [
                [
                    0.907778172512869,
                    0.4194505805326725,
                    0.0,
                    -1.612083837096907
                ],
                [
                    -0.4194505805326725,
                    0.907778172512869,
                    0.0,
                    -0.24654756573714753
                ],
                [
                    0.0,
                    0.0,
                    1.0,
                    -0.040000000000000036
                ],
                [
                    0.0,
                    0.0,
                    0.0,
                    1.0
                ]
            ],
            "size": [
                2.0,
                2.0,
                2.0
            ]
        },
        "collider2": {
            "type": "Box",
            "collider2origin": [
                [
                    0.028991489919687412,
                    -0.7496549929996947,
                    -0.6611935306571477,
                    -0.44487986546563446
                ],
                [
                    0.8406620015946735,
                    -0.33957740461200747,
                    0.42187034187272543,
                    1.0790765484791882
                ],
                [
                    -0.5407835912701807,
                    -0.5680709266875049,
                    0.6203616120178017,
                    -0.9443453775655227
                ],
                [
                    0.0,
                    0.0,
                    0.0,
                    1.0
                ]
            ],
            "size": [
                0.09126,
                0.11887,
                0.10009
            ]
        },
        "distance": 0.615283793453513
    },
    {
        "case": 5,
        "collider1": {
            "type": "Box",
            "collider2origin": [
                [
                    0.9077781725128689,
                    0.4194505805326724,
                    0.0,
                    0.4158817547107895
                ],
                [
                    -0.4194505805326724,
                    0.9077781725128689,
                    0.0,
                    0.733173894971941
                ],
                [
                    0.0,
                    0.0,
                    1.0,
                    -0.6599999999999999
                ],
                [
                    0.0,
                    0.0,
                    0.0,
                    1.0
                ]
            ],
            "size": [
                0.6,
                1.0,
                0.8
            ]
        },
        "collider2": {
            "type": "Box",
            "collider2origin": [
                [
                    0.5055983023706682,
                    -0.5378841563941376,
                    -0.6745746741021824,
                    -0.11011366668633271
                ],
                [
                    -0.32258904107443076,
                    -0.8430187627008295,
                    0.4304133784085271,
                    1.0044972312289628
                ],
                [
                    -0.8001916440569582,
                    -5.87618925563222e-06,
                    -0.5997443895084745,
                    -0.8374059028877884
                ],
                [
                    0.0,
                    0.0,
                    0.0,
                    1.0
                ]
            ],
            "size": [
                0.1202,
                0.13634,
                0.67816
            ]
        },
        "distance": 0.0
    },
    {
        "case": 6,
        "collider1": {
            "type": "Box",
            "collider2origin": [
                [
                    0.907778172512869,
                    0.4194505805326725,
                    0.0,
                    -1.612083837096907
                ],
                [
                    -0.4194505805326725,
                    0.907778172512869,
                    0.0,
                    -0.24654756573714753
                ],
                [
                    0.0,
                    0.0,
                    1.0,
                    -0.040000000000000036
                ],
                [
                    0.0,
                    0.0,
                    0.0,
                    1.0
                ]
            ],
            "size": [
                2.0,
                2.0,
                2.0
            ]
        },
        "collider2": {
            "type": "Box",
            "collider2origin": [
                [
                    0.5055983023706682,
                    -0.5378841563941376,
                    -0.6745746741021824,
                    -0.11011366668633271
                ],
                [
                    -0.32258904107443076,
                    -0.8430187627008295,
                    0.4304133784085271,
                    1.0044972312289628
                ],
                [
                    -0.8001916440569582,
                    -5.87618925563222e-06,
                    -0.5997443895084745,
                    -0.8374059028877884
                ],
                [
                    0.0,
                    0.0,
                    0.0,
                    1.0
                ]
            ],
            "size": [
                0.1202,
                0.13634,
                0.67816
            ]
        },
        "distance": 0.6688042935624423
    },
    {
        "case": 7,
        "collider1": {
            "type": "Cylinder",
            "collider2origin": [
                [
                    0.907778172512869,
                    0.4194505805326725,
                    0.0,
                    -0.07232761537572224
                ],
                [
                    -0.4194505805326725,
                    0.907778172512869,
                    0.0,
                    1.2000044650142188
                ],
                [
                    0.0,
                    0.0,
                    1.0,
                    -0.5800000000000001
                ],
                [
                    0.0,
                    0.0,
                    0.0,
                    1.0
                ]
            ],
            "radius": 0.04,
            "height": 0.96
        },
        "collider2": {
            "type": "Box",
            "collider2origin": [
                [
                    0.5055983023706682,
                    -0.5378841563941376,
                    -0.6745746741021824,
                    -0.11011366668633271
                ],
                [
                    -0.32258904107443076,
                    -0.8430187627008295,
                    0.4304133784085271,
                    1.0044972312289628
                ],
                [
                    -0.8001916440569582,
                    -5.87618925563222e-06,
                    -0.5997443895084745,
                    -0.8374059028877884
                ],
                [
                    0.0,
                    0.0,
                    0.0,
                    1.0
                ]
            ],
            "size": [
                0.1202,
                0.13634,
                0.67816
            ]
        },
        "distance": 0.07697002046312634
    },
    {
        "case": 8,
        "collider1": {
            "type": "Box",
            "collider2origin": [
                [
                    0.907778172512869,
                    0.4194505805326725,
                    0.0,
                    -1.612083837096907
                ],
                [
                    -0.4194505805326725,
                    0.907778172512869,
                    0.0,
                    -0.24654756573714753
                ],
                [
                    0.0,
                    0.0,
                    1.0,
                    -0.040000000000000036
                ],
                [
                    0.0,
                    0.0,
                    0.0,
                    1.0
                ]
            ],
            "size": [
                2.0,
                2.0,
                2.0
            ]
        },
        "collider2": {
            "type": "Box",
            "collider2origin": [
                [
                    -0.6695403450645824,
                    -0.5960728098603513,
                    -0.4431849858422388,
                    -0.5645080851656086
                ],
                [
                    0.6782839661851636,
                    -0.2474705223759389,
                    -0.6918736891739008,
                    1.0306114529668033
                ],
                [
                    0.3027318740187824,
                    -0.7638426185413885,
                    0.5699981285521124,
                    -1.0361162532863646
                ],
                [
                    0.0,
                    0.0,
                    0.0,
                    1.0
                ]
            ],
            "size": [
                0.06241,
                0.05638,
                0.02858
            ]
        },
        "distance": 0.5636391807387383
    },
    {
        "case": 9,
        "collider1": {
            "type": "Box",
            "collider2origin": [
                [
                    0.9077781725128689,
                    0.4194505805326724,
                    0.0,
                    0.4158817547107895
                ],
                [
                    -0.4194505805326724,
                    0.9077781725128689,
                    0.0,
                    0.733173894971941
                ],
                [
                    0.0,
                    0.0,
                    1.0,
                    -0.6599999999999999
                ],
                [
                    0.0,
                    0.0,
                    0.0,
                    1.0
                ]
            ],
            "size": [
                0.6,
                1.0,
                0.8
            ]
        },
        "collider2": {
            "type": "Box",
            "collider2origin": [
                [
                    0.7804801880461196,
                    -0.5378828489803804,
                    -0.31864198850785985,
                    0.110457313706678
                ],
                [
                    -0.497976838106061,
                    -0.8430195968794019,
                    0.20331509532541062,
                    0.7138959785357597
                ],
                [
                    -0.3779811434150964,
                    -7.073907219314921e-06,
                    -0.9258132939057291,
                    -0.380379473602924
                ],
                [
                    0.0,
                    0.0,
                    0.0,
                    1.0
                ]
            ],
            "size": [
                0.15068,
                0.17726,
                0.74884
            ]
        },
        "distance": 0.0
    },
    {
        "case": 10,
        "collider1": {
            "type": "Box",
            "collider2origin": [
                [
                    0.9077781725128689,
                    0.4194505805326724,
                    0.0,
                    0.27063700059322826
                ],
                [
                    -0.4194505805326724,
                    0.9077781725128689,
                    0.0,
                    0.8002854543438492
                ],
                [
                    0.0,
                    0.0,
                    1.0,
                    -0.25
                ],
                [
                    0.0,
                    0.0,
                    0.0,
                    1.0
                ]
            ],
            "size": [
                0.2,
                0.2,
                0.02
            ]
        },
        "collider2": {
            "type": "Box",
            "collider2origin": [
                [
                    0.7804801880461196,
                    -0.5378828489803804,
                    -0.31864198850785985,
                    0.110457313706678
                ],
                [
                    -0.497976838106061,
                    -0.8430195968794019,
                    0.20331509532541062,
                    0.7138959785357597
                ],
                [
                    -0.3779811434150964,
                    -7.073907219314921e-06,
                    -0.9258132939057291,
                    -0.380379473602924
                ],
                [
                    0.0,
                    0.0,
                    0.0,
                    1.0
                ]
            ],
            "size": [
                0.15068,
                0.17726,
                0.74884
            ]
        },
        "distance": 0.0
    },
    {
        "case": 11,
        "collider1": {
            "type": "Box",
            "collider2origin": [
                [
                    0.9077781725128689,
                    0.4194505805326724,
                    0.0,
                    0.4158817547107895
                ],
                [
                    -0.4194505805326724,
                    0.9077781725128689,
                    0.0,
                    0.733173894971941
                ],
                [
                    0.0,
                    0.0,
                    1.0,
                    -0.6599999999999999
                ],
                [
                    0.0,
                    0.0,
                    0.0,
                    1.0
                ]
            ],
            "size": [
                0.6,
                1.0,
                0.8
            ]
        },
        "collider2": {
            "type": "Box",
            "collider2origin": [
                [
                    0.7804801880461196,
                    -0.5378828489803804,
                    -0.31864198850785985,
                    0.110457313706678
                ],
                [
                    -0.497976838106061,
                    -0.8430195968794019,
                    0.20331509532541062,
                    0.7138959785357597
                ],
                [
                    -0.3779811434150964,
                    -7.073907219314921e-06,
                    -0.9258132939057291,
                    -0.380379473602924
                ],
                [
                    0.0,
                    0.0,
                    0.0,
                    1.0
                ]
            ],
            "size": [
                0.15068,
                0.17726,
                0.74884
            ]
        },
        "distance": 0.0
    },
    {
        "case": 12,
        "collider1": {
            "type": "Box",
            "collider2origin": [
                [
                    0.9077781725128689,
                    0.4194505805326724,
                    0.0,
                    0.27063700059322826
                ],
                [
                    -0.4194505805326724,
                    0.9077781725128689,
                    0.0,
                    0.8002854543438492
                ],
                [
                    0.0,
                    0.0,
                    1.0,
                    -0.25
                ],
                [
                    0.0,
                    0.0,
                    0.0,
                    1.0
                ]
            ],
            "size": [
                0.2,
                0.2,
                0.02
            ]
        },
        "collider2": {
            "type": "Box",
            "collider2origin": [
                [
                    0.7804801880461196,
                    -0.5378828489803804,
                    -0.31864198850785985,
                    0.110457313706678
                ],
                [
                    -0.497976838106061,
                    -0.8430195968794019,
                    0.20331509532541062,
                    0.7138959785357597
                ],
                [
                    -0.3779811434150964,
                    -7.073907219314921e-06,
                    -0.9258132939057291,
                    -0.380379473602924
                ],
                [
                    0.0,
                    0.0,
                    0.0,
                    1.0
                ]
            ],
            "size": [
                0.15068,
                0.17726,
                0.74884
            ]
        },
        "distance": 0.0
    }
]