[
    {
        "case": 0,
        "collider1": {
            "type": "Box",
            "collider2origin": [
                [
                    0.907778172512869,
                    0.4194505805326725,
                    0.0,
                    -1.612083837096907
                ],
                [
                    -0.4194505805326725,
                    0.907778172512869,
                    0.0,
                    -0.24654756573714753
                ],
                [
                    0.0,
                    0.0,
                    1.0,
                    -0.040000000000000036
                ],
                [
                    0.0,
                    0.0,
                    0.0,
                    1.0
                ]
            ],
            "size": [
                2.0,
                2.0,
                2.0
            ]
        },
        "collider2": {
            "type": "Box",
            "collider2origin": [
                [
                    0.4475201708163427,
                    -0.4292602170462199,
                    -0.78451345608214,
                    -0.010297808917798468
                ],
                [
                    0.21269739408001093,
                    0.9031808601038875,
                    -0.37285942725586885,
                    0.845774743632704
                ],
                [
                    0.8686112566989239,
                    -1.8531533441103742e-06,
                    0.4954941823396938,
                    0.04584684488798052
                ],
                [
                    0.0,
                    0.0,
                    0.0,
                    1.0
                ]
            ],
            "size": [
                0.15068,
                0.17726,
                0.74884
            ]
        },
        "distance": 0.32811915496582034
    },
    {
        "case": 1,
        "collider1": {
            "type": "Box",
            "collider2origin": [
                [
                    0.907778172512869,
                    0.4194505805326725,
                    0.0,
                    -0.7418785952877999
                ],
                [
                    -0.4194505805326725,
                    0.907778172512869,
                    0.0,
                    1.2791466490804724
                ],
                [
                    0.0,
                    0.0,
                    1.0,
                    0.27
                ],
                [
                    0.0,
                    0.0,
                    0.0,
                    1.0
                ]
            ],
            "size": [
                0.52,
                1.16,
                0.6
            ]
        },
        "collider2": {
            "type": "Box",
            "collider2origin": [
                [
                    0.4475201708163427,
                    -0.4292602170462199,
                    -0.78451345608214,
                    -0.010297808917798468
                ],
                [
                    0.21269739408001093,
                    0.9031808601038875,
                    -0.37285942725586885,
                    0.845774743632704
                ],
                [
                    0.8686112566989239,
                    -1.8531533441103742e-06,
                    0.4954941823396938,
                    0.04584684488798052
                ],
                [
                    0.0,
                    0.0,
                    0.0,
                    1.0
                ]
            ],
            "size": [
                0.15068,
                0.17726,
                0.74884
            ]
        },
        "distance": 0.28580192428759865
    },
    {
        "case": 2,
        "collider1": {
            "type": "Box",
            "collider2origin": [
                [
                    0.907778172512869,
                    0.4194505805326725,
                    0.0,
                    -1.612083837096907
                ],
                [
                    -0.4194505805326725,
                    0.907778172512869,
                    0.0,
                    -0.24654756573714753
                ],
                [
                    0.0,
                    0.0,
                    1.0,
                    -0.040000000000000036
                ],
                [
                    0.0,
                    0.0,
                    0.0,
                    1.0
                ]
            ],
            "size": [
                2.0,
                2.0,
                2.0
            ]
        },
        "collider2": {
            "type": "Box",
            "collider2origin": [
                [
                    0.4475201708163427,
                    -0.4292602170462199,
                    -0.78451345608214,
                    -0.010297808917798468
                ],
                [
                    0.21269739408001093,
                    0.9031808601038875,
                    -0.37285942725586885,
                    0.845774743632704
                ],
                [
                    0.8686112566989239,
                    -1.8531533441103742e-06,
                    0.4954941823396938,
                    0.04584684488798052
                ],
                [
                    0.0,
                    0.0,
                    0.0,
                    1.0
                ]
            ],
            "size": [
                0.15068,
                0.17726,
                0.74884
            ]
        },
        "distance": 0.32811915496582034
    },
    {
        "case": 3,
        "collider1": {
            "type": "Box",
            "collider2origin": [
                [
                    0.907778172512869,
                    0.4194505805326725,
                    0.0,
                    -0.7418785952877999
                ],
                [
                    -0.4194505805326725,
                    0.907778172512869,
                    0.0,
                    1.2791466490804724
                ],
                [
                    0.0,
                    0.0,
                    1.0,
                    0.27
                ],
                [
                    0.0,
                    0.0,
                    0.0,
                    1.0
                ]
            ],
            "size": [
                0.52,
                1.16,
                0.6
            ]
        },
        "collider2": {
            "type": "Box",
            "collider2origin": [
                [
                    0.4475201708163427,
                    -0.4292602170462199,
                    -0.78451345608214,
                    -0.010297808917798468
                ],
                [
                    0.21269739408001093,
                    0.9031808601038875,
                    -0.37285942725586885,
                    0.845774743632704
                ],
                [
                    0.8686112566989239,
                    -1.8531533441103742e-06,
                    0.4954941823396938,
                    0.04584684488798052
                ],
                [
                    0.0,
                    0.0,
                    0.0,
                    1.0
                ]
            ],
            "size": [
                0.15068,
                0.17726,
                0.74884
            ]
        },
        "distance": 0.28580192428759865
    },
    {
        "case": 4,
        "collider1": {
            "type": "Box",
            "collider2origin": [
                [
                    0.907778172512869,
                    0.4194505805326725,
                    0.0,
                    -1.612083837096907
                ],
                [
                    -0.4194505805326725,
                    0.907778172512869,
                    0.0,
                    -0.24654756573714753
                ],
                [
                    0.0,
                    0.0,
                    1.0,
                    -0.040000000000000036
                ],
                [
                    0.0,
                    0.0,
                    0.0,
                    1.0
                ]
            ],
            "size": [
                2.0,
                2.0,
                2.0
            ]
        },
        "collider2": {
            "type": "Box",
            "collider2origin": [
                [
                    0.029971770409580722,
                    -0.4292540196152142,
                    0.902686368359851,
                    0.05228932416446236
                ],
                [
                    0.014240682220215144,
                    0.9031838055631697,
                    0.42901773429350626,
                    0.735638153151886
                ],
                [
                    -0.9994492963369468,
                    -3.55131755076887e-06,
                    0.03318288774308098,
                    0.20991729716155927
                ],
                [
                    0.0,
                    0.0,
                    0.0,
                    1.0
                ]
            ],
            "size": [
                0.1202,
                0.13634,
                0.67816
            ]
        },
        "distance": 0.2841363315997831
    },
    {
        "case": 5,
        "collider1": {
            "type": "Box",
            "collider2origin": [
                [
                    0.907778172512869,
                    0.4194505805326725,
                    0.0,
                    -0.7418785952877999
                ],
                [
                    -0.4194505805326725,
                    0.907778172512869,
                    0.0,
                    1.2791466490804724
                ],
                [
                    0.0,
                    0.0,
                    1.0,
                    0.27
                ],
                [
                    0.0,
                    0.0,
                    0.0,
                    1.0
                ]
            ],
            "size": [
                0.52,
                1.16,
                0.6
            ]
        },
        "collider2": {
            "type": "Box",
            "collider2origin": [
                [
                    0.029971770409580722,
                    -0.4292540196152142,
                    0.902686368359851,
                    0.05228932416446236
                ],
                [
                    0.014240682220215144,
                    0.9031838055631697,
                    0.42901773429350626,
                    0.735638153151886
                ],
                [
                    -0.9994492963369468,
                    -3.55131755076887e-06,
                    0.03318288774308098,
                    0.20991729716155927
                ],
                [
                    0.0,
                    0.0,
                    0.0,
                    1.0
                ]
            ],
            "size": [
                0.1202,
                0.13634,
                0.67816
            ]
        },
        "distance": 0.4184005134589783
    }
]