[
    {
        "case": 0,
        "collider1": {
            "type": "Box",
            "collider2origin": [
                [
                    0.9077781725128689,
                    0.4194505805326724,
                    0.0,
                    0.4158817547107895
                ],
                [
                    -0.4194505805326724,
                    0.9077781725128689,
                    0.0,
                    0.733173894971941
                ],
                [
                    0.0,
                    0.0,
                    1.0,
                    -0.6599999999999999
                ],
                [
                    0.0,
                    0.0,
                    0.0,
                    1.0
                ]
            ],
            "size": [
                0.6,
                1.0,
                0.8
            ]
        },
        "collider2": {
            "type": "Box",
            "collider2origin": [
                [
                    -0.5292578902099196,
                    -0.04684161658545684,
                    -0.8471670134077492,
                    0.03775240907131194
                ],
                [
                    -0.024813766705912614,
                    0.9989023290212529,
                    -0.0397292594668123,
                    0.9624344066782269
                ],
                [
                    0.8480980855021482,
                    -5.619413362953239e-06,
                    -0.5298392561296426,
                    -0.26172039831163785
                ],
                [
                    0.0,
                    0.0,
                    0.0,
                    1.0
                ]
            ],
            "size": [
                0.15068,
                0.17726,
                0.74884
            ]
        },
        "distance": 0.0
    },
    {
        "case": 1,
        "collider1": {
            "type": "Box",
            "collider2origin": [
                [
                    0.9077781725128689,
                    0.4194505805326724,
                    0.0,
                    0.27063700059322826
                ],
                [
                    -0.4194505805326724,
                    0.9077781725128689,
                    0.0,
                    0.8002854543438492
                ],
                [
                    0.0,
                    0.0,
                    1.0,
                    -0.25
                ],
                [
                    0.0,
                    0.0,
                    0.0,
                    1.0
                ]
            ],
            "size": [
                0.2,
                0.2,
                0.02
            ]
        },
        "collider2": {
            "type": "Box",
            "collider2origin": [
                [
                    -0.5292578902099196,
                    -0.04684161658545684,
                    -0.8471670134077492,
                    0.03775240907131194
                ],
                [
                    -0.024813766705912614,
                    0.9989023290212529,
                    -0.0397292594668123,
                    0.9624344066782269
                ],
                [
                    0.8480980855021482,
                    -5.619413362953239e-06,
                    -0.5298392561296426,
                    -0.26172039831163785
                ],
                [
                    0.0,
                    0.0,
                    0.0,
                    1.0
                ]
            ],
            "size": [
                0.15068,
                0.17726,
                0.74884
            ]
        },
        "distance": 0.0
    },
    {
        "case": 2,
        "collider1": {
            "type": "Box",
            "collider2origin": [
                [
                    0.907778172512869,
                    0.4194505805326725,
                    0.0,
                    -1.612083837096907
                ],
                [
                    -0.4194505805326725,
                    0.907778172512869,
                    0.0,
                    -0.24654756573714753
                ],
                [
                    0.0,
                    0.0,
                    1.0,
                    -0.040000000000000036
                ],
                [
                    0.0,
                    0.0,
                    0.0,
                    1.0
                ]
            ],
            "size": [
                2.0,
                2.0,
                2.0
            ]
        },
        "collider2": {
            "type": "Box",
            "collider2origin": [
                [
                    -0.5292578902099196,
                    -0.04684161658545684,
                    -0.8471670134077492,
                    0.03775240907131194
                ],
                [
                    -0.024813766705912614,
                    0.9989023290212529,
                    -0.0397292594668123,
                    0.9624344066782269
                ],
                [
                    0.8480980855021482,
                    -5.619413362953239e-06,
                    -0.5298392561296426,
                    -0.26172039831163785
                ],
                [
                    0.0,
                    0.0,
                    0.0,
                    1.0
                ]
            ],
            "size": [
                0.15068,
                0.17726,
                0.74884
            ]
        },
        "distance": 0.5459114232997875
    },
    {
        "case": 3,
        "collider1": {
            "type": "Box",
            "collider2origin": [
                [
                    0.907778172512869,
                    0.4194505805326725,
                    0.0,
                    -0.7418785952877999
                ],
                [
                    -0.4194505805326725,
                    0.907778172512869,
                    0.0,
                    1.2791466490804724
                ],
                [
                    0.0,
                    0.0,
                    1.0,
                    0.27
                ],
                [
                    0.0,
                    0.0,
                    0.0,
                    1.0
                ]
            ],
            "size": [
                0.52,
                1.16,
                0.6
            ]
        },
        "collider2": {
            "type": "Box",
            "collider2origin": [
                [
                    -0.5292578902099196,
                    -0.04684161658545684,
                    -0.8471670134077492,
                    0.03775240907131194
                ],
                [
                    -0.024813766705912614,
                    0.9989023290212529,
                    -0.0397292594668123,
                    0.9624344066782269
                ],
                [
                    0.8480980855021482,
                    -5.619413362953239e-06,
                    -0.5298392561296426,
                    -0.26172039831163785
                ],
                [
                    0.0,
                    0.0,
                    0.0,
                    1.0
                ]
            ],
            "size": [
                0.15068,
                0.17726,
                0.74884
            ]
        },
        "distance": 0.42755652567633645
    },
    {
        "case": 4,
        "collider1": {
            "type": "Box",
            "collider2origin": [
                [
                    0.9077781725128689,
                    0.4194505805326724,
                    0.0,
                    0.4158817547107895
                ],
                [
                    -0.4194505805326724,
                    0.9077781725128689,
                    0.0,
                    0.733173894971941
                ],
                [
                    0.0,
                    0.0,
                    1.0,
                    -0.6599999999999999
                ],
                [
                    0.0,
                    0.0,
                    0.0,
                    1.0
                ]
            ],
            "size": [
                0.6,
                1.0,
                0.8
            ]
        },
        "collider2": {
            "type": "Box",
            "collider2origin": [
                [
                    -0.5292578902099196,
                    -0.04684161658545684,
                    -0.8471670134077492,
                    0.03775240907131194
                ],
                [
                    -0.024813766705912614,
                    0.9989023290212529,
                    -0.0397292594668123,
                    0.9624344066782269
                ],
                [
                    0.8480980855021482,
                    -5.619413362953239e-06,
                    -0.5298392561296426,
                    -0.26172039831163785
                ],
                [
                    0.0,
                    0.0,
                    0.0,
                    1.0
                ]
            ],
            "size": [
                0.15068,
                0.17726,
                0.74884
            ]
        },
        "distance": 0.0
    },
    {
        "case": 5,
        "collider1": {
            "type": "Box",
            "collider2origin": [
                [
                    0.9077781725128689,
                    0.4194505805326724,
                    0.0,
                    0.27063700059322826
                ],
                [
                    -0.4194505805326724,
                    0.9077781725128689,
                    0.0,
                    0.8002854543438492
                ],
                [
                    0.0,
                    0.0,
                    1.0,
                    -0.25
                ],
                [
                    0.0,
                    0.0,
                    0.0,
                    1.0
                ]
            ],
            "size": [
                0.2,
                0.2,
                0.02
            ]
        },
        "collider2": {
            "type": "Box",
            "collider2origin": [
                [
                    -0.5292578902099196,
                    -0.04684161658545684,
                    -0.8471670134077492,
                    0.03775240907131194
                ],
                [
                    -0.024813766705912614,
                    0.9989023290212529,
                    -0.0397292594668123,
                    0.9624344066782269
                ],
                [
                    0.8480980855021482,
                    -5.619413362953239e-06,
                    -0.5298392561296426,
                    -0.26172039831163785
                ],
                [
                    0.0,
                    0.0,
                    0.0,
                    1.0
                ]
            ],
            "size": [
                0.15068,
                0.17726,
                0.74884
            ]
        },
        "distance": 0.0
    },
    {
        "case": 6,
        "collider1": {
            "type": "Box",
            "collider2origin": [
                [
                    0.907778172512869,
                    0.4194505805326725,
                    0.0,
                    -1.612083837096907
                ],
                [
                    -0.4194505805326725,
                    0.907778172512869,
                    0.0,
                    -0.24654756573714753
                ],
                [
                    0.0,
                    0.0,
                    1.0,
                    -0.040000000000000036
                ],
                [
                    0.0,
                    0.0,
                    0.0,
                    1.0
                ]
            ],
            "size": [
                2.0,
                2.0,
                2.0
            ]
        },
        "collider2": {
            "type": "Box",
            "collider2origin": [
                [
                    -0.5292578902099196,
                    -0.04684161658545684,
                    -0.8471670134077492,
                    0.03775240907131194
                ],
                [
                    -0.024813766705912614,
                    0.9989023290212529,
                    -0.0397292594668123,
                    0.9624344066782269
                ],
                [
                    0.8480980855021482,
                    -5.619413362953239e-06,
                    -0.5298392561296426,
                    -0.26172039831163785
                ],
                [
                    0.0,
                    0.0,
                    0.0,
                    1.0
                ]
            ],
            "size": [
                0.15068,
                0.17726,
                0.74884
            ]
        },
        "distance": 0.5459114232997875
    },
    {
        "case": 7,
        "collider1": {
            "type": "Box",
            "collider2origin": [
                [
                    0.907778172512869,
                    0.4194505805326725,
                    0.0,
                    -0.7418785952877999
                ],
                [
                    -0.4194505805326725,
                    0.907778172512869,
                    0.0,
                    1.2791466490804724
                ],
                [
                    0.0,
                    0.0,
                    1.0,
                    0.27
                ],
                [
                    0.0,
                    0.0,
                    0.0,
                    1.0
                ]
            ],
            "size": [
                0.52,
                1.16,
                0.6
            ]
        },
        "collider2": {
            "type": "Box",
            "collider2origin": [
                [
                    -0.5292578902099196,
                    -0.04684161658545684,
                    -0.8471670134077492,
                    0.03775240907131194
                ],
                [
                    -0.024813766705912614,
                    0.9989023290212529,
                    -0.0397292594668123,
                    0.9624344066782269
                ],
                [
                    0.8480980855021482,
                    -5.619413362953239e-06,
                    -0.5298392561296426,
                    -0.26172039831163785
                ],
                [
                    0.0,
                    0.0,
                    0.0,
                    1.0
                ]
            ],
            "size": [
                0.15068,
                0.17726,
                0.74884
            ]
        },
        "distance": 0.42755652567633645
    },
    {
        "case": 8,
        "collider1": {
            "type": "Box",
            "collider2origin": [
                [
                    0.907778172512869,
                    0.4194505805326725,
                    0.0,
                    -1.612083837096907
                ],
                [
                    -0.4194505805326725,
                    0.907778172512869,
                    0.0,
                    -0.24654756573714753
                ],
                [
                    0.0,
                    0.0,
                    1.0,
                    -0.040000000000000036
                ],
                [
                    0.0,
                    0.0,
                    0.0,
                    1.0
                ]
            ],
            "size": [
                2.0,
                2.0,
                2.0
            ]
        },
        "collider2": {
            "type": "Box",
            "collider2origin": [
                [
                    0.9984764338086287,
                    -0.046838611918849735,
                    -0.02917114262963229,
                    -0.22897333312023999
                ],
                [
                    0.04681863509885806,
                    0.9989024699306311,
                    -0.0013678355034844813,
                    0.8234492545696068
                ],
                [
                    0.029203193939755012,
                    -1.566637481431982e-09,
                    0.9995734957789331,
                    -0.14669149669394077
                ],
                [
                    0.0,
                    0.0,
                    0.0,
                    1.0
                ]
            ],
            "size": [
                0.1202,
                0.13634,
                0.67816
            ]
        },
        "distance": 0.4586953992757288
    },
    {
        "case": 9,
        "collider1": {
            "type": "Box",
            "collider2origin": [
                [
                    0.907778172512869,
                    0.4194505805326725,
                    0.0,
                    -0.7418785952877999
                ],
                [
                    -0.4194505805326725,
                    0.907778172512869,
                    0.0,
                    1.2791466490804724
                ],
                [
                    0.0,
                    0.0,
                    1.0,
                    0.27
                ],
                [
                    0.0,
                    0.0,
                    0.0,
                    1.0
                ]
            ],
            "size": [
                0.52,
                1.16,
                0.6
            ]
        },
        "collider2": {
            "type": "Box",
            "collider2origin": [
                [
                    0.9984764338086287,
                    -0.046838611918849735,
                    -0.02917114262963229,
                    -0.22897333312023999
                ],
                [
                    0.04681863509885806,
                    0.9989024699306311,
                    -0.0013678355034844813,
                    0.8234492545696068
                ],
                [
                    0.029203193939755012,
                    -1.566637481431982e-09,
                    0.9995734957789331,
                    -0.14669149669394077
                ],
                [
                    0.0,
                    0.0,
                    0.0,
                    1.0
                ]
            ],
            "size": [
                0.1202,
                0.13634,
                0.67816
            ]
        },
        "distance": 0.30320694466598835
    },
    {
        "case": 10,
        "collider1": {
            "type": "Box",
            "collider2origin": [
                [
                    0.907778172512869,
                    0.4194505805326725,
                    0.0,
                    -1.612083837096907
                ],
                [
                    -0.4194505805326725,
                    0.907778172512869,
                    0.0,
                    -0.24654756573714753
                ],
                [
                    0.0,
                    0.0,
                    1.0,
                    -0.040000000000000036
                ],
                [
                    0.0,
                    0.0,
                    0.0,
                    1.0
                ]
            ],
            "size": [
                2.0,
                2.0,
                2.0
            ]
        },
        "collider2": {
            "type": "Box",
            "collider2origin": [
                [
                    -0.5728903925841098,
                    -0.04683549901013327,
                    0.8182927557526689,
                    -0.24041848304051677
                ],
                [
                    -0.02686582435790564,
                    0.9989026158735721,
                    0.03836393465880633,
                    0.9347964541411523
                ],
                [
                    -0.819191568295472,
                    -5.779861643020184e-06,
                    -0.5735199860512257,
                    0.14377408876683662
                ],
                [
                    0.0,
                    0.0,
                    0.0,
                    1.0
                ]
            ],
            "size": [
                0.09102,
                0.10007,
                0.11882
            ]
        },
        "distance": 0.5688498258710263
    },
    {
        "case": 11,
        "collider1": {
            "type": "Box",
            "collider2origin": [
                [
                    0.907778172512869,
                    0.4194505805326725,
                    0.0,
                    -0.7418785952877999
                ],
                [
                    -0.4194505805326725,
                    0.907778172512869,
                    0.0,
                    1.2791466490804724
                ],
                [
                    0.0,
                    0.0,
                    1.0,
                    0.27
                ],
                [
                    0.0,
                    0.0,
                    0.0,
                    1.0
                ]
            ],
            "size": [
                0.52,
                1.16,
                0.6
            ]
        },
        "collider2": {
            "type": "Box",
            "collider2origin": [
                [
                    -0.5728903925841098,
                    -0.04683549901013327,
                    0.8182927557526689,
                    -0.24041848304051677
                ],
                [
                    -0.02686582435790564,
                    0.9989026158735721,
                    0.03836393465880633,
                    0.9347964541411523
                ],
                [
                    -0.819191568295472,
                    -5.779861643020184e-06,
                    -0.5735199860512257,
                    0.14377408876683662
                ],
                [
                    0.0,
                    0.0,
                    0.0,
                    1.0
                ]
            ],
            "size": [
                0.09102,
                0.10007,
                0.11882
            ]
        },
        "distance": 0.2502305723261367
    }
]