[
    {
        "case": 0,
        "collider1": {
            "type": "Box",
            "collider2origin": [
                [
                    0.9077781725128689,
                    0.4194505805326724,
                    0.0,
                    0.4158817547107895
                ],
                [
                    -0.4194505805326724,
                    0.9077781725128689,
                    0.0,
                    0.733173894971941
                ],
                [
                    0.0,
                    0.0,
                    1.0,
                    -0.6599999999999999
                ],
                [
                    0.0,
                    0.0,
                    0.0,
                    1.0
                ]
            ],
            "size": [
                0.6,
                1.0,
                0.8
            ]
        },
        "collider2": {
            "type": "Box",
            "collider2origin": [
                [
                    -0.14667654658461657,
                    0.923200359014199,
                    -0.3552282193155059,
                    0.06678228229118038
                ],
                [
                    0.3523545021023486,
                    0.3843190043314243,
                    0.8533142491239137,
                    1.4856472612306009
                ],
                [
                    0.9243009767008886,
                    -5.075136678148259e-06,
                    -0.3816643871833289,
                    -0.6094397437353509
                ],
                [
                    0.0,
                    0.0,
                    0.0,
                    1.0
                ]
            ],
            "size": [
                0.1202,
                0.13634,
                0.67816
            ]
        },
        "distance": 0.03879686489936705
    },
    {
        "case": 1,
        "collider1": {
            "type": "Cylinder",
            "collider2origin": [
                [
                    0.907778172512869,
                    0.4194505805326725,
                    0.0,
                    -0.07232761537572224
                ],
                [
                    -0.4194505805326725,
                    0.907778172512869,
                    0.0,
                    1.2000044650142188
                ],
                [
                    0.0,
                    0.0,
                    1.0,
                    -0.5800000000000001
                ],
                [
                    0.0,
                    0.0,
                    0.0,
                    1.0
                ]
            ],
            "radius": 0.04,
            "height": 0.96
        },
        "collider2": {
            "type": "Box",
            "collider2origin": [
                [
                    -0.14667654658461657,
                    0.923200359014199,
                    -0.3552282193155059,
                    0.06678228229118038
                ],
                [
                    0.3523545021023486,
                    0.3843190043314243,
                    0.8533142491239137,
                    1.4856472612306009
                ],
                [
                    0.9243009767008886,
                    -5.075136678148259e-06,
                    -0.3816643871833289,
                    -0.6094397437353509
                ],
                [
                    0.0,
                    0.0,
                    0.0,
                    1.0
                ]
            ],
            "size": [
                0.1202,
                0.13634,
                0.67816
            ]
        },
        "distance": 0.13003437310513732
    },
    {
        "case": 2,
        "collider1": {
            "type": "Box",
            "collider2origin": [
                [
                    0.9077781725128689,
                    0.4194505805326724,
                    0.0,
                    0.4158817547107895
                ],
                [
                    -0.4194505805326724,
                    0.9077781725128689,
                    0.0,
                    0.733173894971941
                ],
                [
                    0.0,
                    0.0,
                    1.0,
                    -0.6599999999999999
                ],
                [
                    0.0,
                    0.0,
                    0.0,
                    1.0
                ]
            ],
            "size": [
                0.6,
                1.0,
                0.8
            ]
        },
        "collider2": {
            "type": "Box",
            "collider2origin": [
                [
                    -0.25097242547524296,
                    0.9232005947325003,
                    -0.29105584264300793,
                    0.37385343512029845
                ],
                [
                    0.6028919456542944,
                    0.3843184380805699,
                    0.6991570925167608,
                    1.0767454437984354
                ],
                [
                    0.7573203704617042,
                    -6.071967942786745e-06,
                    -0.6530435333474164,
                    -0.2986690076459514
                ],
                [
                    0.0,
                    0.0,
                    0.0,
                    1.0
                ]
            ],
            "size": [
                0.15068,
                0.17726,
                0.74884
            ]
        },
        "distance": 0.0
    },
    {
        "case": 3,
        "collider1": {
            "type": "Box",
            "collider2origin": [
                [
                    0.9077781725128689,
                    0.4194505805326724,
                    0.0,
                    0.27063700059322826
                ],
                [
                    -0.4194505805326724,
                    0.9077781725128689,
                    0.0,
                    0.8002854543438492
                ],
                [
                    0.0,
                    0.0,
                    1.0,
                    -0.25
                ],
                [
                    0.0,
                    0.0,
                    0.0,
                    1.0
                ]
            ],
            "size": [
                0.2,
                0.2,
                0.02
            ]
        },
        "collider2": {
            "type": "Box",
            "collider2origin": [
                [
                    -0.25097242547524296,
                    0.9232005947325003,
                    -0.29105584264300793,
                    0.37385343512029845
                ],
                [
                    0.6028919456542944,
                    0.3843184380805699,
                    0.6991570925167608,
                    1.0767454437984354
                ],
                [
                    0.7573203704617042,
                    -6.071967942786745e-06,
                    -0.6530435333474164,
                    -0.2986690076459514
                ],
                [
                    0.0,
                    0.0,
                    0.0,
                    1.0
                ]
            ],
            "size": [
                0.15068,
                0.17726,
                0.74884
            ]
        },
        "distance": 0.0038374899920554503
    },
    {
        "case": 4,
        "collider1": {
            "type": "Box",
            "collider2origin": [
                [
                    0.907778172512869,
                    0.4194505805326725,
                    0.0,
                    0.9947946797881562
                ],
                [
                    -0.4194505805326725,
                    0.907778172512869,
                    0.0,
                    0.5317739604993647
                ],
                [
                    0.0,
                    0.0,
                    1.0,
                    -0.69
                ],
                [
                    0.0,
                    0.0,
                    0.0,
                    1.0
                ]
            ],
            "size": [
                0.6,
                1.2,
                0.75
            ]
        },
        "collider2": {
            "type": "Box",
            "collider2origin": [
                [
                    -0.25097242547524296,
                    0.9232005947325003,
                    -0.29105584264300793,
                    0.37385343512029845
                ],
                [
                    0.6028919456542944,
                    0.3843184380805699,
                    0.6991570925167608,
                    1.0767454437984354
                ],
                [
                    0.7573203704617042,
                    -6.071967942786745e-06,
                    -0.6530435333474164,
                    -0.2986690076459514
                ],
                [
                    0.0,
                    0.0,
                    0.0,
                    1.0
                ]
            ],
            "size": [
                0.15068,
                0.17726,
                0.74884
            ]
        },
        "distance": 0.27478639915671715
    },
    {
        "case": 5,
        "collider1": {
            "type": "Box",
            "collider2origin": [
                [
                    0.718022042059392,
                    -0.6960203640101781,
                    0.0,
                    0.13748258467077087
                ],
                [
                    0.6960203640101781,
                    0.718022042059392,
                    0.0,
                    1.5384737068316263
                ],
                [
                    0.0,
                    0.0,
                    1.0,
                    -0.21500000000000008
                ],
                [
                    0.0,
                    0.0,
                    0.0,
                    1.0
                ]
            ],
            "size": [
                0.2,
                0.3,
                0.22
            ]
        },
        "collider2": {
            "type": "Box",
            "collider2origin": [
                [
                    -0.25097242547524296,
                    0.9232005947325003,
                    -0.29105584264300793,
                    0.37385343512029845
                ],
                [
                    0.6028919456542944,
                    0.3843184380805699,
                    0.6991570925167608,
                    1.0767454437984354
                ],
                [
                    0.7573203704617042,
                    -6.071967942786745e-06,
                    -0.6530435333474164,
                    -0.2986690076459514
                ],
                [
                    0.0,
                    0.0,
                    0.0,
                    1.0
                ]
            ],
            "size": [
                0.15068,
                0.17726,
                0.74884
            ]
        },
        "distance": 0.12733594209080434
    },
    {
        "case": 6,
        "collider1": {
            "type": "Box",
            "collider2origin": [
                [
                    0.8404842512412337,
                    -0.5418359746412772,
                    0.0,
                    0.011439976095501792
                ],
                [
                    0.5418359746412771,
                    0.8404842512412338,
                    0.0,
                    1.4325762997644957
                ],
                [
                    0.0,
                    0.0,
                    1.0,
                    -0.21500000000000008
                ],
                [
                    0.0,
                    0.0,
                    0.0,
                    1.0
                ]
            ],
            "size": [
                0.2,
                0.3,
                0.22
            ]
        },
        "collider2": {
            "type": "Box",
            "collider2origin": [
                [
                    -0.25097242547524296,
                    0.9232005947325003,
                    -0.29105584264300793,
                    0.37385343512029845
                ],
                [
                    0.6028919456542944,
                    0.3843184380805699,
                    0.6991570925167608,
                    1.0767454437984354
                ],
                [
                    0.7573203704617042,
                    -6.071967942786745e-06,
                    -0.6530435333474164,
                    -0.2986690076459514
                ],
                [
                    0.0,
                    0.0,
                    0.0,
                    1.0
                ]
            ],
            "size": [
                0.15068,
                0.17726,
                0.74884
            ]
        },
        "distance": 0.12266606213226675
    },
    {
        "case": 7,
        "collider1": {
            "type": "Box",
            "collider2origin": [
                [
                    0.9077781725128689,
                    0.4194505805326724,
                    0.0,
                    0.4158817547107895
                ],
                [
                    -0.4194505805326724,
                    0.9077781725128689,
                    0.0,
                    0.733173894971941
                ],
                [
                    0.0,
                    0.0,
                    1.0,
                    -0.6599999999999999
                ],
                [
                    0.0,
                    0.0,
                    0.0,
                    1.0
                ]
            ],
            "size": [
                0.6,
                1.0,
                0.8
            ]
        },
        "collider2": {
            "type": "Box",
            "collider2origin": [
                [
                    -0.25097242547524296,
                    0.9232005947325003,
                    -0.29105584264300793,
                    0.37385343512029845
                ],
                [
                    0.6028919456542944,
                    0.3843184380805699,
                    0.6991570925167608,
                    1.0767454437984354
                ],
                [
                    0.7573203704617042,
                    -6.071967942786745e-06,
                    -0.6530435333474164,
                    -0.2986690076459514
                ],
                [
                    0.0,
                    0.0,
                    0.0,
                    1.0
                ]
            ],
            "size": [
                0.15068,
                0.17726,
                0.74884
            ]
        },
        "distance": 0.0
    },
    {
        "case": 8,
        "collider1": {
            "type": "Box",
            "collider2origin": [
                [
                    0.9077781725128689,
                    0.4194505805326724,
                    0.0,
                    0.27063700059322826
                ],
                [
                    -0.4194505805326724,
                    0.9077781725128689,
                    0.0,
                    0.8002854543438492
                ],
                [
                    0.0,
                    0.0,
                    1.0,
                    -0.25
                ],
                [
                    0.0,
                    0.0,
                    0.0,
                    1.0
                ]
            ],
            "size": [
                0.2,
                0.2,
                0.02
            ]
        },
        "collider2": {
            "type": "Box",
            "collider2origin": [
                [
                    -0.25097242547524296,
                    0.9232005947325003,
                    -0.29105584264300793,
                    0.37385343512029845
                ],
                [
                    0.6028919456542944,
                    0.3843184380805699,
                    0.6991570925167608,
                    1.0767454437984354
                ],
                [
                    0.7573203704617042,
                    -6.071967942786745e-06,
                    -0.6530435333474164,
                    -0.2986690076459514
                ],
                [
                    0.0,
                    0.0,
                    0.0,
                    1.0
                ]
            ],
            "size": [
                0.15068,
                0.17726,
                0.74884
            ]
        },
        "distance": 0.0038374899920554503
    },
    {
        "case": 9,
        "collider1": {
            "type": "Box",
            "collider2origin": [
                [
                    0.907778172512869,
                    0.4194505805326725,
                    0.0,
                    0.9947946797881562
                ],
                [
                    -0.4194505805326725,
                    0.907778172512869,
                    0.0,
                    0.5317739604993647
                ],
                [
                    0.0,
                    0.0,
                    1.0,
                    -0.69
                ],
                [
                    0.0,
                    0.0,
                    0.0,
                    1.0
                ]
            ],
            "size": [
                0.6,
                1.2,
                0.75
            ]
        },
        "collider2": {
            "type": "Box",
            "collider2origin": [
                [
                    -0.25097242547524296,
                    0.9232005947325003,
                    -0.29105584264300793,
                    0.37385343512029845
                ],
                [
                    0.6028919456542944,
                    0.3843184380805699,
                    0.6991570925167608,
                    1.0767454437984354
                ],
                [
                    0.7573203704617042,
                    -6.071967942786745e-06,
                    -0.6530435333474164,
                    -0.2986690076459514
                ],
                [
                    0.0,
                    0.0,
                    0.0,
                    1.0
                ]
            ],
            "size": [
                0.15068,
                0.17726,
                0.74884
            ]
        },
        "distance": 0.27478639915671715
    },
    {
        "case": 10,
        "collider1": {
            "type": "Box",
            "collider2origin": [
                [
                    0.718022042059392,
                    -0.6960203640101781,
                    0.0,
                    0.13748258467077087
                ],
                [
                    0.6960203640101781,
                    0.718022042059392,
                    0.0,
                    1.5384737068316263
                ],
                [
                    0.0,
                    0.0,
                    1.0,
                    -0.21500000000000008
                ],
                [
                    0.0,
                    0.0,
                    0.0,
                    1.0
                ]
            ],
            "size": [
                0.2,
                0.3,
                0.22
            ]
        },
        "collider2": {
            "type": "Box",
            "collider2origin": [
                [
                    -0.25097242547524296,
                    0.9232005947325003,
                    -0.29105584264300793,
                    0.37385343512029845
                ],
                [
                    0.6028919456542944,
                    0.3843184380805699,
                    0.6991570925167608,
                    1.0767454437984354
                ],
                [
                    0.7573203704617042,
                    -6.071967942786745e-06,
                    -0.6530435333474164,
                    -0.2986690076459514
                ],
                [
                    0.0,
                    0.0,
                    0.0,
                    1.0
                ]
            ],
            "size": [
                0.15068,
                0.17726,
                0.74884
            ]
        },
        "distance": 0.12733594209080434
    },
    {
        "case": 11,
        "collider1": {
            "type": "Box",
            "collider2origin": [
                [
                    0.8404842512412337,
                    -0.5418359746412772,
                    0.0,
                    0.011439976095501792
                ],
                [
                    0.5418359746412771,
                    0.8404842512412338,
                    0.0,
                    1.4325762997644957
                ],
                [
                    0.0,
                    0.0,
                    1.0,
                    -0.21500000000000008
                ],
                [
                    0.0,
                    0.0,
                    0.0,
                    1.0
                ]
            ],
            "size": [
                0.2,
                0.3,
                0.22
            ]
        },
        "collider2": {
            "type": "Box",
            "collider2origin": [
                [
                    -0.25097242547524296,
                    0.9232005947325003,
                    -0.29105584264300793,
                    0.37385343512029845
                ],
                [
                    0.6028919456542944,
                    0.3843184380805699,
                    0.6991570925167608,
                    1.0767454437984354
                ],
                [
                    0.7573203704617042,
                    -6.071967942786745e-06,
                    -0.6530435333474164,
                    -0.2986690076459514
                ],
                [
                    0.0,
                    0.0,
                    0.0,
                    1.0
                ]
            ],
            "size": [
                0.15068,
                0.17726,
                0.74884
            ]
        },
        "distance": 0.12266606213226675
    }
]