[
    {
        "case": 0,
        "collider1": {
            "type": "Box",
            "collider2origin": [
                [
                    0.907778172512869,
                    0.4194505805326725,
                    0.0,
                    -0.2920556628501435
                ],
                [
                    -0.4194505805326725,
                    0.907778172512869,
                    0.0,
                    1.6804798391522473
                ],
                [
                    0.0,
                    0.0,
                    1.0,
                    0.18999999999999995
                ],
                [
                    0.0,
                    0.0,
                    0.0,
                    1.0
                ]
            ],
            "size": [
                0.04,
                0.04,
                0.86
            ]
        },
        "collider2": {
            "type": "Box",
            "collider2origin": [
                [
                    -0.06670097684287926,
                    0.06387335673848564,
                    -0.9957264554018654,
                    -0.24875292221227235
                ],
                [
                    -0.7765679344495489,
                    -0.6299265083766952,
                    0.011611943381982301,
                    1.6131078090255242
                ],
                [
                    -0.6264927955475357,
                    0.7740237647148202,
                    0.09161871415671453,
                    0.2875786301896457
                ],
                [
                    0.0,
                    0.0,
                    0.0,
                    1.0
                ]
            ],
            "size": [
                0.08993,
                0.0305,
                0.09007
            ]
        },
        "distance": 0.0
    },
    {
        "case": 1,
        "collider1": {
            "type": "Box",
            "collider2origin": [
                [
                    0.907778172512869,
                    0.4194505805326725,
                    0.0,
                    -0.7418785952877999
                ],
                [
                    -0.4194505805326725,
                    0.907778172512869,
                    0.0,
                    1.2791466490804724
                ],
                [
                    0.0,
                    0.0,
                    1.0,
                    0.27
                ],
                [
                    0.0,
                    0.0,
                    0.0,
                    1.0
                ]
            ],
            "size": [
                0.52,
                1.16,
                0.6
            ]
        },
        "collider2": {
            "type": "Box",
            "collider2origin": [
                [
                    -0.06670097684287926,
                    0.06387335673848564,
                    -0.9957264554018654,
                    -0.24875292221227235
                ],
                [
                    -0.7765679344495489,
                    -0.6299265083766952,
                    0.011611943381982301,
                    1.6131078090255242
                ],
                [
                    -0.6264927955475357,
                    0.7740237647148202,
                    0.09161871415671453,
                    0.2875786301896457
                ],
                [
                    0.0,
                    0.0,
                    0.0,
                    1.0
                ]
            ],
            "size": [
                0.08993,
                0.0305,
                0.09007
            ]
        },
        "distance": 0.0
    },
    {
        "case": 2,
        "collider1": {
            "type": "Box",
            "collider2origin": [
                [
                    0.907778172512869,
                    0.4194505805326725,
                    0.0,
                    -0.7418785952877999
                ],
                [
                    -0.4194505805326725,
                    0.907778172512869,
                    0.0,
                    1.2791466490804724
                ],
                [
                    0.0,
                    0.0,
                    1.0,
                    0.27
                ],
                [
                    0.0,
                    0.0,
                    0.0,
                    1.0
                ]
            ],
            "size": [
                0.52,
                1.16,
                0.6
            ]
        },
        "collider2": {
            "type": "Sphere",
            "collider2origin": [
                [
                    1.0,
                    0.0,
                    0.0,
                    -0.2612938901282647
                ],
                [
                    0.0,
                    1.0,
                    0.0,
                    1.5438911559066375
                ],
                [
                    0.0,
                    0.0,
                    1.0,
                    0.45436870949161134
                ],
                [
                    0.0,
                    0.0,
                    0.0,
                    1.0
                ]
            ],
            "radius": 0.01051
        },
        "distance": 0.054707068306287736
    },
    {
        "case": 3,
        "collider1": {
            "type": "Box",
            "collider2origin": [
                [
                    0.907778172512869,
                    0.4194505805326725,
                    0.0,
                    -0.2920556628501435
                ],
                [
                    -0.4194505805326725,
                    0.907778172512869,
                    0.0,
                    1.6804798391522473
                ],
                [
                    0.0,
                    0.0,
                    1.0,
                    0.18999999999999995
                ],
                [
                    0.0,
                    0.0,
                    0.0,
                    1.0
                ]
            ],
            "size": [
                0.04,
                0.04,
                0.86
            ]
        },
        "collider2": {
            "type": "Box",
            "collider2origin": [
                [
                    0.8279554033236822,
                    0.06387906074976835,
                    0.5571438913825097,
                    -0.25462100799285764
                ],
                [
                    0.466461021205096,
                    -0.6299288319800405,
                    -0.6209700333643814,
                    1.6624979543654144
                ],
                [
                    0.3112940182583299,
                    0.7740214029585935,
                    -0.5513500720582096,
                    0.23177542720086586
                ],
                [
                    0.0,
                    0.0,
                    0.0,
                    1.0
                ]
            ],
            "size": [
                0.09126,
                0.11887,
                0.10009
            ]
        },
        "distance": 0.0
    },
    {
        "case": 4,
        "collider1": {
            "type": "Box",
            "collider2origin": [
                [
                    0.907778172512869,
                    0.4194505805326725,
                    0.0,
                    -0.7418785952877999
                ],
                [
                    -0.4194505805326725,
                    0.907778172512869,
                    0.0,
                    1.2791466490804724
                ],
                [
                    0.0,
                    0.0,
                    1.0,
                    0.27
                ],
                [
                    0.0,
                    0.0,
                    0.0,
                    1.0
                ]
            ],
            "size": [
                0.52,
                1.16,
                0.6
            ]
        },
        "collider2": {
            "type": "Box",
            "collider2origin": [
                [
                    0.8279554033236822,
                    0.06387906074976835,
                    0.5571438913825097,
                    -0.25462100799285764
                ],
                [
                    0.466461021205096,
                    -0.6299288319800405,
                    -0.6209700333643814,
                    1.6624979543654144
                ],
                [
                    0.3112940182583299,
                    0.7740214029585935,
                    -0.5513500720582096,
                    0.23177542720086586
                ],
                [
                    0.0,
                    0.0,
                    0.0,
                    1.0
                ]
            ],
            "size": [
                0.09126,
                0.11887,
                0.10009
            ]
        },
        "distance": 0.0
    },
    {
        "case": 5,
        "collider1": {
            "type": "Box",
            "collider2origin": [
                [
                    0.907778172512869,
                    0.4194505805326725,
                    0.0,
                    -0.7418785952877999
                ],
                [
                    -0.4194505805326725,
                    0.907778172512869,
                    0.0,
                    1.2791466490804724
                ],
                [
                    0.0,
                    0.0,
                    1.0,
                    0.27
                ],
                [
                    0.0,
                    0.0,
                    0.0,
                    1.0
                ]
            ],
            "size": [
                0.52,
                1.16,
                0.6
            ]
        },
        "collider2": {
            "type": "Cylinder",
            "collider2origin": [
                [
                    -0.7322924280859282,
                    0.6778285113576283,
                    -0.0655462352749349,
                    -0.2653323262362673
                ],
                [
                    0.6417597340095874,
                    0.7190994392106669,
                    0.26653412601550236,
                    1.5558489306121093
                ],
                [
                    0.22779869089167026,
                    0.15311598779228083,
                    -0.9615941195277946,
                    0.41920614903457487
                ],
                [
                    0.0,
                    0.0,
                    0.0,
                    1.0
                ]
            ],
            "radius": 0.01271,
            "height": 0.05982
        },
        "distance": 0.038889671612683814
    },
    {
        "case": 6,
        "collider1": {
            "type": "Box",
            "collider2origin": [
                [
                    0.907778172512869,
                    0.4194505805326725,
                    0.0,
                    -0.7418785952877999
                ],
                [
                    -0.4194505805326725,
                    0.907778172512869,
                    0.0,
                    1.2791466490804724
                ],
                [
                    0.0,
                    0.0,
                    1.0,
                    0.27
                ],
                [
                    0.0,
                    0.0,
                    0.0,
                    1.0
                ]
            ],
            "size": [
                0.52,
                1.16,
                0.6
            ]
        },
        "collider2": {
            "type": "Cylinder",
            "collider2origin": [
                [
                    -0.6991878315276034,
                    0.7142845206653049,
                    -0.030561410007764217,
                    -0.26236761836226125
                ],
                [
                    0.6643633053448104,
                    0.664925234071399,
                    0.34131485699631203,
                    1.5520606565598474
                ],
                [
                    0.2641169717285221,
                    0.21833931536264917,
                    -0.9394520576442015,
                    0.4332351043387579
                ],
                [
                    0.0,
                    0.0,
                    0.0,
                    1.0
                ]
            ],
            "radius": 0.01169,
            "height": 0.05502
        },
        "distance": 0.044595983201200375
    },
    {
        "case": 7,
        "collider1": {
            "type": "Box",
            "collider2origin": [
                [
                    0.907778172512869,
                    0.4194505805326725,
                    0.0,
                    -0.2920556628501435
                ],
                [
                    -0.4194505805326725,
                    0.907778172512869,
                    0.0,
                    1.6804798391522473
                ],
                [
                    0.0,
                    0.0,
                    1.0,
                    0.18999999999999995
                ],
                [
                    0.0,
                    0.0,
                    0.0,
                    1.0
                ]
            ],
            "size": [
                0.04,
                0.04,
                0.86
            ]
        },
        "collider2": {
            "type": "Box",
            "collider2origin": [
                [
                    -0.3682070496290421,
                    0.7443213371243834,
                    0.5571438913825097,
                    -0.31861312767104216
                ],
                [
                    0.4103784480141973,
                    0.6678216431569868,
                    -0.6209700333643814,
                    1.7289980583678024
                ],
                [
                    -0.8342739945658948,
                    -5.698427001799733e-06,
                    -0.5513500720582096,
                    0.29054497606934415
                ],
                [
                    0.0,
                    0.0,
                    0.0,
                    1.0
                ]
            ],
            "size": [
                0.09102,
                0.10007,
                0.11882
            ]
        },
        "distance": 0.0
    },
    {
        "case": 8,
        "collider1": {
            "type": "Box",
            "collider2origin": [
                [
                    0.907778172512869,
                    0.4194505805326725,
                    0.0,
                    -0.7418785952877999
                ],
                [
                    -0.4194505805326725,
                    0.907778172512869,
                    0.0,
                    1.2791466490804724
                ],
                [
                    0.0,
                    0.0,
                    1.0,
                    0.27
                ],
                [
                    0.0,
                    0.0,
                    0.0,
                    1.0
                ]
            ],
            "size": [
                0.52,
                1.16,
                0.6
            ]
        },
        "collider2": {
            "type": "Box",
            "collider2origin": [
                [
                    -0.3682070496290421,
                    0.7443213371243834,
                    0.5571438913825097,
                    -0.31861312767104216
                ],
                [
                    0.4103784480141973,
                    0.6678216431569868,
                    -0.6209700333643814,
                    1.7289980583678024
                ],
                [
                    -0.8342739945658948,
                    -5.698427001799733e-06,
                    -0.5513500720582096,
                    0.29054497606934415
                ],
                [
                    0.0,
                    0.0,
                    0.0,
                    1.0
                ]
            ],
            "size": [
                0.09102,
                0.10007,
                0.11882
            ]
        },
        "distance": 0.0
    },
    {
        "case": 9,
        "collider1": {
            "type": "Box",
            "collider2origin": [
                [
                    0.907778172512869,
                    0.4194505805326725,
                    0.0,
                    -0.7418785952877999
                ],
                [
                    -0.4194505805326725,
                    0.907778172512869,
                    0.0,
                    1.2791466490804724
                ],
                [
                    0.0,
                    0.0,
                    1.0,
                    0.27
                ],
                [
                    0.0,
                    0.0,
                    0.0,
                    1.0
                ]
            ],
            "size": [
                0.52,
                1.16,
                0.6
            ]
        },
        "collider2": {
            "type": "Sphere",
            "collider2origin": [
                [
                    1.0,
                    0.0,
                    0.0,
                    -0.2837730983678987
                ],
                [
                    0.0,
                    1.0,
                    0.0,
                    1.4219041112717998
                ],
                [
                    0.0,
                    0.0,
                    1.0,
                    0.38561281328571817
                ],
                [
                    0.0,
                    0.0,
                    0.0,
                    1.0
                ]
            ],
            "radius": 0.00663
        },
        "distance": 0.08934847042052421
    },
    {
        "case": 10,
        "collider1": {
            "type": "Box",
            "collider2origin": [
                [
                    0.907778172512869,
                    0.4194505805326725,
                    0.0,
                    -0.2920556628501435
                ],
                [
                    -0.4194505805326725,
                    0.907778172512869,
                    0.0,
                    1.6804798391522473
                ],
                [
                    0.0,
                    0.0,
                    1.0,
                    0.18999999999999995
                ],
                [
                    0.0,
                    0.0,
                    0.0,
                    1.0
                ]
            ],
            "size": [
                0.04,
                0.04,
                0.86
            ]
        },
        "collider2": {
            "type": "Box",
            "collider2origin": [
                [
                    0.30339644548547456,
                    0.7443171053177884,
                    -0.5949307889142466,
                    -0.2296710174804843
                ],
                [
                    -0.3381438529874662,
                    0.6678263597128602,
                    0.6630736670683435,
                    1.4625179209210672
                ],
                [
                    0.8908475355264616,
                    -2.004459218124948e-06,
                    0.45430239757502017,
                    0.15912780118456427
                ],
                [
                    0.0,
                    0.0,
                    0.0,
                    1.0
                ]
            ],
            "size": [
                0.1202,
                0.13634,
                0.67816
            ]
        },
        "distance": 0.004676459376287613
    },
    {
        "case": 11,
        "collider1": {
            "type": "Box",
            "collider2origin": [
                [
                    0.907778172512869,
                    0.4194505805326725,
                    0.0,
                    -0.7418785952877999
                ],
                [
                    -0.4194505805326725,
                    0.907778172512869,
                    0.0,
                    1.2791466490804724
                ],
                [
                    0.0,
                    0.0,
                    1.0,
                    0.27
                ],
                [
                    0.0,
                    0.0,
                    0.0,
                    1.0
                ]
            ],
            "size": [
                0.52,
                1.16,
                0.6
            ]
        },
        "collider2": {
            "type": "Box",
            "collider2origin": [
                [
                    0.30339644548547456,
                    0.7443171053177884,
                    -0.5949307889142466,
                    -0.2296710174804843
                ],
                [
                    -0.3381438529874662,
                    0.6678263597128602,
                    0.6630736670683435,
                    1.4625179209210672
                ],
                [
                    0.8908475355264616,
                    -2.004459218124948e-06,
                    0.45430239757502017,
                    0.15912780118456427
                ],
                [
                    0.0,
                    0.0,
                    0.0,
                    1.0
                ]
            ],
            "size": [
                0.1202,
                0.13634,
                0.67816
            ]
        },
        "distance": 0.0
    },
    {
        "case": 12,
        "collider1": {
            "type": "Box",
            "collider2origin": [
                [
                    0.907778172512869,
                    0.4194505805326725,
                    0.0,
                    -0.7418785952877999
                ],
                [
                    -0.4194505805326725,
                    0.907778172512869,
                    0.0,
                    1.2791466490804724
                ],
                [
                    0.0,
                    0.0,
                    1.0,
                    0.27
                ],
                [
                    0.0,
                    0.0,
                    0.0,
                    1.0
                ]
            ],
            "size": [
                0.52,
                1.16,
                0.6
            ]
        },
        "collider2": {
            "type": "Cylinder",
            "collider2origin": [
                [
                    -0.9787099951112777,
                    0.03652464839454796,
                    0.20197201669770137,
                    -0.28085295154542894
                ],
                [
                    0.20496803374759184,
                    0.22530820757512782,
                    0.9524832369868397,
                    1.4411271811856814
                ],
                [
                    -0.01071683772984798,
                    0.9736026713495279,
                    -0.22799778009913693,
                    0.37977218612579433
                ],
                [
                    0.0,
                    0.0,
                    0.0,
                    1.0
                ]
            ],
            "radius": 0.00796,
            "height": 0.03037
        },
        "distance": 0.07951180319991234
    },
    {
        "case": 13,
        "collider1": {
            "type": "Box",
            "collider2origin": [
                [
                    0.718022042059392,
                    -0.6960203640101781,
                    0.0,
                    0.13748258467077087
                ],
                [
                    0.6960203640101781,
                    0.718022042059392,
                    0.0,
                    1.5384737068316263
                ],
                [
                    0.0,
                    0.0,
                    1.0,
                    -0.21500000000000008
                ],
                [
                    0.0,
                    0.0,
                    0.0,
                    1.0
                ]
            ],
            "size": [
                0.2,
                0.3,
                0.22
            ]
        },
        "collider2": {
            "type": "Box",
            "collider2origin": [
                [
                    0.14677702848462001,
                    0.7443168975370302,
                    -0.6514973982680783,
                    0.23447011833908027
                ],
                [
                    -0.16358412207809106,
                    0.6678265912889638,
                    0.7261183642983446,
                    1.1343926277276988
                ],
                [
                    0.9755494548782061,
                    -2.8659079798028722e-06,
                    0.2197800288438904,
                    -0.036869705827252686
                ],
                [
                    0.0,
                    0.0,
                    0.0,
                    1.0
                ]
            ],
            "size": [
                0.15068,
                0.17726,
                0.74884
            ]
        },
        "distance": 0.040508888009684454
    },
    {
        "case": 14,
        "collider1": {
            "type": "Box",
            "collider2origin": [
                [
                    0.8404842512412337,
                    -0.5418359746412772,
                    0.0,
                    0.011439976095501792
                ],
                [
                    0.5418359746412771,
                    0.8404842512412338,
                    0.0,
                    1.4325762997644957
                ],
                [
                    0.0,
                    0.0,
                    1.0,
                    -0.21500000000000008
                ],
                [
                    0.0,
                    0.0,
                    0.0,
                    1.0
                ]
            ],
            "size": [
                0.2,
                0.3,
                0.22
            ]
        },
        "collider2": {
            "type": "Box",
            "collider2origin": [
                [
                    0.14677702848462001,
                    0.7443168975370302,
                    -0.6514973982680783,
                    0.23447011833908027
                ],
                [
                    -0.16358412207809106,
                    0.6678265912889638,
                    0.7261183642983446,
                    1.1343926277276988
                ],
                [
                    0.9755494548782061,
                    -2.8659079798028722e-06,
                    0.2197800288438904,
                    -0.036869705827252686
                ],
                [
                    0.0,
                    0.0,
                    0.0,
                    1.0
                ]
            ],
            "size": [
                0.15068,
                0.17726,
                0.74884
            ]
        },
        "distance": 0.03727695272923279
    },
    {
        "case": 15,
        "collider1": {
            "type": "Box",
            "collider2origin": [
                [
                    0.9081427509232697,
                    -0.4186606548811531,
                    0.0,
                    -0.09474126814702305
                ],
                [
                    0.41866065488115317,
                    0.9081427509232698,
                    0.0,
                    1.368923948110301
                ],
                [
                    0.0,
                    0.0,
                    1.0,
                    -0.21500000000000008
                ],
                [
                    0.0,
                    0.0,
                    0.0,
                    1.0
                ]
            ],
            "size": [
                0.2,
                0.3,
                0.22
            ]
        },
        "collider2": {
            "type": "Box",
            "collider2origin": [
                [
                    0.14677702848462001,
                    0.7443168975370302,
                    -0.6514973982680783,
                    0.23447011833908027
                ],
                [
                    -0.16358412207809106,
                    0.6678265912889638,
                    0.7261183642983446,
                    1.1343926277276988
                ],
                [
                    0.9755494548782061,
                    -2.8659079798028722e-06,
                    0.2197800288438904,
                    -0.036869705827252686
                ],
                [
                    0.0,
                    0.0,
                    0.0,
                    1.0
                ]
            ],
            "size": [
                0.15068,
                0.17726,
                0.74884
            ]
        },
        "distance": 0.03982878943821476
    },
    {
        "case": 16,
        "collider1": {
            "type": "Box",
            "collider2origin": [
                [
                    0.9798474486812189,
                    -0.1997472836183421,
                    0.0,
                    -0.20628161272202655
                ],
                [
                    0.19974728361834207,
                    0.9798474486812188,
                    0.0,
                    1.335871448475788
                ],
                [
                    0.0,
                    0.0,
                    1.0,
                    -0.21500000000000008
                ],
                [
                    0.0,
                    0.0,
                    0.0,
                    1.0
                ]
            ],
            "size": [
                0.2,
                0.3,
                0.22
            ]
        },
        "collider2": {
            "type": "Box",
            "collider2origin": [
                [
                    0.14677702848462001,
                    0.7443168975370302,
                    -0.6514973982680783,
                    0.23447011833908027
                ],
                [
                    -0.16358412207809106,
                    0.6678265912889638,
                    0.7261183642983446,
                    1.1343926277276988
                ],
                [
                    0.9755494548782061,
                    -2.8659079798028722e-06,
                    0.2197800288438904,
                    -0.036869705827252686
                ],
                [
                    0.0,
                    0.0,
                    0.0,
                    1.0
                ]
            ],
            "size": [
                0.15068,
                0.17726,
                0.74884
            ]
        },
        "distance": 0.07924930122344834
    },
    {
        "case": 17,
        "collider1": {
            "type": "Cylinder",
            "collider2origin": [
                [
                    0.907778172512869,
                    0.4194505805326725,
                    0.0,
                    -0.07232761537572224
                ],
                [
                    -0.4194505805326725,
                    0.907778172512869,
                    0.0,
                    1.2000044650142188
                ],
                [
                    0.0,
                    0.0,
                    1.0,
                    -0.5800000000000001
                ],
                [
                    0.0,
                    0.0,
                    0.0,
                    1.0
                ]
            ],
            "radius": 0.04,
            "height": 0.96
        },
        "collider2": {
            "type": "Box",
            "collider2origin": [
                [
                    0.14677702848462001,
                    0.7443168975370302,
                    -0.6514973982680783,
                    0.23447011833908027
                ],
                [
                    -0.16358412207809106,
                    0.6678265912889638,
                    0.7261183642983446,
                    1.1343926277276988
                ],
                [
                    0.9755494548782061,
                    -2.8659079798028722e-06,
                    0.2197800288438904,
                    -0.036869705827252686
                ],
                [
                    0.0,
                    0.0,
                    0.0,
                    1.0
                ]
            ],
            "size": [
                0.15068,
                0.17726,
                0.74884
            ]
        },
        "distance": 0.06951367826918853
    },
    {
        "case": 18,
        "collider1": {
            "type": "Box",
            "collider2origin": [
                [
                    0.718022042059392,
                    -0.6960203640101781,
                    0.0,
                    0.13748258467077087
                ],
                [
                    0.6960203640101781,
                    0.718022042059392,
                    0.0,
                    1.5384737068316263
                ],
                [
                    0.0,
                    0.0,
                    1.0,
                    -0.21500000000000008
                ],
                [
                    0.0,
                    0.0,
                    0.0,
                    1.0
                ]
            ],
            "size": [
                0.2,
                0.3,
                0.22
            ]
        },
        "collider2": {
            "type": "Box",
            "collider2origin": [
                [
                    0.14677702848462001,
                    0.7443168975370302,
                    -0.6514973982680783,
                    0.23447011833908027
                ],
                [
                    -0.16358412207809106,
                    0.6678265912889638,
                    0.7261183642983446,
                    1.1343926277276988
                ],
                [
                    0.9755494548782061,
                    -2.8659079798028722e-06,
                    0.2197800288438904,
                    -0.036869705827252686
                ],
                [
                    0.0,
                    0.0,
                    0.0,
                    1.0
                ]
            ],
            "size": [
                0.15068,
                0.17726,
                0.74884
            ]
        },
        "distance": 0.040508888009684454
    },
    {
        "case": 19,
        "collider1": {
            "type": "Box",
            "collider2origin": [
                [
                    0.8404842512412337,
                    -0.5418359746412772,
                    0.0,
                    0.011439976095501792
                ],
                [
                    0.5418359746412771,
                    0.8404842512412338,
                    0.0,
                    1.4325762997644957
                ],
                [
                    0.0,
                    0.0,
                    1.0,
                    -0.21500000000000008
                ],
                [
                    0.0,
                    0.0,
                    0.0,
                    1.0
                ]
            ],
            "size": [
                0.2,
                0.3,
                0.22
            ]
        },
        "collider2": {
            "type": "Box",
            "collider2origin": [
                [
                    0.14677702848462001,
                    0.7443168975370302,
                    -0.6514973982680783,
                    0.23447011833908027
                ],
                [
                    -0.16358412207809106,
                    0.6678265912889638,
                    0.7261183642983446,
                    1.1343926277276988
                ],
                [
                    0.9755494548782061,
                    -2.8659079798028722e-06,
                    0.2197800288438904,
                    -0.036869705827252686
                ],
                [
                    0.0,
                    0.0,
                    0.0,
                    1.0
                ]
            ],
            "size": [
                0.15068,
                0.17726,
                0.74884
            ]
        },
        "distance": 0.03727695272923279
    },
    {
        "case": 20,
        "collider1": {
            "type": "Box",
            "collider2origin": [
                [
                    0.9081427509232697,
                    -0.4186606548811531,
                    0.0,
                    -0.09474126814702305
                ],
                [
                    0.41866065488115317,
                    0.9081427509232698,
                    0.0,
                    1.368923948110301
                ],
                [
                    0.0,
                    0.0,
                    1.0,
                    -0.21500000000000008
                ],
                [
                    0.0,
                    0.0,
                    0.0,
                    1.0
                ]
            ],
            "size": [
                0.2,
                0.3,
                0.22
            ]
        },
        "collider2": {
            "type": "Box",
            "collider2origin": [
                [
                    0.14677702848462001,
                    0.7443168975370302,
                    -0.6514973982680783,
                    0.23447011833908027
                ],
                [
                    -0.16358412207809106,
                    0.6678265912889638,
                    0.7261183642983446,
                    1.1343926277276988
                ],
                [
                    0.9755494548782061,
                    -2.8659079798028722e-06,
                    0.2197800288438904,
                    -0.036869705827252686
                ],
                [
                    0.0,
                    0.0,
                    0.0,
                    1.0
                ]
            ],
            "size": [
                0.15068,
                0.17726,
                0.74884
            ]
        },
        "distance": 0.03982878943821476
    },
    {
        "case": 21,
        "collider1": {
            "type": "Box",
            "collider2origin": [
                [
                    0.9798474486812189,
                    -0.1997472836183421,
                    0.0,
                    -0.20628161272202655
                ],
                [
                    0.19974728361834207,
                    0.9798474486812188,
                    0.0,
                    1.335871448475788
                ],
                [
                    0.0,
                    0.0,
                    1.0,
                    -0.21500000000000008
                ],
                [
                    0.0,
                    0.0,
                    0.0,
                    1.0
                ]
            ],
            "size": [
                0.2,
                0.3,
                0.22
            ]
        },
        "collider2": {
            "type": "Box",
            "collider2origin": [
                [
                    0.14677702848462001,
                    0.7443168975370302,
                    -0.6514973982680783,
                    0.23447011833908027
                ],
                [
                    -0.16358412207809106,
                    0.6678265912889638,
