[
    {
        "case": 0,
        "collider1": {
            "type": "Box",
            "collider2origin": [
                [
                    -0.49996093967317806,
                    0.8660479541001831,
                    0.0,
                    0.23518030403224222
                ],
                [
                    -0.8660479541001831,
                    -0.49996093967317806,
                    0.0,
                    1.6545490191575776
                ],
                [
                    0.0,
                    0.0,
                    1.0,
                    -0.21500000000000008
                ],
                [
                    0.0,
                    0.0,
                    0.0,
                    1.0
                ]
            ],
            "size": [
                0.2,
                0.3,
                0.22
            ]
        },
        "collider2": {
            "type": "Box",
            "collider2origin": [
                [
                    -0.007686939911700834,
                    -0.9727596000461525,
                    0.23168873833840753,
                    0.19971375017972312
                ],
                [
                    -0.03227270950063002,
                    0.231816221398863,
                    0.9722241057070335,
                    1.1321020924495382
                ],
                [
                    -0.9994495400850818,
                    -3.795065685860633e-06,
                    -0.033175545350689124,
                    -0.11255346576710035
                ],
                [
                    0.0,
                    0.0,
                    0.0,
                    1.0
                ]
            ],
            "size": [
                0.15068,
                0.17726,
                0.74884
            ]
        },
        "distance": 0.002886227221293769
    },
    {
        "case": 1,
        "collider1": {
            "type": "Box",
            "collider2origin": [
                [
                    0.718022042059392,
                    -0.6960203640101781,
                    0.0,
                    0.13748258467077087
                ],
                [
                    0.6960203640101781,
                    0.718022042059392,
                    0.0,
                    1.5384737068316263
                ],
                [
                    0.0,
                    0.0,
                    1.0,
                    -0.21500000000000008
                ],
                [
                    0.0,
                    0.0,
                    0.0,
                    1.0
                ]
            ],
            "size": [
                0.2,
                0.3,
                0.22
            ]
        },
        "collider2": {
            "type": "Box",
            "collider2origin": [
                [
                    -0.007686939911700834,
                    -0.9727596000461525,
                    0.23168873833840753,
                    0.19971375017972312
                ],
                [
                    -0.03227270950063002,
                    0.231816221398863,
                    0.9722241057070335,
                    1.1321020924495382
                ],
                [
                    -0.9994495400850818,
                    -3.795065685860633e-06,
                    -0.033175545350689124,
                    -0.11255346576710035
                ],
                [
                    0.0,
                    0.0,
                    0.0,
                    1.0
                ]
            ],
            "size": [
                0.15068,
                0.17726,
                0.74884
            ]
        },
        "distance": 0.0
    },
    {
        "case": 2,
        "collider1": {
            "type": "Box",
            "collider2origin": [
                [
                    0.8404842512412337,
                    -0.5418359746412772,
                    0.0,
                    0.011439976095501792
                ],
                [
                    0.5418359746412771,
                    0.8404842512412338,
                    0.0,
                    1.4325762997644957
                ],
                [
                    0.0,
                    0.0,
                    1.0,
                    -0.21500000000000008
                ],
                [
                    0.0,
                    0.0,
                    0.0,
                    1.0
                ]
            ],
            "size": [
                0.2,
                0.3,
                0.22
            ]
        },
        "collider2": {
            "type": "Box",
            "collider2origin": [
                [
                    -0.007686939911700834,
                    -0.9727596000461525,
                    0.23168873833840753,
                    0.19971375017972312
                ],
                [
                    -0.03227270950063002,
                    0.231816221398863,
                    0.9722241057070335,
                    1.1321020924495382
                ],
                [
                    -0.9994495400850818,
                    -3.795065685860633e-06,
                    -0.033175545350689124,
                    -0.11255346576710035
                ],
                [
                    0.0,
                    0.0,
                    0.0,
                    1.0
                ]
            ],
            "size": [
                0.15068,
                0.17726,
                0.74884
            ]
        },
        "distance": 0.0
    },
    {
        "case": 3,
        "collider1": {
            "type": "Box",
            "collider2origin": [
                [
                    0.9081427509232697,
                    -0.4186606548811531,
                    0.0,
                    -0.09474126814702305
                ],
                [
                    0.41866065488115317,
                    0.9081427509232698,
                    0.0,
                    1.368923948110301
                ],
                [
                    0.0,
                    0.0,
                    1.0,
                    -0.21500000000000008
                ],
                [
                    0.0,
                    0.0,
                    0.0,
                    1.0
                ]
            ],
            "size": [
                0.2,
                0.3,
                0.22
            ]
        },
        "collider2": {
            "type": "Box",
            "collider2origin": [
                [
                    -0.007686939911700834,
                    -0.9727596000461525,
                    0.23168873833840753,
                    0.19971375017972312
                ],
                [
                    -0.03227270950063002,
                    0.231816221398863,
                    0.9722241057070335,
                    1.1321020924495382
                ],
                [
                    -0.9994495400850818,
                    -3.795065685860633e-06,
                    -0.033175545350689124,
                    -0.11255346576710035
                ],
                [
                    0.0,
                    0.0,
                    0.0,
                    1.0
                ]
            ],
            "size": [
                0.15068,
                0.17726,
                0.74884
            ]
        },
        "distance": 0.08140108127509557
    },
    {
        "case": 4,
        "collider1": {
            "type": "Box",
            "collider2origin": [
                [
                    -0.49996093967317806,
                    0.8660479541001831,
                    0.0,
                    0.23518030403224222
                ],
                [
                    -0.8660479541001831,
                    -0.49996093967317806,
                    0.0,
                    1.6545490191575776
                ],
                [
                    0.0,
                    0.0,
                    1.0,
                    -0.21500000000000008
                ],
                [
                    0.0,
                    0.0,
                    0.0,
                    1.0
                ]
            ],
            "size": [
                0.2,
                0.3,
                0.22
            ]
        },
        "collider2": {
            "type": "Box",
            "collider2origin": [
                [
                    -0.007686939911700834,
                    -0.9727596000461525,
                    0.23168873833840753,
                    0.19971375017972312
                ],
                [
                    -0.03227270950063002,
                    0.231816221398863,
                    0.9722241057070335,
                    1.1321020924495382
                ],
                [
                    -0.9994495400850818,
                    -3.795065685860633e-06,
                    -0.033175545350689124,
                    -0.11255346576710035
                ],
                [
                    0.0,
                    0.0,
                    0.0,
                    1.0
                ]
            ],
            "size": [
                0.15068,
                0.17726,
                0.74884
            ]
        },
        "distance": 0.002886227221293769
    },
    {
        "case": 5,
        "collider1": {
            "type": "Box",
            "collider2origin": [
                [
                    0.718022042059392,
                    -0.6960203640101781,
                    0.0,
                    0.13748258467077087
                ],
                [
                    0.6960203640101781,
                    0.718022042059392,
                    0.0,
                    1.5384737068316263
                ],
                [
                    0.0,
                    0.0,
                    1.0,
                    -0.21500000000000008
                ],
                [
                    0.0,
                    0.0,
                    0.0,
                    1.0
                ]
            ],
            "size": [
                0.2,
                0.3,
                0.22
            ]
        },
        "collider2": {
            "type": "Box",
            "collider2origin": [
                [
                    -0.007686939911700834,
                    -0.9727596000461525,
                    0.23168873833840753,
                    0.19971375017972312
                ],
                [
                    -0.03227270950063002,
                    0.231816221398863,
                    0.9722241057070335,
                    1.1321020924495382
                ],
                [
                    -0.9994495400850818,
                    -3.795065685860633e-06,
                    -0.033175545350689124,
                    -0.11255346576710035
                ],
                [
                    0.0,
                    0.0,
                    0.0,
                    1.0
                ]
            ],
            "size": [
                0.15068,
                0.17726,
                0.74884
            ]
        },
        "distance": 0.0
    },
    {
        "case": 6,
        "collider1": {
            "type": "Box",
            "collider2origin": [
                [
                    0.8404842512412337,
                    -0.5418359746412772,
                    0.0,
                    0.011439976095501792
                ],
                [
                    0.5418359746412771,
                    0.8404842512412338,
                    0.0,
                    1.4325762997644957
                ],
                [
                    0.0,
                    0.0,
                    1.0,
                    -0.21500000000000008
                ],
                [
                    0.0,
                    0.0,
                    0.0,
                    1.0
                ]
            ],
            "size": [
                0.2,
                0.3,
                0.22
            ]
        },
        "collider2": {
            "type": "Box",
            "collider2origin": [
                [
                    -0.007686939911700834,
                    -0.9727596000461525,
                    0.23168873833840753,
                    0.19971375017972312
                ],
                [
                    -0.03227270950063002,
                    0.231816221398863,
                    0.9722241057070335,
                    1.1321020924495382
                ],
                [
                    -0.9994495400850818,
                    -3.795065685860633e-06,
                    -0.033175545350689124,
                    -0.11255346576710035
                ],
                [
                    0.0,
                    0.0,
                    0.0,
                    1.0
                ]
            ],
            "size": [
                0.15068,
                0.17726,
                0.74884
            ]
        },
        "distance": 0.0
    },
    {
        "case": 7,
        "collider1": {
            "type": "Box",
            "collider2origin": [
                [
                    0.9081427509232697,
                    -0.4186606548811531,
                    0.0,
                    -0.09474126814702305
                ],
                [
                    0.41866065488115317,
                    0.9081427509232698,
                    0.0,
                    1.368923948110301
                ],
                [
                    0.0,
                    0.0,
                    1.0,
                    -0.21500000000000008
                ],
                [
                    0.0,
                    0.0,
                    0.0,
                    1.0
                ]
            ],
            "size": [
                0.2,
                0.3,
                0.22
            ]
        },
        "collider2": {
            "type": "Box",
            "collider2origin": [
                [
                    -0.007686939911700834,
                    -0.9727596000461525,
                    0.23168873833840753,
                    0.19971375017972312
                ],
                [
                    -0.03227270950063002,
                    0.231816221398863,
                    0.9722241057070335,
                    1.1321020924495382
                ],
                [
                    -0.9994495400850818,
                    -3.795065685860633e-06,
                    -0.033175545350689124,
                    -0.11255346576710035
                ],
                [
                    0.0,
                    0.0,
                    0.0,
                    1.0
                ]
            ],
            "size": [
                0.15068,
                0.17726,
                0.74884
            ]
        },
        "distance": 0.08140108127509557
    },
    {
        "case": 8,
        "collider1": {
            "type": "Box",
            "collider2origin": [
                [
                    0.907778172512869,
                    0.4194505805326725,
                    0.0,
                    0.5152274101294649
                ],
                [
                    -0.4194505805326725,
                    0.907778172512869,
                    0.0,
                    2.7362274605469636
                ],
                [
                    0.0,
                    0.0,
                    1.0,
                    -0.04999999999999982
                ],
                [
                    0.0,
                    0.0,
                    0.0,
                    1.0
                ]
            ],
            "size": [
                0.84,
                1.28,
                2.08
            ]
        },
        "collider2": {
            "type": "Box",
            "collider2origin": [
                [
                    -0.2161239807521139,
                    -0.9727601431471666,
                    0.08383393613664938,
                    0.41811020977186414
                ],
                [
                    -0.9069314771858006,
                    0.23181394231996627,
                    0.35176354534780485,
                    1.985666956395825
                ],
                [
                    -0.3616154319625224,
                    -7.09783466716834e-06,
                    -0.9323273455799624,
                    -0.19566946023057086
                ],
                [
                    0.0,
                    0.0,
                    0.0,
                    1.0
                ]
            ],
            "size": [
                0.09102,
                0.10007,
                0.11882
            ]
        },
        "distance": 0.009538155495728144
    },
    {
        "case": 9,
        "collider1": {
            "type": "Box",
            "collider2origin": [
                [
                    0.907778172512869,
                    0.4194505805326725,
                    0.0,
                    0.3318610395686135
                ],
                [
                    -0.4194505805326725,
                    0.907778172512869,
                    0.0,
                    1.862570334354233
                ],
                [
                    0.0,
                    0.0,
                    1.0,
                    -0.21500000000000008
                ],
                [
                    0.0,
                    0.0,
                    0.0,
                    1.0
                ]
            ],
            "size": [
                0.3,
                0.46,
                0.22
            ]
        },
        "collider2": {
            "type": "Box",
            "collider2origin": [
                [
                    -0.2161239807521139,
                    -0.9727601431471666,
                    0.08383393613664938,
                    0.41811020977186414
                ],
                [
                    -0.9069314771858006,
                    0.23181394231996627,
                    0.35176354534780485,
                    1.985666956395825
                ],
                [
                    -0.3616154319625224,
                    -7.09783466716834e-06,
                    -0.9323273455799624,
                    -0.19566946023057086
                ],
                [
                    0.0,
                    0.0,
                    0.0,
                    1.0
                ]
            ],
            "size": [
                0.09102,
                0.10007,
                0.11882
            ]
        },
        "distance": 0.0
    },
    {
        "case": 10,
        "collider1": {
            "type": "Box",
            "collider2origin": [
                [
                    0.907778172512869,
                    0.4194505805326725,
                    0.0,
                    0.5152274101294649
                ],
                [
                    -0.4194505805326725,
                    0.907778172512869,
                    0.0,
                    2.7362274605469636
                ],
                [
                    0.0,
                    0.0,
                    1.0,
                    -0.04999999999999982
                ],
                [
                    0.0,
                    0.0,
                    0.0,
                    1.0
                ]
            ],
            "size": [
                0.84,
                1.28,
                2.08
            ]
        },
        "collider2": {
            "type": "Box",
            "collider2origin": [
                [
                    0.8278464862063816,
                    0.3452097643450265,
                    -0.44215428741175683,
                    0.4497790553213916
                ],
                [
                    0.4406729905455476,
                    -0.887936055081403,
                    0.13182138479821548,
                    1.9580938762263358
                ],
                [
                    -0.34709870451989716,
                    -0.3039733223283365,
                    -0.8871993623945419,
                    -0.32540643188427665
                ],
                [
                    0.0,
                    0.0,
                    0.0,
                    1.0
                ]
            ],
            "size": [
                0.08993,
                0.0305,
                0.09007
            ]
        },
        "distance": 0.04717660575571567
    },
    {
        "case": 11,
        "collider1": {
            "type": "Box",
            "collider2origin": [
                [
                    0.907778172512869,
                    0.4194505805326725,
                    0.0,
                    0.3318610395686135
                ],
                [
                    -0.4194505805326725,
                    0.907778172512869,
                    0.0,
                    1.862570334354233
                ],
                [
                    0.0,
                    0.0,
                    1.0,
                    -0.21500000000000008
                ],
                [
                    0.0,
                    0.0,
                    0.0,
                    1.0
                ]
            ],
            "size": [
                0.3,
                0.46,
                0.22
            ]
        },
        "collider2": {
            "type": "Box",
            "collider2origin": [
                [
                    0.8278464862063816,
                    0.3452097643450265,
                    -0.44215428741175683,
                    0.4497790553213916
                ],
                [
                    0.4406729905455476,
                    -0.887936055081403,
                    0.13182138479821548,
                    1.9580938762263358
                ],
                [
                    -0.34709870451989716,
                    -0.3039733223283365,
                    -0.8871993623945419,
                    -0.32540643188427665
                ],
                [
                    0.0,
                    0.0,
                    0.0,
                    1.0
                ]
            ],
            "size": [
                0.08993,
                0.0305,
                0.09007
            ]
        },
        "distance": 0.0
    },
    {
        "case": 12,
        "collider1": {
            "type": "Box",
            "collider2origin": [
                [
                    0.907778172512869,
                    0.4194505805326725,
                    0.0,
                    0.5152274101294649
                ],
                [
                    -0.4194505805326725,
                    0.907778172512869,
                    0.0,
                    2.7362274605469636
                ],
                [
                    0.0,
                    0.0,
                    1.0,
                    -0.04999999999999982
                ],
                [
                    0.0,
                    0.0,
                    0.0,
                    1.0
                ]
            ],
            "size": [
                0.84,
                1.28,
                2.08
            ]
        },
        "collider2": {
            "type": "Box",
            "collider2origin": [
                [
                    0.9347731039215806,
                    0.3452116964076536,
                    0.08383393613664938,
                    0.4241546310576151
                ],
                [
                    0.2963670105869078,
                    -0.8879352471887364,
                    0.35176354534780485,
                    2.0229705026615568
                ],
                [
                    0.19587199703018676,
                    -0.30397348809267466,
                    -0.9323273455799624,
                    -0.2983385823121548
                ],
                [
                    0.0,
                    0.0,
                    0.0,
                    1.0
                ]
            ],
            "size": [
                0.09126,
                0.11887,
                0.10009
            ]
        },
        "distance": 0.0
    },
    {
        "case": 13,
        "collider1": {
            "type": "Box",
            "collider2origin": [
                [
                    0.907778172512869,
                    0.4194505805326725,
                    0.0,
                    0.3318610395686135
                ],
                [
                    -0.4194505805326725,
                    0.907778172512869,
                    0.0,
                    1.862570334354233
                ],
                [
                    0.0,
                    0.0,
                    1.0,
                    -0.21500000000000008
                ],
                [
                    0.0,
                    0.0,
                    0.0,
                    1.0
                ]
            ],
            "size": [
                0.3,
                0.46,
                0.22
            ]
        },
        "collider2": {
            "type": "Box",
            "collider2origin": [
                [
                    0.9347731039215806,
                    0.3452116964076536,
                    0.08383393613664938,
                    0.4241546310576151
                ],
                [
                    0.2963670105869078,
                    -0.8879352471887364,
                    0.35176354534780485,
                    2.0229705026615568
                ],
                [
                    0.19587199703018676,
                    -0.30397348809267466,
                    -0.9323273455799624,
                    -0.2983385823121548
                ],
                [
                    0.0,
                    0.0,
                    0.0,
                    1.0
                ]
            ],
            "size": [
                0.09126,
                0.11887,
                0.10009
            ]
        },
        "distance": 0.0
    },
    {
        "case": 14,
        "collider1": {
            "type": "Box",
            "collider2origin": [
                [
                    -0.49996093967317806,
                    0.8660479541001831,
                    0.0,
                    0.23518030403224222
                ],
                [
                    -0.8660479541001831,
                    -0.49996093967317806,
                    0.0,
                    1.6545490191575776
                ],
                [
                    0.0,
                    0.0,
                    1.0,
                    -0.21500000000000008
                ],
                [
                    0.0,
                    0.0,
                    0.0,
                    1.0
                ]
            ],
            "size": [
                0.2,
                0.3,
                0.22
            ]
        },
        "collider2": {
            "type": "Box",
            "collider2origin": [
                [
                    -0.02847935533165455,
                    -0.9727596060282709,
                    0.2300601556106931,
                    0.45941177951264434
                ],
                [
                    -0.1195242618768981,
                    0.2318161962907493,
                    0.9653886274242469,
                    1.676868770838558
                ],
                [
                    -0.9924227310691124,
                    -4.124533099015837e-06,
                    -0.12287034971998811,
                    -0.1573890275035652
                ],
                [
                    0.0,
                    0.0,
                    0.0,
                    1.0
                ]
            ],
            "size": [
                0.1202,
                0.13634,
                0.67816
            ]
        },
        "distance": 0.0
    },
    {
        "case": 15,
        "collider1": {
            "type": "Box",
            "collider2origin": [
                [
                    0.718022042059392,
                    -0.6960203640101781,
                    0.0,
                    0.13748258467077087
                ],
                [
                    0.6960203640101781,
                    0.718022042059392,
                    0.0,
                    1.5384737068316263
                ],
                [
                    0.0,
                    0.0,
                    1.0,
                    -0.21500000000000008
                ],
                [
                    0.0,
                    0.0,
                    0.0,
                    1.0
                ]
            ],
            "size": [
                0.2,
                0.3,
                0.22
            ]
        },
        "collider2": {
            "type": "Box",
            "collider2origin": [
                [
                    -0.02847935533165455,
                    -0.9727596060282709,
                    0.2300601556106931,
                    0.45941177951264434
                ],
                [
                    -0.1195242618768981,
                    0.2318161962907493,
                    0.9653886274242469,
                    1.676868770838558
                ],
                [
                    -0.9924227310691124,
                    -4.124533099015837e-06,
                    -0.12287034971998811,
                    -0.1573890275035652
                ],
                [
                    0.0,
                    0.0,
                    0.0,
                    1.0
                ]
            ],
            "size": [
                0.1202,
                0.13634,
                0.67816
            ]
        },
        "distance": 0.032669433738045185
    },
    {
        "case": 16,
        "collider1": {
            "type": "Cylinder",
            "collider2origin": [
                [
                    0.907778172512869,
                    0.4194505805326725,
                    0.0,
                    0.41976000612504893
                ],
                [
                    -0.4194505805326725,
                    0.907778172512869,
                    0.0,
                    1.6236691588060355
                ],
                [
                    0.0,
                    0.0,
                    1.0,
                    -0.18000000000000016
                ],
                [
                    0.0,
                    0.0,
                    0.0,
                    1.0
                ]
            ],
            "radius": 0.04,
            "height": 0.3
        },
        "collider2": {
            "type": "Box",
            "collider2origin": [
                [
                    -0.02847935533165455,
                    -0.9727596060282709,
                    0.2300601556106931,
                    0.45941177951264434
                ],
                [
                    -0.1195242618768981,
                    0.2318161962907493,
                    0.9653886274242469,
                    1.676868770838558
                ],
                [
                    -0.9924227310691124,
                    -4.124533099015837e-06,
                    -0.12287034971998811,
                    -0.1573890275035652
                ],
                [
                    0.0,
                    0.0,
                    0.0,
                    1.0
                ]
            ],
            "size": [
                0.1202,
                0.13634,
                0.67816
            ]
        },
        "distance": 0.0
    },
    {
        "case": 17,
        "collider1": {
            "type": "Box",
            "collider2origin": [
                [
                    0.907778172512869,
                    0.4194505805326725,
                    0.0,
                    0.5152274101294649
                ],
                [
                    -0.4194505805326725,
                    0.907778172512869,
                    0.0,
                    2.7362274605469636
                ],
                [
                    0.0,
                    0.0,
                    1.0,
                    -0.04999999999999982
                ],
                [
                    0.0,
                    0.0,
                    0.0,
                    1.0
                ]
            ],
            "size": [
                0.84,
                1.28,
                2.08
            ]
        },
        "collider2": {
            "type": "Box",
            "collider2origin": [
                [
                    -0.02847935533165455,
                    -0.9727596060282709,
                    0.2300601556106931,
                    0.45941177951264434
                ],
                [
                    -0.1195242618768981,
                    0.2318161962907493,
                    0.9653886274242469,
                    1.676868770838558
                ],
                [
                    -0.9924227310691124,
                    -4.124533099015837e-06,
                    -0.12287034971998811,
                    -0.1573890275035652
                ],
                [
                    0.0,
                    0.0,
                    0.0,
                    1.0
                ]
            ],
            "size": [
                0.1202,
                0.13634,
                0.67816
            ]
        },
        "distance": 0.0
    },
    {
        "case": 18,
        "collider1": {
            "type": "Box",
            "collider2origin": [
                [
                    0.907778172512869,
                    0.4194505805326725,
                    0.0,
                    0.3318610395686135
                ],
                [
                    -0.4194505805326725,
                    0.907778172512869,
                    0.0,
                    1.862570334354233
                ],
                [
                    0.0,
                    0.0,
                    1.0,
                    -0.21500000000000008
                ],
                [
                    0.0,
                    0.0,
                    0.0,
                    1.0
                ]
            ],
            "size": [
                0.3,
                0.46,
                0.22
            ]
        },
        "collider2": {
            "type": "Box",
            "collider2origin": [
                [
                    -0.02847935533165455,
                    -0.9727596060282709,
                    0.2300601556106931,
                    0.45941177951264434
                ],
                [
                    -0.1195242618768981,
                    0.2318161962907493,
                    0.9653886274242469,
                    1.676868770838558
                ],
                [
                    -0.9924227310691124,
                    -4.124533099015837e-06,
                    -0.12287034971998811,
                    -0.1573890275035652
                ],
                [
                    0.0,
                    0.0,
                    0.0,
                    1.0
                ]
            ],
            "size": [
                0.1202,
                0.13634,
                0.67816
            ]
        },
        "distance": 0.0
    },
    {
        "case": 19,
        "collider1": {
            "type": "Box",
            "collider2origin": [
                [
                    0.907778172512869,
                    0.4194505805326725,
                    0.0,
                    0.3318610395686135
                ],
                [
                    -0.4194505805326725,
                    0.907778172512869,
                    0.0,
                    1.862570334354233
                ],
                [
                    0.0,
                    0.0,
                    1.0,
                    -0.21500000000000008
                ],
                [
                    0.0,
                    0.0,
                    0.0,
                    1.0
                ]
            ],
            "size": [
                0.3,
                0.46,
                0.22
            ]
        },
        "collider2": {
            "type": "Box",
            "collider2origin": [
                [
                    -0.5462451606187754,
                    0.5692187243996194,
                    -0.614496760197674,
                    0.4832003385859122
                ],
                [
                    -0.0381091247120746,
                    -0.7497467042777426,
                    -0.6606266525340484,
                    1.8864226458304256
                ],
                [
                    -0.8367579812073782,
                    -0.33744617825296624,
                    0.4312379362581861,
                    -0.3530835178311036
                ],
                [
                    0.0,
                    0.0,
                    0.0,
                    1.0
                ]
            ],
            "size": [
                0.06241,
                0.05638,
                0.02858
            ]
        },
        "distance": 0.0
    }
]