[
    {
        "case": 0,
        "collider1": {
            "type": "Box",
            "collider2origin": [
                [
                    0.9077781725128689,
                    0.4194505805326724,
                    0.0,
                    0.4158817547107895
                ],
                [
                    -0.4194505805326724,
                    0.9077781725128689,
                    0.0,
                    0.733173894971941
                ],
                [
                    0.0,
                    0.0,
                    1.0,
                    -0.6599999999999999
                ],
                [
                    0.0,
                    0.0,
                    0.0,
                    1.0
                ]
            ],
            "size": [
                0.6,
                1.0,
                0.8
            ]
        },
        "collider2": {
            "type": "Box",
            "collider2origin": [
                [
                    -0.0509493418666138,
                    -0.9984290020835671,
                    0.0233172117066193,
                    0.285328896609667
                ],
                [
                    0.9078673884978435,
                    -0.05603148934573646,
                    -0.4154964224921852,
                    0.2011867047490249
                ],
                [
                    0.4161501765774764,
                    -3.3317476952530426e-07,
                    0.9092958982280872,
                    -0.22705035009867025
                ],
                [
                    0.0,
                    0.0,
                    0.0,
                    1.0
                ]
            ],
            "size": [
                0.1202,
                0.13634,
                0.67816
            ]
        },
        "distance": 0.0
    },
    {
        "case": 1,
        "collider1": {
            "type": "Box",
            "collider2origin": [
                [
                    1.0,
                    0.0,
                    0.0,
                    0.35
                ],
                [
                    0.0,
                    1.0,
                    0.0,
                    -0.34649
                ],
                [
                    0.0,
                    0.0,
                    1.0,
                    -0.54511
                ],
                [
                    0.0,
                    0.0,
                    0.0,
                    1.0
                ]
            ],
            "size": [
                0.7,
                0.7,
                1.1
            ]
        },
        "collider2": {
            "type": "Box",
            "collider2origin": [
                [
                    -0.0509493418666138,
                    -0.9984290020835671,
                    0.0233172117066193,
                    0.285328896609667
                ],
                [
                    0.9078673884978435,
                    -0.05603148934573646,
                    -0.4154964224921852,
                    0.2011867047490249
                ],
                [
                    0.4161501765774764,
                    -3.3317476952530426e-07,
                    0.9092958982280872,
                    -0.22705035009867025
                ],
                [
                    0.0,
                    0.0,
                    0.0,
                    1.0
                ]
            ],
            "size": [
                0.1202,
                0.13634,
                0.67816
            ]
        },
        "distance": 0.019902842693069463
    },
    {
        "case": 2,
        "collider1": {
            "type": "Box",
            "collider2origin": [
                [
                    1.0,
                    0.0,
                    0.0,
                    0.35
                ],
                [
                    0.0,
                    1.0,
                    0.0,
                    -0.34649
                ],
                [
                    0.0,
                    0.0,
                    1.0,
                    -0.54511
                ],
                [
                    0.0,
                    0.0,
                    0.0,
                    1.0
                ]
            ],
            "size": [
                0.7,
                0.7,
                1.1
            ]
        },
        "collider2": {
            "type": "Box",
            "collider2origin": [
                [
                    0.01767098068214177,
                    -0.9984292830248434,
                    -0.05316674938557676,
                    0.18040505180800015
                ],
                [
                    -0.3148268233178604,
                    -0.05602648280192561,
                    0.9474941184748484,
                    0.07621867417979511
                ],
                [
                    -0.9489846193491841,
                    -4.831448814063577e-06,
                    -0.3153223623775214,
                    0.037784493530651275
                ],
                [
                    0.0,
                    0.0,
                    0.0,
                    1.0
                ]
            ],
            "size": [
                0.09102,
                0.10007,
                0.11882
            ]
        },
        "distance": 0.007782332825882132
    },
    {
        "case": 3,
        "collider1": {
            "type": "Box",
            "collider2origin": [
                [
                    0.9077781725128689,
                    0.4194505805326724,
                    0.0,
                    0.4158817547107895
                ],
                [
                    -0.4194505805326724,
                    0.9077781725128689,
                    0.0,
                    0.733173894971941
                ],
                [
                    0.0,
                    0.0,
                    1.0,
                    -0.6599999999999999
                ],
                [
                    0.0,
                    0.0,
                    0.0,
                    1.0
                ]
            ],
            "size": [
                0.6,
                1.0,
                0.8
            ]
        },
        "collider2": {
            "type": "Box",
            "collider2origin": [
                [
                    0.03472111579552943,
                    -0.9984289261897911,
                    0.043978670573522796,
                    0.13892193488194837
                ],
                [
                    -0.6187663311397749,
                    -0.05603284137095701,
                    -0.783574213546949,
                    0.5552329062156486
                ],
                [
                    0.784807410493642,
                    -5.9496362289102575e-06,
                    -0.6197397263358754,
                    -0.28868158306183767
                ],
                [
                    0.0,
                    0.0,
                    0.0,
                    1.0
                ]
            ],
            "size": [
                0.15068,
                0.17726,
                0.74884
            ]
        },
        "distance": 0.0
    },
    {
        "case": 4,
        "collider1": {
            "type": "Box",
            "collider2origin": [
                [
                    0.9077781725128689,
                    0.4194505805326724,
                    0.0,
                    0.27063700059322826
                ],
                [
                    -0.4194505805326724,
                    0.9077781725128689,
                    0.0,
                    0.8002854543438492
                ],
                [
                    0.0,
                    0.0,
                    1.0,
                    -0.25
                ],
                [
                    0.0,
                    0.0,
                    0.0,
                    1.0
                ]
            ],
            "size": [
                0.2,
                0.2,
                0.02
            ]
        },
        "collider2": {
            "type": "Box",
            "collider2origin": [
                [
                    0.03472111579552943,
                    -0.9984289261897911,
                    0.043978670573522796,
                    0.13892193488194837
                ],
                [
                    -0.6187663311397749,
                    -0.05603284137095701,
                    -0.783574213546949,
                    0.5552329062156486
                ],
                [
                    0.784807410493642,
                    -5.9496362289102575e-06,
                    -0.6197397263358754,
                    -0.28868158306183767
                ],
                [
                    0.0,
                    0.0,
                    0.0,
                    1.0
                ]
            ],
            "size": [
                0.15068,
                0.17726,
                0.74884
            ]
        },
        "distance": 0.0
    },
    {
        "case": 5,
        "collider1": {
            "type": "Box",
            "collider2origin": [
                [
                    0.9077781725128689,
                    0.4194505805326724,
                    0.0,
                    0.4158817547107895
                ],
                [
                    -0.4194505805326724,
                    0.9077781725128689,
                    0.0,
                    0.733173894971941
                ],
                [
                    0.0,
                    0.0,
                    1.0,
                    -0.6599999999999999
                ],
                [
                    0.0,
                    0.0,
                    0.0,
                    1.0
                ]
            ],
            "size": [
                0.6,
                1.0,
                0.8
            ]
        },
        "collider2": {
            "type": "Box",
            "collider2origin": [
                [
                    0.03472111579552943,
                    -0.9984289261897911,
                    0.043978670573522796,
                    0.13892193488194837
                ],
                [
                    -0.6187663311397749,
                    -0.05603284137095701,
                    -0.783574213546949,
                    0.5552329062156486
                ],
                [
                    0.784807410493642,
                    -5.9496362289102575e-06,
                    -0.6197397263358754,
                    -0.28868158306183767
                ],
                [
                    0.0,
                    0.0,
                    0.0,
                    1.0
                ]
            ],
            "size": [
                0.15068,
                0.17726,
                0.74884
            ]
        },
        "distance": 0.0
    },
    {
        "case": 6,
        "collider1": {
            "type": "Box",
            "collider2origin": [
                [
                    0.9077781725128689,
                    0.4194505805326724,
                    0.0,
                    0.27063700059322826
                ],
                [
                    -0.4194505805326724,
                    0.9077781725128689,
                    0.0,
                    0.8002854543438492
                ],
                [
                    0.0,
                    0.0,
                    1.0,
                    -0.25
                ],
                [
                    0.0,
                    0.0,
                    0.0,
                    1.0
                ]
            ],
            "size": [
                0.2,
                0.2,
                0.02
            ]
        },
        "collider2": {
            "type": "Box",
            "collider2origin": [
                [
                    0.03472111579552943,
                    -0.9984289261897911,
                    0.043978670573522796,
                    0.13892193488194837
                ],
                [
                    -0.6187663311397749,
                    -0.05603284137095701,
                    -0.783574213546949,
                    0.5552329062156486
                ],
                [
                    0.784807410493642,
                    -5.9496362289102575e-06,
                    -0.6197397263358754,
                    -0.28868158306183767
                ],
                [
                    0.0,
                    0.0,
                    0.0,
                    1.0
                ]
            ],
            "size": [
                0.15068,
                0.17726,
                0.74884
            ]
        },
        "distance": 0.0
    }
]