[
    {
        "case": 0,
        "collider1": {
            "type": "Box",
            "collider2origin": [
                [
                    0.907778172512869,
                    0.4194505805326725,
                    0.0,
                    -1.612083837096907
                ],
                [
                    -0.4194505805326725,
                    0.907778172512869,
                    0.0,
                    -0.24654756573714753
                ],
                [
                    0.0,
                    0.0,
                    1.0,
                    -0.040000000000000036
                ],
                [
                    0.0,
                    0.0,
                    0.0,
                    1.0
                ]
            ],
            "size": [
                2.0,
                2.0,
                2.0
            ]
        },
        "collider2": {
            "type": "Box",
            "collider2origin": [
                [
                    -0.13883250520420864,
                    0.9331532494976172,
                    -0.33158791963936335,
                    -0.2925416348027223
                ],
                [
                    0.7268133371330716,
                    -0.13141793727997275,
                    -0.6741451614649216,
                    -0.03755972425334664
                ],
                [
                    -0.6726573484800501,
                    -0.3345957840635692,
                    -0.6599831458625846,
                    -0.28526848414380335
                ],
                [
                    0.0,
                    0.0,
                    0.0,
                    1.0
                ]
            ],
            "size": [
                0.09126,
                0.11887,
                0.10009
            ]
        },
        "distance": 0.03599384280325489
    },
    {
        "case": 1,
        "collider1": {
            "type": "Box",
            "collider2origin": [
                [
                    0.907778172512869,
                    0.4194505805326725,
                    0.0,
                    -1.612083837096907
                ],
                [
                    -0.4194505805326725,
                    0.907778172512869,
                    0.0,
                    -0.24654756573714753
                ],
                [
                    0.0,
                    0.0,
                    1.0,
                    -0.040000000000000036
                ],
                [
                    0.0,
                    0.0,
                    0.0,
                    1.0
                ]
            ],
            "size": [
                2.0,
                2.0,
                2.0
            ]
        },
        "collider2": {
            "type": "Box",
            "collider2origin": [
                [
                    -0.2912999037980735,
                    -0.8973259260694926,
                    -0.33158791963936335,
                    -0.25466118004758315
                ],
                [
                    -0.5922179657078008,
                    0.4413685335027281,
                    -0.6741451614649216,
                    0.034767174826106695
                ],
                [
                    0.7512804051352245,
                    -6.097458562892881e-06,
                    -0.6599831458625846,
                    -0.21249320884236922
                ],
                [
                    0.0,
                    0.0,
                    0.0,
                    1.0
                ]
            ],
            "size": [
                0.09102,
                0.10007,
                0.11882
            ]
        },
        "distance": 0.062407773959152806
    },
    {
        "case": 2,
        "collider1": {
            "type": "Box",
            "collider2origin": [
                [
                    0.9077781725128689,
                    0.4194505805326724,
                    0.0,
                    0.4158817547107895
                ],
                [
                    -0.4194505805326724,
                    0.9077781725128689,
                    0.0,
                    0.733173894971941
                ],
                [
                    0.0,
                    0.0,
                    1.0,
                    -0.6599999999999999
                ],
                [
                    0.0,
                    0.0,
                    0.0,
                    1.0
                ]
            ],
            "size": [
                0.6,
                1.0,
                0.8
            ]
        },
        "collider2": {
            "type": "Box",
            "collider2origin": [
                [
                    -0.3171129514910009,
                    -0.8973258357334013,
                    -0.3069946587841868,
                    -0.06393729855700875
                ],
                [
                    -0.644697375643185,
                    0.44136871715778436,
                    -0.6241465768177231,
                    0.16930711286030464
                ],
                [
                    0.695560687384973,
                    -6.312283032606018e-06,
                    -0.7184673479878531,
                    -0.0009548175855678132
                ],
                [
                    0.0,
                    0.0,
                    0.0,
                    1.0
                ]
            ],
            "size": [
                0.1202,
                0.13634,
                0.67816
            ]
        },
        "distance": 0.2720198273332448
    },
    {
        "case": 3,
        "collider1": {
            "type": "Box",
            "collider2origin": [
                [
                    1.0,
                    0.0,
                    0.0,
                    0.35
                ],
                [
                    0.0,
                    1.0,
                    0.0,
                    -0.34649
                ],
                [
                    0.0,
                    0.0,
                    1.0,
                    -0.54511
                ],
                [
                    0.0,
                    0.0,
                    0.0,
                    1.0
                ]
            ],
            "size": [
                0.7,
                0.7,
                1.1
            ]
        },
        "collider2": {
            "type": "Box",
            "collider2origin": [
                [
                    -0.3171129514910009,
                    -0.8973258357334013,
                    -0.3069946587841868,
                    -0.06393729855700875
                ],
                [
                    -0.644697375643185,
                    0.44136871715778436,
                    -0.6241465768177231,
                    0.16930711286030464
                ],
                [
                    0.695560687384973,
                    -6.312283032606018e-06,
                    -0.7184673479878531,
                    -0.0009548175855678132
                ],
                [
                    0.0,
                    0.0,
                    0.0,
                    1.0
                ]
            ],
            "size": [
                0.1202,
                0.13634,
                0.67816
            ]
        },
        "distance": 0.06237891743044634
    }
]