[
    {
        "case": 0,
        "collider1": {
            "type": "Box",
            "collider2origin": [
                [
                    0.9077781725128689,
                    0.4194505805326724,
                    0.0,
                    0.4158817547107895
                ],
                [
                    -0.4194505805326724,
                    0.9077781725128689,
                    0.0,
                    0.733173894971941
                ],
                [
                    0.0,
                    0.0,
                    1.0,
                    -0.6599999999999999
                ],
                [
                    0.0,
                    0.0,
                    0.0,
                    1.0
                ]
            ],
            "size": [
                0.6,
                1.0,
                0.8
            ]
        },
        "collider2": {
            "type": "Box",
            "collider2origin": [
                [
                    -0.6431995701875648,
                    0.7006665274748929,
                    0.3088053273290588,
                    0.5149908551511363
                ],
                [
                    0.6316361519902173,
                    0.7134889047683163,
                    -0.30326449556698815,
                    0.8335006155339693
                ],
                [
                    -0.4328164557979782,
                    -6.9845336292527204e-06,
                    -0.9014820661231663,
                    -0.37307541208517514
                ],
                [
                    0.0,
                    0.0,
                    0.0,
                    1.0
                ]
            ],
            "size": [
                0.15068,
                0.17726,
                0.74884
            ]
        },
        "distance": 0.0
    },
    {
        "case": 1,
        "collider1": {
            "type": "Box",
            "collider2origin": [
                [
                    0.9077781725128689,
                    0.4194505805326724,
                    0.0,
                    0.27063700059322826
                ],
                [
                    -0.4194505805326724,
                    0.9077781725128689,
                    0.0,
                    0.8002854543438492
                ],
                [
                    0.0,
                    0.0,
                    1.0,
                    -0.25
                ],
                [
                    0.0,
                    0.0,
                    0.0,
                    1.0
                ]
            ],
            "size": [
                0.2,
                0.2,
                0.02
            ]
        },
        "collider2": {
            "type": "Box",
            "collider2origin": [
                [
                    -0.6431995701875648,
                    0.7006665274748929,
                    0.3088053273290588,
                    0.5149908551511363
                ],
                [
                    0.6316361519902173,
                    0.7134889047683163,
                    -0.30326449556698815,
                    0.8335006155339693
                ],
                [
                    -0.4328164557979782,
                    -6.9845336292527204e-06,
                    -0.9014820661231663,
                    -0.37307541208517514
                ],
                [
                    0.0,
                    0.0,
                    0.0,
                    1.0
                ]
            ],
            "size": [
                0.15068,
                0.17726,
                0.74884
            ]
        },
        "distance": 0.0
    },
    {
        "case": 2,
        "collider1": {
            "type": "Box",
            "collider2origin": [
                [
                    0.907778172512869,
                    0.4194505805326725,
                    0.0,
                    0.9947946797881562
                ],
                [
                    -0.4194505805326725,
                    0.907778172512869,
                    0.0,
                    0.5317739604993647
                ],
                [
                    0.0,
                    0.0,
                    1.0,
                    -0.69
                ],
                [
                    0.0,
                    0.0,
                    0.0,
                    1.0
                ]
            ],
            "size": [
                0.6,
                1.2,
                0.75
            ]
        },
        "collider2": {
            "type": "Box",
            "collider2origin": [
                [
                    -0.6431995701875648,
                    0.7006665274748929,
                    0.3088053273290588,
                    0.5149908551511363
                ],
                [
                    0.6316361519902173,
                    0.7134889047683163,
                    -0.30326449556698815,
                    0.8335006155339693
                ],
                [
                    -0.4328164557979782,
                    -6.9845336292527204e-06,
                    -0.9014820661231663,
                    -0.37307541208517514
                ],
                [
                    0.0,
                    0.0,
                    0.0,
                    1.0
                ]
            ],
            "size": [
                0.15068,
                0.17726,
                0.74884
            ]
        },
        "distance": 0.015728229080913484
    },
    {
        "case": 3,
        "collider1": {
            "type": "Box",
            "collider2origin": [
                [
                    0.9077781725128689,
                    0.4194505805326724,
                    0.0,
                    0.4158817547107895
                ],
                [
                    -0.4194505805326724,
                    0.9077781725128689,
                    0.0,
                    0.733173894971941
                ],
                [
                    0.0,
                    0.0,
                    1.0,
                    -0.6599999999999999
                ],
                [
                    0.0,
                    0.0,
                    0.0,
                    1.0
                ]
            ],
            "size": [
                0.6,
                1.0,
                0.8
            ]
        },
        "collider2": {
            "type": "Box",
            "collider2origin": [
                [
                    -0.6431995701875648,
                    0.7006665274748929,
                    0.3088053273290588,
                    0.5149908551511363
                ],
                [
                    0.6316361519902173,
                    0.7134889047683163,
                    -0.30326449556698815,
                    0.8335006155339693
                ],
                [
                    -0.4328164557979782,
                    -6.9845336292527204e-06,
                    -0.9014820661231663,
                    -0.37307541208517514
                ],
                [
                    0.0,
                    0.0,
                    0.0,
                    1.0
                ]
            ],
            "size": [
                0.15068,
                0.17726,
                0.74884
            ]
        },
        "distance": 0.0
    },
    {
        "case": 4,
        "collider1": {
            "type": "Box",
            "collider2origin": [
                [
                    0.9077781725128689,
                    0.4194505805326724,
                    0.0,
                    0.27063700059322826
                ],
                [
                    -0.4194505805326724,
                    0.9077781725128689,
                    0.0,
                    0.8002854543438492
                ],
                [
                    0.0,
                    0.0,
                    1.0,
                    -0.25
                ],
                [
                    0.0,
                    0.0,
                    0.0,
                    1.0
                ]
            ],
            "size": [
                0.2,
                0.2,
                0.02
            ]
        },
        "collider2": {
            "type": "Box",
            "collider2origin": [
                [
                    -0.6431995701875648,
                    0.7006665274748929,
                    0.3088053273290588,
                    0.5149908551511363
                ],
                [
                    0.6316361519902173,
                    0.7134889047683163,
                    -0.30326449556698815,
                    0.8335006155339693
                ],
                [
                    -0.4328164557979782,
                    -6.9845336292527204e-06,
                    -0.9014820661231663,
                    -0.37307541208517514
                ],
                [
                    0.0,
                    0.0,
                    0.0,
                    1.0
                ]
            ],
            "size": [
                0.15068,
                0.17726,
                0.74884
            ]
        },
        "distance": 0.0
    },
    {
        "case": 5,
        "collider1": {
            "type": "Box",
            "collider2origin": [
                [
                    0.907778172512869,
                    0.4194505805326725,
                    0.0,
                    0.9947946797881562
                ],
                [
                    -0.4194505805326725,
                    0.907778172512869,
                    0.0,
                    0.5317739604993647
                ],
                [
                    0.0,
                    0.0,
                    1.0,
                    -0.69
                ],
                [
                    0.0,
                    0.0,
                    0.0,
                    1.0
                ]
            ],
            "size": [
                0.6,
                1.2,
                0.75
            ]
        },
        "collider2": {
            "type": "Box",
            "collider2origin": [
                [
                    -0.6431995701875648,
                    0.7006665274748929,
                    0.3088053273290588,
                    0.5149908551511363
                ],
                [
                    0.6316361519902173,
                    0.7134889047683163,
                    -0.30326449556698815,
                    0.8335006155339693
                ],
                [
                    -0.4328164557979782,
                    -6.9845336292527204e-06,
                    -0.9014820661231663,
                    -0.37307541208517514
                ],
                [
                    0.0,
                    0.0,
                    0.0,
                    1.0
                ]
            ],
            "size": [
                0.15068,
                0.17726,
                0.74884
            ]
        },
        "distance": 0.015728229080913484
    },
    {
        "case": 6,
        "collider1": {
            "type": "Box",
            "collider2origin": [
                [
                    0.9077781725128689,
                    0.4194505805326724,
                    0.0,
                    0.4158817547107895
                ],
                [
                    -0.4194505805326724,
                    0.9077781725128689,
                    0.0,
                    0.733173894971941
                ],
                [
                    0.0,
                    0.0,
                    1.0,
                    -0.6599999999999999
                ],
                [
                    0.0,
                    0.0,
                    0.0,
                    1.0
                ]
            ],
            "size": [
                0.6,
                1.0,
                0.8
            ]
        },
        "collider2": {
            "type": "Box",
            "collider2origin": [
                [
                    0.7128728500576611,
                    0.7006655021439799,
                    0.02966738539190687,
                    0.3111728997187863
                ],
                [
                    -0.700059531870183,
                    0.7134899117053614,
                    -0.0291341334584706,
                    1.0132209219850172
                ],
                [
                    -0.041580662433009445,
                    -3.176770429796356e-09,
                    0.9991351502732909,
                    -0.24867822759434655
                ],
                [
                    0.0,
                    0.0,
                    0.0,
                    1.0
                ]
            ],
            "size": [
                0.09102,
                0.10007,
                0.11882
            ]
        },
        "distance": 0.0
    },
    {
        "case": 7,
        "collider1": {
            "type": "Box",
            "collider2origin": [
                [
                    0.9077781725128689,
                    0.4194505805326724,
                    0.0,
                    0.4158817547107895
                ],
                [
                    -0.4194505805326724,
                    0.9077781725128689,
                    0.0,
                    0.733173894971941
                ],
                [
                    0.0,
                    0.0,
                    1.0,
                    -0.6599999999999999
                ],
                [
                    0.0,
                    0.0,
                    0.0,
                    1.0
                ]
            ],
            "size": [
                0.6,
                1.0,
                0.8
            ]
        },
        "collider2": {
            "type": "Box",
            "collider2origin": [
                [
                    0.502590017023373,
                    0.7006635329391039,
                    -0.5064325111974337,
                    0.38072850748195186
                ],
                [
                    -0.4935525591358609,
                    0.7134918455091931,
                    0.4973281188132522,
                    0.7882759780220506
                ],
                [
                    0.7097951437977637,
                    -1.0857694605078763e-06,
                    0.7044081585557713,
                    -0.456948125362151
                ],
                [
                    0.0,
                    0.0,
                    0.0,
                    1.0
                ]
            ],
            "size": [
                0.1202,
                0.13634,
                0.67816
            ]
        },
        "distance": 0.0
    },
    {
        "case": 8,
        "collider1": {
            "type": "Box",
            "collider2origin": [
                [
                    0.9077781725128689,
                    0.4194505805326724,
                    0.0,
                    0.27063700059322826
                ],
                [
                    -0.4194505805326724,
                    0.9077781725128689,
                    0.0,
                    0.8002854543438492
                ],
                [
                    0.0,
                    0.0,
                    1.0,
                    -0.25
                ],
                [
                    0.0,
                    0.0,
                    0.0,
                    1.0
                ]
            ],
            "size": [
                0.2,
                0.2,
                0.02
            ]
        },
        "collider2": {
            "type": "Box",
            "collider2origin": [
                [
                    0.502590017023373,
                    0.7006635329391039,
                    -0.5064325111974337,
                    0.38072850748195186
                ],
                [
                    -0.4935525591358609,
                    0.7134918455091931,
                    0.4973281188132522,
                    0.7882759780220506
                ],
                [
                    0.7097951437977637,
                    -1.0857694605078763e-06,
                    0.7044081585557713,
                    -0.456948125362151
                ],
                [
                    0.0,
                    0.0,
                    0.0,
                    1.0
                ]
            ],
            "size": [
                0.1202,
                0.13634,
                0.67816
            ]
        },
        "distance": 0.0
    },
    {
        "case": 9,
        "collider1": {
            "type": "Box",
            "collider2origin": [
                [
                    0.907778172512869,
                    0.4194505805326725,
                    0.0,
                    0.9947946797881562
                ],
                [
                    -0.4194505805326725,
                    0.907778172512869,
                    0.0,
                    0.5317739604993647
                ],
                [
                    0.0,
                    0.0,
                    1.0,
                    -0.69
                ],
                [
                    0.0,
                    0.0,
                    0.0,
                    1.0
                ]
            ],
            "size": [
                0.6,
                1.2,
                0.75
            ]
        },
        "collider2": {
            "type": "Box",
            "collider2origin": [
                [
                    0.502590017023373,
                    0.7006635329391039,
                    -0.5064325111974337,
                    0.38072850748195186
                ],
                [
                    -0.4935525591358609,
                    0.7134918455091931,
                    0.4973281188132522,
                    0.7882759780220506
                ],
                [
                    0.7097951437977637,
                    -1.0857694605078763e-06,
                    0.7044081585557713,
                    -0.456948125362151
                ],
                [
                    0.0,
                    0.0,
                    0.0,
                    1.0
                ]
            ],
            "size": [
                0.1202,
                0.13634,
                0.67816
            ]
        },
        "distance": 0.07558767574193942
    }
]