[
    {
        "case": 0,
        "collider1": {
            "type": "Box",
            "collider2origin": [
                [
                    0.907778172512869,
                    0.4194505805326725,
                    0.0,
                    -1.612083837096907
                ],
                [
                    -0.4194505805326725,
                    0.907778172512869,
                    0.0,
                    -0.24654756573714753
                ],
                [
                    0.0,
                    0.0,
                    1.0,
                    -0.040000000000000036
                ],
                [
                    0.0,
                    0.0,
                    0.0,
                    1.0
                ]
            ],
            "size": [
                2.0,
                2.0,
                2.0
            ]
        },
        "collider2": {
            "type": "Box",
            "collider2origin": [
                [
                    0.08380780830283678,
                    0.8390598748956533,
                    -0.5375451400650608,
                    -0.26411540499866054
                ],
                [
                    -0.4815770694244765,
                    0.5063686018517134,
                    0.7153141724188568,
                    1.069015910706575
                ],
                [
                    0.8723874010277819,
                    0.19892050019751972,
                    0.4465096383384803,
                    0.34198638459324826
                ],
                [
                    0.0,
                    0.0,
                    0.0,
                    1.0
                ]
            ],
            "size": [
                0.08993,
                0.0305,
                0.09007
            ]
        },
        "distance": 0.7101032433349326
    },
    {
        "case": 1,
        "collider1": {
            "type": "Box",
            "collider2origin": [
                [
                    0.907778172512869,
                    0.4194505805326725,
                    0.0,
                    -0.7418785952877999
                ],
                [
                    -0.4194505805326725,
                    0.907778172512869,
                    0.0,
                    1.2791466490804724
                ],
                [
                    0.0,
                    0.0,
                    1.0,
                    0.27
                ],
                [
                    0.0,
                    0.0,
                    0.0,
                    1.0
                ]
            ],
            "size": [
                0.52,
                1.16,
                0.6
            ]
        },
        "collider2": {
            "type": "Box",
            "collider2origin": [
                [
                    0.08380780830283678,
                    0.8390598748956533,
                    -0.5375451400650608,
                    -0.26411540499866054
                ],
                [
                    -0.4815770694244765,
                    0.5063686018517134,
                    0.7153141724188568,
                    1.069015910706575
                ],
                [
                    0.8723874010277819,
                    0.19892050019751972,
                    0.4465096383384803,
                    0.34198638459324826
                ],
                [
                    0.0,
                    0.0,
                    0.0,
                    1.0
                ]
            ],
            "size": [
                0.08993,
                0.0305,
                0.09007
            ]
        },
        "distance": 0.20547410117809614
    },
    {
        "case": 2,
        "collider1": {
            "type": "Box",
            "collider2origin": [
                [
                    0.907778172512869,
                    0.4194505805326725,
                    0.0,
                    -1.612083837096907
                ],
                [
                    -0.4194505805326725,
                    0.907778172512869,
                    0.0,
                    -0.24654756573714753
                ],
                [
                    0.0,
                    0.0,
                    1.0,
                    -0.040000000000000036
                ],
                [
                    0.0,
                    0.0,
                    0.0,
                    1.0
                ]
            ],
            "size": [
                2.0,
                2.0,
                2.0
            ]
        },
        "collider2": {
            "type": "Box",
            "collider2origin": [
                [
                    0.7430760145388213,
                    -0.5629251375905695,
                    0.3618747381149174,
                    -0.36691258529841514
                ],
                [
                    -0.5061043309998058,
                    -0.8265078882987016,
                    -0.2464611870523637,
                    1.0606884162349686
                ],
                [
                    0.4378315232601928,
                    -6.975626002785681e-06,
                    -0.8990570377851451,
                    0.42787790377473556
                ],
                [
                    0.0,
                    0.0,
                    0.0,
                    1.0
                ]
            ],
            "size": [
                0.09102,
                0.10007,
                0.11882
            ]
        },
        "distance": 0.6486151950325306
    },
    {
        "case": 3,
        "collider1": {
            "type": "Box",
            "collider2origin": [
                [
                    0.907778172512869,
                    0.4194505805326725,
                    0.0,
                    -0.7418785952877999
                ],
                [
                    -0.4194505805326725,
                    0.907778172512869,
                    0.0,
                    1.2791466490804724
                ],
                [
                    0.0,
                    0.0,
                    1.0,
                    0.27
                ],
                [
                    0.0,
                    0.0,
                    0.0,
                    1.0
                ]
            ],
            "size": [
                0.52,
                1.16,
                0.6
            ]
        },
        "collider2": {
            "type": "Box",
            "collider2origin": [
                [
                    0.7430760145388213,
                    -0.5629251375905695,
                    0.3618747381149174,
                    -0.36691258529841514
                ],
                [
                    -0.5061043309998058,
                    -0.8265078882987016,
                    -0.2464611870523637,
                    1.0606884162349686
                ],
                [
                    0.4378315232601928,
                    -6.975626002785681e-06,
                    -0.8990570377851451,
                    0.42787790377473556
                ],
                [
                    0.0,
                    0.0,
                    0.0,
                    1.0
                ]
            ],
            "size": [
                0.09102,
                0.10007,
                0.11882
            ]
        },
        "distance": 0.09777822339719652
    },
    {
        "case": 4,
        "collider1": {
            "type": "Box",
            "collider2origin": [
                [
                    0.907778172512869,
                    0.4194505805326725,
                    0.0,
                    -1.612083837096907
                ],
                [
                    -0.4194505805326725,
                    0.907778172512869,
                    0.0,
                    -0.24654756573714753
                ],
                [
                    0.0,
                    0.0,
                    1.0,
                    -0.040000000000000036
                ],
                [
                    0.0,
                    0.0,
                    0.0,
                    1.0
                ]
            ],
            "size": [
                2.0,
                2.0,
                2.0
            ]
        },
        "collider2": {
            "type": "Box",
            "collider2origin": [
                [
                    -0.4062261145582914,
                    0.8390631786493399,
                    0.36187473811491727,
                    -0.32764158354274725
                ],
                [
                    0.8263481712444994,
                    0.5063650690535548,
                    -0.2464611870523636,
                    1.031481889335815
                ],
                [
                    -0.39003723377614286,
                    0.1989155576551381,
                    -0.899057037785145,
                    0.33006372411885954
                ],
                [
                    0.0,
                    0.0,
                    0.0,
                    1.0
                ]
            ],
            "size": [
                0.09126,
                0.11887,
                0.10009
            ]
        },
        "distance": 0.6206347289619017
    },
    {
        "case": 5,
        "collider1": {
            "type": "Box",
            "collider2origin": [
                [
                    0.907778172512869,
                    0.4194505805326725,
                    0.0,
                    -0.7418785952877999
                ],
                [
                    -0.4194505805326725,
                    0.907778172512869,
                    0.0,
                    1.2791466490804724
                ],
                [
                    0.0,
                    0.0,
                    1.0,
                    0.27
                ],
                [
                    0.0,
                    0.0,
                    0.0,
                    1.0
                ]
            ],
            "size": [
                0.52,
                1.16,
                0.6
            ]
        },
        "collider2": {
            "type": "Box",
            "collider2origin": [
                [
                    -0.4062261145582914,
                    0.8390631786493399,
                    0.36187473811491727,
                    -0.32764158354274725
                ],
                [
                    0.8263481712444994,
                    0.5063650690535548,
                    -0.2464611870523636,
                    1.031481889335815
                ],
                [
                    -0.39003723377614286,
                    0.1989155576551381,
                    -0.899057037785145,
                    0.33006372411885954
                ],
                [
                    0.0,
                    0.0,
                    0.0,
                    1.0
                ]
            ],
            "size": [
                0.09126,
                0.11887,
                0.10009
            ]
        },
        "distance": 0.1330154766907944
    },
    {
        "case": 6,
        "collider1": {
            "type": "Box",
            "collider2origin": [
                [
                    0.907778172512869,
                    0.4194505805326725,
                    0.0,
                    -1.612083837096907
                ],
                [
                    -0.4194505805326725,
                    0.907778172512869,
                    0.0,
                    -0.24654756573714753
                ],
                [
                    0.0,
                    0.0,
                    1.0,
                    -0.040000000000000036
                ],
                [
                    0.0,
                    0.0,
                    0.0,
                    1.0
                ]
            ],
            "size": [
                2.0,
                2.0,
                2.0
            ]
        },
        "collider2": {
            "type": "Box",
            "collider2origin": [
                [
                    -0.816728094170688,
                    -0.5629269324518529,
                    -0.12676154350852076,
                    -0.2677269459515072
                ],
                [
                    0.5562668352861425,
                    -0.8265066658656451,
                    0.08633619889938621,
                    1.1283549094120673
                ],
                [
                    -0.15337023229119487,
                    -4.3458434341822075e-08,
                    0.9881687972441464,
                    0.14184898534595725
                ],
                [
                    0.0,
                    0.0,
                    0.0,
                    1.0
                ]
            ],
            "size": [
                0.1202,
                0.13634,
                0.67816
            ]
        },
        "distance": 0.7264487524647572
    },
    {
        "case": 7,
        "collider1": {
            "type": "Box",
            "collider2origin": [
                [
                    0.9081427509232697,
                    -0.4186606548811531,
                    0.0,
                    -0.09474126814702305
                ],
                [
                    0.41866065488115317,
                    0.9081427509232698,
                    0.0,
                    1.368923948110301
                ],
                [
                    0.0,
                    0.0,
                    1.0,
                    -0.21500000000000008
                ],
                [
                    0.0,
                    0.0,
                    0.0,
                    1.0
                ]
            ],
            "size": [
                0.2,
                0.3,
                0.22
            ]
        },
        "collider2": {
            "type": "Box",
            "collider2origin": [
                [
                    -0.816728094170688,
                    -0.5629269324518529,
                    -0.12676154350852076,
                    -0.2677269459515072
                ],
                [
                    0.5562668352861425,
                    -0.8265066658656451,
                    0.08633619889938621,
                    1.1283549094120673
                ],
                [
                    -0.15337023229119487,
                    -4.3458434341822075e-08,
                    0.9881687972441464,
                    0.14184898534595725
                ],
                [
                    0.0,
                    0.0,
                    0.0,
                    1.0
                ]
            ],
            "size": [
                0.1202,
                0.13634,
                0.67816
            ]
        },
        "distance": 0.0650792113573661
    },
    {
        "case": 8,
        "collider1": {
            "type": "Box",
            "collider2origin": [
                [
                    0.9798474486812189,
                    -0.1997472836183421,
                    0.0,
                    -0.20628161272202655
                ],
                [
                    0.19974728361834207,
                    0.9798474486812188,
                    0.0,
                    1.335871448475788
                ],
                [
                    0.0,
                    0.0,
                    1.0,
                    -0.21500000000000008
                ],
                [
                    0.0,
                    0.0,
                    0.0,
                    1.0
                ]
            ],
            "size": [
                0.2,
                0.3,
                0.22
            ]
        },
        "collider2": {
            "type": "Box",
            "collider2origin": [
                [
                    -0.816728094170688,
                    -0.5629269324518529,
                    -0.12676154350852076,
                    -0.2677269459515072
                ],
                [
                    0.5562668352861425,
                    -0.8265066658656451,
                    0.08633619889938621,
                    1.1283549094120673
                ],
                [
                    -0.15337023229119487,
                    -4.3458434341822075e-08,
                    0.9881687972441464,
                    0.14184898534595725
                ],
                [
                    0.0,
                    0.0,
                    0.0,
                    1.0
                ]
            ],
            "size": [
                0.1202,
                0.13634,
                0.67816
            ]
        },
        "distance": 0.0
    },
    {
        "case": 9,
        "collider1": {
            "type": "Box",
            "collider2origin": [
                [
                    0.9984065575563776,
                    -0.05643000822632935,
                    0.0,
                    -0.3111399560290343
                ],
                [
                    0.05643000822632935,
                    0.9984065575563776,
                    0.0,
                    1.3240986306775833
                ],
                [
                    0.0,
                    0.0,
                    1.0,
                    -0.21500000000000008
                ],
                [
                    0.0,
                    0.0,
                    0.0,
                    1.0
                ]
            ],
            "size": [
                0.2,
                0.3,
                0.22
            ]
        },
        "collider2": {
            "type": "Box",
            "collider2origin": [
                [
                    -0.816728094170688,
                    -0.5629269324518529,
                    -0.12676154350852076,
                    -0.2677269459515072
                ],
                [
                    0.5562668352861425,
                    -0.8265066658656451,
                    0.08633619889938621,
                    1.1283549094120673
                ],
                [
                    -0.15337023229119487,
                    -4.3458434341822075e-08,
                    0.9881687972441464,
                    0.14184898534595725
                ],
                [
                    0.0,
                    0.0,
                    0.0,
                    1.0
                ]
            ],
            "size": [
                0.1202,
                0.13634,
                0.67816
            ]
        },
        "distance": 0.0
    },
    {
        "case": 10,
        "collider1": {
            "type": "Box",
            "collider2origin": [
                [
                    0.9997288002091077,
                    0.023287894547555033,
                    0.0,
                    -0.42010216954734814
                ],
                [
                    -0.02328789454755501,
                    0.9997288002091077,
                    0.0,
                    1.3190360102899432
                ],
                [
                    0.0,
                    0.0,
                    1.0,
                    -0.21500000000000008
                ],
                [
                    0.0,
                    0.0,
                    0.0,
                    1.0
                ]
            ],
            "size": [
                0.2,
                0.3,
                0.22
            ]
        },
        "collider2": {
            "type": "Box",
            "collider2origin": [
                [
                    -0.816728094170688,
                    -0.5629269324518529,
                    -0.12676154350852076,
                    -0.2677269459515072
                ],
                [
                    0.5562668352861425,
                    -0.8265066658656451,
                    0.08633619889938621,
                    1.1283549094120673
                ],
                [
                    -0.15337023229119487,
                    -4.3458434341822075e-08,
                    0.9881687972441464,
                    0.14184898534595725
                ],
                [
                    0.0,
                    0.0,
                    0.0,
                    1.0
                ]
            ],
            "size": [
                0.1202,
                0.13634,
                0.67816
            ]
        },
        "distance": 0.044767481899705724
    },
    {
        "case": 11,
        "collider1": {
            "type": "Box",
            "collider2origin": [
                [
                    0.9741881675007261,
                    0.22573748980082478,
                    0.0,
                    -0.5292040201289168
                ],
                [
                    -0.2257374898008248,
                    0.974188167500726,
                    0.0,
                    1.3318616486630257
                ],
                [
                    0.0,
                    0.0,
                    1.0,
                    -0.21500000000000008
                ],
                [
                    0.0,
                    0.0,
                    0.0,
                    1.0
                ]
            ],
            "size": [
                0.2,
                0.3,
                0.22
            ]
        },
        "collider2": {
            "type": "Box",
            "collider2origin": [
                [
                    -0.816728094170688,
                    -0.5629269324518529,
                    -0.12676154350852076,
                    -0.2677269459515072
                ],
                [
                    0.5562668352861425,
                    -0.8265066658656451,
                    0.08633619889938621,
                    1.1283549094120673
                ],
                [
                    -0.15337023229119487,
                    -4.3458434341822075e-08,
                    0.9881687972441464,
                    0.14184898534595725
                ],
                [
                    0.0,
                    0.0,
                    0.0,
                    1.0
                ]
            ],
            "size": [
                0.1202,
                0.13634,
                0.67816
            ]
        },
        "distance": 0.159424652423299
    },
    {
        "case": 12,
        "collider1": {
            "type": "Box",
            "collider2origin": [
                [
                    0.907778172512869,
                    0.4194505805326725,
                    0.0,
                    -0.7418785952877999
                ],
                [
                    -0.4194505805326725,
                    0.907778172512869,
                    0.0,
                    1.2791466490804724
                ],
                [
                    0.0,
                    0.0,
                    1.0,
                    0.27
                ],
                [
                    0.0,
                    0.0,
                    0.0,
                    1.0
                ]
            ],
            "size": [
                0.52,
                1.16,
                0.6
            ]
        },
        "collider2": {
            "type": "Box",
            "collider2origin": [
                [
                    -0.816728094170688,
                    -0.5629269324518529,
                    -0.12676154350852076,
                    -0.2677269459515072
                ],
                [
                    0.5562668352861425,
                    -0.8265066658656451,
                    0.08633619889938621,
                    1.1283549094120673
                ],
                [
                    -0.15337023229119487,
                    -4.3458434341822075e-08,
                    0.9881687972441464,
                    0.14184898534595725
                ],
                [
                    0.0,
                    0.0,
                    0.0,
                    1.0
                ]
            ],
            "size": [
                0.1202,
                0.13634,
                0.67816
            ]
        },
        "distance": 0.11259224745350349
    },
    {
        "case": 13,
        "collider1": {
            "type": "Box",
            "collider2origin": [
                [
                    0.907778172512869,
                    0.4194505805326725,
                    0.0,
                    -1.612083837096907
                ],
                [
                    -0.4194505805326725,
                    0.907778172512869,
                    0.0,
                    -0.24654756573714753
                ],
                [
                    0.0,
                    0.0,
                    1.0,
                    -0.040000000000000036
                ],
                [
                    0.0,
                    0.0,
                    0.0,
                    1.0
                ]
            ],
            "size": [
                2.0,
                2.0,
                2.0
            ]
        },
        "collider2": {
            "type": "Box",
            "collider2origin": [
                [
                    0.0439363400484554,
                    -0.5629294984601461,
                    -0.8253362816371004,
                    -0.04583427570978177
                ],
                [
                    -0.029920207772972742,
                    -0.8265049181634937,
                    0.5621337931652738,
                    0.8243667936964177
                ],
                [
                    -0.9985861901658606,
                    -3.868460082767104e-06,
                    -0.053156568691614954,
                    -0.11854725872972605
                ],
                [
                    0.0,
                    0.0,
                    0.0,
                    1.0
                ]
            ],
            "size": [
                0.15068,
                0.17726,
                0.74884
            ]
        },
        "distance": 0.5274323736079412
    },
    {
        "case": 14,
        "collider1": {
            "type": "Box",
            "collider2origin": [
                [
                    0.907778172512869,
                    0.4194505805326725,
                    0.0,
                    -0.7418785952877999
                ],
                [
                    -0.4194505805326725,
                    0.907778172512869,
                    0.0,
                    1.2791466490804724
                ],
                [
                    0.0,
                    0.0,
                    1.0,
                    0.27
                ],
                [
                    0.0,
                    0.0,
                    0.0,
                    1.0
                ]
            ],
            "size": [
                0.52,
                1.16,
                0.6
            ]
        },
        "collider2": {
            "type": "Box",
            "collider2origin": [
                [
                    0.0439363400484554,
                    -0.5629294984601461,
                    -0.8253362816371004,
                    -0.04583427570978177
                ],
                [
                    -0.029920207772972742,
                    -0.8265049181634937,
                    0.5621337931652738,
                    0.8243667936964177
                ],
                [
                    -0.9985861901658606,
                    -3.868460082767104e-06,
                    -0.053156568691614954,
                    -0.11854725872972605
                ],
                [
                    0.0,
                    0.0,
                    0.0,
                    1.0
                ]
            ],
            "size": [
                0.15068,
                0.17726,
                0.74884
            ]
        },
        "distance": 0.17840813574646536
    },
    {
        "case": 15,
        "collider1": {
            "type": "Box",
            "collider2origin": [
                [
                    0.907778172512869,
                    0.4194505805326725,
                    0.0,
                    -1.612083837096907
                ],
                [
                    -0.4194505805326725,
                    0.907778172512869,
                    0.0,
                    -0.24654756573714753
                ],
                [
                    0.0,
                    0.0,
                    1.0,
                    -0.040000000000000036
                ],
                [
                    0.0,
                    0.0,
                    0.0,
                    1.0
                ]
            ],
            "size": [
                2.0,
                2.0,
                2.0
            ]
        },
        "collider2": {
            "type": "Box",
            "collider2origin": [
                [
                    0.0439363400484554,
                    -0.5629294984601461,
                    -0.8253362816371004,
                    -0.04583427570978177
                ],
                [
                    -0.029920207772972742,
                    -0.8265049181634937,
                    0.5621337931652738,
                    0.8243667936964177
                ],
                [
                    -0.9985861901658606,
                    -3.868460082767104e-06,
                    -0.053156568691614954,
                    -0.11854725872972605
                ],
                [
                    0.0,
                    0.0,
                    0.0,
                    1.0
                ]
            ],
            "size": [
                0.15068,
                0.17726,
                0.74884
            ]
        },
        "distance": 0.5274323736079412
    },
    {
        "case": 16,
        "collider1": {
            "type": "Box",
            "collider2origin": [
                [
                    0.907778172512869,
                    0.4194505805326725,
                    0.0,
                    -0.7418785952877999
                ],
                [
                    -0.4194505805326725,
                    0.907778172512869,
                    0.0,
                    1.2791466490804724
                ],
                [
                    0.0,
                    0.0,
                    1.0,
                    0.27
                ],
                [
                    0.0,
                    0.0,
                    0.0,
                    1.0
                ]
            ],
            "size": [
                0.52,
                1.16,
                0.6
            ]
        },
        "collider2": {
            "type": "Box",
            "collider2origin": [
                [
                    0.0439363400484554,
                    -0.5629294984601461,
                    -0.8253362816371004,
                    -0.04583427570978177
                ],
                [
                    -0.029920207772972742,
                    -0.8265049181634937,
                    0.5621337931652738,
                    0.8243667936964177
                ],
                [
                    -0.9985861901658606,
                    -3.868460082767104e-06,
                    -0.053156568691614954,
                    -0.11854725872972605
                ],
                [
                    0.0,
                    0.0,
                    0.0,
                    1.0
                ]
            ],
            "size": [
                0.15068,
                0.17726,
                0.74884
            ]
        },
        "distance": 0.17840813574646536
    }
]