[
    {
        "case": 0,
        "collider1": {
            "type": "Box",
            "collider2origin": [
                [
                    0.9077781725128689,
                    0.4194505805326724,
                    0.0,
                    0.4158817547107895
                ],
                [
                    -0.4194505805326724,
                    0.9077781725128689,
                    0.0,
                    0.733173894971941
                ],
                [
                    0.0,
                    0.0,
                    1.0,
                    -0.6599999999999999
                ],
                [
                    0.0,
                    0.0,
                    0.0,
                    1.0
                ]
            ],
            "size": [
                0.6,
                1.0,
                0.8
            ]
        },
        "collider2": {
            "type": "Box",
            "collider2origin": [
                [
                    -0.7835664942088036,
                    -0.4589863347123017,
                    0.4187542163378082,
                    -0.13661685785963074
                ],
                [
                    -0.4048086812707457,
                    0.8884433265546992,
                    0.21632934860591582,
                    0.6286864028892363
                ],
                [
                    -0.4713316037792976,
                    -6.912810661096563e-06,
                    -0.8819560755678528,
                    -0.2233353268705296
                ],
                [
                    0.0,
                    0.0,
                    0.0,
                    1.0
                ]
            ],
            "size": [
                0.1202,
                0.13634,
                0.67816
            ]
        },
        "distance": 0.0
    },
    {
        "case": 1,
        "collider1": {
            "type": "Box",
            "collider2origin": [
                [
                    0.907778172512869,
                    0.4194505805326725,
                    0.0,
                    -1.612083837096907
                ],
                [
                    -0.4194505805326725,
                    0.907778172512869,
                    0.0,
                    -0.24654756573714753
                ],
                [
                    0.0,
                    0.0,
                    1.0,
                    -0.040000000000000036
                ],
                [
                    0.0,
                    0.0,
                    0.0,
                    1.0
                ]
            ],
            "size": [
                2.0,
                2.0,
                2.0
            ]
        },
        "collider2": {
            "type": "Box",
            "collider2origin": [
                [
                    -0.7835664942088036,
                    -0.4589863347123017,
                    0.4187542163378082,
                    -0.13661685785963074
                ],
                [
                    -0.4048086812707457,
                    0.8884433265546992,
                    0.21632934860591582,
                    0.6286864028892363
                ],
                [
                    -0.4713316037792976,
                    -6.912810661096563e-06,
                    -0.8819560755678528,
                    -0.2233353268705296
                ],
                [
                    0.0,
                    0.0,
                    0.0,
                    1.0
                ]
            ],
            "size": [
                0.1202,
                0.13634,
                0.67816
            ]
        },
        "distance": 0.20356351081967008
    },
    {
        "case": 2,
        "collider1": {
            "type": "Box",
            "collider2origin": [
                [
                    0.907778172512869,
                    0.4194505805326725,
                    0.0,
                    -0.7418785952877999
                ],
                [
                    -0.4194505805326725,
                    0.907778172512869,
                    0.0,
                    1.2791466490804724
                ],
                [
                    0.0,
                    0.0,
                    1.0,
                    0.27
                ],
                [
                    0.0,
                    0.0,
                    0.0,
                    1.0
                ]
            ],
            "size": [
                0.52,
                1.16,
                0.6
            ]
        },
        "collider2": {
            "type": "Box",
            "collider2origin": [
                [
                    -0.7835664942088036,
                    -0.4589863347123017,
                    0.4187542163378082,
                    -0.13661685785963074
                ],
                [
                    -0.4048086812707457,
                    0.8884433265546992,
                    0.21632934860591582,
                    0.6286864028892363
                ],
                [
                    -0.4713316037792976,
                    -6.912810661096563e-06,
                    -0.8819560755678528,
                    -0.2233353268705296
                ],
                [
                    0.0,
                    0.0,
                    0.0,
                    1.0
                ]
            ],
            "size": [
                0.1202,
                0.13634,
                0.67816
            ]
        },
        "distance": 0.37779851662364045
    },
    {
        "case": 3,
        "collider1": {
            "type": "Box",
            "collider2origin": [
                [
                    0.9077781725128689,
                    0.4194505805326724,
                    0.0,
                    0.4158817547107895
                ],
                [
                    -0.4194505805326724,
                    0.9077781725128689,
                    0.0,
                    0.733173894971941
                ],
                [
                    0.0,
                    0.0,
                    1.0,
                    -0.6599999999999999
                ],
                [
                    0.0,
                    0.0,
                    0.0,
                    1.0
                ]
            ],
            "size": [
                0.6,
                1.0,
                0.8
            ]
        },
        "collider2": {
            "type": "Box",
            "collider2origin": [
                [
                    -0.7416925951942732,
                    -0.4733216413225124,
                    0.4752459553639006,
                    -0.12053947840798013
                ],
                [
                    0.478156227689245,
                    -0.8700041908875956,
                    -0.12024695322547989,
                    0.7188510483033627
                ],
                [
                    0.4703814581336882,
                    0.13805553843936344,
                    0.871597356667769,
                    -0.5834706362518174
                ],
                [
                    0.0,
                    0.0,
                    0.0,
                    1.0
                ]
            ],
            "size": [
                0.08993,
                0.0305,
                0.09007
            ]
        },
        "distance": 0.11896309745945911
    },
    {
        "case": 4,
        "collider1": {
            "type": "Box",
            "collider2origin": [
                [
                    0.9077781725128689,
                    0.4194505805326724,
                    0.0,
                    0.4158817547107895
                ],
                [
                    -0.4194505805326724,
                    0.9077781725128689,
                    0.0,
                    0.733173894971941
                ],
                [
                    0.0,
                    0.0,
                    1.0,
                    -0.6599999999999999
                ],
                [
                    0.0,
                    0.0,
                    0.0,
                    1.0
                ]
            ],
            "size": [
                0.6,
                1.0,
                0.8
            ]
        },
        "collider2": {
            "type": "Box",
            "collider2origin": [
                [
                    0.8684489792768069,
                    -0.47332392885314367,
                    -0.14751552043123026,
                    -0.08504979272058705
                ],
                [
                    -0.4871178882380237,
                    -0.8700040291594653,
                    -0.07621779454185423,
                    0.7842006166573594
                ],
                [
                    -0.09226339117765357,
                    0.1380487146673965,
                    -0.9861186637657148,
                    -0.5909135995689707
                ],
                [
                    0.0,
                    0.0,
                    0.0,
                    1.0
                ]
            ],
            "size": [
                0.09126,
                0.11887,
                0.10009
            ]
        },
        "distance": 0.12189182418712742
    },
    {
        "case": 5,
        "collider1": {
            "type": "Box",
            "collider2origin": [
                [
                    0.9077781725128689,
                    0.4194505805326724,
                    0.0,
                    0.4158817547107895
                ],
                [
                    -0.4194505805326724,
                    0.9077781725128689,
                    0.0,
                    0.733173894971941
                ],
                [
                    0.0,
                    0.0,
                    1.0,
                    -0.6599999999999999
                ],
                [
                    0.0,
                    0.0,
                    0.0,
                    1.0
                ]
            ],
            "size": [
                0.6,
                1.0,
                0.8
            ]
        },
        "collider2": {
            "type": "Box",
            "collider2origin": [
                [
                    -0.8761100423856273,
                    -0.45898841473718877,
                    -0.14751552043123026,
                    -0.06593782888287297
                ],
                [
                    -0.4526159660367235,
                    0.8884422519690399,
                    -0.07621779454185423,
                    0.7909927498773519
                ],
                [
                    0.16604210586383752,
                    -7.2954212116453184e-06,
                    -0.9861186637657148,
                    -0.4834082895398504
                ],
                [
                    0.0,
                    0.0,
                    0.0,
                    1.0
                ]
            ],
            "size": [
                0.09102,
                0.10007,
                0.11882
            ]
        },
        "distance": 0.0885329565897637
    },
    {
        "case": 6,
        "collider1": {
            "type": "Box",
            "collider2origin": [
                [
                    0.907778172512869,
                    0.4194505805326725,
                    0.0,
                    -1.612083837096907
                ],
                [
                    -0.4194505805326725,
                    0.907778172512869,
                    0.0,
                    -0.24654756573714753
                ],
                [
                    0.0,
                    0.0,
                    1.0,
                    -0.040000000000000036
                ],
                [
                    0.0,
                    0.0,
                    0.0,
                    1.0
                ]
            ],
            "size": [
                2.0,
                2.0,
                2.0
            ]
        },
        "collider2": {
            "type": "Box",
            "collider2origin": [
                [
                    0.18381566928106197,
                    -0.4589910656964543,
                    -0.8692174649289948,
                    -0.040869591372178715
                ],
                [
                    0.09496703921652656,
                    0.8884408824465172,
                    -0.4490590828166161,
                    0.8203560931522549
                ],
                [
                    0.9783624385621117,
                    -2.9132249255709167e-06,
                    0.20689837795959432,
                    -0.0407340928466251
                ],
                [
                    0.0,
                    0.0,
                    0.0,
                    1.0
                ]
            ],
            "size": [
                0.15068,
                0.17726,
                0.74884
            ]
        },
        "distance": 0.2716954051806142
    },
    {
        "case": 7,
        "collider1": {
            "type": "Box",
            "collider2origin": [
                [
                    0.907778172512869,
                    0.4194505805326725,
                    0.0,
                    -0.7418785952877999
                ],
                [
                    -0.4194505805326725,
                    0.907778172512869,
                    0.0,
                    1.2791466490804724
                ],
                [
                    0.0,
                    0.0,
                    1.0,
                    0.27
                ],
                [
                    0.0,
                    0.0,
                    0.0,
                    1.0
                ]
            ],
            "size": [
                0.52,
                1.16,
                0.6
            ]
        },
        "collider2": {
            "type": "Box",
            "collider2origin": [
                [
                    0.18381566928106197,
                    -0.4589910656964543,
                    -0.8692174649289948,
                    -0.040869591372178715
                ],
                [
                    0.09496703921652656,
                    0.8884408824465172,
                    -0.4490590828166161,
                    0.8203560931522549
                ],
                [
                    0.9783624385621117,
                    -2.9132249255709167e-06,
                    0.20689837795959432,
                    -0.0407340928466251
                ],
                [
                    0.0,
                    0.0,
                    0.0,
                    1.0
                ]
            ],
            "size": [
                0.15068,
                0.17726,
                0.74884
            ]
        },
        "distance": 0.2644513635259612
    },
    {
        "case": 8,
        "collider1": {
            "type": "Box",
            "collider2origin": [
                [
                    0.907778172512869,
                    0.4194505805326725,
                    0.0,
                    -1.612083837096907
                ],
                [
                    -0.4194505805326725,
                    0.907778172512869,
                    0.0,
                    -0.24654756573714753
                ],
                [
                    0.0,
                    0.0,
                    1.0,
                    -0.040000000000000036
                ],
                [
                    0.0,
                    0.0,
                    0.0,
                    1.0
                ]
            ],
            "size": [
                2.0,
                2.0,
                2.0
            ]
        },
        "collider2": {
            "type": "Box",
            "collider2origin": [
                [
                    0.18381566928106197,
                    -0.4589910656964543,
                    -0.8692174649289948,
                    -0.040869591372178715
                ],
                [
                    0.09496703921652656,
                    0.8884408824465172,
                    -0.4490590828166161,
                    0.8203560931522549
                ],
                [
                    0.9783624385621117,
                    -2.9132249255709167e-06,
                    0.20689837795959432,
                    -0.0407340928466251
                ],
                [
                    0.0,
                    0.0,
                    0.0,
                    1.0
                ]
            ],
            "size": [
                0.15068,
                0.17726,
                0.74884
            ]
        },
        "distance": 0.2716954051806142
    },
    {
        "case": 9,
        "collider1": {
            "type": "Box",
            "collider2origin": [
                [
                    0.907778172512869,
                    0.4194505805326725,
                    0.0,
                    -0.7418785952877999
                ],
                [
                    -0.4194505805326725,
                    0.907778172512869,
                    0.0,
                    1.2791466490804724
                ],
                [
                    0.0,
                    0.0,
                    1.0,
                    0.27
                ],
                [
                    0.0,
                    0.0,
                    0.0,
                    1.0
                ]
            ],
            "size": [
                0.52,
                1.16,
                0.6
            ]
        },
        "collider2": {
            "type": "Box",
            "collider2origin": [
                [
                    0.18381566928106197,
                    -0.4589910656964543,
                    -0.8692174649289948,
                    -0.040869591372178715
                ],
                [
                    0.09496703921652656,
                    0.8884408824465172,
                    -0.4490590828166161,
                    0.8203560931522549
                ],
                [
                    0.9783624385621117,
                    -2.9132249255709167e-06,
                    0.20689837795959432,
                    -0.0407340928466251
                ],
                [
                    0.0,
                    0.0,
                    0.0,
                    1.0
                ]
            ],
            "size": [
                0.15068,
                0.17726,
                0.74884
            ]
        },
        "distance": 0.2644513635259612
    }
]