[
    {
        "case": 0,
        "collider1": {
            "type": "Box",
            "collider2origin": [
                [
                    0.718022042059392,
                    -0.6960203640101781,
                    0.0,
                    0.13748258467077087
                ],
                [
                    0.6960203640101781,
                    0.718022042059392,
                    0.0,
                    1.5384737068316263
                ],
                [
                    0.0,
                    0.0,
                    1.0,
                    -0.21500000000000008
                ],
                [
                    0.0,
                    0.0,
                    0.0,
                    1.0
                ]
            ],
            "size": [
                0.2,
                0.3,
                0.22
            ]
        },
        "collider2": {
            "type": "Box",
            "collider2origin": [
                [
                    0.362412737954804,
                    0.8605391069369279,
                    -0.35795174646912536,
                    0.34278904593316895
                ],
                [
                    -0.6122480430208257,
                    0.5093843788644005,
                    0.604714716528462,
                    1.0703649469915129
                ],
                [
                    0.7027156901516229,
                    -1.0598270343016534e-06,
                    0.7114707715806776,
                    0.1106497492063343
                ],
                [
                    0.0,
                    0.0,
                    0.0,
                    1.0
                ]
            ],
            "size": [
                0.15068,
                0.17726,
                0.74884
            ]
        },
        "distance": 0.31683499868067716
    },
    {
        "case": 1,
        "collider1": {
            "type": "Box",
            "collider2origin": [
                [
                    0.8404842512412337,
                    -0.5418359746412772,
                    0.0,
                    0.011439976095501792
                ],
                [
                    0.5418359746412771,
                    0.8404842512412338,
                    0.0,
                    1.4325762997644957
                ],
                [
                    0.0,
                    0.0,
                    1.0,
                    -0.21500000000000008
                ],
                [
                    0.0,
                    0.0,
                    0.0,
                    1.0
                ]
            ],
            "size": [
                0.2,
                0.3,
                0.22
            ]
        },
        "collider2": {
            "type": "Box",
            "collider2origin": [
                [
                    0.362412737954804,
                    0.8605391069369279,
                    -0.35795174646912536,
                    0.34278904593316895
                ],
                [
                    -0.6122480430208257,
                    0.5093843788644005,
                    0.604714716528462,
                    1.0703649469915129
                ],
                [
                    0.7027156901516229,
                    -1.0598270343016534e-06,
                    0.7114707715806776,
                    0.1106497492063343
                ],
                [
                    0.0,
                    0.0,
                    0.0,
                    1.0
                ]
            ],
            "size": [
                0.15068,
                0.17726,
                0.74884
            ]
        },
        "distance": 0.3114616015521083
    },
    {
        "case": 2,
        "collider1": {
            "type": "Box",
            "collider2origin": [
                [
                    0.718022042059392,
                    -0.6960203640101781,
                    0.0,
                    0.13748258467077087
                ],
                [
                    0.6960203640101781,
                    0.718022042059392,
                    0.0,
                    1.5384737068316263
                ],
                [
                    0.0,
                    0.0,
                    1.0,
                    -0.21500000000000008
                ],
                [
                    0.0,
                    0.0,
                    0.0,
                    1.0
                ]
            ],
            "size": [
                0.2,
                0.3,
                0.22
            ]
        },
        "collider2": {
            "type": "Box",
            "collider2origin": [
                [
                    0.362412737954804,
                    0.8605391069369279,
                    -0.35795174646912536,
                    0.34278904593316895
                ],
                [
                    -0.6122480430208257,
                    0.5093843788644005,
                    0.604714716528462,
                    1.0703649469915129
                ],
                [
                    0.7027156901516229,
                    -1.0598270343016534e-06,
                    0.7114707715806776,
                    0.1106497492063343
                ],
                [
                    0.0,
                    0.0,
                    0.0,
                    1.0
                ]
            ],
            "size": [
                0.15068,
                0.17726,
                0.74884
            ]
        },
        "distance": 0.31683499868067716
    },
    {
        "case": 3,
        "collider1": {
            "type": "Box",
            "collider2origin": [
                [
                    0.8404842512412337,
                    -0.5418359746412772,
                    0.0,
                    0.011439976095501792
                ],
                [
                    0.5418359746412771,
                    0.8404842512412338,
                    0.0,
                    1.4325762997644957
                ],
                [
                    0.0,
                    0.0,
                    1.0,
                    -0.21500000000000008
                ],
                [
                    0.0,
                    0.0,
                    0.0,
                    1.0
                ]
            ],
            "size": [
                0.2,
                0.3,
                0.22
            ]
        },
        "collider2": {
            "type": "Box",
            "collider2origin": [
                [
                    0.362412737954804,
                    0.8605391069369279,
                    -0.35795174646912536,
                    0.34278904593316895
                ],
                [
                    -0.6122480430208257,
                    0.5093843788644005,
                    0.604714716528462,
                    1.0703649469915129
                ],
                [
                    0.7027156901516229,
                    -1.0598270343016534e-06,
                    0.7114707715806776,
                    0.1106497492063343
                ],
                [
                    0.0,
                    0.0,
                    0.0,
                    1.0
                ]
            ],
            "size": [
                0.15068,
                0.17726,
                0.74884
            ]
        },
        "distance": 0.3114616015521083
    },
    {
        "case": 4,
        "collider1": {
            "type": "Box",
            "collider2origin": [
                [
                    0.8404842512412337,
                    -0.5418359746412772,
                    0.0,
                    0.011439976095501792
                ],
                [
                    0.5418359746412771,
                    0.8404842512412338,
                    0.0,
                    1.4325762997644957
                ],
                [
                    0.0,
                    0.0,
                    1.0,
                    -0.21500000000000008
                ],
                [
                    0.0,
                    0.0,
                    0.0,
                    1.0
                ]
            ],
            "size": [
                0.2,
                0.3,
                0.22
            ]
        },
        "collider2": {
            "type": "Box",
            "collider2origin": [
                [
                    -0.3968465276034819,
                    0.8605415947854601,
                    0.31934463698824783,
                    0.21198362836677762
                ],
                [
                    0.6704203715494325,
                    0.5093801759014497,
                    -0.5395075178439399,
                    1.0433191678910287
                ],
                [
                    -0.6269364871664274,
                    -6.534890361409055e-06,
                    -0.7790703697463504,
                    0.11432121353271141
                ],
                [
                    0.0,
                    0.0,
                    0.0,
                    1.0
                ]
            ],
            "size": [
                0.1202,
                0.13634,
                0.67816
            ]
        },
        "distance": 0.2982046316656597
    },
    {
        "case": 5,
        "collider1": {
            "type": "Box",
            "collider2origin": [
                [
                    0.9081427509232697,
                    -0.4186606548811531,
                    0.0,
                    -0.09474126814702305
                ],
                [
                    0.41866065488115317,
                    0.9081427509232698,
                    0.0,
                    1.368923948110301
                ],
                [
                    0.0,
                    0.0,
                    1.0,
                    -0.21500000000000008
                ],
                [
                    0.0,
                    0.0,
                    0.0,
                    1.0
                ]
            ],
            "size": [
                0.2,
                0.3,
                0.22
            ]
        },
        "collider2": {
            "type": "Box",
            "collider2origin": [
                [
                    -0.3968465276034819,
                    0.8605415947854601,
                    0.31934463698824783,
                    0.21198362836677762
                ],
                [
                    0.6704203715494325,
                    0.5093801759014497,
                    -0.5395075178439399,
                    1.0433191678910287
                ],
                [
                    -0.6269364871664274,
                    -6.534890361409055e-06,
                    -0.7790703697463504,
                    0.11432121353271141
                ],
                [
                    0.0,
                    0.0,
                    0.0,
                    1.0
                ]
            ],
            "size": [
                0.1202,
                0.13634,
                0.67816
            ]
        },
        "distance": 0.2931965783256757
    }
]