[
    {
        "case": 0,
        "collider1": {
            "type": "Box",
            "collider2origin": [
                [
                    0.9798474486812189,
                    -0.1997472836183421,
                    0.0,
                    -0.20628161272202655
                ],
                [
                    0.19974728361834207,
                    0.9798474486812188,
                    0.0,
                    1.335871448475788
                ],
                [
                    0.0,
                    0.0,
                    1.0,
                    -0.21500000000000008
                ],
                [
                    0.0,
                    0.0,
                    0.0,
                    1.0
                ]
            ],
            "size": [
                0.2,
                0.3,
                0.22
            ]
        },
        "collider2": {
            "type": "Box",
            "collider2origin": [
                [
                    0.7951695899325475,
                    0.2697585534389922,
                    -0.5430797787553929,
                    0.184098021099856
                ],
                [
                    -0.22276165881447132,
                    0.9629279946320456,
                    0.15214112039857014,
                    1.0137302183014185
                ],
                [
                    0.5639880908394513,
                    -6.399350619523275e-07,
                    0.8257829214695959,
                    0.14495368475324288
                ],
                [
                    0.0,
                    0.0,
                    0.0,
                    1.0
                ]
            ],
            "size": [
                0.15068,
                0.17726,
                0.74884
            ]
        },
        "distance": 0.3190527160843296
    },
    {
        "case": 1,
        "collider1": {
            "type": "Cylinder",
            "collider2origin": [
                [
                    0.907778172512869,
                    0.4194505805326725,
                    0.0,
                    -0.07232761537572224
                ],
                [
                    -0.4194505805326725,
                    0.907778172512869,
                    0.0,
                    1.2000044650142188
                ],
                [
                    0.0,
                    0.0,
                    1.0,
                    -0.5800000000000001
                ],
                [
                    0.0,
                    0.0,
                    0.0,
                    1.0
                ]
            ],
            "radius": 0.04,
            "height": 0.96
        },
        "collider2": {
            "type": "Box",
            "collider2origin": [
                [
                    0.7951695899325475,
                    0.2697585534389922,
                    -0.5430797787553929,
                    0.184098021099856
                ],
                [
                    -0.22276165881447132,
                    0.9629279946320456,
                    0.15214112039857014,
                    1.0137302183014185
                ],
                [
                    0.5639880908394513,
                    -6.399350619523275e-07,
                    0.8257829214695959,
                    0.14495368475324288
                ],
                [
                    0.0,
                    0.0,
                    0.0,
                    1.0
                ]
            ],
            "size": [
                0.15068,
                0.17726,
                0.74884
            ]
        },
        "distance": 0.27589411062334207
    },
    {
        "case": 2,
        "collider1": {
            "type": "Box",
            "collider2origin": [
                [
                    0.9798474486812189,
                    -0.1997472836183421,
                    0.0,
                    -0.20628161272202655
                ],
                [
                    0.19974728361834207,
                    0.9798474486812188,
                    0.0,
                    1.335871448475788
                ],
                [
                    0.0,
                    0.0,
                    1.0,
                    -0.21500000000000008
                ],
                [
                    0.0,
                    0.0,
                    0.0,
                    1.0
                ]
            ],
            "size": [
                0.2,
                0.3,
                0.22
            ]
        },
        "collider2": {
            "type": "Box",
            "collider2origin": [
                [
                    0.7951695899325475,
                    0.2697585534389922,
                    -0.5430797787553929,
                    0.184098021099856
                ],
                [
                    -0.22276165881447132,
                    0.9629279946320456,
                    0.15214112039857014,
                    1.0137302183014185
                ],
                [
                    0.5639880908394513,
                    -6.399350619523275e-07,
                    0.8257829214695959,
                    0.14495368475324288
                ],
                [
                    0.0,
                    0.0,
                    0.0,
                    1.0
                ]
            ],
            "size": [
                0.15068,
                0.17726,
                0.74884
            ]
        },
        "distance": 0.3190527160843296
    },
    {
        "case": 3,
        "collider1": {
            "type": "Cylinder",
            "collider2origin": [
                [
                    0.907778172512869,
                    0.4194505805326725,
                    0.0,
                    -0.07232761537572224
                ],
                [
                    -0.4194505805326725,
                    0.907778172512869,
                    0.0,
                    1.2000044650142188
                ],
                [
                    0.0,
                    0.0,
                    1.0,
                    -0.5800000000000001
                ],
                [
                    0.0,
                    0.0,
                    0.0,
                    1.0
                ]
            ],
            "radius": 0.04,
            "height": 0.96
        },
        "collider2": {
            "type": "Box",
            "collider2origin": [
                [
                    0.7951695899325475,
                    0.2697585534389922,
                    -0.5430797787553929,
                    0.184098021099856
                ],
                [
                    -0.22276165881447132,
                    0.9629279946320456,
                    0.15214112039857014,
                    1.0137302183014185
                ],
                [
                    0.5639880908394513,
                    -6.399350619523275e-07,
                    0.8257829214695959,
                    0.14495368475324288
                ],
                [
                    0.0,
                    0.0,
                    0.0,
                    1.0
                ]
            ],
            "size": [
                0.15068,
                0.17726,
                0.74884
            ]
        },
        "distance": 0.27589411062334207
    }
]