[
    {
        "case": 0,
        "collider1": {
            "type": "Box",
            "collider2origin": [
                [
                    0.907778172512869,
                    0.4194505805326725,
                    0.0,
                    0.9947946797881562
                ],
                [
                    -0.4194505805326725,
                    0.907778172512869,
                    0.0,
                    0.5317739604993647
                ],
                [
                    0.0,
                    0.0,
                    1.0,
                    -0.69
                ],
                [
                    0.0,
                    0.0,
                    0.0,
                    1.0
                ]
            ],
            "size": [
                0.6,
                1.2,
                0.75
            ]
        },
        "collider2": {
            "type": "Box",
            "collider2origin": [
                [
                    -0.3997379734400031,
                    0.49369444308545635,
                    0.7723181659501611,
                    1.2652139790746146
                ],
                [
                    0.2269268772652226,
                    0.8696354390420127,
                    -0.43844999205936885,
                    0.4359874652744173
                ],
                [
                    -0.888095571976763,
                    -5.361626323508881e-06,
                    -0.459658846326837,
                    -0.3060765708672719
                ],
                [
                    0.0,
                    0.0,
                    0.0,
                    1.0
                ]
            ],
            "size": [
                0.09102,
                0.10007,
                0.11882
            ]
        },
        "distance": 0.0
    },
    {
        "case": 1,
        "collider1": {
            "type": "Box",
            "collider2origin": [
                [
                    0.907778172512869,
                    0.4194505805326725,
                    0.0,
                    0.9947946797881562
                ],
                [
                    -0.4194505805326725,
                    0.907778172512869,
                    0.0,
                    0.5317739604993647
                ],
                [
                    0.0,
                    0.0,
                    1.0,
                    -0.69
                ],
                [
                    0.0,
                    0.0,
                    0.0,
                    1.0
                ]
            ],
            "size": [
                0.6,
                1.2,
                0.75
            ]
        },
        "collider2": {
            "type": "Box",
            "collider2origin": [
                [
                    0.5639691055835001,
                    0.29234140741729764,
                    0.7723181659501611,
                    1.3522117765322659
                ],
                [
                    0.8062708539239218,
                    -0.3971006353255169,
                    -0.43844999205936885,
                    0.3907324369589795
                ],
                [
                    0.17851094661150813,
                    0.8699698770264085,
                    -0.459658846326837,
                    -0.3546298389670326
                ],
                [
                    0.0,
                    0.0,
                    0.0,
                    1.0
                ]
            ],
            "size": [
                0.09126,
                0.11887,
                0.10009
            ]
        },
        "distance": 0.005723776671810033
    },
    {
        "case": 2,
        "collider1": {
            "type": "Box",
            "collider2origin": [
                [
                    0.907778172512869,
                    0.4194505805326725,
                    0.0,
                    0.9947946797881562
                ],
                [
                    -0.4194505805326725,
                    0.907778172512869,
                    0.0,
                    0.5317739604993647
                ],
                [
                    0.0,
                    0.0,
                    1.0,
                    -0.69
                ],
                [
                    0.0,
                    0.0,
                    0.0,
                    1.0
                ]
            ],
            "size": [
                0.6,
                1.2,
                0.75
            ]
        },
        "collider2": {
            "type": "Box",
            "collider2origin": [
                [
                    0.7782852566777791,
                    0.2923406117559464,
                    0.5557058808004128,
                    1.3774530729378758
                ],
                [
                    0.6274186862719345,
                    -0.39710148518780003,
                    -0.6698180369163278,
                    0.35874502454672685
                ],
                [
                    0.024856615916152156,
                    0.8699697564742135,
                    -0.49247819389836367,
                    -0.29187053329266466
                ],
                [
                    0.0,
                    0.0,
                    0.0,
                    1.0
                ]
            ],
            "size": [
                0.08993,
                0.0305,
                0.09007
            ]
        },
        "distance": 0.06577550956715063
    },
    {
        "case": 3,
        "collider1": {
            "type": "Box",
            "collider2origin": [
                [
                    0.9077781725128689,
                    0.4194505805326724,
                    0.0,
                    0.4158817547107895
                ],
                [
                    -0.4194505805326724,
                    0.9077781725128689,
                    0.0,
                    0.733173894971941
                ],
                [
                    0.0,
                    0.0,
                    1.0,
                    -0.6599999999999999
                ],
                [
                    0.0,
                    0.0,
                    0.0,
                    1.0
                ]
            ],
            "size": [
                0.6,
                1.0,
                0.8
            ]
        },
        "collider2": {
            "type": "Box",
            "collider2origin": [
                [
                    -0.5734243024709506,
                    0.4936940077336881,
                    0.6537972132577144,
                    1.0171490296647359
                ],
                [
                    0.325528912918888,
                    0.8696356861874386,
                    -0.3711666743703562,
                    0.4483009864829235
                ],
                [
                    -0.7518081511858934,
                    -6.095250101752753e-06,
                    -0.6593819104079947,
                    -0.11252965705730178
                ],
                [
                    0.0,
                    0.0,
                    0.0,
                    1.0
                ]
            ],
            "size": [
                0.1202,
                0.13634,
                0.67816
            ]
        },
        "distance": 0.288288540407339
    },
    {
        "case": 4,
        "collider1": {
            "type": "Box",
            "collider2origin": [
                [
                    0.907778172512869,
                    0.4194505805326725,
                    0.0,
                    0.9947946797881562
                ],
                [
                    -0.4194505805326725,
                    0.907778172512869,
                    0.0,
                    0.5317739604993647
                ],
                [
                    0.0,
                    0.0,
                    1.0,
                    -0.69
                ],
                [
                    0.0,
                    0.0,
                    0.0,
                    1.0
                ]
            ],
            "size": [
                0.6,
                1.2,
                0.75
            ]
        },
        "collider2": {
            "type": "Box",
            "collider2origin": [
                [
                    -0.5734243024709506,
                    0.4936940077336881,
                    0.6537972132577144,
                    1.0171490296647359
                ],
                [
                    0.325528912918888,
                    0.8696356861874386,
                    -0.3711666743703562,
                    0.4483009864829235
                ],
                [
                    -0.7518081511858934,
                    -6.095250101752753e-06,
                    -0.6593819104079947,
                    -0.11252965705730178
                ],
                [
                    0.0,
                    0.0,
                    0.0,
                    1.0
                ]
            ],
            "size": [
                0.1202,
                0.13634,
                0.67816
            ]
        },
        "distance": 0.0
    }
]