[
    {
        "case": 0,
        "collider1": {
            "type": "Box",
            "collider2origin": [
                [
                    0.907778172512869,
                    0.4194505805326725,
                    0.0,
                    1.1611274528425521
                ],
                [
                    -0.4194505805326725,
                    0.907778172512869,
                    0.0,
                    2.3937174098575977
                ],
                [
                    0.0,
                    0.0,
                    1.0,
                    -0.040000000000000036
                ],
                [
                    0.0,
                    0.0,
                    0.0,
                    1.0
                ]
            ],
            "size": [
                0.62,
                1.2,
                2.0
            ]
        },
        "collider2": {
            "type": "Cylinder",
            "collider2origin": [
                [
                    0.16156890013403863,
                    -0.30386263837432753,
                    0.9389158575238088,
                    0.8335596126041354
                ],
                [
                    0.4929707208260192,
                    -0.7993553950899603,
                    -0.34352703059416934,
                    2.0800967274960147
                ],
                [
                    0.8549124861164162,
                    0.5183613115779043,
                    0.020644411870593293,
                    -0.1904845256135912
                ],
                [
                    0.0,
                    0.0,
                    0.0,
                    1.0
                ]
            ],
            "radius": 0.00783,
            "height": 0.03683
        },
        "distance": 0.0
    },
    {
        "case": 1,
        "collider1": {
            "type": "Box",
            "collider2origin": [
                [
                    0.907778172512869,
                    0.4194505805326725,
                    0.0,
                    0.5152274101294649
                ],
                [
                    -0.4194505805326725,
                    0.907778172512869,
                    0.0,
                    2.7362274605469636
                ],
                [
                    0.0,
                    0.0,
                    1.0,
                    -0.04999999999999982
                ],
                [
                    0.0,
                    0.0,
                    0.0,
                    1.0
                ]
            ],
            "size": [
                0.84,
                1.28,
                2.08
            ]
        },
        "collider2": {
            "type": "Cylinder",
            "collider2origin": [
                [
                    0.16156890013403863,
                    -0.30386263837432753,
                    0.9389158575238088,
                    0.8335596126041354
                ],
                [
                    0.4929707208260192,
                    -0.7993553950899603,
                    -0.34352703059416934,
                    2.0800967274960147
                ],
                [
                    0.8549124861164162,
                    0.5183613115779043,
                    0.020644411870593293,
                    -0.1904845256135912
                ],
                [
                    0.0,
                    0.0,
                    0.0,
                    1.0
                ]
            ],
            "radius": 0.00783,
            "height": 0.03683
        },
        "distance": 0.12517840653502468
    },
    {
        "case": 2,
        "collider1": {
            "type": "Box",
            "collider2origin": [
                [
                    0.907778172512869,
                    0.4194505805326725,
                    0.0,
                    1.1611274528425521
                ],
                [
                    -0.4194505805326725,
                    0.907778172512869,
                    0.0,
                    2.3937174098575977
                ],
                [
                    0.0,
                    0.0,
                    1.0,
                    -0.040000000000000036
                ],
                [
                    0.0,
                    0.0,
                    0.0,
                    1.0
                ]
            ],
            "size": [
                0.62,
                1.2,
                2.0
            ]
        },
        "collider2": {
            "type": "Cylinder",
            "collider2origin": [
                [
                    0.18991389171536602,
                    -0.643550483999784,
                    0.7414684674867627,
                    0.836589418614005
                ],
                [
                    0.33498326465022493,
                    -0.6674217230057294,
                    -0.6650822927009413,
                    2.1009427134966874
                ],
                [
                    0.9228861934918092,
                    0.37468789439172884,
                    0.0888259852660868,
                    -0.17647683234286782
                ],
                [
                    0.0,
                    0.0,
                    0.0,
                    1.0
                ]
            ],
            "radius": 0.00683,
            "height": 0.01183
        },
        "distance": 0.0
    },
    {
        "case": 3,
        "collider1": {
            "type": "Box",
            "collider2origin": [
                [
                    0.907778172512869,
                    0.4194505805326725,
                    0.0,
                    0.5152274101294649
                ],
                [
                    -0.4194505805326725,
                    0.907778172512869,
                    0.0,
                    2.7362274605469636
                ],
                [
                    0.0,
                    0.0,
                    1.0,
                    -0.04999999999999982
                ],
                [
                    0.0,
                    0.0,
                    0.0,
                    1.0
                ]
            ],
            "size": [
                0.84,
                1.28,
                2.08
            ]
        },
        "collider2": {
            "type": "Cylinder",
            "collider2origin": [
                [
                    0.18991389171536602,
                    -0.643550483999784,
                    0.7414684674867627,
                    0.836589418614005
                ],
                [
                    0.33498326465022493,
                    -0.6674217230057294,
                    -0.6650822927009413,
                    2.1009427134966874
                ],
                [
                    0.9228861934918092,
                    0.37468789439172884,
                    0.0888259852660868,
                    -0.17647683234286782
                ],
                [
                    0.0,
                    0.0,
                    0.0,
                    1.0
                ]
            ],
            "radius": 0.00683,
            "height": 0.01183
        },
        "distance": 0.130475133279575
    },
    {
        "case": 4,
        "collider1": {
            "type": "Box",
            "collider2origin": [
                [
                    0.907778172512869,
                    0.4194505805326725,
                    0.0,
                    1.1611274528425521
                ],
                [
                    -0.4194505805326725,
                    0.907778172512869,
                    0.0,
                    2.3937174098575977
                ],
                [
                    0.0,
                    0.0,
                    1.0,
                    -0.040000000000000036
                ],
                [
                    0.0,
                    0.0,
                    0.0,
                    1.0
                ]
            ],
            "size": [
                0.62,
                1.2,
                2.0
            ]
        },
        "collider2": {
            "type": "Sphere",
            "collider2origin": [
                [
                    1.0,
                    0.0,
                    0.0,
                    0.7940195131396246
                ],
                [
                    0.0,
                    1.0,
                    0.0,
                    2.079238902144327
                ],
                [
                    0.0,
                    0.0,
                    1.0,
                    -0.15056519254875944
                ],
                [
                    0.0,
                    0.0,
                    0.0,
                    1.0
                ]
            ],
            "radius": 0.01051
        },
        "distance": 0.0
    },
    {
        "case": 5,
        "collider1": {
            "type": "Box",
            "collider2origin": [
                [
                    0.907778172512869,
                    0.4194505805326725,
                    0.0,
                    0.5152274101294649
                ],
                [
                    -0.4194505805326725,
                    0.907778172512869,
                    0.0,
                    2.7362274605469636
                ],
                [
                    0.0,
                    0.0,
                    1.0,
                    -0.04999999999999982
                ],
                [
                    0.0,
                    0.0,
                    0.0,
                    1.0
                ]
            ],
            "size": [
                0.84,
                1.28,
                2.08
            ]
        },
        "collider2": {
            "type": "Sphere",
            "collider2origin": [
                [
                    1.0,
                    0.0,
                    0.0,
                    0.7940195131396246
                ],
                [
                    0.0,
                    1.0,
                    0.0,
                    2.079238902144327
                ],
                [
                    0.0,
                    0.0,
                    1.0,
                    -0.15056519254875944
                ],
                [
                    0.0,
                    0.0,
                    0.0,
                    1.0
                ]
            ],
            "radius": 0.01051
        },
        "distance": 0.09814561800689177
    },
    {
        "case": 6,
        "collider1": {
            "type": "Box",
            "collider2origin": [
                [
                    0.907778172512869,
                    0.4194505805326725,
                    0.0,
                    1.1611274528425521
                ],
                [
                    -0.4194505805326725,
                    0.907778172512869,
                    0.0,
                    2.3937174098575977
                ],
                [
                    0.0,
                    0.0,
                    1.0,
                    -0.040000000000000036
                ],
                [
                    0.0,
                    0.0,
                    0.0,
                    1.0
                ]
            ],
            "size": [
                0.62,
                1.2,
                2.0
            ]
        },
        "collider2": {
            "type": "Cylinder",
            "collider2origin": [
                [
                    0.15950961286674764,
                    0.22960933132562736,
                    0.9601230329344764,
                    0.7983573572940854
                ],
                [
                    0.48713475212878005,
                    -0.8642266067742859,
                    0.1257461944228751,
                    2.084135270804186
                ],
                [
                    0.8586363704569777,
                    0.4476515688698092,
                    -0.2497031361774738,
                    -0.18616040847432602
                ],
                [
                    0.0,
                    0.0,
                    0.0,
                    1.0
                ]
            ],
            "radius": 0.0076,
            "height": 0.02993
        },
        "distance": 0.0
    },
    {
        "case": 7,
        "collider1": {
            "type": "Box",
            "collider2origin": [
                [
                    0.907778172512869,
                    0.4194505805326725,
                    0.0,
                    0.5152274101294649
                ],
                [
                    -0.4194505805326725,
                    0.907778172512869,
                    0.0,
                    2.7362274605469636
                ],
                [
                    0.0,
                    0.0,
                    1.0,
                    -0.04999999999999982
                ],
                [
                    0.0,
                    0.0,
                    0.0,
                    1.0
                ]
            ],
            "size": [
                0.84,
                1.28,
                2.08
            ]
        },
        "collider2": {
            "type": "Cylinder",
            "collider2origin": [
                [
                    0.15950961286674764,
                    0.22960933132562736,
                    0.9601230329344764,
                    0.7983573572940854
                ],
                [
                    0.48713475212878005,
                    -0.8642266067742859,
                    0.1257461944228751,
                    2.084135270804186
                ],
                [
                    0.8586363704569777,
                    0.4476515688698092,
                    -0.2497031361774738,
                    -0.18616040847432602
                ],
                [
                    0.0,
                    0.0,
                    0.0,
                    1.0
                ]
            ],
            "radius": 0.0076,
            "height": 0.02993
        },
        "distance": 0.09392315012580585
    },
    {
        "case": 8,
        "collider1": {
            "type": "Box",
            "collider2origin": [
                [
                    0.907778172512869,
                    0.4194505805326725,
                    0.0,
                    1.1611274528425521
                ],
                [
                    -0.4194505805326725,
                    0.907778172512869,
                    0.0,
                    2.3937174098575977
                ],
                [
                    0.0,
                    0.0,
                    1.0,
                    -0.040000000000000036
                ],
                [
                    0.0,
                    0.0,
                    0.0,
                    1.0
                ]
            ],
            "size": [
                0.62,
                1.2,
                2.0
            ]
        },
        "collider2": {
            "type": "Cylinder",
            "collider2origin": [
                [
                    0.18991389171536602,
                    -0.643550483999784,
                    0.7414684674867627,
                    0.8486868506599579
                ],
                [
                    0.33498326465022493,
                    -0.6674217230057294,
                    -0.6650822927009413,
                    2.0900850970929437
                ],
                [
                    0.9228861934918092,
                    0.37468789439172884,
                    0.0888259852660868,
                    -0.17502524565144295
                ],
                [
                    0.0,
                    0.0,
                    0.0,
                    1.0
                ]
            ],
            "radius": 0.00683,
            "height": 0.01782
        },
        "distance": 0.0
    },
    {
        "case": 9,
        "collider1": {
            "type": "Box",
            "collider2origin": [
                [
                    0.907778172512869,
                    0.4194505805326725,
                    0.0,
                    0.5152274101294649
                ],
                [
                    -0.4194505805326725,
                    0.907778172512869,
                    0.0,
                    2.7362274605469636
                ],
                [
                    0.0,
                    0.0,
                    1.0,
                    -0.04999999999999982
                ],
                [
                    0.0,
                    0.0,
                    0.0,
                    1.0
                ]
            ],
            "size": [
                0.84,
                1.28,
                2.08
            ]
        },
        "collider2": {
            "type": "Cylinder",
            "collider2origin": [
                [
                    0.18991389171536602,
                    -0.643550483999784,
                    0.7414684674867627,
                    0.8486868506599579
                ],
                [
                    0.33498326465022493,
                    -0.6674217230057294,
                    -0.6650822927009413,
                    2.0900850970929437
                ],
                [
                    0.9228861934918092,
                    0.37468789439172884,
                    0.0888259852660868,
                    -0.17502524565144295
                ],
                [
                    0.0,
                    0.0,
                    0.0,
                    1.0
                ]
            ],
            "radius": 0.00683,
            "height": 0.01782
        },
        "distance": 0.1431597376958214
    },
    {
        "case": 10,
        "collider1": {
            "type": "Box",
            "collider2origin": [
                [
                    0.9077781725128689,
                    0.4194505805326724,
                    0.0,
                    0.4158817547107895
                ],
                [
                    -0.4194505805326724,
                    0.9077781725128689,
                    0.0,
                    0.733173894971941
                ],
                [
                    0.0,
                    0.0,
                    1.0,
                    -0.6599999999999999
                ],
                [
                    0.0,
                    0.0,
                    0.0,
                    1.0
                ]
            ],
            "size": [
                0.6,
                1.0,
                0.8
            ]
        },
        "collider2": {
            "type": "Box",
            "collider2origin": [
                [
                    0.006192362138961969,
                    -0.785600875932642,
                    0.6187026090012918,
                    0.8067262095176484
                ],
                [
                    0.007856513478410211,
                    0.6187335967285449,
                    0.7855615898676067,
                    1.521291607997979
                ],
                [
                    -0.9999499636717346,
                    -3.636460172725498e-06,
                    0.010003506368901256,
                    -0.22141195772566635
                ],
                [
                    0.0,
                    0.0,
                    0.0,
                    1.0
                ]
            ],
            "size": [
                0.1202,
                0.13634,
                0.67816
            ]
        },
        "distance": 0.03409135951713009
    },
    {
        "case": 11,
        "collider1": {
            "type": "Box",
            "collider2origin": [
                [
                    0.907778172512869,
                    0.4194505805326725,
                    0.0,
                    1.1611274528425521
                ],
                [
                    -0.4194505805326725,
                    0.907778172512869,
                    0.0,
                    2.3937174098575977
                ],
                [
                    0.0,
                    0.0,
                    1.0,
                    -0.040000000000000036
                ],
                [
                    0.0,
                    0.0,
                    0.0,
                    1.0
                ]
            ],
            "size": [
                0.62,
                1.2,
                2.0
            ]
        },
        "collider2": {
            "type": "Box",
            "collider2origin": [
                [
                    0.006192362138961969,
                    -0.785600875932642,
                    0.6187026090012918,
                    0.8067262095176484
                ],
                [
                    0.007856513478410211,
                    0.6187335967285449,
                    0.7855615898676067,
                    1.521291607997979
                ],
                [
                    -0.9999499636717346,
                    -3.636460172725498e-06,
                    0.010003506368901256,
                    -0.22141195772566635
                ],
                [
                    0.0,
                    0.0,
                    0.0,
                    1.0
                ]
            ],
            "size": [
                0.1202,
                0.13634,
                0.67816
            ]
        },
        "distance": 0.0
    },
    {
        "case": 12,
        "collider1": {
            "type": "Box",
            "collider2origin": [
                [
                    0.907778172512869,
                    0.4194505805326725,
                    0.0,
                    0.3318610395686135
                ],
                [
                    -0.4194505805326725,
                    0.907778172512869,
                    0.0,
                    1.862570334354233
                ],
                [
                    0.0,
                    0.0,
                    1.0,
                    -0.21500000000000008
                ],
                [
                    0.0,
                    0.0,
                    0.0,
                    1.0
                ]
            ],
            "size": [
                0.3,
                0.46,
                0.22
            ]
        },
        "collider2": {
            "type": "Box",
            "collider2origin": [
                [
                    0.006192362138961969,
                    -0.785600875932642,
                    0.6187026090012918,
                    0.8067262095176484
                ],
                [
                    0.007856513478410211,
                    0.6187335967285449,
                    0.7855615898676067,
                    1.521291607997979
                ],
                [
                    -0.9999499636717346,
                    -3.636460172725498e-06,
                    0.010003506368901256,
                    -0.22141195772566635
                ],
                [
                    0.0,
                    0.0,
                    0.0,
                    1.0
                ]
            ],
            "size": [
                0.1202,
                0.13634,
                0.67816
            ]
        },
        "distance": 0.3167479871280071
    },
    {
        "case": 13,
        "collider1": {
            "type": "Box",
            "collider2origin": [
                [
                    0.907778172512869,
                    0.4194505805326725,
                    0.0,
                    1.1611274528425521
                ],
                [
                    -0.4194505805326725,
                    0.907778172512869,
                    0.0,
                    2.3937174098575977
                ],
                [
                    0.0,
                    0.0,
                    1.0,
                    -0.040000000000000036
                ],
                [
                    0.0,
                    0.0,
                    0.0,
                    1.0
                ]
            ],
            "size": [
                0.62,
                1.2,
                2.0
            ]
        },
        "collider2": {
            "type": "Sphere",
            "collider2origin": [
                [
                    1.0,
                    0.0,
                    0.0,
                    0.895042598398414
                ],
                [
                    0.0,
                    1.0,
                    0.0,
                    2.1568032573825437
                ],
                [
                    0.0,
                    0.0,
                    1.0,
                    -0.16849180070034953
                ],
                [
                    0.0,
                    0.0,
                    0.0,
                    1.0
                ]
            ],
            "radius": 0.00663
        },
        "distance": 0.0
    },
    {
        "case": 14,
        "collider1": {
            "type": "Box",
            "collider2origin": [
                [
                    0.907778172512869,
                    0.4194505805326725,
                    0.0,
                    0.5152274101294649
                ],
                [
                    -0.4194505805326725,
                    0.907778172512869,
                    0.0,
                    2.7362274605469636
                ],
                [
                    0.0,
                    0.0,
                    1.0,
                    -0.04999999999999982
                ],
                [
                    0.0,
                    0.0,
                    0.0,
                    1.0
                ]
            ],
            "size": [
                0.84,
                1.28,
                2.08
            ]
        },
        "collider2": {
            "type": "Sphere",
            "collider2origin": [
                [
                    1.0,
                    0.0,
                    0.0,
                    0.895042598398414
                ],
                [
                    0.0,
                    1.0,
                    0.0,
                    2.1568032573825437
                ],
                [
                    0.0,
                    0.0,
                    1.0,
                    -0.16849180070034953
                ],
                [
                    0.0,
                    0.0,
                    0.0,
                    1.0
                ]
            ],
            "radius": 0.00663
        },
        "distance": 0.16119775589141486
    },
    {
        "case": 15,
        "collider1": {
            "type": "Box",
            "collider2origin": [
                [
                    0.907778172512869,
                    0.4194505805326725,
                    0.0,
                    1.1611274528425521
                ],
                [
                    -0.4194505805326725,
                    0.907778172512869,
                    0.0,
                    2.3937174098575977
                ],
                [
                    0.0,
                    0.0,
                    1.0,
                    -0.040000000000000036
                ],
                [
                    0.0,
                    0.0,
                    0.0,
                    1.0
                ]
            ],
            "size": [
                0.62,
                1.2,
                2.0
            ]
        },
        "collider2": {
            "type": "Box",
            "collider2origin": [
                [
                    0.8997571864628645,
                    -0.39289888583801413,
                    0.1899143778540151,
                    0.8999874155250893
                ],
                [
                    0.31678512721839974,
                    0.8873737747449945,
                    0.3349850251399938,
                    1.933375077751603
                ],
                [
                    -0.3001402815045873,
                    -0.24124313337806522,
                    0.9228854544396502,
                    -0.13404193813491672
                ],
                [
                    0.0,
                    0.0,
                    0.0,
                    1.0
                ]
            ],
            "size": [
                0.08993,
                0.0305,
                0.09007
            ]
        },
        "distance": 0.0
    },
    {
        "case": 16,
        "collider1": {
            "type": "Box",
            "collider2origin": [
                [
                    0.907778172512869,
                    0.4194505805326725,
                    0.0,
                    1.1611274528425521
                ],
                [
                    -0.4194505805326725,
                    0.907778172512869,
                    0.0,
                    2.3937174098575977
                ],
                [
                    0.0,
                    0.0,
                    1.0,
                    -0.040000000000000036
                ],
                [
                    0.0,
                    0.0,
                    0.0,
                    1.0
                ]
            ],
            "size": [
                0.62,
                1.2,
                2.0
            ]
        },
        "collider2": {
            "type": "Sphere",
            "collider2origin": [
                [
                    1.0,
                    0.0,
                    0.0,
                    0.782796678698662
                ],
                [
                    0.0,
                    1.0,
                    0.0,
                    2.0807610009100967
                ],
                [
                    0.0,
                    0.0,
                    1.0,
                    -0.18175343850259051
                ],
                [
                    0.0,
                    0.0,
                    0.0,
                    1.0
                ]
            ],
            "radius": 0.00487
        },
        "distance": 0.0
    },
    {
        "case": 17,
        "collider1": {
            "type": "Box",
            "collider2origin": [
                [
                    0.907778172512869,
                    0.4194505805326725,
                    0.0,
                    0.5152274101294649
                ],
                [
                    -0.4194505805326725,
                    0.907778172512869,
                    0.0,
                    2.7362274605469636
                ],
                [
                    0.0,
                    0.0,
                    1.0,
                    -0.04999999999999982
                ],
                [
                    0.0,
                    0.0,
                    0.0,
                    1.0
                ]
            ],
            "size": [
                0.84,
                1.28,
                2.08
            ]
        },
        "collider2": {
            "type": "Sphere",
            "collider2origin": [
                [
                    1.0,
                    0.0,
                    0.0,
                    0.782796678698662
                ],
                [
                    0.0,
                    1.0,
                    0.0,
                    2.0807610009100967
                ],
                [
                    0.0,
                    0.0,
                    1.0,
                    -0.18175343850259051
                ],
                [
                    0.0,
                    0.0,
                    0.0,
                    1.0
                ]
            ],
            "radius": 0.00487
        },
        "distance": 0.09295932865672996
    },
    {
        "case": 18,
        "collider1": {
            "type": "Box",
            "collider2origin": [
                [
                    0.907778172512869,
                    0.4194505805326725,
                    0.0,
                    1.1611274528425521
                ],
                [
                    -0.4194505805326725,
                    0.907778172512869,
                    0.0,
                    2.3937174098575977
                ],
                [
                    0.0,
                    0.0,
                    1.0,
                    -0.040000000000000036
                ],
                [
                    0.0,
                    0.0,
                    0.0,
                    1.0
                ]
            ],
            "size": [
                0.62,
                1.2,
                2.0
            ]
        },
        "collider2": {
            "type": "Sphere",
            "collider2origin": [
                [
                    1.0,
                    0.0,
                    0.0,
                    0.7899349718918923
                ],
                [
                    0.0,
                    1.0,
                    0.0,
                    2.1178229856379427
                ],
                [
                    0.0,
                    0.0,
                    1.0,
                    -0.17300317238675667
                ],
                [
                    0.0,
                    0.0,
                    0.0,
                    1.0
                ]
            ],
            "radius": 0.00563
        },
        "distance": 0.0
    },
    {
        "case": 19,
        "collider1": {
            "type": "Box",
            "collider2origin": [
                [
                    0.907778172512869,
                    0.4194505805326725,
                    0.0,
                    0.5152274101294649
                ],
                [
                    -0.4194505805326725,
                    0.907778172512869,
                    0.0,
                    2.7362274605469636
                ],
                [
                    0.0,
                    0.0,
                    1.0,
                    -0.04999999999999982
                ],
                [
                    0.0,
                    0.0,
                    0.0,
                    1.0
                ]
            ],
            "size": [
                0.84,
                1.28,
                2.08
            ]
        },
        "collider2": {
            "type": "Sphere",
            "collider2origin": [
                [
                    1.0,
                    0.0,
                    0.0,
                    0.7899349718918923
                ],
                [
                    0.0,
                    1.0,
                    0.0,
                    2.1178229856379427
                ],
                [
                    0.0,
                    0.0,
                    1.0,
                    -0.17300317238675667
                ],
                [
                    0.0,
                    0.0,
                    0.0,
                    1.0
                ]
            ],
            "radius": 0.00563
        },
        "distance": 0.08313364439675365
    },
    {
        "case": 20,
        "collider1": {
            "type": "Box",
            "collider2origin": [
                [
                    0.907778172512869,
                    0.4194505805326725,
                    0.0,
                    1.1611274528425521
                ],
                [
                    -0.4194505805326725,
                    0.907778172512869,
                    0.0,
                    2.3937174098575977
                ],
                [
                    0.0,
                    0.0,
                    1.0,
                    -0.040000000000000036
                ],
                [
                    0.0,
                    0.0,
                    0.0,
                    1.0
                ]
            ],
            "size": [
                0.62,
                1.2,
                2.0
            ]
        },
        "collider2": {
            "type": "Box",
            "collider2origin": [
                [
                    0.8725504934146951,
                    -0.3928985170232095,
                    0.29032118724394756,
                    0.928098763839742
                ],
                [
                    0.2769232912620946,
                    0.8873738982949045,
                    0.3686204760746123,
                    1.8654122186503863
                ],
                [
                    -0.4024538820763713,
                    -0.24124327958694994,
                    0.8830812832666033,
                    -0.12025241734391678
                ],
                [
                    0.0,
                    0.0,
                    0.0,
                    1.0
                ]
            ],
            "size": [
                0.09126,
                0.11887,
                0.10009
            ]
        },
        "distance": 0.0
    },
    {
        "case": 21,
        "collider1": {
            "type": "Box",
            "collider2origin": [
                [
                    0.907778172512869,
                    0.4194505805326725,
                    0.0,
                    1.1611274528425521
                ],
                [
                    -0.4194505805326725,
                    0.907778172512869,
                    0.0,
                    2.3937174098575977
                ],
                [
                    0.0,
                    0.0,
                    1.0,
                    -0.040000000000000036
                ],
                [
                    0.0,
                    0.0,
                    0.0,
                    1.0
                ]
            ],
            "size": [
                0.62,
                1.2,
                2.0
            ]
        },
        "collider2": {
            "type": "Cylinder",
            "collider2origin": [
                [
                    -0.47537076099063014,
                    -0.5843765487103738,
                    0.6576676127897293,
                    0.8170016603051391
                ],
                [
                    -0.12037071209023975,
                    -0.6973011919730348,
                    -0.7065988532002255,
                    2.0522597199941623
                ],
                [
                    0.8715122094761942,
                    -0.41506035343108555,
                    0.2611347769707907,
                    -0.1387479321991325
                ],
                [
                    0.0,
                    0.0,
                    0.0,
                    1.0
                ]
            ],
            "radius": 0.01271,
            "height": 0.05982
        },
        "distance": 0.0
    },
    {
        "case": 22,
        "collider1": {
            "type": "Box",
            "collider2origin": [
                [
                    0.907778172512869,
                    0.4194505805326725,
                    0.0,
                    0.5152274101294649
                ],
                [
                    -0.4194505805326725,
                    0.907778172512869,
                    0.0,
                    2.7362274605469636
                ],
                [
                    0.0,
                    0.0,
                    1.0,
                    -0.04999999999999982
                ],
                [
                    0.0,
                    0.0,
                    0.0,
                    1.0
                ]
            ],
            "size": [
                0.84,
                1.28,
                2.08
            ]
        },
        "collider2": {
            "type": "Cylinder",
