[
    {
        "case": 0,
        "collider1": {
            "type": "Box",
            "collider2origin": [
                [
                    0.907778172512869,
                    0.4194505805326725,
                    0.0,
                    0.5152274101294649
                ],
                [
                    -0.4194505805326725,
                    0.907778172512869,
                    0.0,
                    2.7362274605469636
                ],
                [
                    0.0,
                    0.0,
                    1.0,
                    -0.04999999999999982
                ],
                [
                    0.0,
                    0.0,
                    0.0,
                    1.0
                ]
            ],
            "size": [
                0.84,
                1.28,
                2.08
            ]
        },
        "collider2": {
            "type": "Box",
            "collider2origin": [
                [
                    0.4186595299902234,
                    0.7809857417568677,
                    -0.4634495324421424,
                    -0.15562617955030128
                ],
                [
                    0.11908264229029941,
                    0.45870897130856236,
                    0.8805710669481488,
                    2.0219573357436516
                ],
                [
                    0.9003019061701055,
                    -0.42384826390291563,
                    0.09904103661088426,
                    -0.04292950709954568
                ],
                [
                    0.0,
                    0.0,
                    0.0,
                    1.0
                ]
            ],
            "size": [
                0.09126,
                0.11887,
                0.10009
            ]
        },
        "distance": 0.20234840361161777
    },
    {
        "case": 1,
        "collider1": {
            "type": "Box",
            "collider2origin": [
                [
                    0.907778172512869,
                    0.4194505805326725,
                    0.0,
                    0.5152274101294649
                ],
                [
                    -0.4194505805326725,
                    0.907778172512869,
                    0.0,
                    2.7362274605469636
                ],
                [
                    0.0,
                    0.0,
                    1.0,
                    -0.04999999999999982
                ],
                [
                    0.0,
                    0.0,
                    0.0,
                    1.0
                ]
            ],
            "size": [
                0.84,
                1.28,
                2.08
            ]
        },
        "collider2": {
            "type": "Box",
            "collider2origin": [
                [
                    0.21502579093370625,
                    0.780985290256967,
                    -0.5863666818941667,
                    -0.09962860298296577
                ],
                [
                    0.43967218581142226,
                    0.45870857319653247,
                    0.7721883280002408,
                    2.0602600668952404
                ],
                [
                    0.8720391494979683,
                    -0.4238495266934271,
                    -0.24474333589419256,
                    -0.07449006575464057
                ],
                [
                    0.0,
                    0.0,
                    0.0,
                    1.0
                ]
            ],
            "size": [
                0.08993,
                0.0305,
                0.09007
            ]
        },
        "distance": 0.17769014250026288
    },
    {
        "case": 2,
        "collider1": {
            "type": "Box",
            "collider2origin": [
                [
                    0.907778172512869,
                    0.4194505805326725,
                    0.0,
                    0.5152274101294649
                ],
                [
                    -0.4194505805326725,
                    0.907778172512869,
                    0.0,
                    2.7362274605469636
                ],
                [
                    0.0,
                    0.0,
                    1.0,
                    -0.04999999999999982
                ],
                [
                    0.0,
                    0.0,
                    0.0,
                    1.0
                ]
            ],
            "size": [
                0.84,
                1.28,
                2.08
            ]
        },
        "collider2": {
            "type": "Cylinder",
            "collider2origin": [
                [
                    -0.25851020146545717,
                    -0.6450281157221704,
                    -0.7191044469798489,
                    0.054154287594510325
                ],
                [
                    0.9182023896199981,
                    -0.39535061479158107,
                    0.02454104887823066,
                    2.1125085855355725
                ],
                [
                    -0.30012805172861434,
                    -0.6539393101135796,
                    0.6944685243074454,
                    -0.1300244829052719
                ],
                [
                    0.0,
                    0.0,
                    0.0,
                    1.0
                ]
            ],
            "radius": 0.00783,
            "height": 0.03044
        },
        "distance": 0.10782576758148336
    },
    {
        "case": 3,
        "collider1": {
            "type": "Box",
            "collider2origin": [
                [
                    0.907778172512869,
                    0.4194505805326725,
                    0.0,
                    0.5152274101294649
                ],
                [
                    -0.4194505805326725,
                    0.907778172512869,
                    0.0,
                    2.7362274605469636
                ],
                [
                    0.0,
                    0.0,
                    1.0,
                    -0.04999999999999982
                ],
                [
                    0.0,
                    0.0,
                    0.0,
                    1.0
                ]
            ],
            "size": [
                0.84,
                1.28,
                2.08
            ]
        },
        "collider2": {
            "type": "Box",
            "collider2origin": [
                [
                    0.04613025701344951,
                    0.8849217650544213,
                    -0.4634495324421424,
                    -0.11018742447238866
                ],
                [
                    -0.08764203518736764,
                    0.4657397016811162,
                    0.8805710669481488,
                    1.9228338278273691
                ],
                [
                    0.995083349803467,
                    -3.3094070622490646e-06,
                    0.09904103661088426,
                    -0.05308814934737782
                ],
                [
                    0.0,
                    0.0,
                    0.0,
                    1.0
                ]
            ],
            "size": [
                0.09102,
                0.10007,
                0.11882
            ]
        },
        "distance": 0.28230397387219514
    },
    {
        "case": 4,
        "collider1": {
            "type": "Box",
            "collider2origin": [
                [
                    0.907778172512869,
                    0.4194505805326725,
                    0.0,
                    0.5152274101294649
                ],
                [
                    -0.4194505805326725,
                    0.907778172512869,
                    0.0,
                    2.7362274605469636
                ],
                [
                    0.0,
                    0.0,
                    1.0,
                    -0.04999999999999982
                ],
                [
                    0.0,
                    0.0,
                    0.0,
                    1.0
                ]
            ],
            "size": [
                0.84,
                1.28,
                2.08
            ]
        },
        "collider2": {
            "type": "Sphere",
            "collider2origin": [
                [
                    1.0,
                    0.0,
                    0.0,
                    0.04990703781876432
                ],
                [
                    0.0,
                    1.0,
                    0.0,
                    2.2216155394588437
                ],
                [
                    0.0,
                    0.0,
                    1.0,
                    -0.09484426561676296
                ],
                [
                    0.0,
                    0.0,
                    0.0,
                    1.0
                ]
            ],
            "radius": 0.00663
        },
        "distance": 0.01570236957811286
    },
    {
        "case": 5,
        "collider1": {
            "type": "Box",
            "collider2origin": [
                [
                    -0.49996093967317806,
                    0.8660479541001831,
                    0.0,
                    0.23518030403224222
                ],
                [
                    -0.8660479541001831,
                    -0.49996093967317806,
                    0.0,
                    1.6545490191575776
                ],
                [
                    0.0,
                    0.0,
                    1.0,
                    -0.21500000000000008
                ],
                [
                    0.0,
                    0.0,
                    0.0,
                    1.0
                ]
            ],
            "size": [
                0.2,
                0.3,
                0.22
            ]
        },
        "collider2": {
            "type": "Box",
            "collider2origin": [
                [
                    0.041122444178965996,
                    0.8849217633237205,
                    -0.46392070160835136,
                    -0.07245769889893561
                ],
                [
                    -0.07812692283133837,
                    0.4657397049692264,
                    0.8814662280224264,
                    1.6111811552330113
                ],
                [
                    0.9960949395081041,
                    -3.3489030799225524e-06,
                    0.08828856933448928,
                    -0.07898834939647892
                ],
                [
                    0.0,
                    0.0,
                    0.0,
                    1.0
                ]
            ],
            "size": [
                0.1202,
                0.13634,
                0.67816
            ]
        },
        "distance": 0.05965591046421953
    },
    {
        "case": 6,
        "collider1": {
            "type": "Box",
            "collider2origin": [
                [
                    0.718022042059392,
                    -0.6960203640101781,
                    0.0,
                    0.13748258467077087
                ],
                [
                    0.6960203640101781,
                    0.718022042059392,
                    0.0,
                    1.5384737068316263
                ],
                [
                    0.0,
                    0.0,
                    1.0,
                    -0.21500000000000008
                ],
                [
                    0.0,
                    0.0,
                    0.0,
                    1.0
                ]
            ],
            "size": [
                0.2,
                0.3,
                0.22
            ]
        },
        "collider2": {
            "type": "Box",
            "collider2origin": [
                [
                    0.041122444178965996,
                    0.8849217633237205,
                    -0.46392070160835136,
                    -0.07245769889893561
                ],
                [
                    -0.07812692283133837,
                    0.4657397049692264,
                    0.8814662280224264,
                    1.6111811552330113
                ],
                [
                    0.9960949395081041,
                    -3.3489030799225524e-06,
                    0.08828856933448928,
                    -0.07898834939647892
                ],
                [
                    0.0,
                    0.0,
                    0.0,
                    1.0
                ]
            ],
            "size": [
                0.1202,
                0.13634,
                0.67816
            ]
        },
        "distance": 0.0
    },
    {
        "case": 7,
        "collider1": {
            "type": "Box",
            "collider2origin": [
                [
                    0.8404842512412337,
                    -0.5418359746412772,
                    0.0,
                    0.011439976095501792
                ],
                [
                    0.5418359746412771,
                    0.8404842512412338,
                    0.0,
                    1.4325762997644957
                ],
                [
                    0.0,
                    0.0,
                    1.0,
                    -0.21500000000000008
                ],
                [
                    0.0,
                    0.0,
                    0.0,
                    1.0
                ]
            ],
            "size": [
                0.2,
                0.3,
                0.22
            ]
        },
        "collider2": {
            "type": "Box",
            "collider2origin": [
                [
                    0.041122444178965996,
                    0.8849217633237205,
                    -0.46392070160835136,
                    -0.07245769889893561
                ],
                [
                    -0.07812692283133837,
                    0.4657397049692264,
                    0.8814662280224264,
                    1.6111811552330113
                ],
                [
                    0.9960949395081041,
                    -3.3489030799225524e-06,
                    0.08828856933448928,
                    -0.07898834939647892
                ],
                [
                    0.0,
                    0.0,
                    0.0,
                    1.0
                ]
            ],
            "size": [
                0.1202,
                0.13634,
                0.67816
            ]
        },
        "distance": 0.0
    },
    {
        "case": 8,
        "collider1": {
            "type": "Box",
            "collider2origin": [
                [
                    0.9081427509232697,
                    -0.4186606548811531,
                    0.0,
                    -0.09474126814702305
                ],
                [
                    0.41866065488115317,
                    0.9081427509232698,
                    0.0,
                    1.368923948110301
                ],
                [
                    0.0,
                    0.0,
                    1.0,
                    -0.21500000000000008
                ],
                [
                    0.0,
                    0.0,
                    0.0,
                    1.0
                ]
            ],
            "size": [
                0.2,
                0.3,
                0.22
            ]
        },
        "collider2": {
            "type": "Box",
            "collider2origin": [
                [
                    0.041122444178965996,
                    0.8849217633237205,
                    -0.46392070160835136,
                    -0.07245769889893561
                ],
                [
                    -0.07812692283133837,
                    0.4657397049692264,
                    0.8814662280224264,
                    1.6111811552330113
                ],
                [
                    0.9960949395081041,
                    -3.3489030799225524e-06,
                    0.08828856933448928,
                    -0.07898834939647892
                ],
                [
                    0.0,
                    0.0,
                    0.0,
                    1.0
                ]
            ],
            "size": [
                0.1202,
                0.13634,
                0.67816
            ]
        },
        "distance": 0.0
    },
    {
        "case": 9,
        "collider1": {
            "type": "Box",
            "collider2origin": [
                [
                    0.9798474486812189,
                    -0.1997472836183421,
                    0.0,
                    -0.20628161272202655
                ],
                [
                    0.19974728361834207,
                    0.9798474486812188,
                    0.0,
                    1.335871448475788
                ],
                [
                    0.0,
                    0.0,
                    1.0,
                    -0.21500000000000008
                ],
                [
                    0.0,
                    0.0,
                    0.0,
                    1.0
                ]
            ],
            "size": [
                0.2,
                0.3,
                0.22
            ]
        },
        "collider2": {
            "type": "Box",
            "collider2origin": [
                [
                    0.041122444178965996,
                    0.8849217633237205,
                    -0.46392070160835136,
                    -0.07245769889893561
                ],
                [
                    -0.07812692283133837,
                    0.4657397049692264,
                    0.8814662280224264,
                    1.6111811552330113
                ],
                [
                    0.9960949395081041,
                    -3.3489030799225524e-06,
                    0.08828856933448928,
                    -0.07898834939647892
                ],
                [
                    0.0,
                    0.0,
                    0.0,
                    1.0
                ]
            ],
            "size": [
                0.1202,
                0.13634,
                0.67816
            ]
        },
        "distance": 0.04052530518729153
    },
    {
        "case": 10,
        "collider1": {
            "type": "Box",
            "collider2origin": [
                [
                    0.9984065575563776,
                    -0.05643000822632935,
                    0.0,
                    -0.3111399560290343
                ],
                [
                    0.05643000822632935,
                    0.9984065575563776,
                    0.0,
                    1.3240986306775833
                ],
                [
                    0.0,
                    0.0,
                    1.0,
                    -0.21500000000000008
                ],
                [
                    0.0,
                    0.0,
                    0.0,
                    1.0
                ]
            ],
            "size": [
                0.2,
                0.3,
                0.22
            ]
        },
        "collider2": {
            "type": "Box",
            "collider2origin": [
                [
                    0.041122444178965996,
                    0.8849217633237205,
                    -0.46392070160835136,
                    -0.07245769889893561
                ],
                [
                    -0.07812692283133837,
                    0.4657397049692264,
                    0.8814662280224264,
                    1.6111811552330113
                ],
                [
                    0.9960949395081041,
                    -3.3489030799225524e-06,
                    0.08828856933448928,
                    -0.07898834939647892
                ],
                [
                    0.0,
                    0.0,
                    0.0,
                    1.0
                ]
            ],
            "size": [
                0.1202,
                0.13634,
                0.67816
            ]
        },
        "distance": 0.12351208420483062
    },
    {
        "case": 11,
        "collider1": {
            "type": "Cylinder",
            "collider2origin": [
                [
                    0.907778172512869,
                    0.4194505805326725,
                    0.0,
                    0.1278934506919803
                ],
                [
                    -0.4194505805326725,
                    0.907778172512869,
                    0.0,
                    1.802593483087659
                ],
                [
                    0.0,
                    0.0,
                    1.0,
                    -0.18000000000000016
                ],
                [
                    0.0,
                    0.0,
                    0.0,
                    1.0
                ]
            ],
            "radius": 0.04,
            "height": 0.3
        },
        "collider2": {
            "type": "Box",
            "collider2origin": [
                [
                    0.041122444178965996,
                    0.8849217633237205,
                    -0.46392070160835136,
                    -0.07245769889893561
                ],
                [
                    -0.07812692283133837,
                    0.4657397049692264,
                    0.8814662280224264,
                    1.6111811552330113
                ],
                [
                    0.9960949395081041,
                    -3.3489030799225524e-06,
                    0.08828856933448928,
                    -0.07898834939647892
                ],
                [
                    0.0,
                    0.0,
                    0.0,
                    1.0
                ]
            ],
            "size": [
                0.1202,
                0.13634,
                0.67816
            ]
        },
        "distance": 0.1582732496254144
    },
    {
        "case": 12,
        "collider1": {
            "type": "Box",
            "collider2origin": [
                [
                    0.907778172512869,
                    0.4194505805326725,
                    0.0,
                    -0.2920556628501435
                ],
                [
                    -0.4194505805326725,
                    0.907778172512869,
                    0.0,
                    1.6804798391522473
                ],
                [
                    0.0,
                    0.0,
                    1.0,
                    0.18999999999999995
                ],
                [
                    0.0,
                    0.0,
                    0.0,
                    1.0
                ]
            ],
            "size": [
                0.04,
                0.04,
                0.86
            ]
        },
        "collider2": {
            "type": "Box",
            "collider2origin": [
                [
                    0.041122444178965996,
                    0.8849217633237205,
                    -0.46392070160835136,
                    -0.07245769889893561
                ],
                [
                    -0.07812692283133837,
                    0.4657397049692264,
                    0.8814662280224264,
                    1.6111811552330113
                ],
                [
                    0.9960949395081041,
                    -3.3489030799225524e-06,
                    0.08828856933448928,
                    -0.07898834939647892
                ],
                [
                    0.0,
                    0.0,
                    0.0,
                    1.0
                ]
            ],
            "size": [
                0.1202,
                0.13634,
                0.67816
            ]
        },
        "distance": 0.06584317113655921
    },
    {
        "case": 13,
        "collider1": {
            "type": "Box",
            "collider2origin": [
                [
                    0.907778172512869,
                    0.4194505805326725,
                    0.0,
                    -0.7418785952877999
                ],
                [
                    -0.4194505805326725,
                    0.907778172512869,
                    0.0,
                    1.2791466490804724
                ],
                [
                    0.0,
                    0.0,
                    1.0,
                    0.27
                ],
                [
                    0.0,
                    0.0,
                    0.0,
                    1.0
                ]
            ],
            "size": [
                0.52,
                1.16,
                0.6
            ]
        },
        "collider2": {
            "type": "Box",
            "collider2origin": [
                [
                    0.041122444178965996,
                    0.8849217633237205,
                    -0.46392070160835136,
                    -0.07245769889893561
                ],
                [
                    -0.07812692283133837,
                    0.4657397049692264,
                    0.8814662280224264,
                    1.6111811552330113
                ],
                [
                    0.9960949395081041,
                    -3.3489030799225524e-06,
                    0.08828856933448928,
                    -0.07898834939647892
                ],
                [
                    0.0,
                    0.0,
                    0.0,
                    1.0
                ]
            ],
            "size": [
                0.1202,
                0.13634,
                0.67816
            ]
        },
        "distance": 0.06028570479484084
    },
    {
        "case": 14,
        "collider1": {
            "type": "Cylinder",
            "collider2origin": [
                [
                    0.907778172512869,
                    0.4194505805326725,
                    0.0,
                    -0.1927378995604882
                ],
                [
                    -0.4194505805326725,
                    0.907778172512869,
                    0.0,
                    1.5211249462397922
                ],
                [
                    0.0,
                    0.0,
                    1.0,
                    -0.20999999999999996
                ],
                [
                    0.0,
                    0.0,
                    0.0,
                    1.0
                ]
            ],
            "radius": 0.04,
            "height": 0.22
        },
        "collider2": {
            "type": "Box",
            "collider2origin": [
                [
                    0.041122444178965996,
                    0.8849217633237205,
                    -0.46392070160835136,
                    -0.07245769889893561
                ],
                [
                    -0.07812692283133837,
                    0.4657397049692264,
                    0.8814662280224264,
                    1.6111811552330113
                ],
                [
                    0.9960949395081041,
                    -3.3489030799225524e-06,
                    0.08828856933448928,
                    -0.07898834939647892
                ],
                [
                    0.0,
                    0.0,
                    0.0,
                    1.0
                ]
            ],
            "size": [
                0.1202,
                0.13634,
                0.67816
            ]
        },
        "distance": 0.04021111038562567
    },
    {
        "case": 15,
        "collider1": {
            "type": "Box",
            "collider2origin": [
                [
                    0.907778172512869,
                    0.4194505805326725,
                    0.0,
                    0.3318610395686135
                ],
                [
                    -0.4194505805326725,
                    0.907778172512869,
                    0.0,
                    1.862570334354233
                ],
                [
                    0.0,
                    0.0,
                    1.0,
                    -0.21500000000000008
                ],
                [
                    0.0,
                    0.0,
                    0.0,
                    1.0
                ]
            ],
            "size": [
                0.3,
                0.46,
                0.22
            ]
        },
        "collider2": {
            "type": "Box",
            "collider2origin": [
                [
                    0.041122444178965996,
                    0.8849217633237205,
                    -0.46392070160835136,
                    -0.07245769889893561
                ],
                [
                    -0.07812692283133837,
                    0.4657397049692264,
                    0.8814662280224264,
                    1.6111811552330113
                ],
                [
                    0.9960949395081041,
                    -3.3489030799225524e-06,
                    0.08828856933448928,
                    -0.07898834939647892
                ],
                [
                    0.0,
                    0.0,
                    0.0,
                    1.0
                ]
            ],
            "size": [
                0.1202,
                0.13634,
                0.67816
            ]
        },
        "distance": 0.1328958438043052
    },
    {
        "case": 16,
        "collider1": {
            "type": "Box",
            "collider2origin": [
                [
                    0.907778172512869,
                    0.4194505805326725,
                    0.0,
                    0.5152274101294649
                ],
                [
                    -0.4194505805326725,
                    0.907778172512869,
                    0.0,
                    2.7362274605469636
                ],
                [
                    0.0,
                    0.0,
                    1.0,
                    -0.04999999999999982
                ],
                [
                    0.0,
                    0.0,
                    0.0,
                    1.0
                ]
            ],
            "size": [
                0.84,
                1.28,
                2.08
            ]
        },
        "collider2": {
            "type": "Cylinder",
            "collider2origin": [
                [
                    -0.5863668353667065,
                    -0.1711842432344621,
                    -0.791751153614744,
                    0.049433233045823644
                ],
                [
                    0.7721877474108795,
                    -0.4134371544224743,
                    -0.48248917303039934,
                    2.1616096426659053
                ],
                [
                    -0.24474480000716073,
                    -0.8942961893082687,
                    0.3746122110371781,
                    -0.1319944236029731
                ],
                [
                    0.0,
                    0.0,
                    0.0,
                    1.0
                ]
            ],
            "radius": 0.00683,
            "height": 0.01183
        },
        "distance": 0.06809097887798063
    },
    {
        "case": 17,
        "collider1": {
            "type": "Box",
            "collider2origin": [
                [
                    0.907778172512869,
                    0.4194505805326725,
                    0.0,
                    0.5152274101294649
                ],
                [
                    -0.4194505805326725,
                    0.907778172512869,
                    0.0,
                    2.7362274605469636
                ],
                [
                    0.0,
                    0.0,
                    1.0,
                    -0.04999999999999982
                ],
                [
                    0.0,
                    0.0,
                    0.0,
                    1.0
                ]
            ],
            "size": [
                0.84,
                1.28,
                2.08
            ]
        },
        "collider2": {
            "type": "Box",
            "collider2origin": [
                [
                    -0.5440775540303799,
                    0.8389450348698331,
                    -0.012281843003931621,
                    0.008716150663109157
                ],
                [
                    0.8031259934672471,
                    0.516499823204004,
                    -0.2970127459343786,
                    2.1298926359857866
                ],
                [
                    -0.2428337987545522,
                    -0.17146183568796466,
                    -0.954794525060207,
                    -0.1120812184061224
                ],
                [
                    0.0,
                    0.0,
                    0.0,
                    1.0
                ]
            ],
            "size": [
                0.07264,
                0.04753,
                0.03326
            ]
        },
        "distance": 0.08060829347370113
    },
    {
        "case": 18,
        "collider1": {
            "type": "Box",
            "collider2origin": [
                [
                    0.907778172512869,
                    0.4194505805326725,
                    0.0,
                    0.5152274101294649
                ],
                [
                    -0.4194505805326725,
                    0.907778172512869,
                    0.0,
                    2.7362274605469636
                ],
                [
                    0.0,
                    0.0,
                    1.0,
                    -0.04999999999999982
                ],
                [
                    0.0,
                    0.0,
                    0.0,
                    1.0
                ]
            ],
            "size": [
                0.84,
                1.28,
                2.08
            ]
        },
        "collider2": {
            "type": "Box",
            "collider2origin": [
                [
                    -0.534570875562279,
                    0.8389466292815737,
                    0.10199280473476414,
                    -0.03331589699639531
                ],
                [
                    0.7230616055318498,
                    0.5164961028509945,
                    -0.4587087205901348,
                    2.1013603313659024
                ],
                [
                    -0.43751102112550505,
                    -0.17146524124970614,
                    -0.8827138706494293,
                    -0.10503776310156576
                ],
                [
                    0.0,
                    0.0,
                    0.0,
                    1.0
                ]
            ],
            "size": [
                0.06241,
                0.05638,
                0.02858
            ]
        },
        "distance": 0.12444364331655579
    },
    {
        "case": 19,
        "collider1": {
            "type": "Box",
            "collider2origin": [
                [
                    0.907778172512869,
                    0.4194505805326725,
                    0.0,
                    0.5152274101294649
                ],
                [
                    -0.4194505805326725,
                    0.907778172512869,
                    0.0,
                    2.7362274605469636
                ],
                [
                    0.0,
                    0.0,
                    1.0,
                    -0.04999999999999982
                ],
                [
                    0.0,
                    0.0,
                    0.0,
                    1.0
                ]
            ],
            "size": [
                0.84,
                1.28,
                2.08
            ]
        },
        "collider2": {
            "type": "Cylinder",
            "collider2origin": [
                [
                    -0.5863668353667065,
                    -0.1711842432344621,
                    -0.791751153614744,
                    0.03651095629438311
                ],
                [
                    0.7721877474108795,
                    -0.4134371544224743,
                    -0.48248917303039934,
                    2.153733266910925
                ],
                [
                    -0.24474480000716073,
                    -0.8942961893082687,
                    0.3746122110371781,
                    -0.1258853918854641
                ],
                [
                    0.0,
                    0.0,
                    0.0,
                    1.0
                ]
            ],
            "radius": 0.00683,
            "height": 0.01782
        },
        "distance": 0.07835480695784527
    },
    {
        "case": 20,
        "collider1": {
            "type": "Box",
            "collider2origin": [
                [
                    0.907778172512869,
                    0.4194505805326725,
                    0.0,
                    0.5152274101294649
                ],
                [
                    -0.4194505805326725,
                    0.907778172512869,
                    0.0,
                    2.7362274605469636
                ],
                [
                    0.0,
                    0.0,
                    1.0,
                    -0.04999999999999982
                ],
                [
                    0.0,
                    0.0,
                    0.0,
                    1.0
                ]
            ],
            "size": [
                0.84,
                1.28,
                2.08
            ]
        },
        "collider2": {
            "type": "Cylinder",
            "collider2origin": [
                [
                    -0.7442511306893271,
                    0.22745992759790604,
                    -0.6279747095264371,
                    0.03606643362958467
                ],
                [
                    0.6277297650134344,
                    -0.08293468192874866,
                    -0.7740007626931356,
                    2.2067788009003673
                ],
                [
                    -0.22813504023677808,
                    -0.9702493596341779,
                    -0.08105913610217555,
                    -0.09553380504702647
                ],
                [
                    0.0,
                    0.0,
                    0.0,
                    1.0
                ]
            ],
            "radius": 0.00796,
            "height": 0.03037
        },
        "distance": 0.024879950819791715
    },
    {
        "case": 21,
        "collider1": {
            "type": "Box",
            "collider2origin": [
                [
                    0.907778172512869,
                    0.4194505805326725,
                    0.0,
                    0.5152274101294649
                ],
                [
                    -0.4194505805326725,
                    0.907778172512869,
                    0.0,
                    2.7362274605469636
                ],
                [
                    0.0,
                    0.0,
                    1.0,
                    -0.04999999999999982
                ],
                [
                    0.0,
                    0.0,
                    0.0,
                    1.0
                ]
            ],
            "size": [
                0.84,
                1.28,
                2.08
            ]
        },
        "collider2": {
