[
    {
        "case": 0,
        "collider1": {
            "type": "Box",
            "collider2origin": [
                [
                    -0.49996093967317806,
                    0.8660479541001831,
                    0.0,
                    0.23518030403224222
                ],
                [
                    -0.8660479541001831,
                    -0.49996093967317806,
                    0.0,
                    1.6545490191575776
                ],
                [
                    0.0,
                    0.0,
                    1.0,
                    -0.21500000000000008
                ],
                [
                    0.0,
                    0.0,
                    0.0,
                    1.0
                ]
            ],
            "size": [
                0.2,
                0.3,
                0.22
            ]
        },
        "collider2": {
            "type": "Box",
            "collider2origin": [
                [
                    -0.7239118584383549,
                    -0.61231084208923,
                    -0.3178475324307319,
                    0.0871948170750062
                ],
                [
                    -0.6509688933269181,
                    0.4536898259102661,
                    0.608609104258423,
                    1.55997742625105
                ],
                [
                    -0.22845376147714044,
                    0.6474882041593427,
                    -0.7270267562761736,
                    -0.09602493337197227
                ],
                [
                    0.0,
                    0.0,
                    0.0,
                    1.0
                ]
            ],
            "size": [
                0.09126,
                0.11887,
                0.10009
            ]
        },
        "distance": 0.0
    },
    {
        "case": 1,
        "collider1": {
            "type": "Box",
            "collider2origin": [
                [
                    0.718022042059392,
                    -0.6960203640101781,
                    0.0,
                    0.13748258467077087
                ],
                [
                    0.6960203640101781,
                    0.718022042059392,
                    0.0,
                    1.5384737068316263
                ],
                [
                    0.0,
                    0.0,
                    1.0,
                    -0.21500000000000008
                ],
                [
                    0.0,
                    0.0,
                    0.0,
                    1.0
                ]
            ],
            "size": [
                0.2,
                0.3,
                0.22
            ]
        },
        "collider2": {
            "type": "Box",
            "collider2origin": [
                [
                    -0.7239118584383549,
                    -0.61231084208923,
                    -0.3178475324307319,
                    0.0871948170750062
                ],
                [
                    -0.6509688933269181,
                    0.4536898259102661,
                    0.608609104258423,
                    1.55997742625105
                ],
                [
                    -0.22845376147714044,
                    0.6474882041593427,
                    -0.7270267562761736,
                    -0.09602493337197227
                ],
                [
                    0.0,
                    0.0,
                    0.0,
                    1.0
                ]
            ],
            "size": [
                0.09126,
                0.11887,
                0.10009
            ]
        },
        "distance": 0.0
    },
    {
        "case": 2,
        "collider1": {
            "type": "Box",
            "collider2origin": [
                [
                    0.8404842512412337,
                    -0.5418359746412772,
                    0.0,
                    0.011439976095501792
                ],
                [
                    0.5418359746412771,
                    0.8404842512412338,
                    0.0,
                    1.4325762997644957
                ],
                [
                    0.0,
                    0.0,
                    1.0,
                    -0.21500000000000008
                ],
                [
                    0.0,
                    0.0,
                    0.0,
                    1.0
                ]
            ],
            "size": [
                0.2,
                0.3,
                0.22
            ]
        },
        "collider2": {
            "type": "Box",
            "collider2origin": [
                [
                    -0.7239118584383549,
                    -0.61231084208923,
                    -0.3178475324307319,
                    0.0871948170750062
                ],
                [
                    -0.6509688933269181,
                    0.4536898259102661,
                    0.608609104258423,
                    1.55997742625105
                ],
                [
                    -0.22845376147714044,
                    0.6474882041593427,
                    -0.7270267562761736,
                    -0.09602493337197227
                ],
                [
                    0.0,
                    0.0,
                    0.0,
                    1.0
                ]
            ],
            "size": [
                0.09126,
                0.11887,
                0.10009
            ]
        },
        "distance": 0.0
    },
    {
        "case": 3,
        "collider1": {
            "type": "Box",
            "collider2origin": [
                [
                    0.9081427509232697,
                    -0.4186606548811531,
                    0.0,
                    -0.09474126814702305
                ],
                [
                    0.41866065488115317,
                    0.9081427509232698,
                    0.0,
                    1.368923948110301
                ],
                [
                    0.0,
                    0.0,
                    1.0,
                    -0.21500000000000008
                ],
                [
                    0.0,
                    0.0,
                    0.0,
                    1.0
                ]
            ],
            "size": [
                0.2,
                0.3,
                0.22
            ]
        },
        "collider2": {
            "type": "Box",
            "collider2origin": [
                [
                    -0.7239118584383549,
                    -0.61231084208923,
                    -0.3178475324307319,
                    0.0871948170750062
                ],
                [
                    -0.6509688933269181,
                    0.4536898259102661,
                    0.608609104258423,
                    1.55997742625105
                ],
                [
                    -0.22845376147714044,
                    0.6474882041593427,
                    -0.7270267562761736,
                    -0.09602493337197227
                ],
                [
                    0.0,
                    0.0,
                    0.0,
                    1.0
                ]
            ],
            "size": [
                0.09126,
                0.11887,
                0.10009
            ]
        },
        "distance": 0.07971216322058977
    },
    {
        "case": 4,
        "collider1": {
            "type": "Box",
            "collider2origin": [
                [
                    0.907778172512869,
                    0.4194505805326725,
                    0.0,
                    0.3318610395686135
                ],
                [
                    -0.4194505805326725,
                    0.907778172512869,
                    0.0,
                    1.862570334354233
                ],
                [
                    0.0,
                    0.0,
                    1.0,
                    -0.21500000000000008
                ],
                [
                    0.0,
                    0.0,
                    0.0,
                    1.0
                ]
            ],
            "size": [
                0.3,
                0.46,
                0.22
            ]
        },
        "collider2": {
            "type": "Box",
            "collider2origin": [
                [
                    -0.7239118584383549,
                    -0.61231084208923,
                    -0.3178475324307319,
                    0.0871948170750062
                ],
                [
                    -0.6509688933269181,
                    0.4536898259102661,
                    0.608609104258423,
                    1.55997742625105
                ],
                [
                    -0.22845376147714044,
                    0.6474882041593427,
                    -0.7270267562761736,
                    -0.09602493337197227
                ],
                [
                    0.0,
                    0.0,
                    0.0,
                    1.0
                ]
            ],
            "size": [
                0.09126,
                0.11887,
                0.10009
            ]
        },
        "distance": 0.07921124505477517
    }
]