[
    {
        "case": 0,
        "collider1": {
            "type": "Box",
            "collider2origin": [
                [
                    0.8404842512412337,
                    -0.5418359746412772,
                    0.0,
                    0.011439976095501792
                ],
                [
                    0.5418359746412771,
                    0.8404842512412338,
                    0.0,
                    1.4325762997644957
                ],
                [
                    0.0,
                    0.0,
                    1.0,
                    -0.21500000000000008
                ],
                [
                    0.0,
                    0.0,
                    0.0,
                    1.0
                ]
            ],
            "size": [
                0.2,
                0.3,
                0.22
            ]
        },
        "collider2": {
            "type": "Box",
            "collider2origin": [
                [
                    0.45497534917367644,
                    -0.7997347418201358,
                    0.39169091688494906,
                    0.27786369411405104
                ],
                [
                    0.6060745945662515,
                    0.6003535147936502,
                    0.5217750886121956,
                    1.0612429633158107
                ],
                [
                    -0.6524346844440794,
                    -8.894851308285664e-07,
                    0.7578449594300692,
                    0.12469463621575994
                ],
                [
                    0.0,
                    0.0,
                    0.0,
                    1.0
                ]
            ],
            "size": [
                0.15068,
                0.17726,
                0.74884
            ]
        },
        "distance": 0.2466754166237419
    },
    {
        "case": 1,
        "collider1": {
            "type": "Box",
            "collider2origin": [
                [
                    0.9081427509232697,
                    -0.4186606548811531,
                    0.0,
                    -0.09474126814702305
                ],
                [
                    0.41866065488115317,
                    0.9081427509232698,
                    0.0,
                    1.368923948110301
                ],
                [
                    0.0,
                    0.0,
                    1.0,
                    -0.21500000000000008
                ],
                [
                    0.0,
                    0.0,
                    0.0,
                    1.0
                ]
            ],
            "size": [
                0.2,
                0.3,
                0.22
            ]
        },
        "collider2": {
            "type": "Box",
            "collider2origin": [
                [
                    0.45497534917367644,
                    -0.7997347418201358,
                    0.39169091688494906,
                    0.27786369411405104
                ],
                [
                    0.6060745945662515,
                    0.6003535147936502,
                    0.5217750886121956,
                    1.0612429633158107
                ],
                [
                    -0.6524346844440794,
                    -8.894851308285664e-07,
                    0.7578449594300692,
                    0.12469463621575994
                ],
                [
                    0.0,
                    0.0,
                    0.0,
                    1.0
                ]
            ],
            "size": [
                0.15068,
                0.17726,
                0.74884
            ]
        },
        "distance": 0.23852803476776147
    },
    {
        "case": 2,
        "collider1": {
            "type": "Box",
            "collider2origin": [
                [
                    0.8404842512412337,
                    -0.5418359746412772,
                    0.0,
                    0.011439976095501792
                ],
                [
                    0.5418359746412771,
                    0.8404842512412338,
                    0.0,
                    1.4325762997644957
                ],
                [
                    0.0,
                    0.0,
                    1.0,
                    -0.21500000000000008
                ],
                [
                    0.0,
                    0.0,
                    0.0,
                    1.0
                ]
            ],
            "size": [
                0.2,
                0.3,
                0.22
            ]
        },
        "collider2": {
            "type": "Box",
            "collider2origin": [
                [
                    0.45497534917367644,
                    -0.7997347418201358,
                    0.39169091688494906,
                    0.27786369411405104
                ],
                [
                    0.6060745945662515,
                    0.6003535147936502,
                    0.5217750886121956,
                    1.0612429633158107
                ],
                [
                    -0.6524346844440794,
                    -8.894851308285664e-07,
                    0.7578449594300692,
                    0.12469463621575994
                ],
                [
                    0.0,
                    0.0,
                    0.0,
                    1.0
                ]
            ],
            "size": [
                0.15068,
                0.17726,
                0.74884
            ]
        },
        "distance": 0.2466754166237419
    },
    {
        "case": 3,
        "collider1": {
            "type": "Box",
            "collider2origin": [
                [
                    0.9081427509232697,
                    -0.4186606548811531,
                    0.0,
                    -0.09474126814702305
                ],
                [
                    0.41866065488115317,
                    0.9081427509232698,
                    0.0,
                    1.368923948110301
                ],
                [
                    0.0,
                    0.0,
                    1.0,
                    -0.21500000000000008
                ],
                [
                    0.0,
                    0.0,
                    0.0,
                    1.0
                ]
            ],
            "size": [
                0.2,
                0.3,
                0.22
            ]
        },
        "collider2": {
            "type": "Box",
            "collider2origin": [
                [
                    0.45497534917367644,
                    -0.7997347418201358,
                    0.39169091688494906,
                    0.27786369411405104
                ],
                [
                    0.6060745945662515,
                    0.6003535147936502,
                    0.5217750886121956,
                    1.0612429633158107
                ],
                [
                    -0.6524346844440794,
                    -8.894851308285664e-07,
                    0.7578449594300692,
                    0.12469463621575994
                ],
                [
                    0.0,
                    0.0,
                    0.0,
                    1.0
                ]
            ],
            "size": [
                0.15068,
                0.17726,
                0.74884
            ]
        },
        "distance": 0.23852803476776147
    }
]