[
    {
        "case": 0,
        "collider1": {
            "type": "Box",
            "collider2origin": [
                [
                    0.9077781725128689,
                    0.4194505805326724,
                    0.0,
                    0.4158817547107895
                ],
                [
                    -0.4194505805326724,
                    0.9077781725128689,
                    0.0,
                    0.733173894971941
                ],
                [
                    0.0,
                    0.0,
                    1.0,
                    -0.6599999999999999
                ],
                [
                    0.0,
                    0.0,
                    0.0,
                    1.0
                ]
            ],
            "size": [
                0.6,
                1.0,
                0.8
            ]
        },
        "collider2": {
            "type": "Box",
            "collider2origin": [
                [
                    0.5924535161656737,
                    0.7927224037603949,
                    -0.1434922358849822,
                    0.3952607752030993
                ],
                [
                    0.770449691323957,
                    -0.6095828003838999,
                    -0.18659068201531934,
                    0.6375550629793045
                ],
                [
                    -0.23538501295058997,
                    -7.243201241889601e-06,
                    -0.9719022047643406,
                    -0.39421886670342077
                ],
                [
                    0.0,
                    0.0,
                    0.0,
                    1.0
                ]
            ],
            "size": [
                0.15068,
                0.17726,
                0.74884
            ]
        },
        "distance": 0.0
    },
    {
        "case": 1,
        "collider1": {
            "type": "Box",
            "collider2origin": [
                [
                    0.9077781725128689,
                    0.4194505805326724,
                    0.0,
                    0.27063700059322826
                ],
                [
                    -0.4194505805326724,
                    0.9077781725128689,
                    0.0,
                    0.8002854543438492
                ],
                [
                    0.0,
                    0.0,
                    1.0,
                    -0.25
                ],
                [
                    0.0,
                    0.0,
                    0.0,
                    1.0
                ]
            ],
            "size": [
                0.2,
                0.2,
                0.02
            ]
        },
        "collider2": {
            "type": "Box",
            "collider2origin": [
                [
                    0.5924535161656737,
                    0.7927224037603949,
                    -0.1434922358849822,
                    0.3952607752030993
                ],
                [
                    0.770449691323957,
                    -0.6095828003838999,
                    -0.18659068201531934,
                    0.6375550629793045
                ],
                [
                    -0.23538501295058997,
                    -7.243201241889601e-06,
                    -0.9719022047643406,
                    -0.39421886670342077
                ],
                [
                    0.0,
                    0.0,
                    0.0,
                    1.0
                ]
            ],
            "size": [
                0.15068,
                0.17726,
                0.74884
            ]
        },
        "distance": 0.0
    },
    {
        "case": 2,
        "collider1": {
            "type": "Box",
            "collider2origin": [
                [
                    0.907778172512869,
                    0.4194505805326725,
                    0.0,
                    0.9947946797881562
                ],
                [
                    -0.4194505805326725,
                    0.907778172512869,
                    0.0,
                    0.5317739604993647
                ],
                [
                    0.0,
                    0.0,
                    1.0,
                    -0.69
                ],
                [
                    0.0,
                    0.0,
                    0.0,
                    1.0
                ]
            ],
            "size": [
                0.6,
                1.2,
                0.75
            ]
        },
        "collider2": {
            "type": "Box",
            "collider2origin": [
                [
                    0.5924535161656737,
                    0.7927224037603949,
                    -0.1434922358849822,
                    0.3952607752030993
                ],
                [
                    0.770449691323957,
                    -0.6095828003838999,
                    -0.18659068201531934,
                    0.6375550629793045
                ],
                [
                    -0.23538501295058997,
                    -7.243201241889601e-06,
                    -0.9719022047643406,
                    -0.39421886670342077
                ],
                [
                    0.0,
                    0.0,
                    0.0,
                    1.0
                ]
            ],
            "size": [
                0.15068,
                0.17726,
                0.74884
            ]
        },
        "distance": 0.18055571118137273
    },
    {
        "case": 3,
        "collider1": {
            "type": "Box",
            "collider2origin": [
                [
                    0.9077781725128689,
                    0.4194505805326724,
                    0.0,
                    0.4158817547107895
                ],
                [
                    -0.4194505805326724,
                    0.9077781725128689,
                    0.0,
                    0.733173894971941
                ],
                [
                    0.0,
                    0.0,
                    1.0,
                    -0.6599999999999999
                ],
                [
                    0.0,
                    0.0,
                    0.0,
                    1.0
                ]
            ],
            "size": [
                0.6,
                1.0,
                0.8
            ]
        },
        "collider2": {
            "type": "Box",
            "collider2origin": [
                [
                    0.5924535161656737,
                    0.7927224037603949,
                    -0.1434922358849822,
                    0.3952607752030993
                ],
                [
                    0.770449691323957,
                    -0.6095828003838999,
                    -0.18659068201531934,
                    0.6375550629793045
                ],
                [
                    -0.23538501295058997,
                    -7.243201241889601e-06,
                    -0.9719022047643406,
                    -0.39421886670342077
                ],
                [
                    0.0,
                    0.0,
                    0.0,
                    1.0
                ]
            ],
            "size": [
                0.15068,
                0.17726,
                0.74884
            ]
        },
        "distance": 0.0
    },
    {
        "case": 4,
        "collider1": {
            "type": "Box",
            "collider2origin": [
                [
                    0.9077781725128689,
                    0.4194505805326724,
                    0.0,
                    0.27063700059322826
                ],
                [
                    -0.4194505805326724,
                    0.9077781725128689,
                    0.0,
                    0.8002854543438492
                ],
                [
                    0.0,
                    0.0,
                    1.0,
                    -0.25
                ],
                [
                    0.0,
                    0.0,
                    0.0,
                    1.0
                ]
            ],
            "size": [
                0.2,
                0.2,
                0.02
            ]
        },
        "collider2": {
            "type": "Box",
            "collider2origin": [
                [
                    0.5924535161656737,
                    0.7927224037603949,
                    -0.1434922358849822,
                    0.3952607752030993
                ],
                [
                    0.770449691323957,
                    -0.6095828003838999,
                    -0.18659068201531934,
                    0.6375550629793045
                ],
                [
                    -0.23538501295058997,
                    -7.243201241889601e-06,
                    -0.9719022047643406,
                    -0.39421886670342077
                ],
                [
                    0.0,
                    0.0,
                    0.0,
                    1.0
                ]
            ],
            "size": [
                0.15068,
                0.17726,
                0.74884
            ]
        },
        "distance": 0.0
    },
    {
        "case": 5,
        "collider1": {
            "type": "Box",
            "collider2origin": [
                [
                    0.907778172512869,
                    0.4194505805326725,
                    0.0,
                    0.9947946797881562
                ],
                [
                    -0.4194505805326725,
                    0.907778172512869,
                    0.0,
                    0.5317739604993647
                ],
                [
                    0.0,
                    0.0,
                    1.0,
                    -0.69
                ],
                [
                    0.0,
                    0.0,
                    0.0,
                    1.0
                ]
            ],
            "size": [
                0.6,
                1.2,
                0.75
            ]
        },
        "collider2": {
            "type": "Box",
            "collider2origin": [
                [
                    0.5924535161656737,
                    0.7927224037603949,
                    -0.1434922358849822,
                    0.3952607752030993
                ],
                [
                    0.770449691323957,
                    -0.6095828003838999,
                    -0.18659068201531934,
                    0.6375550629793045
                ],
                [
                    -0.23538501295058997,
                    -7.243201241889601e-06,
                    -0.9719022047643406,
                    -0.39421886670342077
                ],
                [
                    0.0,
                    0.0,
                    0.0,
                    1.0
                ]
            ],
            "size": [
                0.15068,
                0.17726,
                0.74884
            ]
        },
        "distance": 0.18055571118137273
    },
    {
        "case": 6,
        "collider1": {
            "type": "Box",
            "collider2origin": [
                [
                    0.9077781725128689,
                    0.4194505805326724,
                    0.0,
                    0.4158817547107895
                ],
                [
                    -0.4194505805326724,
                    0.9077781725128689,
                    0.0,
                    0.733173894971941
                ],
                [
                    0.0,
                    0.0,
                    1.0,
                    -0.6599999999999999
                ],
                [
                    0.0,
                    0.0,
                    0.0,
                    1.0
                ]
            ],
            "size": [
                0.6,
                1.0,
                0.8
            ]
        },
        "collider2": {
            "type": "Box",
            "collider2origin": [
                [
                    0.29993825236564026,
                    0.7927248801438367,
                    0.530682870619342,
                    0.09804571929013728
                ],
                [
                    0.3900454538171403,
                    -0.6095795800147044,
                    0.6901284515115124,
                    0.27496805008238223
                ],
                [
                    0.8705754354014514,
                    -5.480550464505338e-06,
                    -0.4920349695352321,
                    -1.1107646200464083
                ],
                [
                    0.0,
                    0.0,
                    0.0,
                    1.0
                ]
            ],
            "size": [
                0.09102,
                0.10007,
                0.11882
            ]
        },
        "distance": 0.01785308997387684
    },
    {
        "case": 7,
        "collider1": {
            "type": "Box",
            "collider2origin": [
                [
                    0.9077781725128689,
                    0.4194505805326724,
                    0.0,
                    0.4158817547107895
                ],
                [
                    -0.4194505805326724,
                    0.9077781725128689,
                    0.0,
                    0.733173894971941
                ],
                [
                    0.0,
                    0.0,
                    1.0,
                    -0.6599999999999999
                ],
                [
                    0.0,
                    0.0,
                    0.0,
                    1.0
                ]
            ],
            "size": [
                0.6,
                1.0,
                0.8
            ]
        },
        "collider2": {
            "type": "Box",
            "collider2origin": [
                [
                    0.4386344452838241,
                    0.7927213759267699,
                    -0.4233115207023318,
                    0.13167335718536707
                ],
                [
                    0.5704204982828097,
                    -0.6095841370220133,
                    -0.5504794592261535,
                    0.5020361008119072
                ],
                [
                    -0.6944208223759876,
                    -6.3163300747213955e-06,
                    -0.719569122052052,
                    -0.8992169475866213
                ],
                [
                    0.0,
                    0.0,
                    0.0,
                    1.0
                ]
            ],
            "size": [
                0.1202,
                0.13634,
                0.67816
            ]
        },
        "distance": 0.0
    }
]