[
    {
        "case": 0,
        "collider1": {
            "type": "Box",
            "collider2origin": [
                [
                    0.9077781725128689,
                    0.4194505805326724,
                    0.0,
                    0.4158817547107895
                ],
                [
                    -0.4194505805326724,
                    0.9077781725128689,
                    0.0,
                    0.733173894971941
                ],
                [
                    0.0,
                    0.0,
                    1.0,
                    -0.6599999999999999
                ],
                [
                    0.0,
                    0.0,
                    0.0,
                    1.0
                ]
            ],
            "size": [
                0.6,
                1.0,
                0.8
            ]
        },
        "collider2": {
            "type": "Box",
            "collider2origin": [
                [
                    0.4841989462604067,
                    0.8749162883270695,
                    -0.008536325924885142,
                    0.4251706275868416
                ],
                [
                    0.8747806211425353,
                    -0.4842741871770812,
                    -0.015407027859306721,
                    0.9266163177137936
                ],
                [
                    -0.017613781927568815,
                    -7.345840365107532e-06,
                    -0.999844865282733,
                    -0.9690709648172067
                ],
                [
                    0.0,
                    0.0,
                    0.0,
                    1.0
                ]
            ],
            "size": [
                0.1202,
                0.13634,
                0.67816
            ]
        },
        "distance": 0.0
    },
    {
        "case": 1,
        "collider1": {
            "type": "Box",
            "collider2origin": [
                [
                    0.907778172512869,
                    0.4194505805326725,
                    0.0,
                    0.9947946797881562
                ],
                [
                    -0.4194505805326725,
                    0.907778172512869,
                    0.0,
                    0.5317739604993647
                ],
                [
                    0.0,
                    0.0,
                    1.0,
                    -0.69
                ],
                [
                    0.0,
                    0.0,
                    0.0,
                    1.0
                ]
            ],
            "size": [
                0.6,
                1.2,
                0.75
            ]
        },
        "collider2": {
            "type": "Box",
            "collider2origin": [
                [
                    0.4841989462604067,
                    0.8749162883270695,
                    -0.008536325924885142,
                    0.4251706275868416
                ],
                [
                    0.8747806211425353,
                    -0.4842741871770812,
                    -0.015407027859306721,
                    0.9266163177137936
                ],
                [
                    -0.017613781927568815,
                    -7.345840365107532e-06,
                    -0.999844865282733,
                    -0.9690709648172067
                ],
                [
                    0.0,
                    0.0,
                    0.0,
                    1.0
                ]
            ],
            "size": [
                0.1202,
                0.13634,
                0.67816
            ]
        },
        "distance": 0.3099185711183149
    },
    {
        "case": 2,
        "collider1": {
            "type": "Box",
            "collider2origin": [
                [
                    0.9077781725128689,
                    0.4194505805326724,
                    0.0,
                    0.4158817547107895
                ],
                [
                    -0.4194505805326724,
                    0.9077781725128689,
                    0.0,
                    0.733173894971941
                ],
                [
                    0.0,
                    0.0,
                    1.0,
                    -0.6599999999999999
                ],
                [
                    0.0,
                    0.0,
                    0.0,
                    1.0
                ]
            ],
            "size": [
                0.6,
                1.0,
                0.8
            ]
        },
        "collider2": {
            "type": "Box",
            "collider2origin": [
                [
                    0.4637220105926684,
                    0.8749168323868308,
                    0.13957948738295045,
                    0.49453265609730357
                ],
                [
                    0.8377835413599085,
                    -0.484273204249926,
                    0.25218683841937495,
                    0.7910398904224284
                ],
                [
                    0.28823711544203257,
                    -7.190515952055588e-06,
                    -0.9575590661833622,
                    -0.38996814067711394
                ],
                [
                    0.0,
                    0.0,
                    0.0,
                    1.0
                ]
            ],
            "size": [
                0.15068,
                0.17726,
                0.74884
            ]
        },
        "distance": 0.0
    },
    {
        "case": 3,
        "collider1": {
            "type": "Box",
            "collider2origin": [
                [
                    0.9077781725128689,
                    0.4194505805326724,
                    0.0,
                    0.27063700059322826
                ],
                [
                    -0.4194505805326724,
                    0.9077781725128689,
                    0.0,
                    0.8002854543438492
                ],
                [
                    0.0,
                    0.0,
                    1.0,
                    -0.25
                ],
                [
                    0.0,
                    0.0,
                    0.0,
                    1.0
                ]
            ],
            "size": [
                0.2,
                0.2,
                0.02
            ]
        },
        "collider2": {
            "type": "Box",
            "collider2origin": [
                [
                    0.4637220105926684,
                    0.8749168323868308,
                    0.13957948738295045,
                    0.49453265609730357
                ],
                [
                    0.8377835413599085,
                    -0.484273204249926,
                    0.25218683841937495,
                    0.7910398904224284
                ],
                [
                    0.28823711544203257,
                    -7.190515952055588e-06,
                    -0.9575590661833622,
                    -0.38996814067711394
                ],
                [
                    0.0,
                    0.0,
                    0.0,
                    1.0
                ]
            ],
            "size": [
                0.15068,
                0.17726,
                0.74884
            ]
        },
        "distance": 0.009735535305563096
    },
    {
        "case": 4,
        "collider1": {
            "type": "Box",
            "collider2origin": [
                [
                    0.907778172512869,
                    0.4194505805326725,
                    0.0,
                    0.9947946797881562
                ],
                [
                    -0.4194505805326725,
                    0.907778172512869,
                    0.0,
                    0.5317739604993647
                ],
                [
                    0.0,
                    0.0,
                    1.0,
                    -0.69
                ],
                [
                    0.0,
                    0.0,
                    0.0,
                    1.0
                ]
            ],
            "size": [
                0.6,
                1.2,
                0.75
            ]
        },
        "collider2": {
            "type": "Box",
            "collider2origin": [
                [
                    0.4637220105926684,
                    0.8749168323868308,
                    0.13957948738295045,
                    0.49453265609730357
                ],
                [
                    0.8377835413599085,
                    -0.484273204249926,
                    0.25218683841937495,
                    0.7910398904224284
                ],
                [
                    0.28823711544203257,
                    -7.190515952055588e-06,
                    -0.9575590661833622,
                    -0.38996814067711394
                ],
                [
                    0.0,
                    0.0,
                    0.0,
                    1.0
                ]
            ],
            "size": [
                0.15068,
                0.17726,
                0.74884
            ]
        },
        "distance": 0.16140491618509778
    },
    {
        "case": 5,
        "collider1": {
            "type": "Box",
            "collider2origin": [
                [
                    0.9077781725128689,
                    0.4194505805326724,
                    0.0,
                    0.4158817547107895
                ],
                [
                    -0.4194505805326724,
                    0.9077781725128689,
                    0.0,
                    0.733173894971941
                ],
                [
                    0.0,
                    0.0,
                    1.0,
                    -0.6599999999999999
                ],
                [
                    0.0,
                    0.0,
                    0.0,
                    1.0
                ]
            ],
            "size": [
                0.6,
                1.0,
                0.8
            ]
        },
        "collider2": {
            "type": "Box",
            "collider2origin": [
                [
                    0.4637220105926684,
                    0.8749168323868308,
                    0.13957948738295045,
                    0.49453265609730357
                ],
                [
                    0.8377835413599085,
                    -0.484273204249926,
                    0.25218683841937495,
                    0.7910398904224284
                ],
                [
                    0.28823711544203257,
                    -7.190515952055588e-06,
                    -0.9575590661833622,
                    -0.38996814067711394
                ],
                [
                    0.0,
                    0.0,
                    0.0,
                    1.0
                ]
            ],
            "size": [
                0.15068,
                0.17726,
                0.74884
            ]
        },
        "distance": 0.0
    },
    {
        "case": 6,
        "collider1": {
            "type": "Box",
            "collider2origin": [
                [
                    0.9077781725128689,
                    0.4194505805326724,
                    0.0,
                    0.27063700059322826
                ],
                [
                    -0.4194505805326724,
                    0.9077781725128689,
                    0.0,
                    0.8002854543438492
                ],
                [
                    0.0,
                    0.0,
                    1.0,
                    -0.25
                ],
                [
                    0.0,
                    0.0,
                    0.0,
                    1.0
                ]
            ],
            "size": [
                0.2,
                0.2,
                0.02
            ]
        },
        "collider2": {
            "type": "Box",
            "collider2origin": [
                [
                    0.4637220105926684,
                    0.8749168323868308,
                    0.13957948738295045,
                    0.49453265609730357
                ],
                [
                    0.8377835413599085,
                    -0.484273204249926,
                    0.25218683841937495,
                    0.7910398904224284
                ],
                [
                    0.28823711544203257,
                    -7.190515952055588e-06,
                    -0.9575590661833622,
                    -0.38996814067711394
                ],
                [
                    0.0,
                    0.0,
                    0.0,
                    1.0
                ]
            ],
            "size": [
                0.15068,
                0.17726,
                0.74884
            ]
        },
        "distance": 0.009735535305563096
    },
    {
        "case": 7,
        "collider1": {
            "type": "Box",
            "collider2origin": [
                [
                    0.907778172512869,
                    0.4194505805326725,
                    0.0,
                    0.9947946797881562
                ],
                [
                    -0.4194505805326725,
                    0.907778172512869,
                    0.0,
                    0.5317739604993647
                ],
                [
                    0.0,
                    0.0,
                    1.0,
                    -0.69
                ],
                [
                    0.0,
                    0.0,
                    0.0,
                    1.0
                ]
            ],
            "size": [
                0.6,
                1.2,
                0.75
            ]
        },
        "collider2": {
            "type": "Box",
            "collider2origin": [
                [
                    0.4637220105926684,
                    0.8749168323868308,
                    0.13957948738295045,
                    0.49453265609730357
                ],
                [
                    0.8377835413599085,
                    -0.484273204249926,
                    0.25218683841937495,
                    0.7910398904224284
                ],
                [
                    0.28823711544203257,
                    -7.190515952055588e-06,
                    -0.9575590661833622,
                    -0.38996814067711394
                ],
                [
                    0.0,
                    0.0,
                    0.0,
                    1.0
                ]
            ],
            "size": [
                0.15068,
                0.17726,
                0.74884
            ]
        },
        "distance": 0.16140491618509778
    }
]