[
    {
        "case": 0,
        "collider1": {
            "type": "Box",
            "collider2origin": [
                [
                    0.9077781725128689,
                    0.4194505805326724,
                    0.0,
                    0.4158817547107895
                ],
                [
                    -0.4194505805326724,
                    0.9077781725128689,
                    0.0,
                    0.733173894971941
                ],
                [
                    0.0,
                    0.0,
                    1.0,
                    -0.6599999999999999
                ],
                [
                    0.0,
                    0.0,
                    0.0,
                    1.0
                ]
            ],
            "size": [
                0.6,
                1.0,
                0.8
            ]
        },
        "collider2": {
            "type": "Box",
            "collider2origin": [
                [
                    0.8011834086387707,
                    0.510068416953635,
                    0.3129462505740776,
                    0.30377286098063677
                ],
                [
                    0.47510719395012924,
                    -0.8601338325958807,
                    0.18558810382337496,
                    0.7462032656771269
                ],
                [
                    0.3638382882254078,
                    -7.094656553568176e-06,
                    -0.9314621301861234,
                    -0.9627559294468098
                ],
                [
                    0.0,
                    0.0,
                    0.0,
                    1.0
                ]
            ],
            "size": [
                0.1202,
                0.13634,
                0.67816
            ]
        },
        "distance": 0.0
    },
    {
        "case": 1,
        "collider1": {
            "type": "Box",
            "collider2origin": [
                [
                    0.907778172512869,
                    0.4194505805326725,
                    0.0,
                    0.9947946797881562
                ],
                [
                    -0.4194505805326725,
                    0.907778172512869,
                    0.0,
                    0.5317739604993647
                ],
                [
                    0.0,
                    0.0,
                    1.0,
                    -0.69
                ],
                [
                    0.0,
                    0.0,
                    0.0,
                    1.0
                ]
            ],
            "size": [
                0.6,
                1.2,
                0.75
            ]
        },
        "collider2": {
            "type": "Box",
            "collider2origin": [
                [
                    0.8011834086387707,
                    0.510068416953635,
                    0.3129462505740776,
                    0.30377286098063677
                ],
                [
                    0.47510719395012924,
                    -0.8601338325958807,
                    0.18558810382337496,
                    0.7462032656771269
                ],
                [
                    0.3638382882254078,
                    -7.094656553568176e-06,
                    -0.9314621301861234,
                    -0.9627559294468098
                ],
                [
                    0.0,
                    0.0,
                    0.0,
                    1.0
                ]
            ],
            "size": [
                0.1202,
                0.13634,
                0.67816
            ]
        },
        "distance": 0.29472608034532405
    },
    {
        "case": 2,
        "collider1": {
            "type": "Box",
            "collider2origin": [
                [
                    0.9077781725128689,
                    0.4194505805326724,
                    0.0,
                    0.4158817547107895
                ],
                [
                    -0.4194505805326724,
                    0.9077781725128689,
                    0.0,
                    0.733173894971941
                ],
                [
                    0.0,
                    0.0,
                    1.0,
                    -0.6599999999999999
                ],
                [
                    0.0,
                    0.0,
                    0.0,
                    1.0
                ]
            ],
            "size": [
                0.6,
                1.0,
                0.8
            ]
        },
        "collider2": {
            "type": "Box",
            "collider2origin": [
                [
                    0.8416630600707009,
                    0.5100666161780838,
                    -0.17730014205595912,
                    0.33575974028021316
                ],
                [
                    0.49911441427051056,
                    -0.8601349004707474,
                    -0.10513208101993807,
                    0.6182853422611815
                ],
                [
                    -0.2061264048583517,
                    -7.2675294964322855e-06,
                    -0.9785253727764823,
                    -0.39620851203662855
                ],
                [
                    0.0,
                    0.0,
                    0.0,
                    1.0
                ]
            ],
            "size": [
                0.15068,
                0.17726,
                0.74884
            ]
        },
        "distance": 0.0
    },
    {
        "case": 3,
        "collider1": {
            "type": "Box",
            "collider2origin": [
                [
                    0.9077781725128689,
                    0.4194505805326724,
                    0.0,
                    0.27063700059322826
                ],
                [
                    -0.4194505805326724,
                    0.9077781725128689,
                    0.0,
                    0.8002854543438492
                ],
                [
                    0.0,
                    0.0,
                    1.0,
                    -0.25
                ],
                [
                    0.0,
                    0.0,
                    0.0,
                    1.0
                ]
            ],
            "size": [
                0.2,
                0.2,
                0.02
            ]
        },
        "collider2": {
            "type": "Box",
            "collider2origin": [
                [
                    0.8416630600707009,
                    0.5100666161780838,
                    -0.17730014205595912,
                    0.33575974028021316
                ],
                [
                    0.49911441427051056,
                    -0.8601349004707474,
                    -0.10513208101993807,
                    0.6182853422611815
                ],
                [
                    -0.2061264048583517,
                    -7.2675294964322855e-06,
                    -0.9785253727764823,
                    -0.39620851203662855
                ],
                [
                    0.0,
                    0.0,
                    0.0,
                    1.0
                ]
            ],
            "size": [
                0.15068,
                0.17726,
                0.74884
            ]
        },
        "distance": 0.0
    },
    {
        "case": 4,
        "collider1": {
            "type": "Box",
            "collider2origin": [
                [
                    0.907778172512869,
                    0.4194505805326725,
                    0.0,
                    0.9947946797881562
                ],
                [
                    -0.4194505805326725,
                    0.907778172512869,
                    0.0,
                    0.5317739604993647
                ],
                [
                    0.0,
                    0.0,
                    1.0,
                    -0.69
                ],
                [
                    0.0,
                    0.0,
                    0.0,
                    1.0
                ]
            ],
            "size": [
                0.6,
                1.2,
                0.75
            ]
        },
        "collider2": {
            "type": "Box",
            "collider2origin": [
                [
                    0.8416630600707009,
                    0.5100666161780838,
                    -0.17730014205595912,
                    0.33575974028021316
                ],
                [
                    0.49911441427051056,
                    -0.8601349004707474,
                    -0.10513208101993807,
                    0.6182853422611815
                ],
                [
                    -0.2061264048583517,
                    -7.2675294964322855e-06,
                    -0.9785253727764823,
                    -0.39620851203662855
                ],
                [
                    0.0,
                    0.0,
                    0.0,
                    1.0
                ]
            ],
            "size": [
                0.15068,
                0.17726,
                0.74884
            ]
        },
        "distance": 0.2067192192031397
    },
    {
        "case": 5,
        "collider1": {
            "type": "Box",
            "collider2origin": [
                [
                    0.9077781725128689,
                    0.4194505805326724,
                    0.0,
                    0.4158817547107895
                ],
                [
                    -0.4194505805326724,
                    0.9077781725128689,
                    0.0,
                    0.733173894971941
                ],
                [
                    0.0,
                    0.0,
                    1.0,
                    -0.6599999999999999
                ],
                [
                    0.0,
                    0.0,
                    0.0,
                    1.0
                ]
            ],
            "size": [
                0.6,
                1.0,
                0.8
            ]
        },
        "collider2": {
            "type": "Box",
            "collider2origin": [
                [
                    0.8416630600707009,
                    0.5100666161780838,
                    -0.17730014205595912,
                    0.33575974028021316
                ],
                [
                    0.49911441427051056,
                    -0.8601349004707474,
                    -0.10513208101993807,
                    0.6182853422611815
                ],
                [
                    -0.2061264048583517,
                    -7.2675294964322855e-06,
                    -0.9785253727764823,
                    -0.39620851203662855
                ],
                [
                    0.0,
                    0.0,
                    0.0,
                    1.0
                ]
            ],
            "size": [
                0.15068,
                0.17726,
                0.74884
            ]
        },
        "distance": 0.0
    },
    {
        "case": 6,
        "collider1": {
            "type": "Box",
            "collider2origin": [
                [
                    0.9077781725128689,
                    0.4194505805326724,
                    0.0,
                    0.27063700059322826
                ],
                [
                    -0.4194505805326724,
                    0.9077781725128689,
                    0.0,
                    0.8002854543438492
                ],
                [
                    0.0,
                    0.0,
                    1.0,
                    -0.25
                ],
                [
                    0.0,
                    0.0,
                    0.0,
                    1.0
                ]
            ],
            "size": [
                0.2,
                0.2,
                0.02
            ]
        },
        "collider2": {
            "type": "Box",
            "collider2origin": [
                [
                    0.8416630600707009,
                    0.5100666161780838,
                    -0.17730014205595912,
                    0.33575974028021316
                ],
                [
                    0.49911441427051056,
                    -0.8601349004707474,
                    -0.10513208101993807,
                    0.6182853422611815
                ],
                [
                    -0.2061264048583517,
                    -7.2675294964322855e-06,
                    -0.9785253727764823,
                    -0.39620851203662855
                ],
                [
                    0.0,
                    0.0,
                    0.0,
                    1.0
                ]
            ],
            "size": [
                0.15068,
                0.17726,
                0.74884
            ]
        },
        "distance": 0.0
    },
    {
        "case": 7,
        "collider1": {
            "type": "Box",
            "collider2origin": [
                [
                    0.907778172512869,
                    0.4194505805326725,
                    0.0,
                    0.9947946797881562
                ],
                [
                    -0.4194505805326725,
                    0.907778172512869,
                    0.0,
                    0.5317739604993647
                ],
                [
                    0.0,
                    0.0,
                    1.0,
                    -0.69
                ],
                [
                    0.0,
                    0.0,
                    0.0,
                    1.0
                ]
            ],
            "size": [
                0.6,
                1.2,
                0.75
            ]
        },
        "collider2": {
            "type": "Box",
            "collider2origin": [
                [
                    0.8416630600707009,
                    0.5100666161780838,
                    -0.17730014205595912,
                    0.33575974028021316
                ],
                [
                    0.49911441427051056,
                    -0.8601349004707474,
                    -0.10513208101993807,
                    0.6182853422611815
                ],
                [
                    -0.2061264048583517,
                    -7.2675294964322855e-06,
                    -0.9785253727764823,
                    -0.39620851203662855
                ],
                [
                    0.0,
                    0.0,
                    0.0,
                    1.0
                ]
            ],
            "size": [
                0.15068,
                0.17726,
                0.74884
            ]
        },
        "distance": 0.2067192192031397
    }
]