[
    {
        "case": 0,
        "collider1": {
            "type": "Box",
            "collider2origin": [
                [
                    0.9077781725128689,
                    0.4194505805326724,
                    0.0,
                    0.4158817547107895
                ],
                [
                    -0.4194505805326724,
                    0.9077781725128689,
                    0.0,
                    0.733173894971941
                ],
                [
                    0.0,
                    0.0,
                    1.0,
                    -0.6599999999999999
                ],
                [
                    0.0,
                    0.0,
                    0.0,
                    1.0
                ]
            ],
            "size": [
                0.6,
                1.0,
                0.8
            ]
        },
        "collider2": {
            "type": "Box",
            "collider2origin": [
                [
                    -0.7659148589494296,
                    -0.5840174636298137,
                    0.2688829318046698,
                    0.27879733672447393
                ],
                [
                    -0.551050109248985,
                    0.8117410930367105,
                    0.19344295017458868,
                    0.9997636404450698
                ],
                [
                    -0.33123738608006964,
                    -7.139048419011926e-06,
                    -0.9435474519131916,
                    -0.38570381185799874
                ],
                [
                    0.0,
                    0.0,
                    0.0,
                    1.0
                ]
            ],
            "size": [
                0.15068,
                0.17726,
                0.74884
            ]
        },
        "distance": 0.0
    },
    {
        "case": 1,
        "collider1": {
            "type": "Box",
            "collider2origin": [
                [
                    0.9077781725128689,
                    0.4194505805326724,
                    0.0,
                    0.27063700059322826
                ],
                [
                    -0.4194505805326724,
                    0.9077781725128689,
                    0.0,
                    0.8002854543438492
                ],
                [
                    0.0,
                    0.0,
                    1.0,
                    -0.25
                ],
                [
                    0.0,
                    0.0,
                    0.0,
                    1.0
                ]
            ],
            "size": [
                0.2,
                0.2,
                0.02
            ]
        },
        "collider2": {
            "type": "Box",
            "collider2origin": [
                [
                    -0.7659148589494296,
                    -0.5840174636298137,
                    0.2688829318046698,
                    0.27879733672447393
                ],
                [
                    -0.551050109248985,
                    0.8117410930367105,
                    0.19344295017458868,
                    0.9997636404450698
                ],
                [
                    -0.33123738608006964,
                    -7.139048419011926e-06,
                    -0.9435474519131916,
                    -0.38570381185799874
                ],
                [
                    0.0,
                    0.0,
                    0.0,
                    1.0
                ]
            ],
            "size": [
                0.15068,
                0.17726,
                0.74884
            ]
        },
        "distance": 0.0
    },
    {
        "case": 2,
        "collider1": {
            "type": "Box",
            "collider2origin": [
                [
                    0.907778172512869,
                    0.4194505805326725,
                    0.0,
                    0.9947946797881562
                ],
                [
                    -0.4194505805326725,
                    0.907778172512869,
                    0.0,
                    0.5317739604993647
                ],
                [
                    0.0,
                    0.0,
                    1.0,
                    -0.69
                ],
                [
                    0.0,
                    0.0,
                    0.0,
                    1.0
                ]
            ],
            "size": [
                0.6,
                1.2,
                0.75
            ]
        },
        "collider2": {
            "type": "Box",
            "collider2origin": [
                [
                    -0.7659148589494296,
                    -0.5840174636298137,
                    0.2688829318046698,
                    0.27879733672447393
                ],
                [
                    -0.551050109248985,
                    0.8117410930367105,
                    0.19344295017458868,
                    0.9997636404450698
                ],
                [
                    -0.33123738608006964,
                    -7.139048419011926e-06,
                    -0.9435474519131916,
                    -0.38570381185799874
                ],
                [
                    0.0,
                    0.0,
                    0.0,
                    1.0
                ]
            ],
            "size": [
                0.15068,
                0.17726,
                0.74884
            ]
        },
        "distance": 0.3731213128626047
    },
    {
        "case": 3,
        "collider1": {
            "type": "Box",
            "collider2origin": [
                [
                    0.9077781725128689,
                    0.4194505805326724,
                    0.0,
                    0.4158817547107895
                ],
                [
                    -0.4194505805326724,
                    0.9077781725128689,
                    0.0,
                    0.733173894971941
                ],
                [
                    0.0,
                    0.0,
                    1.0,
                    -0.6599999999999999
                ],
                [
                    0.0,
                    0.0,
                    0.0,
                    1.0
                ]
            ],
            "size": [
                0.6,
                1.0,
                0.8
            ]
        },
        "collider2": {
            "type": "Box",
            "collider2origin": [
                [
                    -0.7659148589494296,
                    -0.5840174636298137,
                    0.2688829318046698,
                    0.27879733672447393
                ],
                [
                    -0.551050109248985,
                    0.8117410930367105,
                    0.19344295017458868,
                    0.9997636404450698
                ],
                [
                    -0.33123738608006964,
                    -7.139048419011926e-06,
                    -0.9435474519131916,
                    -0.38570381185799874
                ],
                [
                    0.0,
                    0.0,
                    0.0,
                    1.0
                ]
            ],
            "size": [
                0.15068,
                0.17726,
                0.74884
            ]
        },
        "distance": 0.0
    },
    {
        "case": 4,
        "collider1": {
            "type": "Box",
            "collider2origin": [
                [
                    0.9077781725128689,
                    0.4194505805326724,
                    0.0,
                    0.27063700059322826
                ],
                [
                    -0.4194505805326724,
                    0.9077781725128689,
                    0.0,
                    0.8002854543438492
                ],
                [
                    0.0,
                    0.0,
                    1.0,
                    -0.25
                ],
                [
                    0.0,
                    0.0,
                    0.0,
                    1.0
                ]
            ],
            "size": [
                0.2,
                0.2,
                0.02
            ]
        },
        "collider2": {
            "type": "Box",
            "collider2origin": [
                [
                    -0.7659148589494296,
                    -0.5840174636298137,
                    0.2688829318046698,
                    0.27879733672447393
                ],
                [
                    -0.551050109248985,
                    0.8117410930367105,
                    0.19344295017458868,
                    0.9997636404450698
                ],
                [
                    -0.33123738608006964,
                    -7.139048419011926e-06,
                    -0.9435474519131916,
                    -0.38570381185799874
                ],
                [
                    0.0,
                    0.0,
                    0.0,
                    1.0
                ]
            ],
            "size": [
                0.15068,
                0.17726,
                0.74884
            ]
        },
        "distance": 0.0
    },
    {
        "case": 5,
        "collider1": {
            "type": "Box",
            "collider2origin": [
                [
                    0.907778172512869,
                    0.4194505805326725,
                    0.0,
                    0.9947946797881562
                ],
                [
                    -0.4194505805326725,
                    0.907778172512869,
                    0.0,
                    0.5317739604993647
                ],
                [
                    0.0,
                    0.0,
                    1.0,
                    -0.69
                ],
                [
                    0.0,
                    0.0,
                    0.0,
                    1.0
                ]
            ],
            "size": [
                0.6,
                1.2,
                0.75
            ]
        },
        "collider2": {
            "type": "Box",
            "collider2origin": [
                [
                    -0.7659148589494296,
                    -0.5840174636298137,
                    0.2688829318046698,
                    0.27879733672447393
                ],
                [
                    -0.551050109248985,
                    0.8117410930367105,
                    0.19344295017458868,
                    0.9997636404450698
                ],
                [
                    -0.33123738608006964,
                    -7.139048419011926e-06,
                    -0.9435474519131916,
                    -0.38570381185799874
                ],
                [
                    0.0,
                    0.0,
                    0.0,
                    1.0
                ]
            ],
            "size": [
                0.15068,
                0.17726,
                0.74884
            ]
        },
        "distance": 0.3731213128626047
    },
    {
        "case": 6,
        "collider1": {
            "type": "Box",
            "collider2origin": [
                [
                    0.9077781725128689,
                    0.4194505805326724,
                    0.0,
                    0.4158817547107895
                ],
                [
                    -0.4194505805326724,
                    0.9077781725128689,
                    0.0,
                    0.733173894971941
                ],
                [
                    0.0,
                    0.0,
                    1.0,
                    -0.6599999999999999
                ],
                [
                    0.0,
                    0.0,
                    0.0,
                    1.0
                ]
            ],
            "size": [
                0.6,
                1.0,
                0.8
            ]
        },
        "collider2": {
            "type": "Box",
            "collider2origin": [
                [
                    0.7510296083336635,
                    -0.5840195827086359,
                    -0.308018918930339,
                    0.34998580543937413
                ],
                [
                    0.5403409168944577,
                    0.8117395684656227,
                    -0.22160903979057633,
                    0.8953401679353254
                ],
                [
                    0.37945516327471474,
                    -2.7471854326205343e-07,
                    0.9252101269787765,
                    -0.42075846556125573
                ],
                [
                    0.0,
                    0.0,
                    0.0,
                    1.0
                ]
            ],
            "size": [
                0.1202,
                0.13634,
                0.67816
            ]
        },
        "distance": 0.0
    },
    {
        "case": 7,
        "collider1": {
            "type": "Box",
            "collider2origin": [
                [
                    0.9077781725128689,
                    0.4194505805326724,
                    0.0,
                    0.27063700059322826
                ],
                [
                    -0.4194505805326724,
                    0.9077781725128689,
                    0.0,
                    0.8002854543438492
                ],
                [
                    0.0,
                    0.0,
                    1.0,
                    -0.25
                ],
                [
                    0.0,
                    0.0,
                    0.0,
                    1.0
                ]
            ],
            "size": [
                0.2,
                0.2,
                0.02
            ]
        },
        "collider2": {
            "type": "Box",
            "collider2origin": [
                [
                    0.7510296083336635,
                    -0.5840195827086359,
                    -0.308018918930339,
                    0.34998580543937413
                ],
                [
                    0.5403409168944577,
                    0.8117395684656227,
                    -0.22160903979057633,
                    0.8953401679353254
                ],
                [
                    0.37945516327471474,
                    -2.7471854326205343e-07,
                    0.9252101269787765,
                    -0.42075846556125573
                ],
                [
                    0.0,
                    0.0,
                    0.0,
                    1.0
                ]
            ],
            "size": [
                0.1202,
                0.13634,
                0.67816
            ]
        },
        "distance": 0.0
    },
    {
        "case": 8,
        "collider1": {
            "type": "Box",
            "collider2origin": [
                [
                    0.907778172512869,
                    0.4194505805326725,
                    0.0,
                    0.9947946797881562
                ],
                [
                    -0.4194505805326725,
                    0.907778172512869,
                    0.0,
                    0.5317739604993647
                ],
                [
                    0.0,
                    0.0,
                    1.0,
                    -0.69
                ],
                [
                    0.0,
                    0.0,
                    0.0,
                    1.0
                ]
            ],
            "size": [
                0.6,
                1.2,
                0.75
            ]
        },
        "collider2": {
            "type": "Box",
            "collider2origin": [
                [
                    0.7510296083336635,
                    -0.5840195827086359,
                    -0.308018918930339,
                    0.34998580543937413
                ],
                [
                    0.5403409168944577,
                    0.8117395684656227,
                    -0.22160903979057633,
                    0.8953401679353254
                ],
                [
                    0.37945516327471474,
                    -2.7471854326205343e-07,
                    0.9252101269787765,
                    -0.42075846556125573
                ],
                [
                    0.0,
                    0.0,
                    0.0,
                    1.0
                ]
            ],
            "size": [
                0.1202,
                0.13634,
                0.67816
            ]
        },
        "distance": 0.2878445178008544
    }
]