[
    {
        "case": 0,
        "collider1": {
            "type": "Box",
            "collider2origin": [
                [
                    0.907778172512869,
                    0.4194505805326725,
                    0.0,
                    -0.7418785952877999
                ],
                [
                    -0.4194505805326725,
                    0.907778172512869,
                    0.0,
                    1.2791466490804724
                ],
                [
                    0.0,
                    0.0,
                    1.0,
                    0.27
                ],
                [
                    0.0,
                    0.0,
                    0.0,
                    1.0
                ]
            ],
            "size": [
                0.52,
                1.16,
                0.6
            ]
        },
        "collider2": {
            "type": "Box",
            "collider2origin": [
                [
                    0.5830712472845054,
                    -0.6009902671357086,
                    -0.5466613388545423,
                    -0.19107054072401863
                ],
                [
                    -0.438427299867981,
                    -0.7992563410870074,
                    0.4110605842971089,
                    0.969114058146757
                ],
                [
                    -0.6839659518722861,
                    -6.3528594005106735e-06,
                    -0.7295139317648967,
                    0.41202598936195045
                ],
                [
                    0.0,
                    0.0,
                    0.0,
                    1.0
                ]
            ],
            "size": [
                0.09102,
                0.10007,
                0.11882
            ]
        },
        "distance": 0.28734851823174296
    },
    {
        "case": 1,
        "collider1": {
            "type": "Box",
            "collider2origin": [
                [
                    0.907778172512869,
                    0.4194505805326725,
                    0.0,
                    -1.612083837096907
                ],
                [
                    -0.4194505805326725,
                    0.907778172512869,
                    0.0,
                    -0.24654756573714753
                ],
                [
                    0.0,
                    0.0,
                    1.0,
                    -0.040000000000000036
                ],
                [
                    0.0,
                    0.0,
                    0.0,
                    1.0
                ]
            ],
            "size": [
                2.0,
                2.0,
                2.0
            ]
        },
        "collider2": {
            "type": "Box",
            "collider2origin": [
                [
                    0.09869630903600003,
                    0.8315169386034355,
                    -0.5466613388545423,
                    -0.2513225154435707
                ],
                [
                    0.8967711969506356,
                    0.16380053832952873,
                    0.4110605842971089,
                    1.011193116983041
                ],
                [
                    0.4313472602235865,
                    -0.5308003056315311,
                    -0.7295139317648967,
                    0.33099187181449263
                ],
                [
                    0.0,
                    0.0,
                    0.0,
                    1.0
                ]
            ],
            "size": [
                0.09126,
                0.11887,
                0.10009
            ]
        },
        "distance": 0.6367200711881361
    },
    {
        "case": 2,
        "collider1": {
            "type": "Box",
            "collider2origin": [
                [
                    0.907778172512869,
                    0.4194505805326725,
                    0.0,
                    -0.7418785952877999
                ],
                [
                    -0.4194505805326725,
                    0.907778172512869,
                    0.0,
                    1.2791466490804724
                ],
                [
                    0.0,
                    0.0,
                    1.0,
                    0.27
                ],
                [
                    0.0,
                    0.0,
                    0.0,
                    1.0
                ]
            ],
            "size": [
                0.52,
                1.16,
                0.6
            ]
        },
        "collider2": {
            "type": "Box",
            "collider2origin": [
                [
                    0.09869630903600003,
                    0.8315169386034355,
                    -0.5466613388545423,
                    -0.2513225154435707
                ],
                [
                    0.8967711969506356,
                    0.16380053832952873,
                    0.4110605842971089,
                    1.011193116983041
                ],
                [
                    0.4313472602235865,
                    -0.5308003056315311,
                    -0.7295139317648967,
                    0.33099187181449263
                ],
                [
                    0.0,
                    0.0,
                    0.0,
                    1.0
                ]
            ],
            "size": [
                0.09126,
                0.11887,
                0.10009
            ]
        },
        "distance": 0.21039040569194217
    }
]