[
    {
        "case": 0,
        "collider1": {
            "type": "Box",
            "collider2origin": [
                [
                    0.9741881675007261,
                    0.22573748980082478,
                    0.0,
                    -0.5292040201289168
                ],
                [
                    -0.2257374898008248,
                    0.974188167500726,
                    0.0,
                    1.3318616486630257
                ],
                [
                    0.0,
                    0.0,
                    1.0,
                    -0.21500000000000008
                ],
                [
                    0.0,
                    0.0,
                    0.0,
                    1.0
                ]
            ],
            "size": [
                0.2,
                0.3,
                0.22
            ]
        },
        "collider2": {
            "type": "Cylinder",
            "collider2origin": [
                [
                    -0.6477839161770925,
                    0.7089929986267433,
                    -0.2787560328325254,
                    -0.5885567730900862
                ],
                [
                    -0.7196046319383104,
                    -0.4493323280386543,
                    0.5294049798332954,
                    1.3454594648123348
                ],
                [
                    0.2500903269524807,
                    0.5435341634870996,
                    0.801264900945486,
                    -0.24338125094630436
                ],
                [
                    0.0,
                    0.0,
                    0.0,
                    1.0
                ]
            ],
            "radius": 0.0076,
            "height": 0.02993
        },
        "distance": 0.0
    },
    {
        "case": 1,
        "collider1": {
            "type": "Box",
            "collider2origin": [
                [
                    0.907778172512869,
                    0.4194505805326725,
                    0.0,
                    -0.6717546761389399
                ],
                [
                    -0.4194505805326725,
                    0.907778172512869,
                    0.0,
                    1.384443828829999
                ],
                [
                    0.0,
                    0.0,
                    1.0,
                    -0.21500000000000008
                ],
                [
                    0.0,
                    0.0,
                    0.0,
                    1.0
                ]
            ],
            "size": [
                0.2,
                0.3,
                0.22
            ]
        },
        "collider2": {
            "type": "Cylinder",
            "collider2origin": [
                [
                    -0.6477839161770925,
                    0.7089929986267433,
                    -0.2787560328325254,
                    -0.5885567730900862
                ],
                [
                    -0.7196046319383104,
                    -0.4493323280386543,
                    0.5294049798332954,
                    1.3454594648123348
                ],
                [
                    0.2500903269524807,
                    0.5435341634870996,
                    0.801264900945486,
                    -0.24338125094630436
                ],
                [
                    0.0,
                    0.0,
                    0.0,
                    1.0
                ]
            ],
            "radius": 0.0076,
            "height": 0.02993
        },
        "distance": 0.0
    },
    {
        "case": 2,
        "collider1": {
            "type": "Box",
            "collider2origin": [
                [
                    0.9741881675007261,
                    0.22573748980082478,
                    0.0,
                    -0.5292040201289168
                ],
                [
                    -0.2257374898008248,
                    0.974188167500726,
                    0.0,
                    1.3318616486630257
                ],
                [
                    0.0,
                    0.0,
                    1.0,
                    -0.21500000000000008
                ],
                [
                    0.0,
                    0.0,
                    0.0,
                    1.0
                ]
            ],
            "size": [
                0.2,
                0.3,
                0.22
            ]
        },
        "collider2": {
            "type": "Cylinder",
            "collider2origin": [
                [
                    0.07943359051159533,
                    0.9400582611607805,
                    -0.3316334879378232,
                    -0.5508048337037865
                ],
                [
                    -0.5292921787454364,
                    0.32168829483761335,
                    0.785090077942256,
                    1.301741610270611
                ],
                [
                    0.844713024770747,
                    0.11316848760957733,
                    0.5231183414819404,
                    -0.13793214707523305
                ],
                [
                    0.0,
                    0.0,
                    0.0,
                    1.0
                ]
            ],
            "radius": 0.01271,
            "height": 0.05982
        },
        "distance": 0.0
    },
    {
        "case": 3,
        "collider1": {
            "type": "Box",
            "collider2origin": [
                [
                    0.907778172512869,
                    0.4194505805326725,
                    0.0,
                    -0.6717546761389399
                ],
                [
                    -0.4194505805326725,
                    0.907778172512869,
                    0.0,
                    1.384443828829999
                ],
                [
                    0.0,
                    0.0,
                    1.0,
                    -0.21500000000000008
                ],
                [
                    0.0,
                    0.0,
                    0.0,
                    1.0
                ]
            ],
            "size": [
                0.2,
                0.3,
                0.22
            ]
        },
        "collider2": {
            "type": "Cylinder",
            "collider2origin": [
                [
                    0.07943359051159533,
                    0.9400582611607805,
                    -0.3316334879378232,
                    -0.5508048337037865
                ],
                [
                    -0.5292921787454364,
                    0.32168829483761335,
                    0.785090077942256,
                    1.301741610270611
                ],
                [
                    0.844713024770747,
                    0.11316848760957733,
                    0.5231183414819404,
                    -0.13793214707523305
                ],
                [
                    0.0,
                    0.0,
                    0.0,
                    1.0
                ]
            ],
            "radius": 0.01271,
            "height": 0.05982
        },
        "distance": 0.015764318221120135
    },
    {
        "case": 4,
        "collider1": {
            "type": "Box",
            "collider2origin": [
                [
                    0.9741881675007261,
                    0.22573748980082478,
                    0.0,
                    -0.5292040201289168
                ],
                [
                    -0.2257374898008248,
                    0.974188167500726,
                    0.0,
                    1.3318616486630257
                ],
                [
                    0.0,
                    0.0,
                    1.0,
                    -0.21500000000000008
                ],
                [
                    0.0,
                    0.0,
                    0.0,
                    1.0
                ]
            ],
            "size": [
                0.2,
                0.3,
                0.22
            ]
        },
        "collider2": {
            "type": "Cylinder",
            "collider2origin": [
                [
                    -0.6881123294567173,
                    0.4458015479138689,
                    -0.5725053728370136,
                    -0.5511887697028572
                ],
                [
                    -0.7226050647734864,
                    -0.34935713233841326,
                    0.5964826187308273,
                    1.3500748291547038
                ],
                [
                    0.06590403943124784,
                    0.8241423262773725,
                    0.5625354065521259,
                    -0.2255324790664397
                ],
                [
                    0.0,
                    0.0,
                    0.0,
                    1.0
                ]
            ],
            "radius": 0.0076,
            "height": 0.02993
        },
        "distance": 0.0
    },
    {
        "case": 5,
        "collider1": {
            "type": "Box",
            "collider2origin": [
                [
                    0.907778172512869,
                    0.4194505805326725,
                    0.0,
                    -0.6717546761389399
                ],
                [
                    -0.4194505805326725,
                    0.907778172512869,
                    0.0,
                    1.384443828829999
                ],
                [
                    0.0,
                    0.0,
                    1.0,
                    -0.21500000000000008
                ],
                [
                    0.0,
                    0.0,
                    0.0,
                    1.0
                ]
            ],
            "size": [
                0.2,
                0.3,
                0.22
            ]
        },
        "collider2": {
            "type": "Cylinder",
            "collider2origin": [
                [
                    -0.6881123294567173,
                    0.4458015479138689,
                    -0.5725053728370136,
                    -0.5511887697028572
                ],
                [
                    -0.7226050647734864,
                    -0.34935713233841326,
                    0.5964826187308273,
                    1.3500748291547038
                ],
                [
                    0.06590403943124784,
                    0.8241423262773725,
                    0.5625354065521259,
                    -0.2255324790664397
                ],
                [
                    0.0,
                    0.0,
                    0.0,
                    1.0
                ]
            ],
            "radius": 0.0076,
            "height": 0.02993
        },
        "distance": 0.007491574427814036
    },
    {
        "case": 6,
        "collider1": {
            "type": "Box",
            "collider2origin": [
                [
                    0.9077781725128689,
                    0.4194505805326724,
                    0.0,
                    0.4158817547107895
                ],
                [
                    -0.4194505805326724,
                    0.9077781725128689,
                    0.0,
                    0.733173894971941
                ],
                [
                    0.0,
                    0.0,
                    1.0,
                    -0.6599999999999999
                ],
                [
                    0.0,
                    0.0,
                    0.0,
                    1.0
                ]
            ],
            "size": [
                0.6,
                1.0,
                0.8
            ]
        },
        "collider2": {
            "type": "Box",
            "collider2origin": [
                [
                    -0.11320887891777161,
                    0.46738104276165826,
                    -0.8767774578541617,
                    0.11858202610564297
                ],
                [
                    0.05985570490441657,
                    0.8840559715594118,
                    0.46353245165850016,
                    1.0933437162666892
                ],
                [
                    0.9917666279546697,
                    -4.143589898280391e-06,
                    -0.1280584072142627,
                    -0.1412124054677788
                ],
                [
                    0.0,
                    0.0,
                    0.0,
                    1.0
                ]
            ],
            "size": [
                0.15068,
                0.17726,
                0.74884
            ]
        },
        "distance": 0.057371794619218174
    },
    {
        "case": 7,
        "collider1": {
            "type": "Box",
            "collider2origin": [
                [
                    0.9077781725128689,
                    0.4194505805326724,
                    0.0,
                    0.27063700059322826
                ],
                [
                    -0.4194505805326724,
                    0.9077781725128689,
                    0.0,
                    0.8002854543438492
                ],
                [
                    0.0,
                    0.0,
                    1.0,
                    -0.25
                ],
                [
                    0.0,
                    0.0,
                    0.0,
                    1.0
                ]
            ],
            "size": [
                0.2,
                0.2,
                0.02
            ]
        },
        "collider2": {
            "type": "Box",
            "collider2origin": [
                [
                    -0.11320887891777161,
                    0.46738104276165826,
                    -0.8767774578541617,
                    0.11858202610564297
                ],
                [
                    0.05985570490441657,
                    0.8840559715594118,
                    0.46353245165850016,
                    1.0933437162666892
                ],
                [
                    0.9917666279546697,
                    -4.143589898280391e-06,
                    -0.1280584072142627,
                    -0.1412124054677788
                ],
                [
                    0.0,
                    0.0,
                    0.0,
                    1.0
                ]
            ],
            "size": [
                0.15068,
                0.17726,
                0.74884
            ]
        },
        "distance": 0.04418619716063879
    },
    {
        "case": 8,
        "collider1": {
            "type": "Box",
            "collider2origin": [
                [
                    0.8404842512412337,
                    -0.5418359746412772,
                    0.0,
                    0.011439976095501792
                ],
                [
                    0.5418359746412771,
                    0.8404842512412338,
                    0.0,
                    1.4325762997644957
                ],
                [
                    0.0,
                    0.0,
                    1.0,
                    -0.21500000000000008
                ],
                [
                    0.0,
                    0.0,
                    0.0,
                    1.0
                ]
            ],
            "size": [
                0.2,
                0.3,
                0.22
            ]
        },
        "collider2": {
            "type": "Box",
            "collider2origin": [
                [
                    -0.11320887891777161,
                    0.46738104276165826,
                    -0.8767774578541617,
                    0.11858202610564297
                ],
                [
                    0.05985570490441657,
                    0.8840559715594118,
                    0.46353245165850016,
                    1.0933437162666892
                ],
                [
                    0.9917666279546697,
                    -4.143589898280391e-06,
                    -0.1280584072142627,
                    -0.1412124054677788
                ],
                [
                    0.0,
                    0.0,
                    0.0,
                    1.0
                ]
            ],
            "size": [
                0.15068,
                0.17726,
                0.74884
            ]
        },
        "distance": 0.0005416158346469735
    },
    {
        "case": 9,
        "collider1": {
            "type": "Box",
            "collider2origin": [
                [
                    0.9081427509232697,
                    -0.4186606548811531,
                    0.0,
                    -0.09474126814702305
                ],
                [
                    0.41866065488115317,
                    0.9081427509232698,
                    0.0,
                    1.368923948110301
                ],
                [
                    0.0,
                    0.0,
                    1.0,
                    -0.21500000000000008
                ],
                [
                    0.0,
                    0.0,
                    0.0,
                    1.0
                ]
            ],
            "size": [
                0.2,
                0.3,
                0.22
            ]
        },
        "collider2": {
            "type": "Box",
            "collider2origin": [
                [
                    -0.11320887891777161,
                    0.46738104276165826,
                    -0.8767774578541617,
                    0.11858202610564297
                ],
                [
                    0.05985570490441657,
                    0.8840559715594118,
                    0.46353245165850016,
                    1.0933437162666892
                ],
                [
                    0.9917666279546697,
                    -4.143589898280391e-06,
                    -0.1280584072142627,
                    -0.1412124054677788
                ],
                [
                    0.0,
                    0.0,
                    0.0,
                    1.0
                ]
            ],
            "size": [
                0.15068,
                0.17726,
                0.74884
            ]
        },
        "distance": 0.0
    },
    {
        "case": 10,
        "collider1": {
            "type": "Box",
            "collider2origin": [
                [
                    0.9798474486812189,
                    -0.1997472836183421,
                    0.0,
                    -0.20628161272202655
                ],
                [
                    0.19974728361834207,
                    0.9798474486812188,
                    0.0,
                    1.335871448475788
                ],
                [
                    0.0,
                    0.0,
                    1.0,
                    -0.21500000000000008
                ],
                [
                    0.0,
                    0.0,
                    0.0,
                    1.0
                ]
            ],
            "size": [
                0.2,
                0.3,
                0.22
            ]
        },
        "collider2": {
            "type": "Box",
            "collider2origin": [
                [
                    -0.11320887891777161,
                    0.46738104276165826,
                    -0.8767774578541617,
                    0.11858202610564297
                ],
                [
                    0.05985570490441657,
                    0.8840559715594118,
                    0.46353245165850016,
                    1.0933437162666892
                ],
                [
                    0.9917666279546697,
                    -4.143589898280391e-06,
                    -0.1280584072142627,
                    -0.1412124054677788
                ],
                [
                    0.0,
                    0.0,
                    0.0,
                    1.0
                ]
            ],
            "size": [
                0.15068,
                0.17726,
                0.74884
            ]
        },
        "distance": 0.0
    },
    {
        "case": 11,
        "collider1": {
            "type": "Box",
            "collider2origin": [
                [
                    0.9984065575563776,
                    -0.05643000822632935,
                    0.0,
                    -0.3111399560290343
                ],
                [
                    0.05643000822632935,
                    0.9984065575563776,
                    0.0,
                    1.3240986306775833
                ],
                [
                    0.0,
                    0.0,
                    1.0,
                    -0.21500000000000008
                ],
                [
                    0.0,
                    0.0,
                    0.0,
                    1.0
                ]
            ],
            "size": [
                0.2,
                0.3,
                0.22
            ]
        },
        "collider2": {
            "type": "Box",
            "collider2origin": [
                [
                    -0.11320887891777161,
                    0.46738104276165826,
                    -0.8767774578541617,
                    0.11858202610564297
                ],
                [
                    0.05985570490441657,
                    0.8840559715594118,
                    0.46353245165850016,
                    1.0933437162666892
                ],
                [
                    0.9917666279546697,
                    -4.143589898280391e-06,
                    -0.1280584072142627,
                    -0.1412124054677788
                ],
                [
                    0.0,
                    0.0,
                    0.0,
                    1.0
                ]
            ],
            "size": [
                0.15068,
                0.17726,
                0.74884
            ]
        },
        "distance": 0.0
    },
    {
        "case": 12,
        "collider1": {
            "type": "Cylinder",
            "collider2origin": [
                [
                    0.907778172512869,
                    0.4194505805326725,
                    0.0,
                    -0.07232761537572224
                ],
                [
                    -0.4194505805326725,
                    0.907778172512869,
                    0.0,
                    1.2000044650142188
                ],
                [
                    0.0,
                    0.0,
                    1.0,
                    -0.5800000000000001
                ],
                [
                    0.0,
                    0.0,
                    0.0,
                    1.0
                ]
            ],
            "radius": 0.04,
            "height": 0.96
        },
        "collider2": {
            "type": "Box",
            "collider2origin": [
                [
                    -0.11320887891777161,
                    0.46738104276165826,
                    -0.8767774578541617,
                    0.11858202610564297
                ],
                [
                    0.05985570490441657,
                    0.8840559715594118,
                    0.46353245165850016,
                    1.0933437162666892
                ],
                [
                    0.9917666279546697,
                    -4.143589898280391e-06,
                    -0.1280584072142627,
                    -0.1412124054677788
                ],
                [
                    0.0,
                    0.0,
                    0.0,
                    1.0
                ]
            ],
            "size": [
                0.15068,
                0.17726,
                0.74884
            ]
        },
        "distance": 0.0
    },
    {
        "case": 13,
        "collider1": {
            "type": "Box",
            "collider2origin": [
                [
                    0.9077781725128689,
                    0.4194505805326724,
                    0.0,
                    0.4158817547107895
                ],
                [
                    -0.4194505805326724,
                    0.9077781725128689,
                    0.0,
                    0.733173894971941
                ],
                [
                    0.0,
                    0.0,
                    1.0,
                    -0.6599999999999999
                ],
                [
                    0.0,
                    0.0,
                    0.0,
                    1.0
                ]
            ],
            "size": [
                0.6,
                1.0,
                0.8
            ]
        },
        "collider2": {
            "type": "Box",
            "collider2origin": [
                [
                    -0.11320887891777161,
                    0.46738104276165826,
                    -0.8767774578541617,
                    0.11858202610564297
                ],
                [
                    0.05985570490441657,
                    0.8840559715594118,
                    0.46353245165850016,
                    1.0933437162666892
                ],
                [
                    0.9917666279546697,
                    -4.143589898280391e-06,
                    -0.1280584072142627,
                    -0.1412124054677788
                ],
                [
                    0.0,
                    0.0,
                    0.0,
                    1.0
                ]
            ],
            "size": [
                0.15068,
                0.17726,
                0.74884
            ]
        },
        "distance": 0.057371794619218174
    },
    {
        "case": 14,
        "collider1": {
            "type": "Box",
            "collider2origin": [
                [
                    0.9077781725128689,
                    0.4194505805326724,
                    0.0,
                    0.27063700059322826
                ],
                [
                    -0.4194505805326724,
                    0.9077781725128689,
                    0.0,
                    0.8002854543438492
                ],
                [
                    0.0,
                    0.0,
                    1.0,
                    -0.25
                ],
                [
                    0.0,
                    0.0,
                    0.0,
                    1.0
                ]
            ],
            "size": [
                0.2,
                0.2,
                0.02
            ]
        },
        "collider2": {
            "type": "Box",
            "collider2origin": [
                [
                    -0.11320887891777161,
                    0.46738104276165826,
                    -0.8767774578541617,
                    0.11858202610564297
                ],
                [
                    0.05985570490441657,
                    0.8840559715594118,
                    0.46353245165850016,
                    1.0933437162666892
                ],
                [
                    0.9917666279546697,
                    -4.143589898280391e-06,
                    -0.1280584072142627,
                    -0.1412124054677788
                ],
                [
                    0.0,
                    0.0,
                    0.0,
                    1.0
                ]
            ],
            "size": [
                0.15068,
                0.17726,
                0.74884
            ]
        },
        "distance": 0.04418619716063879
    },
    {
        "case": 15,
        "collider1": {
            "type": "Box",
            "collider2origin": [
                [
                    0.8404842512412337,
                    -0.5418359746412772,
                    0.0,
                    0.011439976095501792
                ],
                [
                    0.5418359746412771,
                    0.8404842512412338,
                    0.0,
                    1.4325762997644957
                ],
                [
                    0.0,
                    0.0,
                    1.0,
                    -0.21500000000000008
                ],
                [
                    0.0,
                    0.0,
                    0.0,
                    1.0
                ]
            ],
            "size": [
                0.2,
                0.3,
                0.22
            ]
        },
        "collider2": {
            "type": "Box",
            "collider2origin": [
                [
                    -0.11320887891777161,
                    0.46738104276165826,
                    -0.8767774578541617,
                    0.11858202610564297
                ],
                [
                    0.05985570490441657,
                    0.8840559715594118,
                    0.46353245165850016,
                    1.0933437162666892
                ],
                [
                    0.9917666279546697,
                    -4.143589898280391e-06,
                    -0.1280584072142627,
                    -0.1412124054677788
                ],
                [
                    0.0,
                    0.0,
                    0.0,
                    1.0
                ]
            ],
            "size": [
                0.15068,
                0.17726,
                0.74884
            ]
        },
        "distance": 0.0005416158346469735
    },
    {
        "case": 16,
        "collider1": {
            "type": "Box",
            "collider2origin": [
                [
                    0.9081427509232697,
                    -0.4186606548811531,
                    0.0,
                    -0.09474126814702305
                ],
                [
                    0.41866065488115317,
                    0.9081427509232698,
                    0.0,
                    1.368923948110301
                ],
                [
                    0.0,
                    0.0,
                    1.0,
                    -0.21500000000000008
                ],
                [
                    0.0,
                    0.0,
                    0.0,
                    1.0
                ]
            ],
            "size": [
                0.2,
                0.3,
                0.22
            ]
        },
        "collider2": {
            "type": "Box",
            "collider2origin": [
                [
                    -0.11320887891777161,
                    0.46738104276165826,
                    -0.8767774578541617,
                    0.11858202610564297
                ],
                [
                    0.05985570490441657,
                    0.8840559715594118,
                    0.46353245165850016,
                    1.0933437162666892
                ],
                [
                    0.9917666279546697,
                    -4.143589898280391e-06,
                    -0.1280584072142627,
                    -0.1412124054677788
                ],
                [
                    0.0,
                    0.0,
                    0.0,
                    1.0
                ]
            ],
            "size": [
                0.15068,
                0.17726,
                0.74884
            ]
        },
        "distance": 0.0
    },
    {
        "case": 17,
        "collider1": {
            "type": "Box",
            "collider2origin": [
                [
                    0.9798474486812189,
                    -0.1997472836183421,
                    0.0,
                    -0.20628161272202655
                ],
                [
                    0.19974728361834207,
                    0.9798474486812188,
                    0.0,
                    1.335871448475788
                ],
                [
                    0.0,
                    0.0,
                    1.0,
                    -0.21500000000000008
                ],
                [
                    0.0,
                    0.0,
                    0.0,
                    1.0
                ]
            ],
            "size": [
                0.2,
                0.3,
                0.22
            ]
        },
        "collider2": {
            "type": "Box",
            "collider2origin": [
                [
                    -0.11320887891777161,
                    0.46738104276165826,
                    -0.8767774578541617,
                    0.11858202610564297
                ],
                [
                    0.05985570490441657,
                    0.8840559715594118,
                    0.46353245165850016,
                    1.0933437162666892
                ],
                [
                    0.9917666279546697,
                    -4.143589898280391e-06,
                    -0.1280584072142627,
                    -0.1412124054677788
                ],
                [
                    0.0,
                    0.0,
                    0.0,
                    1.0
                ]
            ],
            "size": [
                0.15068,
                0.17726,
                0.74884
            ]
        },
        "distance": 0.0
    },
    {
        "case": 18,
        "collider1": {
            "type": "Box",
            "collider2origin": [
                [
                    0.9984065575563776,
                    -0.05643000822632935,
                    0.0,
                    -0.3111399560290343
                ],
                [
                    0.05643000822632935,
                    0.9984065575563776,
                    0.0,
                    1.3240986306775833
                ],
                [
                    0.0,
                    0.0,
                    1.0,
                    -0.21500000000000008
                ],
                [
                    0.0,
                    0.0,
                    0.0,
                    1.0
                ]
            ],
            "size": [
                0.2,
                0.3,
                0.22
            ]
        },
        "collider2": {
            "type": "Box",
            "collider2origin": [
                [
                    -0.11320887891777161,
                    0.46738104276165826,
                    -0.8767774578541617,
                    0.11858202610564297
                ],
                [
                    0.05985570490441657,
                    0.8840559715594118,
                    0.46353245165850016,
                    1.0933437162666892
                ],
                [
                    0.9917666279546697,
                    -4.143589898280391e-06,
                    -0.1280584072142627,
                    -0.1412124054677788
                ],
                [
                    0.0,
                    0.0,
                    0.0,
                    1.0
                ]
            ],
            "size": [
                0.15068,
                0.17726,
                0.74884
            ]
        },
        "distance": 0.0
    },
    {
        "case": 19,
        "collider1": {
            "type": "Cylinder",
            "collider2origin": [
                [
                    0.907778172512869,
                    0.4194505805326725,
                    0.0,
                    -0.07232761537572224
                ],
                [
                    -0.4194505805326725,
                    0.907778172512869,
                    0.0,
                    1.2000044650142188
                ],
                [
                    0.0,
                    0.0,
                    1.0,
                    -0.5800000000000001
                ],
                [
                    0.0,
                    0.0,
                    0.0,
                    1.0
                ]
            ],
            "radius": 0.04,
            "height": 0.96
        },
        "collider2": {
            "type": "Box",
            "collider2origin": [
                [
                    -0.11320887891777161,
                    0.46738104276165826,
                    -0.8767774578541617,
                    0.11858202610564297
                ],
                [
                    0.05985570490441657,
                    0.8840559715594118,
                    0.46353245165850016,
                    1.0933437162666892
                ],
                [
                    0.9917666279546697,
                    -4.143589898280391e-06,
                    -0.1280584072142627,
                    -0.1412124054677788
                ],
                [
                    0.0,
                    0.0,
                    0.0,
                    1.0
                ]
            ],
            "size": [
                0.15068,
                0.17726,
                0.74884
            ]
        },
        "distance": 0.0
    },
    {
        "case": 20,
        "collider1": {
            "type": "Box",
            "collider2origin": [
                [
                    0.9741881675007261,
                    0.22573748980082478,
                    0.0,
                    -0.5292040201289168
                ],
                [
                    -0.2257374898008248,
                    0.974188167500726,
                    0.0,
                    1.3318616486630257
                ],
                [
                    0.0,
                    0.0,
                    1.0,
                    -0.21500000000000008
                ],
                [
                    0.0,
                    0.0,
                    0.0,
                    1.0
                ]
            ],
            "size": [
                0.2,
                0.3,
                0.22
            ]
        },
        "collider2": {
            "type": "Sphere",
            "collider2origin": [
                [
                    1.0,
                    0.0,
                    0.0,
                    -0.5828125928182435
                ],
                [
                    0.0,
                    1.0,
                    0.0,
                    1.3363974960671827
                ],
                [
                    0.0,
                    0.0,
                    1.0,
                    -0.2559441692166131
                ],
                [
                    0.0,
                    0.0,
                    0.0,
                    1.0
                ]
            ],
            "radius": 0.00487
        },
        "distance": 0.0
    },
    {
        "case": 21,
        "collider1": {
            "type": "Box",
            "collider2origin": [
                [
                    0.907778172512869,
                    0.4194505805326725,
                    0.0,
                    -0.6717546761389399
                ],
                [
                    -0.4194505805326725,
                    0.907778172512869,
                    0.0,
                    1.384443828829999
                ],
                [
                    0.0,
                    0.0,
                    1.0,
                    -0.21500000000000008
                ],
                [
                    0.0,
                    0.0,
                    0.0,
                    1.0
                ]
            ],
            "size": [
                0.2,
                0.3,
                0.22
            ]
        },
        "collider2": {
            "type": "Sphere",
            "collider2origin": [
                [
                    1.0,
                    0.0,
                    0.0,
                    -0.5828125928182435
                ],
                [
                    0.0,
                    1.0,
