[
    {
        "case": 0,
        "collider1": {
            "type": "Box",
            "collider2origin": [
                [
                    0.9077781725128689,
                    0.4194505805326724,
                    0.0,
                    0.4158817547107895
                ],
                [
                    -0.4194505805326724,
                    0.9077781725128689,
                    0.0,
                    0.733173894971941
                ],
                [
                    0.0,
                    0.0,
                    1.0,
                    -0.6599999999999999
                ],
                [
                    0.0,
                    0.0,
                    0.0,
                    1.0
                ]
            ],
            "size": [
                0.6,
                1.0,
                0.8
            ]
        },
        "collider2": {
            "type": "Box",
            "collider2origin": [
                [
                    0.09431685244007199,
                    0.8284452907726111,
                    -0.5520713101968633,
                    0.11157451630322787
                ],
                [
                    -0.1395063863580073,
                    0.5600699957928048,
                    0.8166146998297165,
                    1.3643231928613053
                ],
                [
                    0.9857191788289035,
                    -3.054646738128877e-06,
                    0.1683974479602973,
                    -0.5903455899646661
                ],
                [
                    0.0,
                    0.0,
                    0.0,
                    1.0
                ]
            ],
            "size": [
                0.09102,
                0.10007,
                0.11882
            ]
        },
        "distance": 0.15842209818917774
    },
    {
        "case": 1,
        "collider1": {
            "type": "Box",
            "collider2origin": [
                [
                    0.9077781725128689,
                    0.4194505805326724,
                    0.0,
                    0.4158817547107895
                ],
                [
                    -0.4194505805326724,
                    0.9077781725128689,
                    0.0,
                    0.733173894971941
                ],
                [
                    0.0,
                    0.0,
                    1.0,
                    -0.6599999999999999
                ],
                [
                    0.0,
                    0.0,
                    0.0,
                    1.0
                ]
            ],
            "size": [
                0.6,
                1.0,
                0.8
            ]
        },
        "collider2": {
            "type": "Box",
            "collider2origin": [
                [
                    0.12135352382215776,
                    0.8284453102647009,
                    -0.5467647484580258,
                    0.18003254857025358
                ],
                [
                    -0.17949891022695177,
                    0.5600699669614005,
                    0.8087655861466858,
                    1.0635125615056185
                ],
                [
                    0.9762445715512489,
                    -2.87732626419198e-06,
                    0.21667149445286812,
                    -0.653902144781433
                ],
                [
                    0.0,
                    0.0,
                    0.0,
                    1.0
                ]
            ],
            "size": [
                0.1202,
                0.13634,
                0.67816
            ]
        },
        "distance": 0.0
    },
    {
        "case": 2,
        "collider1": {
            "type": "Cylinder",
            "collider2origin": [
                [
                    0.907778172512869,
                    0.4194505805326725,
                    0.0,
                    -0.07232761537572224
                ],
                [
                    -0.4194505805326725,
                    0.907778172512869,
                    0.0,
                    1.2000044650142188
                ],
                [
                    0.0,
                    0.0,
                    1.0,
                    -0.5800000000000001
                ],
                [
                    0.0,
                    0.0,
                    0.0,
                    1.0
                ]
            ],
            "radius": 0.04,
            "height": 0.96
        },
        "collider2": {
            "type": "Box",
            "collider2origin": [
                [
                    0.12135352382215776,
                    0.8284453102647009,
                    -0.5467647484580258,
                    0.18003254857025358
                ],
                [
                    -0.17949891022695177,
                    0.5600699669614005,
                    0.8087655861466858,
                    1.0635125615056185
                ],
                [
                    0.9762445715512489,
                    -2.87732626419198e-06,
                    0.21667149445286812,
                    -0.653902144781433
                ],
                [
                    0.0,
                    0.0,
                    0.0,
                    1.0
                ]
            ],
            "size": [
                0.1202,
                0.13634,
                0.67816
            ]
        },
        "distance": 0.02445156376664211
    },
    {
        "case": 3,
        "collider1": {
            "type": "Box",
            "collider2origin": [
                [
                    0.9077781725128689,
                    0.4194505805326724,
                    0.0,
                    0.4158817547107895
                ],
                [
                    -0.4194505805326724,
                    0.9077781725128689,
                    0.0,
                    0.733173894971941
                ],
                [
                    0.0,
                    0.0,
                    1.0,
                    -0.6599999999999999
                ],
                [
                    0.0,
                    0.0,
                    0.0,
                    1.0
                ]
            ],
            "size": [
                0.6,
                1.0,
                0.8
            ]
        },
        "collider2": {
            "type": "Box",
            "collider2origin": [
                [
                    -0.5599637093989137,
                    0.8284472791248125,
                    -0.010758711210182324,
                    0.44142619658940085
                ],
                [
                    0.8282946634214606,
                    0.5600670546075133,
                    0.015901097156925257,
                    0.9024426459378159
                ],
                [
                    0.019198820373613666,
                    -7.345733182277514e-06,
                    -0.9998156856352582,
                    -0.4026172514403188
                ],
                [
                    0.0,
                    0.0,
                    0.0,
                    1.0
                ]
            ],
            "size": [
                0.15068,
                0.17726,
                0.74884
            ]
        },
        "distance": 0.0
    },
    {
        "case": 4,
        "collider1": {
            "type": "Box",
            "collider2origin": [
                [
                    0.9077781725128689,
                    0.4194505805326724,
                    0.0,
                    0.27063700059322826
                ],
                [
                    -0.4194505805326724,
                    0.9077781725128689,
                    0.0,
                    0.8002854543438492
                ],
                [
                    0.0,
                    0.0,
                    1.0,
                    -0.25
                ],
                [
                    0.0,
                    0.0,
                    0.0,
                    1.0
                ]
            ],
            "size": [
                0.2,
                0.2,
                0.02
            ]
        },
        "collider2": {
            "type": "Box",
            "collider2origin": [
                [
                    -0.5599637093989137,
                    0.8284472791248125,
                    -0.010758711210182324,
                    0.44142619658940085
                ],
                [
                    0.8282946634214606,
                    0.5600670546075133,
                    0.015901097156925257,
                    0.9024426459378159
                ],
                [
                    0.019198820373613666,
                    -7.345733182277514e-06,
                    -0.9998156856352582,
                    -0.4026172514403188
                ],
                [
                    0.0,
                    0.0,
                    0.0,
                    1.0
                ]
            ],
            "size": [
                0.15068,
                0.17726,
                0.74884
            ]
        },
        "distance": 0.0
    },
    {
        "case": 5,
        "collider1": {
            "type": "Box",
            "collider2origin": [
                [
                    0.907778172512869,
                    0.4194505805326725,
                    0.0,
                    0.9947946797881562
                ],
                [
                    -0.4194505805326725,
                    0.907778172512869,
                    0.0,
                    0.5317739604993647
                ],
                [
                    0.0,
                    0.0,
                    1.0,
                    -0.69
                ],
                [
                    0.0,
                    0.0,
                    0.0,
                    1.0
                ]
            ],
            "size": [
                0.6,
                1.2,
                0.75
            ]
        },
        "collider2": {
            "type": "Box",
            "collider2origin": [
                [
                    -0.5599637093989137,
                    0.8284472791248125,
                    -0.010758711210182324,
                    0.44142619658940085
                ],
                [
                    0.8282946634214606,
                    0.5600670546075133,
                    0.015901097156925257,
                    0.9024426459378159
                ],
                [
                    0.019198820373613666,
                    -7.345733182277514e-06,
                    -0.9998156856352582,
                    -0.4026172514403188
                ],
                [
                    0.0,
                    0.0,
                    0.0,
                    1.0
                ]
            ],
            "size": [
                0.15068,
                0.17726,
                0.74884
            ]
        },
        "distance": 0.2460104445435669
    },
    {
        "case": 6,
        "collider1": {
            "type": "Box",
            "collider2origin": [
                [
                    0.9077781725128689,
                    0.4194505805326724,
                    0.0,
                    0.4158817547107895
                ],
                [
                    -0.4194505805326724,
                    0.9077781725128689,
                    0.0,
                    0.733173894971941
                ],
                [
                    0.0,
                    0.0,
                    1.0,
                    -0.6599999999999999
                ],
                [
                    0.0,
                    0.0,
                    0.0,
                    1.0
                ]
            ],
            "size": [
                0.6,
                1.0,
                0.8
            ]
        },
        "collider2": {
            "type": "Box",
            "collider2origin": [
                [
                    -0.5599637093989137,
                    0.8284472791248125,
                    -0.010758711210182324,
                    0.44142619658940085
                ],
                [
                    0.8282946634214606,
                    0.5600670546075133,
                    0.015901097156925257,
                    0.9024426459378159
                ],
                [
                    0.019198820373613666,
                    -7.345733182277514e-06,
                    -0.9998156856352582,
                    -0.4026172514403188
                ],
                [
                    0.0,
                    0.0,
                    0.0,
                    1.0
                ]
            ],
            "size": [
                0.15068,
                0.17726,
                0.74884
            ]
        },
        "distance": 0.0
    },
    {
        "case": 7,
        "collider1": {
            "type": "Box",
            "collider2origin": [
                [
                    0.9077781725128689,
                    0.4194505805326724,
                    0.0,
                    0.27063700059322826
                ],
                [
                    -0.4194505805326724,
                    0.9077781725128689,
                    0.0,
                    0.8002854543438492
                ],
                [
                    0.0,
                    0.0,
                    1.0,
                    -0.25
                ],
                [
                    0.0,
                    0.0,
                    0.0,
                    1.0
                ]
            ],
            "size": [
                0.2,
                0.2,
                0.02
            ]
        },
        "collider2": {
            "type": "Box",
            "collider2origin": [
                [
                    -0.5599637093989137,
                    0.8284472791248125,
                    -0.010758711210182324,
                    0.44142619658940085
                ],
                [
                    0.8282946634214606,
                    0.5600670546075133,
                    0.015901097156925257,
                    0.9024426459378159
                ],
                [
                    0.019198820373613666,
                    -7.345733182277514e-06,
                    -0.9998156856352582,
                    -0.4026172514403188
                ],
                [
                    0.0,
                    0.0,
                    0.0,
                    1.0
                ]
            ],
            "size": [
                0.15068,
                0.17726,
                0.74884
            ]
        },
        "distance": 0.0
    },
    {
        "case": 8,
        "collider1": {
            "type": "Box",
            "collider2origin": [
                [
                    0.907778172512869,
                    0.4194505805326725,
                    0.0,
                    0.9947946797881562
                ],
                [
                    -0.4194505805326725,
                    0.907778172512869,
                    0.0,
                    0.5317739604993647
                ],
                [
                    0.0,
                    0.0,
                    1.0,
                    -0.69
                ],
                [
                    0.0,
                    0.0,
                    0.0,
                    1.0
                ]
            ],
            "size": [
                0.6,
                1.2,
                0.75
            ]
        },
        "collider2": {
            "type": "Box",
            "collider2origin": [
                [
                    -0.5599637093989137,
                    0.8284472791248125,
                    -0.010758711210182324,
                    0.44142619658940085
                ],
                [
                    0.8282946634214606,
                    0.5600670546075133,
                    0.015901097156925257,
                    0.9024426459378159
                ],
                [
                    0.019198820373613666,
                    -7.345733182277514e-06,
                    -0.9998156856352582,
                    -0.4026172514403188
                ],
                [
                    0.0,
                    0.0,
                    0.0,
                    1.0
                ]
            ],
            "size": [
                0.15068,
                0.17726,
                0.74884
            ]
        },
        "distance": 0.2460104445435669
    }
]