[
    {
        "case": 0,
        "collider1": {
            "type": "Cylinder",
            "collider2origin": [
                [
                    0.907778172512869,
                    0.4194505805326725,
                    0.0,
                    -0.6004934663570113
                ],
                [
                    -0.4194505805326725,
                    0.907778172512869,
                    0.0,
                    1.5387870906862133
                ],
                [
                    0.0,
                    0.0,
                    1.0,
                    -0.20999999999999996
                ],
                [
                    0.0,
                    0.0,
                    0.0,
                    1.0
                ]
            ],
            "radius": 0.04,
            "height": 0.22
        },
        "collider2": {
            "type": "Cylinder",
            "collider2origin": [
                [
                    -0.9903441273692905,
                    0.1346761331475182,
                    -0.03287626112547626,
                    -0.5597804917645022
                ],
                [
                    0.018328137959433288,
                    -0.10787141300341965,
                    -0.9939958941643501,
                    1.5943908571117733
                ],
                [
                    -0.13741393213243863,
                    -0.9850005570643487,
                    0.10436145763079305,
                    -0.23372071338692169
                ],
                [
                    0.0,
                    0.0,
                    0.0,
                    1.0
                ]
            ],
            "radius": 0.01169,
            "height": 0.05502
        },
        "distance": 9.378207617106344e-05
    },
    {
        "case": 1,
        "collider1": {
            "type": "Box",
            "collider2origin": [
                [
                    0.9077781725128689,
                    0.4194505805326724,
                    0.0,
                    0.4158817547107895
                ],
                [
                    -0.4194505805326724,
                    0.9077781725128689,
                    0.0,
                    0.733173894971941
                ],
                [
                    0.0,
                    0.0,
                    1.0,
                    -0.6599999999999999
                ],
                [
                    0.0,
                    0.0,
                    0.0,
                    1.0
                ]
            ],
            "size": [
                0.6,
                1.0,
                0.8
            ]
        },
        "collider2": {
            "type": "Box",
            "collider2origin": [
                [
                    0.14347845458996014,
                    -0.6502594669910751,
                    -0.7460405878080358,
                    -0.03730051070399354
                ],
                [
                    -0.12280168092824147,
                    -0.7597121991711158,
                    0.6385586281554617,
                    0.8589591630528421
                ],
                [
                    -0.9820049288214774,
                    -4.366909310523479e-06,
                    -0.18885528785621794,
                    -0.15925444342342643
                ],
                [
                    0.0,
                    0.0,
                    0.0,
                    1.0
                ]
            ],
            "size": [
                0.15068,
                0.17726,
                0.74884
            ]
        },
        "distance": 0.05100799704494644
    },
    {
        "case": 2,
        "collider1": {
            "type": "Box",
            "collider2origin": [
                [
                    0.9077781725128689,
                    0.4194505805326724,
                    0.0,
                    0.27063700059322826
                ],
                [
                    -0.4194505805326724,
                    0.9077781725128689,
                    0.0,
                    0.8002854543438492
                ],
                [
                    0.0,
                    0.0,
                    1.0,
                    -0.25
                ],
                [
                    0.0,
                    0.0,
                    0.0,
                    1.0
                ]
            ],
            "size": [
                0.2,
                0.2,
                0.02
            ]
        },
        "collider2": {
            "type": "Box",
            "collider2origin": [
                [
                    0.14347845458996014,
                    -0.6502594669910751,
                    -0.7460405878080358,
                    -0.03730051070399354
                ],
                [
                    -0.12280168092824147,
                    -0.7597121991711158,
                    0.6385586281554617,
                    0.8589591630528421
                ],
                [
                    -0.9820049288214774,
                    -4.366909310523479e-06,
                    -0.18885528785621794,
                    -0.15925444342342643
                ],
                [
                    0.0,
                    0.0,
                    0.0,
                    1.0
                ]
            ],
            "size": [
                0.15068,
                0.17726,
                0.74884
            ]
        },
        "distance": 0.03923394647402845
    },
    {
        "case": 3,
        "collider1": {
            "type": "Box",
            "collider2origin": [
                [
                    0.907778172512869,
                    0.4194505805326725,
                    0.0,
                    -1.612083837096907
                ],
                [
                    -0.4194505805326725,
                    0.907778172512869,
                    0.0,
                    -0.24654756573714753
                ],
                [
                    0.0,
                    0.0,
                    1.0,
                    -0.040000000000000036
                ],
                [
                    0.0,
                    0.0,
                    0.0,
                    1.0
                ]
            ],
            "size": [
                2.0,
                2.0,
                2.0
            ]
        },
        "collider2": {
            "type": "Box",
            "collider2origin": [
                [
                    0.14347845458996014,
                    -0.6502594669910751,
                    -0.7460405878080358,
                    -0.03730051070399354
                ],
                [
                    -0.12280168092824147,
                    -0.7597121991711158,
                    0.6385586281554617,
                    0.8589591630528421
                ],
                [
                    -0.9820049288214774,
                    -4.366909310523479e-06,
                    -0.18885528785621794,
                    -0.15925444342342643
                ],
                [
                    0.0,
                    0.0,
                    0.0,
                    1.0
                ]
            ],
            "size": [
                0.15068,
                0.17726,
                0.74884
            ]
        },
        "distance": 0.5412227101007895
    },
    {
        "case": 4,
        "collider1": {
            "type": "Box",
            "collider2origin": [
                [
                    0.9798474486812189,
                    -0.1997472836183421,
                    0.0,
                    -0.20628161272202655
                ],
                [
                    0.19974728361834207,
                    0.9798474486812188,
                    0.0,
                    1.335871448475788
                ],
                [
                    0.0,
                    0.0,
                    1.0,
                    -0.21500000000000008
                ],
                [
                    0.0,
                    0.0,
                    0.0,
                    1.0
                ]
            ],
            "size": [
                0.2,
                0.3,
                0.22
            ]
        },
        "collider2": {
            "type": "Box",
            "collider2origin": [
                [
                    0.14347845458996014,
                    -0.6502594669910751,
                    -0.7460405878080358,
                    -0.03730051070399354
                ],
                [
                    -0.12280168092824147,
                    -0.7597121991711158,
                    0.6385586281554617,
                    0.8589591630528421
                ],
                [
                    -0.9820049288214774,
                    -4.366909310523479e-06,
                    -0.18885528785621794,
                    -0.15925444342342643
                ],
                [
                    0.0,
                    0.0,
                    0.0,
                    1.0
                ]
            ],
            "size": [
                0.15068,
                0.17726,
                0.74884
            ]
        },
        "distance": 0.0
    },
    {
        "case": 5,
        "collider1": {
            "type": "Box",
            "collider2origin": [
                [
                    0.9984065575563776,
                    -0.05643000822632935,
                    0.0,
                    -0.3111399560290343
                ],
                [
                    0.05643000822632935,
                    0.9984065575563776,
                    0.0,
                    1.3240986306775833
                ],
                [
                    0.0,
                    0.0,
                    1.0,
                    -0.21500000000000008
                ],
                [
                    0.0,
                    0.0,
                    0.0,
                    1.0
                ]
            ],
            "size": [
                0.2,
                0.3,
                0.22
            ]
        },
        "collider2": {
            "type": "Box",
            "collider2origin": [
                [
                    0.14347845458996014,
                    -0.6502594669910751,
                    -0.7460405878080358,
                    -0.03730051070399354
                ],
                [
                    -0.12280168092824147,
                    -0.7597121991711158,
                    0.6385586281554617,
                    0.8589591630528421
                ],
                [
                    -0.9820049288214774,
                    -4.366909310523479e-06,
                    -0.18885528785621794,
                    -0.15925444342342643
                ],
                [
                    0.0,
                    0.0,
                    0.0,
                    1.0
                ]
            ],
            "size": [
                0.15068,
                0.17726,
                0.74884
            ]
        },
        "distance": 0.001559249659899387
    },
    {
        "case": 6,
        "collider1": {
            "type": "Box",
            "collider2origin": [
                [
                    0.9997288002091077,
                    0.023287894547555033,
                    0.0,
                    -0.42010216954734814
                ],
                [
                    -0.02328789454755501,
                    0.9997288002091077,
                    0.0,
                    1.3190360102899432
                ],
                [
                    0.0,
                    0.0,
                    1.0,
                    -0.21500000000000008
                ],
                [
                    0.0,
                    0.0,
                    0.0,
                    1.0
                ]
            ],
            "size": [
                0.2,
                0.3,
                0.22
            ]
        },
        "collider2": {
            "type": "Box",
            "collider2origin": [
                [
                    0.14347845458996014,
                    -0.6502594669910751,
                    -0.7460405878080358,
                    -0.03730051070399354
                ],
                [
                    -0.12280168092824147,
                    -0.7597121991711158,
                    0.6385586281554617,
                    0.8589591630528421
                ],
                [
                    -0.9820049288214774,
                    -4.366909310523479e-06,
                    -0.18885528785621794,
                    -0.15925444342342643
                ],
                [
                    0.0,
                    0.0,
                    0.0,
                    1.0
                ]
            ],
            "size": [
                0.15068,
                0.17726,
                0.74884
            ]
        },
        "distance": 0.03575418590492164
    },
    {
        "case": 7,
        "collider1": {
            "type": "Box",
            "collider2origin": [
                [
                    0.907778172512869,
                    0.4194505805326725,
                    0.0,
                    -0.7418785952877999
                ],
                [
                    -0.4194505805326725,
                    0.907778172512869,
                    0.0,
                    1.2791466490804724
                ],
                [
                    0.0,
                    0.0,
                    1.0,
                    0.27
                ],
                [
                    0.0,
                    0.0,
                    0.0,
                    1.0
                ]
            ],
            "size": [
                0.52,
                1.16,
                0.6
            ]
        },
        "collider2": {
            "type": "Box",
            "collider2origin": [
                [
                    0.14347845458996014,
                    -0.6502594669910751,
                    -0.7460405878080358,
                    -0.03730051070399354
                ],
                [
                    -0.12280168092824147,
                    -0.7597121991711158,
                    0.6385586281554617,
                    0.8589591630528421
                ],
                [
                    -0.9820049288214774,
                    -4.366909310523479e-06,
                    -0.18885528785621794,
                    -0.15925444342342643
                ],
                [
                    0.0,
                    0.0,
                    0.0,
                    1.0
                ]
            ],
            "size": [
                0.15068,
                0.17726,
                0.74884
            ]
        },
        "distance": 0.20697926803096237
    },
    {
        "case": 8,
        "collider1": {
            "type": "Cylinder",
            "collider2origin": [
                [
                    0.907778172512869,
                    0.4194505805326725,
                    0.0,
                    -0.07232761537572224
                ],
                [
                    -0.4194505805326725,
                    0.907778172512869,
                    0.0,
                    1.2000044650142188
                ],
                [
                    0.0,
                    0.0,
                    1.0,
                    -0.5800000000000001
                ],
                [
                    0.0,
                    0.0,
                    0.0,
                    1.0
                ]
            ],
            "radius": 0.04,
            "height": 0.96
        },
        "collider2": {
            "type": "Box",
            "collider2origin": [
                [
                    0.14347845458996014,
                    -0.6502594669910751,
                    -0.7460405878080358,
                    -0.03730051070399354
                ],
                [
                    -0.12280168092824147,
                    -0.7597121991711158,
                    0.6385586281554617,
                    0.8589591630528421
                ],
                [
                    -0.9820049288214774,
                    -4.366909310523479e-06,
                    -0.18885528785621794,
                    -0.15925444342342643
                ],
                [
                    0.0,
                    0.0,
                    0.0,
                    1.0
                ]
            ],
            "size": [
                0.15068,
                0.17726,
                0.74884
            ]
        },
        "distance": 0.10768902633230522
    },
    {
        "case": 9,
        "collider1": {
            "type": "Box",
            "collider2origin": [
                [
                    0.9077781725128689,
                    0.4194505805326724,
                    0.0,
                    0.4158817547107895
                ],
                [
                    -0.4194505805326724,
                    0.9077781725128689,
                    0.0,
                    0.733173894971941
                ],
                [
                    0.0,
                    0.0,
                    1.0,
                    -0.6599999999999999
                ],
                [
                    0.0,
                    0.0,
                    0.0,
                    1.0
                ]
            ],
            "size": [
                0.6,
                1.0,
                0.8
            ]
        },
        "collider2": {
            "type": "Box",
            "collider2origin": [
                [
                    0.14347845458996014,
                    -0.6502594669910751,
                    -0.7460405878080358,
                    -0.03730051070399354
                ],
                [
                    -0.12280168092824147,
                    -0.7597121991711158,
                    0.6385586281554617,
                    0.8589591630528421
                ],
                [
                    -0.9820049288214774,
                    -4.366909310523479e-06,
                    -0.18885528785621794,
                    -0.15925444342342643
                ],
                [
                    0.0,
                    0.0,
                    0.0,
                    1.0
                ]
            ],
            "size": [
                0.15068,
                0.17726,
                0.74884
            ]
        },
        "distance": 0.05100799704494644
    },
    {
        "case": 10,
        "collider1": {
            "type": "Box",
            "collider2origin": [
                [
                    0.9077781725128689,
                    0.4194505805326724,
                    0.0,
                    0.27063700059322826
                ],
                [
                    -0.4194505805326724,
                    0.9077781725128689,
                    0.0,
                    0.8002854543438492
                ],
                [
                    0.0,
                    0.0,
                    1.0,
                    -0.25
                ],
                [
                    0.0,
                    0.0,
                    0.0,
                    1.0
                ]
            ],
            "size": [
                0.2,
                0.2,
                0.02
            ]
        },
        "collider2": {
            "type": "Box",
            "collider2origin": [
                [
                    0.14347845458996014,
                    -0.6502594669910751,
                    -0.7460405878080358,
                    -0.03730051070399354
                ],
                [
                    -0.12280168092824147,
                    -0.7597121991711158,
                    0.6385586281554617,
                    0.8589591630528421
                ],
                [
                    -0.9820049288214774,
                    -4.366909310523479e-06,
                    -0.18885528785621794,
                    -0.15925444342342643
                ],
                [
                    0.0,
                    0.0,
                    0.0,
                    1.0
                ]
            ],
            "size": [
                0.15068,
                0.17726,
                0.74884
            ]
        },
        "distance": 0.03923394647402845
    },
    {
        "case": 11,
        "collider1": {
            "type": "Box",
            "collider2origin": [
                [
                    0.907778172512869,
                    0.4194505805326725,
                    0.0,
                    -1.612083837096907
                ],
                [
                    -0.4194505805326725,
                    0.907778172512869,
                    0.0,
                    -0.24654756573714753
                ],
                [
                    0.0,
                    0.0,
                    1.0,
                    -0.040000000000000036
                ],
                [
                    0.0,
                    0.0,
                    0.0,
                    1.0
                ]
            ],
            "size": [
                2.0,
                2.0,
                2.0
            ]
        },
        "collider2": {
            "type": "Box",
            "collider2origin": [
                [
                    0.14347845458996014,
                    -0.6502594669910751,
                    -0.7460405878080358,
                    -0.03730051070399354
                ],
                [
                    -0.12280168092824147,
                    -0.7597121991711158,
                    0.6385586281554617,
                    0.8589591630528421
                ],
                [
                    -0.9820049288214774,
                    -4.366909310523479e-06,
                    -0.18885528785621794,
                    -0.15925444342342643
                ],
                [
                    0.0,
                    0.0,
                    0.0,
                    1.0
                ]
            ],
            "size": [
                0.15068,
                0.17726,
                0.74884
            ]
        },
        "distance": 0.5412227101007895
    },
    {
        "case": 12,
        "collider1": {
            "type": "Box",
            "collider2origin": [
                [
                    0.9798474486812189,
                    -0.1997472836183421,
                    0.0,
                    -0.20628161272202655
                ],
                [
                    0.19974728361834207,
                    0.9798474486812188,
                    0.0,
                    1.335871448475788
                ],
                [
                    0.0,
                    0.0,
                    1.0,
                    -0.21500000000000008
                ],
                [
                    0.0,
                    0.0,
                    0.0,
                    1.0
                ]
            ],
            "size": [
                0.2,
                0.3,
                0.22
            ]
        },
        "collider2": {
            "type": "Box",
            "collider2origin": [
                [
                    0.14347845458996014,
                    -0.6502594669910751,
                    -0.7460405878080358,
                    -0.03730051070399354
                ],
                [
                    -0.12280168092824147,
                    -0.7597121991711158,
                    0.6385586281554617,
                    0.8589591630528421
                ],
                [
                    -0.9820049288214774,
                    -4.366909310523479e-06,
                    -0.18885528785621794,
                    -0.15925444342342643
                ],
                [
                    0.0,
                    0.0,
                    0.0,
                    1.0
                ]
            ],
            "size": [
                0.15068,
                0.17726,
                0.74884
            ]
        },
        "distance": 0.0
    },
    {
        "case": 13,
        "collider1": {
            "type": "Box",
            "collider2origin": [
                [
                    0.9984065575563776,
                    -0.05643000822632935,
                    0.0,
                    -0.3111399560290343
                ],
                [
                    0.05643000822632935,
                    0.9984065575563776,
                    0.0,
                    1.3240986306775833
                ],
                [
                    0.0,
                    0.0,
                    1.0,
                    -0.21500000000000008
                ],
                [
                    0.0,
                    0.0,
                    0.0,
                    1.0
                ]
            ],
            "size": [
                0.2,
                0.3,
                0.22
            ]
        },
        "collider2": {
            "type": "Box",
            "collider2origin": [
                [
                    0.14347845458996014,
                    -0.6502594669910751,
                    -0.7460405878080358,
                    -0.03730051070399354
                ],
                [
                    -0.12280168092824147,
                    -0.7597121991711158,
                    0.6385586281554617,
                    0.8589591630528421
                ],
                [
                    -0.9820049288214774,
                    -4.366909310523479e-06,
                    -0.18885528785621794,
                    -0.15925444342342643
                ],
                [
                    0.0,
                    0.0,
                    0.0,
                    1.0
                ]
            ],
            "size": [
                0.15068,
                0.17726,
                0.74884
            ]
        },
        "distance": 0.001559249659899387
    },
    {
        "case": 14,
        "collider1": {
            "type": "Box",
            "collider2origin": [
                [
                    0.9997288002091077,
                    0.023287894547555033,
                    0.0,
                    -0.42010216954734814
                ],
                [
                    -0.02328789454755501,
                    0.9997288002091077,
                    0.0,
                    1.3190360102899432
                ],
                [
                    0.0,
                    0.0,
                    1.0,
                    -0.21500000000000008
                ],
                [
                    0.0,
                    0.0,
                    0.0,
                    1.0
                ]
            ],
            "size": [
                0.2,
                0.3,
                0.22
            ]
        },
        "collider2": {
            "type": "Box",
            "collider2origin": [
                [
                    0.14347845458996014,
                    -0.6502594669910751,
                    -0.7460405878080358,
                    -0.03730051070399354
                ],
                [
                    -0.12280168092824147,
                    -0.7597121991711158,
                    0.6385586281554617,
                    0.8589591630528421
                ],
                [
                    -0.9820049288214774,
                    -4.366909310523479e-06,
                    -0.18885528785621794,
                    -0.15925444342342643
                ],
                [
                    0.0,
                    0.0,
                    0.0,
                    1.0
                ]
            ],
            "size": [
                0.15068,
                0.17726,
                0.74884
            ]
        },
        "distance": 0.03575418590492164
    },
    {
        "case": 15,
        "collider1": {
            "type": "Box",
            "collider2origin": [
                [
                    0.907778172512869,
                    0.4194505805326725,
                    0.0,
                    -0.7418785952877999
                ],
                [
                    -0.4194505805326725,
                    0.907778172512869,
                    0.0,
                    1.2791466490804724
                ],
                [
                    0.0,
                    0.0,
                    1.0,
                    0.27
                ],
                [
                    0.0,
                    0.0,
                    0.0,
                    1.0
                ]
            ],
            "size": [
                0.52,
                1.16,
                0.6
            ]
        },
        "collider2": {
            "type": "Box",
            "collider2origin": [
                [
                    0.14347845458996014,
                    -0.6502594669910751,
                    -0.7460405878080358,
                    -0.03730051070399354
                ],
                [
                    -0.12280168092824147,
                    -0.7597121991711158,
                    0.6385586281554617,
                    0.8589591630528421
                ],
                [
                    -0.9820049288214774,
                    -4.366909310523479e-06,
                    -0.18885528785621794,
                    -0.15925444342342643
                ],
                [
                    0.0,
                    0.0,
                    0.0,
                    1.0
                ]
            ],
            "size": [
                0.15068,
                0.17726,
                0.74884
            ]
        },
        "distance": 0.20697926803096237
    },
    {
        "case": 16,
        "collider1": {
            "type": "Cylinder",
            "collider2origin": [
                [
                    0.907778172512869,
                    0.4194505805326725,
                    0.0,
                    -0.07232761537572224
                ],
                [
                    -0.4194505805326725,
                    0.907778172512869,
                    0.0,
                    1.2000044650142188
                ],
                [
                    0.0,
                    0.0,
                    1.0,
                    -0.5800000000000001
                ],
                [
                    0.0,
                    0.0,
                    0.0,
                    1.0
                ]
            ],
            "radius": 0.04,
            "height": 0.96
        },
        "collider2": {
            "type": "Box",
            "collider2origin": [
                [
                    0.14347845458996014,
                    -0.6502594669910751,
                    -0.7460405878080358,
                    -0.03730051070399354
                ],
                [
                    -0.12280168092824147,
                    -0.7597121991711158,
                    0.6385586281554617,
                    0.8589591630528421
                ],
                [
                    -0.9820049288214774,
                    -4.366909310523479e-06,
                    -0.18885528785621794,
                    -0.15925444342342643
                ],
                [
                    0.0,
                    0.0,
                    0.0,
                    1.0
                ]
            ],
            "size": [
                0.15068,
                0.17726,
                0.74884
            ]
        },
        "distance": 0.10768902633230522
    },
    {
        "case": 17,
        "collider1": {
            "type": "Cylinder",
            "collider2origin": [
                [
                    0.907778172512869,
                    0.4194505805326725,
                    0.0,
                    -0.6004934663570113
                ],
                [
                    -0.4194505805326725,
                    0.907778172512869,
                    0.0,
                    1.5387870906862133
                ],
                [
                    0.0,
                    0.0,
                    1.0,
                    -0.20999999999999996
                ],
                [
                    0.0,
                    0.0,
                    0.0,
                    1.0
                ]
            ],
            "radius": 0.04,
            "height": 0.22
        },
        "collider2": {
            "type": "Box",
            "collider2origin": [
                [
                    -0.7970806082195515,
                    0.5975257249599937,
                    0.08732417770230383,
                    -0.5414766579911723
                ],
                [
                    0.5738012899644733,
                    0.7043623816003336,
                    0.41788241769834233,
                    1.5090246734377653
                ],
                [
                    0.1881876288055516,
                    0.3831926974739202,
                    -0.9042946273019672,
                    -0.2162916361856202
                ],
                [
                    0.0,
                    0.0,
                    0.0,
                    1.0
                ]
            ],
            "size": [
                0.06241,
                0.05638,
                0.02858
            ]
        },
        "distance": 0.0
    },
    {
        "case": 18,
        "collider1": {
            "type": "Box",
            "collider2origin": [
                [
                    0.9997288002091077,
                    0.023287894547555033,
                    0.0,
                    -0.42010216954734814
                ],
                [
                    -0.02328789454755501,
                    0.9997288002091077,
                    0.0,
                    1.3190360102899432
                ],
                [
                    0.0,
                    0.0,
                    1.0,
                    -0.21500000000000008
                ],
                [
                    0.0,
                    0.0,
                    0.0,
                    1.0
                ]
            ],
            "size": [
                0.2,
                0.3,
                0.22
            ]
        },
        "collider2": {
            "type": "Box",
            "collider2origin": [
                [
                    -0.7970806082195515,
                    0.5975257249599937,
                    0.08732417770230383,
                    -0.5414766579911723
                ],
                [
                    0.5738012899644733,
                    0.7043623816003336,
                    0.41788241769834233,
                    1.5090246734377653
                ],
                [
                    0.1881876288055516,
                    0.3831926974739202,
                    -0.9042946273019672,
                    -0.2162916361856202
                ],
                [
                    0.0,
                    0.0,
                    0.0,
                    1.0
                ]
            ],
            "size": [
                0.06241,
                0.05638,
                0.02858
            ]
        },
        "distance": 0.009910797828717179
    },
    {
        "case": 19,
        "collider1": {
            "type": "Box",
            "collider2origin": [
                [
                    0.9741881675007261,
                    0.22573748980082478,
                    0.0,
                    -0.5292040201289168
                ],
                [
                    -0.2257374898008248,
                    0.974188167500726,
                    0.0,
                    1.3318616486630257
                ],
                [
                    0.0,
                    0.0,
                    1.0,
                    -0.21500000000000008
                ],
                [
                    0.0,
                    0.0,
                    0.0,
                    1.0
                ]
            ],
            "size": [
                0.2,
                0.3,
                0.22
            ]
        },
        "collider2": {
            "type": "Box",
            "collider2origin": [
                [
                    -0.7970806082195515,
                    0.5975257249599937,
                    0.08732417770230383,
                    -0.5414766579911723
                ],
                [
                    0.5738012899644733,
                    0.7043623816003336,
                    0.41788241769834233,
                    1.5090246734377653
                ],
                [
                    0.1881876288055516,
                    0.3831926974739202,
                    -0.9042946273019672,
                    -0.2162916361856202
                ],
                [
                    0.0,
                    0.0,
                    0.0,
                    1.0
                ]
            ],
            "size": [
                0.06241,
                0.05638,
                0.02858
            ]
        },
        "distance": 0.0
    },
    {
        "case": 20,
        "collider1": {
            "type": "Box",
            "collider2origin": [
                [
                    0.907778172512869,
                    0.4194505805326725,
                    0.0,
                    -0.6717546761389399
                ],
                [
                    -0.4194505805326725,
                    0.907778172512869,
                    0.0,
                    1.384443828829999
                ],
                [
                    0.0,
                    0.0,
                    1.0,
                    -0.21500000000000008
                ],
                [
                    0.0,
                    0.0,
                    0.0,
                    1.0
                ]
            ],
            "size": [
                0.2,
                0.3,
                0.22
            ]
        },
        "collider2": {
            "type": "Box",
            "collider2origin": [
                [
                    -0.7970806082195515,
                    0.5975257249599937,
                    0.08732417770230383,
                    -0.5414766579911723
                ],
                [
                    0.5738012899644733,
                    0.7043623816003336,
                    0.41788241769834233,
                    1.5090246734377653
                ],
                [
                    0.1881876288055516,
                    0.3831926974739202,
                    -0.9042946273019672,
                    -0.2162916361856202
                ],
                [
                    0.0,
                    0.0,
                    0.0,
                    1.0
                ]
            ],
            "size": [
                0.06241,
                0.05638,
                0.02858
            ]
        },
        "distance": 0.0
    },
    {
        "case": 21,
        "collider1": {
            "type": "Cylinder",
            "collider2origin": [
                [
                    0.907778172512869,
                    0.4194505805326725,
                    0.0,
                    -0.6004934663570113
                ],
                [
                    -0.4194505805326725,
                    0.907778172512869,
                    0.0,
                    1.5387870906862133
                ],
                [
                    0.0,
                    0.0,
                    1.0,
                    -0.20999999999999996
                ],
                [
