[
    {
        "case": 0,
        "collider1": {
            "type": "Box",
            "collider2origin": [
                [
                    0.9077781725128689,
                    0.4194505805326724,
                    0.0,
                    0.4158817547107895
                ],
                [
                    -0.4194505805326724,
                    0.9077781725128689,
                    0.0,
                    0.733173894971941
                ],
                [
                    0.0,
                    0.0,
                    1.0,
                    -0.6599999999999999
                ],
                [
                    0.0,
                    0.0,
                    0.0,
                    1.0
                ]
            ],
            "size": [
                0.6,
                1.0,
                0.8
            ]
        },
        "collider2": {
            "type": "Box",
            "collider2origin": [
                [
                    -0.8655788387793941,
                    -0.5000618778499515,
                    0.026671936159486542,
                    0.22080501659099455
                ],
                [
                    -0.4998249031330926,
                    0.8659896756123805,
                    0.01539311341992439,
                    0.9558176862991377
                ],
                [
                    -0.03079513054543255,
                    -7.3446680697272424e-06,
                    -0.9995257174684128,
                    -0.4025253253800133
                ],
                [
                    0.0,
                    0.0,
                    0.0,
                    1.0
                ]
            ],
            "size": [
                0.15068,
                0.17726,
                0.74884
            ]
        },
        "distance": 0.0
    },
    {
        "case": 1,
        "collider1": {
            "type": "Box",
            "collider2origin": [
                [
                    0.9077781725128689,
                    0.4194505805326724,
                    0.0,
                    0.27063700059322826
                ],
                [
                    -0.4194505805326724,
                    0.9077781725128689,
                    0.0,
                    0.8002854543438492
                ],
                [
                    0.0,
                    0.0,
                    1.0,
                    -0.25
                ],
                [
                    0.0,
                    0.0,
                    0.0,
                    1.0
                ]
            ],
            "size": [
                0.2,
                0.2,
                0.02
            ]
        },
        "collider2": {
            "type": "Box",
            "collider2origin": [
                [
                    -0.8655788387793941,
                    -0.5000618778499515,
                    0.026671936159486542,
                    0.22080501659099455
                ],
                [
                    -0.4998249031330926,
                    0.8659896756123805,
                    0.01539311341992439,
                    0.9558176862991377
                ],
                [
                    -0.03079513054543255,
                    -7.3446680697272424e-06,
                    -0.9995257174684128,
                    -0.4025253253800133
                ],
                [
                    0.0,
                    0.0,
                    0.0,
                    1.0
                ]
            ],
            "size": [
                0.15068,
                0.17726,
                0.74884
            ]
        },
        "distance": 0.0
    },
    {
        "case": 2,
        "collider1": {
            "type": "Box",
            "collider2origin": [
                [
                    0.9077781725128689,
                    0.4194505805326724,
                    0.0,
                    0.4158817547107895
                ],
                [
                    -0.4194505805326724,
                    0.9077781725128689,
                    0.0,
                    0.733173894971941
                ],
                [
                    0.0,
                    0.0,
                    1.0,
                    -0.6599999999999999
                ],
                [
                    0.0,
                    0.0,
                    0.0,
                    1.0
                ]
            ],
            "size": [
                0.6,
                1.0,
                0.8
            ]
        },
        "collider2": {
            "type": "Box",
            "collider2origin": [
                [
                    -0.8655788387793941,
                    -0.5000618778499515,
                    0.026671936159486542,
                    0.22080501659099455
                ],
                [
                    -0.4998249031330926,
                    0.8659896756123805,
                    0.01539311341992439,
                    0.9558176862991377
                ],
                [
                    -0.03079513054543255,
                    -7.3446680697272424e-06,
                    -0.9995257174684128,
                    -0.4025253253800133
                ],
                [
                    0.0,
                    0.0,
                    0.0,
                    1.0
                ]
            ],
            "size": [
                0.15068,
                0.17726,
                0.74884
            ]
        },
        "distance": 0.0
    },
    {
        "case": 3,
        "collider1": {
            "type": "Box",
            "collider2origin": [
                [
                    0.9077781725128689,
                    0.4194505805326724,
                    0.0,
                    0.27063700059322826
                ],
                [
                    -0.4194505805326724,
                    0.9077781725128689,
                    0.0,
                    0.8002854543438492
                ],
                [
                    0.0,
                    0.0,
                    1.0,
                    -0.25
                ],
                [
                    0.0,
                    0.0,
                    0.0,
                    1.0
                ]
            ],
            "size": [
                0.2,
                0.2,
                0.02
            ]
        },
        "collider2": {
            "type": "Box",
            "collider2origin": [
                [
                    -0.8655788387793941,
                    -0.5000618778499515,
                    0.026671936159486542,
                    0.22080501659099455
                ],
                [
                    -0.4998249031330926,
                    0.8659896756123805,
                    0.01539311341992439,
                    0.9558176862991377
                ],
                [
                    -0.03079513054543255,
                    -7.3446680697272424e-06,
                    -0.9995257174684128,
                    -0.4025253253800133
                ],
                [
                    0.0,
                    0.0,
                    0.0,
                    1.0
                ]
            ],
            "size": [
                0.15068,
                0.17726,
                0.74884
            ]
        },
        "distance": 0.0
    },
    {
        "case": 4,
        "collider1": {
            "type": "Box",
            "collider2origin": [
                [
                    0.9077781725128689,
                    0.4194505805326724,
                    0.0,
                    0.4158817547107895
                ],
                [
                    -0.4194505805326724,
                    0.9077781725128689,
                    0.0,
                    0.733173894971941
                ],
                [
                    0.0,
                    0.0,
                    1.0,
                    -0.6599999999999999
                ],
                [
                    0.0,
                    0.0,
                    0.0,
                    1.0
                ]
            ],
            "size": [
                0.6,
                1.0,
                0.8
            ]
        },
        "collider2": {
            "type": "Box",
            "collider2origin": [
                [
                    -0.20719230752776188,
                    -0.500065064386933,
                    -0.840836654220672,
                    0.05646875307854676
                ],
                [
                    -0.11963818719132337,
                    0.86598783557217,
                    -0.4855427610485015,
                    0.7150299166583252
                ],
                [
                    0.9709572863246329,
                    -4.552030060941621e-06,
                    -0.23925289572413497,
                    -0.7815610718643283
                ],
                [
                    0.0,
                    0.0,
                    0.0,
                    1.0
                ]
            ],
            "size": [
                0.1202,
                0.13634,
                0.67816
            ]
        },
        "distance": 0.0
    },
    {
        "case": 5,
        "collider1": {
            "type": "Box",
            "collider2origin": [
                [
                    0.907778172512869,
                    0.4194505805326725,
                    0.0,
                    -1.612083837096907
                ],
                [
                    -0.4194505805326725,
                    0.907778172512869,
                    0.0,
                    -0.24654756573714753
                ],
                [
                    0.0,
                    0.0,
                    1.0,
                    -0.040000000000000036
                ],
                [
                    0.0,
                    0.0,
                    0.0,
                    1.0
                ]
            ],
            "size": [
                2.0,
                2.0,
                2.0
            ]
        },
        "collider2": {
            "type": "Box",
            "collider2origin": [
                [
                    -0.5937217601141024,
                    0.320901142227045,
                    -0.7379139031651254,
                    -0.3288111437945322
                ],
                [
                    0.7785906817178564,
                    0.4606792786033932,
                    -0.4261116668287558,
                    0.6268526183422434
                ],
                [
                    0.20320192397990638,
                    -0.8275246577491422,
                    -0.5233659512310954,
                    -0.911695679367227
                ],
                [
                    0.0,
                    0.0,
                    0.0,
                    1.0
                ]
            ],
            "size": [
                0.09126,
                0.11887,
                0.10009
            ]
        },
        "distance": 0.2425324602816047
    },
    {
        "case": 6,
        "collider1": {
            "type": "Box",
            "collider2origin": [
                [
                    0.907778172512869,
                    0.4194505805326725,
                    0.0,
                    -1.612083837096907
                ],
                [
                    -0.4194505805326725,
                    0.907778172512869,
                    0.0,
                    -0.24654756573714753
                ],
                [
                    0.0,
                    0.0,
                    1.0,
                    -0.040000000000000036
                ],
                [
                    0.0,
                    0.0,
                    0.0,
                    1.0
                ]
            ],
            "size": [
                2.0,
                2.0,
                2.0
            ]
        },
        "collider2": {
            "type": "Box",
            "collider2origin": [
                [
                    0.6350463659349556,
                    0.42907863835526316,
                    -0.6423454173729264,
                    -0.2763735402931983
                ],
                [
                    0.6145605068915674,
                    0.22316203921242933,
                    0.7566466068276057,
                    0.6943060490956224
                ],
                [
                    0.4680080089934206,
                    -0.8752658032630676,
                    -0.1219765434674668,
                    -1.0450672068744118
                ],
                [
                    0.0,
                    0.0,
                    0.0,
                    1.0
                ]
            ],
            "size": [
                0.06241,
                0.05638,
                0.02858
            ]
        },
        "distance": 0.37188046804313407
    },
    {
        "case": 7,
        "collider1": {
            "type": "Box",
            "collider2origin": [
                [
                    0.907778172512869,
                    0.4194505805326725,
                    0.0,
                    -1.612083837096907
                ],
                [
                    -0.4194505805326725,
                    0.907778172512869,
                    0.0,
                    -0.24654756573714753
                ],
                [
                    0.0,
                    0.0,
                    1.0,
                    -0.040000000000000036
                ],
                [
                    0.0,
                    0.0,
                    0.0,
                    1.0
                ]
            ],
            "size": [
                2.0,
                2.0,
                2.0
            ]
        },
        "collider2": {
            "type": "Box",
            "collider2origin": [
                [
                    0.6072034255584632,
                    0.32090652263581604,
                    0.7268583106217168,
                    -0.3068933732045009
                ],
                [
                    -0.7706156693647199,
                    0.46068246135752644,
                    0.4403670740724556,
                    0.6600377674412276
                ],
                [
                    -0.19353420917148537,
                    -0.8275207994530165,
                    0.5270235633754983,
                    -0.9749673267066091
                ],
                [
                    0.0,
                    0.0,
                    0.0,
                    1.0
                ]
            ],
            "size": [
                0.08993,
                0.0305,
                0.09007
            ]
        },
        "distance": 0.31027476774308627
    },
    {
        "case": 8,
        "collider1": {
            "type": "Box",
            "collider2origin": [
                [
                    0.907778172512869,
                    0.4194505805326725,
                    0.0,
                    -1.612083837096907
                ],
                [
                    -0.4194505805326725,
                    0.907778172512869,
                    0.0,
                    -0.24654756573714753
                ],
                [
                    0.0,
                    0.0,
                    1.0,
                    -0.040000000000000036
                ],
                [
                    0.0,
                    0.0,
                    0.0,
                    1.0
                ]
            ],
            "size": [
                2.0,
                2.0,
                2.0
            ]
        },
        "collider2": {
            "type": "Box",
            "collider2origin": [
                [
                    -0.45323104593654,
                    -0.5000646863305586,
                    -0.7379139031651254,
                    -0.2467026182252599
                ],
                [
                    -0.26171270114117595,
                    0.8659880538747685,
                    -0.4261116668287558,
                    0.669019276392674
                ],
                [
                    0.8521080219436146,
                    -5.595635586364217e-06,
                    -0.5233659512310954,
                    -0.8528587264186743
                ],
                [
                    0.0,
                    0.0,
                    0.0,
                    1.0
                ]
            ],
            "size": [
                0.09102,
                0.10007,
                0.11882
            ]
        },
        "distance": 0.3141696256145226
    }
]