[
    {
        "case": 0,
        "collider1": {
            "type": "Box",
            "collider2origin": [
                [
                    0.9077781725128689,
                    0.4194505805326724,
                    0.0,
                    0.4158817547107895
                ],
                [
                    -0.4194505805326724,
                    0.9077781725128689,
                    0.0,
                    0.733173894971941
                ],
                [
                    0.0,
                    0.0,
                    1.0,
                    -0.6599999999999999
                ],
                [
                    0.0,
                    0.0,
                    0.0,
                    1.0
                ]
            ],
            "size": [
                0.6,
                1.0,
                0.8
            ]
        },
        "collider2": {
            "type": "Box",
            "collider2origin": [
                [
                    -0.8422771605201368,
                    -0.09353537132450054,
                    -0.5308675156546344,
                    0.1245135443655537
                ],
                [
                    -0.07912598316384983,
                    0.9956159572170437,
                    -0.04987929954544302,
                    0.9588214700814205
                ],
                [
                    0.5332056485583118,
                    -6.7806839457030905e-06,
                    -0.8459856596299563,
                    -0.3565236928067118
                ],
                [
                    0.0,
                    0.0,
                    0.0,
                    1.0
                ]
            ],
            "size": [
                0.15068,
                0.17726,
                0.74884
            ]
        },
        "distance": 0.0
    },
    {
        "case": 1,
        "collider1": {
            "type": "Box",
            "collider2origin": [
                [
                    0.9077781725128689,
                    0.4194505805326724,
                    0.0,
                    0.27063700059322826
                ],
                [
                    -0.4194505805326724,
                    0.9077781725128689,
                    0.0,
                    0.8002854543438492
                ],
                [
                    0.0,
                    0.0,
                    1.0,
                    -0.25
                ],
                [
                    0.0,
                    0.0,
                    0.0,
                    1.0
                ]
            ],
            "size": [
                0.2,
                0.2,
                0.02
            ]
        },
        "collider2": {
            "type": "Box",
            "collider2origin": [
                [
                    -0.8422771605201368,
                    -0.09353537132450054,
                    -0.5308675156546344,
                    0.1245135443655537
                ],
                [
                    -0.07912598316384983,
                    0.9956159572170437,
                    -0.04987929954544302,
                    0.9588214700814205
                ],
                [
                    0.5332056485583118,
                    -6.7806839457030905e-06,
                    -0.8459856596299563,
                    -0.3565236928067118
                ],
                [
                    0.0,
                    0.0,
                    0.0,
                    1.0
                ]
            ],
            "size": [
                0.15068,
                0.17726,
                0.74884
            ]
        },
        "distance": 0.0
    },
    {
        "case": 2,
        "collider1": {
            "type": "Box",
            "collider2origin": [
                [
                    0.9077781725128689,
                    0.4194505805326724,
                    0.0,
                    0.4158817547107895
                ],
                [
                    -0.4194505805326724,
                    0.9077781725128689,
                    0.0,
                    0.733173894971941
                ],
                [
                    0.0,
                    0.0,
                    1.0,
                    -0.6599999999999999
                ],
                [
                    0.0,
                    0.0,
                    0.0,
                    1.0
                ]
            ],
            "size": [
                0.6,
                1.0,
                0.8
            ]
        },
        "collider2": {
            "type": "Box",
            "collider2origin": [
                [
                    -0.8422771605201368,
                    -0.09353537132450054,
                    -0.5308675156546344,
                    0.1245135443655537
                ],
                [
                    -0.07912598316384983,
                    0.9956159572170437,
                    -0.04987929954544302,
                    0.9588214700814205
                ],
                [
                    0.5332056485583118,
                    -6.7806839457030905e-06,
                    -0.8459856596299563,
                    -0.3565236928067118
                ],
                [
                    0.0,
                    0.0,
                    0.0,
                    1.0
                ]
            ],
            "size": [
                0.15068,
                0.17726,
                0.74884
            ]
        },
        "distance": 0.0
    },
    {
        "case": 3,
        "collider1": {
            "type": "Box",
            "collider2origin": [
                [
                    0.9077781725128689,
                    0.4194505805326724,
                    0.0,
                    0.27063700059322826
                ],
                [
                    -0.4194505805326724,
                    0.9077781725128689,
                    0.0,
                    0.8002854543438492
                ],
                [
                    0.0,
                    0.0,
                    1.0,
                    -0.25
                ],
                [
                    0.0,
                    0.0,
                    0.0,
                    1.0
                ]
            ],
            "size": [
                0.2,
                0.2,
                0.02
            ]
        },
        "collider2": {
            "type": "Box",
            "collider2origin": [
                [
                    -0.8422771605201368,
                    -0.09353537132450054,
                    -0.5308675156546344,
                    0.1245135443655537
                ],
                [
                    -0.07912598316384983,
                    0.9956159572170437,
                    -0.04987929954544302,
                    0.9588214700814205
                ],
                [
                    0.5332056485583118,
                    -6.7806839457030905e-06,
                    -0.8459856596299563,
                    -0.3565236928067118
                ],
                [
                    0.0,
                    0.0,
                    0.0,
                    1.0
                ]
            ],
            "size": [
                0.15068,
                0.17726,
                0.74884
            ]
        },
        "distance": 0.0
    },
    {
        "case": 4,
        "collider1": {
            "type": "Box",
            "collider2origin": [
                [
                    0.9077781725128689,
                    0.4194505805326724,
                    0.0,
                    0.4158817547107895
                ],
                [
                    -0.4194505805326724,
                    0.9077781725128689,
                    0.0,
                    0.733173894971941
                ],
                [
                    0.0,
                    0.0,
                    1.0,
                    -0.6599999999999999
                ],
                [
                    0.0,
                    0.0,
                    0.0,
                    1.0
                ]
            ],
            "size": [
                0.6,
                1.0,
                0.8
            ]
        },
        "collider2": {
            "type": "Box",
            "collider2origin": [
                [
                    0.6615825937854964,
                    -0.09353068841420172,
                    0.7440164527245485,
                    0.179167713447278
                ],
                [
                    0.06214979450830656,
                    0.9956163971747587,
                    0.06989558440508604,
                    0.8370593887865971
                ],
                [
                    -0.7472923622268798,
                    -1.2323772400608156e-06,
                    0.6644953915234107,
                    -0.4340727983002939
                ],
                [
                    0.0,
                    0.0,
                    0.0,
                    1.0
                ]
            ],
            "size": [
                0.1202,
                0.13634,
                0.67816
            ]
        },
        "distance": 0.0
    },
    {
        "case": 5,
        "collider1": {
            "type": "Box",
            "collider2origin": [
                [
                    0.9077781725128689,
                    0.4194505805326724,
                    0.0,
                    0.27063700059322826
                ],
                [
                    -0.4194505805326724,
                    0.9077781725128689,
                    0.0,
                    0.8002854543438492
                ],
                [
                    0.0,
                    0.0,
                    1.0,
                    -0.25
                ],
                [
                    0.0,
                    0.0,
                    0.0,
                    1.0
                ]
            ],
            "size": [
                0.2,
                0.2,
                0.02
            ]
        },
        "collider2": {
            "type": "Box",
            "collider2origin": [
                [
                    0.6615825937854964,
                    -0.09353068841420172,
                    0.7440164527245485,
                    0.179167713447278
                ],
                [
                    0.06214979450830656,
                    0.9956163971747587,
                    0.06989558440508604,
                    0.8370593887865971
                ],
                [
                    -0.7472923622268798,
                    -1.2323772400608156e-06,
                    0.6644953915234107,
                    -0.4340727983002939
                ],
                [
                    0.0,
                    0.0,
                    0.0,
                    1.0
                ]
            ],
            "size": [
                0.1202,
                0.13634,
                0.67816
            ]
        },
        "distance": 0.0
    },
    {
        "case": 6,
        "collider1": {
            "type": "Box",
            "collider2origin": [
                [
                    0.907778172512869,
                    0.4194505805326725,
                    0.0,
                    0.9947946797881562
                ],
                [
                    -0.4194505805326725,
                    0.907778172512869,
                    0.0,
                    0.5317739604993647
                ],
                [
                    0.0,
                    0.0,
                    1.0,
                    -0.69
                ],
                [
                    0.0,
                    0.0,
                    0.0,
                    1.0
                ]
            ],
            "size": [
                0.6,
                1.2,
                0.75
            ]
        },
        "collider2": {
            "type": "Box",
            "collider2origin": [
                [
                    0.6615825937854964,
                    -0.09353068841420172,
                    0.7440164527245485,
                    0.179167713447278
                ],
                [
                    0.06214979450830656,
                    0.9956163971747587,
                    0.06989558440508604,
                    0.8370593887865971
                ],
                [
                    -0.7472923622268798,
                    -1.2323772400608156e-06,
                    0.6644953915234107,
                    -0.4340727983002939
                ],
                [
                    0.0,
                    0.0,
                    0.0,
                    1.0
                ]
            ],
            "size": [
                0.1202,
                0.13634,
                0.67816
            ]
        },
        "distance": 0.2872267506544765
    },
    {
        "case": 7,
        "collider1": {
            "type": "Box",
            "collider2origin": [
                [
                    0.9077781725128689,
                    0.4194505805326724,
                    0.0,
                    0.27063700059322826
                ],
                [
                    -0.4194505805326724,
                    0.9077781725128689,
                    0.0,
                    0.8002854543438492
                ],
                [
                    0.0,
                    0.0,
                    1.0,
                    -0.25
                ],
                [
                    0.0,
                    0.0,
                    0.0,
                    1.0
                ]
            ],
            "size": [
                0.2,
                0.2,
                0.02
            ]
        },
        "collider2": {
            "type": "Box",
            "collider2origin": [
                [
                    -0.5215318707281392,
                    -0.17720219459626613,
                    -0.8346279950044057,
                    0.26059269843551286
                ],
                [
                    -0.6256049023444847,
                    -0.5857496663720868,
                    0.515282286234969,
                    0.9177990472884329
                ],
                [
                    -0.5801922215760521,
                    0.7908835000019004,
                    0.19462855763579243,
                    -0.21166144820746413
                ],
                [
                    0.0,
                    0.0,
                    0.0,
                    1.0
                ]
            ],
            "size": [
                0.08993,
                0.0305,
                0.09007
            ]
        },
        "distance": 0.0
    },
    {
        "case": 8,
        "collider1": {
            "type": "Box",
            "collider2origin": [
                [
                    0.9077781725128689,
                    0.4194505805326724,
                    0.0,
                    0.4158817547107895
                ],
                [
                    -0.4194505805326724,
                    0.9077781725128689,
                    0.0,
                    0.733173894971941
                ],
                [
                    0.0,
                    0.0,
                    1.0,
                    -0.6599999999999999
                ],
                [
                    0.0,
                    0.0,
                    0.0,
                    1.0
                ]
            ],
            "size": [
                0.6,
                1.0,
                0.8
            ]
        },
        "collider2": {
            "type": "Box",
            "collider2origin": [
                [
                    0.23537118930003811,
                    -0.177202639005581,
                    -0.9556147905808822,
                    0.2782323691047778
                ],
                [
                    -0.8055024759766141,
                    -0.5857518888907308,
                    -0.08978020860125858,
                    0.9613456329475666
                ],
                [
                    -0.5438438787400571,
                    0.7908817543668578,
                    -0.28060628319154074,
                    -0.26988344056507585
                ],
                [
                    0.0,
                    0.0,
                    0.0,
                    1.0
                ]
            ],
            "size": [
                0.09126,
                0.11887,
                0.10009
            ]
        },
        "distance": 0.0
    },
    {
        "case": 9,
        "collider1": {
            "type": "Box",
            "collider2origin": [
                [
                    0.9077781725128689,
                    0.4194505805326724,
                    0.0,
                    0.27063700059322826
                ],
                [
                    -0.4194505805326724,
                    0.9077781725128689,
                    0.0,
                    0.8002854543438492
                ],
                [
                    0.0,
                    0.0,
                    1.0,
                    -0.25
                ],
                [
                    0.0,
                    0.0,
                    0.0,
                    1.0
                ]
            ],
            "size": [
                0.2,
                0.2,
                0.02
            ]
        },
        "collider2": {
            "type": "Box",
            "collider2origin": [
                [
                    0.23537118930003811,
                    -0.177202639005581,
                    -0.9556147905808822,
                    0.2782323691047778
                ],
                [
                    -0.8055024759766141,
                    -0.5857518888907308,
                    -0.08978020860125858,
                    0.9613456329475666
                ],
                [
                    -0.5438438787400571,
                    0.7908817543668578,
                    -0.28060628319154074,
                    -0.26988344056507585
                ],
                [
                    0.0,
                    0.0,
                    0.0,
                    1.0
                ]
            ],
            "size": [
                0.09126,
                0.11887,
                0.10009
            ]
        },
        "distance": 0.0
    },
    {
        "case": 10,
        "collider1": {
            "type": "Box",
            "collider2origin": [
                [
                    0.9077781725128689,
                    0.4194505805326724,
                    0.0,
                    0.4158817547107895
                ],
                [
                    -0.4194505805326724,
                    0.9077781725128689,
                    0.0,
                    0.733173894971941
                ],
                [
                    0.0,
                    0.0,
                    1.0,
                    -0.6599999999999999
                ],
                [
                    0.0,
                    0.0,
                    0.0,
                    1.0
                ]
            ],
            "size": [
                0.6,
                1.0,
                0.8
            ]
        },
        "collider2": {
            "type": "Box",
            "collider2origin": [
                [
                    -0.2793764744337959,
                    -0.09353693150835833,
                    -0.9556147905808822,
                    0.38352801276904114
                ],
                [
                    -0.02624255554706487,
                    0.9956158106528209,
                    -0.08978020860125858,
                    0.9685108805793547
                ],
                [
                    0.9598229596187526,
                    -4.703929534828589e-06,
                    -0.28060628319154074,
                    -0.24107220586440348
                ],
                [
                    0.0,
                    0.0,
                    0.0,
                    1.0
                ]
            ],
            "size": [
                0.09102,
                0.10007,
                0.11882
            ]
        },
        "distance": 0.0
    },
    {
        "case": 11,
        "collider1": {
            "type": "Box",
            "collider2origin": [
                [
                    0.9077781725128689,
                    0.4194505805326724,
                    0.0,
                    0.27063700059322826
                ],
                [
                    -0.4194505805326724,
                    0.9077781725128689,
                    0.0,
                    0.8002854543438492
                ],
                [
                    0.0,
                    0.0,
                    1.0,
                    -0.25
                ],
                [
                    0.0,
                    0.0,
                    0.0,
                    1.0
                ]
            ],
            "size": [
                0.2,
                0.2,
                0.02
            ]
        },
        "collider2": {
            "type": "Box",
            "collider2origin": [
                [
                    -0.2793764744337959,
                    -0.09353693150835833,
                    -0.9556147905808822,
                    0.38352801276904114
                ],
                [
                    -0.02624255554706487,
                    0.9956158106528209,
                    -0.08978020860125858,
                    0.9685108805793547
                ],
                [
                    0.9598229596187526,
                    -4.703929534828589e-06,
                    -0.28060628319154074,
                    -0.24107220586440348
                ],
                [
                    0.0,
                    0.0,
                    0.0,
                    1.0
                ]
            ],
            "size": [
                0.09102,
                0.10007,
                0.11882
            ]
        },
        "distance": 0.02527181680859154
    }
]