[
    {
        "case": 0,
        "collider1": {
            "type": "Box",
            "collider2origin": [
                [
                    0.9077781725128689,
                    0.4194505805326724,
                    0.0,
                    0.4158817547107895
                ],
                [
                    -0.4194505805326724,
                    0.9077781725128689,
                    0.0,
                    0.733173894971941
                ],
                [
                    0.0,
                    0.0,
                    1.0,
                    -0.6599999999999999
                ],
                [
                    0.0,
                    0.0,
                    0.0,
                    1.0
                ]
            ],
            "size": [
                0.6,
                1.0,
                0.8
            ]
        },
        "collider2": {
            "type": "Box",
            "collider2origin": [
                [
                    -0.5482517649872534,
                    0.7077635049669888,
                    -0.4455230894411701,
                    0.28994476742361946
                ],
                [
                    0.5492773853246771,
                    0.7064494468780356,
                    0.44634463475727365,
                    1.0571398564322838
                ],
                [
                    0.6306459832261265,
                    -6.523871751878692e-06,
                    -0.7760706435616482,
                    -0.3355609220797241
                ],
                [
                    0.0,
                    0.0,
                    0.0,
                    1.0
                ]
            ],
            "size": [
                0.15068,
                0.17726,
                0.74884
            ]
        },
        "distance": 0.0
    },
    {
        "case": 1,
        "collider1": {
            "type": "Box",
            "collider2origin": [
                [
                    0.9077781725128689,
                    0.4194505805326724,
                    0.0,
                    0.27063700059322826
                ],
                [
                    -0.4194505805326724,
                    0.9077781725128689,
                    0.0,
                    0.8002854543438492
                ],
                [
                    0.0,
                    0.0,
                    1.0,
                    -0.25
                ],
                [
                    0.0,
                    0.0,
                    0.0,
                    1.0
                ]
            ],
            "size": [
                0.2,
                0.2,
                0.02
            ]
        },
        "collider2": {
            "type": "Box",
            "collider2origin": [
                [
                    -0.5482517649872534,
                    0.7077635049669888,
                    -0.4455230894411701,
                    0.28994476742361946
                ],
                [
                    0.5492773853246771,
                    0.7064494468780356,
                    0.44634463475727365,
                    1.0571398564322838
                ],
                [
                    0.6306459832261265,
                    -6.523871751878692e-06,
                    -0.7760706435616482,
                    -0.3355609220797241
                ],
                [
                    0.0,
                    0.0,
                    0.0,
                    1.0
                ]
            ],
            "size": [
                0.15068,
                0.17726,
                0.74884
            ]
        },
        "distance": 0.0
    },
    {
        "case": 2,
        "collider1": {
            "type": "Box",
            "collider2origin": [
                [
                    0.907778172512869,
                    0.4194505805326725,
                    0.0,
                    0.9947946797881562
                ],
                [
                    -0.4194505805326725,
                    0.907778172512869,
                    0.0,
                    0.5317739604993647
                ],
                [
                    0.0,
                    0.0,
                    1.0,
                    -0.69
                ],
                [
                    0.0,
                    0.0,
                    0.0,
                    1.0
                ]
            ],
            "size": [
                0.6,
                1.2,
                0.75
            ]
        },
        "collider2": {
            "type": "Box",
            "collider2origin": [
                [
                    -0.5482517649872534,
                    0.7077635049669888,
                    -0.4455230894411701,
                    0.28994476742361946
                ],
                [
                    0.5492773853246771,
                    0.7064494468780356,
                    0.44634463475727365,
                    1.0571398564322838
                ],
                [
                    0.6306459832261265,
                    -6.523871751878692e-06,
                    -0.7760706435616482,
                    -0.3355609220797241
                ],
                [
                    0.0,
                    0.0,
                    0.0,
                    1.0
                ]
            ],
            "size": [
                0.15068,
                0.17726,
                0.74884
            ]
        },
        "distance": 0.3362159565853905
    },
    {
        "case": 3,
        "collider1": {
            "type": "Box",
            "collider2origin": [
                [
                    0.8404842512412337,
                    -0.5418359746412772,
                    0.0,
                    0.011439976095501792
                ],
                [
                    0.5418359746412771,
                    0.8404842512412338,
                    0.0,
                    1.4325762997644957
                ],
                [
                    0.0,
                    0.0,
                    1.0,
                    -0.21500000000000008
                ],
                [
                    0.0,
                    0.0,
                    0.0,
                    1.0
                ]
            ],
            "size": [
                0.2,
                0.3,
                0.22
            ]
        },
        "collider2": {
            "type": "Box",
            "collider2origin": [
                [
                    -0.5482517649872534,
                    0.7077635049669888,
                    -0.4455230894411701,
                    0.28994476742361946
                ],
                [
                    0.5492773853246771,
                    0.7064494468780356,
                    0.44634463475727365,
                    1.0571398564322838
                ],
                [
                    0.6306459832261265,
                    -6.523871751878692e-06,
                    -0.7760706435616482,
                    -0.3355609220797241
                ],
                [
                    0.0,
                    0.0,
                    0.0,
                    1.0
                ]
            ],
            "size": [
                0.15068,
                0.17726,
                0.74884
            ]
        },
        "distance": 0.1654435853195791
    },
    {
        "case": 4,
        "collider1": {
            "type": "Box",
            "collider2origin": [
                [
                    0.9081427509232697,
                    -0.4186606548811531,
                    0.0,
                    -0.09474126814702305
                ],
                [
                    0.41866065488115317,
                    0.9081427509232698,
                    0.0,
                    1.368923948110301
                ],
                [
                    0.0,
                    0.0,
                    1.0,
                    -0.21500000000000008
                ],
                [
                    0.0,
                    0.0,
                    0.0,
                    1.0
                ]
            ],
            "size": [
                0.2,
                0.3,
                0.22
            ]
        },
        "collider2": {
            "type": "Box",
            "collider2origin": [
                [
                    -0.5482517649872534,
                    0.7077635049669888,
                    -0.4455230894411701,
                    0.28994476742361946
                ],
                [
                    0.5492773853246771,
                    0.7064494468780356,
                    0.44634463475727365,
                    1.0571398564322838
                ],
                [
                    0.6306459832261265,
                    -6.523871751878692e-06,
                    -0.7760706435616482,
                    -0.3355609220797241
                ],
                [
                    0.0,
                    0.0,
                    0.0,
                    1.0
                ]
            ],
            "size": [
                0.15068,
                0.17726,
                0.74884
            ]
        },
        "distance": 0.17743489029406362
    },
    {
        "case": 5,
        "collider1": {
            "type": "Box",
            "collider2origin": [
                [
                    0.9077781725128689,
                    0.4194505805326724,
                    0.0,
                    0.4158817547107895
                ],
                [
                    -0.4194505805326724,
                    0.9077781725128689,
                    0.0,
                    0.733173894971941
                ],
                [
                    0.0,
                    0.0,
                    1.0,
                    -0.6599999999999999
                ],
                [
                    0.0,
                    0.0,
                    0.0,
                    1.0
                ]
            ],
            "size": [
                0.6,
                1.0,
                0.8
            ]
        },
        "collider2": {
            "type": "Box",
            "collider2origin": [
                [
                    -0.5482517649872534,
                    0.7077635049669888,
                    -0.4455230894411701,
                    0.28994476742361946
                ],
                [
                    0.5492773853246771,
                    0.7064494468780356,
                    0.44634463475727365,
                    1.0571398564322838
                ],
                [
                    0.6306459832261265,
                    -6.523871751878692e-06,
                    -0.7760706435616482,
                    -0.3355609220797241
                ],
                [
                    0.0,
                    0.0,
                    0.0,
                    1.0
                ]
            ],
            "size": [
                0.15068,
                0.17726,
                0.74884
            ]
        },
        "distance": 0.0
    },
    {
        "case": 6,
        "collider1": {
            "type": "Box",
            "collider2origin": [
                [
                    0.9077781725128689,
                    0.4194505805326724,
                    0.0,
                    0.27063700059322826
                ],
                [
                    -0.4194505805326724,
                    0.9077781725128689,
                    0.0,
                    0.8002854543438492
                ],
                [
                    0.0,
                    0.0,
                    1.0,
                    -0.25
                ],
                [
                    0.0,
                    0.0,
                    0.0,
                    1.0
                ]
            ],
            "size": [
                0.2,
                0.2,
                0.02
            ]
        },
        "collider2": {
            "type": "Box",
            "collider2origin": [
                [
                    -0.5482517649872534,
                    0.7077635049669888,
                    -0.4455230894411701,
                    0.28994476742361946
                ],
                [
                    0.5492773853246771,
                    0.7064494468780356,
                    0.44634463475727365,
                    1.0571398564322838
                ],
                [
                    0.6306459832261265,
                    -6.523871751878692e-06,
                    -0.7760706435616482,
                    -0.3355609220797241
                ],
                [
                    0.0,
                    0.0,
                    0.0,
                    1.0
                ]
            ],
            "size": [
                0.15068,
                0.17726,
                0.74884
            ]
        },
        "distance": 0.0
    },
    {
        "case": 7,
        "collider1": {
            "type": "Box",
            "collider2origin": [
                [
                    0.907778172512869,
                    0.4194505805326725,
                    0.0,
                    0.9947946797881562
                ],
                [
                    -0.4194505805326725,
                    0.907778172512869,
                    0.0,
                    0.5317739604993647
                ],
                [
                    0.0,
                    0.0,
                    1.0,
                    -0.69
                ],
                [
                    0.0,
                    0.0,
                    0.0,
                    1.0
                ]
            ],
            "size": [
                0.6,
                1.2,
                0.75
            ]
        },
        "collider2": {
            "type": "Box",
            "collider2origin": [
                [
                    -0.5482517649872534,
                    0.7077635049669888,
                    -0.4455230894411701,
                    0.28994476742361946
                ],
                [
                    0.5492773853246771,
                    0.7064494468780356,
                    0.44634463475727365,
                    1.0571398564322838
                ],
                [
                    0.6306459832261265,
                    -6.523871751878692e-06,
                    -0.7760706435616482,
                    -0.3355609220797241
                ],
                [
                    0.0,
                    0.0,
                    0.0,
                    1.0
                ]
            ],
            "size": [
                0.15068,
                0.17726,
                0.74884
            ]
        },
        "distance": 0.3362159565853905
    },
    {
        "case": 8,
        "collider1": {
            "type": "Box",
            "collider2origin": [
                [
                    0.8404842512412337,
                    -0.5418359746412772,
                    0.0,
                    0.011439976095501792
                ],
                [
                    0.5418359746412771,
                    0.8404842512412338,
                    0.0,
                    1.4325762997644957
                ],
                [
                    0.0,
                    0.0,
                    1.0,
                    -0.21500000000000008
                ],
                [
                    0.0,
                    0.0,
                    0.0,
                    1.0
                ]
            ],
            "size": [
                0.2,
                0.3,
                0.22
            ]
        },
        "collider2": {
            "type": "Box",
            "collider2origin": [
                [
                    -0.5482517649872534,
                    0.7077635049669888,
                    -0.4455230894411701,
                    0.28994476742361946
                ],
                [
                    0.5492773853246771,
                    0.7064494468780356,
                    0.44634463475727365,
                    1.0571398564322838
                ],
                [
                    0.6306459832261265,
                    -6.523871751878692e-06,
                    -0.7760706435616482,
                    -0.3355609220797241
                ],
                [
                    0.0,
                    0.0,
                    0.0,
                    1.0
                ]
            ],
            "size": [
                0.15068,
                0.17726,
                0.74884
            ]
        },
        "distance": 0.1654435853195791
    },
    {
        "case": 9,
        "collider1": {
            "type": "Box",
            "collider2origin": [
                [
                    0.9081427509232697,
                    -0.4186606548811531,
                    0.0,
                    -0.09474126814702305
                ],
                [
                    0.41866065488115317,
                    0.9081427509232698,
                    0.0,
                    1.368923948110301
                ],
                [
                    0.0,
                    0.0,
                    1.0,
                    -0.21500000000000008
                ],
                [
                    0.0,
                    0.0,
                    0.0,
                    1.0
                ]
            ],
            "size": [
                0.2,
                0.3,
                0.22
            ]
        },
        "collider2": {
            "type": "Box",
            "collider2origin": [
                [
                    -0.5482517649872534,
                    0.7077635049669888,
                    -0.4455230894411701,
                    0.28994476742361946
                ],
                [
                    0.5492773853246771,
                    0.7064494468780356,
                    0.44634463475727365,
                    1.0571398564322838
                ],
                [
                    0.6306459832261265,
                    -6.523871751878692e-06,
                    -0.7760706435616482,
                    -0.3355609220797241
                ],
                [
                    0.0,
                    0.0,
                    0.0,
                    1.0
                ]
            ],
            "size": [
                0.15068,
                0.17726,
                0.74884
            ]
        },
        "distance": 0.17743489029406362
    },
    {
        "case": 10,
        "collider1": {
            "type": "Box",
            "collider2origin": [
                [
                    0.9077781725128689,
                    0.4194505805326724,
                    0.0,
                    0.4158817547107895
                ],
                [
                    -0.4194505805326724,
                    0.9077781725128689,
                    0.0,
                    0.733173894971941
                ],
                [
                    0.0,
                    0.0,
                    1.0,
                    -0.6599999999999999
                ],
                [
                    0.0,
                    0.0,
                    0.0,
                    1.0
                ]
            ],
            "size": [
                0.6,
                1.0,
                0.8
            ]
        },
        "collider2": {
            "type": "Box",
            "collider2origin": [
                [
                    0.6504622390150618,
                    0.7077661538705509,
                    0.27561920660723244,
                    0.13869124360052193
                ],
                [
                    -0.651677203765927,
                    0.7064467930673922,
                    -0.2761335739395331,
                    1.0298371046044914
                ],
                [
                    -0.3901483021971711,
                    -2.910940447571183e-07,
                    0.9207520308381513,
                    -0.3194574225079465
                ],
                [
                    0.0,
                    0.0,
                    0.0,
                    1.0
                ]
            ],
            "size": [
                0.1202,
                0.13634,
                0.67816
            ]
        },
        "distance": 0.0
    },
    {
        "case": 11,
        "collider1": {
            "type": "Box",
            "collider2origin": [
                [
                    0.9077781725128689,
                    0.4194505805326724,
                    0.0,
                    0.27063700059322826
                ],
                [
                    -0.4194505805326724,
                    0.9077781725128689,
                    0.0,
                    0.8002854543438492
                ],
                [
                    0.0,
                    0.0,
                    1.0,
                    -0.25
                ],
                [
                    0.0,
                    0.0,
                    0.0,
                    1.0
                ]
            ],
            "size": [
                0.2,
                0.2,
                0.02
            ]
        },
        "collider2": {
            "type": "Box",
            "collider2origin": [
                [
                    0.6504622390150618,
                    0.7077661538705509,
                    0.27561920660723244,
                    0.13869124360052193
                ],
                [
                    -0.651677203765927,
                    0.7064467930673922,
                    -0.2761335739395331,
                    1.0298371046044914
                ],
                [
                    -0.3901483021971711,
                    -2.910940447571183e-07,
                    0.9207520308381513,
                    -0.3194574225079465
                ],
                [
                    0.0,
                    0.0,
                    0.0,
                    1.0
                ]
            ],
            "size": [
                0.1202,
                0.13634,
                0.67816
            ]
        },
        "distance": 0.02606279345581087
    },
    {
        "case": 12,
        "collider1": {
            "type": "Box",
            "collider2origin": [
                [
                    0.9081427509232697,
                    -0.4186606548811531,
                    0.0,
                    -0.09474126814702305
                ],
                [
                    0.41866065488115317,
                    0.9081427509232698,
                    0.0,
                    1.368923948110301
                ],
                [
                    0.0,
                    0.0,
                    1.0,
                    -0.21500000000000008
                ],
                [
                    0.0,
                    0.0,
                    0.0,
                    1.0
                ]
            ],
            "size": [
                0.2,
                0.3,
                0.22
            ]
        },
        "collider2": {
            "type": "Box",
            "collider2origin": [
                [
                    0.6504622390150618,
                    0.7077661538705509,
                    0.27561920660723244,
                    0.13869124360052193
                ],
                [
                    -0.651677203765927,
                    0.7064467930673922,
                    -0.2761335739395331,
                    1.0298371046044914
                ],
                [
                    -0.3901483021971711,
                    -2.910940447571183e-07,
                    0.9207520308381513,
                    -0.3194574225079465
                ],
                [
                    0.0,
                    0.0,
                    0.0,
                    1.0
                ]
            ],
            "size": [
                0.1202,
                0.13634,
                0.67816
            ]
        },
        "distance": 0.15674623904704277
    },
    {
        "case": 13,
        "collider1": {
            "type": "Cylinder",
            "collider2origin": [
                [
                    0.907778172512869,
                    0.4194505805326725,
                    0.0,
                    -0.07232761537572224
                ],
                [
                    -0.4194505805326725,
                    0.907778172512869,
                    0.0,
                    1.2000044650142188
                ],
                [
                    0.0,
                    0.0,
                    1.0,
                    -0.5800000000000001
                ],
                [
                    0.0,
                    0.0,
                    0.0,
                    1.0
                ]
            ],
            "radius": 0.04,
            "height": 0.96
        },
        "collider2": {
            "type": "Box",
            "collider2origin": [
                [
                    0.6504622390150618,
                    0.7077661538705509,
                    0.27561920660723244,
                    0.13869124360052193
                ],
                [
                    -0.651677203765927,
                    0.7064467930673922,
                    -0.2761335739395331,
                    1.0298371046044914
                ],
                [
                    -0.3901483021971711,
                    -2.910940447571183e-07,
                    0.9207520308381513,
                    -0.3194574225079465
                ],
                [
                    0.0,
                    0.0,
                    0.0,
                    1.0
                ]
            ],
            "size": [
                0.1202,
                0.13634,
                0.67816
            ]
        },
        "distance": 0.041883611029618385
    }
]