[
    {
        "case": 0,
        "collider1": {
            "type": "Box",
            "collider2origin": [
                [
                    0.9077781725128689,
                    0.4194505805326724,
                    0.0,
                    0.4158817547107895
                ],
                [
                    -0.4194505805326724,
                    0.9077781725128689,
                    0.0,
                    0.733173894971941
                ],
                [
                    0.0,
                    0.0,
                    1.0,
                    -0.6599999999999999
                ],
                [
                    0.0,
                    0.0,
                    0.0,
                    1.0
                ]
            ],
            "size": [
                0.6,
                1.0,
                0.8
            ]
        },
        "collider2": {
            "type": "Box",
            "collider2origin": [
                [
                    -0.05676942072054766,
                    0.9971488964388563,
                    0.049712284214511245,
                    0.32415169487003176
                ],
                [
                    -0.7501832362766213,
                    -0.07545911694383414,
                    0.6569102173658068,
                    0.4804112582476601
                ],
                [
                    0.6587885433738115,
                    -9.097494793691373e-07,
                    0.7523281565371482,
                    -0.24239520731847086
                ],
                [
                    0.0,
                    0.0,
                    0.0,
                    1.0
                ]
            ],
            "size": [
                0.1202,
                0.13634,
                0.67816
            ]
        },
        "distance": 0.0
    },
    {
        "case": 1,
        "collider1": {
            "type": "Box",
            "collider2origin": [
                [
                    0.9077781725128689,
                    0.4194505805326724,
                    0.0,
                    0.27063700059322826
                ],
                [
                    -0.4194505805326724,
                    0.9077781725128689,
                    0.0,
                    0.8002854543438492
                ],
                [
                    0.0,
                    0.0,
                    1.0,
                    -0.25
                ],
                [
                    0.0,
                    0.0,
                    0.0,
                    1.0
                ]
            ],
            "size": [
                0.2,
                0.2,
                0.02
            ]
        },
        "collider2": {
            "type": "Box",
            "collider2origin": [
                [
                    -0.05676942072054766,
                    0.9971488964388563,
                    0.049712284214511245,
                    0.32415169487003176
                ],
                [
                    -0.7501832362766213,
                    -0.07545911694383414,
                    0.6569102173658068,
                    0.4804112582476601
                ],
                [
                    0.6587885433738115,
                    -9.097494793691373e-07,
                    0.7523281565371482,
                    -0.24239520731847086
                ],
                [
                    0.0,
                    0.0,
                    0.0,
                    1.0
                ]
            ],
            "size": [
                0.1202,
                0.13634,
                0.67816
            ]
        },
        "distance": 0.07845405762222539
    },
    {
        "case": 2,
        "collider1": {
            "type": "Box",
            "collider2origin": [
                [
                    0.9077781725128689,
                    0.4194505805326724,
                    0.0,
                    0.4158817547107895
                ],
                [
                    -0.4194505805326724,
                    0.9077781725128689,
                    0.0,
                    0.733173894971941
                ],
                [
                    0.0,
                    0.0,
                    1.0,
                    -0.6599999999999999
                ],
                [
                    0.0,
                    0.0,
                    0.0,
                    1.0
                ]
            ],
            "size": [
                0.6,
                1.0,
                0.8
            ]
        },
        "collider2": {
            "type": "Box",
            "collider2origin": [
                [
                    0.04322622562121822,
                    0.9971484866190051,
                    -0.06185781318452095,
                    0.45548367198393624
                ],
                [
                    0.5712312760779763,
                    -0.07546453206671724,
                    -0.8173126290656949,
                    0.5416030980655298
                ],
                [
                    -0.8196501220940983,
                    -5.777453722227476e-06,
                    -0.5728644493401126,
                    -0.2744617283246168
                ],
                [
                    0.0,
                    0.0,
                    0.0,
                    1.0
                ]
            ],
            "size": [
                0.15068,
                0.17726,
                0.74884
            ]
        },
        "distance": 0.0
    },
    {
        "case": 3,
        "collider1": {
            "type": "Box",
            "collider2origin": [
                [
                    0.9077781725128689,
                    0.4194505805326724,
                    0.0,
                    0.27063700059322826
                ],
                [
                    -0.4194505805326724,
                    0.9077781725128689,
                    0.0,
                    0.8002854543438492
                ],
                [
                    0.0,
                    0.0,
                    1.0,
                    -0.25
                ],
                [
                    0.0,
                    0.0,
                    0.0,
                    1.0
                ]
            ],
            "size": [
                0.2,
                0.2,
                0.02
            ]
        },
        "collider2": {
            "type": "Box",
            "collider2origin": [
                [
                    0.04322622562121822,
                    0.9971484866190051,
                    -0.06185781318452095,
                    0.45548367198393624
                ],
                [
                    0.5712312760779763,
                    -0.07546453206671724,
                    -0.8173126290656949,
                    0.5416030980655298
                ],
                [
                    -0.8196501220940983,
                    -5.777453722227476e-06,
                    -0.5728644493401126,
                    -0.2744617283246168
                ],
                [
                    0.0,
                    0.0,
                    0.0,
                    1.0
                ]
            ],
            "size": [
                0.15068,
                0.17726,
                0.74884
            ]
        },
        "distance": 0.02685505002633098
    },
    {
        "case": 4,
        "collider1": {
            "type": "Box",
            "collider2origin": [
                [
                    0.907778172512869,
                    0.4194505805326725,
                    0.0,
                    0.9947946797881562
                ],
                [
                    -0.4194505805326725,
                    0.907778172512869,
                    0.0,
                    0.5317739604993647
                ],
                [
                    0.0,
                    0.0,
                    1.0,
                    -0.69
                ],
                [
                    0.0,
                    0.0,
                    0.0,
                    1.0
                ]
            ],
            "size": [
                0.6,
                1.2,
                0.75
            ]
        },
        "collider2": {
            "type": "Box",
            "collider2origin": [
                [
                    0.04322622562121822,
                    0.9971484866190051,
                    -0.06185781318452095,
                    0.45548367198393624
                ],
                [
                    0.5712312760779763,
                    -0.07546453206671724,
                    -0.8173126290656949,
                    0.5416030980655298
                ],
                [
                    -0.8196501220940983,
                    -5.777453722227476e-06,
                    -0.5728644493401126,
                    -0.2744617283246168
                ],
                [
                    0.0,
                    0.0,
                    0.0,
                    1.0
                ]
            ],
            "size": [
                0.15068,
                0.17726,
                0.74884
            ]
        },
        "distance": 0.0
    },
    {
        "case": 5,
        "collider1": {
            "type": "Box",
            "collider2origin": [
                [
                    0.9077781725128689,
                    0.4194505805326724,
                    0.0,
                    0.4158817547107895
                ],
                [
                    -0.4194505805326724,
                    0.9077781725128689,
                    0.0,
                    0.733173894971941
                ],
                [
                    0.0,
                    0.0,
                    1.0,
                    -0.6599999999999999
                ],
                [
                    0.0,
                    0.0,
                    0.0,
                    1.0
                ]
            ],
            "size": [
                0.6,
                1.0,
                0.8
            ]
        },
        "collider2": {
            "type": "Box",
            "collider2origin": [
                [
                    0.04322622562121822,
                    0.9971484866190051,
                    -0.06185781318452095,
                    0.45548367198393624
                ],
                [
                    0.5712312760779763,
                    -0.07546453206671724,
                    -0.8173126290656949,
                    0.5416030980655298
                ],
                [
                    -0.8196501220940983,
                    -5.777453722227476e-06,
                    -0.5728644493401126,
                    -0.2744617283246168
                ],
                [
                    0.0,
                    0.0,
                    0.0,
                    1.0
                ]
            ],
            "size": [
                0.15068,
                0.17726,
                0.74884
            ]
        },
        "distance": 0.0
    },
    {
        "case": 6,
        "collider1": {
            "type": "Box",
            "collider2origin": [
                [
                    0.9077781725128689,
                    0.4194505805326724,
                    0.0,
                    0.27063700059322826
                ],
                [
                    -0.4194505805326724,
                    0.9077781725128689,
                    0.0,
                    0.8002854543438492
                ],
                [
                    0.0,
                    0.0,
                    1.0,
                    -0.25
                ],
                [
                    0.0,
                    0.0,
                    0.0,
                    1.0
                ]
            ],
            "size": [
                0.2,
                0.2,
                0.02
            ]
        },
        "collider2": {
            "type": "Box",
            "collider2origin": [
                [
                    0.04322622562121822,
                    0.9971484866190051,
                    -0.06185781318452095,
                    0.45548367198393624
                ],
                [
                    0.5712312760779763,
                    -0.07546453206671724,
                    -0.8173126290656949,
                    0.5416030980655298
                ],
                [
                    -0.8196501220940983,
                    -5.777453722227476e-06,
                    -0.5728644493401126,
                    -0.2744617283246168
                ],
                [
                    0.0,
                    0.0,
                    0.0,
                    1.0
                ]
            ],
            "size": [
                0.15068,
                0.17726,
                0.74884
            ]
        },
        "distance": 0.02685505002633098
    },
    {
        "case": 7,
        "collider1": {
            "type": "Box",
            "collider2origin": [
                [
                    0.907778172512869,
                    0.4194505805326725,
                    0.0,
                    0.9947946797881562
                ],
                [
                    -0.4194505805326725,
                    0.907778172512869,
                    0.0,
                    0.5317739604993647
                ],
                [
                    0.0,
                    0.0,
                    1.0,
                    -0.69
                ],
                [
                    0.0,
                    0.0,
                    0.0,
                    1.0
                ]
            ],
            "size": [
                0.6,
                1.2,
                0.75
            ]
        },
        "collider2": {
            "type": "Box",
            "collider2origin": [
                [
                    0.04322622562121822,
                    0.9971484866190051,
                    -0.06185781318452095,
                    0.45548367198393624
                ],
                [
                    0.5712312760779763,
                    -0.07546453206671724,
                    -0.8173126290656949,
                    0.5416030980655298
                ],
                [
                    -0.8196501220940983,
                    -5.777453722227476e-06,
                    -0.5728644493401126,
                    -0.2744617283246168
                ],
                [
                    0.0,
                    0.0,
                    0.0,
                    1.0
                ]
            ],
            "size": [
                0.15068,
                0.17726,
                0.74884
            ]
        },
        "distance": 0.0
    }
]