[
    {
        "case": 0,
        "collider1": {
            "type": "Box",
            "collider2origin": [
                [
                    0.9077781725128689,
                    0.4194505805326724,
                    0.0,
                    0.4158817547107895
                ],
                [
                    -0.4194505805326724,
                    0.9077781725128689,
                    0.0,
                    0.733173894971941
                ],
                [
                    0.0,
                    0.0,
                    1.0,
                    -0.6599999999999999
                ],
                [
                    0.0,
                    0.0,
                    0.0,
                    1.0
                ]
            ],
            "size": [
                0.6,
                1.0,
                0.8
            ]
        },
        "collider2": {
            "type": "Box",
            "collider2origin": [
                [
                    -0.492182410018537,
                    0.8394830737177762,
                    0.2302708062471216,
                    0.5156471628025151
                ],
                [
                    0.7603728455121105,
                    0.5433858379571103,
                    -0.35575970389501,
                    0.7880509529985609
                ],
                [
                    -0.42378014474036046,
                    -7.0002660353793575e-06,
                    -0.9057650848177109,
                    -0.3743610828789853
                ],
                [
                    0.0,
                    0.0,
                    0.0,
                    1.0
                ]
            ],
            "size": [
                0.15068,
                0.17726,
                0.74884
            ]
        },
        "distance": 0.0
    },
    {
        "case": 1,
        "collider1": {
            "type": "Box",
            "collider2origin": [
                [
                    0.9077781725128689,
                    0.4194505805326724,
                    0.0,
                    0.27063700059322826
                ],
                [
                    -0.4194505805326724,
                    0.9077781725128689,
                    0.0,
                    0.8002854543438492
                ],
                [
                    0.0,
                    0.0,
                    1.0,
                    -0.25
                ],
                [
                    0.0,
                    0.0,
                    0.0,
                    1.0
                ]
            ],
            "size": [
                0.2,
                0.2,
                0.02
            ]
        },
        "collider2": {
            "type": "Box",
            "collider2origin": [
                [
                    -0.492182410018537,
                    0.8394830737177762,
                    0.2302708062471216,
                    0.5156471628025151
                ],
                [
                    0.7603728455121105,
                    0.5433858379571103,
                    -0.35575970389501,
                    0.7880509529985609
                ],
                [
                    -0.42378014474036046,
                    -7.0002660353793575e-06,
                    -0.9057650848177109,
                    -0.3743610828789853
                ],
                [
                    0.0,
                    0.0,
                    0.0,
                    1.0
                ]
            ],
            "size": [
                0.15068,
                0.17726,
                0.74884
            ]
        },
        "distance": 0.0
    },
    {
        "case": 2,
        "collider1": {
            "type": "Box",
            "collider2origin": [
                [
                    0.907778172512869,
                    0.4194505805326725,
                    0.0,
                    0.9947946797881562
                ],
                [
                    -0.4194505805326725,
                    0.907778172512869,
                    0.0,
                    0.5317739604993647
                ],
                [
                    0.0,
                    0.0,
                    1.0,
                    -0.69
                ],
                [
                    0.0,
                    0.0,
                    0.0,
                    1.0
                ]
            ],
            "size": [
                0.6,
                1.2,
                0.75
            ]
        },
        "collider2": {
            "type": "Box",
            "collider2origin": [
                [
                    -0.492182410018537,
                    0.8394830737177762,
                    0.2302708062471216,
                    0.5156471628025151
                ],
                [
                    0.7603728455121105,
                    0.5433858379571103,
                    -0.35575970389501,
                    0.7880509529985609
                ],
                [
                    -0.42378014474036046,
                    -7.0002660353793575e-06,
                    -0.9057650848177109,
                    -0.3743610828789853
                ],
                [
                    0.0,
                    0.0,
                    0.0,
                    1.0
                ]
            ],
            "size": [
                0.15068,
                0.17726,
                0.74884
            ]
        },
        "distance": 0.003284967660440164
    },
    {
        "case": 3,
        "collider1": {
            "type": "Box",
            "collider2origin": [
                [
                    0.9077781725128689,
                    0.4194505805326724,
                    0.0,
                    0.4158817547107895
                ],
                [
                    -0.4194505805326724,
                    0.9077781725128689,
                    0.0,
                    0.733173894971941
                ],
                [
                    0.0,
                    0.0,
                    1.0,
                    -0.6599999999999999
                ],
                [
                    0.0,
                    0.0,
                    0.0,
                    1.0
                ]
            ],
            "size": [
                0.6,
                1.0,
                0.8
            ]
        },
        "collider2": {
            "type": "Box",
            "collider2origin": [
                [
                    -0.492182410018537,
                    0.8394830737177762,
                    0.2302708062471216,
                    0.5156471628025151
                ],
                [
                    0.7603728455121105,
                    0.5433858379571103,
                    -0.35575970389501,
                    0.7880509529985609
                ],
                [
                    -0.42378014474036046,
                    -7.0002660353793575e-06,
                    -0.9057650848177109,
                    -0.3743610828789853
                ],
                [
                    0.0,
                    0.0,
                    0.0,
                    1.0
                ]
            ],
            "size": [
                0.15068,
                0.17726,
                0.74884
            ]
        },
        "distance": 0.0
    },
    {
        "case": 4,
        "collider1": {
            "type": "Box",
            "collider2origin": [
                [
                    0.9077781725128689,
                    0.4194505805326724,
                    0.0,
                    0.27063700059322826
                ],
                [
                    -0.4194505805326724,
                    0.9077781725128689,
                    0.0,
                    0.8002854543438492
                ],
                [
                    0.0,
                    0.0,
                    1.0,
                    -0.25
                ],
                [
                    0.0,
                    0.0,
                    0.0,
                    1.0
                ]
            ],
            "size": [
                0.2,
                0.2,
                0.02
            ]
        },
        "collider2": {
            "type": "Box",
            "collider2origin": [
                [
                    -0.492182410018537,
                    0.8394830737177762,
                    0.2302708062471216,
                    0.5156471628025151
                ],
                [
                    0.7603728455121105,
                    0.5433858379571103,
                    -0.35575970389501,
                    0.7880509529985609
                ],
                [
                    -0.42378014474036046,
                    -7.0002660353793575e-06,
                    -0.9057650848177109,
                    -0.3743610828789853
                ],
                [
                    0.0,
                    0.0,
                    0.0,
                    1.0
                ]
            ],
            "size": [
                0.15068,
                0.17726,
                0.74884
            ]
        },
        "distance": 0.0
    },
    {
        "case": 5,
        "collider1": {
            "type": "Box",
            "collider2origin": [
                [
                    0.907778172512869,
                    0.4194505805326725,
                    0.0,
                    0.9947946797881562
                ],
                [
                    -0.4194505805326725,
                    0.907778172512869,
                    0.0,
                    0.5317739604993647
                ],
                [
                    0.0,
                    0.0,
                    1.0,
                    -0.69
                ],
                [
                    0.0,
                    0.0,
                    0.0,
                    1.0
                ]
            ],
            "size": [
                0.6,
                1.2,
                0.75
            ]
        },
        "collider2": {
            "type": "Box",
            "collider2origin": [
                [
                    -0.492182410018537,
                    0.8394830737177762,
                    0.2302708062471216,
                    0.5156471628025151
                ],
                [
                    0.7603728455121105,
                    0.5433858379571103,
                    -0.35575970389501,
                    0.7880509529985609
                ],
                [
                    -0.42378014474036046,
                    -7.0002660353793575e-06,
                    -0.9057650848177109,
                    -0.3743610828789853
                ],
                [
                    0.0,
                    0.0,
                    0.0,
                    1.0
                ]
            ],
            "size": [
                0.15068,
                0.17726,
                0.74884
            ]
        },
        "distance": 0.003284967660440164
    },
    {
        "case": 6,
        "collider1": {
            "type": "Box",
            "collider2origin": [
                [
                    0.9077781725128689,
                    0.4194505805326724,
                    0.0,
                    0.4158817547107895
                ],
                [
                    -0.4194505805326724,
                    0.9077781725128689,
                    0.0,
                    0.733173894971941
                ],
                [
                    0.0,
                    0.0,
                    1.0,
                    -0.6599999999999999
                ],
                [
                    0.0,
                    0.0,
                    0.0,
                    1.0
                ]
            ],
            "size": [
                0.6,
                1.0,
                0.8
            ]
        },
        "collider2": {
            "type": "Box",
            "collider2origin": [
                [
                    0.06094530552214989,
                    0.8394802444959688,
                    -0.5399616549680172,
                    0.7941806189452056
                ],
                [
                    -0.09414806979461947,
                    0.5433902088650039,
                    0.8341841654356636,
                    0.3309065213668905
                ],
                [
                    0.9936910036267608,
                    -3.261245869033518e-06,
                    0.11215252694703325,
                    -1.0607187636181723
                ],
                [
                    0.0,
                    0.0,
                    0.0,
                    1.0
                ]
            ],
            "size": [
                0.09102,
                0.10007,
                0.11882
            ]
        },
        "distance": 0.13433166751433742
    },
    {
        "case": 7,
        "collider1": {
            "type": "Box",
            "collider2origin": [
                [
                    0.907778172512869,
                    0.4194505805326725,
                    0.0,
                    0.9947946797881562
                ],
                [
                    -0.4194505805326725,
                    0.907778172512869,
                    0.0,
                    0.5317739604993647
                ],
                [
                    0.0,
                    0.0,
                    1.0,
                    -0.69
                ],
                [
                    0.0,
                    0.0,
                    0.0,
                    1.0
                ]
            ],
            "size": [
                0.6,
                1.2,
                0.75
            ]
        },
        "collider2": {
            "type": "Box",
            "collider2origin": [
                [
                    0.06094530552214989,
                    0.8394802444959688,
                    -0.5399616549680172,
                    0.7941806189452056
                ],
                [
                    -0.09414806979461947,
                    0.5433902088650039,
                    0.8341841654356636,
                    0.3309065213668905
                ],
                [
                    0.9936910036267608,
                    -3.261245869033518e-06,
                    0.11215252694703325,
                    -1.0607187636181723
                ],
                [
                    0.0,
                    0.0,
                    0.0,
                    1.0
                ]
            ],
            "size": [
                0.09102,
                0.10007,
                0.11882
            ]
        },
        "distance": 0.0
    },
    {
        "case": 8,
        "collider1": {
            "type": "Box",
            "collider2origin": [
                [
                    0.9077781725128689,
                    0.4194505805326724,
                    0.0,
                    0.4158817547107895
                ],
                [
                    -0.4194505805326724,
                    0.9077781725128689,
                    0.0,
                    0.733173894971941
                ],
                [
                    0.0,
                    0.0,
                    1.0,
                    -0.6599999999999999
                ],
                [
                    0.0,
                    0.0,
                    0.0,
                    1.0
                ]
            ],
            "size": [
                0.6,
                1.0,
                0.8
            ]
        },
        "collider2": {
            "type": "Box",
            "collider2origin": [
                [
                    0.7994040611607386,
                    0.26342846878027054,
                    -0.5399616549680172,
                    0.7390984647826426
                ],
                [
                    0.4665585172492362,
                    0.29404069126329985,
                    0.8341841654356636,
                    0.4249270926634236
                ],
                [
                    0.37851855566393594,
                    -0.9187739187185728,
                    0.11215252694703325,
                    -1.0502217869532346
                ],
                [
                    0.0,
                    0.0,
                    0.0,
                    1.0
                ]
            ],
            "size": [
                0.09126,
                0.11887,
                0.10009
            ]
        },
        "distance": 0.04959669303992462
    },
    {
        "case": 9,
        "collider1": {
            "type": "Box",
            "collider2origin": [
                [
                    0.907778172512869,
                    0.4194505805326725,
                    0.0,
                    0.9947946797881562
                ],
                [
                    -0.4194505805326725,
                    0.907778172512869,
                    0.0,
                    0.5317739604993647
                ],
                [
                    0.0,
                    0.0,
                    1.0,
                    -0.69
                ],
                [
                    0.0,
                    0.0,
                    0.0,
                    1.0
                ]
            ],
            "size": [
                0.6,
                1.2,
                0.75
            ]
        },
        "collider2": {
            "type": "Box",
            "collider2origin": [
                [
                    0.7994040611607386,
                    0.26342846878027054,
                    -0.5399616549680172,
                    0.7390984647826426
                ],
                [
                    0.4665585172492362,
                    0.29404069126329985,
                    0.8341841654356636,
                    0.4249270926634236
                ],
                [
                    0.37851855566393594,
                    -0.9187739187185728,
                    0.11215252694703325,
                    -1.0502217869532346
                ],
                [
                    0.0,
                    0.0,
                    0.0,
                    1.0
                ]
            ],
            "size": [
                0.09126,
                0.11887,
                0.10009
            ]
        },
        "distance": 0.0
    },
    {
        "case": 10,
        "collider1": {
            "type": "Box",
            "collider2origin": [
                [
                    0.9077781725128689,
                    0.4194505805326724,
                    0.0,
                    0.4158817547107895
                ],
                [
                    -0.4194505805326724,
                    0.9077781725128689,
                    0.0,
                    0.733173894971941
                ],
                [
                    0.0,
                    0.0,
                    1.0,
                    -0.6599999999999999
                ],
                [
                    0.0,
                    0.0,
                    0.0,
                    1.0
                ]
            ],
            "size": [
                0.6,
                1.0,
                0.8
            ]
        },
        "collider2": {
            "type": "Box",
            "collider2origin": [
                [
                    -0.3833823137748158,
                    0.8394836423570641,
                    0.38507819426654866,
                    0.5893889390399345
                ],
                [
                    0.5922849646313407,
                    0.5433849594676592,
                    -0.594921260753036,
                    0.44161898970648666
                ],
                [
                    -0.7086723658760231,
                    -6.264789866107407e-06,
                    -0.7055377224531882,
                    -0.8548062066247408
                ],
                [
                    0.0,
                    0.0,
                    0.0,
                    1.0
                ]
            ],
            "size": [
                0.1202,
                0.13634,
                0.67816
            ]
        },
        "distance": 0.0
    },
    {
        "case": 11,
        "collider1": {
            "type": "Box",
            "collider2origin": [
                [
                    0.907778172512869,
                    0.4194505805326725,
                    0.0,
                    0.9947946797881562
                ],
                [
                    -0.4194505805326725,
                    0.907778172512869,
                    0.0,
                    0.5317739604993647
                ],
                [
                    0.0,
                    0.0,
                    1.0,
                    -0.69
                ],
                [
                    0.0,
                    0.0,
                    0.0,
                    1.0
                ]
            ],
            "size": [
                0.6,
                1.2,
                0.75
            ]
        },
        "collider2": {
            "type": "Box",
            "collider2origin": [
                [
                    -0.3833823137748158,
                    0.8394836423570641,
                    0.38507819426654866,
                    0.5893889390399345
                ],
                [
                    0.5922849646313407,
                    0.5433849594676592,
                    -0.594921260753036,
                    0.44161898970648666
                ],
                [
                    -0.7086723658760231,
                    -6.264789866107407e-06,
                    -0.7055377224531882,
                    -0.8548062066247408
                ],
                [
                    0.0,
                    0.0,
                    0.0,
                    1.0
                ]
            ],
            "size": [
                0.1202,
                0.13634,
                0.67816
            ]
        },
        "distance": 0.0
    }
]