[
    {
        "case": 0,
        "collider1": {
            "type": "Box",
            "collider2origin": [
                [
                    0.907778172512869,
                    0.4194505805326725,
                    0.0,
                    -1.612083837096907
                ],
                [
                    -0.4194505805326725,
                    0.907778172512869,
                    0.0,
                    -0.24654756573714753
                ],
                [
                    0.0,
                    0.0,
                    1.0,
                    -0.040000000000000036
                ],
                [
                    0.0,
                    0.0,
                    0.0,
                    1.0
                ]
            ],
            "size": [
                2.0,
                2.0,
                2.0
            ]
        },
        "collider2": {
            "type": "Box",
            "collider2origin": [
                [
                    -0.3115959752614172,
                    -0.7297290460550611,
                    -0.6086078109459795,
                    -0.12722731285309158
                ],
                [
                    0.3325585708766897,
                    -0.6837364399676045,
                    0.6495454392087441,
                    1.1854642113714484
                ],
                [
                    -0.890119511715893,
                    -1.9992257312110117e-06,
                    0.4557271715167563,
                    0.5444378277994764
                ],
                [
                    0.0,
                    0.0,
                    0.0,
                    1.0
                ]
            ],
            "size": [
                0.1202,
                0.13634,
                0.67816
            ]
        },
        "distance": 0.736417450268169
    },
    {
        "case": 1,
        "collider1": {
            "type": "Box",
            "collider2origin": [
                [
                    0.907778172512869,
                    0.4194505805326725,
                    0.0,
                    -0.7418785952877999
                ],
                [
                    -0.4194505805326725,
                    0.907778172512869,
                    0.0,
                    1.2791466490804724
                ],
                [
                    0.0,
                    0.0,
                    1.0,
                    0.27
                ],
                [
                    0.0,
                    0.0,
                    0.0,
                    1.0
                ]
            ],
            "size": [
                0.52,
                1.16,
                0.6
            ]
        },
        "collider2": {
            "type": "Box",
            "collider2origin": [
                [
                    -0.3115959752614172,
                    -0.7297290460550611,
                    -0.6086078109459795,
                    -0.12722731285309158
                ],
                [
                    0.3325585708766897,
                    -0.6837364399676045,
                    0.6495454392087441,
                    1.1854642113714484
                ],
                [
                    -0.890119511715893,
                    -1.9992257312110117e-06,
                    0.4557271715167563,
                    0.5444378277994764
                ],
                [
                    0.0,
                    0.0,
                    0.0,
                    1.0
                ]
            ],
            "size": [
                0.1202,
                0.13634,
                0.67816
            ]
        },
        "distance": 0.0692282123908583
    }
]