[
    {
        "case": 0,
        "collider1": {
            "type": "Box",
            "collider2origin": [
                [
                    0.9077781725128689,
                    0.4194505805326724,
                    0.0,
                    0.4158817547107895
                ],
                [
                    -0.4194505805326724,
                    0.9077781725128689,
                    0.0,
                    0.733173894971941
                ],
                [
                    0.0,
                    0.0,
                    1.0,
                    -0.6599999999999999
                ],
                [
                    0.0,
                    0.0,
                    0.0,
                    1.0
                ]
            ],
            "size": [
                0.6,
                1.0,
                0.8
            ]
        },
        "collider2": {
            "type": "Box",
            "collider2origin": [
                [
                    0.692089772734585,
                    -0.7018002265142858,
                    0.16878444401273351,
                    0.2280687303087986
                ],
                [
                    -0.6818196707141654,
                    -0.7123738077807557,
                    -0.16626934358195414,
                    0.6258532129080346
                ],
                [
                    0.23692548006370576,
                    -7.2418260721888955e-06,
                    -0.971527826078151,
                    -0.3941532749621409
                ],
                [
                    0.0,
                    0.0,
                    0.0,
                    1.0
                ]
            ],
            "size": [
                0.15068,
                0.17726,
                0.74884
            ]
        },
        "distance": 0.0
    },
    {
        "case": 1,
        "collider1": {
            "type": "Box",
            "collider2origin": [
                [
                    0.9077781725128689,
                    0.4194505805326724,
                    0.0,
                    0.27063700059322826
                ],
                [
                    -0.4194505805326724,
                    0.9077781725128689,
                    0.0,
                    0.8002854543438492
                ],
                [
                    0.0,
                    0.0,
                    1.0,
                    -0.25
                ],
                [
                    0.0,
                    0.0,
                    0.0,
                    1.0
                ]
            ],
            "size": [
                0.2,
                0.2,
                0.02
            ]
        },
        "collider2": {
            "type": "Box",
            "collider2origin": [
                [
                    0.692089772734585,
                    -0.7018002265142858,
                    0.16878444401273351,
                    0.2280687303087986
                ],
                [
                    -0.6818196707141654,
                    -0.7123738077807557,
                    -0.16626934358195414,
                    0.6258532129080346
                ],
                [
                    0.23692548006370576,
                    -7.2418260721888955e-06,
                    -0.971527826078151,
                    -0.3941532749621409
                ],
                [
                    0.0,
                    0.0,
                    0.0,
                    1.0
                ]
            ],
            "size": [
                0.15068,
                0.17726,
                0.74884
            ]
        },
        "distance": 0.0
    },
    {
        "case": 2,
        "collider1": {
            "type": "Box",
            "collider2origin": [
                [
                    0.9077781725128689,
                    0.4194505805326724,
                    0.0,
                    0.4158817547107895
                ],
                [
                    -0.4194505805326724,
                    0.9077781725128689,
                    0.0,
                    0.733173894971941
                ],
                [
                    0.0,
                    0.0,
                    1.0,
                    -0.6599999999999999
                ],
                [
                    0.0,
                    0.0,
                    0.0,
                    1.0
                ]
            ],
            "size": [
                0.6,
                1.0,
                0.8
            ]
        },
        "collider2": {
            "type": "Box",
            "collider2origin": [
                [
                    0.692089772734585,
                    -0.7018002265142858,
                    0.16878444401273351,
                    0.2280687303087986
                ],
                [
                    -0.6818196707141654,
                    -0.7123738077807557,
                    -0.16626934358195414,
                    0.6258532129080346
                ],
                [
                    0.23692548006370576,
                    -7.2418260721888955e-06,
                    -0.971527826078151,
                    -0.3941532749621409
                ],
                [
                    0.0,
                    0.0,
                    0.0,
                    1.0
                ]
            ],
            "size": [
                0.15068,
                0.17726,
                0.74884
            ]
        },
        "distance": 0.0
    },
    {
        "case": 3,
        "collider1": {
            "type": "Box",
            "collider2origin": [
                [
                    0.9077781725128689,
                    0.4194505805326724,
                    0.0,
                    0.27063700059322826
                ],
                [
                    -0.4194505805326724,
                    0.9077781725128689,
                    0.0,
                    0.8002854543438492
                ],
                [
                    0.0,
                    0.0,
                    1.0,
                    -0.25
                ],
                [
                    0.0,
                    0.0,
                    0.0,
                    1.0
                ]
            ],
            "size": [
                0.2,
                0.2,
                0.02
            ]
        },
        "collider2": {
            "type": "Box",
            "collider2origin": [
                [
                    0.692089772734585,
                    -0.7018002265142858,
                    0.16878444401273351,
                    0.2280687303087986
                ],
                [
                    -0.6818196707141654,
                    -0.7123738077807557,
                    -0.16626934358195414,
                    0.6258532129080346
                ],
                [
                    0.23692548006370576,
                    -7.2418260721888955e-06,
                    -0.971527826078151,
                    -0.3941532749621409
                ],
                [
                    0.0,
                    0.0,
                    0.0,
                    1.0
                ]
            ],
            "size": [
                0.15068,
                0.17726,
                0.74884
            ]
        },
        "distance": 0.0
    },
    {
        "case": 4,
        "collider1": {
            "type": "Box",
            "collider2origin": [
                [
                    0.9077781725128689,
                    0.4194505805326724,
                    0.0,
                    0.27063700059322826
                ],
                [
                    -0.4194505805326724,
                    0.9077781725128689,
                    0.0,
                    0.8002854543438492
                ],
                [
                    0.0,
                    0.0,
                    1.0,
                    -0.25
                ],
                [
                    0.0,
                    0.0,
                    0.0,
                    1.0
                ]
            ],
            "size": [
                0.2,
                0.2,
                0.02
            ]
        },
        "collider2": {
            "type": "Box",
            "collider2origin": [
                [
                    -0.6003577876776397,
                    -0.7018022550336093,
                    -0.38346332497978375,
                    0.11991195249713299
                ],
                [
                    0.5914506365400197,
                    -0.7123718094011072,
                    0.37777314582563737,
                    0.752870503152862
                ],
                [
                    -0.5382905082863859,
                    -5.775771434885426e-07,
                    0.842759353960815,
                    -0.17497372987312665
                ],
                [
                    0.0,
                    0.0,
                    0.0,
                    1.0
                ]
            ],
            "size": [
                0.09102,
                0.10007,
                0.11882
            ]
        },
        "distance": 0.0
    },
    {
        "case": 5,
        "collider1": {
            "type": "Box",
            "collider2origin": [
                [
                    0.9077781725128689,
                    0.4194505805326724,
                    0.0,
                    0.4158817547107895
                ],
                [
                    -0.4194505805326724,
                    0.9077781725128689,
                    0.0,
                    0.733173894971941
                ],
                [
                    0.0,
                    0.0,
                    1.0,
                    -0.6599999999999999
                ],
                [
                    0.0,
                    0.0,
                    0.0,
                    1.0
                ]
            ],
            "size": [
                0.6,
                1.0,
                0.8
            ]
        },
        "collider2": {
            "type": "Box",
            "collider2origin": [
                [
                    -0.6472861647863918,
                    -0.7018019392011264,
                    -0.29748051870612074,
                    0.28610261495437195
                ],
                [
                    0.6376819259301251,
                    -0.7123721205475589,
                    0.2930660731108613,
                    0.7460317211364025
                ],
                [
                    -0.41759116635552856,
                    -3.356022739953182e-07,
                    0.9086350300212491,
                    -0.4424736964182412
                ],
                [
                    0.0,
                    0.0,
                    0.0,
                    1.0
                ]
            ],
            "size": [
                0.1202,
                0.13634,
                0.67816
            ]
        },
        "distance": 0.0
    },
    {
        "case": 6,
        "collider1": {
            "type": "Box",
            "collider2origin": [
                [
                    0.9077781725128689,
                    0.4194505805326724,
                    0.0,
                    0.27063700059322826
                ],
                [
                    -0.4194505805326724,
                    0.9077781725128689,
                    0.0,
                    0.8002854543438492
                ],
                [
                    0.0,
                    0.0,
                    1.0,
                    -0.25
                ],
                [
                    0.0,
                    0.0,
                    0.0,
                    1.0
                ]
            ],
            "size": [
                0.2,
                0.2,
                0.02
            ]
        },
        "collider2": {
            "type": "Box",
            "collider2origin": [
                [
                    -0.6472861647863918,
                    -0.7018019392011264,
                    -0.29748051870612074,
                    0.28610261495437195
                ],
                [
                    0.6376819259301251,
                    -0.7123721205475589,
                    0.2930660731108613,
                    0.7460317211364025
                ],
                [
                    -0.41759116635552856,
                    -3.356022739953182e-07,
                    0.9086350300212491,
                    -0.4424736964182412
                ],
                [
                    0.0,
                    0.0,
                    0.0,
                    1.0
                ]
            ],
            "size": [
                0.1202,
                0.13634,
                0.67816
            ]
        },
        "distance": 0.0
    },
    {
        "case": 7,
        "collider1": {
            "type": "Box",
            "collider2origin": [
                [
                    0.907778172512869,
                    0.4194505805326725,
                    0.0,
                    0.9947946797881562
                ],
                [
                    -0.4194505805326725,
                    0.907778172512869,
                    0.0,
                    0.5317739604993647
                ],
                [
                    0.0,
                    0.0,
                    1.0,
                    -0.69
                ],
                [
                    0.0,
                    0.0,
                    0.0,
                    1.0
                ]
            ],
            "size": [
                0.6,
                1.2,
                0.75
            ]
        },
        "collider2": {
            "type": "Box",
            "collider2origin": [
                [
                    -0.6472861647863918,
                    -0.7018019392011264,
                    -0.29748051870612074,
                    0.28610261495437195
                ],
                [
                    0.6376819259301251,
                    -0.7123721205475589,
                    0.2930660731108613,
                    0.7460317211364025
                ],
                [
                    -0.41759116635552856,
                    -3.356022739953182e-07,
                    0.9086350300212491,
                    -0.4424736964182412
                ],
                [
                    0.0,
                    0.0,
                    0.0,
                    1.0
                ]
            ],
            "size": [
                0.1202,
                0.13634,
                0.67816
            ]
        },
        "distance": 0.22550657407511016
    }
]