[
    {
        "case": 0,
        "collider1": {
            "type": "Box",
            "collider2origin": [
                [
                    0.9077781725128689,
                    0.4194505805326724,
                    0.0,
                    0.27063700059322826
                ],
                [
                    -0.4194505805326724,
                    0.9077781725128689,
                    0.0,
                    0.8002854543438492
                ],
                [
                    0.0,
                    0.0,
                    1.0,
                    -0.25
                ],
                [
                    0.0,
                    0.0,
                    0.0,
                    1.0
                ]
            ],
            "size": [
                0.2,
                0.2,
                0.02
            ]
        },
        "collider2": {
            "type": "Box",
            "collider2origin": [
                [
                    -0.002551014668887838,
                    0.9997736379879302,
                    0.021122620778173503,
                    0.4808379836861246
                ],
                [
                    0.1196813761370108,
                    0.021276107902135213,
                    -0.9925843518001319,
                    0.5059568270466164
                ],
                [
                    -0.9928090755679615,
                    -4.1129191986556895e-06,
                    -0.11970856048325629,
                    -0.1385114310778488
                ],
                [
                    0.0,
                    0.0,
                    0.0,
                    1.0
                ]
            ],
            "size": [
                0.15068,
                0.17726,
                0.74884
            ]
        },
        "distance": 0.06036816616865577
    },
    {
        "case": 1,
        "collider1": {
            "type": "Box",
            "collider2origin": [
                [
                    0.9077781725128689,
                    0.4194505805326724,
                    0.0,
                    0.27063700059322826
                ],
                [
                    -0.4194505805326724,
                    0.9077781725128689,
                    0.0,
                    0.8002854543438492
                ],
                [
                    0.0,
                    0.0,
                    1.0,
                    -0.25
                ],
                [
                    0.0,
                    0.0,
                    0.0,
                    1.0
                ]
            ],
            "size": [
                0.2,
                0.2,
                0.02
            ]
        },
        "collider2": {
            "type": "Box",
            "collider2origin": [
                [
                    -0.002551014668887838,
                    0.9997736379879302,
                    0.021122620778173503,
                    0.4808379836861246
                ],
                [
                    0.1196813761370108,
                    0.021276107902135213,
                    -0.9925843518001319,
                    0.5059568270466164
                ],
                [
                    -0.9928090755679615,
                    -4.1129191986556895e-06,
                    -0.11970856048325629,
                    -0.1385114310778488
                ],
                [
                    0.0,
                    0.0,
                    0.0,
                    1.0
                ]
            ],
            "size": [
                0.15068,
                0.17726,
                0.74884
            ]
        },
        "distance": 0.06036816616865577
    },
    {
        "case": 2,
        "collider1": {
            "type": "Box",
            "collider2origin": [
                [
                    -3.673205103346574e-06,
                    -0.9999999999932537,
                    0.0,
                    0.42000000000000004
                ],
                [
                    0.9999999999932537,
                    -3.673205103346574e-06,
                    0.0,
                    -0.395
                ],
                [
                    0.0,
                    0.0,
                    1.0,
                    0.53989
                ],
                [
                    0.0,
                    0.0,
                    0.0,
                    1.0
                ]
            ],
            "size": [
                0.6,
                0.32,
                1.16
            ]
        },
        "collider2": {
            "type": "Box",
            "collider2origin": [
                [
                    0.014388887286238806,
                    0.9997735027995976,
                    -0.01568129530640901,
                    0.47800751752020765
                ],
                [
                    -0.6758970305685061,
                    0.02128245987678473,
                    0.7366887137524704,
                    -0.04613626980104146
                ],
                [
                    0.7368555923594121,
                    -1.1899341588758675e-06,
                    0.6760501726996628,
                    0.3432342363805947
                ],
                [
                    0.0,
                    0.0,
                    0.0,
                    1.0
                ]
            ],
            "size": [
                0.09102,
                0.10007,
                0.11882
            ]
        },
        "distance": 0.0
    },
    {
        "case": 3,
        "collider1": {
            "type": "Box",
            "collider2origin": [
                [
                    -3.673205103346574e-06,
                    -0.9999999999932537,
                    0.0,
                    0.42000000000000004
                ],
                [
                    0.9999999999932537,
                    -3.673205103346574e-06,
                    0.0,
                    -0.395
                ],
                [
                    0.0,
                    0.0,
                    1.0,
                    0.53989
                ],
                [
                    0.0,
                    0.0,
                    0.0,
                    1.0
                ]
            ],
            "size": [
                0.6,
                0.32,
                1.16
            ]
        },
        "collider2": {
            "type": "Box",
            "collider2origin": [
                [
                    0.0192441352930241,
                    0.9997735937484841,
                    0.009078793976356034,
                    0.36366367675777816
                ],
                [
                    -0.9042089948421869,
                    0.021278187026108623,
                    -0.4265598813805212,
                    0.07402363773996767
                ],
                [
                    -0.4266564858329311,
                    -3.511078771314281e-07,
                    0.9044137565829979,
                    0.0776539520559627
                ],
                [
                    0.0,
                    0.0,
                    0.0,
                    1.0
                ]
            ],
            "size": [
                0.1202,
                0.13634,
                0.67816
            ]
        },
        "distance": 0.0
    },
    {
        "case": 4,
        "collider1": {
            "type": "Box",
            "collider2origin": [
                [
                    1.0,
                    0.0,
                    0.0,
                    0.35
                ],
                [
                    0.0,
                    1.0,
                    0.0,
                    -0.34649
                ],
                [
                    0.0,
                    0.0,
                    1.0,
                    -0.54511
                ],
                [
                    0.0,
                    0.0,
                    0.0,
                    1.0
                ]
            ],
            "size": [
                0.7,
                0.7,
                1.1
            ]
        },
        "collider2": {
            "type": "Box",
            "collider2origin": [
                [
                    0.0192441352930241,
                    0.9997735937484841,
                    0.009078793976356034,
                    0.36366367675777816
                ],
                [
                    -0.9042089948421869,
                    0.021278187026108623,
                    -0.4265598813805212,
                    0.07402363773996767
                ],
                [
                    -0.4266564858329311,
                    -3.511078771314281e-07,
                    0.9044137565829979,
                    0.0776539520559627
                ],
                [
                    0.0,
                    0.0,
                    0.0,
                    1.0
                ]
            ],
            "size": [
                0.1202,
                0.13634,
                0.67816
            ]
        },
        "distance": 0.03341479819669282
    }
]