[
    {
        "case": 0,
        "collider1": {
            "type": "Box",
            "collider2origin": [
                [
                    0.9077781725128689,
                    0.4194505805326724,
                    0.0,
                    0.4158817547107895
                ],
                [
                    -0.4194505805326724,
                    0.9077781725128689,
                    0.0,
                    0.733173894971941
                ],
                [
                    0.0,
                    0.0,
                    1.0,
                    -0.6599999999999999
                ],
                [
                    0.0,
                    0.0,
                    0.0,
                    1.0
                ]
            ],
            "size": [
                0.6,
                1.0,
                0.8
            ]
        },
        "collider2": {
            "type": "Box",
            "collider2origin": [
                [
                    -0.9382892385841797,
                    -0.023669397702060613,
                    -0.3450406706020931,
                    0.19245988344060183
                ],
                [
                    -0.0222125065709409,
                    0.9997198405361959,
                    -0.008175878553316593,
                    0.9720418862335505
                ],
                [
                    0.3451375223138688,
                    -7.120699557328309e-06,
                    -0.9385521246261921,
                    -0.3842722557561258
                ],
                [
                    0.0,
                    0.0,
                    0.0,
                    1.0
                ]
            ],
            "size": [
                0.15068,
                0.17726,
                0.74884
            ]
        },
        "distance": 0.0
    },
    {
        "case": 1,
        "collider1": {
            "type": "Box",
            "collider2origin": [
                [
                    0.9077781725128689,
                    0.4194505805326724,
                    0.0,
                    0.27063700059322826
                ],
                [
                    -0.4194505805326724,
                    0.9077781725128689,
                    0.0,
                    0.8002854543438492
                ],
                [
                    0.0,
                    0.0,
                    1.0,
                    -0.25
                ],
                [
                    0.0,
                    0.0,
                    0.0,
                    1.0
                ]
            ],
            "size": [
                0.2,
                0.2,
                0.02
            ]
        },
        "collider2": {
            "type": "Box",
            "collider2origin": [
                [
                    -0.9382892385841797,
                    -0.023669397702060613,
                    -0.3450406706020931,
                    0.19245988344060183
                ],
                [
                    -0.0222125065709409,
                    0.9997198405361959,
                    -0.008175878553316593,
                    0.9720418862335505
                ],
                [
                    0.3451375223138688,
                    -7.120699557328309e-06,
                    -0.9385521246261921,
                    -0.3842722557561258
                ],
                [
                    0.0,
                    0.0,
                    0.0,
                    1.0
                ]
            ],
            "size": [
                0.15068,
                0.17726,
                0.74884
            ]
        },
        "distance": 0.0
    },
    {
        "case": 2,
        "collider1": {
            "type": "Box",
            "collider2origin": [
                [
                    0.9077781725128689,
                    0.4194505805326724,
                    0.0,
                    0.4158817547107895
                ],
                [
                    -0.4194505805326724,
                    0.9077781725128689,
                    0.0,
                    0.733173894971941
                ],
                [
                    0.0,
                    0.0,
                    1.0,
                    -0.6599999999999999
                ],
                [
                    0.0,
                    0.0,
                    0.0,
                    1.0
                ]
            ],
            "size": [
                0.6,
                1.0,
                0.8
            ]
        },
        "collider2": {
            "type": "Box",
            "collider2origin": [
                [
                    -0.9382892385841797,
                    -0.023669397702060613,
                    -0.3450406706020931,
                    0.19245988344060183
                ],
                [
                    -0.0222125065709409,
                    0.9997198405361959,
                    -0.008175878553316593,
                    0.9720418862335505
                ],
                [
                    0.3451375223138688,
                    -7.120699557328309e-06,
                    -0.9385521246261921,
                    -0.3842722557561258
                ],
                [
                    0.0,
                    0.0,
                    0.0,
                    1.0
                ]
            ],
            "size": [
                0.15068,
                0.17726,
                0.74884
            ]
        },
        "distance": 0.0
    },
    {
        "case": 3,
        "collider1": {
            "type": "Box",
            "collider2origin": [
                [
                    0.9077781725128689,
                    0.4194505805326724,
                    0.0,
                    0.27063700059322826
                ],
                [
                    -0.4194505805326724,
                    0.9077781725128689,
                    0.0,
                    0.8002854543438492
                ],
                [
                    0.0,
                    0.0,
                    1.0,
                    -0.25
                ],
                [
                    0.0,
                    0.0,
                    0.0,
                    1.0
                ]
            ],
            "size": [
                0.2,
                0.2,
                0.02
            ]
        },
        "collider2": {
            "type": "Box",
            "collider2origin": [
                [
                    -0.9382892385841797,
                    -0.023669397702060613,
                    -0.3450406706020931,
                    0.19245988344060183
                ],
                [
                    -0.0222125065709409,
                    0.9997198405361959,
                    -0.008175878553316593,
                    0.9720418862335505
                ],
                [
                    0.3451375223138688,
                    -7.120699557328309e-06,
                    -0.9385521246261921,
                    -0.3842722557561258
                ],
                [
                    0.0,
                    0.0,
                    0.0,
                    1.0
                ]
            ],
            "size": [
                0.15068,
                0.17726,
                0.74884
            ]
        },
        "distance": 0.0
    },
    {
        "case": 4,
        "collider1": {
            "type": "Box",
            "collider2origin": [
                [
                    0.9077781725128689,
                    0.4194505805326724,
                    0.0,
                    0.4158817547107895
                ],
                [
                    -0.4194505805326724,
                    0.9077781725128689,
                    0.0,
                    0.733173894971941
                ],
                [
                    0.0,
                    0.0,
                    1.0,
                    -0.6599999999999999
                ],
                [
                    0.0,
                    0.0,
                    0.0,
                    1.0
                ]
            ],
            "size": [
                0.6,
                1.0,
                0.8
            ]
        },
        "collider2": {
            "type": "Box",
            "collider2origin": [
                [
                    -0.49748052204164583,
                    0.6552710891743643,
                    -0.5684478251180262,
                    -0.0717053337779549
                ],
                [
                    0.7626674169918713,
                    0.6426215444134151,
                    0.07332095003928826,
                    1.003452570527368
                ],
                [
                    0.41334191808733656,
                    -0.3970608899752774,
                    -0.8194456104000571,
                    -1.1158382517777479
                ],
                [
                    0.0,
                    0.0,
                    0.0,
                    1.0
                ]
            ],
            "size": [
                0.08993,
                0.0305,
                0.09007
            ]
        },
        "distance": 0.19660380911954795
    },
    {
        "case": 5,
        "collider1": {
            "type": "Box",
            "collider2origin": [
                [
                    0.9077781725128689,
                    0.4194505805326724,
                    0.0,
                    0.4158817547107895
                ],
                [
                    -0.4194505805326724,
                    0.9077781725128689,
                    0.0,
                    0.733173894971941
                ],
                [
                    0.0,
                    0.0,
                    1.0,
                    -0.6599999999999999
                ],
                [
                    0.0,
                    0.0,
                    0.0,
                    1.0
                ]
            ],
            "size": [
                0.6,
                1.0,
                0.8
            ]
        },
        "collider2": {
            "type": "Box",
            "collider2origin": [
                [
                    0.5576889499780942,
                    0.6552750487244754,
                    0.5095072576435664,
                    -0.12198345840318409
                ],
                [
                    -0.7660889956224944,
                    0.6426213193965444,
                    0.012061950222156679,
                    0.9553075619535117
                ],
                [
                    -0.31951633112948785,
                    -0.39705471962461386,
                    0.8603818127816107,
                    -1.0886505961057429
                ],
                [
                    0.0,
                    0.0,
                    0.0,
                    1.0
                ]
            ],
            "size": [
                0.09126,
                0.11887,
                0.10009
            ]
        },
        "distance": 0.20284337026957638
    },
    {
        "case": 6,
        "collider1": {
            "type": "Box",
            "collider2origin": [
                [
                    0.9077781725128689,
                    0.4194505805326724,
                    0.0,
                    0.4158817547107895
                ],
                [
                    -0.4194505805326724,
                    0.9077781725128689,
                    0.0,
                    0.733173894971941
                ],
                [
                    0.0,
                    0.0,
                    1.0,
                    -0.6599999999999999
                ],
                [
                    0.0,
                    0.0,
                    0.0,
                    1.0
                ]
            ],
            "size": [
                0.6,
                1.0,
                0.8
            ]
        },
        "collider2": {
            "type": "Box",
            "collider2origin": [
                [
                    -0.8856427914898873,
                    -0.023669833795367,
                    -0.4637635009895664,
                    -0.0422814464632989
                ],
                [
                    -0.02096567811260947,
                    0.9997198302125014,
                    -0.010986419852060031,
                    0.8401070509050697
                ],
                [
                    0.463893615199949,
                    -6.927264134310935e-06,
                    -0.8858909152535285,
                    -0.9255202501929236
                ],
                [
                    0.0,
                    0.0,
                    0.0,
                    1.0
                ]
            ],
            "size": [
                0.1202,
                0.13634,
                0.67816
            ]
        },
        "distance": 0.0
    }
]