[
    {
        "case": 0,
        "collider1": {
            "type": "Box",
            "collider2origin": [
                [
                    0.9077781725128689,
                    0.4194505805326724,
                    0.0,
                    0.4158817547107895
                ],
                [
                    -0.4194505805326724,
                    0.9077781725128689,
                    0.0,
                    0.733173894971941
                ],
                [
                    0.0,
                    0.0,
                    1.0,
                    -0.6599999999999999
                ],
                [
                    0.0,
                    0.0,
                    0.0,
                    1.0
                ]
            ],
            "size": [
                0.6,
                1.0,
                0.8
            ]
        },
        "collider2": {
            "type": "Box",
            "collider2origin": [
                [
                    -0.07453696232806754,
                    0.8131311528871303,
                    -0.5772884629466887,
                    0.26876332861324215
                ],
                [
                    0.10413067234166652,
                    0.5820805169280938,
                    0.8064360327331583,
                    1.1434927764680958
                ],
                [
                    0.9917666279546697,
                    -4.143589898280391e-06,
                    -0.1280584072142627,
                    -0.1412124054677788
                ],
                [
                    0.0,
                    0.0,
                    0.0,
                    1.0
                ]
            ],
            "size": [
                0.15068,
                0.17726,
                0.74884
            ]
        },
        "distance": 0.036757207201150485
    },
    {
        "case": 1,
        "collider1": {
            "type": "Box",
            "collider2origin": [
                [
                    0.9077781725128689,
                    0.4194505805326724,
                    0.0,
                    0.27063700059322826
                ],
                [
                    -0.4194505805326724,
                    0.9077781725128689,
                    0.0,
                    0.8002854543438492
                ],
                [
                    0.0,
                    0.0,
                    1.0,
                    -0.25
                ],
                [
                    0.0,
                    0.0,
                    0.0,
                    1.0
                ]
            ],
            "size": [
                0.2,
                0.2,
                0.02
            ]
        },
        "collider2": {
            "type": "Box",
            "collider2origin": [
                [
                    -0.07453696232806754,
                    0.8131311528871303,
                    -0.5772884629466887,
                    0.26876332861324215
                ],
                [
                    0.10413067234166652,
                    0.5820805169280938,
                    0.8064360327331583,
                    1.1434927764680958
                ],
                [
                    0.9917666279546697,
                    -4.143589898280391e-06,
                    -0.1280584072142627,
                    -0.1412124054677788
                ],
                [
                    0.0,
                    0.0,
                    0.0,
                    1.0
                ]
            ],
            "size": [
                0.15068,
                0.17726,
                0.74884
            ]
        },
        "distance": 0.05589425846708934
    },
    {
        "case": 2,
        "collider1": {
            "type": "Box",
            "collider2origin": [
                [
                    -0.49996093967317806,
                    0.8660479541001831,
                    0.0,
                    0.23518030403224222
                ],
                [
                    -0.8660479541001831,
                    -0.49996093967317806,
                    0.0,
                    1.6545490191575776
                ],
                [
                    0.0,
                    0.0,
                    1.0,
                    -0.21500000000000008
                ],
                [
                    0.0,
                    0.0,
                    0.0,
                    1.0
                ]
            ],
            "size": [
                0.2,
                0.3,
                0.22
            ]
        },
        "collider2": {
            "type": "Box",
            "collider2origin": [
                [
                    -0.07453696232806754,
                    0.8131311528871303,
                    -0.5772884629466887,
                    0.26876332861324215
                ],
                [
                    0.10413067234166652,
                    0.5820805169280938,
                    0.8064360327331583,
                    1.1434927764680958
                ],
                [
                    0.9917666279546697,
                    -4.143589898280391e-06,
                    -0.1280584072142627,
                    -0.1412124054677788
                ],
                [
                    0.0,
                    0.0,
                    0.0,
                    1.0
                ]
            ],
            "size": [
                0.15068,
                0.17726,
                0.74884
            ]
        },
        "distance": 0.08767815362733965
    },
    {
        "case": 3,
        "collider1": {
            "type": "Box",
            "collider2origin": [
                [
                    0.718022042059392,
                    -0.6960203640101781,
                    0.0,
                    0.13748258467077087
                ],
                [
                    0.6960203640101781,
                    0.718022042059392,
                    0.0,
                    1.5384737068316263
                ],
                [
                    0.0,
                    0.0,
                    1.0,
                    -0.21500000000000008
                ],
                [
                    0.0,
                    0.0,
                    0.0,
                    1.0
                ]
            ],
            "size": [
                0.2,
                0.3,
                0.22
            ]
        },
        "collider2": {
            "type": "Box",
            "collider2origin": [
                [
                    -0.07453696232806754,
                    0.8131311528871303,
                    -0.5772884629466887,
                    0.26876332861324215
                ],
                [
                    0.10413067234166652,
                    0.5820805169280938,
                    0.8064360327331583,
                    1.1434927764680958
                ],
                [
                    0.9917666279546697,
                    -4.143589898280391e-06,
                    -0.1280584072142627,
                    -0.1412124054677788
                ],
                [
                    0.0,
                    0.0,
                    0.0,
                    1.0
                ]
            ],
            "size": [
                0.15068,
                0.17726,
                0.74884
            ]
        },
        "distance": 0.0
    },
    {
        "case": 4,
        "collider1": {
            "type": "Box",
            "collider2origin": [
                [
                    0.8404842512412337,
                    -0.5418359746412772,
                    0.0,
                    0.011439976095501792
                ],
                [
                    0.5418359746412771,
                    0.8404842512412338,
                    0.0,
                    1.4325762997644957
                ],
                [
                    0.0,
                    0.0,
                    1.0,
                    -0.21500000000000008
                ],
                [
                    0.0,
                    0.0,
                    0.0,
                    1.0
                ]
            ],
            "size": [
                0.2,
                0.3,
                0.22
            ]
        },
        "collider2": {
            "type": "Box",
            "collider2origin": [
                [
                    -0.07453696232806754,
                    0.8131311528871303,
                    -0.5772884629466887,
                    0.26876332861324215
                ],
                [
                    0.10413067234166652,
                    0.5820805169280938,
                    0.8064360327331583,
                    1.1434927764680958
                ],
                [
                    0.9917666279546697,
                    -4.143589898280391e-06,
                    -0.1280584072142627,
                    -0.1412124054677788
                ],
                [
                    0.0,
                    0.0,
                    0.0,
                    1.0
                ]
            ],
            "size": [
                0.15068,
                0.17726,
                0.74884
            ]
        },
        "distance": 0.0
    },
    {
        "case": 5,
        "collider1": {
            "type": "Box",
            "collider2origin": [
                [
                    0.9081427509232697,
                    -0.4186606548811531,
                    0.0,
                    -0.09474126814702305
                ],
                [
                    0.41866065488115317,
                    0.9081427509232698,
                    0.0,
                    1.368923948110301
                ],
                [
                    0.0,
                    0.0,
                    1.0,
                    -0.21500000000000008
                ],
                [
                    0.0,
                    0.0,
                    0.0,
                    1.0
                ]
            ],
            "size": [
                0.2,
                0.3,
                0.22
            ]
        },
        "collider2": {
            "type": "Box",
            "collider2origin": [
                [
                    -0.07453696232806754,
                    0.8131311528871303,
                    -0.5772884629466887,
                    0.26876332861324215
                ],
                [
                    0.10413067234166652,
                    0.5820805169280938,
                    0.8064360327331583,
                    1.1434927764680958
                ],
                [
                    0.9917666279546697,
                    -4.143589898280391e-06,
                    -0.1280584072142627,
                    -0.1412124054677788
                ],
                [
                    0.0,
                    0.0,
                    0.0,
                    1.0
                ]
            ],
            "size": [
                0.15068,
                0.17726,
                0.74884
            ]
        },
        "distance": 0.0
    },
    {
        "case": 6,
        "collider1": {
            "type": "Box",
            "collider2origin": [
                [
                    0.9077781725128689,
                    0.4194505805326724,
                    0.0,
                    0.4158817547107895
                ],
                [
                    -0.4194505805326724,
                    0.9077781725128689,
                    0.0,
                    0.733173894971941
                ],
                [
                    0.0,
                    0.0,
                    1.0,
                    -0.6599999999999999
                ],
                [
                    0.0,
                    0.0,
                    0.0,
                    1.0
                ]
            ],
            "size": [
                0.6,
                1.0,
                0.8
            ]
        },
        "collider2": {
            "type": "Box",
            "collider2origin": [
                [
                    -0.07453696232806754,
                    0.8131311528871303,
                    -0.5772884629466887,
                    0.26876332861324215
                ],
                [
                    0.10413067234166652,
                    0.5820805169280938,
                    0.8064360327331583,
                    1.1434927764680958
                ],
                [
                    0.9917666279546697,
                    -4.143589898280391e-06,
                    -0.1280584072142627,
                    -0.1412124054677788
                ],
                [
                    0.0,
                    0.0,
                    0.0,
                    1.0
                ]
            ],
            "size": [
                0.15068,
                0.17726,
                0.74884
            ]
        },
        "distance": 0.036757207201150485
    },
    {
        "case": 7,
        "collider1": {
            "type": "Box",
            "collider2origin": [
                [
                    0.9077781725128689,
                    0.4194505805326724,
                    0.0,
                    0.27063700059322826
                ],
                [
                    -0.4194505805326724,
                    0.9077781725128689,
                    0.0,
                    0.8002854543438492
                ],
                [
                    0.0,
                    0.0,
                    1.0,
                    -0.25
                ],
                [
                    0.0,
                    0.0,
                    0.0,
                    1.0
                ]
            ],
            "size": [
                0.2,
                0.2,
                0.02
            ]
        },
        "collider2": {
            "type": "Box",
            "collider2origin": [
                [
                    -0.07453696232806754,
                    0.8131311528871303,
                    -0.5772884629466887,
                    0.26876332861324215
                ],
                [
                    0.10413067234166652,
                    0.5820805169280938,
                    0.8064360327331583,
                    1.1434927764680958
                ],
                [
                    0.9917666279546697,
                    -4.143589898280391e-06,
                    -0.1280584072142627,
                    -0.1412124054677788
                ],
                [
                    0.0,
                    0.0,
                    0.0,
                    1.0
                ]
            ],
            "size": [
                0.15068,
                0.17726,
                0.74884
            ]
        },
        "distance": 0.05589425846708934
    },
    {
        "case": 8,
        "collider1": {
            "type": "Box",
            "collider2origin": [
                [
                    -0.49996093967317806,
                    0.8660479541001831,
                    0.0,
                    0.23518030403224222
                ],
                [
                    -0.8660479541001831,
                    -0.49996093967317806,
                    0.0,
                    1.6545490191575776
                ],
                [
                    0.0,
                    0.0,
                    1.0,
                    -0.21500000000000008
                ],
                [
                    0.0,
                    0.0,
                    0.0,
                    1.0
                ]
            ],
            "size": [
                0.2,
                0.3,
                0.22
            ]
        },
        "collider2": {
            "type": "Box",
            "collider2origin": [
                [
                    -0.07453696232806754,
                    0.8131311528871303,
                    -0.5772884629466887,
                    0.26876332861324215
                ],
                [
                    0.10413067234166652,
                    0.5820805169280938,
                    0.8064360327331583,
                    1.1434927764680958
                ],
                [
                    0.9917666279546697,
                    -4.143589898280391e-06,
                    -0.1280584072142627,
                    -0.1412124054677788
                ],
                [
                    0.0,
                    0.0,
                    0.0,
                    1.0
                ]
            ],
            "size": [
                0.15068,
                0.17726,
                0.74884
            ]
        },
        "distance": 0.08767815362733965
    },
    {
        "case": 9,
        "collider1": {
            "type": "Box",
            "collider2origin": [
                [
                    0.718022042059392,
                    -0.6960203640101781,
                    0.0,
                    0.13748258467077087
                ],
                [
                    0.6960203640101781,
                    0.718022042059392,
                    0.0,
                    1.5384737068316263
                ],
                [
                    0.0,
                    0.0,
                    1.0,
                    -0.21500000000000008
                ],
                [
                    0.0,
                    0.0,
                    0.0,
                    1.0
                ]
            ],
            "size": [
                0.2,
                0.3,
                0.22
            ]
        },
        "collider2": {
            "type": "Box",
            "collider2origin": [
                [
                    -0.07453696232806754,
                    0.8131311528871303,
                    -0.5772884629466887,
                    0.26876332861324215
                ],
                [
                    0.10413067234166652,
                    0.5820805169280938,
                    0.8064360327331583,
                    1.1434927764680958
                ],
                [
                    0.9917666279546697,
                    -4.143589898280391e-06,
                    -0.1280584072142627,
                    -0.1412124054677788
                ],
                [
                    0.0,
                    0.0,
                    0.0,
                    1.0
                ]
            ],
            "size": [
                0.15068,
                0.17726,
                0.74884
            ]
        },
        "distance": 0.0
    },
    {
        "case": 10,
        "collider1": {
            "type": "Box",
            "collider2origin": [
                [
                    0.8404842512412337,
                    -0.5418359746412772,
                    0.0,
                    0.011439976095501792
                ],
                [
                    0.5418359746412771,
                    0.8404842512412338,
                    0.0,
                    1.4325762997644957
                ],
                [
                    0.0,
                    0.0,
                    1.0,
                    -0.21500000000000008
                ],
                [
                    0.0,
                    0.0,
                    0.0,
                    1.0
                ]
            ],
            "size": [
                0.2,
                0.3,
                0.22
            ]
        },
        "collider2": {
            "type": "Box",
            "collider2origin": [
                [
                    -0.07453696232806754,
                    0.8131311528871303,
                    -0.5772884629466887,
                    0.26876332861324215
                ],
                [
                    0.10413067234166652,
                    0.5820805169280938,
                    0.8064360327331583,
                    1.1434927764680958
                ],
                [
                    0.9917666279546697,
                    -4.143589898280391e-06,
                    -0.1280584072142627,
                    -0.1412124054677788
                ],
                [
                    0.0,
                    0.0,
                    0.0,
                    1.0
                ]
            ],
            "size": [
                0.15068,
                0.17726,
                0.74884
            ]
        },
        "distance": 0.0
    },
    {
        "case": 11,
        "collider1": {
            "type": "Box",
            "collider2origin": [
                [
                    0.9081427509232697,
                    -0.4186606548811531,
                    0.0,
                    -0.09474126814702305
                ],
                [
                    0.41866065488115317,
                    0.9081427509232698,
                    0.0,
                    1.368923948110301
                ],
                [
                    0.0,
                    0.0,
                    1.0,
                    -0.21500000000000008
                ],
                [
                    0.0,
                    0.0,
                    0.0,
                    1.0
                ]
            ],
            "size": [
                0.2,
                0.3,
                0.22
            ]
        },
        "collider2": {
            "type": "Box",
            "collider2origin": [
                [
                    -0.07453696232806754,
                    0.8131311528871303,
                    -0.5772884629466887,
                    0.26876332861324215
                ],
                [
                    0.10413067234166652,
                    0.5820805169280938,
                    0.8064360327331583,
                    1.1434927764680958
                ],
                [
                    0.9917666279546697,
                    -4.143589898280391e-06,
                    -0.1280584072142627,
                    -0.1412124054677788
                ],
                [
                    0.0,
                    0.0,
                    0.0,
                    1.0
                ]
            ],
            "size": [
                0.15068,
                0.17726,
                0.74884
            ]
        },
        "distance": 0.0
    },
    {
        "case": 12,
        "collider1": {
            "type": "Box",
            "collider2origin": [
                [
                    0.718022042059392,
                    -0.6960203640101781,
                    0.0,
                    0.13748258467077087
                ],
                [
                    0.6960203640101781,
                    0.718022042059392,
                    0.0,
                    1.5384737068316263
                ],
                [
                    0.0,
                    0.0,
                    1.0,
                    -0.21500000000000008
                ],
                [
                    0.0,
                    0.0,
                    0.0,
                    1.0
                ]
            ],
            "size": [
                0.2,
                0.3,
                0.22
            ]
        },
        "collider2": {
            "type": "Box",
            "collider2origin": [
                [
                    0.5815931997335537,
                    0.813133360580237,
                    0.023737900816566272,
                    -0.007489260218110305
                ],
                [
                    -0.8124569110066114,
                    0.582077432917211,
                    -0.03316066715409824,
                    1.3123552480046
                ],
                [
                    -0.04078134109224485,
                    -3.0557574106744823e-09,
                    0.9991680950764579,
                    0.09908986234458417
                ],
                [
                    0.0,
                    0.0,
                    0.0,
                    1.0
                ]
            ],
            "size": [
                0.1202,
                0.13634,
                0.67816
            ]
        },
        "distance": 0.08312197544189635
    },
    {
        "case": 13,
        "collider1": {
            "type": "Box",
            "collider2origin": [
                [
                    0.8404842512412337,
                    -0.5418359746412772,
                    0.0,
                    0.011439976095501792
                ],
                [
                    0.5418359746412771,
                    0.8404842512412338,
                    0.0,
                    1.4325762997644957
                ],
                [
                    0.0,
                    0.0,
                    1.0,
                    -0.21500000000000008
                ],
                [
                    0.0,
                    0.0,
                    0.0,
                    1.0
                ]
            ],
            "size": [
                0.2,
                0.3,
                0.22
            ]
        },
        "collider2": {
            "type": "Box",
            "collider2origin": [
                [
                    0.5815931997335537,
                    0.813133360580237,
                    0.023737900816566272,
                    -0.007489260218110305
                ],
                [
                    -0.8124569110066114,
                    0.582077432917211,
                    -0.03316066715409824,
                    1.3123552480046
                ],
                [
                    -0.04078134109224485,
                    -3.0557574106744823e-09,
                    0.9991680950764579,
                    0.09908986234458417
                ],
                [
                    0.0,
                    0.0,
                    0.0,
                    1.0
                ]
            ],
            "size": [
                0.1202,
                0.13634,
                0.67816
            ]
        },
        "distance": 0.0
    },
    {
        "case": 14,
        "collider1": {
            "type": "Box",
            "collider2origin": [
                [
                    0.9081427509232697,
                    -0.4186606548811531,
                    0.0,
                    -0.09474126814702305
                ],
                [
                    0.41866065488115317,
                    0.9081427509232698,
                    0.0,
                    1.368923948110301
                ],
                [
                    0.0,
                    0.0,
                    1.0,
                    -0.21500000000000008
                ],
                [
                    0.0,
                    0.0,
                    0.0,
                    1.0
                ]
            ],
            "size": [
                0.2,
                0.3,
                0.22
            ]
        },
        "collider2": {
            "type": "Box",
            "collider2origin": [
                [
                    0.5815931997335537,
                    0.813133360580237,
                    0.023737900816566272,
                    -0.007489260218110305
                ],
                [
                    -0.8124569110066114,
                    0.582077432917211,
                    -0.03316066715409824,
                    1.3123552480046
                ],
                [
                    -0.04078134109224485,
                    -3.0557574106744823e-09,
                    0.9991680950764579,
                    0.09908986234458417
                ],
                [
                    0.0,
                    0.0,
                    0.0,
                    1.0
                ]
            ],
            "size": [
                0.1202,
                0.13634,
                0.67816
            ]
        },
        "distance": 0.0
    },
    {
        "case": 15,
        "collider1": {
            "type": "Box",
            "collider2origin": [
                [
                    0.9798474486812189,
                    -0.1997472836183421,
                    0.0,
                    -0.20628161272202655
                ],
                [
                    0.19974728361834207,
                    0.9798474486812188,
                    0.0,
                    1.335871448475788
                ],
                [
                    0.0,
                    0.0,
                    1.0,
                    -0.21500000000000008
                ],
                [
                    0.0,
                    0.0,
                    0.0,
                    1.0
                ]
            ],
            "size": [
                0.2,
                0.3,
                0.22
            ]
        },
        "collider2": {
            "type": "Box",
            "collider2origin": [
                [
                    0.5815931997335537,
                    0.813133360580237,
                    0.023737900816566272,
                    -0.007489260218110305
                ],
                [
                    -0.8124569110066114,
                    0.582077432917211,
                    -0.03316066715409824,
                    1.3123552480046
                ],
                [
                    -0.04078134109224485,
                    -3.0557574106744823e-09,
                    0.9991680950764579,
                    0.09908986234458417
                ],
                [
                    0.0,
                    0.0,
                    0.0,
                    1.0
                ]
            ],
            "size": [
                0.1202,
                0.13634,
                0.67816
            ]
        },
        "distance": 0.0
    },
    {
        "case": 16,
        "collider1": {
            "type": "Cylinder",
            "collider2origin": [
                [
                    0.907778172512869,
                    0.4194505805326725,
                    0.0,
                    -0.07232761537572224
                ],
                [
                    -0.4194505805326725,
                    0.907778172512869,
                    0.0,
                    1.2000044650142188
                ],
                [
                    0.0,
                    0.0,
                    1.0,
                    -0.5800000000000001
                ],
                [
                    0.0,
                    0.0,
                    0.0,
                    1.0
                ]
            ],
            "radius": 0.04,
            "height": 0.96
        },
        "collider2": {
            "type": "Box",
            "collider2origin": [
                [
                    0.5815931997335537,
                    0.813133360580237,
                    0.023737900816566272,
                    -0.007489260218110305
                ],
                [
                    -0.8124569110066114,
                    0.582077432917211,
                    -0.03316066715409824,
                    1.3123552480046
                ],
                [
                    -0.04078134109224485,
                    -3.0557574106744823e-09,
                    0.9991680950764579,
                    0.09908986234458417
                ],
                [
                    0.0,
                    0.0,
                    0.0,
                    1.0
                ]
            ],
            "size": [
                0.1202,
                0.13634,
                0.67816
            ]
        },
        "distance": 0.009974411282676614
    }
]