[
    {
        "case": 0,
        "collider1": {
            "type": "Box",
            "collider2origin": [
                [
                    0.8404842512412337,
                    -0.5418359746412772,
                    0.0,
                    0.011439976095501792
                ],
                [
                    0.5418359746412771,
                    0.8404842512412338,
                    0.0,
                    1.4325762997644957
                ],
                [
                    0.0,
                    0.0,
                    1.0,
                    -0.21500000000000008
                ],
                [
                    0.0,
                    0.0,
                    0.0,
                    1.0
                ]
            ],
            "size": [
                0.2,
                0.3,
                0.22
            ]
        },
        "collider2": {
            "type": "Box",
            "collider2origin": [
                [
                    -0.17497627694783338,
                    -0.9564944762450146,
                    -0.23345581898562845,
                    0.06304011260000708
                ],
                [
                    0.5736581617479914,
                    -0.2917504360075813,
                    0.7653744159228878,
                    0.9786096968284598
                ],
                [
                    -0.8001872380670603,
                    -1.4701993580021546e-06,
                    0.5997502680553363,
                    0.0772855840400235
                ],
                [
                    0.0,
                    0.0,
                    0.0,
                    1.0
                ]
            ],
            "size": [
                0.15068,
                0.17726,
                0.74884
            ]
        },
        "distance": 0.23705279852098857
    },
    {
        "case": 1,
        "collider1": {
            "type": "Box",
            "collider2origin": [
                [
                    0.9081427509232697,
                    -0.4186606548811531,
                    0.0,
                    -0.09474126814702305
                ],
                [
                    0.41866065488115317,
                    0.9081427509232698,
                    0.0,
                    1.368923948110301
                ],
                [
                    0.0,
                    0.0,
                    1.0,
                    -0.21500000000000008
                ],
                [
                    0.0,
                    0.0,
                    0.0,
                    1.0
                ]
            ],
            "size": [
                0.2,
                0.3,
                0.22
            ]
        },
        "collider2": {
            "type": "Box",
            "collider2origin": [
                [
                    -0.17497627694783338,
                    -0.9564944762450146,
                    -0.23345581898562845,
                    0.06304011260000708
                ],
                [
                    0.5736581617479914,
                    -0.2917504360075813,
                    0.7653744159228878,
                    0.9786096968284598
                ],
                [
                    -0.8001872380670603,
                    -1.4701993580021546e-06,
                    0.5997502680553363,
                    0.0772855840400235
                ],
                [
                    0.0,
                    0.0,
                    0.0,
                    1.0
                ]
            ],
            "size": [
                0.15068,
                0.17726,
                0.74884
            ]
        },
        "distance": 0.22624666872431262
    },
    {
        "case": 2,
        "collider1": {
            "type": "Box",
            "collider2origin": [
                [
                    0.9798474486812189,
                    -0.1997472836183421,
                    0.0,
                    -0.20628161272202655
                ],
                [
                    0.19974728361834207,
                    0.9798474486812188,
                    0.0,
                    1.335871448475788
                ],
                [
                    0.0,
                    0.0,
                    1.0,
                    -0.21500000000000008
                ],
                [
                    0.0,
                    0.0,
                    0.0,
                    1.0
                ]
            ],
            "size": [
                0.2,
                0.3,
                0.22
            ]
        },
        "collider2": {
            "type": "Box",
            "collider2origin": [
                [
                    -0.17497627694783338,
                    -0.9564944762450146,
                    -0.23345581898562845,
                    0.06304011260000708
                ],
                [
                    0.5736581617479914,
                    -0.2917504360075813,
                    0.7653744159228878,
                    0.9786096968284598
                ],
                [
                    -0.8001872380670603,
                    -1.4701993580021546e-06,
                    0.5997502680553363,
                    0.0772855840400235
                ],
                [
                    0.0,
                    0.0,
                    0.0,
                    1.0
                ]
            ],
            "size": [
                0.15068,
                0.17726,
                0.74884
            ]
        },
        "distance": 0.2273500123087895
    },
    {
        "case": 3,
        "collider1": {
            "type": "Cylinder",
            "collider2origin": [
                [
                    0.907778172512869,
                    0.4194505805326725,
                    0.0,
                    -0.07232761537572224
                ],
                [
                    -0.4194505805326725,
                    0.907778172512869,
                    0.0,
                    1.2000044650142188
                ],
                [
                    0.0,
                    0.0,
                    1.0,
                    -0.5800000000000001
                ],
                [
                    0.0,
                    0.0,
                    0.0,
                    1.0
                ]
            ],
            "radius": 0.04,
            "height": 0.96
        },
        "collider2": {
            "type": "Box",
            "collider2origin": [
                [
                    -0.17497627694783338,
                    -0.9564944762450146,
                    -0.23345581898562845,
                    0.06304011260000708
                ],
                [
                    0.5736581617479914,
                    -0.2917504360075813,
                    0.7653744159228878,
                    0.9786096968284598
                ],
                [
                    -0.8001872380670603,
                    -1.4701993580021546e-06,
                    0.5997502680553363,
                    0.0772855840400235
                ],
                [
                    0.0,
                    0.0,
                    0.0,
                    1.0
                ]
            ],
            "size": [
                0.15068,
                0.17726,
                0.74884
            ]
        },
        "distance": 0.1932227079179519
    },
    {
        "case": 4,
        "collider1": {
            "type": "Box",
            "collider2origin": [
                [
                    0.8404842512412337,
                    -0.5418359746412772,
                    0.0,
                    0.011439976095501792
                ],
                [
                    0.5418359746412771,
                    0.8404842512412338,
                    0.0,
                    1.4325762997644957
                ],
                [
                    0.0,
                    0.0,
                    1.0,
                    -0.21500000000000008
                ],
                [
                    0.0,
                    0.0,
                    0.0,
                    1.0
                ]
            ],
            "size": [
                0.2,
                0.3,
                0.22
            ]
        },
        "collider2": {
            "type": "Box",
            "collider2origin": [
                [
                    -0.17497627694783338,
                    -0.9564944762450146,
                    -0.23345581898562845,
                    0.06304011260000708
                ],
                [
                    0.5736581617479914,
                    -0.2917504360075813,
                    0.7653744159228878,
                    0.9786096968284598
                ],
                [
                    -0.8001872380670603,
                    -1.4701993580021546e-06,
                    0.5997502680553363,
                    0.0772855840400235
                ],
                [
                    0.0,
                    0.0,
                    0.0,
                    1.0
                ]
            ],
            "size": [
                0.15068,
                0.17726,
                0.74884
            ]
        },
        "distance": 0.23705279852098857
    },
    {
        "case": 5,
        "collider1": {
            "type": "Box",
            "collider2origin": [
                [
                    0.9081427509232697,
                    -0.4186606548811531,
                    0.0,
                    -0.09474126814702305
                ],
                [
                    0.41866065488115317,
                    0.9081427509232698,
                    0.0,
                    1.368923948110301
                ],
                [
                    0.0,
                    0.0,
                    1.0,
                    -0.21500000000000008
                ],
                [
                    0.0,
                    0.0,
                    0.0,
                    1.0
                ]
            ],
            "size": [
                0.2,
                0.3,
                0.22
            ]
        },
        "collider2": {
            "type": "Box",
            "collider2origin": [
                [
                    -0.17497627694783338,
                    -0.9564944762450146,
                    -0.23345581898562845,
                    0.06304011260000708
                ],
                [
                    0.5736581617479914,
                    -0.2917504360075813,
                    0.7653744159228878,
                    0.9786096968284598
                ],
                [
                    -0.8001872380670603,
                    -1.4701993580021546e-06,
                    0.5997502680553363,
                    0.0772855840400235
                ],
                [
                    0.0,
                    0.0,
                    0.0,
                    1.0
                ]
            ],
            "size": [
                0.15068,
                0.17726,
                0.74884
            ]
        },
        "distance": 0.22624666872431262
    },
    {
        "case": 6,
        "collider1": {
            "type": "Box",
            "collider2origin": [
                [
                    0.9798474486812189,
                    -0.1997472836183421,
                    0.0,
                    -0.20628161272202655
                ],
                [
                    0.19974728361834207,
                    0.9798474486812188,
                    0.0,
                    1.335871448475788
                ],
                [
                    0.0,
                    0.0,
                    1.0,
                    -0.21500000000000008
                ],
                [
                    0.0,
                    0.0,
                    0.0,
                    1.0
                ]
            ],
            "size": [
                0.2,
                0.3,
                0.22
            ]
        },
        "collider2": {
            "type": "Box",
            "collider2origin": [
                [
                    -0.17497627694783338,
                    -0.9564944762450146,
                    -0.23345581898562845,
                    0.06304011260000708
                ],
                [
                    0.5736581617479914,
                    -0.2917504360075813,
                    0.7653744159228878,
                    0.9786096968284598
                ],
                [
                    -0.8001872380670603,
                    -1.4701993580021546e-06,
                    0.5997502680553363,
                    0.0772855840400235
                ],
                [
                    0.0,
                    0.0,
                    0.0,
                    1.0
                ]
            ],
            "size": [
                0.15068,
                0.17726,
                0.74884
            ]
        },
        "distance": 0.2273500123087895
    },
    {
        "case": 7,
        "collider1": {
            "type": "Cylinder",
            "collider2origin": [
                [
                    0.907778172512869,
                    0.4194505805326725,
                    0.0,
                    -0.07232761537572224
                ],
                [
                    -0.4194505805326725,
                    0.907778172512869,
                    0.0,
                    1.2000044650142188
                ],
                [
                    0.0,
                    0.0,
                    1.0,
                    -0.5800000000000001
                ],
                [
                    0.0,
                    0.0,
                    0.0,
                    1.0
                ]
            ],
            "radius": 0.04,
            "height": 0.96
        },
        "collider2": {
            "type": "Box",
            "collider2origin": [
                [
                    -0.17497627694783338,
                    -0.9564944762450146,
                    -0.23345581898562845,
                    0.06304011260000708
                ],
                [
                    0.5736581617479914,
                    -0.2917504360075813,
                    0.7653744159228878,
                    0.9786096968284598
                ],
                [
                    -0.8001872380670603,
                    -1.4701993580021546e-06,
                    0.5997502680553363,
                    0.0772855840400235
                ],
                [
                    0.0,
                    0.0,
                    0.0,
                    1.0
                ]
            ],
            "size": [
                0.15068,
                0.17726,
                0.74884
            ]
        },
        "distance": 0.1932227079179519
    }
]