[
    {
        "case": 0,
        "collider1": {
            "type": "Box",
            "collider2origin": [
                [
                    1.0,
                    0.0,
                    0.0,
                    0.35
                ],
                [
                    0.0,
                    1.0,
                    0.0,
                    -0.34649
                ],
                [
                    0.0,
                    0.0,
                    1.0,
                    -0.54511
                ],
                [
                    0.0,
                    0.0,
                    0.0,
                    1.0
                ]
            ],
            "size": [
                0.7,
                0.7,
                1.1
            ]
        },
        "collider2": {
            "type": "Sphere",
            "collider2origin": [
                [
                    1.0,
                    0.0,
                    0.0,
                    0.12043959843231841
                ],
                [
                    0.0,
                    1.0,
                    0.0,
                    -0.5339000425250393
                ],
                [
                    0.0,
                    0.0,
                    1.0,
                    -0.2632425477300604
                ],
                [
                    0.0,
                    0.0,
                    0.0,
                    1.0
                ]
            ],
            "radius": 0.00487
        },
        "distance": 0.0
    },
    {
        "case": 1,
        "collider1": {
            "type": "Box",
            "collider2origin": [
                [
                    1.0,
                    0.0,
                    0.0,
                    0.35
                ],
                [
                    0.0,
                    1.0,
                    0.0,
                    -0.34649
                ],
                [
                    0.0,
                    0.0,
                    1.0,
                    -0.54511
                ],
                [
                    0.0,
                    0.0,
                    0.0,
                    1.0
                ]
            ],
            "size": [
                0.7,
                0.7,
                1.1
            ]
        },
        "collider2": {
            "type": "Cylinder",
            "collider2origin": [
                [
                    -0.5204044047166201,
                    -0.8388239309164462,
                    -0.1598551484107442,
                    0.11873364498263664
                ],
                [
                    -0.8475959055012894,
                    0.4846776477731967,
                    0.21602953207024805,
                    -0.5312707174333013
                ],
                [
                    -0.10373252396905135,
                    0.24791528930447507,
                    -0.9632121120501382,
                    -0.2794634654719601
                ],
                [
                    0.0,
                    0.0,
                    0.0,
                    1.0
                ]
            ],
            "radius": 0.0076,
            "height": 0.02993
        },
        "distance": 0.0
    },
    {
        "case": 2,
        "collider1": {
            "type": "Box",
            "collider2origin": [
                [
                    1.0,
                    0.0,
                    0.0,
                    0.35
                ],
                [
                    0.0,
                    1.0,
                    0.0,
                    -0.34649
                ],
                [
                    0.0,
                    0.0,
                    1.0,
                    -0.54511
                ],
                [
                    0.0,
                    0.0,
                    0.0,
                    1.0
                ]
            ],
            "size": [
                0.7,
                0.7,
                1.1
            ]
        },
        "collider2": {
            "type": "Cylinder",
            "collider2origin": [
                [
                    -0.3611759303067665,
                    -0.5560960676470535,
                    -0.7485379822791395,
                    0.11593976121382096
                ],
                [
                    -0.9052023383036968,
                    0.016286141607901497,
                    0.42466868064533175,
                    -0.5035725822143924
                ],
                [
                    -0.22396578778144044,
                    0.830958437672433,
                    -0.509261623101945,
                    -0.3100545024453861
                ],
                [
                    0.0,
                    0.0,
                    0.0,
                    1.0
                ]
            ],
            "radius": 0.00783,
            "height": 0.03044
        },
        "distance": 0.0
    },
    {
        "case": 3,
        "collider1": {
            "type": "Box",
            "collider2origin": [
                [
                    1.0,
                    0.0,
                    0.0,
                    0.35
                ],
                [
                    0.0,
                    1.0,
                    0.0,
                    -0.34649
                ],
                [
                    0.0,
                    0.0,
                    1.0,
                    -0.54511
                ],
                [
                    0.0,
                    0.0,
                    0.0,
                    1.0
                ]
            ],
            "size": [
                0.7,
                0.7,
                1.1
            ]
        },
        "collider2": {
            "type": "Sphere",
            "collider2origin": [
                [
                    1.0,
                    0.0,
                    0.0,
                    0.10426839808679106
                ],
                [
                    0.0,
                    1.0,
                    0.0,
                    -0.5706239985461312
                ],
                [
                    0.0,
                    0.0,
                    1.0,
                    -0.28855965788810267
                ],
                [
                    0.0,
                    0.0,
                    0.0,
                    1.0
                ]
            ],
            "radius": 0.01051
        },
        "distance": 0.0
    },
    {
        "case": 4,
        "collider1": {
            "type": "Box",
            "collider2origin": [
                [
                    1.0,
                    0.0,
                    0.0,
                    0.35
                ],
                [
                    0.0,
                    1.0,
                    0.0,
                    -0.34649
                ],
                [
                    0.0,
                    0.0,
                    1.0,
                    -0.54511
                ],
                [
                    0.0,
                    0.0,
                    0.0,
                    1.0
                ]
            ],
            "size": [
                0.7,
                0.7,
                1.1
            ]
        },
        "collider2": {
            "type": "Sphere",
            "collider2origin": [
                [
                    1.0,
                    0.0,
                    0.0,
                    0.10691106587943788
                ],
                [
                    0.0,
                    1.0,
                    0.0,
                    -0.589232537598019
                ],
                [
                    0.0,
                    0.0,
                    1.0,
                    -0.373798602288576
                ],
                [
                    0.0,
                    0.0,
                    0.0,
                    1.0
                ]
            ],
            "radius": 0.00663
        },
        "distance": 0.0
    },
    {
        "case": 5,
        "collider1": {
            "type": "Box",
            "collider2origin": [
                [
                    1.0,
                    0.0,
                    0.0,
                    0.35
                ],
                [
                    0.0,
                    1.0,
                    0.0,
                    -0.34649
                ],
                [
                    0.0,
                    0.0,
                    1.0,
                    -0.54511
                ],
                [
                    0.0,
                    0.0,
                    0.0,
                    1.0
                ]
            ],
            "size": [
                0.7,
                0.7,
                1.1
            ]
        },
        "collider2": {
            "type": "Cylinder",
            "collider2origin": [
                [
                    -0.51574045399513,
                    -0.6359622803962743,
                    -0.5740764426677575,
                    0.1051892305967542
                ],
                [
                    -0.8498105665738398,
                    0.29465568864110453,
                    0.43703549751809095,
                    -0.5191195717545511
                ],
                [
                    -0.10878320206882205,
                    0.7132531129021494,
                    -0.69241332445516,
                    -0.3101734817148294
                ],
                [
                    0.0,
                    0.0,
                    0.0,
                    1.0
                ]
            ],
            "radius": 0.00783,
            "height": 0.03683
        },
        "distance": 0.0
    },
    {
        "case": 6,
        "collider1": {
            "type": "Box",
            "collider2origin": [
                [
                    1.0,
                    0.0,
                    0.0,
                    0.35
                ],
                [
                    0.0,
                    1.0,
                    0.0,
                    -0.34649
                ],
                [
                    0.0,
                    0.0,
                    1.0,
                    -0.54511
                ],
                [
                    0.0,
                    0.0,
                    0.0,
                    1.0
                ]
            ],
            "size": [
                0.7,
                0.7,
                1.1
            ]
        },
        "collider2": {
            "type": "Cylinder",
            "collider2origin": [
                [
                    -0.40289896891922333,
                    0.49585221776464156,
                    -0.769287331873932,
                    0.07478233386831329
                ],
                [
                    -0.7372268746919518,
                    0.3222728224768611,
                    0.5938322685108433,
                    -0.5502740903592946
                ],
                [
                    0.5423734470600154,
                    0.8063937041115116,
                    0.23571219292508463,
                    -0.2779692729238469
                ],
                [
                    0.0,
                    0.0,
                    0.0,
                    1.0
                ]
            ],
            "radius": 0.01271,
            "height": 0.05982
        },
        "distance": 0.0
    },
    {
        "case": 7,
        "collider1": {
            "type": "Box",
            "collider2origin": [
                [
                    1.0,
                    0.0,
                    0.0,
                    0.35
                ],
                [
                    0.0,
                    1.0,
                    0.0,
                    -0.34649
                ],
                [
                    0.0,
                    0.0,
                    1.0,
                    -0.54511
                ],
                [
                    0.0,
                    0.0,
                    0.0,
                    1.0
                ]
            ],
            "size": [
                0.7,
                0.7,
                1.1
            ]
        },
        "collider2": {
            "type": "Cylinder",
            "collider2origin": [
                [
                    -0.6253772955399653,
                    0.21046275453572114,
                    -0.7514044631064917,
                    0.1048548068537582
                ],
                [
                    -0.7802861539268038,
                    -0.15936745346330997,
                    0.604777258804211,
                    -0.5428474014875027
                ],
                [
                    0.007533671962249604,
                    0.9645244650758504,
                    0.26388596032549494,
                    -0.33994949322203527
                ],
                [
                    0.0,
                    0.0,
                    0.0,
                    1.0
                ]
            ],
            "radius": 0.00683,
            "height": 0.01183
        },
        "distance": 0.0
    },
    {
        "case": 8,
        "collider1": {
            "type": "Box",
            "collider2origin": [
                [
                    1.0,
                    0.0,
                    0.0,
                    0.35
                ],
                [
                    0.0,
                    1.0,
                    0.0,
                    -0.34649
                ],
                [
                    0.0,
                    0.0,
                    1.0,
                    -0.54511
                ],
                [
                    0.0,
                    0.0,
                    0.0,
                    1.0
                ]
            ],
            "size": [
                0.7,
                0.7,
                1.1
            ]
        },
        "collider2": {
            "type": "Cylinder",
            "collider2origin": [
                [
                    -0.356465172318769,
                    0.5737123476626633,
                    -0.7374189603360801,
                    0.08736382447832439
                ],
                [
                    -0.7403359858370511,
                    0.308021398396703,
                    0.5975160635534589,
                    -0.557501156294002
                ],
                [
                    0.5699431629543703,
                    0.7589314595331614,
                    0.31494099563637784,
                    -0.2810397308710587
                ],
                [
                    0.0,
                    0.0,
                    0.0,
                    1.0
                ]
            ],
            "radius": 0.01169,
            "height": 0.05502
        },
        "distance": 0.0
    },
    {
        "case": 9,
        "collider1": {
            "type": "Box",
            "collider2origin": [
                [
                    1.0,
                    0.0,
                    0.0,
                    0.35
                ],
                [
                    0.0,
                    1.0,
                    0.0,
                    -0.34649
                ],
                [
                    0.0,
                    0.0,
                    1.0,
                    -0.54511
                ],
                [
                    0.0,
                    0.0,
                    0.0,
                    1.0
                ]
            ],
            "size": [
                0.7,
                0.7,
                1.1
            ]
        },
        "collider2": {
            "type": "Cylinder",
            "collider2origin": [
                [
                    -0.7020778224700588,
                    0.31225403739881286,
                    -0.6399876149769157,
                    0.09276982412269888
                ],
                [
                    -0.6998552896916116,
                    -0.1366151226774036,
                    0.7010983395690709,
                    -0.5756791119466935
                ],
                [
                    0.1314888006119559,
                    0.94012431326074,
                    0.3144470876469533,
                    -0.36846038772830836
                ],
                [
                    0.0,
                    0.0,
                    0.0,
                    1.0
                ]
            ],
            "radius": 0.00796,
            "height": 0.03037
        },
        "distance": 0.0
    },
    {
        "case": 10,
        "collider1": {
            "type": "Box",
            "collider2origin": [
                [
                    1.0,
                    0.0,
                    0.0,
                    0.35
                ],
                [
                    0.0,
                    1.0,
                    0.0,
                    -0.34649
                ],
                [
                    0.0,
                    0.0,
                    1.0,
                    -0.54511
                ],
                [
                    0.0,
                    0.0,
                    0.0,
                    1.0
                ]
            ],
            "size": [
                0.7,
                0.7,
                1.1
            ]
        },
        "collider2": {
            "type": "Box",
            "collider2origin": [
                [
                    -0.35850596395195644,
                    0.6930921017481282,
                    -0.6253773359382645,
                    -0.015281082091939457
                ],
                [
                    0.2787322350022241,
                    -0.5598766692021431,
                    -0.780286137550693,
                    -0.4392797060631768
                ],
                [
                    -0.8909443388795639,
                    -0.45405005646676927,
                    0.0075320144038801135,
                    -0.24007164298043748
                ],
                [
                    0.0,
                    0.0,
                    0.0,
                    1.0
                ]
            ],
            "size": [
                0.08993,
                0.0305,
                0.09007
            ]
        },
        "distance": 0.0
    },
    {
        "case": 11,
        "collider1": {
            "type": "Box",
            "collider2origin": [
                [
                    1.0,
                    0.0,
                    0.0,
                    0.35
                ],
                [
                    0.0,
                    1.0,
                    0.0,
                    -0.34649
                ],
                [
                    0.0,
                    0.0,
                    1.0,
                    -0.54511
                ],
                [
                    0.0,
                    0.0,
                    0.0,
                    1.0
                ]
            ],
            "size": [
                0.7,
                0.7,
                1.1
            ]
        },
        "collider2": {
            "type": "Sphere",
            "collider2origin": [
                [
                    1.0,
                    0.0,
                    0.0,
                    0.14327377852150316
                ],
                [
                    0.0,
                    1.0,
                    0.0,
                    -0.5735683634966362
                ],
                [
                    0.0,
                    0.0,
                    1.0,
                    -0.33261107314504434
                ],
                [
                    0.0,
                    0.0,
                    0.0,
                    1.0
                ]
            ],
            "radius": 0.00563
        },
        "distance": 0.0
    },
    {
        "case": 12,
        "collider1": {
            "type": "Box",
            "collider2origin": [
                [
                    1.0,
                    0.0,
                    0.0,
                    0.35
                ],
                [
                    0.0,
                    1.0,
                    0.0,
                    -0.34649
                ],
                [
                    0.0,
                    0.0,
                    1.0,
                    -0.54511
                ],
                [
                    0.0,
                    0.0,
                    0.0,
                    1.0
                ]
            ],
            "size": [
                0.7,
                0.7,
                1.1
            ]
        },
        "collider2": {
            "type": "Box",
            "collider2origin": [
                [
                    0.11532242083571376,
                    -0.9860673685593225,
                    -0.11988279240609824,
                    -0.050476221076828975
                ],
                [
                    0.6836123125876484,
                    0.1663464597195375,
                    -0.7106356741800567,
                    -0.31592854546797966
                ],
                [
                    0.7206767273411552,
                    -1.1266775341078931e-06,
                    0.6932712706203631,
                    -0.2837499325831272
                ],
                [
                    0.0,
                    0.0,
                    0.0,
                    1.0
                ]
            ],
            "size": [
                0.09102,
                0.10007,
                0.11882
            ]
        },
        "distance": 0.0
    },
    {
        "case": 13,
        "collider1": {
            "type": "Box",
            "collider2origin": [
                [
                    1.0,
                    0.0,
                    0.0,
                    0.35
                ],
                [
                    0.0,
                    1.0,
                    0.0,
                    -0.34649
                ],
                [
                    0.0,
                    0.0,
                    1.0,
                    -0.54511
                ],
                [
                    0.0,
                    0.0,
                    0.0,
                    1.0
                ]
            ],
            "size": [
                0.7,
                0.7,
                1.1
            ]
        },
        "collider2": {
            "type": "Sphere",
            "collider2origin": [
                [
                    1.0,
                    0.0,
                    0.0,
                    0.13791436297075282
                ],
                [
                    0.0,
                    1.0,
                    0.0,
                    -0.5188954742650829
                ],
                [
                    0.0,
                    0.0,
                    1.0,
                    -0.2801015801033654
                ],
                [
                    0.0,
                    0.0,
                    0.0,
                    1.0
                ]
            ],
            "radius": 0.00484
        },
        "distance": 0.0
    },
    {
        "case": 14,
        "collider1": {
            "type": "Box",
            "collider2origin": [
                [
                    1.0,
                    0.0,
                    0.0,
                    0.35
                ],
                [
                    0.0,
                    1.0,
                    0.0,
                    -0.34649
                ],
                [
                    0.0,
                    0.0,
                    1.0,
                    -0.54511
                ],
                [
                    0.0,
                    0.0,
                    0.0,
                    1.0
                ]
            ],
            "size": [
                0.7,
                0.7,
                1.1
            ]
        },
        "collider2": {
            "type": "Cylinder",
            "collider2origin": [
                [
                    -0.6253772955399653,
                    -0.18986676184868329,
                    -0.7568710927021942,
                    0.12801180994858333
                ],
                [
                    -0.7802861539268038,
                    0.1615230667112652,
                    0.6042051116221246,
                    -0.5614034693664747
                ],
                [
                    0.007533671962249604,
                    0.96843219260064,
                    -0.24916326398865782,
                    -0.3395710060528512
                ],
                [
                    0.0,
                    0.0,
                    0.0,
                    1.0
                ]
            ],
            "radius": 0.00813,
            "height": 0.03824
        },
        "distance": 0.0
    },
    {
        "case": 15,
        "collider1": {
            "type": "Box",
            "collider2origin": [
                [
                    1.0,
                    0.0,
                    0.0,
                    0.35
                ],
                [
                    0.0,
                    1.0,
                    0.0,
                    -0.34649
                ],
                [
                    0.0,
                    0.0,
                    1.0,
                    -0.54511
                ],
                [
                    0.0,
                    0.0,
                    0.0,
                    1.0
                ]
            ],
            "size": [
                0.7,
                0.7,
                1.1
            ]
        },
        "collider2": {
            "type": "Cylinder",
            "collider2origin": [
                [
                    -0.6253772955399653,
                    0.21046275453572114,
                    -0.7514044631064917,
                    0.0925929703568581
                ],
                [
                    -0.7802861539268038,
                    -0.15936745346330997,
                    0.604777258804211,
                    -0.5329782572116559
                ],
                [
                    0.007533671962249604,
                    0.9645244650758504,
                    0.26388596032549494,
                    -0.3356378627896105
                ],
                [
                    0.0,
                    0.0,
                    0.0,
                    1.0
                ]
            ],
            "radius": 0.00683,
            "height": 0.01782
        },
        "distance": 0.0
    },
    {
        "case": 16,
        "collider1": {
            "type": "Box",
            "collider2origin": [
                [
                    1.0,
                    0.0,
                    0.0,
                    0.35
                ],
                [
                    0.0,
                    1.0,
                    0.0,
                    -0.34649
                ],
                [
                    0.0,
                    0.0,
                    1.0,
                    -0.54511
                ],
                [
                    0.0,
                    0.0,
                    0.0,
                    1.0
                ]
            ],
            "size": [
                0.7,
                0.7,
                1.1
            ]
        },
        "collider2": {
            "type": "Box",
            "collider2origin": [
                [
                    -0.7108086104779577,
                    0.6930939585332652,
                    -0.11988279240609824,
                    -0.0660257534840516
                ],
                [
                    -0.4260696425983538,
                    -0.5598764133617056,
                    -0.7106356741800567,
                    -0.39406833209978487
                ],
                [
                    -0.5596568403285234,
                    -0.4540475376058338,
                    0.6932712706203631,
                    -0.2088053239389207
                ],
                [
                    0.0,
                    0.0,
                    0.0,
                    1.0
                ]
            ],
            "size": [
                0.09126,
                0.11887,
                0.10009
            ]
        },
        "distance": 0.0
    },
    {
        "case": 17,
        "collider1": {
            "type": "Box",
            "collider2origin": [
                [
                    1.0,
                    0.0,
                    0.0,
                    0.35
                ],
                [
                    0.0,
                    1.0,
                    0.0,
                    -0.34649
                ],
                [
                    0.0,
                    0.0,
                    1.0,
                    -0.54511
                ],
                [
                    0.0,
                    0.0,
                    0.0,
                    1.0
                ]
            ],
            "size": [
                0.7,
                0.7,
                1.1
            ]
        },
        "collider2": {
            "type": "Cylinder",
            "collider2origin": [
                [
                    -0.7020778224700588,
                    0.5885285380401232,
                    -0.4009001011574524,
                    0.07746939352987234
                ],
                [
                    -0.6998552896916116,
                    -0.4663133599012037,
                    0.541067855142329,
                    -0.5578218120419065
                ],
                [
                    0.1314888006119559,
                    0.660443797979817,
                    0.7392730787899849,
                    -0.35508356957956344
                ],
                [
                    0.0,
                    0.0,
                    0.0,
                    1.0
                ]
            ],
            "radius": 0.00713,
            "height": 0.01426
        },
        "distance": 0.0
    },
    {
        "case": 18,
        "collider1": {
            "type": "Box",
            "collider2origin": [
                [
                    0.9077781725128689,
                    0.4194505805326724,
                    0.0,
                    0.4158817547107895
                ],
                [
                    -0.4194505805326724,
                    0.9077781725128689,
                    0.0,
                    0.733173894971941
                ],
                [
                    0.0,
                    0.0,
                    1.0,
                    -0.6599999999999999
                ],
                [
                    0.0,
                    0.0,
                    0.0,
                    1.0
                ]
            ],
            "size": [
                0.6,
                1.0,
                0.8
            ]
        },
        "collider2": {
            "type": "Box",
            "collider2origin": [
                [
                    -0.04941659454562135,
                    -0.986067511642302,
                    -0.15883596150454116,
                    0.08024965563190939
                ],
                [
                    -0.29290552792130087,
                    0.16634561148662672,
                    -0.9415601357599441,
                    0.546623923519487
                ],
                [
                    0.9548635252729354,
                    -4.76431179428176e-06,
                    -0.2970448587009101,
                    -0.1918996217337654
                ],
                [
                    0.0,
                    0.0,
                    0.0,
                    1.0
                ]
            ],
            "size": [
                0.15068,
                0.17726,
                0.74884
            ]
        },
        "distance": 0.0
    },
    {
        "case": 19,
        "collider1": {
            "type": "Box",
            "collider2origin": [
                [
                    0.9077781725128689,
                    0.4194505805326724,
                    0.0,
                    0.27063700059322826
                ],
                [
                    -0.4194505805326724,
                    0.9077781725128689,
                    0.0,
                    0.8002854543438492
                ],
                [
                    0.0,
                    0.0,
                    1.0,
                    -0.25
                ],
                [
                    0.0,
                    0.0,
                    0.0,
                    1.0
                ]
            ],
            "size": [
                0.2,
                0.2,
                0.02
            ]
        },
        "collider2": {
            "type": "Box",
            "collider2origin": [
                [
                    -0.04941659454562135,
                    -0.986067511642302,
                    -0.15883596150454116,
                    0.08024965563190939
                ],
                [
                    -0.29290552792130087,
                    0.16634561148662672,
                    -0.9415601357599441,
                    0.546623923519487
                ],
                [
                    0.9548635252729354,
                    -4.76431179428176e-06,
                    -0.2970448587009101,
                    -0.1918996217337654
                ],
                [
                    0.0,
                    0.0,
                    0.0,
                    1.0
                ]
            ],
            "size": [
                0.15068,
                0.17726,
                0.74884
            ]
        },
        "distance": 0.02802051481032789
    },
    {
        "case": 20,
        "collider1": {
            "type": "Box",
            "collider2origin": [
                [
                    0.9077781725128689,
                    0.4194505805326724,
                    0.0,
                    0.4158817547107895
                ],
                [
                    -0.4194505805326724,
                    0.9077781725128689,
                    0.0,
                    0.733173894971941
                ],
                [
                    0.0,
                    0.0,
                    1.0,
                    -0.6599999999999999
                ],
                [
                    0.0,
                    0.0,
                    0.0,
                    1.0
                ]
            ],
            "size": [
                0.6,
                1.0,
                0.8
            ]
        },
        "collider2": {
            "type": "Box",
            "collider2origin": [
                [
                    -0.04941659454562135,
                    -0.986067511642302,
                    -0.15883596150454116,
                    0.08024965563190939
                ],
                [
                    -0.29290552792130087,
                    0.16634561148662672,
                    -0.9415601357599441,
                    0.546623923519487
                ],
                [
                    0.9548635252729354,
                    -4.76431179428176e-06,
                    -0.2970448587009101,
                    -0.1918996217337654
                ],
                [
                    0.0,
                    0.0,
                    0.0,
                    1.0
                ]
            ],
            "size": [
                0.15068,
                0.17726,
                0.74884
            ]
        },
        "distance": 0.0
    },
    {
        "case": 21,
        "collider1": {
            "type": "Box",
            "collider2origin": [
                [
                    0.9077781725128689,
                    0.4194505805326724,
                    0.0,
                    0.27063700059322826
                ],
                [
                    -0.4194505805326724,
                    0.9077781725128689,
                    0.0,
                    0.8002854543438492
                ],
                [
                    0.0,
                    0.0,
                    1.0,
                    -0.25
                ],
                [
                    0.0,
                    0.0,
                    0.0,
                    1.0
                ]
            ],
            "size": [
                0.2,
                0.2,
                0.02
            ]
        },
        "collider2": {
            "type": "Box",
            "collider2origin": [
                [
                    -0.04941659454562135,
                    -0.986067511642302,
                    -0.15883596150454116,
                    0.08024965563190939
                ],
                [
                    -0.29290552792130087,
                    0.16634561148662672,
                    -0.9415601357599441,
                    0.546623923519487
                ],
                [
                    0.9548635252729354,
                    -4.76431179428176e-06,
                    -0.2970448587009101,
                    -0.1918996217337654
                ],
                [
                    0.0,
                    0.0,
                    0.0,
                    1.0
                ]
            ],
            "size": [
                0.15068,
                0.17726,
                0.74884
            ]
        },
        "distance": 0.02802051481032789
    },
    {
        "case": 22,
        "collider1": {
            "type": "Box",
            "collider2origin": [
                [
                    1.0,
                    0.0,
                    0.0,
                    0.35
                ],
                [
                    0.0,
                    1.0,
                    0.0,
                    -0.34649
                ],
                [
                    0.0,
                    0.0,
                    1.0,
                    -0.54511
                ],
                [
                    0.0,
                    0.0,
                    0.0,
                    1.0
                ]
            ],
            "size": [
                0.7,
                0.7,
                1.1
            ]
        },
        "collider2": {
            "type": "Box",
            "collider2origin": [
                [
                    -0.4791017046508277,
                    0.6081937775344045,
                    0.6328995856919973,
                    0.040407915809598516
                ],
                [
                    -0.8693474173844541,
                    -0.42836977008351795,
                    -0.2464435188142983,
                    -0.4847509813128792
                ],
                [
                    0.12122963535229546,
                    -0.6682811302491073,
                    0.7339643768367264,
                    -0.28309334875679326
                ],
                [
                    0.0,
                    0.0,
                    0.0,
                    1.0
                ]
            ],
            "size": [
                0.06241,
                0.05638,
                0.02858
            ]
        },
        "distance": 0.0
    },
    {
        "case": 23,
        "collider1": {
            "type": "Box",
            "collider2origin": [
                [
                    0.9077781725128689,
                    0.4194505805326724,
                    0.0,
                    0.4158817547107895
                ],
                [
                    -0.4194505805326724,
                    0.9077781725128689,
                    0.0,
