[
    {
        "case": 0,
        "collider1": {
            "type": "Box",
            "collider2origin": [
                [
                    0.9077781725128689,
                    0.4194505805326724,
                    0.0,
                    0.27063700059322826
                ],
                [
                    -0.4194505805326724,
                    0.9077781725128689,
                    0.0,
                    0.8002854543438492
                ],
                [
                    0.0,
                    0.0,
                    1.0,
                    -0.25
                ],
                [
                    0.0,
                    0.0,
                    0.0,
                    1.0
                ]
            ],
            "size": [
                0.2,
                0.2,
                0.02
            ]
        },
        "collider2": {
            "type": "Box",
            "collider2origin": [
                [
                    -0.15452446416173587,
                    -0.9656349966362081,
                    0.20897665718189337,
                    0.40505815086313157
                ],
                [
                    -0.2623508190850974,
                    0.24402775713446243,
                    0.9336072522604475,
                    0.6272159598530695
                ],
                [
                    -0.9525199408416112,
                    0.08943996321172083,
                    -0.2910433907165374,
                    -0.19467759890734992
                ],
                [
                    0.0,
                    0.0,
                    0.0,
                    1.0
                ]
            ],
            "size": [
                0.08993,
                0.0305,
                0.09007
            ]
        },
        "distance": 0.06923806591575685
    },
    {
        "case": 1,
        "collider1": {
            "type": "Box",
            "collider2origin": [
                [
                    0.9077781725128689,
                    0.4194505805326724,
                    0.0,
                    0.4158817547107895
                ],
                [
                    -0.4194505805326724,
                    0.9077781725128689,
                    0.0,
                    0.733173894971941
                ],
                [
                    0.0,
                    0.0,
                    1.0,
                    -0.6599999999999999
                ],
                [
                    0.0,
                    0.0,
                    0.0,
                    1.0
                ]
            ],
            "size": [
                0.6,
                1.0,
                0.8
            ]
        },
        "collider2": {
            "type": "Box",
            "collider2origin": [
                [
                    -0.9861023185628089,
                    -0.14738373626137638,
                    -0.07668279866234468,
                    0.5288552215278373
                ],
                [
                    0.14694012106231968,
                    -0.9890793872514162,
                    0.011426571513533716,
                    0.7171669504659599
                ],
                [
                    -0.07752946631599797,
                    -1.1056123074629429e-08,
                    0.9969900610601671,
                    -0.37706421111382404
                ],
                [
                    0.0,
                    0.0,
                    0.0,
                    1.0
                ]
            ],
            "size": [
                0.1202,
                0.13634,
                0.67816
            ]
        },
        "distance": 0.0
    },
    {
        "case": 2,
        "collider1": {
            "type": "Box",
            "collider2origin": [
                [
                    0.907778172512869,
                    0.4194505805326725,
                    0.0,
                    0.9947946797881562
                ],
                [
                    -0.4194505805326725,
                    0.907778172512869,
                    0.0,
                    0.5317739604993647
                ],
                [
                    0.0,
                    0.0,
                    1.0,
                    -0.69
                ],
                [
                    0.0,
                    0.0,
                    0.0,
                    1.0
                ]
            ],
            "size": [
                0.6,
                1.2,
                0.75
            ]
        },
        "collider2": {
            "type": "Box",
            "collider2origin": [
                [
                    -0.9861023185628089,
                    -0.14738373626137638,
                    -0.07668279866234468,
                    0.5288552215278373
                ],
                [
                    0.14694012106231968,
                    -0.9890793872514162,
                    0.011426571513533716,
                    0.7171669504659599
                ],
                [
                    -0.07752946631599797,
                    -1.1056123074629429e-08,
                    0.9969900610601671,
                    -0.37706421111382404
                ],
                [
                    0.0,
                    0.0,
                    0.0,
                    1.0
                ]
            ],
            "size": [
                0.1202,
                0.13634,
                0.67816
            ]
        },
        "distance": 0.09883945250838931
    },
    {
        "case": 3,
        "collider1": {
            "type": "Box",
            "collider2origin": [
                [
                    0.9077781725128689,
                    0.4194505805326724,
                    0.0,
                    0.4158817547107895
                ],
                [
                    -0.4194505805326724,
                    0.9077781725128689,
                    0.0,
                    0.733173894971941
                ],
                [
                    0.0,
                    0.0,
                    1.0,
                    -0.6599999999999999
                ],
                [
                    0.0,
                    0.0,
                    0.0,
                    1.0
                ]
            ],
            "size": [
                0.6,
                1.0,
                0.8
            ]
        },
        "collider2": {
            "type": "Box",
            "collider2origin": [
                [
                    0.8952077724235363,
                    -0.1473819097389765,
                    0.42057296260480415,
                    0.40034626679711127
                ],
                [
                    -0.1333971489860806,
                    -0.9890796593969179,
                    -0.06266281201528005,
                    0.6085812155938253
                ],
                [
                    0.42521552750913866,
                    -6.997794116711923e-06,
                    -0.9050921252094479,
                    -0.3742431792852571
                ],
                [
                    0.0,
                    0.0,
                    0.0,
                    1.0
                ]
            ],
            "size": [
                0.15068,
                0.17726,
                0.74884
            ]
        },
        "distance": 0.0
    },
    {
        "case": 4,
        "collider1": {
            "type": "Box",
            "collider2origin": [
                [
                    0.9077781725128689,
                    0.4194505805326724,
                    0.0,
                    0.27063700059322826
                ],
                [
                    -0.4194505805326724,
                    0.9077781725128689,
                    0.0,
                    0.8002854543438492
                ],
                [
                    0.0,
                    0.0,
                    1.0,
                    -0.25
                ],
                [
                    0.0,
                    0.0,
                    0.0,
                    1.0
                ]
            ],
            "size": [
                0.2,
                0.2,
                0.02
            ]
        },
        "collider2": {
            "type": "Box",
            "collider2origin": [
                [
                    0.8952077724235363,
                    -0.1473819097389765,
                    0.42057296260480415,
                    0.40034626679711127
                ],
                [
                    -0.1333971489860806,
                    -0.9890796593969179,
                    -0.06266281201528005,
                    0.6085812155938253
                ],
                [
                    0.42521552750913866,
                    -6.997794116711923e-06,
                    -0.9050921252094479,
                    -0.3742431792852571
                ],
                [
                    0.0,
                    0.0,
                    0.0,
                    1.0
                ]
            ],
            "size": [
                0.15068,
                0.17726,
                0.74884
            ]
        },
        "distance": 0.0
    },
    {
        "case": 5,
        "collider1": {
            "type": "Box",
            "collider2origin": [
                [
                    0.907778172512869,
                    0.4194505805326725,
                    0.0,
                    0.9947946797881562
                ],
                [
                    -0.4194505805326725,
                    0.907778172512869,
                    0.0,
                    0.5317739604993647
                ],
                [
                    0.0,
                    0.0,
                    1.0,
                    -0.69
                ],
                [
                    0.0,
                    0.0,
                    0.0,
                    1.0
                ]
            ],
            "size": [
                0.6,
                1.2,
                0.75
            ]
        },
        "collider2": {
            "type": "Box",
            "collider2origin": [
                [
                    0.8952077724235363,
                    -0.1473819097389765,
                    0.42057296260480415,
                    0.40034626679711127
                ],
                [
                    -0.1333971489860806,
                    -0.9890796593969179,
                    -0.06266281201528005,
                    0.6085812155938253
                ],
                [
                    0.42521552750913866,
                    -6.997794116711923e-06,
                    -0.9050921252094479,
                    -0.3742431792852571
                ],
                [
                    0.0,
                    0.0,
                    0.0,
                    1.0
                ]
            ],
            "size": [
                0.15068,
                0.17726,
                0.74884
            ]
        },
        "distance": 0.028701521437796872
    },
    {
        "case": 6,
        "collider1": {
            "type": "Box",
            "collider2origin": [
                [
                    0.9077781725128689,
                    0.4194505805326724,
                    0.0,
                    0.4158817547107895
                ],
                [
                    -0.4194505805326724,
                    0.9077781725128689,
                    0.0,
                    0.733173894971941
                ],
                [
                    0.0,
                    0.0,
                    1.0,
                    -0.6599999999999999
                ],
                [
                    0.0,
                    0.0,
                    0.0,
                    1.0
                ]
            ],
            "size": [
                0.6,
                1.0,
                0.8
            ]
        },
        "collider2": {
            "type": "Box",
            "collider2origin": [
                [
                    0.8952077724235363,
                    -0.1473819097389765,
                    0.42057296260480415,
                    0.40034626679711127
                ],
                [
                    -0.1333971489860806,
                    -0.9890796593969179,
                    -0.06266281201528005,
                    0.6085812155938253
                ],
                [
                    0.42521552750913866,
                    -6.997794116711923e-06,
                    -0.9050921252094479,
                    -0.3742431792852571
                ],
                [
                    0.0,
                    0.0,
                    0.0,
                    1.0
                ]
            ],
            "size": [
                0.15068,
                0.17726,
                0.74884
            ]
        },
        "distance": 0.0
    },
    {
        "case": 7,
        "collider1": {
            "type": "Box",
            "collider2origin": [
                [
                    0.9077781725128689,
                    0.4194505805326724,
                    0.0,
                    0.27063700059322826
                ],
                [
                    -0.4194505805326724,
                    0.9077781725128689,
                    0.0,
                    0.8002854543438492
                ],
                [
                    0.0,
                    0.0,
                    1.0,
                    -0.25
                ],
                [
                    0.0,
                    0.0,
                    0.0,
                    1.0
                ]
            ],
            "size": [
                0.2,
                0.2,
                0.02
            ]
        },
        "collider2": {
            "type": "Box",
            "collider2origin": [
                [
                    0.8952077724235363,
                    -0.1473819097389765,
                    0.42057296260480415,
                    0.40034626679711127
                ],
                [
                    -0.1333971489860806,
                    -0.9890796593969179,
                    -0.06266281201528005,
                    0.6085812155938253
                ],
                [
                    0.42521552750913866,
                    -6.997794116711923e-06,
                    -0.9050921252094479,
                    -0.3742431792852571
                ],
                [
                    0.0,
                    0.0,
                    0.0,
                    1.0
                ]
            ],
            "size": [
                0.15068,
                0.17726,
                0.74884
            ]
        },
        "distance": 0.0
    },
    {
        "case": 8,
        "collider1": {
            "type": "Box",
            "collider2origin": [
                [
                    0.907778172512869,
                    0.4194505805326725,
                    0.0,
                    0.9947946797881562
                ],
                [
                    -0.4194505805326725,
                    0.907778172512869,
                    0.0,
                    0.5317739604993647
                ],
                [
                    0.0,
                    0.0,
                    1.0,
                    -0.69
                ],
                [
                    0.0,
                    0.0,
                    0.0,
                    1.0
                ]
            ],
            "size": [
                0.6,
                1.2,
                0.75
            ]
        },
        "collider2": {
            "type": "Box",
            "collider2origin": [
                [
                    0.8952077724235363,
                    -0.1473819097389765,
                    0.42057296260480415,
                    0.40034626679711127
                ],
                [
                    -0.1333971489860806,
                    -0.9890796593969179,
                    -0.06266281201528005,
                    0.6085812155938253
                ],
                [
                    0.42521552750913866,
                    -6.997794116711923e-06,
                    -0.9050921252094479,
                    -0.3742431792852571
                ],
                [
                    0.0,
                    0.0,
                    0.0,
                    1.0
                ]
            ],
            "size": [
                0.15068,
                0.17726,
                0.74884
            ]
        },
        "distance": 0.028701521437796872
    }
]