[
    {
        "case": 0,
        "collider1": {
            "type": "Box",
            "collider2origin": [
                [
                    0.907778172512869,
                    0.4194505805326725,
                    0.0,
                    -1.612083837096907
                ],
                [
                    -0.4194505805326725,
                    0.907778172512869,
                    0.0,
                    -0.24654756573714753
                ],
                [
                    0.0,
                    0.0,
                    1.0,
                    -0.040000000000000036
                ],
                [
                    0.0,
                    0.0,
                    0.0,
                    1.0
                ]
            ],
            "size": [
                2.0,
                2.0,
                2.0
            ]
        },
        "collider2": {
            "type": "Box",
            "collider2origin": [
                [
                    -0.6453892537598791,
                    0.5449481834243247,
                    -0.5352608602483419,
                    -0.046600382148634656
                ],
                [
                    0.41946398462609447,
                    0.8384697235680434,
                    0.34787711661063353,
                    1.0827550199980522
                ],
                [
                    0.6383750282810771,
                    -6.500564685374202e-06,
                    -0.7697254856277506,
                    0.23271789827237943
                ],
                [
                    0.0,
                    0.0,
                    0.0,
                    1.0
                ]
            ],
            "size": [
                0.1202,
                0.13634,
                0.67816
            ]
        },
        "distance": 0.7667999518282024
    },
    {
        "case": 1,
        "collider1": {
            "type": "Box",
            "collider2origin": [
                [
                    0.907778172512869,
                    0.4194505805326725,
                    0.0,
                    -0.7418785952877999
                ],
                [
                    -0.4194505805326725,
                    0.907778172512869,
                    0.0,
                    1.2791466490804724
                ],
                [
                    0.0,
                    0.0,
                    1.0,
                    0.27
                ],
                [
                    0.0,
                    0.0,
                    0.0,
                    1.0
                ]
            ],
            "size": [
                0.52,
                1.16,
                0.6
            ]
        },
        "collider2": {
            "type": "Box",
            "collider2origin": [
                [
                    -0.6453892537598791,
                    0.5449481834243247,
                    -0.5352608602483419,
                    -0.046600382148634656
                ],
                [
                    0.41946398462609447,
                    0.8384697235680434,
                    0.34787711661063353,
                    1.0827550199980522
                ],
                [
                    0.6383750282810771,
                    -6.500564685374202e-06,
                    -0.7697254856277506,
                    0.23271789827237943
                ],
                [
                    0.0,
                    0.0,
                    0.0,
                    1.0
                ]
            ],
            "size": [
                0.1202,
                0.13634,
                0.67816
            ]
        },
        "distance": 0.18376594521471143
    },
    {
        "case": 2,
        "collider1": {
            "type": "Box",
            "collider2origin": [
                [
                    0.9081427509232697,
                    -0.4186606548811531,
                    0.0,
                    -0.09474126814702305
                ],
                [
                    0.41866065488115317,
                    0.9081427509232698,
                    0.0,
                    1.368923948110301
                ],
                [
                    0.0,
                    0.0,
                    1.0,
                    -0.21500000000000008
                ],
                [
                    0.0,
                    0.0,
                    0.0,
                    1.0
                ]
            ],
            "size": [
                0.2,
                0.3,
                0.22
            ]
        },
        "collider2": {
            "type": "Box",
            "collider2origin": [
                [
                    0.7552861990482065,
                    0.5449488121093621,
                    -0.3641065087414783,
                    0.2858204735876627
                ],
                [
                    -0.49088517775007967,
                    0.8384693149903949,
                    0.2366451987360198,
                    1.0173822143738103
                ],
                [
                    0.43425165491058954,
                    -3.644128142735767e-07,
                    0.9007915964346477,
                    0.16746686770338925
                ],
                [
                    0.0,
                    0.0,
                    0.0,
                    1.0
                ]
            ],
            "size": [
                0.15068,
                0.17726,
                0.74884
            ]
        },
        "distance": 0.34065549591489547
    },
    {
        "case": 3,
        "collider1": {
            "type": "Box",
            "collider2origin": [
                [
                    0.9081427509232697,
                    -0.4186606548811531,
                    0.0,
                    -0.09474126814702305
                ],
                [
                    0.41866065488115317,
                    0.9081427509232698,
                    0.0,
                    1.368923948110301
                ],
                [
                    0.0,
                    0.0,
                    1.0,
                    -0.21500000000000008
                ],
                [
                    0.0,
                    0.0,
                    0.0,
                    1.0
                ]
            ],
            "size": [
                0.2,
                0.3,
                0.22
            ]
        },
        "collider2": {
            "type": "Box",
            "collider2origin": [
                [
                    0.7552861990482065,
                    0.5449488121093621,
                    -0.3641065087414783,
                    0.2858204735876627
                ],
                [
                    -0.49088517775007967,
                    0.8384693149903949,
                    0.2366451987360198,
                    1.0173822143738103
                ],
                [
                    0.43425165491058954,
                    -3.644128142735767e-07,
                    0.9007915964346477,
                    0.16746686770338925
                ],
                [
                    0.0,
                    0.0,
                    0.0,
                    1.0
                ]
            ],
            "size": [
                0.15068,
                0.17726,
                0.74884
            ]
        },
        "distance": 0.34065549591489547
    }
]