[
    {
        "case": 0,
        "collider1": {
            "type": "Box",
            "collider2origin": [
                [
                    0.907778172512869,
                    0.4194505805326725,
                    0.0,
                    -1.612083837096907
                ],
                [
                    -0.4194505805326725,
                    0.907778172512869,
                    0.0,
                    -0.24654756573714753
                ],
                [
                    0.0,
                    0.0,
                    1.0,
                    -0.040000000000000036
                ],
                [
                    0.0,
                    0.0,
                    0.0,
                    1.0
                ]
            ],
            "size": [
                2.0,
                2.0,
                2.0
            ]
        },
        "collider2": {
            "type": "Box",
            "collider2origin": [
                [
                    -0.13098796445765634,
                    0.34484537426633044,
                    -0.9294750244166619,
                    0.08138861855379889
                ],
                [
                    -0.04811911417544587,
                    -0.9386595058044876,
                    -0.34147164305963307,
                    0.533739064518137
                ],
                [
                    -0.9902154836287957,
                    -3.160621262054935e-06,
                    0.1395467519213554,
                    -0.060742871422048816
                ],
                [
                    0.0,
                    0.0,
                    0.0,
                    1.0
                ]
            ],
            "size": [
                0.15068,
                0.17726,
                0.74884
            ]
        },
        "distance": 0.08653519299608974
    },
    {
        "case": 1,
        "collider1": {
            "type": "Box",
            "collider2origin": [
                [
                    0.907778172512869,
                    0.4194505805326725,
                    0.0,
                    -0.7418785952877999
                ],
                [
                    -0.4194505805326725,
                    0.907778172512869,
                    0.0,
                    1.2791466490804724
                ],
                [
                    0.0,
                    0.0,
                    1.0,
                    0.27
                ],
                [
                    0.0,
                    0.0,
                    0.0,
                    1.0
                ]
            ],
            "size": [
                0.52,
                1.16,
                0.6
            ]
        },
        "collider2": {
            "type": "Box",
            "collider2origin": [
                [
                    -0.13098796445765634,
                    0.34484537426633044,
                    -0.9294750244166619,
                    0.08138861855379889
                ],
                [
                    -0.04811911417544587,
                    -0.9386595058044876,
                    -0.34147164305963307,
                    0.533739064518137
                ],
                [
                    -0.9902154836287957,
                    -3.160621262054935e-06,
                    0.1395467519213554,
                    -0.060742871422048816
                ],
                [
                    0.0,
                    0.0,
                    0.0,
                    1.0
                ]
            ],
            "size": [
                0.15068,
                0.17726,
                0.74884
            ]
        },
        "distance": 0.47059663470110213
    },
    {
        "case": 2,
        "collider1": {
            "type": "Box",
            "collider2origin": [
                [
                    0.907778172512869,
                    0.4194505805326725,
                    0.0,
                    -1.612083837096907
                ],
                [
                    -0.4194505805326725,
                    0.907778172512869,
                    0.0,
                    -0.24654756573714753
                ],
                [
                    0.0,
                    0.0,
                    1.0,
                    -0.040000000000000036
                ],
                [
                    0.0,
                    0.0,
                    0.0,
                    1.0
                ]
            ],
            "size": [
                2.0,
                2.0,
                2.0
            ]
        },
        "collider2": {
            "type": "Box",
            "collider2origin": [
                [
                    -0.13098796445765634,
                    0.34484537426633044,
                    -0.9294750244166619,
                    0.08138861855379889
                ],
                [
                    -0.04811911417544587,
                    -0.9386595058044876,
                    -0.34147164305963307,
                    0.533739064518137
                ],
                [
                    -0.9902154836287957,
                    -3.160621262054935e-06,
                    0.1395467519213554,
                    -0.060742871422048816
                ],
                [
                    0.0,
                    0.0,
                    0.0,
                    1.0
                ]
            ],
            "size": [
                0.15068,
                0.17726,
                0.74884
            ]
        },
        "distance": 0.08653519299608974
    },
    {
        "case": 3,
        "collider1": {
            "type": "Box",
            "collider2origin": [
                [
                    0.907778172512869,
                    0.4194505805326725,
                    0.0,
                    -0.7418785952877999
                ],
                [
                    -0.4194505805326725,
                    0.907778172512869,
                    0.0,
                    1.2791466490804724
                ],
                [
                    0.0,
                    0.0,
                    1.0,
                    0.27
                ],
                [
                    0.0,
                    0.0,
                    0.0,
                    1.0
                ]
            ],
            "size": [
                0.52,
                1.16,
                0.6
            ]
        },
        "collider2": {
            "type": "Box",
            "collider2origin": [
                [
                    -0.13098796445765634,
                    0.34484537426633044,
                    -0.9294750244166619,
                    0.08138861855379889
                ],
                [
                    -0.04811911417544587,
                    -0.9386595058044876,
                    -0.34147164305963307,
                    0.533739064518137
                ],
                [
                    -0.9902154836287957,
                    -3.160621262054935e-06,
                    0.1395467519213554,
                    -0.060742871422048816
                ],
                [
                    0.0,
                    0.0,
                    0.0,
                    1.0
                ]
            ],
            "size": [
                0.15068,
                0.17726,
                0.74884
            ]
        },
        "distance": 0.47059663470110213
    },
    {
        "case": 4,
        "collider1": {
            "type": "Box",
            "collider2origin": [
                [
                    0.907778172512869,
                    0.4194505805326725,
                    0.0,
                    -1.612083837096907
                ],
                [
                    -0.4194505805326725,
                    0.907778172512869,
                    0.0,
                    -0.24654756573714753
                ],
                [
                    0.0,
                    0.0,
                    1.0,
                    -0.040000000000000036
                ],
                [
                    0.0,
                    0.0,
                    0.0,
                    1.0
                ]
            ],
            "size": [
                2.0,
                2.0,
                2.0
            ]
        },
        "collider2": {
            "type": "Box",
            "collider2origin": [
                [
                    -0.7855593750877836,
                    0.3448506756544641,
                    0.5137844681501672,
                    -0.10810196016992552
                ],
                [
                    -0.2886047279323724,
                    -0.9386575581650108,
                    0.18875725023103265,
                    0.5987183922248828
                ],
                [
                    0.547360739573795,
                    -5.991115792057752e-07,
                    0.8368967802380821,
                    0.21731994602703497
                ],
                [
                    0.0,
                    0.0,
                    0.0,
                    1.0
                ]
            ],
            "size": [
                0.1202,
                0.13634,
                0.67816
            ]
        },
        "distance": 0.1832093973991411
    },
    {
        "case": 5,
        "collider1": {
            "type": "Box",
            "collider2origin": [
                [
                    0.907778172512869,
                    0.4194505805326725,
                    0.0,
                    -0.7418785952877999
                ],
                [
                    -0.4194505805326725,
                    0.907778172512869,
                    0.0,
                    1.2791466490804724
                ],
                [
                    0.0,
                    0.0,
                    1.0,
                    0.27
                ],
                [
                    0.0,
                    0.0,
                    0.0,
                    1.0
                ]
            ],
            "size": [
                0.52,
                1.16,
                0.6
            ]
        },
        "collider2": {
            "type": "Box",
            "collider2origin": [
                [
                    -0.7855593750877836,
                    0.3448506756544641,
                    0.5137844681501672,
                    -0.10810196016992552
                ],
                [
                    -0.2886047279323724,
                    -0.9386575581650108,
                    0.18875725023103265,
                    0.5987183922248828
                ],
                [
                    0.547360739573795,
                    -5.991115792057752e-07,
                    0.8368967802380821,
                    0.21731994602703497
                ],
                [
                    0.0,
                    0.0,
                    0.0,
                    1.0
                ]
            ],
            "size": [
                0.1202,
                0.13634,
                0.67816
            ]
        },
        "distance": 0.38568667441828475
    }
]