[
    {
        "case": 0,
        "collider1": {
            "type": "Box",
            "collider2origin": [
                [
                    0.9077781725128689,
                    0.4194505805326724,
                    0.0,
                    0.4158817547107895
                ],
                [
                    -0.4194505805326724,
                    0.9077781725128689,
                    0.0,
                    0.733173894971941
                ],
                [
                    0.0,
                    0.0,
                    1.0,
                    -0.6599999999999999
                ],
                [
                    0.0,
                    0.0,
                    0.0,
                    1.0
                ]
            ],
            "size": [
                0.6,
                1.0,
                0.8
            ]
        },
        "collider2": {
            "type": "Box",
            "collider2origin": [
                [
                    0.24101386778237976,
                    -0.6426298666928787,
                    -0.7272820429316749,
                    0.08346487094458496
                ],
                [
                    -0.20214411442351707,
                    -0.7661767775200296,
                    0.6100089364861428,
                    0.9187110720936574
                ],
                [
                    -0.9492365735371291,
                    -4.828659791605634e-06,
                    -0.314563073859877,
                    -0.8023648087615444
                ],
                [
                    0.0,
                    0.0,
                    0.0,
                    1.0
                ]
            ],
            "size": [
                0.1202,
                0.13634,
                0.67816
            ]
        },
        "distance": 0.0
    },
    {
        "case": 1,
        "collider1": {
            "type": "Cylinder",
            "collider2origin": [
                [
                    0.907778172512869,
                    0.4194505805326725,
                    0.0,
                    -0.07232761537572224
                ],
                [
                    -0.4194505805326725,
                    0.907778172512869,
                    0.0,
                    1.2000044650142188
                ],
                [
                    0.0,
                    0.0,
                    1.0,
                    -0.5800000000000001
                ],
                [
                    0.0,
                    0.0,
                    0.0,
                    1.0
                ]
            ],
            "radius": 0.04,
            "height": 0.96
        },
        "collider2": {
            "type": "Box",
            "collider2origin": [
                [
                    0.24101386778237976,
                    -0.6426298666928787,
                    -0.7272820429316749,
                    0.08346487094458496
                ],
                [
                    -0.20214411442351707,
                    -0.7661767775200296,
                    0.6100089364861428,
                    0.9187110720936574
                ],
                [
                    -0.9492365735371291,
                    -4.828659791605634e-06,
                    -0.314563073859877,
                    -0.8023648087615444
                ],
                [
                    0.0,
                    0.0,
                    0.0,
                    1.0
                ]
            ],
            "size": [
                0.1202,
                0.13634,
                0.67816
            ]
        },
        "distance": 0.007232774634396496
    },
    {
        "case": 2,
        "collider1": {
            "type": "Box",
            "collider2origin": [
                [
                    0.9077781725128689,
                    0.4194505805326724,
                    0.0,
                    0.4158817547107895
                ],
                [
                    -0.4194505805326724,
                    0.9077781725128689,
                    0.0,
                    0.733173894971941
                ],
                [
                    0.0,
                    0.0,
                    1.0,
                    -0.6599999999999999
                ],
                [
                    0.0,
                    0.0,
                    0.0,
                    1.0
                ]
            ],
            "size": [
                0.6,
                1.0,
                0.8
            ]
        },
        "collider2": {
            "type": "Box",
            "collider2origin": [
                [
                    0.7655903304141158,
                    -0.6426270849258434,
                    0.03003124533078168,
                    0.19676789847108989
                ],
                [
                    -0.6421336254259521,
                    -0.7661791106952633,
                    -0.025178908465984647,
                    0.6587808585924682
                ],
                [
                    0.039189961389719925,
                    -7.343588371071818e-06,
                    -0.9992317783539231,
                    -0.40244407385975844
                ],
                [
                    0.0,
                    0.0,
                    0.0,
                    1.0
                ]
            ],
            "size": [
                0.15068,
                0.17726,
                0.74884
            ]
        },
        "distance": 0.0
    },
    {
        "case": 3,
        "collider1": {
            "type": "Box",
            "collider2origin": [
                [
                    0.9077781725128689,
                    0.4194505805326724,
                    0.0,
                    0.27063700059322826
                ],
                [
                    -0.4194505805326724,
                    0.9077781725128689,
                    0.0,
                    0.8002854543438492
                ],
                [
                    0.0,
                    0.0,
                    1.0,
                    -0.25
                ],
                [
                    0.0,
                    0.0,
                    0.0,
                    1.0
                ]
            ],
            "size": [
                0.2,
                0.2,
                0.02
            ]
        },
        "collider2": {
            "type": "Box",
            "collider2origin": [
                [
                    0.7655903304141158,
                    -0.6426270849258434,
                    0.03003124533078168,
                    0.19676789847108989
                ],
                [
                    -0.6421336254259521,
                    -0.7661791106952633,
                    -0.025178908465984647,
                    0.6587808585924682
                ],
                [
                    0.039189961389719925,
                    -7.343588371071818e-06,
                    -0.9992317783539231,
                    -0.40244407385975844
                ],
                [
                    0.0,
                    0.0,
                    0.0,
                    1.0
                ]
            ],
            "size": [
                0.15068,
                0.17726,
                0.74884
            ]
        },
        "distance": 0.0
    },
    {
        "case": 4,
        "collider1": {
            "type": "Box",
            "collider2origin": [
                [
                    0.9077781725128689,
                    0.4194505805326724,
                    0.0,
                    0.4158817547107895
                ],
                [
                    -0.4194505805326724,
                    0.9077781725128689,
                    0.0,
                    0.733173894971941
                ],
                [
                    0.0,
                    0.0,
                    1.0,
                    -0.6599999999999999
                ],
                [
                    0.0,
                    0.0,
                    0.0,
                    1.0
                ]
            ],
            "size": [
                0.6,
                1.0,
                0.8
            ]
        },
        "collider2": {
            "type": "Box",
            "collider2origin": [
                [
                    0.7655903304141158,
                    -0.6426270849258434,
                    0.03003124533078168,
                    0.19676789847108989
                ],
                [
                    -0.6421336254259521,
                    -0.7661791106952633,
                    -0.025178908465984647,
                    0.6587808585924682
                ],
                [
                    0.039189961389719925,
                    -7.343588371071818e-06,
                    -0.9992317783539231,
                    -0.40244407385975844
                ],
                [
                    0.0,
                    0.0,
                    0.0,
                    1.0
                ]
            ],
            "size": [
                0.15068,
                0.17726,
                0.74884
            ]
        },
        "distance": 0.0
    },
    {
        "case": 5,
        "collider1": {
            "type": "Box",
            "collider2origin": [
                [
                    0.9077781725128689,
                    0.4194505805326724,
                    0.0,
                    0.27063700059322826
                ],
                [
                    -0.4194505805326724,
                    0.9077781725128689,
                    0.0,
                    0.8002854543438492
                ],
                [
                    0.0,
                    0.0,
                    1.0,
                    -0.25
                ],
                [
                    0.0,
                    0.0,
                    0.0,
                    1.0
                ]
            ],
            "size": [
                0.2,
                0.2,
                0.02
            ]
        },
        "collider2": {
            "type": "Box",
            "collider2origin": [
                [
                    0.7655903304141158,
                    -0.6426270849258434,
                    0.03003124533078168,
                    0.19676789847108989
                ],
                [
                    -0.6421336254259521,
                    -0.7661791106952633,
                    -0.025178908465984647,
                    0.6587808585924682
                ],
                [
                    0.039189961389719925,
                    -7.343588371071818e-06,
                    -0.9992317783539231,
                    -0.40244407385975844
                ],
                [
                    0.0,
                    0.0,
                    0.0,
                    1.0
                ]
            ],
            "size": [
                0.15068,
                0.17726,
                0.74884
            ]
        },
        "distance": 0.0
    }
]