[
    {
        "case": 0,
        "collider1": {
            "type": "Box",
            "collider2origin": [
                [
                    0.9077781725128689,
                    0.4194505805326724,
                    0.0,
                    0.4158817547107895
                ],
                [
                    -0.4194505805326724,
                    0.9077781725128689,
                    0.0,
                    0.733173894971941
                ],
                [
                    0.0,
                    0.0,
                    1.0,
                    -0.6599999999999999
                ],
                [
                    0.0,
                    0.0,
                    0.0,
                    1.0
                ]
            ],
            "size": [
                0.6,
                1.0,
                0.8
            ]
        },
        "collider2": {
            "type": "Box",
            "collider2origin": [
                [
                    0.3783164018251392,
                    0.9166088331696424,
                    -0.12924761918684136,
                    0.38738095864633454
                ],
                [
                    -0.8673859052224093,
                    0.39978525104779444,
                    0.29633333336996237,
                    0.7202185714133555
                ],
                [
                    0.3232930428134529,
                    -1.9725515394167533e-07,
                    0.9462989001728679,
                    -0.4162095333924951
                ],
                [
                    0.0,
                    0.0,
                    0.0,
                    1.0
                ]
            ],
            "size": [
                0.1202,
                0.13634,
                0.67816
            ]
        },
        "distance": 0.0
    },
    {
        "case": 1,
        "collider1": {
            "type": "Box",
            "collider2origin": [
                [
                    0.9077781725128689,
                    0.4194505805326724,
                    0.0,
                    0.27063700059322826
                ],
                [
                    -0.4194505805326724,
                    0.9077781725128689,
                    0.0,
                    0.8002854543438492
                ],
                [
                    0.0,
                    0.0,
                    1.0,
                    -0.25
                ],
                [
                    0.0,
                    0.0,
                    0.0,
                    1.0
                ]
            ],
            "size": [
                0.2,
                0.2,
                0.02
            ]
        },
        "collider2": {
            "type": "Box",
            "collider2origin": [
                [
                    0.3783164018251392,
                    0.9166088331696424,
                    -0.12924761918684136,
                    0.38738095864633454
                ],
                [
                    -0.8673859052224093,
                    0.39978525104779444,
                    0.29633333336996237,
                    0.7202185714133555
                ],
                [
                    0.3232930428134529,
                    -1.9725515394167533e-07,
                    0.9462989001728679,
                    -0.4162095333924951
                ],
                [
                    0.0,
                    0.0,
                    0.0,
                    1.0
                ]
            ],
            "size": [
                0.1202,
                0.13634,
                0.67816
            ]
        },
        "distance": 0.0
    },
    {
        "case": 2,
        "collider1": {
            "type": "Box",
            "collider2origin": [
                [
                    0.907778172512869,
                    0.4194505805326725,
                    0.0,
                    0.9947946797881562
                ],
                [
                    -0.4194505805326725,
                    0.907778172512869,
                    0.0,
                    0.5317739604993647
                ],
                [
                    0.0,
                    0.0,
                    1.0,
                    -0.69
                ],
                [
                    0.0,
                    0.0,
                    0.0,
                    1.0
                ]
            ],
            "size": [
                0.6,
                1.2,
                0.75
            ]
        },
        "collider2": {
            "type": "Box",
            "collider2origin": [
                [
                    0.3783164018251392,
                    0.9166088331696424,
                    -0.12924761918684136,
                    0.38738095864633454
                ],
                [
                    -0.8673859052224093,
                    0.39978525104779444,
                    0.29633333336996237,
                    0.7202185714133555
                ],
                [
                    0.3232930428134529,
                    -1.9725515394167533e-07,
                    0.9462989001728679,
                    -0.4162095333924951
                ],
                [
                    0.0,
                    0.0,
                    0.0,
                    1.0
                ]
            ],
            "size": [
                0.1202,
                0.13634,
                0.67816
            ]
        },
        "distance": 0.1607126098066545
    },
    {
        "case": 3,
        "collider1": {
            "type": "Box",
            "collider2origin": [
                [
                    0.9077781725128689,
                    0.4194505805326724,
                    0.0,
                    0.4158817547107895
                ],
                [
                    -0.4194505805326724,
                    0.9077781725128689,
                    0.0,
                    0.733173894971941
                ],
                [
                    0.0,
                    0.0,
                    1.0,
                    -0.6599999999999999
                ],
                [
                    0.0,
                    0.0,
                    0.0,
                    1.0
                ]
            ],
            "size": [
                0.6,
                1.0,
                0.8
            ]
        },
        "collider2": {
            "type": "Box",
            "collider2origin": [
                [
                    -0.37811008078151054,
                    0.9166097848635386,
                    0.12984324820265783,
                    0.4989724721689579
                ],
                [
                    0.8669128466543125,
                    0.3997830689778322,
                    -0.2977173392068091,
                    0.7803867618077254
                ],
                [
                    -0.32479975849300735,
                    -7.147259334423506e-06,
                    -0.9457828063735354,
                    -0.3863749878057393
                ],
                [
                    0.0,
                    0.0,
                    0.0,
                    1.0
                ]
            ],
            "size": [
                0.15068,
                0.17726,
                0.74884
            ]
        },
        "distance": 0.0
    },
    {
        "case": 4,
        "collider1": {
            "type": "Box",
            "collider2origin": [
                [
                    0.9077781725128689,
                    0.4194505805326724,
                    0.0,
                    0.27063700059322826
                ],
                [
                    -0.4194505805326724,
                    0.9077781725128689,
                    0.0,
                    0.8002854543438492
                ],
                [
                    0.0,
                    0.0,
                    1.0,
                    -0.25
                ],
                [
                    0.0,
                    0.0,
                    0.0,
                    1.0
                ]
            ],
            "size": [
                0.2,
                0.2,
                0.02
            ]
        },
        "collider2": {
            "type": "Box",
            "collider2origin": [
                [
                    -0.37811008078151054,
                    0.9166097848635386,
                    0.12984324820265783,
                    0.4989724721689579
                ],
                [
                    0.8669128466543125,
                    0.3997830689778322,
                    -0.2977173392068091,
                    0.7803867618077254
                ],
                [
                    -0.32479975849300735,
                    -7.147259334423506e-06,
                    -0.9457828063735354,
                    -0.3863749878057393
                ],
                [
                    0.0,
                    0.0,
                    0.0,
                    1.0
                ]
            ],
            "size": [
                0.15068,
                0.17726,
                0.74884
            ]
        },
        "distance": 0.0
    },
    {
        "case": 5,
        "collider1": {
            "type": "Box",
            "collider2origin": [
                [
                    0.907778172512869,
                    0.4194505805326725,
                    0.0,
                    0.9947946797881562
                ],
                [
                    -0.4194505805326725,
                    0.907778172512869,
                    0.0,
                    0.5317739604993647
                ],
                [
                    0.0,
                    0.0,
                    1.0,
                    -0.69
                ],
                [
                    0.0,
                    0.0,
                    0.0,
                    1.0
                ]
            ],
            "size": [
                0.6,
                1.2,
                0.75
            ]
        },
        "collider2": {
            "type": "Box",
            "collider2origin": [
                [
                    -0.37811008078151054,
                    0.9166097848635386,
                    0.12984324820265783,
                    0.4989724721689579
                ],
                [
                    0.8669128466543125,
                    0.3997830689778322,
                    -0.2977173392068091,
                    0.7803867618077254
                ],
                [
                    -0.32479975849300735,
                    -7.147259334423506e-06,
                    -0.9457828063735354,
                    -0.3863749878057393
                ],
                [
                    0.0,
                    0.0,
                    0.0,
                    1.0
                ]
            ],
            "size": [
                0.15068,
                0.17726,
                0.74884
            ]
        },
        "distance": 0.0513480076499162
    },
    {
        "case": 6,
        "collider1": {
            "type": "Box",
            "collider2origin": [
                [
                    0.9077781725128689,
                    0.4194505805326724,
                    0.0,
                    0.4158817547107895
                ],
                [
                    -0.4194505805326724,
                    0.9077781725128689,
                    0.0,
                    0.733173894971941
                ],
                [
                    0.0,
                    0.0,
                    1.0,
                    -0.6599999999999999
                ],
                [
                    0.0,
                    0.0,
                    0.0,
                    1.0
                ]
            ],
            "size": [
                0.6,
                1.0,
                0.8
            ]
        },
        "collider2": {
            "type": "Box",
            "collider2origin": [
                [
                    -0.37811008078151054,
                    0.9166097848635386,
                    0.12984324820265783,
                    0.4989724721689579
                ],
                [
                    0.8669128466543125,
                    0.3997830689778322,
                    -0.2977173392068091,
                    0.7803867618077254
                ],
                [
                    -0.32479975849300735,
                    -7.147259334423506e-06,
                    -0.9457828063735354,
                    -0.3863749878057393
                ],
                [
                    0.0,
                    0.0,
                    0.0,
                    1.0
                ]
            ],
            "size": [
                0.15068,
                0.17726,
                0.74884
            ]
        },
        "distance": 0.0
    },
    {
        "case": 7,
        "collider1": {
            "type": "Box",
            "collider2origin": [
                [
                    0.9077781725128689,
                    0.4194505805326724,
                    0.0,
                    0.27063700059322826
                ],
                [
                    -0.4194505805326724,
                    0.9077781725128689,
                    0.0,
                    0.8002854543438492
                ],
                [
                    0.0,
                    0.0,
                    1.0,
                    -0.25
                ],
                [
                    0.0,
                    0.0,
                    0.0,
                    1.0
                ]
            ],
            "size": [
                0.2,
                0.2,
                0.02
            ]
        },
        "collider2": {
            "type": "Box",
            "collider2origin": [
                [
                    -0.37811008078151054,
                    0.9166097848635386,
                    0.12984324820265783,
                    0.4989724721689579
                ],
                [
                    0.8669128466543125,
                    0.3997830689778322,
                    -0.2977173392068091,
                    0.7803867618077254
                ],
                [
                    -0.32479975849300735,
                    -7.147259334423506e-06,
                    -0.9457828063735354,
                    -0.3863749878057393
                ],
                [
                    0.0,
                    0.0,
                    0.0,
                    1.0
                ]
            ],
            "size": [
                0.15068,
                0.17726,
                0.74884
            ]
        },
        "distance": 0.0
    },
    {
        "case": 8,
        "collider1": {
            "type": "Box",
            "collider2origin": [
                [
                    0.907778172512869,
                    0.4194505805326725,
                    0.0,
                    0.9947946797881562
                ],
                [
                    -0.4194505805326725,
                    0.907778172512869,
                    0.0,
                    0.5317739604993647
                ],
                [
                    0.0,
                    0.0,
                    1.0,
                    -0.69
                ],
                [
                    0.0,
                    0.0,
                    0.0,
                    1.0
                ]
            ],
            "size": [
                0.6,
                1.2,
                0.75
            ]
        },
        "collider2": {
            "type": "Box",
            "collider2origin": [
                [
                    -0.37811008078151054,
                    0.9166097848635386,
                    0.12984324820265783,
                    0.4989724721689579
                ],
                [
                    0.8669128466543125,
                    0.3997830689778322,
                    -0.2977173392068091,
                    0.7803867618077254
                ],
                [
                    -0.32479975849300735,
                    -7.147259334423506e-06,
                    -0.9457828063735354,
                    -0.3863749878057393
                ],
                [
                    0.0,
                    0.0,
                    0.0,
                    1.0
                ]
            ],
            "size": [
                0.15068,
                0.17726,
                0.74884
            ]
        },
        "distance": 0.0513480076499162
    }
]