[
    {
        "case": 0,
        "collider1": {
            "type": "Box",
            "collider2origin": [
                [
                    0.9077781725128689,
                    0.4194505805326724,
                    0.0,
                    0.4158817547107895
                ],
                [
                    -0.4194505805326724,
                    0.9077781725128689,
                    0.0,
                    0.733173894971941
                ],
                [
                    0.0,
                    0.0,
                    1.0,
                    -0.6599999999999999
                ],
                [
                    0.0,
                    0.0,
                    0.0,
                    1.0
                ]
            ],
            "size": [
                0.6,
                1.0,
                0.8
            ]
        },
        "collider2": {
            "type": "Box",
            "collider2origin": [
                [
                    -0.7175670557208008,
                    -0.12441126966111477,
                    0.6852877910232247,
                    0.37701020213868935
                ],
                [
                    0.08997174030399797,
                    -0.9922307372684418,
                    -0.08592583992254277,
                    0.7417678969430284
                ],
                [
                    0.690653752969497,
                    -1.0167961138489573e-06,
                    0.7231855871822355,
                    -0.5019987031744355
                ],
                [
                    0.0,
                    0.0,
                    0.0,
                    1.0
                ]
            ],
            "size": [
                0.1202,
                0.13634,
                0.67816
            ]
        },
        "distance": 0.0
    },
    {
        "case": 1,
        "collider1": {
            "type": "Box",
            "collider2origin": [
                [
                    0.9077781725128689,
                    0.4194505805326724,
                    0.0,
                    0.27063700059322826
                ],
                [
                    -0.4194505805326724,
                    0.9077781725128689,
                    0.0,
                    0.8002854543438492
                ],
                [
                    0.0,
                    0.0,
                    1.0,
                    -0.25
                ],
                [
                    0.0,
                    0.0,
                    0.0,
                    1.0
                ]
            ],
            "size": [
                0.2,
                0.2,
                0.02
            ]
        },
        "collider2": {
            "type": "Box",
            "collider2origin": [
                [
                    -0.7175670557208008,
                    -0.12441126966111477,
                    0.6852877910232247,
                    0.37701020213868935
                ],
                [
                    0.08997174030399797,
                    -0.9922307372684418,
                    -0.08592583992254277,
                    0.7417678969430284
                ],
                [
                    0.690653752969497,
                    -1.0167961138489573e-06,
                    0.7231855871822355,
                    -0.5019987031744355
                ],
                [
                    0.0,
                    0.0,
                    0.0,
                    1.0
                ]
            ],
            "size": [
                0.1202,
                0.13634,
                0.67816
            ]
        },
        "distance": 0.1046326407739675
    },
    {
        "case": 2,
        "collider1": {
            "type": "Box",
            "collider2origin": [
                [
                    0.907778172512869,
                    0.4194505805326725,
                    0.0,
                    0.9947946797881562
                ],
                [
                    -0.4194505805326725,
                    0.907778172512869,
                    0.0,
                    0.5317739604993647
                ],
                [
                    0.0,
                    0.0,
                    1.0,
                    -0.69
                ],
                [
                    0.0,
                    0.0,
                    0.0,
                    1.0
                ]
            ],
            "size": [
                0.6,
                1.2,
                0.75
            ]
        },
        "collider2": {
            "type": "Box",
            "collider2origin": [
                [
                    -0.7175670557208008,
                    -0.12441126966111477,
                    0.6852877910232247,
                    0.37701020213868935
                ],
                [
                    0.08997174030399797,
                    -0.9922307372684418,
                    -0.08592583992254277,
                    0.7417678969430284
                ],
                [
                    0.690653752969497,
                    -1.0167961138489573e-06,
                    0.7231855871822355,
                    -0.5019987031744355
                ],
                [
                    0.0,
                    0.0,
                    0.0,
                    1.0
                ]
            ],
            "size": [
                0.1202,
                0.13634,
                0.67816
            ]
        },
        "distance": 0.06580198547392405
    },
    {
        "case": 3,
        "collider1": {
            "type": "Box",
            "collider2origin": [
                [
                    0.9077781725128689,
                    0.4194505805326724,
                    0.0,
                    0.4158817547107895
                ],
                [
                    -0.4194505805326724,
                    0.9077781725128689,
                    0.0,
                    0.733173894971941
                ],
                [
                    0.0,
                    0.0,
                    1.0,
                    -0.6599999999999999
                ],
                [
                    0.0,
                    0.0,
                    0.0,
                    1.0
                ]
            ],
            "size": [
                0.6,
                1.0,
                0.8
            ]
        },
        "collider2": {
            "type": "Box",
            "collider2origin": [
                [
                    0.976057301063831,
                    -0.12441444223178436,
                    -0.17841858536639107,
                    0.22466792717749565
                ],
                [
                    -0.12238520596533442,
                    -0.9922303394429443,
                    0.022378892952116942,
                    0.6335401091141585
                ],
                [
                    -0.17981659100542657,
                    -7.286537530288959e-06,
                    -0.983700154287928,
                    -0.39776339324039944
                ],
                [
                    0.0,
                    0.0,
                    0.0,
                    1.0
                ]
            ],
            "size": [
                0.15068,
                0.17726,
                0.74884
            ]
        },
        "distance": 0.0
    },
    {
        "case": 4,
        "collider1": {
            "type": "Box",
            "collider2origin": [
                [
                    0.9077781725128689,
                    0.4194505805326724,
                    0.0,
                    0.27063700059322826
                ],
                [
                    -0.4194505805326724,
                    0.9077781725128689,
                    0.0,
                    0.8002854543438492
                ],
                [
                    0.0,
                    0.0,
                    1.0,
                    -0.25
                ],
                [
                    0.0,
                    0.0,
                    0.0,
                    1.0
                ]
            ],
            "size": [
                0.2,
                0.2,
                0.02
            ]
        },
        "collider2": {
            "type": "Box",
            "collider2origin": [
                [
                    0.976057301063831,
                    -0.12441444223178436,
                    -0.17841858536639107,
                    0.22466792717749565
                ],
                [
                    -0.12238520596533442,
                    -0.9922303394429443,
                    0.022378892952116942,
                    0.6335401091141585
                ],
                [
                    -0.17981659100542657,
                    -7.286537530288959e-06,
                    -0.983700154287928,
                    -0.39776339324039944
                ],
                [
                    0.0,
                    0.0,
                    0.0,
                    1.0
                ]
            ],
            "size": [
                0.15068,
                0.17726,
                0.74884
            ]
        },
        "distance": 0.0
    },
    {
        "case": 5,
        "collider1": {
            "type": "Box",
            "collider2origin": [
                [
                    0.9077781725128689,
                    0.4194505805326724,
                    0.0,
                    0.4158817547107895
                ],
                [
                    -0.4194505805326724,
                    0.9077781725128689,
                    0.0,
                    0.733173894971941
                ],
                [
                    0.0,
                    0.0,
                    1.0,
                    -0.6599999999999999
                ],
                [
                    0.0,
                    0.0,
                    0.0,
                    1.0
                ]
            ],
            "size": [
                0.6,
                1.0,
                0.8
            ]
        },
        "collider2": {
            "type": "Box",
            "collider2origin": [
                [
                    0.976057301063831,
                    -0.12441444223178436,
                    -0.17841858536639107,
                    0.22466792717749565
                ],
                [
                    -0.12238520596533442,
                    -0.9922303394429443,
                    0.022378892952116942,
                    0.6335401091141585
                ],
                [
                    -0.17981659100542657,
                    -7.286537530288959e-06,
                    -0.983700154287928,
                    -0.39776339324039944
                ],
                [
                    0.0,
                    0.0,
                    0.0,
                    1.0
                ]
            ],
            "size": [
                0.15068,
                0.17726,
                0.74884
            ]
        },
        "distance": 0.0
    },
    {
        "case": 6,
        "collider1": {
            "type": "Box",
            "collider2origin": [
                [
                    0.9077781725128689,
                    0.4194505805326724,
                    0.0,
                    0.27063700059322826
                ],
                [
                    -0.4194505805326724,
                    0.9077781725128689,
                    0.0,
                    0.8002854543438492
                ],
                [
                    0.0,
                    0.0,
                    1.0,
                    -0.25
                ],
                [
                    0.0,
                    0.0,
                    0.0,
                    1.0
                ]
            ],
            "size": [
                0.2,
                0.2,
                0.02
            ]
        },
        "collider2": {
            "type": "Box",
            "collider2origin": [
                [
                    0.976057301063831,
                    -0.12441444223178436,
                    -0.17841858536639107,
                    0.22466792717749565
                ],
                [
                    -0.12238520596533442,
                    -0.9922303394429443,
                    0.022378892952116942,
                    0.6335401091141585
                ],
                [
                    -0.17981659100542657,
                    -7.286537530288959e-06,
                    -0.983700154287928,
                    -0.39776339324039944
                ],
                [
                    0.0,
                    0.0,
                    0.0,
                    1.0
                ]
            ],
            "size": [
                0.15068,
                0.17726,
                0.74884
            ]
        },
        "distance": 0.0
    },
    {
        "case": 7,
        "collider1": {
            "type": "Box",
            "collider2origin": [
                [
                    0.9077781725128689,
                    0.4194505805326724,
                    0.0,
                    0.4158817547107895
                ],
                [
                    -0.4194505805326724,
                    0.9077781725128689,
                    0.0,
                    0.733173894971941
                ],
                [
                    0.0,
                    0.0,
                    1.0,
                    -0.6599999999999999
                ],
                [
                    0.0,
                    0.0,
                    0.0,
                    1.0
                ]
            ],
            "size": [
                0.6,
                1.0,
                0.8
            ]
        },
        "collider2": {
            "type": "Box",
            "collider2origin": [
                [
                    -0.9827416432940075,
                    -0.12441428970319471,
                    -0.1368939262839798,
                    0.5629389355923338
                ],
                [
                    0.12322451868093938,
                    -0.9922303585950434,
                    0.01716489085903321,
                    0.6058187464141067
                ],
                [
                    -0.13796586727029622,
                    -3.5126918816308794e-08,
                    0.9904369840976021,
                    -0.2882520978521602
                ],
                [
                    0.0,
                    0.0,
                    0.0,
                    1.0
                ]
            ],
            "size": [
                0.09102,
                0.10007,
                0.11882
            ]
        },
        "distance": 0.0
    },
    {
        "case": 8,
        "collider1": {
            "type": "Box",
            "collider2origin": [
                [
                    0.907778172512869,
                    0.4194505805326725,
                    0.0,
                    0.9947946797881562
                ],
                [
                    -0.4194505805326725,
                    0.907778172512869,
                    0.0,
                    0.5317739604993647
                ],
                [
                    0.0,
                    0.0,
                    1.0,
                    -0.69
                ],
                [
                    0.0,
                    0.0,
                    0.0,
                    1.0
                ]
            ],
            "size": [
                0.6,
                1.2,
                0.75
            ]
        },
        "collider2": {
            "type": "Box",
            "collider2origin": [
                [
                    -0.9827416432940075,
                    -0.12441428970319471,
                    -0.1368939262839798,
                    0.5629389355923338
                ],
                [
                    0.12322451868093938,
                    -0.9922303585950434,
                    0.01716489085903321,
                    0.6058187464141067
                ],
                [
                    -0.13796586727029622,
                    -3.5126918816308794e-08,
                    0.9904369840976021,
                    -0.2882520978521602
                ],
                [
                    0.0,
                    0.0,
                    0.0,
                    1.0
                ]
            ],
            "size": [
                0.09102,
                0.10007,
                0.11882
            ]
        },
        "distance": 0.05715135264580071
    }
]