[
    {
        "case": 0,
        "collider1": {
            "type": "Box",
            "collider2origin": [
                [
                    0.9077781725128689,
                    0.4194505805326724,
                    0.0,
                    0.4158817547107895
                ],
                [
                    -0.4194505805326724,
                    0.9077781725128689,
                    0.0,
                    0.733173894971941
                ],
                [
                    0.0,
                    0.0,
                    1.0,
                    -0.6599999999999999
                ],
                [
                    0.0,
                    0.0,
                    0.0,
                    1.0
                ]
            ],
            "size": [
                0.6,
                1.0,
                0.8
            ]
        },
        "collider2": {
            "type": "Box",
            "collider2origin": [
                [
                    -0.15748541591741722,
                    -0.9535292541056312,
                    -0.2568663180295861,
                    0.3588094023879698
                ],
                [
                    0.4984009998624395,
                    -0.30130045064965383,
                    0.8129049647864356,
                    0.45391589808226585
                ],
                [
                    -0.8525226021106059,
                    -1.7532562039531963e-06,
                    0.5226903604309985,
                    -0.1301527642842042
                ],
                [
                    0.0,
                    0.0,
                    0.0,
                    1.0
                ]
            ],
            "size": [
                0.1202,
                0.13634,
                0.67816
            ]
        },
        "distance": 0.0
    },
    {
        "case": 1,
        "collider1": {
            "type": "Box",
            "collider2origin": [
                [
                    0.9077781725128689,
                    0.4194505805326724,
                    0.0,
                    0.27063700059322826
                ],
                [
                    -0.4194505805326724,
                    0.9077781725128689,
                    0.0,
                    0.8002854543438492
                ],
                [
                    0.0,
                    0.0,
                    1.0,
                    -0.25
                ],
                [
                    0.0,
                    0.0,
                    0.0,
                    1.0
                ]
            ],
            "size": [
                0.2,
                0.2,
                0.02
            ]
        },
        "collider2": {
            "type": "Box",
            "collider2origin": [
                [
                    -0.15748541591741722,
                    -0.9535292541056312,
                    -0.2568663180295861,
                    0.3588094023879698
                ],
                [
                    0.4984009998624395,
                    -0.30130045064965383,
                    0.8129049647864356,
                    0.45391589808226585
                ],
                [
                    -0.8525226021106059,
                    -1.7532562039531963e-06,
                    0.5226903604309985,
                    -0.1301527642842042
                ],
                [
                    0.0,
                    0.0,
                    0.0,
                    1.0
                ]
            ],
            "size": [
                0.1202,
                0.13634,
                0.67816
            ]
        },
        "distance": 0.14622439060974968
    },
    {
        "case": 2,
        "collider1": {
            "type": "Box",
            "collider2origin": [
                [
                    0.907778172512869,
                    0.4194505805326725,
                    0.0,
                    0.9947946797881562
                ],
                [
                    -0.4194505805326725,
                    0.907778172512869,
                    0.0,
                    0.5317739604993647
                ],
                [
                    0.0,
                    0.0,
                    1.0,
                    -0.69
                ],
                [
                    0.0,
                    0.0,
                    0.0,
                    1.0
                ]
            ],
            "size": [
                0.6,
                1.2,
                0.75
            ]
        },
        "collider2": {
            "type": "Box",
            "collider2origin": [
                [
                    -0.15748541591741722,
                    -0.9535292541056312,
                    -0.2568663180295861,
                    0.3588094023879698
                ],
                [
                    0.4984009998624395,
                    -0.30130045064965383,
                    0.8129049647864356,
                    0.45391589808226585
                ],
                [
                    -0.8525226021106059,
                    -1.7532562039531963e-06,
                    0.5226903604309985,
                    -0.1301527642842042
                ],
                [
                    0.0,
                    0.0,
                    0.0,
                    1.0
                ]
            ],
            "size": [
                0.1202,
                0.13634,
                0.67816
            ]
        },
        "distance": 0.002536648116324226
    },
    {
        "case": 3,
        "collider1": {
            "type": "Box",
            "collider2origin": [
                [
                    0.9077781725128689,
                    0.4194505805326724,
                    0.0,
                    0.4158817547107895
                ],
                [
                    -0.4194505805326724,
                    0.9077781725128689,
                    0.0,
                    0.733173894971941
                ],
                [
                    0.0,
                    0.0,
                    1.0,
                    -0.6599999999999999
                ],
                [
                    0.0,
                    0.0,
                    0.0,
                    1.0
                ]
            ],
            "size": [
                0.6,
                1.0,
                0.8
            ]
        },
        "collider2": {
            "type": "Box",
            "collider2origin": [
                [
                    0.08569614784593196,
                    -0.9535272495291404,
                    0.28886321096629913,
                    0.22021194033482616
                ],
                [
                    -0.27121238804159753,
                    -0.3013067944523211,
                    -0.9141433455370337,
                    0.47322140888829284
                ],
                [
                    0.9586970380767543,
                    -4.717972017291885e-06,
                    -0.28442923401190423,
                    -0.18811569191848965
                ],
                [
                    0.0,
                    0.0,
                    0.0,
                    1.0
                ]
            ],
            "size": [
                0.15068,
                0.17726,
                0.74884
            ]
        },
        "distance": 0.0
    },
    {
        "case": 4,
        "collider1": {
            "type": "Box",
            "collider2origin": [
                [
                    0.9077781725128689,
                    0.4194505805326724,
                    0.0,
                    0.27063700059322826
                ],
                [
                    -0.4194505805326724,
                    0.9077781725128689,
                    0.0,
                    0.8002854543438492
                ],
                [
                    0.0,
                    0.0,
                    1.0,
                    -0.25
                ],
                [
                    0.0,
                    0.0,
                    0.0,
                    1.0
                ]
            ],
            "size": [
                0.2,
                0.2,
                0.02
            ]
        },
        "collider2": {
            "type": "Box",
            "collider2origin": [
                [
                    0.08569614784593196,
                    -0.9535272495291404,
                    0.28886321096629913,
                    0.22021194033482616
                ],
                [
                    -0.27121238804159753,
                    -0.3013067944523211,
                    -0.9141433455370337,
                    0.47322140888829284
                ],
                [
                    0.9586970380767543,
                    -4.717972017291885e-06,
                    -0.28442923401190423,
                    -0.18811569191848965
                ],
                [
                    0.0,
                    0.0,
                    0.0,
                    1.0
                ]
            ],
            "size": [
                0.15068,
                0.17726,
                0.74884
            ]
        },
        "distance": 0.034205767342732486
    },
    {
        "case": 5,
        "collider1": {
            "type": "Box",
            "collider2origin": [
                [
                    0.9077781725128689,
                    0.4194505805326724,
                    0.0,
                    0.4158817547107895
                ],
                [
                    -0.4194505805326724,
                    0.9077781725128689,
                    0.0,
                    0.733173894971941
                ],
                [
                    0.0,
                    0.0,
                    1.0,
                    -0.6599999999999999
                ],
                [
                    0.0,
                    0.0,
                    0.0,
                    1.0
                ]
            ],
            "size": [
                0.6,
                1.0,
                0.8
            ]
        },
        "collider2": {
            "type": "Box",
            "collider2origin": [
                [
                    0.08569614784593196,
                    -0.9535272495291404,
                    0.28886321096629913,
                    0.22021194033482616
                ],
                [
                    -0.27121238804159753,
                    -0.3013067944523211,
                    -0.9141433455370337,
                    0.47322140888829284
                ],
                [
                    0.9586970380767543,
                    -4.717972017291885e-06,
                    -0.28442923401190423,
                    -0.18811569191848965
                ],
                [
                    0.0,
                    0.0,
                    0.0,
                    1.0
                ]
            ],
            "size": [
                0.15068,
                0.17726,
                0.74884
            ]
        },
        "distance": 0.0
    },
    {
        "case": 6,
        "collider1": {
            "type": "Box",
            "collider2origin": [
                [
                    0.9077781725128689,
                    0.4194505805326724,
                    0.0,
                    0.27063700059322826
                ],
                [
                    -0.4194505805326724,
                    0.9077781725128689,
                    0.0,
                    0.8002854543438492
                ],
                [
                    0.0,
                    0.0,
                    1.0,
                    -0.25
                ],
                [
                    0.0,
                    0.0,
                    0.0,
                    1.0
                ]
            ],
            "size": [
                0.2,
                0.2,
                0.02
            ]
        },
        "collider2": {
            "type": "Box",
            "collider2origin": [
                [
                    0.08569614784593196,
                    -0.9535272495291404,
                    0.28886321096629913,
                    0.22021194033482616
                ],
                [
                    -0.27121238804159753,
                    -0.3013067944523211,
                    -0.9141433455370337,
                    0.47322140888829284
                ],
                [
                    0.9586970380767543,
                    -4.717972017291885e-06,
                    -0.28442923401190423,
                    -0.18811569191848965
                ],
                [
                    0.0,
                    0.0,
                    0.0,
                    1.0
                ]
            ],
            "size": [
                0.15068,
                0.17726,
                0.74884
            ]
        },
        "distance": 0.034205767342732486
    }
]