[
    {
        "case": 0,
        "collider1": {
            "type": "Box",
            "collider2origin": [
                [
                    0.907778172512869,
                    0.4194505805326725,
                    0.0,
                    -1.612083837096907
                ],
                [
                    -0.4194505805326725,
                    0.907778172512869,
                    0.0,
                    -0.24654756573714753
                ],
                [
                    0.0,
                    0.0,
                    1.0,
                    -0.040000000000000036
                ],
                [
                    0.0,
                    0.0,
                    0.0,
                    1.0
                ]
            ],
            "size": [
                2.0,
                2.0,
                2.0
            ]
        },
        "collider2": {
            "type": "Sphere",
            "collider2origin": [
                [
                    1.0,
                    0.0,
                    0.0,
                    -0.34614754060790304
                ],
                [
                    0.0,
                    1.0,
                    0.0,
                    1.0575270175136722
                ],
                [
                    0.0,
                    0.0,
                    1.0,
                    -0.7092392348839746
                ],
                [
                    0.0,
                    0.0,
                    0.0,
                    1.0
                ]
            ],
            "radius": 0.00487
        },
        "distance": 0.7099381564836043
    },
    {
        "case": 1,
        "collider1": {
            "type": "Box",
            "collider2origin": [
                [
                    0.907778172512869,
                    0.4194505805326725,
                    0.0,
                    -1.612083837096907
                ],
                [
                    -0.4194505805326725,
                    0.907778172512869,
                    0.0,
                    -0.24654756573714753
                ],
                [
                    0.0,
                    0.0,
                    1.0,
                    -0.040000000000000036
                ],
                [
                    0.0,
                    0.0,
                    0.0,
                    1.0
                ]
            ],
            "size": [
                2.0,
                2.0,
                2.0
            ]
        },
        "collider2": {
            "type": "Cylinder",
            "collider2origin": [
                [
                    -0.8425125941296534,
                    0.5358233993830416,
                    0.0553697878497143,
                    -0.3462290349073461
                ],
                [
                    -0.26324222722003454,
                    -0.31986192844050976,
                    -0.910160357597799,
                    1.0428722882362833
                ],
                [
                    -0.4699745296727859,
                    -0.7813972302279545,
                    0.4105390481439294,
                    -0.7016120421837999
                ],
                [
                    0.0,
                    0.0,
                    0.0,
                    1.0
                ]
            ],
            "radius": 0.0076,
            "height": 0.02993
        },
        "distance": 0.6849244002813913
    },
    {
        "case": 2,
        "collider1": {
            "type": "Box",
            "collider2origin": [
                [
                    0.9077781725128689,
                    0.4194505805326724,
                    0.0,
                    0.4158817547107895
                ],
                [
                    -0.4194505805326724,
                    0.9077781725128689,
                    0.0,
                    0.733173894971941
                ],
                [
                    0.0,
                    0.0,
                    1.0,
                    -0.6599999999999999
                ],
                [
                    0.0,
                    0.0,
                    0.0,
                    1.0
                ]
            ],
            "size": [
                0.6,
                1.0,
                0.8
            ]
        },
        "collider2": {
            "type": "Box",
            "collider2origin": [
                [
                    0.7411815913912402,
                    -0.6271752359905786,
                    0.23937642311412136,
                    -0.12084976969169042
                ],
                [
                    -0.5968236792593984,
                    -0.7788781825861942,
                    -0.1927440597437492,
                    1.0769993214503353
                ],
                [
                    0.3073293745446787,
                    -7.16863884410978e-06,
                    -0.9516032027534305,
                    -0.5405436807420545
                ],
                [
                    0.0,
                    0.0,
                    0.0,
                    1.0
                ]
            ],
            "size": [
                0.1202,
                0.13634,
                0.67816
            ]
        },
        "distance": 0.15833240985318922
    },
    {
        "case": 3,
        "collider1": {
            "type": "Box",
            "collider2origin": [
                [
                    0.907778172512869,
                    0.4194505805326725,
                    0.0,
                    -1.612083837096907
                ],
                [
                    -0.4194505805326725,
                    0.907778172512869,
                    0.0,
                    -0.24654756573714753
                ],
                [
                    0.0,
                    0.0,
                    1.0,
                    -0.040000000000000036
                ],
                [
                    0.0,
                    0.0,
                    0.0,
                    1.0
                ]
            ],
            "size": [
                2.0,
                2.0,
                2.0
            ]
        },
        "collider2": {
            "type": "Box",
            "collider2origin": [
                [
                    0.7411815913912402,
                    -0.6271752359905786,
                    0.23937642311412136,
                    -0.12084976969169042
                ],
                [
                    -0.5968236792593984,
                    -0.7788781825861942,
                    -0.1927440597437492,
                    1.0769993214503353
                ],
                [
                    0.3073293745446787,
                    -7.16863884410978e-06,
                    -0.9516032027534305,
                    -0.5405436807420545
                ],
                [
                    0.0,
                    0.0,
                    0.0,
                    1.0
                ]
            ],
            "size": [
                0.1202,
                0.13634,
                0.67816
            ]
        },
        "distance": 0.7216937191385564
    },
    {
        "case": 4,
        "collider1": {
            "type": "Box",
            "collider2origin": [
                [
                    0.9081427509232697,
                    -0.4186606548811531,
                    0.0,
                    -0.09474126814702305
                ],
                [
                    0.41866065488115317,
                    0.9081427509232698,
                    0.0,
                    1.368923948110301
                ],
                [
                    0.0,
                    0.0,
                    1.0,
                    -0.21500000000000008
                ],
                [
                    0.0,
                    0.0,
                    0.0,
                    1.0
                ]
            ],
            "size": [
                0.2,
                0.3,
                0.22
            ]
        },
        "collider2": {
            "type": "Box",
            "collider2origin": [
                [
                    0.7411815913912402,
                    -0.6271752359905786,
                    0.23937642311412136,
                    -0.12084976969169042
                ],
                [
                    -0.5968236792593984,
                    -0.7788781825861942,
                    -0.1927440597437492,
                    1.0769993214503353
                ],
                [
                    0.3073293745446787,
                    -7.16863884410978e-06,
                    -0.9516032027534305,
                    -0.5405436807420545
                ],
                [
                    0.0,
                    0.0,
                    0.0,
                    1.0
                ]
            ],
            "size": [
                0.1202,
                0.13634,
                0.67816
            ]
        },
        "distance": 0.019300996974312663
    },
    {
        "case": 5,
        "collider1": {
            "type": "Box",
            "collider2origin": [
                [
                    0.9798474486812189,
                    -0.1997472836183421,
                    0.0,
                    -0.20628161272202655
                ],
                [
                    0.19974728361834207,
                    0.9798474486812188,
                    0.0,
                    1.335871448475788
                ],
                [
                    0.0,
                    0.0,
                    1.0,
                    -0.21500000000000008
                ],
                [
                    0.0,
                    0.0,
                    0.0,
                    1.0
                ]
            ],
            "size": [
                0.2,
                0.3,
                0.22
            ]
        },
        "collider2": {
            "type": "Box",
            "collider2origin": [
                [
                    0.7411815913912402,
                    -0.6271752359905786,
                    0.23937642311412136,
                    -0.12084976969169042
                ],
                [
                    -0.5968236792593984,
                    -0.7788781825861942,
                    -0.1927440597437492,
                    1.0769993214503353
                ],
                [
                    0.3073293745446787,
                    -7.16863884410978e-06,
                    -0.9516032027534305,
                    -0.5405436807420545
                ],
                [
                    0.0,
                    0.0,
                    0.0,
                    1.0
                ]
            ],
            "size": [
                0.1202,
                0.13634,
                0.67816
            ]
        },
        "distance": 0.0
    },
    {
        "case": 6,
        "collider1": {
            "type": "Box",
            "collider2origin": [
                [
                    0.9984065575563776,
                    -0.05643000822632935,
                    0.0,
                    -0.3111399560290343
                ],
                [
                    0.05643000822632935,
                    0.9984065575563776,
                    0.0,
                    1.3240986306775833
                ],
                [
                    0.0,
                    0.0,
                    1.0,
                    -0.21500000000000008
                ],
                [
                    0.0,
                    0.0,
                    0.0,
                    1.0
                ]
            ],
            "size": [
                0.2,
                0.3,
                0.22
            ]
        },
        "collider2": {
            "type": "Box",
            "collider2origin": [
                [
                    0.7411815913912402,
                    -0.6271752359905786,
                    0.23937642311412136,
                    -0.12084976969169042
                ],
                [
                    -0.5968236792593984,
                    -0.7788781825861942,
                    -0.1927440597437492,
                    1.0769993214503353
                ],
                [
                    0.3073293745446787,
                    -7.16863884410978e-06,
                    -0.9516032027534305,
                    -0.5405436807420545
                ],
                [
                    0.0,
                    0.0,
                    0.0,
                    1.0
                ]
            ],
            "size": [
                0.1202,
                0.13634,
                0.67816
            ]
        },
        "distance": 0.0
    },
    {
        "case": 7,
        "collider1": {
            "type": "Cylinder",
            "collider2origin": [
                [
                    0.907778172512869,
                    0.4194505805326725,
                    0.0,
                    -0.07232761537572224
                ],
                [
                    -0.4194505805326725,
                    0.907778172512869,
                    0.0,
                    1.2000044650142188
                ],
                [
                    0.0,
                    0.0,
                    1.0,
                    -0.5800000000000001
                ],
                [
                    0.0,
                    0.0,
                    0.0,
                    1.0
                ]
            ],
            "radius": 0.04,
            "height": 0.96
        },
        "collider2": {
            "type": "Box",
            "collider2origin": [
                [
                    0.7411815913912402,
                    -0.6271752359905786,
                    0.23937642311412136,
                    -0.12084976969169042
                ],
                [
                    -0.5968236792593984,
                    -0.7788781825861942,
                    -0.1927440597437492,
                    1.0769993214503353
                ],
                [
                    0.3073293745446787,
                    -7.16863884410978e-06,
                    -0.9516032027534305,
                    -0.5405436807420545
                ],
                [
                    0.0,
                    0.0,
                    0.0,
                    1.0
                ]
            ],
            "size": [
                0.1202,
                0.13634,
                0.67816
            ]
        },
        "distance": 0.018067387879902558
    },
    {
        "case": 8,
        "collider1": {
            "type": "Box",
            "collider2origin": [
                [
                    0.907778172512869,
                    0.4194505805326725,
                    0.0,
                    -1.612083837096907
                ],
                [
                    -0.4194505805326725,
                    0.907778172512869,
                    0.0,
                    -0.24654756573714753
                ],
                [
                    0.0,
                    0.0,
                    1.0,
                    -0.040000000000000036
                ],
                [
                    0.0,
                    0.0,
                    0.0,
                    1.0
                ]
            ],
            "size": [
                2.0,
                2.0,
                2.0
            ]
        },
        "collider2": {
            "type": "Sphere",
            "collider2origin": [
                [
                    1.0,
                    0.0,
                    0.0,
                    -0.34095815416704073
                ],
                [
                    0.0,
                    1.0,
                    0.0,
                    1.031562399653005
                ],
                [
                    0.0,
                    0.0,
                    1.0,
                    -0.6488535686876923
                ],
                [
                    0.0,
                    0.0,
                    0.0,
                    1.0
                ]
            ],
            "radius": 0.00484
        },
        "distance": 0.688574734287281
    },
    {
        "case": 9,
        "collider1": {
            "type": "Box",
            "collider2origin": [
                [
                    0.907778172512869,
                    0.4194505805326725,
                    0.0,
                    -1.612083837096907
                ],
                [
                    -0.4194505805326725,
                    0.907778172512869,
                    0.0,
                    -0.24654756573714753
                ],
                [
                    0.0,
                    0.0,
                    1.0,
                    -0.040000000000000036
                ],
                [
                    0.0,
                    0.0,
                    0.0,
                    1.0
                ]
            ],
            "size": [
                2.0,
                2.0,
                2.0
            ]
        },
        "collider2": {
            "type": "Cylinder",
            "collider2origin": [
                [
                    -0.3609169029351359,
                    0.3529135858318118,
                    0.8632444555924134,
                    -0.38055135577352966
                ],
                [
                    0.14493064048519552,
                    0.9356133085113576,
                    -0.3219050269644481,
                    1.0294915291140465
                ],
                [
                    -0.9212676585142127,
                    0.00892960647304237,
                    -0.3888266496833466,
                    -0.7490393988098316
                ],
                [
                    0.0,
                    0.0,
                    0.0,
                    1.0
                ]
            ],
            "radius": 0.01169,
            "height": 0.05502
        },
        "distance": 0.6613438964188701
    },
    {
        "case": 10,
        "collider1": {
            "type": "Box",
            "collider2origin": [
                [
                    0.907778172512869,
                    0.4194505805326725,
                    0.0,
                    -1.612083837096907
                ],
                [
                    -0.4194505805326725,
                    0.907778172512869,
                    0.0,
                    -0.24654756573714753
                ],
                [
                    0.0,
                    0.0,
                    1.0,
                    -0.040000000000000036
                ],
                [
                    0.0,
                    0.0,
                    0.0,
                    1.0
                ]
            ],
            "size": [
                2.0,
                2.0,
                2.0
            ]
        },
        "collider2": {
            "type": "Cylinder",
            "collider2origin": [
                [
                    -0.7570726182562078,
                    0.62086499015262,
                    0.20339054719793767,
                    -0.371525767182787
                ],
                [
                    -0.2329867725111759,
                    0.03427862758313563,
                    -0.9718755782124794,
                    1.0348359722684817
                ],
                [
                    -0.6103754701177913,
                    -0.7831676957675175,
                    0.11870191988624793,
                    -0.6948974931849576
                ],
                [
                    0.0,
                    0.0,
                    0.0,
                    1.0
                ]
            ],
            "radius": 0.00813,
            "height": 0.03824
        },
        "distance": 0.6634163615439981
    },
    {
        "case": 11,
        "collider1": {
            "type": "Box",
            "collider2origin": [
                [
                    0.907778172512869,
                    0.4194505805326725,
                    0.0,
                    -1.612083837096907
                ],
                [
                    -0.4194505805326725,
                    0.907778172512869,
                    0.0,
                    -0.24654756573714753
                ],
                [
                    0.0,
                    0.0,
                    1.0,
                    -0.040000000000000036
                ],
                [
                    0.0,
                    0.0,
                    0.0,
                    1.0
                ]
            ],
            "size": [
                2.0,
                2.0,
                2.0
            ]
        },
        "collider2": {
            "type": "Sphere",
            "collider2origin": [
                [
                    1.0,
                    0.0,
                    0.0,
                    -0.3745571665029697
                ],
                [
                    0.0,
                    1.0,
                    0.0,
                    1.0549555521753333
                ],
                [
                    0.0,
                    0.0,
                    1.0,
                    -0.6988174577936506
                ],
                [
                    0.0,
                    0.0,
                    0.0,
                    1.0
                ]
            ],
            "radius": 0.00563
        },
        "distance": 0.6949274023036853
    },
    {
        "case": 12,
        "collider1": {
            "type": "Box",
            "collider2origin": [
                [
                    0.907778172512869,
                    0.4194505805326725,
                    0.0,
                    -1.612083837096907
                ],
                [
                    -0.4194505805326725,
                    0.907778172512869,
                    0.0,
                    -0.24654756573714753
                ],
                [
                    0.0,
                    0.0,
                    1.0,
                    -0.040000000000000036
                ],
                [
                    0.0,
                    0.0,
                    0.0,
                    1.0
                ]
            ],
            "size": [
                2.0,
                2.0,
                2.0
            ]
        },
        "collider2": {
            "type": "Cylinder",
            "collider2origin": [
                [
                    -0.3531698479105304,
                    0.4052565579269504,
                    0.8432307992382946,
                    -0.36923839097743943
                ],
                [
                    0.09228852533674563,
                    0.9120070684992678,
                    -0.39965727204511187,
                    1.0224413456759511
                ],
                [
                    -0.9309961797010882,
                    -0.06332637100428203,
                    -0.35949392778933903,
                    -0.7555404634158501
                ],
                [
                    0.0,
                    0.0,
                    0.0,
                    1.0
                ]
            ],
            "radius": 0.01271,
            "height": 0.05982
        },
        "distance": 0.6602908304408222
    },
    {
        "case": 13,
        "collider1": {
            "type": "Box",
            "collider2origin": [
                [
                    0.907778172512869,
                    0.4194505805326725,
                    0.0,
                    -1.612083837096907
                ],
                [
                    -0.4194505805326725,
                    0.907778172512869,
                    0.0,
                    -0.24654756573714753
                ],
                [
                    0.0,
                    0.0,
                    1.0,
                    -0.040000000000000036
                ],
                [
                    0.0,
                    0.0,
                    0.0,
                    1.0
                ]
            ],
            "size": [
                2.0,
                2.0,
                2.0
            ]
        },
        "collider2": {
            "type": "Sphere",
            "collider2origin": [
                [
                    1.0,
                    0.0,
                    0.0,
                    -0.39796077025995374
                ],
                [
                    0.0,
                    1.0,
                    0.0,
                    1.0435229802244963
                ],
                [
                    0.0,
                    0.0,
                    1.0,
                    -0.6972004265481375
                ],
                [
                    0.0,
                    0.0,
                    0.0,
                    1.0
                ]
            ],
            "radius": 0.00663
        },
        "distance": 0.673732507848609
    },
    {
        "case": 14,
        "collider1": {
            "type": "Box",
            "collider2origin": [
                [
                    0.9077781725128689,
                    0.4194505805326724,
                    0.0,
                    0.4158817547107895
                ],
                [
                    -0.4194505805326724,
                    0.9077781725128689,
                    0.0,
                    0.733173894971941
                ],
                [
                    0.0,
                    0.0,
                    1.0,
                    -0.6599999999999999
                ],
                [
                    0.0,
                    0.0,
                    0.0,
                    1.0
                ]
            ],
            "size": [
                0.6,
                1.0,
                0.8
            ]
        },
        "collider2": {
            "type": "Box",
            "collider2origin": [
                [
                    0.44030097154903897,
                    -0.6271784752348497,
                    -0.6424812951791371,
                    -0.122766688486323
                ],
                [
                    -0.35454000393787705,
                    -0.7788755742536996,
                    0.5173530955147557,
                    0.9350556488212456
                ],
                [
                    -0.8248857133328849,
                    -5.7496662260854236e-06,
                    -0.5652995311392346,
                    -0.8196038879888019
                ],
                [
                    0.0,
                    0.0,
                    0.0,
                    1.0
                ]
            ],
            "size": [
                0.09102,
                0.10007,
                0.11882
            ]
        },
        "distance": 0.18901230434164767
    },
    {
        "case": 15,
        "collider1": {
            "type": "Box",
            "collider2origin": [
                [
                    0.907778172512869,
                    0.4194505805326725,
                    0.0,
                    -1.612083837096907
                ],
                [
                    -0.4194505805326725,
                    0.907778172512869,
                    0.0,
                    -0.24654756573714753
                ],
                [
                    0.0,
                    0.0,
                    1.0,
                    -0.040000000000000036
                ],
                [
                    0.0,
                    0.0,
                    0.0,
                    1.0
                ]
            ],
            "size": [
                2.0,
                2.0,
                2.0
            ]
        },
        "collider2": {
            "type": "Cylinder",
            "collider2origin": [
                [
                    -0.8456313670006853,
                    0.4221406689852517,
                    0.3266570781924616,
                    -0.33910725509207146
                ],
                [
                    -0.2645539254288925,
                    0.20005368814042565,
                    -0.9433926766737044,
                    1.0085242295106154
                ],
                [
                    -0.46359336889640235,
                    -0.8841808510989684,
                    -0.057492702712490046,
                    -0.6950016175347465
                ],
                [
                    0.0,
                    0.0,
                    0.0,
                    1.0
                ]
            ],
            "radius": 0.00783,
            "height": 0.03683
        },
        "distance": 0.6545913690221897
    },
    {
        "case": 16,
        "collider1": {
            "type": "Box",
            "collider2origin": [
                [
                    0.907778172512869,
                    0.4194505805326725,
                    0.0,
                    -1.612083837096907
                ],
                [
                    -0.4194505805326725,
                    0.907778172512869,
                    0.0,
                    -0.24654756573714753
                ],
                [
                    0.0,
                    0.0,
                    1.0,
                    -0.040000000000000036
                ],
                [
                    0.0,
                    0.0,
                    0.0,
                    1.0
                ]
            ],
            "size": [
                2.0,
                2.0,
                2.0
            ]
        },
        "collider2": {
            "type": "Cylinder",
            "collider2origin": [
                [
                    -0.9149301940771012,
                    0.09062903271777864,
                    0.3933053754967975,
                    -0.33626603342994615
                ],
                [
                    -0.2784823211139056,
                    0.563598611223792,
                    -0.7776915855617981,
                    1.0193618914186227
                ],
                [
                    -0.2921477995690685,
                    -0.8210621071851093,
                    -0.4904148033570139,
                    -0.6551338793337746
                ],
                [
                    0.0,
                    0.0,
                    0.0,
                    1.0
                ]
            ],
            "radius": 0.0076,
            "height": 0.02993
        },
        "distance": 0.6698196625601806
    },
    {
        "case": 17,
        "collider1": {
            "type": "Box",
            "collider2origin": [
                [
                    0.907778172512869,
                    0.4194505805326725,
                    0.0,
                    -1.612083837096907
                ],
                [
                    -0.4194505805326725,
                    0.907778172512869,
                    0.0,
                    -0.24654756573714753
                ],
                [
                    0.0,
                    0.0,
                    1.0,
                    -0.040000000000000036
                ],
                [
                    0.0,
                    0.0,
                    0.0,
                    1.0
                ]
            ],
            "size": [
                2.0,
                2.0,
                2.0
            ]
        },
        "collider2": {
            "type": "Box",
            "collider2origin": [
                [
                    -0.42703730340941626,
                    -0.6362836842492136,
                    -0.6424812951791371,
                    -0.19682610405901313
                ],
                [
                    -0.8542548888323627,
                    0.050934855131902455,
                    0.5173530955147557,
                    0.9885243524040804
                ],
                [
                    -0.29645864197695754,
                    0.7697718582092612,
                    -0.5652995311392346,
                    -0.8799364992012244
                ],
                [
                    0.0,
                    0.0,
                    0.0,
                    1.0
                ]
            ],
            "size": [
                0.09126,
                0.11887,
                0.10009
            ]
        },
        "distance": 0.6481127433422839
    },
    {
        "case": 18,
        "collider1": {
            "type": "Box",
            "collider2origin": [
                [
                    0.907778172512869,
                    0.4194505805326725,
                    0.0,
                    -1.612083837096907
                ],
                [
                    -0.4194505805326725,
                    0.907778172512869,
                    0.0,
                    -0.24654756573714753
                ],
                [
                    0.0,
                    0.0,
                    1.0,
                    -0.040000000000000036
                ],
                [
                    0.0,
                    0.0,
                    0.0,
                    1.0
                ]
            ],
            "size": [
                2.0,
                2.0,
                2.0
            ]
        },
        "collider2": {
            "type": "Sphere",
            "collider2origin": [
                [
                    1.0,
                    0.0,
                    0.0,
                    -0.39992825201243193
                ],
                [
                    0.0,
                    1.0,
                    0.0,
                    1.0366567479734856
                ],
                [
                    0.0,
                    0.0,
                    1.0,
                    -0.7396735870007488
                ],
                [
                    0.0,
                    0.0,
                    0.0,
                    1.0
                ]
            ],
            "radius": 0.01051
        },
        "distance": 0.662794230720473
    },
    {
        "case": 19,
        "collider1": {
            "type": "Box",
            "collider2origin": [
                [
                    0.907778172512869,
                    0.4194505805326725,
                    0.0,
                    -1.612083837096907
                ],
                [
                    -0.4194505805326725,
                    0.907778172512869,
                    0.0,
                    -0.24654756573714753
                ],
                [
                    0.0,
                    0.0,
                    1.0,
                    -0.040000000000000036
                ],
                [
                    0.0,
                    0.0,
                    0.0,
                    1.0
                ]
            ],
            "size": [
                2.0,
                2.0,
                2.0
            ]
        },
        "collider2": {
            "type": "Box",
            "collider2origin": [
                [
                    0.14825891559264565,
                    -0.636284105173638,
                    -0.7570745217286575,
                    -0.24746497743715318
                ],
                [
                    -0.9711452814962759,
                    0.050932098980242556,
                    -0.23298661661345707,
                    0.9940924899858509
                ],
                [
                    0.18680507534543067,
                    0.7697716926445458,
                    -0.6103731686667904,
                    -0.8251466275569925
                ],
                [
                    0.0,
                    0.0,
                    0.0,
                    1.0
                ]
            ],
            "size": [
                0.08993,
                0.0305,
                0.09007
            ]
        },
        "distance": 0.6345809412625564
    },
    {
        "case": 20,
        "collider1": {
            "type": "Box",
            "collider2origin": [
                [
                    0.907778172512869,
                    0.4194505805326725,
                    0.0,
                    -1.612083837096907
                ],
                [
                    -0.4194505805326725,
                    0.907778172512869,
                    0.0,
                    -0.24654756573714753
                ],
                [
                    0.0,
                    0.0,
                    1.0,
                    -0.040000000000000036
                ],
                [
                    0.0,
                    0.0,
                    0.0,
                    1.0
                ]
            ],
            "size": [
                2.0,
                2.0,
                2.0
            ]
        },
        "collider2": {
            "type": "Cylinder",
            "collider2origin": [
                [
                    -0.7070516374683891,
                    0.6359193149317303,
                    0.309329285471046,
                    -0.3933061437417548
                ],
                [
                    -0.14827768630370003,
                    0.294380921664372,
                    -0.9441152475754513,
                    1.0238851749619622
                ],
                [
                    -0.6914417616095301,
                    -0.71340486251272,
                    -0.11384986800833712,
                    -0.6994044357239044
                ],
                [
                    0.0,
                    0.0,
                    0.0,
                    1.0
                ]
            ],
            "radius": 0.00796,
            "height": 0.03037
        },
        "distance": 0.6479809751340305
    },
    {
        "case": 21,
        "collider1": {
            "type": "Box",
            "collider2origin": [
                [
                    0.907778172512869,
                    0.4194505805326725,
                    0.0,
                    -1.612083837096907
                ],
                [
                    -0.4194505805326725,
                    0.907778172512869,
                    0.0,
                    -0.24654756573714753
                ],
                [
                    0.0,
                    0.0,
                    1.0,
                    -0.040000000000000036
                ],
                [
                    0.0,
                    0.0,
                    0.0,
                    1.0
                ]
            ],
            "size": [
                2.0,
                2.0,
                2.0
            ]
        },
        "collider2": {
            "type": "Box",
            "collider2origin": [
                [
                    -0.8309402966004771,
                    -0.5369315331703007,
                    -0.14574893540915163,
                    -0.3000579830674887
                ],
                [
                    -0.04957939522496905,
                    -0.18946367118930843,
                    0.9806352027479919,
                    0.9927464402700551
                ],
                [
                    -0.5541480912667992,
                    0.8220754503005543,
                    0.13081225844126038,
                    -0.7599397840745087
                ],
                [
                    0.0,
                    0.0,
                    0.0,
                    1.0
                ]
            ],
            "size": [
                0.06241,
                0.05638,
                0.02858
            ]
        },
        "distance": 0.6400088601977315
    },
    {
        "case": 22,
