[
    {
        "case": 0,
        "collider1": {
            "type": "Box",
            "collider2origin": [
                [
                    0.9798474486812189,
                    -0.1997472836183421,
                    0.0,
                    -0.20628161272202655
                ],
                [
                    0.19974728361834207,
                    0.9798474486812188,
                    0.0,
                    1.335871448475788
                ],
                [
                    0.0,
                    0.0,
                    1.0,
                    -0.21500000000000008
                ],
                [
                    0.0,
                    0.0,
                    0.0,
                    1.0
                ]
            ],
            "size": [
                0.2,
                0.3,
                0.22
            ]
        },
        "collider2": {
            "type": "Sphere",
            "collider2origin": [
                [
                    1.0,
                    0.0,
                    0.0,
                    -0.3405903207004853
                ],
                [
                    0.0,
                    1.0,
                    0.0,
                    1.2896110495118835
                ],
                [
                    0.0,
                    0.0,
                    1.0,
                    -0.27380066844345974
                ],
                [
                    0.0,
                    0.0,
                    0.0,
                    1.0
                ]
            ],
            "radius": 0.00663
        },
        "distance": 0.03421243388050432
    },
    {
        "case": 1,
        "collider1": {
            "type": "Box",
            "collider2origin": [
                [
                    0.9984065575563776,
                    -0.05643000822632935,
                    0.0,
                    -0.3111399560290343
                ],
                [
                    0.05643000822632935,
                    0.9984065575563776,
                    0.0,
                    1.3240986306775833
                ],
                [
                    0.0,
                    0.0,
                    1.0,
                    -0.21500000000000008
                ],
                [
                    0.0,
                    0.0,
                    0.0,
                    1.0
                ]
            ],
            "size": [
                0.2,
                0.3,
                0.22
            ]
        },
        "collider2": {
            "type": "Sphere",
            "collider2origin": [
                [
                    1.0,
                    0.0,
                    0.0,
                    -0.3405903207004853
                ],
                [
                    0.0,
                    1.0,
                    0.0,
                    1.2896110495118835
                ],
                [
                    0.0,
                    0.0,
                    1.0,
                    -0.27380066844345974
                ],
                [
                    0.0,
                    0.0,
                    0.0,
                    1.0
                ]
            ],
            "radius": 0.00663
        },
        "distance": 0.0
    },
    {
        "case": 2,
        "collider1": {
            "type": "Box",
            "collider2origin": [
                [
                    0.9997288002091077,
                    0.023287894547555033,
                    0.0,
                    -0.42010216954734814
                ],
                [
                    -0.02328789454755501,
                    0.9997288002091077,
                    0.0,
                    1.3190360102899432
                ],
                [
                    0.0,
                    0.0,
                    1.0,
                    -0.21500000000000008
                ],
                [
                    0.0,
                    0.0,
                    0.0,
                    1.0
                ]
            ],
            "size": [
                0.2,
                0.3,
                0.22
            ]
        },
        "collider2": {
            "type": "Sphere",
            "collider2origin": [
                [
                    1.0,
                    0.0,
                    0.0,
                    -0.3405903207004853
                ],
                [
                    0.0,
                    1.0,
                    0.0,
                    1.2896110495118835
                ],
                [
                    0.0,
                    0.0,
                    1.0,
                    -0.27380066844345974
                ],
                [
                    0.0,
                    0.0,
                    0.0,
                    1.0
                ]
            ],
            "radius": 0.00663
        },
        "distance": 0.0
    },
    {
        "case": 3,
        "collider1": {
            "type": "Box",
            "collider2origin": [
                [
                    0.8404842512412337,
                    -0.5418359746412772,
                    0.0,
                    0.011439976095501792
                ],
                [
                    0.5418359746412771,
                    0.8404842512412338,
                    0.0,
                    1.4325762997644957
                ],
                [
                    0.0,
                    0.0,
                    1.0,
                    -0.21500000000000008
                ],
                [
                    0.0,
                    0.0,
                    0.0,
                    1.0
                ]
            ],
            "size": [
                0.2,
                0.3,
                0.22
            ]
        },
        "collider2": {
            "type": "Box",
            "collider2origin": [
                [
                    -0.049093278843147105,
                    -0.9987941968772103,
                    4.7506181274302185e-05,
                    -0.13659774773717748
                ],
                [
                    0.8278736841647728,
                    -0.04071870897487852,
                    -0.5594346698291637,
                    1.2509964363181427
                ],
                [
                    0.5587620361476564,
                    -0.027425153123134878,
                    0.8288744464249679,
                    -0.3504509547360477
                ],
                [
                    0.0,
                    0.0,
                    0.0,
                    1.0
                ]
            ],
            "size": [
                0.08993,
                0.0305,
                0.09007
            ]
        },
        "distance": 0.0857691760192496
    },
    {
        "case": 4,
        "collider1": {
            "type": "Box",
            "collider2origin": [
                [
                    0.9081427509232697,
                    -0.4186606548811531,
                    0.0,
                    -0.09474126814702305
                ],
                [
                    0.41866065488115317,
                    0.9081427509232698,
                    0.0,
                    1.368923948110301
                ],
                [
                    0.0,
                    0.0,
                    1.0,
                    -0.21500000000000008
                ],
                [
                    0.0,
                    0.0,
                    0.0,
                    1.0
                ]
            ],
            "size": [
                0.2,
                0.3,
                0.22
            ]
        },
        "collider2": {
            "type": "Box",
            "collider2origin": [
                [
                    -0.049093278843147105,
                    -0.9987941968772103,
                    4.7506181274302185e-05,
                    -0.13659774773717748
                ],
                [
                    0.8278736841647728,
                    -0.04071870897487852,
                    -0.5594346698291637,
                    1.2509964363181427
                ],
                [
                    0.5587620361476564,
                    -0.027425153123134878,
                    0.8288744464249679,
                    -0.3504509547360477
                ],
                [
                    0.0,
                    0.0,
                    0.0,
                    1.0
                ]
            ],
            "size": [
                0.08993,
                0.0305,
                0.09007
            ]
        },
        "distance": 0.0
    },
    {
        "case": 5,
        "collider1": {
            "type": "Box",
            "collider2origin": [
                [
                    0.9798474486812189,
                    -0.1997472836183421,
                    0.0,
                    -0.20628161272202655
                ],
                [
                    0.19974728361834207,
                    0.9798474486812188,
                    0.0,
                    1.335871448475788
                ],
                [
                    0.0,
                    0.0,
                    1.0,
                    -0.21500000000000008
                ],
                [
                    0.0,
                    0.0,
                    0.0,
                    1.0
                ]
            ],
            "size": [
                0.2,
                0.3,
                0.22
            ]
        },
        "collider2": {
            "type": "Box",
            "collider2origin": [
                [
                    -0.049093278843147105,
                    -0.9987941968772103,
                    4.7506181274302185e-05,
                    -0.13659774773717748
                ],
                [
                    0.8278736841647728,
                    -0.04071870897487852,
                    -0.5594346698291637,
                    1.2509964363181427
                ],
                [
                    0.5587620361476564,
                    -0.027425153123134878,
                    0.8288744464249679,
                    -0.3504509547360477
                ],
                [
                    0.0,
                    0.0,
                    0.0,
                    1.0
                ]
            ],
            "size": [
                0.08993,
                0.0305,
                0.09007
            ]
        },
        "distance": 0.0
    },
    {
        "case": 6,
        "collider1": {
            "type": "Box",
            "collider2origin": [
                [
                    0.9077781725128689,
                    0.4194505805326724,
                    0.0,
                    0.4158817547107895
                ],
                [
                    -0.4194505805326724,
                    0.9077781725128689,
                    0.0,
                    0.733173894971941
                ],
                [
                    0.0,
                    0.0,
                    1.0,
                    -0.6599999999999999
                ],
                [
                    0.0,
                    0.0,
                    0.0,
                    1.0
                ]
            ],
            "size": [
                0.6,
                1.0,
                0.8
            ]
        },
        "collider2": {
            "type": "Box",
            "collider2origin": [
                [
                    -0.03850759802080826,
                    -0.9987943088942259,
                    -0.03044820873504965,
                    -0.06189526922991839
                ],
                [
                    0.996306513764677,
                    -0.04071637635870924,
                    0.07560097437395441,
                    1.2543397441278359
                ],
                [
                    -0.07674956367786868,
                    -0.027424536764022827,
                    0.9966731657160912,
                    -0.35294999451636677
                ],
                [
                    0.0,
                    0.0,
                    0.0,
                    1.0
                ]
            ],
            "size": [
                0.09126,
                0.11887,
                0.10009
            ]
        },
        "distance": 0.27581106631734237
    },
    {
        "case": 7,
        "collider1": {
            "type": "Box",
            "collider2origin": [
                [
                    0.8404842512412337,
                    -0.5418359746412772,
                    0.0,
                    0.011439976095501792
                ],
                [
                    0.5418359746412771,
                    0.8404842512412338,
                    0.0,
                    1.4325762997644957
                ],
                [
                    0.0,
                    0.0,
                    1.0,
                    -0.21500000000000008
                ],
                [
                    0.0,
                    0.0,
                    0.0,
                    1.0
                ]
            ],
            "size": [
                0.2,
                0.3,
                0.22
            ]
        },
        "collider2": {
            "type": "Box",
            "collider2origin": [
                [
                    -0.03850759802080826,
                    -0.9987943088942259,
                    -0.03044820873504965,
                    -0.06189526922991839
                ],
                [
                    0.996306513764677,
                    -0.04071637635870924,
                    0.07560097437395441,
                    1.2543397441278359
                ],
                [
                    -0.07674956367786868,
                    -0.027424536764022827,
                    0.9966731657160912,
                    -0.35294999451636677
                ],
                [
                    0.0,
                    0.0,
                    0.0,
                    1.0
                ]
            ],
            "size": [
                0.09126,
                0.11887,
                0.10009
            ]
        },
        "distance": 0.0
    },
    {
        "case": 8,
        "collider1": {
            "type": "Box",
            "collider2origin": [
                [
                    0.9081427509232697,
                    -0.4186606548811531,
                    0.0,
                    -0.09474126814702305
                ],
                [
                    0.41866065488115317,
                    0.9081427509232698,
                    0.0,
                    1.368923948110301
                ],
                [
                    0.0,
                    0.0,
                    1.0,
                    -0.21500000000000008
                ],
                [
                    0.0,
                    0.0,
                    0.0,
                    1.0
                ]
            ],
            "size": [
                0.2,
                0.3,
                0.22
            ]
        },
        "collider2": {
            "type": "Box",
            "collider2origin": [
                [
                    -0.03850759802080826,
                    -0.9987943088942259,
                    -0.03044820873504965,
                    -0.06189526922991839
                ],
                [
                    0.996306513764677,
                    -0.04071637635870924,
                    0.07560097437395441,
                    1.2543397441278359
                ],
                [
                    -0.07674956367786868,
                    -0.027424536764022827,
                    0.9966731657160912,
                    -0.35294999451636677
                ],
                [
                    0.0,
                    0.0,
                    0.0,
                    1.0
                ]
            ],
            "size": [
                0.09126,
                0.11887,
                0.10009
            ]
        },
        "distance": 0.0
    },
    {
        "case": 9,
        "collider1": {
            "type": "Box",
            "collider2origin": [
                [
                    0.9798474486812189,
                    -0.1997472836183421,
                    0.0,
                    -0.20628161272202655
                ],
                [
                    0.19974728361834207,
                    0.9798474486812188,
                    0.0,
                    1.335871448475788
                ],
                [
                    0.0,
                    0.0,
                    1.0,
                    -0.21500000000000008
                ],
                [
                    0.0,
                    0.0,
                    0.0,
                    1.0
                ]
            ],
            "size": [
                0.2,
                0.3,
                0.22
            ]
        },
        "collider2": {
            "type": "Box",
            "collider2origin": [
                [
                    -0.03850759802080826,
                    -0.9987943088942259,
                    -0.03044820873504965,
                    -0.06189526922991839
                ],
                [
                    0.996306513764677,
                    -0.04071637635870924,
                    0.07560097437395441,
                    1.2543397441278359
                ],
                [
                    -0.07674956367786868,
                    -0.027424536764022827,
                    0.9966731657160912,
                    -0.35294999451636677
                ],
                [
                    0.0,
                    0.0,
                    0.0,
                    1.0
                ]
            ],
            "size": [
                0.09126,
                0.11887,
                0.10009
            ]
        },
        "distance": 0.0
    },
    {
        "case": 10,
        "collider1": {
            "type": "Cylinder",
            "collider2origin": [
                [
                    0.907778172512869,
                    0.4194505805326725,
                    0.0,
                    -0.07232761537572224
                ],
                [
                    -0.4194505805326725,
                    0.907778172512869,
                    0.0,
                    1.2000044650142188
                ],
                [
                    0.0,
                    0.0,
                    1.0,
                    -0.5800000000000001
                ],
                [
                    0.0,
                    0.0,
                    0.0,
                    1.0
                ]
            ],
            "radius": 0.04,
            "height": 0.96
        },
        "collider2": {
            "type": "Box",
            "collider2origin": [
                [
                    -0.03850759802080826,
                    -0.9987943088942259,
                    -0.03044820873504965,
                    -0.06189526922991839
                ],
                [
                    0.996306513764677,
                    -0.04071637635870924,
                    0.07560097437395441,
                    1.2543397441278359
                ],
                [
                    -0.07674956367786868,
                    -0.027424536764022827,
                    0.9966731657160912,
                    -0.35294999451636677
                ],
                [
                    0.0,
                    0.0,
                    0.0,
                    1.0
                ]
            ],
            "size": [
                0.09126,
                0.11887,
                0.10009
            ]
        },
        "distance": 0.0
    },
    {
        "case": 11,
        "collider1": {
            "type": "Box",
            "collider2origin": [
                [
                    0.9077781725128689,
                    0.4194505805326724,
                    0.0,
                    0.4158817547107895
                ],
                [
                    -0.4194505805326724,
                    0.9077781725128689,
                    0.0,
                    0.733173894971941
                ],
                [
                    0.0,
                    0.0,
                    1.0,
                    -0.6599999999999999
                ],
                [
                    0.0,
                    0.0,
                    0.0,
                    1.0
                ]
            ],
            "size": [
                0.6,
                1.0,
                0.8
            ]
        },
        "collider2": {
            "type": "Box",
            "collider2origin": [
                [
                    -0.3723447859937475,
                    -0.9275948829786078,
                    -0.03044820873504965,
                    -0.052639754977731545
                ],
                [
                    0.9245089288924181,
                    -0.37358765112340453,
                    0.07560097437395441,
                    1.247413043015057
                ],
                [
                    -0.08150215175971924,
                    -1.2220144669723351e-08,
                    0.9966731657160912,
                    -0.46185681565935344
                ],
                [
                    0.0,
                    0.0,
                    0.0,
                    1.0
                ]
            ],
            "size": [
                0.09102,
                0.10007,
                0.11882
            ]
        },
        "distance": 0.27016322542753196
    },
    {
        "case": 12,
        "collider1": {
            "type": "Cylinder",
            "collider2origin": [
                [
                    0.907778172512869,
                    0.4194505805326725,
                    0.0,
                    -0.07232761537572224
                ],
                [
                    -0.4194505805326725,
                    0.907778172512869,
                    0.0,
                    1.2000044650142188
                ],
                [
                    0.0,
                    0.0,
                    1.0,
                    -0.5800000000000001
                ],
                [
                    0.0,
                    0.0,
                    0.0,
                    1.0
                ]
            ],
            "radius": 0.04,
            "height": 0.96
        },
        "collider2": {
            "type": "Box",
            "collider2origin": [
                [
                    -0.3723447859937475,
                    -0.9275948829786078,
                    -0.03044820873504965,
                    -0.052639754977731545
                ],
                [
                    0.9245089288924181,
                    -0.37358765112340453,
                    0.07560097437395441,
                    1.247413043015057
                ],
                [
                    -0.08150215175971924,
                    -1.2220144669723351e-08,
                    0.9966731657160912,
                    -0.46185681565935344
                ],
                [
                    0.0,
                    0.0,
                    0.0,
                    1.0
                ]
            ],
            "size": [
                0.09102,
                0.10007,
                0.11882
            ]
        },
        "distance": 0.0
    },
    {
        "case": 13,
        "collider1": {
            "type": "Box",
            "collider2origin": [
                [
                    0.9798474486812189,
                    -0.1997472836183421,
                    0.0,
                    -0.20628161272202655
                ],
                [
                    0.19974728361834207,
                    0.9798474486812188,
                    0.0,
                    1.335871448475788
                ],
                [
                    0.0,
                    0.0,
                    1.0,
                    -0.21500000000000008
                ],
                [
                    0.0,
                    0.0,
                    0.0,
                    1.0
                ]
            ],
            "size": [
                0.2,
                0.3,
                0.22
            ]
        },
        "collider2": {
            "type": "Cylinder",
            "collider2origin": [
                [
                    0.2000302431680779,
                    -0.50083558058049,
                    0.8421114077381463,
                    -0.3226991262518289
                ],
                [
                    -0.6069123115382586,
                    -0.7380730446791999,
                    -0.29479760314708026,
                    1.2838738365384301
                ],
                [
                    0.7691848593942855,
                    -0.45211934480021826,
                    -0.451600210513695,
                    -0.2814919718764033
                ],
                [
                    0.0,
                    0.0,
                    0.0,
                    1.0
                ]
            ],
            "radius": 0.00796,
            "height": 0.03037
        },
        "distance": 0.007707607937654358
    },
    {
        "case": 14,
        "collider1": {
            "type": "Box",
            "collider2origin": [
                [
                    0.9984065575563776,
                    -0.05643000822632935,
                    0.0,
                    -0.3111399560290343
                ],
                [
                    0.05643000822632935,
                    0.9984065575563776,
                    0.0,
                    1.3240986306775833
                ],
                [
                    0.0,
                    0.0,
                    1.0,
                    -0.21500000000000008
                ],
                [
                    0.0,
                    0.0,
                    0.0,
                    1.0
                ]
            ],
            "size": [
                0.2,
                0.3,
                0.22
            ]
        },
        "collider2": {
            "type": "Cylinder",
            "collider2origin": [
                [
                    0.2000302431680779,
                    -0.50083558058049,
                    0.8421114077381463,
                    -0.3226991262518289
                ],
                [
                    -0.6069123115382586,
                    -0.7380730446791999,
                    -0.29479760314708026,
                    1.2838738365384301
                ],
                [
                    0.7691848593942855,
                    -0.45211934480021826,
                    -0.451600210513695,
                    -0.2814919718764033
                ],
                [
                    0.0,
                    0.0,
                    0.0,
                    1.0
                ]
            ],
            "radius": 0.00796,
            "height": 0.03037
        },
        "distance": 0.0
    },
    {
        "case": 15,
        "collider1": {
            "type": "Box",
            "collider2origin": [
                [
                    0.9997288002091077,
                    0.023287894547555033,
                    0.0,
                    -0.42010216954734814
                ],
                [
                    -0.02328789454755501,
                    0.9997288002091077,
                    0.0,
                    1.3190360102899432
                ],
                [
                    0.0,
                    0.0,
                    1.0,
                    -0.21500000000000008
                ],
                [
                    0.0,
                    0.0,
                    0.0,
                    1.0
                ]
            ],
            "size": [
                0.2,
                0.3,
                0.22
            ]
        },
        "collider2": {
            "type": "Cylinder",
            "collider2origin": [
                [
                    0.2000302431680779,
                    -0.50083558058049,
                    0.8421114077381463,
                    -0.3226991262518289
                ],
                [
                    -0.6069123115382586,
                    -0.7380730446791999,
                    -0.29479760314708026,
                    1.2838738365384301
                ],
                [
                    0.7691848593942855,
                    -0.45211934480021826,
                    -0.451600210513695,
                    -0.2814919718764033
                ],
                [
                    0.0,
                    0.0,
                    0.0,
                    1.0
                ]
            ],
            "radius": 0.00796,
            "height": 0.03037
        },
        "distance": 0.0
    },
    {
        "case": 16,
        "collider1": {
            "type": "Box",
            "collider2origin": [
                [
                    0.9081427509232697,
                    -0.4186606548811531,
                    0.0,
                    -0.09474126814702305
                ],
                [
                    0.41866065488115317,
                    0.9081427509232698,
                    0.0,
                    1.368923948110301
                ],
                [
                    0.0,
                    0.0,
                    1.0,
                    -0.21500000000000008
                ],
                [
                    0.0,
                    0.0,
                    0.0,
                    1.0
                ]
            ],
            "size": [
                0.2,
                0.3,
                0.22
            ]
        },
        "collider2": {
            "type": "Box",
            "collider2origin": [
                [
                    -0.09068852758224927,
                    -0.9763047857991412,
                    -0.19648042190166445,
                    -0.22036623763831326
                ],
                [
                    -0.6994992591145364,
                    0.20287823199741076,
                    -0.6852307709668468,
                    1.2521194505261874
                ],
                [
                    0.7088556816892828,
                    0.07529533987769284,
                    -0.7013232024748103,
                    -0.34929015036370914
                ],
                [
                    0.0,
                    0.0,
                    0.0,
                    1.0
                ]
            ],
            "size": [
                0.06241,
                0.05638,
                0.02858
            ]
        },
        "distance": 0.037486389625902485
    },
    {
        "case": 17,
        "collider1": {
            "type": "Box",
            "collider2origin": [
                [
                    0.9798474486812189,
                    -0.1997472836183421,
                    0.0,
                    -0.20628161272202655
                ],
                [
                    0.19974728361834207,
                    0.9798474486812188,
                    0.0,
                    1.335871448475788
                ],
                [
                    0.0,
                    0.0,
                    1.0,
                    -0.21500000000000008
                ],
                [
                    0.0,
                    0.0,
                    0.0,
                    1.0
                ]
            ],
            "size": [
                0.2,
                0.3,
                0.22
            ]
        },
        "collider2": {
            "type": "Box",
            "collider2origin": [
                [
                    -0.09068852758224927,
                    -0.9763047857991412,
                    -0.19648042190166445,
                    -0.22036623763831326
                ],
                [
                    -0.6994992591145364,
                    0.20287823199741076,
                    -0.6852307709668468,
                    1.2521194505261874
                ],
                [
                    0.7088556816892828,
                    0.07529533987769284,
                    -0.7013232024748103,
                    -0.34929015036370914
                ],
                [
                    0.0,
                    0.0,
                    0.0,
                    1.0
                ]
            ],
            "size": [
                0.06241,
                0.05638,
                0.02858
            ]
        },
        "distance": 0.0
    },
    {
        "case": 18,
        "collider1": {
            "type": "Box",
            "collider2origin": [
                [
                    0.9984065575563776,
                    -0.05643000822632935,
                    0.0,
                    -0.3111399560290343
                ],
                [
                    0.05643000822632935,
                    0.9984065575563776,
                    0.0,
                    1.3240986306775833
                ],
                [
                    0.0,
                    0.0,
                    1.0,
                    -0.21500000000000008
                ],
                [
                    0.0,
                    0.0,
                    0.0,
                    1.0
                ]
            ],
            "size": [
                0.2,
                0.3,
                0.22
            ]
        },
        "collider2": {
            "type": "Box",
            "collider2origin": [
                [
                    -0.09068852758224927,
                    -0.9763047857991412,
                    -0.19648042190166445,
                    -0.22036623763831326
                ],
                [
                    -0.6994992591145364,
                    0.20287823199741076,
                    -0.6852307709668468,
                    1.2521194505261874
                ],
                [
                    0.7088556816892828,
                    0.07529533987769284,
                    -0.7013232024748103,
                    -0.34929015036370914
                ],
                [
                    0.0,
                    0.0,
                    0.0,
                    1.0
                ]
            ],
            "size": [
                0.06241,
                0.05638,
                0.02858
            ]
        },
        "distance": 0.0
    },
    {
        "case": 19,
        "collider1": {
            "type": "Box",
            "collider2origin": [
                [
                    0.718022042059392,
                    -0.6960203640101781,
                    0.0,
                    0.13748258467077087
                ],
                [
                    0.6960203640101781,
                    0.718022042059392,
                    0.0,
                    1.5384737068316263
                ],
                [
                    0.0,
                    0.0,
                    1.0,
                    -0.21500000000000008
                ],
                [
                    0.0,
                    0.0,
                    0.0,
                    1.0
                ]
            ],
            "size": [
                0.2,
                0.3,
                0.22
            ]
        },
        "collider2": {
            "type": "Box",
            "collider2origin": [
                [
                    -0.12810057008267314,
                    -0.9275960601945169,
                    -0.3509355967355036,
                    0.032839104403029784
                ],
                [
                    0.318074702967985,
                    -0.373584728148494,
                    0.8713569499499294,
                    0.9961430388629006
                ],
                [
                    -0.939371453300728,
                    -2.4136584526411166e-06,
                    0.34290125797064663,
                    0.00025235145178315044
                ],
                [
                    0.0,
                    0.0,
                    0.0,
                    1.0
                ]
            ],
            "size": [
                0.15068,
                0.17726,
                0.74884
            ]
        },
        "distance": 0.20609258626268123
    },
    {
        "case": 20,
        "collider1": {
            "type": "Box",
            "collider2origin": [
                [
                    0.8404842512412337,
                    -0.5418359746412772,
                    0.0,
                    0.011439976095501792
                ],
                [
                    0.5418359746412771,
                    0.8404842512412338,
                    0.0,
                    1.4325762997644957
                ],
                [
                    0.0,
                    0.0,
                    1.0,
                    -0.21500000000000008
                ],
                [
                    0.0,
                    0.0,
                    0.0,
                    1.0
                ]
            ],
            "size": [
                0.2,
                0.3,
                0.22
            ]
        },
        "collider2": {
            "type": "Box",
            "collider2origin": [
                [
                    -0.12810057008267314,
                    -0.9275960601945169,
                    -0.3509355967355036,
                    0.032839104403029784
                ],
                [
                    0.318074702967985,
                    -0.373584728148494,
                    0.8713569499499294,
                    0.9961430388629006
                ],
                [
                    -0.939371453300728,
                    -2.4136584526411166e-06,
                    0.34290125797064663,
                    0.00025235145178315044
                ],
                [
                    0.0,
                    0.0,
                    0.0,
                    1.0
                ]
            ],
            "size": [
                0.15068,
                0.17726,
                0.74884
            ]
        },
        "distance": 0.10811095284163202
    },
    {
        "case": 21,
        "collider1": {
            "type": "Box",
            "collider2origin": [
                [
                    0.9081427509232697,
                    -0.4186606548811531,
                    0.0,
                    -0.09474126814702305
                ],
                [
                    0.41866065488115317,
                    0.9081427509232698,
                    0.0,
                    1.368923948110301
                ],
                [
                    0.0,
                    0.0,
                    1.0,
                    -0.21500000000000008
                ],
                [
                    0.0,
                    0.0,
                    0.0,
                    1.0
                ]
            ],
            "size": [
                0.2,
                0.3,
                0.22
            ]
        },
        "collider2": {
            "type": "Box",
            "collider2origin": [
                [
                    -0.12810057008267314,
                    -0.9275960601945169,
                    -0.3509355967355036,
                    0.032839104403029784
                ],
                [
                    0.318074702967985,
                    -0.373584728148494,
                    0.8713569499499294,
                    0.9961430388629006
                ],
                [
