[
    {
        "case": 0,
        "collider1": {
            "type": "Box",
            "collider2origin": [
                [
                    -0.49996093967317806,
                    0.8660479541001831,
                    0.0,
                    0.23518030403224222
                ],
                [
                    -0.8660479541001831,
                    -0.49996093967317806,
                    0.0,
                    1.6545490191575776
                ],
                [
                    0.0,
                    0.0,
                    1.0,
                    -0.21500000000000008
                ],
                [
                    0.0,
                    0.0,
                    0.0,
                    1.0
                ]
            ],
            "size": [
                0.2,
                0.3,
                0.22
            ]
        },
        "collider2": {
            "type": "Box",
            "collider2origin": [
                [
                    0.436721199351239,
                    0.8621595354165817,
                    0.2568180864492982,
                    0.10944326761039314
                ],
                [
                    -0.7431823714167697,
                    0.5066368872180615,
                    -0.43703435485707526,
                    1.4400026701580333
                ],
                [
                    -0.506906852244633,
                    -5.068992294549128e-07,
                    0.8620008370919258,
                    -0.13974682882016198
                ],
                [
                    0.0,
                    0.0,
                    0.0,
                    1.0
                ]
            ],
            "size": [
                0.09102,
                0.10007,
                0.11882
            ]
        },
        "distance": 0.07093676847061647
    },
    {
        "case": 1,
        "collider1": {
            "type": "Box",
            "collider2origin": [
                [
                    0.718022042059392,
                    -0.6960203640101781,
                    0.0,
                    0.13748258467077087
                ],
                [
                    0.6960203640101781,
                    0.718022042059392,
                    0.0,
                    1.5384737068316263
                ],
                [
                    0.0,
                    0.0,
                    1.0,
                    -0.21500000000000008
                ],
                [
                    0.0,
                    0.0,
                    0.0,
                    1.0
                ]
            ],
            "size": [
                0.2,
                0.3,
                0.22
            ]
        },
        "collider2": {
            "type": "Box",
            "collider2origin": [
                [
                    0.436721199351239,
                    0.8621595354165817,
                    0.2568180864492982,
                    0.10944326761039314
                ],
                [
                    -0.7431823714167697,
                    0.5066368872180615,
                    -0.43703435485707526,
                    1.4400026701580333
                ],
                [
                    -0.506906852244633,
                    -5.068992294549128e-07,
                    0.8620008370919258,
                    -0.13974682882016198
                ],
                [
                    0.0,
                    0.0,
                    0.0,
                    1.0
                ]
            ],
            "size": [
                0.09102,
                0.10007,
                0.11882
            ]
        },
        "distance": 0.0
    },
    {
        "case": 2,
        "collider1": {
            "type": "Box",
            "collider2origin": [
                [
                    0.8404842512412337,
                    -0.5418359746412772,
                    0.0,
                    0.011439976095501792
                ],
                [
                    0.5418359746412771,
                    0.8404842512412338,
                    0.0,
                    1.4325762997644957
                ],
                [
                    0.0,
                    0.0,
                    1.0,
                    -0.21500000000000008
                ],
                [
                    0.0,
                    0.0,
                    0.0,
                    1.0
                ]
            ],
            "size": [
                0.2,
                0.3,
                0.22
            ]
        },
        "collider2": {
            "type": "Box",
            "collider2origin": [
                [
                    0.436721199351239,
                    0.8621595354165817,
                    0.2568180864492982,
                    0.10944326761039314
                ],
                [
                    -0.7431823714167697,
                    0.5066368872180615,
                    -0.43703435485707526,
                    1.4400026701580333
                ],
                [
                    -0.506906852244633,
                    -5.068992294549128e-07,
                    0.8620008370919258,
                    -0.13974682882016198
                ],
                [
                    0.0,
                    0.0,
                    0.0,
                    1.0
                ]
            ],
            "size": [
                0.09102,
                0.10007,
                0.11882
            ]
        },
        "distance": 0.0
    },
    {
        "case": 3,
        "collider1": {
            "type": "Box",
            "collider2origin": [
                [
                    0.9081427509232697,
                    -0.4186606548811531,
                    0.0,
                    -0.09474126814702305
                ],
                [
                    0.41866065488115317,
                    0.9081427509232698,
                    0.0,
                    1.368923948110301
                ],
                [
                    0.0,
                    0.0,
                    1.0,
                    -0.21500000000000008
                ],
                [
                    0.0,
                    0.0,
                    0.0,
                    1.0
                ]
            ],
            "size": [
                0.2,
                0.3,
                0.22
            ]
        },
        "collider2": {
            "type": "Box",
            "collider2origin": [
                [
                    0.436721199351239,
                    0.8621595354165817,
                    0.2568180864492982,
                    0.10944326761039314
                ],
                [
                    -0.7431823714167697,
                    0.5066368872180615,
                    -0.43703435485707526,
                    1.4400026701580333
                ],
                [
                    -0.506906852244633,
                    -5.068992294549128e-07,
                    0.8620008370919258,
                    -0.13974682882016198
                ],
                [
                    0.0,
                    0.0,
                    0.0,
                    1.0
                ]
            ],
            "size": [
                0.09102,
                0.10007,
                0.11882
            ]
        },
        "distance": 0.058522782989012666
    },
    {
        "case": 4,
        "collider1": {
            "type": "Box",
            "collider2origin": [
                [
                    0.718022042059392,
                    -0.6960203640101781,
                    0.0,
                    0.13748258467077087
                ],
                [
                    0.6960203640101781,
                    0.718022042059392,
                    0.0,
                    1.5384737068316263
                ],
                [
                    0.0,
                    0.0,
                    1.0,
                    -0.21500000000000008
                ],
                [
                    0.0,
                    0.0,
                    0.0,
                    1.0
                ]
            ],
            "size": [
                0.2,
                0.3,
                0.22
            ]
        },
        "collider2": {
            "type": "Box",
            "collider2origin": [
                [
                    0.6508642332973704,
                    0.7144369953234133,
                    0.2568180864492982,
                    0.14262114612807414
                ],
                [
                    -0.5811215554564374,
                    0.6865119885759832,
                    -0.43703435485707526,
                    1.3955347684938724
                ],
                [
                    -0.48854220656778174,
                    0.13520750443189927,
                    0.8620008370919258,
                    -0.04532081217558903
                ],
                [
                    0.0,
                    0.0,
                    0.0,
                    1.0
                ]
            ],
            "size": [
                0.09126,
                0.11887,
                0.10009
            ]
        },
        "distance": 0.0
    },
    {
        "case": 5,
        "collider1": {
            "type": "Box",
            "collider2origin": [
                [
                    0.8404842512412337,
                    -0.5418359746412772,
                    0.0,
                    0.011439976095501792
                ],
                [
                    0.5418359746412771,
                    0.8404842512412338,
                    0.0,
                    1.4325762997644957
                ],
                [
                    0.0,
                    0.0,
                    1.0,
                    -0.21500000000000008
                ],
                [
                    0.0,
                    0.0,
                    0.0,
                    1.0
                ]
            ],
            "size": [
                0.2,
                0.3,
                0.22
            ]
        },
        "collider2": {
            "type": "Box",
            "collider2origin": [
                [
                    0.6508642332973704,
                    0.7144369953234133,
                    0.2568180864492982,
                    0.14262114612807414
                ],
                [
                    -0.5811215554564374,
                    0.6865119885759832,
                    -0.43703435485707526,
                    1.3955347684938724
                ],
                [
                    -0.48854220656778174,
                    0.13520750443189927,
                    0.8620008370919258,
                    -0.04532081217558903
                ],
                [
                    0.0,
                    0.0,
                    0.0,
                    1.0
                ]
            ],
            "size": [
                0.09126,
                0.11887,
                0.10009
            ]
        },
        "distance": 0.0
    },
    {
        "case": 6,
        "collider1": {
            "type": "Box",
            "collider2origin": [
                [
                    0.9081427509232697,
                    -0.4186606548811531,
                    0.0,
                    -0.09474126814702305
                ],
                [
                    0.41866065488115317,
                    0.9081427509232698,
                    0.0,
                    1.368923948110301
                ],
                [
                    0.0,
                    0.0,
                    1.0,
                    -0.21500000000000008
                ],
                [
                    0.0,
                    0.0,
                    0.0,
                    1.0
                ]
            ],
            "size": [
                0.2,
                0.3,
                0.22
            ]
        },
        "collider2": {
            "type": "Box",
            "collider2origin": [
                [
                    0.6508642332973704,
                    0.7144369953234133,
                    0.2568180864492982,
                    0.14262114612807414
                ],
                [
                    -0.5811215554564374,
                    0.6865119885759832,
                    -0.43703435485707526,
                    1.3955347684938724
                ],
                [
                    -0.48854220656778174,
                    0.13520750443189927,
                    0.8620008370919258,
                    -0.04532081217558903
                ],
                [
                    0.0,
                    0.0,
                    0.0,
                    1.0
                ]
            ],
            "size": [
                0.09126,
                0.11887,
                0.10009
            ]
        },
        "distance": 0.06101327294288597
    },
    {
        "case": 7,
        "collider1": {
            "type": "Box",
            "collider2origin": [
                [
                    0.718022042059392,
                    -0.6960203640101781,
                    0.0,
                    0.13748258467077087
                ],
                [
                    0.6960203640101781,
                    0.718022042059392,
                    0.0,
                    1.5384737068316263
                ],
                [
                    0.0,
                    0.0,
                    1.0,
                    -0.21500000000000008
                ],
                [
                    0.0,
                    0.0,
                    0.0,
                    1.0
                ]
            ],
            "size": [
                0.2,
                0.3,
                0.22
            ]
        },
        "collider2": {
            "type": "Box",
            "collider2origin": [
                [
                    -0.45188479667896403,
                    0.8621577505611621,
                    -0.2290941808028492,
                    0.07941667483578144
                ],
                [
                    0.7689862234065974,
                    0.506639924501635,
                    0.38984121782058434,
                    1.270510283305549
                ],
                [
                    0.45217288589793825,
                    -6.949448076738375e-06,
                    -0.8919303118576222,
                    0.11825085832543802
                ],
                [
                    0.0,
                    0.0,
                    0.0,
                    1.0
                ]
            ],
            "size": [
                0.1202,
                0.13634,
                0.67816
            ]
        },
        "distance": 0.013065851374954428
    },
    {
        "case": 8,
        "collider1": {
            "type": "Box",
            "collider2origin": [
                [
                    0.8404842512412337,
                    -0.5418359746412772,
                    0.0,
                    0.011439976095501792
                ],
                [
                    0.5418359746412771,
                    0.8404842512412338,
                    0.0,
                    1.4325762997644957
                ],
                [
                    0.0,
                    0.0,
                    1.0,
                    -0.21500000000000008
                ],
                [
                    0.0,
                    0.0,
                    0.0,
                    1.0
                ]
            ],
            "size": [
                0.2,
                0.3,
                0.22
            ]
        },
        "collider2": {
            "type": "Box",
            "collider2origin": [
                [
                    -0.45188479667896403,
                    0.8621577505611621,
                    -0.2290941808028492,
                    0.07941667483578144
                ],
                [
                    0.7689862234065974,
                    0.506639924501635,
                    0.38984121782058434,
                    1.270510283305549
                ],
                [
                    0.45217288589793825,
                    -6.949448076738375e-06,
                    -0.8919303118576222,
                    0.11825085832543802
                ],
                [
                    0.0,
                    0.0,
                    0.0,
                    1.0
                ]
            ],
            "size": [
                0.1202,
                0.13634,
                0.67816
            ]
        },
        "distance": 0.0
    },
    {
        "case": 9,
        "collider1": {
            "type": "Box",
            "collider2origin": [
                [
                    0.9081427509232697,
                    -0.4186606548811531,
                    0.0,
                    -0.09474126814702305
                ],
                [
                    0.41866065488115317,
                    0.9081427509232698,
                    0.0,
                    1.368923948110301
                ],
                [
                    0.0,
                    0.0,
                    1.0,
                    -0.21500000000000008
                ],
                [
                    0.0,
                    0.0,
                    0.0,
                    1.0
                ]
            ],
            "size": [
                0.2,
                0.3,
                0.22
            ]
        },
        "collider2": {
            "type": "Box",
            "collider2origin": [
                [
                    -0.45188479667896403,
                    0.8621577505611621,
                    -0.2290941808028492,
                    0.07941667483578144
                ],
                [
                    0.7689862234065974,
                    0.506639924501635,
                    0.38984121782058434,
                    1.270510283305549
                ],
                [
                    0.45217288589793825,
                    -6.949448076738375e-06,
                    -0.8919303118576222,
                    0.11825085832543802
                ],
                [
                    0.0,
                    0.0,
                    0.0,
                    1.0
                ]
            ],
            "size": [
                0.1202,
                0.13634,
                0.67816
            ]
        },
        "distance": 0.0
    },
    {
        "case": 10,
        "collider1": {
            "type": "Box",
            "collider2origin": [
                [
                    0.9798474486812189,
                    -0.1997472836183421,
                    0.0,
                    -0.20628161272202655
                ],
                [
                    0.19974728361834207,
                    0.9798474486812188,
                    0.0,
                    1.335871448475788
                ],
                [
                    0.0,
                    0.0,
                    1.0,
                    -0.21500000000000008
                ],
                [
                    0.0,
                    0.0,
                    0.0,
                    1.0
                ]
            ],
            "size": [
                0.2,
                0.3,
                0.22
            ]
        },
        "collider2": {
            "type": "Box",
            "collider2origin": [
                [
                    -0.45188479667896403,
                    0.8621577505611621,
                    -0.2290941808028492,
                    0.07941667483578144
                ],
                [
                    0.7689862234065974,
                    0.506639924501635,
                    0.38984121782058434,
                    1.270510283305549
                ],
                [
                    0.45217288589793825,
                    -6.949448076738375e-06,
                    -0.8919303118576222,
                    0.11825085832543802
                ],
                [
                    0.0,
                    0.0,
                    0.0,
                    1.0
                ]
            ],
            "size": [
                0.1202,
                0.13634,
                0.67816
            ]
        },
        "distance": 0.035306214308805046
    },
    {
        "case": 11,
        "collider1": {
            "type": "Cylinder",
            "collider2origin": [
                [
                    0.907778172512869,
                    0.4194505805326725,
                    0.0,
                    -0.07232761537572224
                ],
                [
                    -0.4194505805326725,
                    0.907778172512869,
                    0.0,
                    1.2000044650142188
                ],
                [
                    0.0,
                    0.0,
                    1.0,
                    -0.5800000000000001
                ],
                [
                    0.0,
                    0.0,
                    0.0,
                    1.0
                ]
            ],
            "radius": 0.04,
            "height": 0.96
        },
        "collider2": {
            "type": "Box",
            "collider2origin": [
                [
                    -0.45188479667896403,
                    0.8621577505611621,
                    -0.2290941808028492,
                    0.07941667483578144
                ],
                [
                    0.7689862234065974,
                    0.506639924501635,
                    0.38984121782058434,
                    1.270510283305549
                ],
                [
                    0.45217288589793825,
                    -6.949448076738375e-06,
                    -0.8919303118576222,
                    0.11825085832543802
                ],
                [
                    0.0,
                    0.0,
                    0.0,
                    1.0
                ]
            ],
            "size": [
                0.1202,
                0.13634,
                0.67816
            ]
        },
        "distance": 0.06157205115220997
    },
    {
        "case": 12,
        "collider1": {
            "type": "Box",
            "collider2origin": [
                [
                    0.8404842512412337,
                    -0.5418359746412772,
                    0.0,
                    0.011439976095501792
                ],
                [
                    0.5418359746412771,
                    0.8404842512412338,
                    0.0,
                    1.4325762997644957
                ],
                [
                    0.0,
                    0.0,
                    1.0,
                    -0.21500000000000008
                ],
                [
                    0.0,
                    0.0,
                    0.0,
                    1.0
                ]
            ],
            "size": [
                0.2,
                0.3,
                0.22
            ]
        },
        "collider2": {
            "type": "Box",
            "collider2origin": [
                [
                    0.3899722053687453,
                    0.8621574040501836,
                    -0.32342895615774014,
                    0.3534245590030861
                ],
                [
                    -0.6636202096334746,
                    0.5066405142117365,
                    0.5503849622993805,
                    1.053593848880004
                ],
                [
                    0.6383806829830148,
                    -8.458627478137647e-07,
                    0.7697207958691411,
                    0.12812937162664428
                ],
                [
                    0.0,
                    0.0,
                    0.0,
                    1.0
                ]
            ],
            "size": [
                0.15068,
                0.17726,
                0.74884
            ]
        },
        "distance": 0.34307181357441724
    },
    {
        "case": 13,
        "collider1": {
            "type": "Box",
            "collider2origin": [
                [
                    0.8404842512412337,
                    -0.5418359746412772,
                    0.0,
                    0.011439976095501792
                ],
                [
                    0.5418359746412771,
                    0.8404842512412338,
                    0.0,
                    1.4325762997644957
                ],
                [
                    0.0,
                    0.0,
                    1.0,
                    -0.21500000000000008
                ],
                [
                    0.0,
                    0.0,
                    0.0,
                    1.0
                ]
            ],
            "size": [
                0.2,
                0.3,
                0.22
            ]
        },
        "collider2": {
            "type": "Box",
            "collider2origin": [
                [
                    0.3899722053687453,
                    0.8621574040501836,
                    -0.32342895615774014,
                    0.3534245590030861
                ],
                [
                    -0.6636202096334746,
                    0.5066405142117365,
                    0.5503849622993805,
                    1.053593848880004
                ],
                [
                    0.6383806829830148,
                    -8.458627478137647e-07,
                    0.7697207958691411,
                    0.12812937162664428
                ],
                [
                    0.0,
                    0.0,
                    0.0,
                    1.0
                ]
            ],
            "size": [
                0.15068,
                0.17726,
                0.74884
            ]
        },
        "distance": 0.34307181357441724
    }
]