[
    {
        "case": 0,
        "collider1": {
            "type": "Box",
            "collider2origin": [
                [
                    0.907778172512869,
                    0.4194505805326725,
                    0.0,
                    -1.612083837096907
                ],
                [
                    -0.4194505805326725,
                    0.907778172512869,
                    0.0,
                    -0.24654756573714753
                ],
                [
                    0.0,
                    0.0,
                    1.0,
                    -0.040000000000000036
                ],
                [
                    0.0,
                    0.0,
                    0.0,
                    1.0
                ]
            ],
            "size": [
                2.0,
                2.0,
                2.0
            ]
        },
        "collider2": {
            "type": "Box",
            "collider2origin": [
                [
                    -0.2780793628929459,
                    0.23309532020539633,
                    -0.9318467897843492,
                    0.06118673111556064
                ],
                [
                    -0.06665250185444115,
                    -0.9724538918074547,
                    -0.22336264751537854,
                    0.5632714677806923
                ],
                [
                    -0.9582428251385955,
                    -2.6228310017236705e-06,
                    0.28595574493883436,
                    -0.016827727769549217
                ],
                [
                    0.0,
                    0.0,
                    0.0,
                    1.0
                ]
            ],
            "size": [
                0.15068,
                0.17726,
                0.74884
            ]
        },
        "distance": 0.1318035903072094
    },
    {
        "case": 1,
        "collider1": {
            "type": "Box",
            "collider2origin": [
                [
                    0.907778172512869,
                    0.4194505805326725,
                    0.0,
                    -0.7418785952877999
                ],
                [
                    -0.4194505805326725,
                    0.907778172512869,
                    0.0,
                    1.2791466490804724
                ],
                [
                    0.0,
                    0.0,
                    1.0,
                    0.27
                ],
                [
                    0.0,
                    0.0,
                    0.0,
                    1.0
                ]
            ],
            "size": [
                0.52,
                1.16,
                0.6
            ]
        },
        "collider2": {
            "type": "Box",
            "collider2origin": [
                [
                    -0.2780793628929459,
                    0.23309532020539633,
                    -0.9318467897843492,
                    0.06118673111556064
                ],
                [
                    -0.06665250185444115,
                    -0.9724538918074547,
                    -0.22336264751537854,
                    0.5632714677806923
                ],
                [
                    -0.9582428251385955,
                    -2.6228310017236705e-06,
                    0.28595574493883436,
                    -0.016827727769549217
                ],
                [
                    0.0,
                    0.0,
                    0.0,
                    1.0
                ]
            ],
            "size": [
                0.15068,
                0.17726,
                0.74884
            ]
        },
        "distance": 0.41581505180397765
    },
    {
        "case": 2,
        "collider1": {
            "type": "Box",
            "collider2origin": [
                [
                    0.907778172512869,
                    0.4194505805326725,
                    0.0,
                    -1.612083837096907
                ],
                [
                    -0.4194505805326725,
                    0.907778172512869,
                    0.0,
                    -0.24654756573714753
                ],
                [
                    0.0,
                    0.0,
                    1.0,
                    -0.040000000000000036
                ],
                [
                    0.0,
                    0.0,
                    0.0,
                    1.0
                ]
            ],
            "size": [
                2.0,
                2.0,
                2.0
            ]
        },
        "collider2": {
            "type": "Box",
            "collider2origin": [
                [
                    -0.2780793628929459,
                    0.23309532020539633,
                    -0.9318467897843492,
                    0.06118673111556064
                ],
                [
                    -0.06665250185444115,
                    -0.9724538918074547,
                    -0.22336264751537854,
                    0.5632714677806923
                ],
                [
                    -0.9582428251385955,
                    -2.6228310017236705e-06,
                    0.28595574493883436,
                    -0.016827727769549217
                ],
                [
                    0.0,
                    0.0,
                    0.0,
                    1.0
                ]
            ],
            "size": [
                0.15068,
                0.17726,
                0.74884
            ]
        },
        "distance": 0.1318035903072094
    },
    {
        "case": 3,
        "collider1": {
            "type": "Box",
            "collider2origin": [
                [
                    0.907778172512869,
                    0.4194505805326725,
                    0.0,
                    -0.7418785952877999
                ],
                [
                    -0.4194505805326725,
                    0.907778172512869,
                    0.0,
                    1.2791466490804724
                ],
                [
                    0.0,
                    0.0,
                    1.0,
                    0.27
                ],
                [
                    0.0,
                    0.0,
                    0.0,
                    1.0
                ]
            ],
            "size": [
                0.52,
                1.16,
                0.6
            ]
        },
        "collider2": {
            "type": "Box",
            "collider2origin": [
                [
                    -0.2780793628929459,
                    0.23309532020539633,
                    -0.9318467897843492,
                    0.06118673111556064
                ],
                [
                    -0.06665250185444115,
                    -0.9724538918074547,
                    -0.22336264751537854,
                    0.5632714677806923
                ],
                [
                    -0.9582428251385955,
                    -2.6228310017236705e-06,
                    0.28595574493883436,
                    -0.016827727769549217
                ],
                [
                    0.0,
                    0.0,
                    0.0,
                    1.0
                ]
            ],
            "size": [
                0.15068,
                0.17726,
                0.74884
            ]
        },
        "distance": 0.41581505180397765
    },
    {
        "case": 4,
        "collider1": {
            "type": "Box",
            "collider2origin": [
                [
                    0.9077781725128689,
                    0.4194505805326724,
                    0.0,
                    0.4158817547107895
                ],
                [
                    -0.4194505805326724,
                    0.9077781725128689,
                    0.0,
                    0.733173894971941
                ],
                [
                    0.0,
                    0.0,
                    1.0,
                    -0.6599999999999999
                ],
                [
                    0.0,
                    0.0,
                    0.0,
                    1.0
                ]
            ],
            "size": [
                0.6,
                1.0,
                0.8
            ]
        },
        "collider2": {
            "type": "Box",
            "collider2origin": [
                [
                    -0.20222274881541807,
                    0.14000964591080592,
                    0.9692797629753072,
                    0.13824563405689025
                ],
                [
                    0.9395786881036252,
                    -0.25141400403431174,
                    0.23234217748163047,
                    0.5920783427289359
                ],
                [
                    0.27622065223839926,
                    0.9576994818978267,
                    -0.08070844844021893,
                    -0.43982331909735073
                ],
                [
                    0.0,
                    0.0,
                    0.0,
                    1.0
                ]
            ],
            "size": [
                0.09126,
                0.11887,
                0.10009
            ]
        },
        "distance": 0.0
    },
    {
        "case": 5,
        "collider1": {
            "type": "Box",
            "collider2origin": [
                [
                    0.9077781725128689,
                    0.4194505805326724,
                    0.0,
                    0.4158817547107895
                ],
                [
                    -0.4194505805326724,
                    0.9077781725128689,
                    0.0,
                    0.733173894971941
                ],
                [
                    0.0,
                    0.0,
                    1.0,
                    -0.6599999999999999
                ],
                [
                    0.0,
                    0.0,
                    0.0,
                    1.0
                ]
            ],
            "size": [
                0.6,
                1.0,
                0.8
            ]
        },
        "collider2": {
            "type": "Box",
            "collider2origin": [
                [
                    -0.9894331873076039,
                    0.14000594711571104,
                    -0.03768690258629415,
                    0.15232003321415025
                ],
                [
                    -0.07233785328069911,
                    -0.25141131219512497,
                    0.9651733456136599,
                    0.5750559511946358
                ],
                [
                    0.1256550947516899,
                    0.9577007292847581,
                    0.25888242561129127,
                    -0.36837107063577135
                ],
                [
                    0.0,
                    0.0,
                    0.0,
                    1.0
                ]
            ],
            "size": [
                0.08993,
                0.0305,
                0.09007
            ]
        },
        "distance": 0.0
    },
    {
        "case": 6,
        "collider1": {
            "type": "Box",
            "collider2origin": [
                [
                    0.9077781725128689,
                    0.4194505805326724,
                    0.0,
                    0.4158817547107895
                ],
                [
                    -0.4194505805326724,
                    0.9077781725128689,
                    0.0,
                    0.733173894971941
                ],
                [
                    0.0,
                    0.0,
                    1.0,
                    -0.6599999999999999
                ],
                [
                    0.0,
                    0.0,
                    0.0,
                    1.0
                ]
            ],
            "size": [
                0.6,
                1.0,
                0.8
            ]
        },
        "collider2": {
            "type": "Box",
            "collider2origin": [
                [
                    0.07848603201010758,
                    0.2331023034331521,
                    0.9692797629753072,
                    0.03101905522627396
                ],
                [
                    0.018809477523155236,
                    -0.9724522179101657,
                    0.23234217748163047,
                    0.5710348062950313
                ],
                [
                    0.9967377520364191,
                    -3.96966378806715e-06,
                    -0.08070844844021893,
                    -0.43327962510338736
                ],
                [
                    0.0,
                    0.0,
                    0.0,
                    1.0
                ]
            ],
            "size": [
                0.09102,
                0.10007,
                0.11882
            ]
        },
        "distance": 0.0
    },
    {
        "case": 7,
        "collider1": {
            "type": "Box",
            "collider2origin": [
                [
                    0.9077781725128689,
                    0.4194505805326724,
                    0.0,
                    0.4158817547107895
                ],
                [
                    -0.4194505805326724,
                    0.9077781725128689,
                    0.0,
                    0.733173894971941
                ],
                [
                    0.0,
                    0.0,
                    1.0,
                    -0.6599999999999999
                ],
                [
                    0.0,
                    0.0,
                    0.0,
                    1.0
                ]
            ],
            "size": [
                0.6,
                1.0,
                0.8
            ]
        },
        "collider2": {
            "type": "Box",
            "collider2origin": [
                [
                    0.15373327222805525,
                    -0.11822890325013967,
                    0.9810137651665869,
                    0.1583800213944007
                ],
                [
                    0.932652275322736,
                    -0.31057461532141517,
                    -0.18358415414538806,
                    0.5539472781788977
                ],
                [
                    0.3263829259403397,
                    0.9431677129515321,
                    0.06252080374082379,
                    -0.2875164542258909
                ],
                [
                    0.0,
                    0.0,
                    0.0,
                    1.0
                ]
            ],
            "size": [
                0.06241,
                0.05638,
                0.02858
            ]
        },
        "distance": 0.0
    },
    {
        "case": 8,
        "collider1": {
            "type": "Box",
            "collider2origin": [
                [
                    0.9077781725128689,
                    0.4194505805326724,
                    0.0,
                    0.4158817547107895
                ],
                [
                    -0.4194505805326724,
                    0.9077781725128689,
                    0.0,
                    0.733173894971941
                ],
                [
                    0.0,
                    0.0,
                    1.0,
                    -0.6599999999999999
                ],
                [
                    0.0,
                    0.0,
                    0.0,
                    1.0
                ]
            ],
            "size": [
                0.6,
                1.0,
                0.8
            ]
        },
        "collider2": {
            "type": "Box",
            "collider2origin": [
                [
                    -0.05524099311716993,
                    -0.11823337047599736,
                    0.9914480837569427,
                    0.14998231790836875
                ],
                [
                    0.9504166276667348,
                    -0.3105718061115132,
                    0.01591813755511661,
                    0.5396773296159438
                ],
                [
                    0.30603376698335066,
                    0.9431680779980405,
                    0.12952725624926223,
                    -0.2389753083373629
                ],
                [
                    0.0,
                    0.0,
                    0.0,
                    1.0
                ]
            ],
            "size": [
                0.07264,
                0.04753,
                0.03326
            ]
        },
        "distance": 0.0
    },
    {
        "case": 9,
        "collider1": {
            "type": "Box",
            "collider2origin": [
                [
                    0.9077781725128689,
                    0.4194505805326724,
                    0.0,
                    0.4158817547107895
                ],
                [
                    -0.4194505805326724,
                    0.9077781725128689,
                    0.0,
                    0.733173894971941
                ],
                [
                    0.0,
                    0.0,
                    1.0,
                    -0.6599999999999999
                ],
                [
                    0.0,
                    0.0,
                    0.0,
                    1.0
                ]
            ],
            "size": [
                0.6,
                1.0,
                0.8
            ]
        },
        "collider2": {
            "type": "Box",
            "collider2origin": [
                [
                    0.8583935553281072,
                    0.23310042162684239,
                    0.45697341017674115,
                    -0.1309831658399131
                ],
                [
                    0.20575669776661734,
                    -0.9724526689713813,
                    0.10954445643031796,
                    0.6471274633251315
                ],
                [
                    0.4699198713561161,
                    -6.915576589464226e-06,
                    -0.8827090769085961,
                    -0.17523262399708917
                ],
                [
                    0.0,
                    0.0,
                    0.0,
                    1.0
                ]
            ],
            "size": [
                0.1202,
                0.13634,
                0.67816
            ]
        },
        "distance": 0.0
    },
    {
        "case": 10,
        "collider1": {
            "type": "Box",
            "collider2origin": [
                [
                    0.907778172512869,
                    0.4194505805326725,
                    0.0,
                    -1.612083837096907
                ],
                [
                    -0.4194505805326725,
                    0.907778172512869,
                    0.0,
                    -0.24654756573714753
                ],
                [
                    0.0,
                    0.0,
                    1.0,
                    -0.040000000000000036
                ],
                [
                    0.0,
                    0.0,
                    0.0,
                    1.0
                ]
            ],
            "size": [
                2.0,
                2.0,
                2.0
            ]
        },
        "collider2": {
            "type": "Box",
            "collider2origin": [
                [
                    0.8583935553281072,
                    0.23310042162684239,
                    0.45697341017674115,
                    -0.1309831658399131
                ],
                [
                    0.20575669776661734,
                    -0.9724526689713813,
                    0.10954445643031796,
                    0.6471274633251315
                ],
                [
                    0.4699198713561161,
                    -6.915576589464226e-06,
                    -0.8827090769085961,
                    -0.17523262399708917
                ],
                [
                    0.0,
                    0.0,
                    0.0,
                    1.0
                ]
            ],
            "size": [
                0.1202,
                0.13634,
                0.67816
            ]
        },
        "distance": 0.24741626013462417
    },
    {
        "case": 11,
        "collider1": {
            "type": "Box",
            "collider2origin": [
                [
                    0.907778172512869,
                    0.4194505805326725,
                    0.0,
                    -0.7418785952877999
                ],
                [
                    -0.4194505805326725,
                    0.907778172512869,
                    0.0,
                    1.2791466490804724
                ],
                [
                    0.0,
                    0.0,
                    1.0,
                    0.27
                ],
                [
                    0.0,
                    0.0,
                    0.0,
                    1.0
                ]
            ],
            "size": [
                0.52,
                1.16,
                0.6
            ]
        },
        "collider2": {
            "type": "Box",
            "collider2origin": [
                [
                    0.8583935553281072,
                    0.23310042162684239,
                    0.45697341017674115,
                    -0.1309831658399131
                ],
                [
                    0.20575669776661734,
                    -0.9724526689713813,
                    0.10954445643031796,
                    0.6471274633251315
                ],
                [
                    0.4699198713561161,
                    -6.915576589464226e-06,
                    -0.8827090769085961,
                    -0.17523262399708917
                ],
                [
                    0.0,
                    0.0,
                    0.0,
                    1.0
                ]
            ],
            "size": [
                0.1202,
                0.13634,
                0.67816
            ]
        },
        "distance": 0.3507017112360772
    }
]