[
    {
        "case": 0,
        "collider1": {
            "type": "Box",
            "collider2origin": [
                [
                    -3.673205103346574e-06,
                    -0.9999999999932537,
                    0.0,
                    0.42000000000000004
                ],
                [
                    0.9999999999932537,
                    -3.673205103346574e-06,
                    0.0,
                    -0.395
                ],
                [
                    0.0,
                    0.0,
                    1.0,
                    0.53989
                ],
                [
                    0.0,
                    0.0,
                    0.0,
                    1.0
                ]
            ],
            "size": [
                0.6,
                0.32,
                1.16
            ]
        },
        "collider2": {
            "type": "Sphere",
            "collider2origin": [
                [
                    1.0,
                    0.0,
                    0.0,
                    0.4247999238389276
                ],
                [
                    0.0,
                    1.0,
                    0.0,
                    -0.32085148314338574
                ],
                [
                    0.0,
                    0.0,
                    1.0,
                    0.10792252692796467
                ],
                [
                    0.0,
                    0.0,
                    0.0,
                    1.0
                ]
            ],
            "radius": 0.00487
        },
        "distance": 0.0
    },
    {
        "case": 1,
        "collider1": {
            "type": "Box",
            "collider2origin": [
                [
                    -3.673205103346574e-06,
                    -0.9999999999932537,
                    0.0,
                    0.42000000000000004
                ],
                [
                    0.9999999999932537,
                    -3.673205103346574e-06,
                    0.0,
                    -0.395
                ],
                [
                    0.0,
                    0.0,
                    1.0,
                    0.53989
                ],
                [
                    0.0,
                    0.0,
                    0.0,
                    1.0
                ]
            ],
            "size": [
                0.6,
                0.32,
                1.16
            ]
        },
        "collider2": {
            "type": "Cylinder",
            "collider2origin": [
                [
                    -0.1723927974426376,
                    0.8080677361648928,
                    -0.563300325900177,
                    0.4144028599239382
                ],
                [
                    0.9179994503250771,
                    0.3391450942531382,
                    0.20556656889408456,
                    -0.3175993915504731
                ],
                [
                    0.35715225407766665,
                    -0.4816711936719632,
                    -0.8002719091620465,
                    0.09550210977639817
                ],
                [
                    0.0,
                    0.0,
                    0.0,
                    1.0
                ]
            ],
            "radius": 0.0076,
            "height": 0.02993
        },
        "distance": 0.0
    },
    {
        "case": 2,
        "collider1": {
            "type": "Box",
            "collider2origin": [
                [
                    -3.673205103346574e-06,
                    -0.9999999999932537,
                    0.0,
                    0.42000000000000004
                ],
                [
                    0.9999999999932537,
                    -3.673205103346574e-06,
                    0.0,
                    -0.395
                ],
                [
                    0.0,
                    0.0,
                    1.0,
                    0.53989
                ],
                [
                    0.0,
                    0.0,
                    0.0,
                    1.0
                ]
            ],
            "size": [
                0.6,
                0.32,
                1.16
            ]
        },
        "collider2": {
            "type": "Box",
            "collider2origin": [
                [
                    0.05796989082941835,
                    -0.9199365735822851,
                    0.3877579042945616,
                    0.6022457940550542
                ],
                [
                    -0.13602971834839553,
                    -0.3920672143496667,
                    -0.9098237275198691,
                    -0.03212852818828482
                ],
                [
                    0.989007283837324,
                    -4.216350212054052e-06,
                    -0.14786680661643062,
                    -0.06392628930371647
                ],
                [
                    0.0,
                    0.0,
                    0.0,
                    1.0
                ]
            ],
            "size": [
                0.1202,
                0.13634,
                0.67816
            ]
        },
        "distance": 0.0
    },
    {
        "case": 3,
        "collider1": {
            "type": "Box",
            "collider2origin": [
                [
                    1.0,
                    0.0,
                    0.0,
                    0.35
                ],
                [
                    0.0,
                    1.0,
                    0.0,
                    -0.34649
                ],
                [
                    0.0,
                    0.0,
                    1.0,
                    -0.54511
                ],
                [
                    0.0,
                    0.0,
                    0.0,
                    1.0
                ]
            ],
            "size": [
                0.7,
                0.7,
                1.1
            ]
        },
        "collider2": {
            "type": "Box",
            "collider2origin": [
                [
                    0.05796989082941835,
                    -0.9199365735822851,
                    0.3877579042945616,
                    0.6022457940550542
                ],
                [
                    -0.13602971834839553,
                    -0.3920672143496667,
                    -0.9098237275198691,
                    -0.03212852818828482
                ],
                [
                    0.989007283837324,
                    -4.216350212054052e-06,
                    -0.14786680661643062,
                    -0.06392628930371647
                ],
                [
                    0.0,
                    0.0,
                    0.0,
                    1.0
                ]
            ],
            "size": [
                0.1202,
                0.13634,
                0.67816
            ]
        },
        "distance": 0.0
    },
    {
        "case": 4,
        "collider1": {
            "type": "Box",
            "collider2origin": [
                [
                    -3.673205103346574e-06,
                    -0.9999999999932537,
                    0.0,
                    0.42000000000000004
                ],
                [
                    0.9999999999932537,
                    -3.673205103346574e-06,
                    0.0,
                    -0.395
                ],
                [
                    0.0,
                    0.0,
                    1.0,
                    0.53989
                ],
                [
                    0.0,
                    0.0,
                    0.0,
                    1.0
                ]
            ],
            "size": [
                0.6,
                0.32,
                1.16
            ]
        },
        "collider2": {
            "type": "Cylinder",
            "collider2origin": [
                [
                    -0.039097171812707554,
                    0.8176917051238146,
                    0.5743271598383233,
                    0.38873627346199957
                ],
                [
                    0.9634221423744512,
                    -0.12165213292134805,
                    0.238785540052803,
                    -0.284712842239238
                ],
                [
                    0.2651210793936796,
                    0.5626553420411061,
                    -0.7830260400099955,
                    0.057623137494471344
                ],
                [
                    0.0,
                    0.0,
                    0.0,
                    1.0
                ]
            ],
            "radius": 0.00683,
            "height": 0.01782
        },
        "distance": 0.0
    },
    {
        "case": 5,
        "collider1": {
            "type": "Box",
            "collider2origin": [
                [
                    -3.673205103346574e-06,
                    -0.9999999999932537,
                    0.0,
                    0.42000000000000004
                ],
                [
                    0.9999999999932537,
                    -3.673205103346574e-06,
                    0.0,
                    -0.395
                ],
                [
                    0.0,
                    0.0,
                    1.0,
                    0.53989
                ],
                [
                    0.0,
                    0.0,
                    0.0,
                    1.0
                ]
            ],
            "size": [
                0.6,
                0.32,
                1.16
            ]
        },
        "collider2": {
            "type": "Cylinder",
            "collider2origin": [
                [
                    0.6805162472602408,
                    0.7212977918529192,
                    0.12894623950678336,
                    0.4634253010621826
                ],
                [
                    0.7186405154798884,
                    -0.6913599269799199,
                    0.0746810610337043,
                    -0.2616949260297292
                ],
                [
                    0.14301554714658904,
                    0.04184431663227848,
                    -0.9888354799661767,
                    0.08858734220979825
                ],
                [
                    0.0,
                    0.0,
                    0.0,
                    1.0
                ]
            ],
            "radius": 0.01169,
            "height": 0.05502
        },
        "distance": 0.0
    },
    {
        "case": 6,
        "collider1": {
            "type": "Box",
            "collider2origin": [
                [
                    -3.673205103346574e-06,
                    -0.9999999999932537,
                    0.0,
                    0.42000000000000004
                ],
                [
                    0.9999999999932537,
                    -3.673205103346574e-06,
                    0.0,
                    -0.395
                ],
                [
                    0.0,
                    0.0,
                    1.0,
                    0.53989
                ],
                [
                    0.0,
                    0.0,
                    0.0,
                    1.0
                ]
            ],
            "size": [
                0.6,
                0.32,
                1.16
            ]
        },
        "collider2": {
            "type": "Sphere",
            "collider2origin": [
                [
                    1.0,
                    0.0,
                    0.0,
                    0.3228708474417921
                ],
                [
                    0.0,
                    1.0,
                    0.0,
                    -0.2513172608953649
                ],
                [
                    0.0,
                    0.0,
                    1.0,
                    0.06674433941179903
                ],
                [
                    0.0,
                    0.0,
                    0.0,
                    1.0
                ]
            ],
            "radius": 0.00663
        },
        "distance": 0.0
    },
    {
        "case": 7,
        "collider1": {
            "type": "Box",
            "collider2origin": [
                [
                    -3.673205103346574e-06,
                    -0.9999999999932537,
                    0.0,
                    0.42000000000000004
                ],
                [
                    0.9999999999932537,
                    -3.673205103346574e-06,
                    0.0,
                    -0.395
                ],
                [
                    0.0,
                    0.0,
                    1.0,
                    0.53989
                ],
                [
                    0.0,
                    0.0,
                    0.0,
                    1.0
                ]
            ],
            "size": [
                0.6,
                0.32,
                1.16
            ]
        },
        "collider2": {
            "type": "Cylinder",
            "collider2origin": [
                [
                    -0.1794797540189925,
                    0.9819901051258202,
                    -0.05901229814421029,
                    0.4028407917609506
                ],
                [
                    0.9166084409993791,
                    0.18870989758443366,
                    0.35244508854906714,
                    -0.307325272175933
                ],
                [
                    0.35723379429439367,
                    0.009165587196233569,
                    -0.9339700253355985,
                    0.06333119665799058
                ],
                [
                    0.0,
                    0.0,
                    0.0,
                    1.0
                ]
            ],
            "radius": 0.00783,
            "height": 0.03683
        },
        "distance": 0.0
    },
    {
        "case": 8,
        "collider1": {
            "type": "Box",
            "collider2origin": [
                [
                    -3.673205103346574e-06,
                    -0.9999999999932537,
                    0.0,
                    0.42000000000000004
                ],
                [
                    0.9999999999932537,
                    -3.673205103346574e-06,
                    0.0,
                    -0.395
                ],
                [
                    0.0,
                    0.0,
                    1.0,
                    0.53989
                ],
                [
                    0.0,
                    0.0,
                    0.0,
                    1.0
                ]
            ],
            "size": [
                0.6,
                0.32,
                1.16
            ]
        },
        "collider2": {
            "type": "Sphere",
            "collider2origin": [
                [
                    1.0,
                    0.0,
                    0.0,
                    0.3696234912151155
                ],
                [
                    0.0,
                    1.0,
                    0.0,
                    -0.30191680921925834
                ],
                [
                    0.0,
                    0.0,
                    1.0,
                    0.1173222796569311
                ],
                [
                    0.0,
                    0.0,
                    0.0,
                    1.0
                ]
            ],
            "radius": 0.00563
        },
        "distance": 0.0
    },
    {
        "case": 9,
        "collider1": {
            "type": "Box",
            "collider2origin": [
                [
                    1.0,
                    0.0,
                    0.0,
                    0.35
                ],
                [
                    0.0,
                    1.0,
                    0.0,
                    -0.34649
                ],
                [
                    0.0,
                    0.0,
                    1.0,
                    -0.54511
                ],
                [
                    0.0,
                    0.0,
                    0.0,
                    1.0
                ]
            ],
            "size": [
                0.7,
                0.7,
                1.1
            ]
        },
        "collider2": {
            "type": "Box",
            "collider2origin": [
                [
                    0.019910215943553994,
                    -0.9199394361570107,
                    -0.3915546157360454,
                    0.6116089495549781
                ],
                [
                    -0.046707939740572794,
                    -0.39206049761257983,
                    0.9187529235746504,
                    -0.33915341102769436
                ],
                [
                    -0.9987101439688453,
                    -3.859710200498352e-06,
                    -0.050774484919401855,
                    -0.10695197222534114
                ],
                [
                    0.0,
                    0.0,
                    0.0,
                    1.0
                ]
            ],
            "size": [
                0.09102,
                0.10007,
                0.11882
            ]
        },
        "distance": 0.0
    },
    {
        "case": 10,
        "collider1": {
            "type": "Box",
            "collider2origin": [
                [
                    -3.673205103346574e-06,
                    -0.9999999999932537,
                    0.0,
                    0.42000000000000004
                ],
                [
                    0.9999999999932537,
                    -3.673205103346574e-06,
                    0.0,
                    -0.395
                ],
                [
                    0.0,
                    0.0,
                    1.0,
                    0.53989
                ],
                [
                    0.0,
                    0.0,
                    0.0,
                    1.0
                ]
            ],
            "size": [
                0.6,
                0.32,
                1.16
            ]
        },
        "collider2": {
            "type": "Cylinder",
            "collider2origin": [
                [
                    -0.039097171812707554,
                    0.994876507647155,
                    0.09323167749239926,
                    0.36967943213000665
                ],
                [
                    0.9634221423744512,
                    0.012775940216191254,
                    0.2676836770036874,
                    -0.2964170274532092
                ],
                [
                    0.2651210793936796,
                    0.10028713717816169,
                    -0.958985559525136,
                    0.09734473548503964
                ],
                [
                    0.0,
                    0.0,
                    0.0,
                    1.0
                ]
            ],
            "radius": 0.00813,
            "height": 0.03824
        },
        "distance": 0.0
    },
    {
        "case": 11,
        "collider1": {
            "type": "Box",
            "collider2origin": [
                [
                    -3.673205103346574e-06,
                    -0.9999999999932537,
                    0.0,
                    0.42000000000000004
                ],
                [
                    0.9999999999932537,
                    -3.673205103346574e-06,
                    0.0,
                    -0.395
                ],
                [
                    0.0,
                    0.0,
                    1.0,
                    0.53989
                ],
                [
                    0.0,
                    0.0,
                    0.0,
                    1.0
                ]
            ],
            "size": [
                0.6,
                0.32,
                1.16
            ]
        },
        "collider2": {
            "type": "Sphere",
            "collider2origin": [
                [
                    1.0,
                    0.0,
                    0.0,
                    0.4600587976529076
                ],
                [
                    0.0,
                    1.0,
                    0.0,
                    -0.2637818457103922
                ],
                [
                    0.0,
                    0.0,
                    1.0,
                    0.11092194140122746
                ],
                [
                    0.0,
                    0.0,
                    0.0,
                    1.0
                ]
            ],
            "radius": 0.01051
        },
        "distance": 0.0
    },
    {
        "case": 12,
        "collider1": {
            "type": "Box",
            "collider2origin": [
                [
                    -3.673205103346574e-06,
                    -0.9999999999932537,
                    0.0,
                    0.42000000000000004
                ],
                [
                    0.9999999999932537,
                    -3.673205103346574e-06,
                    0.0,
                    -0.395
                ],
                [
                    0.0,
                    0.0,
                    1.0,
                    0.53989
                ],
                [
                    0.0,
                    0.0,
                    0.0,
                    1.0
                ]
            ],
            "size": [
                0.6,
                0.32,
                1.16
            ]
        },
        "collider2": {
            "type": "Box",
            "collider2origin": [
                [
                    -0.6674362494142351,
                    -0.633414426630509,
                    -0.3915546157360454,
                    0.5637331519491648
                ],
                [
                    -0.3215671864356983,
                    -0.22910174602316213,
                    0.9187529235746504,
                    -0.24076863565806828
                ],
                [
                    -0.6716572024296973,
                    0.7391201215671791,
                    -0.050774484919401855,
                    -0.11114100219852907
                ],
                [
                    0.0,
                    0.0,
                    0.0,
                    1.0
                ]
            ],
            "size": [
                0.09126,
                0.11887,
                0.10009
            ]
        },
        "distance": 0.0
    },
    {
        "case": 13,
        "collider1": {
            "type": "Box",
            "collider2origin": [
                [
                    1.0,
                    0.0,
                    0.0,
                    0.35
                ],
                [
                    0.0,
                    1.0,
                    0.0,
                    -0.34649
                ],
                [
                    0.0,
                    0.0,
                    1.0,
                    -0.54511
                ],
                [
                    0.0,
                    0.0,
                    0.0,
                    1.0
                ]
            ],
            "size": [
                0.7,
                0.7,
                1.1
            ]
        },
        "collider2": {
            "type": "Box",
            "collider2origin": [
                [
                    -0.6674362494142351,
                    -0.633414426630509,
                    -0.3915546157360454,
                    0.5637331519491648
                ],
                [
                    -0.3215671864356983,
                    -0.22910174602316213,
                    0.9187529235746504,
                    -0.24076863565806828
                ],
                [
                    -0.6716572024296973,
                    0.7391201215671791,
                    -0.050774484919401855,
                    -0.11114100219852907
                ],
                [
                    0.0,
                    0.0,
                    0.0,
                    1.0
                ]
            ],
            "size": [
                0.09126,
                0.11887,
                0.10009
            ]
        },
        "distance": 0.0
    },
    {
        "case": 14,
        "collider1": {
            "type": "Box",
            "collider2origin": [
                [
                    -3.673205103346574e-06,
                    -0.9999999999932537,
                    0.0,
                    0.42000000000000004
                ],
                [
                    0.9999999999932537,
                    -3.673205103346574e-06,
                    0.0,
                    -0.395
                ],
                [
                    0.0,
                    0.0,
                    1.0,
                    0.53989
                ],
                [
                    0.0,
                    0.0,
                    0.0,
                    1.0
                ]
            ],
            "size": [
                0.6,
                0.32,
                1.16
            ]
        },
        "collider2": {
            "type": "Cylinder",
            "collider2origin": [
                [
                    0.649439461101614,
                    0.7587706269665541,
                    0.049955200097958376,
                    0.4639850563199026
                ],
                [
                    0.7518578296988977,
                    -0.650572342664888,
                    0.10707675228537294,
                    -0.25813151474194207
                ],
                [
                    0.1137461660211368,
                    -0.03198065997289864,
                    -0.9929949884582446,
                    0.07420190255556713
                ],
                [
                    0.0,
                    0.0,
                    0.0,
                    1.0
                ]
            ],
            "radius": 0.01271,
            "height": 0.05982
        },
        "distance": 0.0
    },
    {
        "case": 15,
        "collider1": {
            "type": "Box",
            "collider2origin": [
                [
                    -3.673205103346574e-06,
                    -0.9999999999932537,
                    0.0,
                    0.42000000000000004
                ],
                [
                    0.9999999999932537,
                    -3.673205103346574e-06,
                    0.0,
                    -0.395
                ],
                [
                    0.0,
                    0.0,
                    1.0,
                    0.53989
                ],
                [
                    0.0,
                    0.0,
                    0.0,
                    1.0
                ]
            ],
            "size": [
                0.6,
                0.32,
                1.16
            ]
        },
        "collider2": {
            "type": "Box",
            "collider2origin": [
                [
                    -0.7728254065457544,
                    -0.6334131319870243,
                    -0.03909853224581929,
                    0.51495333010941
                ],
                [
                    0.1390321172662965,
                    -0.2291015819433666,
                    0.9634223038312418,
                    -0.2534824282589079
                ],
                [
                    -0.6192018744850823,
                    0.739121281913486,
                    0.2651202920500899,
                    -0.05584632550099666
                ],
                [
                    0.0,
                    0.0,
                    0.0,
                    1.0
                ]
            ],
            "size": [
                0.08993,
                0.0305,
                0.09007
            ]
        },
        "distance": 0.0
    },
    {
        "case": 16,
        "collider1": {
            "type": "Box",
            "collider2origin": [
                [
                    1.0,
                    0.0,
                    0.0,
                    0.35
                ],
                [
                    0.0,
                    1.0,
                    0.0,
                    -0.34649
                ],
                [
                    0.0,
                    0.0,
                    1.0,
                    -0.54511
                ],
                [
                    0.0,
                    0.0,
                    0.0,
                    1.0
                ]
            ],
            "size": [
                0.7,
                0.7,
                1.1
            ]
        },
        "collider2": {
            "type": "Box",
            "collider2origin": [
                [
                    -0.7728254065457544,
                    -0.6334131319870243,
                    -0.03909853224581929,
                    0.51495333010941
                ],
                [
                    0.1390321172662965,
                    -0.2291015819433666,
                    0.9634223038312418,
                    -0.2534824282589079
                ],
                [
                    -0.6192018744850823,
                    0.739121281913486,
                    0.2651202920500899,
                    -0.05584632550099666
                ],
                [
                    0.0,
                    0.0,
                    0.0,
                    1.0
                ]
            ],
            "size": [
                0.08993,
                0.0305,
                0.09007
            ]
        },
        "distance": 0.0
    },
    {
        "case": 17,
        "collider1": {
            "type": "Box",
            "collider2origin": [
                [
                    -3.673205103346574e-06,
                    -0.9999999999932537,
                    0.0,
                    0.42000000000000004
                ],
                [
                    0.9999999999932537,
                    -3.673205103346574e-06,
                    0.0,
                    -0.395
                ],
                [
                    0.0,
                    0.0,
                    1.0,
                    0.53989
                ],
                [
                    0.0,
                    0.0,
                    0.0,
                    1.0
                ]
            ],
            "size": [
                0.6,
                0.32,
                1.16
            ]
        },
        "collider2": {
            "type": "Cylinder",
            "collider2origin": [
                [
                    0.13648086343334034,
                    0.4844341989098518,
                    0.8641160112178566,
                    0.3399041879052896
                ],
                [
                    0.9763946292811125,
                    -0.21318906088557554,
                    -0.03469801478074472,
                    -0.25063532596372284
                ],
                [
                    0.1674111759336523,
                    0.8484538474456319,
                    -0.5020951771598837,
                    0.05571860236597792
                ],
                [
                    0.0,
                    0.0,
                    0.0,
                    1.0
                ]
            ],
            "radius": 0.00796,
            "height": 0.03037
        },
        "distance": 0.0
    },
    {
        "case": 18,
        "collider1": {
            "type": "Box",
            "collider2origin": [
                [
                    -3.673205103346574e-06,
                    -0.9999999999932537,
                    0.0,
                    0.42000000000000004
                ],
                [
                    0.9999999999932537,
                    -3.673205103346574e-06,
                    0.0,
                    -0.395
                ],
                [
                    0.0,
                    0.0,
                    1.0,
                    0.53989
                ],
                [
                    0.0,
                    0.0,
                    0.0,
                    1.0
                ]
            ],
            "size": [
                0.6,
                0.32,
                1.16
            ]
        },
        "collider2": {
            "type": "Box",
            "collider2origin": [
                [
                    -0.08726769011250704,
                    -0.8084794131899609,
                    0.5820183748907272,
                    0.41472357726663833
                ],
                [
                    0.9548525271194096,
                    -0.23443199142483037,
                    -0.1824781982875374,
                    -0.28143770262099865
                ],
                [
                    0.2839735933429463,
                    0.5398172652338973,
                    0.7924369491885712,
                    0.028846498037142787
                ],
                [
                    0.0,
                    0.0,
                    0.0,
                    1.0
                ]
            ],
            "size": [
                0.07264,
                0.04753,
                0.03326
            ]
        },
        "distance": 0.0
    },
    {
        "case": 19,
        "collider1": {
            "type": "Box",
            "collider2origin": [
                [
                    1.0,
                    0.0,
                    0.0,
                    0.35
                ],
                [
                    0.0,
                    1.0,
                    0.0,
                    -0.34649
                ],
                [
                    0.0,
                    0.0,
                    1.0,
                    -0.54511
                ],
                [
                    0.0,
                    0.0,
                    0.0,
                    1.0
                ]
            ],
            "size": [
                0.7,
                0.7,
                1.1
            ]
        },
        "collider2": {
            "type": "Box",
            "collider2origin": [
                [
                    -0.08726769011250704,
                    -0.8084794131899609,
                    0.5820183748907272,
                    0.41472357726663833
                ],
                [
                    0.9548525271194096,
                    -0.23443199142483037,
                    -0.1824781982875374,
                    -0.28143770262099865
                ],
                [
                    0.2839735933429463,
                    0.5398172652338973,
                    0.7924369491885712,
                    0.028846498037142787
                ],
                [
                    0.0,
                    0.0,
                    0.0,
                    1.0
                ]
            ],
            "size": [
                0.07264,
                0.04753,
                0.03326
            ]
        },
        "distance": 0.0
    },
    {
        "case": 20,
        "collider1": {
            "type": "Box",
            "collider2origin": [
                [
                    -3.673205103346574e-06,
                    -0.9999999999932537,
                    0.0,
                    0.42000000000000004
                ],
                [
                    0.9999999999932537,
                    -3.673205103346574e-06,
                    0.0,
                    -0.395
                ],
                [
                    0.0,
                    0.0,
                    1.0,
                    0.53989
                ],
                [
                    0.0,
                    0.0,
                    0.0,
                    1.0
                ]
            ],
            "size": [
                0.6,
                0.32,
                1.16
            ]
        },
        "collider2": {
            "type": "Cylinder",
            "collider2origin": [
                [
                    -0.3211830903135069,
                    0.8897350809618945,
                    0.32436539304062006,
                    0.40001586599813316
                ],
                [
                    0.8352999210824644,
                    0.1047703539780691,
                    0.5397195704872472,
                    -0.32635177675882776
                ],
                [
                    0.4462235586970885,
                    0.44429118676048523,
                    -0.7768461089756867,
                    0.05208362177274983
                ],
                [
                    0.0,
                    0.0,
                    0.0,
                    1.0
                ]
            ],
            "radius": 0.00783,
            "height": 0.03044
        },
        "distance": 0.0
    },
    {
        "case": 21,
        "collider1": {
            "type": "Box",
            "collider2origin": [
                [
                    -3.673205103346574e-06,
                    -0.9999999999932537,
                    0.0,
                    0.42000000000000004
                ],
                [
                    0.9999999999932537,
                    -3.673205103346574e-06,
                    0.0,
                    -0.395
                ],
                [
                    0.0,
                    0.0,
                    1.0,
                    0.53989
                ],
                [
                    0.0,
                    0.0,
                    0.0,
                    1.0
                ]
            ],
            "size": [
                0.6,
                0.32,
                1.16
            ]
        },
        "collider2": {
            "type": "Box",
            "collider2origin": [
                [
                    0.03662419518344497,
                    -0.8084766246699788,
                    0.5873876196255775,
                    0.45759548557735397
                ],
                [
                    0.8954178602353899,
                    -0.23443567451872604,
                    -0.3785059710023412,
                    -0.271523946828391
                ],
                [
                    0.4437178426642769,
                    0.5398198420539831,
                    0.7153383914107867,
                    0.0025004808071682483
                ],
                [
                    0.0,
                    0.0,
                    0.0,
                    1.0
                ]
            ],
            "size": [
                0.06241,
                0.05638,
                0.02858
            ]
        },
        "distance": 0.0
    },
    {
        "case": 22,
        "collider1": {
            "type": "Box",
            "collider2origin": [
                [
                    1.0,
                    0.0,
                    0.0,
                    0.35
                ],
                [
                    0.0,
                    1.0,
                    0.0,
                    -0.34649
                ],
                [
                    0.0,
                    0.0,
                    1.0,
                    -0.54511
                ],
                [
                    0.0,
                    0.0,
                    0.0,
                    1.0
                ]
            ],
            "size": [
                0.7,
                0.7,
                1.1
            ]
        },
        "collider2": {
            "type": "Box",
            "collider2origin": [
