[
    {
        "case": 0,
        "collider1": {
            "type": "Box",
            "collider2origin": [
                [
                    0.9077781725128689,
                    0.4194505805326724,
                    0.0,
                    0.4158817547107895
                ],
                [
                    -0.4194505805326724,
                    0.9077781725128689,
                    0.0,
                    0.733173894971941
                ],
                [
                    0.0,
                    0.0,
                    1.0,
                    -0.6599999999999999
                ],
                [
                    0.0,
                    0.0,
                    0.0,
                    1.0
                ]
            ],
            "size": [
                0.6,
                1.0,
                0.8
            ]
        },
        "collider2": {
            "type": "Box",
            "collider2origin": [
                [
                    0.5900362606839583,
                    -0.7180163785414446,
                    0.369201423648827,
                    -0.05881460351062606
                ],
                [
                    -0.8073767460858248,
                    -0.5247486429619446,
                    0.26978074725499507,
                    1.1621014871191058
                ],
                [
                    3.095089510353674e-05,
                    -0.45726506739070505,
                    -0.8893304544353667,
                    -1.0135190647637007
                ],
                [
                    0.0,
                    0.0,
                    0.0,
                    1.0
                ]
            ],
            "size": [
                0.08993,
                0.0305,
                0.09007
            ]
        },
        "distance": 0.2549402751870085
    },
    {
        "case": 1,
        "collider1": {
            "type": "Cylinder",
            "collider2origin": [
                [
                    0.907778172512869,
                    0.4194505805326725,
                    0.0,
                    -0.07232761537572224
                ],
                [
                    -0.4194505805326725,
                    0.907778172512869,
                    0.0,
                    1.2000044650142188
                ],
                [
                    0.0,
                    0.0,
                    1.0,
                    -0.5800000000000001
                ],
                [
                    0.0,
                    0.0,
                    0.0,
                    1.0
                ]
            ],
            "radius": 0.04,
            "height": 0.96
        },
        "collider2": {
            "type": "Box",
            "collider2origin": [
                [
                    0.5900362606839583,
                    -0.7180163785414446,
                    0.369201423648827,
                    -0.05881460351062606
                ],
                [
                    -0.8073767460858248,
                    -0.5247486429619446,
                    0.26978074725499507,
                    1.1621014871191058
                ],
                [
                    3.095089510353674e-05,
                    -0.45726506739070505,
                    -0.8893304544353667,
                    -1.0135190647637007
                ],
                [
                    0.0,
                    0.0,
                    0.0,
                    1.0
                ]
            ],
            "size": [
                0.08993,
                0.0305,
                0.09007
            ]
        },
        "distance": 0.0
    },
    {
        "case": 2,
        "collider1": {
            "type": "Box",
            "collider2origin": [
                [
                    0.9077781725128689,
                    0.4194505805326724,
                    0.0,
                    0.4158817547107895
                ],
                [
                    -0.4194505805326724,
                    0.9077781725128689,
                    0.0,
                    0.733173894971941
                ],
                [
                    0.0,
                    0.0,
                    1.0,
                    -0.6599999999999999
                ],
                [
                    0.0,
                    0.0,
                    0.0,
                    1.0
                ]
            ],
            "size": [
                0.6,
                1.0,
                0.8
            ]
        },
        "collider2": {
            "type": "Box",
            "collider2origin": [
                [
                    -0.16044497242003192,
                    -0.9504666725526487,
                    0.26621516709577464,
                    -0.030292894180979524
                ],
                [
                    0.4906148087912227,
                    -0.31082648594278084,
                    -0.8140540553496523,
                    1.2953812749103917
                ],
                [
                    0.8564779741592232,
                    -1.7771569732276376e-06,
                    0.5161835717813521,
                    -1.0360862887435285
                ],
                [
                    0.0,
                    0.0,
                    0.0,
                    1.0
                ]
            ],
            "size": [
                0.09102,
                0.10007,
                0.11882
            ]
        },
        "distance": 0.25356130849050207
    },
    {
        "case": 3,
        "collider1": {
            "type": "Cylinder",
            "collider2origin": [
                [
                    0.907778172512869,
                    0.4194505805326725,
                    0.0,
                    -0.07232761537572224
                ],
                [
                    -0.4194505805326725,
                    0.907778172512869,
                    0.0,
                    1.2000044650142188
                ],
                [
                    0.0,
                    0.0,
                    1.0,
                    -0.5800000000000001
                ],
                [
                    0.0,
                    0.0,
                    0.0,
                    1.0
                ]
            ],
            "radius": 0.04,
            "height": 0.96
        },
        "collider2": {
            "type": "Box",
            "collider2origin": [
                [
                    -0.16044497242003192,
                    -0.9504666725526487,
                    0.26621516709577464,
                    -0.030292894180979524
                ],
                [
                    0.4906148087912227,
                    -0.31082648594278084,
                    -0.8140540553496523,
                    1.2953812749103917
                ],
                [
                    0.8564779741592232,
                    -1.7771569732276376e-06,
                    0.5161835717813521,
                    -1.0360862887435285
                ],
                [
                    0.0,
                    0.0,
                    0.0,
                    1.0
                ]
            ],
            "size": [
                0.09102,
                0.10007,
                0.11882
            ]
        },
        "distance": 0.0
    },
    {
        "case": 4,
        "collider1": {
            "type": "Box",
            "collider2origin": [
                [
                    0.9077781725128689,
                    0.4194505805326724,
                    0.0,
                    0.4158817547107895
                ],
                [
                    -0.4194505805326724,
                    0.9077781725128689,
                    0.0,
                    0.733173894971941
                ],
                [
                    0.0,
                    0.0,
                    1.0,
                    -0.6599999999999999
                ],
                [
                    0.0,
                    0.0,
                    0.0,
                    1.0
                ]
            ],
            "size": [
                0.6,
                1.0,
                0.8
            ]
        },
        "collider2": {
            "type": "Box",
            "collider2origin": [
                [
                    -0.6431029635431135,
                    -0.718016756831088,
                    0.26621516709577464,
                    -0.006580682141613503
                ],
                [
                    0.24889893221749274,
                    -0.5247526241094729,
                    -0.8140540553496523,
                    1.2041043595447072
                ],
                [
                    0.7242015602186016,
                    -0.45725990464941124,
                    0.5161835717813521,
                    -0.9804218055109262
                ],
                [
                    0.0,
                    0.0,
                    0.0,
                    1.0
                ]
            ],
            "size": [
                0.09126,
                0.11887,
                0.10009
            ]
        },
        "distance": 0.19479201751260108
    },
    {
        "case": 5,
        "collider1": {
            "type": "Cylinder",
            "collider2origin": [
                [
                    0.907778172512869,
                    0.4194505805326725,
                    0.0,
                    -0.07232761537572224
                ],
                [
                    -0.4194505805326725,
                    0.907778172512869,
                    0.0,
                    1.2000044650142188
                ],
                [
                    0.0,
                    0.0,
                    1.0,
                    -0.5800000000000001
                ],
                [
                    0.0,
                    0.0,
                    0.0,
                    1.0
                ]
            ],
            "radius": 0.04,
            "height": 0.96
        },
        "collider2": {
            "type": "Box",
            "collider2origin": [
                [
                    -0.6431029635431135,
                    -0.718016756831088,
                    0.26621516709577464,
                    -0.006580682141613503
                ],
                [
                    0.24889893221749274,
                    -0.5247526241094729,
                    -0.8140540553496523,
                    1.2041043595447072
                ],
                [
                    0.7242015602186016,
                    -0.45725990464941124,
                    0.5161835717813521,
                    -0.9804218055109262
                ],
                [
                    0.0,
                    0.0,
                    0.0,
                    1.0
                ]
            ],
            "size": [
                0.09126,
                0.11887,
                0.10009
            ]
        },
        "distance": 0.0
    },
    {
        "case": 6,
        "collider1": {
            "type": "Box",
            "collider2origin": [
                [
                    0.9077781725128689,
                    0.4194505805326724,
                    0.0,
                    0.4158817547107895
                ],
                [
                    -0.4194505805326724,
                    0.9077781725128689,
                    0.0,
                    0.733173894971941
                ],
                [
                    0.0,
                    0.0,
                    1.0,
                    -0.6599999999999999
                ],
                [
                    0.0,
                    0.0,
                    0.0,
                    1.0
                ]
            ],
            "size": [
                0.6,
                1.0,
                0.8
            ]
        },
        "collider2": {
            "type": "Box",
            "collider2origin": [
                [
                    0.18060129200454825,
                    -0.9504685796177713,
                    -0.25296769059637725,
                    0.1490417750859393
                ],
                [
                    -0.55225135315507,
                    -0.3108206542777523,
                    0.7735689780573831,
                    1.10655249755479
                ],
                [
                    -0.8138805909128696,
                    -5.8074554389996516e-06,
                    -0.5810321709695525,
                    -0.8675845528789156
                ],
                [
                    0.0,
                    0.0,
                    0.0,
                    1.0
                ]
            ],
            "size": [
                0.1202,
                0.13634,
                0.67816
            ]
        },
        "distance": 0.0
    },
    {
        "case": 7,
        "collider1": {
            "type": "Box",
            "collider2origin": [
                [
                    0.9077781725128689,
                    0.4194505805326724,
                    0.0,
                    0.4158817547107895
                ],
                [
                    -0.4194505805326724,
                    0.9077781725128689,
                    0.0,
                    0.733173894971941
                ],
                [
                    0.0,
                    0.0,
                    1.0,
                    -0.6599999999999999
                ],
                [
                    0.0,
                    0.0,
                    0.0,
                    1.0
                ]
            ],
            "size": [
                0.6,
                1.0,
                0.8
            ]
        },
        "collider2": {
            "type": "Box",
            "collider2origin": [
                [
                    0.3057577485260352,
                    -0.9504678556900397,
                    -0.055884295792896305,
                    0.11731047791874522
                ],
                [
                    -0.9349749690849897,
                    -0.31082286796000774,
                    0.17091211758573047,
                    0.7971094998384183
                ],
                [
                    -0.17981659100542657,
                    -7.286537530288959e-06,
                    -0.983700154287928,
                    -0.39776339324039944
                ],
                [
                    0.0,
                    0.0,
                    0.0,
                    1.0
                ]
            ],
            "size": [
                0.15068,
                0.17726,
                0.74884
            ]
        },
        "distance": 0.0
    },
    {
        "case": 8,
        "collider1": {
            "type": "Box",
            "collider2origin": [
                [
                    0.9077781725128689,
                    0.4194505805326724,
                    0.0,
                    0.27063700059322826
                ],
                [
                    -0.4194505805326724,
                    0.9077781725128689,
                    0.0,
                    0.8002854543438492
                ],
                [
                    0.0,
                    0.0,
                    1.0,
                    -0.25
                ],
                [
                    0.0,
                    0.0,
                    0.0,
                    1.0
                ]
            ],
            "size": [
                0.2,
                0.2,
                0.02
            ]
        },
        "collider2": {
            "type": "Box",
            "collider2origin": [
                [
                    0.3057577485260352,
                    -0.9504678556900397,
                    -0.055884295792896305,
                    0.11731047791874522
                ],
                [
                    -0.9349749690849897,
                    -0.31082286796000774,
                    0.17091211758573047,
                    0.7971094998384183
                ],
                [
                    -0.17981659100542657,
                    -7.286537530288959e-06,
                    -0.983700154287928,
                    -0.39776339324039944
                ],
                [
                    0.0,
                    0.0,
                    0.0,
                    1.0
                ]
            ],
            "size": [
                0.15068,
                0.17726,
                0.74884
            ]
        },
        "distance": 0.0
    },
    {
        "case": 9,
        "collider1": {
            "type": "Box",
            "collider2origin": [
                [
                    0.9077781725128689,
                    0.4194505805326724,
                    0.0,
                    0.4158817547107895
                ],
                [
                    -0.4194505805326724,
                    0.9077781725128689,
                    0.0,
                    0.733173894971941
                ],
                [
                    0.0,
                    0.0,
                    1.0,
                    -0.6599999999999999
                ],
                [
                    0.0,
                    0.0,
                    0.0,
                    1.0
                ]
            ],
            "size": [
                0.6,
                1.0,
                0.8
            ]
        },
        "collider2": {
            "type": "Box",
            "collider2origin": [
                [
                    0.3057577485260352,
                    -0.9504678556900397,
                    -0.055884295792896305,
                    0.11731047791874522
                ],
                [
                    -0.9349749690849897,
                    -0.31082286796000774,
                    0.17091211758573047,
                    0.7971094998384183
                ],
                [
                    -0.17981659100542657,
                    -7.286537530288959e-06,
                    -0.983700154287928,
                    -0.39776339324039944
                ],
                [
                    0.0,
                    0.0,
                    0.0,
                    1.0
                ]
            ],
            "size": [
                0.15068,
                0.17726,
                0.74884
            ]
        },
        "distance": 0.0
    },
    {
        "case": 10,
        "collider1": {
            "type": "Box",
            "collider2origin": [
                [
                    0.9077781725128689,
                    0.4194505805326724,
                    0.0,
                    0.27063700059322826
                ],
                [
                    -0.4194505805326724,
                    0.9077781725128689,
                    0.0,
                    0.8002854543438492
                ],
                [
                    0.0,
                    0.0,
                    1.0,
                    -0.25
                ],
                [
                    0.0,
                    0.0,
                    0.0,
                    1.0
                ]
            ],
            "size": [
                0.2,
                0.2,
                0.02
            ]
        },
        "collider2": {
            "type": "Box",
            "collider2origin": [
                [
                    0.3057577485260352,
                    -0.9504678556900397,
                    -0.055884295792896305,
                    0.11731047791874522
                ],
                [
                    -0.9349749690849897,
                    -0.31082286796000774,
                    0.17091211758573047,
                    0.7971094998384183
                ],
                [
                    -0.17981659100542657,
                    -7.286537530288959e-06,
                    -0.983700154287928,
                    -0.39776339324039944
                ],
                [
                    0.0,
                    0.0,
                    0.0,
                    1.0
                ]
            ],
            "size": [
                0.15068,
                0.17726,
                0.74884
            ]
        },
        "distance": 0.0
    }
]