[
    {
        "case": 0,
        "collider1": {
            "type": "Box",
            "collider2origin": [
                [
                    0.9077781725128689,
                    0.4194505805326724,
                    0.0,
                    0.4158817547107895
                ],
                [
                    -0.4194505805326724,
                    0.9077781725128689,
                    0.0,
                    0.733173894971941
                ],
                [
                    0.0,
                    0.0,
                    1.0,
                    -0.6599999999999999
                ],
                [
                    0.0,
                    0.0,
                    0.0,
                    1.0
                ]
            ],
            "size": [
                0.6,
                1.0,
                0.8
            ]
        },
        "collider2": {
            "type": "Box",
            "collider2origin": [
                [
                    -0.38337916369553887,
                    0.9193127356561706,
                    0.08879476845218376,
                    0.4871314831124859
                ],
                [
                    0.8956006453471096,
                    0.39352775506662946,
                    -0.2074497289611625,
                    0.8063696324607637
                ],
                [
                    -0.2256543837330664,
                    -7.251668773776195e-06,
                    -0.9742074209579101,
                    -0.3949113247470676
                ],
                [
                    0.0,
                    0.0,
                    0.0,
                    1.0
                ]
            ],
            "size": [
                0.15068,
                0.17726,
                0.74884
            ]
        },
        "distance": 0.0
    },
    {
        "case": 1,
        "collider1": {
            "type": "Box",
            "collider2origin": [
                [
                    0.9077781725128689,
                    0.4194505805326724,
                    0.0,
                    0.27063700059322826
                ],
                [
                    -0.4194505805326724,
                    0.9077781725128689,
                    0.0,
                    0.8002854543438492
                ],
                [
                    0.0,
                    0.0,
                    1.0,
                    -0.25
                ],
                [
                    0.0,
                    0.0,
                    0.0,
                    1.0
                ]
            ],
            "size": [
                0.2,
                0.2,
                0.02
            ]
        },
        "collider2": {
            "type": "Box",
            "collider2origin": [
                [
                    -0.38337916369553887,
                    0.9193127356561706,
                    0.08879476845218376,
                    0.4871314831124859
                ],
                [
                    0.8956006453471096,
                    0.39352775506662946,
                    -0.2074497289611625,
                    0.8063696324607637
                ],
                [
                    -0.2256543837330664,
                    -7.251668773776195e-06,
                    -0.9742074209579101,
                    -0.3949113247470676
                ],
                [
                    0.0,
                    0.0,
                    0.0,
                    1.0
                ]
            ],
            "size": [
                0.15068,
                0.17726,
                0.74884
            ]
        },
        "distance": 0.0
    },
    {
        "case": 2,
        "collider1": {
            "type": "Box",
            "collider2origin": [
                [
                    0.907778172512869,
                    0.4194505805326725,
                    0.0,
                    0.9947946797881562
                ],
                [
                    -0.4194505805326725,
                    0.907778172512869,
                    0.0,
                    0.5317739604993647
                ],
                [
                    0.0,
                    0.0,
                    1.0,
                    -0.69
                ],
                [
                    0.0,
                    0.0,
                    0.0,
                    1.0
                ]
            ],
            "size": [
                0.6,
                1.2,
                0.75
            ]
        },
        "collider2": {
            "type": "Box",
            "collider2origin": [
                [
                    -0.38337916369553887,
                    0.9193127356561706,
                    0.08879476845218376,
                    0.4871314831124859
                ],
                [
                    0.8956006453471096,
                    0.39352775506662946,
                    -0.2074497289611625,
                    0.8063696324607637
                ],
                [
                    -0.2256543837330664,
                    -7.251668773776195e-06,
                    -0.9742074209579101,
                    -0.3949113247470676
                ],
                [
                    0.0,
                    0.0,
                    0.0,
                    1.0
                ]
            ],
            "size": [
                0.15068,
                0.17726,
                0.74884
            ]
        },
        "distance": 0.09940714507251801
    },
    {
        "case": 3,
        "collider1": {
            "type": "Box",
            "collider2origin": [
                [
                    0.9077781725128689,
                    0.4194505805326724,
                    0.0,
                    0.4158817547107895
                ],
                [
                    -0.4194505805326724,
                    0.9077781725128689,
                    0.0,
                    0.733173894971941
                ],
                [
                    0.0,
                    0.0,
                    1.0,
                    -0.6599999999999999
                ],
                [
                    0.0,
                    0.0,
                    0.0,
                    1.0
                ]
            ],
            "size": [
                0.6,
                1.0,
                0.8
            ]
        },
        "collider2": {
            "type": "Box",
            "collider2origin": [
                [
                    -0.38337916369553887,
                    0.9193127356561706,
                    0.08879476845218376,
                    0.4871314831124859
                ],
                [
                    0.8956006453471096,
                    0.39352775506662946,
                    -0.2074497289611625,
                    0.8063696324607637
                ],
                [
                    -0.2256543837330664,
                    -7.251668773776195e-06,
                    -0.9742074209579101,
                    -0.3949113247470676
                ],
                [
                    0.0,
                    0.0,
                    0.0,
                    1.0
                ]
            ],
            "size": [
                0.15068,
                0.17726,
                0.74884
            ]
        },
        "distance": 0.0
    },
    {
        "case": 4,
        "collider1": {
            "type": "Box",
            "collider2origin": [
                [
                    0.9077781725128689,
                    0.4194505805326724,
                    0.0,
                    0.27063700059322826
                ],
                [
                    -0.4194505805326724,
                    0.9077781725128689,
                    0.0,
                    0.8002854543438492
                ],
                [
                    0.0,
                    0.0,
                    1.0,
                    -0.25
                ],
                [
                    0.0,
                    0.0,
                    0.0,
                    1.0
                ]
            ],
            "size": [
                0.2,
                0.2,
                0.02
            ]
        },
        "collider2": {
            "type": "Box",
            "collider2origin": [
                [
                    -0.38337916369553887,
                    0.9193127356561706,
                    0.08879476845218376,
                    0.4871314831124859
                ],
                [
                    0.8956006453471096,
                    0.39352775506662946,
                    -0.2074497289611625,
                    0.8063696324607637
                ],
                [
                    -0.2256543837330664,
                    -7.251668773776195e-06,
                    -0.9742074209579101,
                    -0.3949113247470676
                ],
                [
                    0.0,
                    0.0,
                    0.0,
                    1.0
                ]
            ],
            "size": [
                0.15068,
                0.17726,
                0.74884
            ]
        },
        "distance": 0.0
    },
    {
        "case": 5,
        "collider1": {
            "type": "Box",
            "collider2origin": [
                [
                    0.907778172512869,
                    0.4194505805326725,
                    0.0,
                    0.9947946797881562
                ],
                [
                    -0.4194505805326725,
                    0.907778172512869,
                    0.0,
                    0.5317739604993647
                ],
                [
                    0.0,
                    0.0,
                    1.0,
                    -0.69
                ],
                [
                    0.0,
                    0.0,
                    0.0,
                    1.0
                ]
            ],
            "size": [
                0.6,
                1.2,
                0.75
            ]
        },
        "collider2": {
            "type": "Box",
            "collider2origin": [
                [
                    -0.38337916369553887,
                    0.9193127356561706,
                    0.08879476845218376,
                    0.4871314831124859
                ],
                [
                    0.8956006453471096,
                    0.39352775506662946,
                    -0.2074497289611625,
                    0.8063696324607637
                ],
                [
                    -0.2256543837330664,
                    -7.251668773776195e-06,
                    -0.9742074209579101,
                    -0.3949113247470676
                ],
                [
                    0.0,
                    0.0,
                    0.0,
                    1.0
                ]
            ],
            "size": [
                0.15068,
                0.17726,
                0.74884
            ]
        },
        "distance": 0.09940714507251801
    },
    {
        "case": 6,
        "collider1": {
            "type": "Box",
            "collider2origin": [
                [
                    0.9077781725128689,
                    0.4194505805326724,
                    0.0,
                    0.4158817547107895
                ],
                [
                    -0.4194505805326724,
                    0.9077781725128689,
                    0.0,
                    0.733173894971941
                ],
                [
                    0.0,
                    0.0,
                    1.0,
                    -0.6599999999999999
                ],
                [
                    0.0,
                    0.0,
                    0.0,
                    1.0
                ]
            ],
            "size": [
                0.6,
                1.0,
                0.8
            ]
        },
        "collider2": {
            "type": "Box",
            "collider2origin": [
                [
                    -0.3824720282439537,
                    0.9193127497219304,
                    0.09262405632264083,
                    0.42465264633494
                ],
                [
                    0.893481417428033,
                    0.3935277222080288,
                    -0.21639521382080926,
                    0.6312754661348717
                ],
                [
                    -0.2353850129505902,
                    -7.243201241889601e-06,
                    -0.9719022047643405,
                    -0.971411050881114
                ],
                [
                    0.0,
                    0.0,
                    0.0,
                    1.0
                ]
            ],
            "size": [
                0.1202,
                0.13634,
                0.67816
            ]
        },
        "distance": 0.0
    },
    {
        "case": 7,
        "collider1": {
            "type": "Box",
            "collider2origin": [
                [
                    0.907778172512869,
                    0.4194505805326725,
                    0.0,
                    0.9947946797881562
                ],
                [
                    -0.4194505805326725,
                    0.907778172512869,
                    0.0,
                    0.5317739604993647
                ],
                [
                    0.0,
                    0.0,
                    1.0,
                    -0.69
                ],
                [
                    0.0,
                    0.0,
                    0.0,
                    1.0
                ]
            ],
            "size": [
                0.6,
                1.2,
                0.75
            ]
        },
        "collider2": {
            "type": "Box",
            "collider2origin": [
                [
                    -0.3824720282439537,
                    0.9193127497219304,
                    0.09262405632264083,
                    0.42465264633494
                ],
                [
                    0.893481417428033,
                    0.3935277222080288,
                    -0.21639521382080926,
                    0.6312754661348717
                ],
                [
                    -0.2353850129505902,
                    -7.243201241889601e-06,
                    -0.9719022047643405,
                    -0.971411050881114
                ],
                [
                    0.0,
                    0.0,
                    0.0,
                    1.0
                ]
            ],
            "size": [
                0.1202,
                0.13634,
                0.67816
            ]
        },
        "distance": 0.14850440031012782
    }
]