[
    {
        "case": 0,
        "collider1": {
            "type": "Box",
            "collider2origin": [
                [
                    0.9077781725128689,
                    0.4194505805326724,
                    0.0,
                    0.4158817547107895
                ],
                [
                    -0.4194505805326724,
                    0.9077781725128689,
                    0.0,
                    0.733173894971941
                ],
                [
                    0.0,
                    0.0,
                    1.0,
                    -0.6599999999999999
                ],
                [
                    0.0,
                    0.0,
                    0.0,
                    1.0
                ]
            ],
            "size": [
                0.6,
                1.0,
                0.8
            ]
        },
        "collider2": {
            "type": "Box",
            "collider2origin": [
                [
                    0.3679258217074429,
                    -0.8947719562682435,
                    0.2530093595043543,
                    0.21968418511846982
                ],
                [
                    -0.7372816382994507,
                    -0.44652339942158964,
                    -0.5069838652220263,
                    0.570056604455438
                ],
                [
                    0.5666095441725113,
                    -6.699876235480862e-06,
                    -0.8239864224656438,
                    -0.3499278852098866
                ],
                [
                    0.0,
                    0.0,
                    0.0,
                    1.0
                ]
            ],
            "size": [
                0.15068,
                0.17726,
                0.74884
            ]
        },
        "distance": 0.0
    },
    {
        "case": 1,
        "collider1": {
            "type": "Box",
            "collider2origin": [
                [
                    0.9077781725128689,
                    0.4194505805326724,
                    0.0,
                    0.27063700059322826
                ],
                [
                    -0.4194505805326724,
                    0.9077781725128689,
                    0.0,
                    0.8002854543438492
                ],
                [
                    0.0,
                    0.0,
                    1.0,
                    -0.25
                ],
                [
                    0.0,
                    0.0,
                    0.0,
                    1.0
                ]
            ],
            "size": [
                0.2,
                0.2,
                0.02
            ]
        },
        "collider2": {
            "type": "Box",
            "collider2origin": [
                [
                    0.3679258217074429,
                    -0.8947719562682435,
                    0.2530093595043543,
                    0.21968418511846982
                ],
                [
                    -0.7372816382994507,
                    -0.44652339942158964,
                    -0.5069838652220263,
                    0.570056604455438
                ],
                [
                    0.5666095441725113,
                    -6.699876235480862e-06,
                    -0.8239864224656438,
                    -0.3499278852098866
                ],
                [
                    0.0,
                    0.0,
                    0.0,
                    1.0
                ]
            ],
            "size": [
                0.15068,
                0.17726,
                0.74884
            ]
        },
        "distance": 0.0
    },
    {
        "case": 2,
        "collider1": {
            "type": "Box",
            "collider2origin": [
                [
                    0.9077781725128689,
                    0.4194505805326724,
                    0.0,
                    0.4158817547107895
                ],
                [
                    -0.4194505805326724,
                    0.9077781725128689,
                    0.0,
                    0.733173894971941
                ],
                [
                    0.0,
                    0.0,
                    1.0,
                    -0.6599999999999999
                ],
                [
                    0.0,
                    0.0,
                    0.0,
                    1.0
                ]
            ],
            "size": [
                0.6,
                1.0,
                0.8
            ]
        },
        "collider2": {
            "type": "Box",
            "collider2origin": [
                [
                    0.3679258217074429,
                    -0.8947719562682435,
                    0.2530093595043543,
                    0.21968418511846982
                ],
                [
                    -0.7372816382994507,
                    -0.44652339942158964,
                    -0.5069838652220263,
                    0.570056604455438
                ],
                [
                    0.5666095441725113,
                    -6.699876235480862e-06,
                    -0.8239864224656438,
                    -0.3499278852098866
                ],
                [
                    0.0,
                    0.0,
                    0.0,
                    1.0
                ]
            ],
            "size": [
                0.15068,
                0.17726,
                0.74884
            ]
        },
        "distance": 0.0
    },
    {
        "case": 3,
        "collider1": {
            "type": "Box",
            "collider2origin": [
                [
                    0.9077781725128689,
                    0.4194505805326724,
                    0.0,
                    0.27063700059322826
                ],
                [
                    -0.4194505805326724,
                    0.9077781725128689,
                    0.0,
                    0.8002854543438492
                ],
                [
                    0.0,
                    0.0,
                    1.0,
                    -0.25
                ],
                [
                    0.0,
                    0.0,
                    0.0,
                    1.0
                ]
            ],
            "size": [
                0.2,
                0.2,
                0.02
            ]
        },
        "collider2": {
            "type": "Box",
            "collider2origin": [
                [
                    0.3679258217074429,
                    -0.8947719562682435,
                    0.2530093595043543,
                    0.21968418511846982
                ],
                [
                    -0.7372816382994507,
                    -0.44652339942158964,
                    -0.5069838652220263,
                    0.570056604455438
                ],
                [
                    0.5666095441725113,
                    -6.699876235480862e-06,
                    -0.8239864224656438,
                    -0.3499278852098866
                ],
                [
                    0.0,
                    0.0,
                    0.0,
                    1.0
                ]
            ],
            "size": [
                0.15068,
                0.17726,
                0.74884
            ]
        },
        "distance": 0.0
    },
    {
        "case": 4,
        "collider1": {
            "type": "Box",
            "collider2origin": [
                [
                    0.9077781725128689,
                    0.4194505805326724,
                    0.0,
                    0.4158817547107895
                ],
                [
                    -0.4194505805326724,
                    0.9077781725128689,
                    0.0,
                    0.733173894971941
                ],
                [
                    0.0,
                    0.0,
                    1.0,
                    -0.6599999999999999
                ],
                [
                    0.0,
                    0.0,
                    0.0,
                    1.0
                ]
            ],
            "size": [
                0.6,
                1.0,
                0.8
            ]
        },
        "collider2": {
            "type": "Box",
            "collider2origin": [
                [
                    -0.4438618781125472,
                    -0.8947727068611762,
                    0.04866658211469292,
                    0.4253878051799451
                ],
                [
                    0.8894423674918936,
                    -0.4465218953828841,
                    -0.09752164813051586,
                    0.44079497546885504
                ],
                [
                    0.10899040356296431,
                    -2.1882010606866347e-08,
                    0.9940428018607558,
                    -0.3282664494768176
                ],
                [
                    0.0,
                    0.0,
                    0.0,
                    1.0
                ]
            ],
            "size": [
                0.1202,
                0.13634,
                0.67816
            ]
        },
        "distance": 0.0
    },
    {
        "case": 5,
        "collider1": {
            "type": "Box",
            "collider2origin": [
                [
                    0.907778172512869,
                    0.4194505805326725,
                    0.0,
                    0.9947946797881562
                ],
                [
                    -0.4194505805326725,
                    0.907778172512869,
                    0.0,
                    0.5317739604993647
                ],
                [
                    0.0,
                    0.0,
                    1.0,
                    -0.69
                ],
                [
                    0.0,
                    0.0,
                    0.0,
                    1.0
                ]
            ],
            "size": [
                0.6,
                1.2,
                0.75
            ]
        },
        "collider2": {
            "type": "Box",
            "collider2origin": [
                [
                    -0.4438618781125472,
                    -0.8947727068611762,
                    0.04866658211469292,
                    0.4253878051799451
                ],
                [
                    0.8894423674918936,
                    -0.4465218953828841,
                    -0.09752164813051586,
                    0.44079497546885504
                ],
                [
                    0.10899040356296431,
                    -2.1882010606866347e-08,
                    0.9940428018607558,
                    -0.3282664494768176
                ],
                [
                    0.0,
                    0.0,
                    0.0,
                    1.0
                ]
            ],
            "size": [
                0.1202,
                0.13634,
                0.67816
            ]
        },
        "distance": 0.08747637055354215
    }
]