[
    {
        "case": 0,
        "collider1": {
            "type": "Box",
            "collider2origin": [
                [
                    0.9077781725128689,
                    0.4194505805326724,
                    0.0,
                    0.4158817547107895
                ],
                [
                    -0.4194505805326724,
                    0.9077781725128689,
                    0.0,
                    0.733173894971941
                ],
                [
                    0.0,
                    0.0,
                    1.0,
                    -0.6599999999999999
                ],
                [
                    0.0,
                    0.0,
                    0.0,
                    1.0
                ]
            ],
            "size": [
                0.6,
                1.0,
                0.8
            ]
        },
        "collider2": {
            "type": "Box",
            "collider2origin": [
                [
                    -0.0018034368065175724,
                    -0.9999027795193692,
                    0.013826753961958359,
                    0.12962364800258058
                ],
                [
                    -0.12961795502606024,
                    0.013943869341843577,
                    0.9914659622209125,
                    1.0998560066924798
                ],
                [
                    -0.9915623698742037,
                    -4.149364518968865e-06,
                    -0.12963050039337054,
                    -0.14148783869321546
                ],
                [
                    0.0,
                    0.0,
                    0.0,
                    1.0
                ]
            ],
            "size": [
                0.15068,
                0.17726,
                0.74884
            ]
        },
        "distance": 0.05049629423024365
    },
    {
        "case": 1,
        "collider1": {
            "type": "Box",
            "collider2origin": [
                [
                    0.9077781725128689,
                    0.4194505805326724,
                    0.0,
                    0.27063700059322826
                ],
                [
                    -0.4194505805326724,
                    0.9077781725128689,
                    0.0,
                    0.8002854543438492
                ],
                [
                    0.0,
                    0.0,
                    1.0,
                    -0.25
                ],
                [
                    0.0,
                    0.0,
                    0.0,
                    1.0
                ]
            ],
            "size": [
                0.2,
                0.2,
                0.02
            ]
        },
        "collider2": {
            "type": "Box",
            "collider2origin": [
                [
                    -0.0018034368065175724,
                    -0.9999027795193692,
                    0.013826753961958359,
                    0.12962364800258058
                ],
                [
                    -0.12961795502606024,
                    0.013943869341843577,
                    0.9914659622209125,
                    1.0998560066924798
                ],
                [
                    -0.9915623698742037,
                    -4.149364518968865e-06,
                    -0.12963050039337054,
                    -0.14148783869321546
                ],
                [
                    0.0,
                    0.0,
                    0.0,
                    1.0
                ]
            ],
            "size": [
                0.15068,
                0.17726,
                0.74884
            ]
        },
        "distance": 0.04419244559552725
    },
    {
        "case": 2,
        "collider1": {
            "type": "Box",
            "collider2origin": [
                [
                    0.718022042059392,
                    -0.6960203640101781,
                    0.0,
                    0.13748258467077087
                ],
                [
                    0.6960203640101781,
                    0.718022042059392,
                    0.0,
                    1.5384737068316263
                ],
                [
                    0.0,
                    0.0,
                    1.0,
                    -0.21500000000000008
                ],
                [
                    0.0,
                    0.0,
                    0.0,
                    1.0
                ]
            ],
            "size": [
                0.2,
                0.3,
                0.22
            ]
        },
        "collider2": {
            "type": "Box",
            "collider2origin": [
                [
                    -0.0018034368065175724,
                    -0.9999027795193692,
                    0.013826753961958359,
                    0.12962364800258058
                ],
                [
                    -0.12961795502606024,
                    0.013943869341843577,
                    0.9914659622209125,
                    1.0998560066924798
                ],
                [
                    -0.9915623698742037,
                    -4.149364518968865e-06,
                    -0.12963050039337054,
                    -0.14148783869321546
                ],
                [
                    0.0,
                    0.0,
                    0.0,
                    1.0
                ]
            ],
            "size": [
                0.15068,
                0.17726,
                0.74884
            ]
        },
        "distance": 0.0
    },
    {
        "case": 3,
        "collider1": {
            "type": "Box",
            "collider2origin": [
                [
                    0.8404842512412337,
                    -0.5418359746412772,
                    0.0,
                    0.011439976095501792
                ],
                [
                    0.5418359746412771,
                    0.8404842512412338,
                    0.0,
                    1.4325762997644957
                ],
                [
                    0.0,
                    0.0,
                    1.0,
                    -0.21500000000000008
                ],
                [
                    0.0,
                    0.0,
                    0.0,
                    1.0
                ]
            ],
            "size": [
                0.2,
                0.3,
                0.22
            ]
        },
        "collider2": {
            "type": "Box",
            "collider2origin": [
                [
                    -0.0018034368065175724,
                    -0.9999027795193692,
                    0.013826753961958359,
                    0.12962364800258058
                ],
                [
                    -0.12961795502606024,
                    0.013943869341843577,
                    0.9914659622209125,
                    1.0998560066924798
                ],
                [
                    -0.9915623698742037,
                    -4.149364518968865e-06,
                    -0.12963050039337054,
                    -0.14148783869321546
                ],
                [
                    0.0,
                    0.0,
                    0.0,
                    1.0
                ]
            ],
            "size": [
                0.15068,
                0.17726,
                0.74884
            ]
        },
        "distance": 0.0
    },
    {
        "case": 4,
        "collider1": {
            "type": "Box",
            "collider2origin": [
                [
                    0.9081427509232697,
                    -0.4186606548811531,
                    0.0,
                    -0.09474126814702305
                ],
                [
                    0.41866065488115317,
                    0.9081427509232698,
                    0.0,
                    1.368923948110301
                ],
                [
                    0.0,
                    0.0,
                    1.0,
                    -0.21500000000000008
                ],
                [
                    0.0,
                    0.0,
                    0.0,
                    1.0
                ]
            ],
            "size": [
                0.2,
                0.3,
                0.22
            ]
        },
        "collider2": {
            "type": "Box",
            "collider2origin": [
                [
                    -0.0018034368065175724,
                    -0.9999027795193692,
                    0.013826753961958359,
                    0.12962364800258058
                ],
                [
                    -0.12961795502606024,
                    0.013943869341843577,
                    0.9914659622209125,
                    1.0998560066924798
                ],
                [
                    -0.9915623698742037,
                    -4.149364518968865e-06,
                    -0.12963050039337054,
                    -0.14148783869321546
                ],
                [
                    0.0,
                    0.0,
                    0.0,
                    1.0
                ]
            ],
            "size": [
                0.15068,
                0.17726,
                0.74884
            ]
        },
        "distance": 0.0
    },
    {
        "case": 5,
        "collider1": {
            "type": "Box",
            "collider2origin": [
                [
                    0.9077781725128689,
                    0.4194505805326724,
                    0.0,
                    0.4158817547107895
                ],
                [
                    -0.4194505805326724,
                    0.9077781725128689,
                    0.0,
                    0.733173894971941
                ],
                [
                    0.0,
                    0.0,
                    1.0,
                    -0.6599999999999999
                ],
                [
                    0.0,
                    0.0,
                    0.0,
                    1.0
                ]
            ],
            "size": [
                0.6,
                1.0,
                0.8
            ]
        },
        "collider2": {
            "type": "Box",
            "collider2origin": [
                [
                    -0.0018034368065175724,
                    -0.9999027795193692,
                    0.013826753961958359,
                    0.12962364800258058
                ],
                [
                    -0.12961795502606024,
                    0.013943869341843577,
                    0.9914659622209125,
                    1.0998560066924798
                ],
                [
                    -0.9915623698742037,
                    -4.149364518968865e-06,
                    -0.12963050039337054,
                    -0.14148783869321546
                ],
                [
                    0.0,
                    0.0,
                    0.0,
                    1.0
                ]
            ],
            "size": [
                0.15068,
                0.17726,
                0.74884
            ]
        },
        "distance": 0.05049629423024365
    },
    {
        "case": 6,
        "collider1": {
            "type": "Box",
            "collider2origin": [
                [
                    0.9077781725128689,
                    0.4194505805326724,
                    0.0,
                    0.27063700059322826
                ],
                [
                    -0.4194505805326724,
                    0.9077781725128689,
                    0.0,
                    0.8002854543438492
                ],
                [
                    0.0,
                    0.0,
                    1.0,
                    -0.25
                ],
                [
                    0.0,
                    0.0,
                    0.0,
                    1.0
                ]
            ],
            "size": [
                0.2,
                0.2,
                0.02
            ]
        },
        "collider2": {
            "type": "Box",
            "collider2origin": [
                [
                    -0.0018034368065175724,
                    -0.9999027795193692,
                    0.013826753961958359,
                    0.12962364800258058
                ],
                [
                    -0.12961795502606024,
                    0.013943869341843577,
                    0.9914659622209125,
                    1.0998560066924798
                ],
                [
                    -0.9915623698742037,
                    -4.149364518968865e-06,
                    -0.12963050039337054,
                    -0.14148783869321546
                ],
                [
                    0.0,
                    0.0,
                    0.0,
                    1.0
                ]
            ],
            "size": [
                0.15068,
                0.17726,
                0.74884
            ]
        },
        "distance": 0.04419244559552725
    },
    {
        "case": 7,
        "collider1": {
            "type": "Box",
            "collider2origin": [
                [
                    0.718022042059392,
                    -0.6960203640101781,
                    0.0,
                    0.13748258467077087
                ],
                [
                    0.6960203640101781,
                    0.718022042059392,
                    0.0,
                    1.5384737068316263
                ],
                [
                    0.0,
                    0.0,
                    1.0,
                    -0.21500000000000008
                ],
                [
                    0.0,
                    0.0,
                    0.0,
                    1.0
                ]
            ],
            "size": [
                0.2,
                0.3,
                0.22
            ]
        },
        "collider2": {
            "type": "Box",
            "collider2origin": [
                [
                    -0.0018034368065175724,
                    -0.9999027795193692,
                    0.013826753961958359,
                    0.12962364800258058
                ],
                [
                    -0.12961795502606024,
                    0.013943869341843577,
                    0.9914659622209125,
                    1.0998560066924798
                ],
                [
                    -0.9915623698742037,
                    -4.149364518968865e-06,
                    -0.12963050039337054,
                    -0.14148783869321546
                ],
                [
                    0.0,
                    0.0,
                    0.0,
                    1.0
                ]
            ],
            "size": [
                0.15068,
                0.17726,
                0.74884
            ]
        },
        "distance": 0.0
    },
    {
        "case": 8,
        "collider1": {
            "type": "Box",
            "collider2origin": [
                [
                    0.8404842512412337,
                    -0.5418359746412772,
                    0.0,
                    0.011439976095501792
                ],
                [
                    0.5418359746412771,
                    0.8404842512412338,
                    0.0,
                    1.4325762997644957
                ],
                [
                    0.0,
                    0.0,
                    1.0,
                    -0.21500000000000008
                ],
                [
                    0.0,
                    0.0,
                    0.0,
                    1.0
                ]
            ],
            "size": [
                0.2,
                0.3,
                0.22
            ]
        },
        "collider2": {
            "type": "Box",
            "collider2origin": [
                [
                    -0.0018034368065175724,
                    -0.9999027795193692,
                    0.013826753961958359,
                    0.12962364800258058
                ],
                [
                    -0.12961795502606024,
                    0.013943869341843577,
                    0.9914659622209125,
                    1.0998560066924798
                ],
                [
                    -0.9915623698742037,
                    -4.149364518968865e-06,
                    -0.12963050039337054,
                    -0.14148783869321546
                ],
                [
                    0.0,
                    0.0,
                    0.0,
                    1.0
                ]
            ],
            "size": [
                0.15068,
                0.17726,
                0.74884
            ]
        },
        "distance": 0.0
    },
    {
        "case": 9,
        "collider1": {
            "type": "Box",
            "collider2origin": [
                [
                    0.9081427509232697,
                    -0.4186606548811531,
                    0.0,
                    -0.09474126814702305
                ],
                [
                    0.41866065488115317,
                    0.9081427509232698,
                    0.0,
                    1.368923948110301
                ],
                [
                    0.0,
                    0.0,
                    1.0,
                    -0.21500000000000008
                ],
                [
                    0.0,
                    0.0,
                    0.0,
                    1.0
                ]
            ],
            "size": [
                0.2,
                0.3,
                0.22
            ]
        },
        "collider2": {
            "type": "Box",
            "collider2origin": [
                [
                    -0.0018034368065175724,
                    -0.9999027795193692,
                    0.013826753961958359,
                    0.12962364800258058
                ],
                [
                    -0.12961795502606024,
                    0.013943869341843577,
                    0.9914659622209125,
                    1.0998560066924798
                ],
                [
                    -0.9915623698742037,
                    -4.149364518968865e-06,
                    -0.12963050039337054,
                    -0.14148783869321546
                ],
                [
                    0.0,
                    0.0,
                    0.0,
                    1.0
                ]
            ],
            "size": [
                0.15068,
                0.17726,
                0.74884
            ]
        },
        "distance": 0.0
    },
    {
        "case": 10,
        "collider1": {
            "type": "Box",
            "collider2origin": [
                [
                    0.718022042059392,
                    -0.6960203640101781,
                    0.0,
                    0.13748258467077087
                ],
                [
                    0.6960203640101781,
                    0.718022042059392,
                    0.0,
                    1.5384737068316263
                ],
                [
                    0.0,
                    0.0,
                    1.0,
                    -0.21500000000000008
                ],
                [
                    0.0,
                    0.0,
                    0.0,
                    1.0
                ]
            ],
            "size": [
                0.2,
                0.3,
                0.22
            ]
        },
        "collider2": {
            "type": "Box",
            "collider2origin": [
                [
                    0.013915583485846256,
                    -0.9999028333378087,
                    -0.000824875306266203,
                    0.2600311287909845
                ],
                [
                    0.9981507606334235,
                    0.013940010151445475,
                    -0.05916701077370947,
                    1.390790161463768
                ],
                [
                    0.05917276048290378,
                    -6.436347817161719e-09,
                    0.9982477570307046,
                    0.09785833536609223
                ],
                [
                    0.0,
                    0.0,
                    0.0,
                    1.0
                ]
            ],
            "size": [
                0.1202,
                0.13634,
                0.67816
            ]
        },
        "distance": 0.0
    }
]