[
    {
        "case": 0,
        "collider1": {
            "type": "Box",
            "collider2origin": [
                [
                    0.9077781725128689,
                    0.4194505805326724,
                    0.0,
                    0.4158817547107895
                ],
                [
                    -0.4194505805326724,
                    0.9077781725128689,
                    0.0,
                    0.733173894971941
                ],
                [
                    0.0,
                    0.0,
                    1.0,
                    -0.6599999999999999
                ],
                [
                    0.0,
                    0.0,
                    0.0,
                    1.0
                ]
            ],
            "size": [
                0.6,
                1.0,
                0.8
            ]
        },
        "collider2": {
            "type": "Box",
            "collider2origin": [
                [
                    0.13192420442663358,
                    -0.9808413316700897,
                    0.1433397585251385,
                    0.10560857516444128
                ],
                [
                    -0.6642490651896197,
                    -0.19480832130504572,
                    -0.7216806061860237,
                    0.9576484405348671
                ],
                [
                    0.7357779445465298,
                    -6.160783607283391e-06,
                    -0.6772228704650548,
                    -1.0729152429051236
                ],
                [
                    0.0,
                    0.0,
                    0.0,
                    1.0
                ]
            ],
            "size": [
                0.09102,
                0.10007,
                0.11882
            ]
        },
        "distance": 0.003434489070039814
    },
    {
        "case": 1,
        "collider1": {
            "type": "Box",
            "collider2origin": [
                [
                    0.9077781725128689,
                    0.4194505805326724,
                    0.0,
                    0.4158817547107895
                ],
                [
                    -0.4194505805326724,
                    0.9077781725128689,
                    0.0,
                    0.733173894971941
                ],
                [
                    0.0,
                    0.0,
                    1.0,
                    -0.6599999999999999
                ],
                [
                    0.0,
                    0.0,
                    0.0,
                    1.0
                ]
            ],
            "size": [
                0.6,
                1.0,
                0.8
            ]
        },
        "collider2": {
            "type": "Box",
            "collider2origin": [
                [
                    0.1787209671775933,
                    -0.9808415734567807,
                    0.07751531248683823,
                    0.19224346018680893
                ],
                [
                    -0.8998632670188209,
                    -0.19480710389824246,
                    -0.39025157647470626,
                    1.0951387288423284
                ],
                [
                    0.3978755038467683,
                    -7.0431482509764484e-06,
                    -0.9174394167404594,
                    -0.8032322075609192
                ],
                [
                    0.0,
                    0.0,
                    0.0,
                    1.0
                ]
            ],
            "size": [
                0.1202,
                0.13634,
                0.67816
            ]
        },
        "distance": 0.0
    },
    {
        "case": 2,
        "collider1": {
            "type": "Box",
            "collider2origin": [
                [
                    0.9077781725128689,
                    0.4194505805326724,
                    0.0,
                    0.4158817547107895
                ],
                [
                    -0.4194505805326724,
                    0.9077781725128689,
                    0.0,
                    0.733173894971941
                ],
                [
                    0.0,
                    0.0,
                    1.0,
                    -0.6599999999999999
                ],
                [
                    0.0,
                    0.0,
                    0.0,
                    1.0
                ]
            ],
            "size": [
                0.6,
                1.0,
                0.8
            ]
        },
        "collider2": {
            "type": "Box",
            "collider2origin": [
                [
                    0.14109723936104307,
                    -0.9808423515438208,
                    -0.13431251044738912,
                    0.08849910326739119
                ],
                [
                    -0.7104082004368656,
                    -0.1948031862621153,
                    0.6762927675010149,
                    0.9689362034090232
                ],
                [
                    -0.6895010933977891,
                    -6.333651145457482e-06,
                    -0.7242846416728288,
                    -0.31989611497227
                ],
                [
                    0.0,
                    0.0,
                    0.0,
                    1.0
                ]
            ],
            "size": [
                0.15068,
                0.17726,
                0.74884
            ]
        },
        "distance": 0.0
    },
    {
        "case": 3,
        "collider1": {
            "type": "Box",
            "collider2origin": [
                [
                    0.9077781725128689,
                    0.4194505805326724,
                    0.0,
                    0.27063700059322826
                ],
                [
                    -0.4194505805326724,
                    0.9077781725128689,
                    0.0,
                    0.8002854543438492
                ],
                [
                    0.0,
                    0.0,
                    1.0,
                    -0.25
                ],
                [
                    0.0,
                    0.0,
                    0.0,
                    1.0
                ]
            ],
            "size": [
                0.2,
                0.2,
                0.02
            ]
        },
        "collider2": {
            "type": "Box",
            "collider2origin": [
                [
                    0.14109723936104307,
                    -0.9808423515438208,
                    -0.13431251044738912,
                    0.08849910326739119
                ],
                [
                    -0.7104082004368656,
                    -0.1948031862621153,
                    0.6762927675010149,
                    0.9689362034090232
                ],
                [
                    -0.6895010933977891,
                    -6.333651145457482e-06,
                    -0.7242846416728288,
                    -0.31989611497227
                ],
                [
                    0.0,
                    0.0,
                    0.0,
                    1.0
                ]
            ],
            "size": [
                0.15068,
                0.17726,
                0.74884
            ]
        },
        "distance": 0.0
    },
    {
        "case": 4,
        "collider1": {
            "type": "Box",
            "collider2origin": [
                [
                    0.8404842512412337,
                    -0.5418359746412772,
                    0.0,
                    0.011439976095501792
                ],
                [
                    0.5418359746412771,
                    0.8404842512412338,
                    0.0,
                    1.4325762997644957
                ],
                [
                    0.0,
                    0.0,
                    1.0,
                    -0.21500000000000008
                ],
                [
                    0.0,
                    0.0,
                    0.0,
                    1.0
                ]
            ],
            "size": [
                0.2,
                0.3,
                0.22
            ]
        },
        "collider2": {
            "type": "Box",
            "collider2origin": [
                [
                    0.14109723936104307,
                    -0.9808423515438208,
                    -0.13431251044738912,
                    0.08849910326739119
                ],
                [
                    -0.7104082004368656,
                    -0.1948031862621153,
                    0.6762927675010149,
                    0.9689362034090232
                ],
                [
                    -0.6895010933977891,
                    -6.333651145457482e-06,
                    -0.7242846416728288,
                    -0.31989611497227
                ],
                [
                    0.0,
                    0.0,
                    0.0,
                    1.0
                ]
            ],
            "size": [
                0.15068,
                0.17726,
                0.74884
            ]
        },
        "distance": 0.1337231814023362
    },
    {
        "case": 5,
        "collider1": {
            "type": "Box",
            "collider2origin": [
                [
                    0.9081427509232697,
                    -0.4186606548811531,
                    0.0,
                    -0.09474126814702305
                ],
                [
                    0.41866065488115317,
                    0.9081427509232698,
                    0.0,
                    1.368923948110301
                ],
                [
                    0.0,
                    0.0,
                    1.0,
                    -0.21500000000000008
                ],
                [
                    0.0,
                    0.0,
                    0.0,
                    1.0
                ]
            ],
            "size": [
                0.2,
                0.3,
                0.22
            ]
        },
        "collider2": {
            "type": "Box",
            "collider2origin": [
                [
                    0.14109723936104307,
                    -0.9808423515438208,
                    -0.13431251044738912,
                    0.08849910326739119
                ],
                [
                    -0.7104082004368656,
                    -0.1948031862621153,
                    0.6762927675010149,
                    0.9689362034090232
                ],
                [
                    -0.6895010933977891,
                    -6.333651145457482e-06,
                    -0.7242846416728288,
                    -0.31989611497227
                ],
                [
                    0.0,
                    0.0,
                    0.0,
                    1.0
                ]
            ],
            "size": [
                0.15068,
                0.17726,
                0.74884
            ]
        },
        "distance": 0.11990362103981989
    },
    {
        "case": 6,
        "collider1": {
            "type": "Cylinder",
            "collider2origin": [
                [
                    0.907778172512869,
                    0.4194505805326725,
                    0.0,
                    -0.07232761537572224
                ],
                [
                    -0.4194505805326725,
                    0.907778172512869,
                    0.0,
                    1.2000044650142188
                ],
                [
                    0.0,
                    0.0,
                    1.0,
                    -0.5800000000000001
                ],
                [
                    0.0,
                    0.0,
                    0.0,
                    1.0
                ]
            ],
            "radius": 0.04,
            "height": 0.96
        },
        "collider2": {
            "type": "Box",
            "collider2origin": [
                [
                    0.14109723936104307,
                    -0.9808423515438208,
                    -0.13431251044738912,
                    0.08849910326739119
                ],
                [
                    -0.7104082004368656,
                    -0.1948031862621153,
                    0.6762927675010149,
                    0.9689362034090232
                ],
                [
                    -0.6895010933977891,
                    -6.333651145457482e-06,
                    -0.7242846416728288,
                    -0.31989611497227
                ],
                [
                    0.0,
                    0.0,
                    0.0,
                    1.0
                ]
            ],
            "size": [
                0.15068,
                0.17726,
                0.74884
            ]
        },
        "distance": 0.0
    },
    {
        "case": 7,
        "collider1": {
            "type": "Box",
            "collider2origin": [
                [
                    0.9077781725128689,
                    0.4194505805326724,
                    0.0,
                    0.4158817547107895
                ],
                [
                    -0.4194505805326724,
                    0.9077781725128689,
                    0.0,
                    0.733173894971941
                ],
                [
                    0.0,
                    0.0,
                    1.0,
                    -0.6599999999999999
                ],
                [
                    0.0,
                    0.0,
                    0.0,
                    1.0
                ]
            ],
            "size": [
                0.6,
                1.0,
                0.8
            ]
        },
        "collider2": {
            "type": "Box",
            "collider2origin": [
                [
                    0.14109723936104307,
                    -0.9808423515438208,
                    -0.13431251044738912,
                    0.08849910326739119
                ],
                [
                    -0.7104082004368656,
                    -0.1948031862621153,
                    0.6762927675010149,
                    0.9689362034090232
                ],
                [
                    -0.6895010933977891,
                    -6.333651145457482e-06,
                    -0.7242846416728288,
                    -0.31989611497227
                ],
                [
                    0.0,
                    0.0,
                    0.0,
                    1.0
                ]
            ],
            "size": [
                0.15068,
                0.17726,
                0.74884
            ]
        },
        "distance": 0.0
    },
    {
        "case": 8,
        "collider1": {
            "type": "Box",
            "collider2origin": [
                [
                    0.9077781725128689,
                    0.4194505805326724,
                    0.0,
                    0.27063700059322826
                ],
                [
                    -0.4194505805326724,
                    0.9077781725128689,
                    0.0,
                    0.8002854543438492
                ],
                [
                    0.0,
                    0.0,
                    1.0,
                    -0.25
                ],
                [
                    0.0,
                    0.0,
                    0.0,
                    1.0
                ]
            ],
            "size": [
                0.2,
                0.2,
                0.02
            ]
        },
        "collider2": {
            "type": "Box",
            "collider2origin": [
                [
                    0.14109723936104307,
                    -0.9808423515438208,
                    -0.13431251044738912,
                    0.08849910326739119
                ],
                [
                    -0.7104082004368656,
                    -0.1948031862621153,
                    0.6762927675010149,
                    0.9689362034090232
                ],
                [
                    -0.6895010933977891,
                    -6.333651145457482e-06,
                    -0.7242846416728288,
                    -0.31989611497227
                ],
                [
                    0.0,
                    0.0,
                    0.0,
                    1.0
                ]
            ],
            "size": [
                0.15068,
                0.17726,
                0.74884
            ]
        },
        "distance": 0.0
    },
    {
        "case": 9,
        "collider1": {
            "type": "Box",
            "collider2origin": [
                [
                    0.8404842512412337,
                    -0.5418359746412772,
                    0.0,
                    0.011439976095501792
                ],
                [
                    0.5418359746412771,
                    0.8404842512412338,
                    0.0,
                    1.4325762997644957
                ],
                [
                    0.0,
                    0.0,
                    1.0,
                    -0.21500000000000008
                ],
                [
                    0.0,
                    0.0,
                    0.0,
                    1.0
                ]
            ],
            "size": [
                0.2,
                0.3,
                0.22
            ]
        },
        "collider2": {
            "type": "Box",
            "collider2origin": [
                [
                    0.14109723936104307,
                    -0.9808423515438208,
                    -0.13431251044738912,
                    0.08849910326739119
                ],
                [
                    -0.7104082004368656,
                    -0.1948031862621153,
                    0.6762927675010149,
                    0.9689362034090232
                ],
                [
                    -0.6895010933977891,
                    -6.333651145457482e-06,
                    -0.7242846416728288,
                    -0.31989611497227
                ],
                [
                    0.0,
                    0.0,
                    0.0,
                    1.0
                ]
            ],
            "size": [
                0.15068,
                0.17726,
                0.74884
            ]
        },
        "distance": 0.1337231814023362
    },
    {
        "case": 10,
        "collider1": {
            "type": "Box",
            "collider2origin": [
                [
                    0.9081427509232697,
                    -0.4186606548811531,
                    0.0,
                    -0.09474126814702305
                ],
                [
                    0.41866065488115317,
                    0.9081427509232698,
                    0.0,
                    1.368923948110301
                ],
                [
                    0.0,
                    0.0,
                    1.0,
                    -0.21500000000000008
                ],
                [
                    0.0,
                    0.0,
                    0.0,
                    1.0
                ]
            ],
            "size": [
                0.2,
                0.3,
                0.22
            ]
        },
        "collider2": {
            "type": "Box",
            "collider2origin": [
                [
                    0.14109723936104307,
                    -0.9808423515438208,
                    -0.13431251044738912,
                    0.08849910326739119
                ],
                [
                    -0.7104082004368656,
                    -0.1948031862621153,
                    0.6762927675010149,
                    0.9689362034090232
                ],
                [
                    -0.6895010933977891,
                    -6.333651145457482e-06,
                    -0.7242846416728288,
                    -0.31989611497227
                ],
                [
                    0.0,
                    0.0,
                    0.0,
                    1.0
                ]
            ],
            "size": [
                0.15068,
                0.17726,
                0.74884
            ]
        },
        "distance": 0.11990362103981989
    },
    {
        "case": 11,
        "collider1": {
            "type": "Cylinder",
            "collider2origin": [
                [
                    0.907778172512869,
                    0.4194505805326725,
                    0.0,
                    -0.07232761537572224
                ],
                [
                    -0.4194505805326725,
                    0.907778172512869,
                    0.0,
                    1.2000044650142188
                ],
                [
                    0.0,
                    0.0,
                    1.0,
                    -0.5800000000000001
                ],
                [
                    0.0,
                    0.0,
                    0.0,
                    1.0
                ]
            ],
            "radius": 0.04,
            "height": 0.96
        },
        "collider2": {
            "type": "Box",
            "collider2origin": [
                [
                    0.14109723936104307,
                    -0.9808423515438208,
                    -0.13431251044738912,
                    0.08849910326739119
                ],
                [
                    -0.7104082004368656,
                    -0.1948031862621153,
                    0.6762927675010149,
                    0.9689362034090232
                ],
                [
                    -0.6895010933977891,
                    -6.333651145457482e-06,
                    -0.7242846416728288,
                    -0.31989611497227
                ],
                [
                    0.0,
                    0.0,
                    0.0,
                    1.0
                ]
            ],
            "size": [
                0.15068,
                0.17726,
                0.74884
            ]
        },
        "distance": 0.0
    }
]