[
    {
        "case": 0,
        "collider1": {
            "type": "Box",
            "collider2origin": [
                [
                    0.9077781725128689,
                    0.4194505805326724,
                    0.0,
                    0.4158817547107895
                ],
                [
                    -0.4194505805326724,
                    0.9077781725128689,
                    0.0,
                    0.733173894971941
                ],
                [
                    0.0,
                    0.0,
                    1.0,
                    -0.6599999999999999
                ],
                [
                    0.0,
                    0.0,
                    0.0,
                    1.0
                ]
            ],
            "size": [
                0.6,
                1.0,
                0.8
            ]
        },
        "collider2": {
            "type": "Box",
            "collider2origin": [
                [
                    0.7611229349274292,
                    -0.4938719731668947,
                    0.4204549346216488,
                    -0.12031634183739304
                ],
                [
                    0.010459368195671094,
                    -0.638812372125621,
                    -0.7692914628644882,
                    1.3348162602347353
                ],
                [
                    0.6485233068629099,
                    0.5899230690009292,
                    -0.4810491587313303,
                    -0.8543296317312877
                ],
                [
                    0.0,
                    0.0,
                    0.0,
                    1.0
                ]
            ],
            "size": [
                0.08993,
                0.0305,
                0.09007
            ]
        },
        "distance": 0.3737661680870438
    },
    {
        "case": 1,
        "collider1": {
            "type": "Box",
            "collider2origin": [
                [
                    0.9077781725128689,
                    0.4194505805326724,
                    0.0,
                    0.4158817547107895
                ],
                [
                    -0.4194505805326724,
                    0.9077781725128689,
                    0.0,
                    0.733173894971941
                ],
                [
                    0.0,
                    0.0,
                    1.0,
                    -0.6599999999999999
                ],
                [
                    0.0,
                    0.0,
                    0.0,
                    1.0
                ]
            ],
            "size": [
                0.6,
                1.0,
                0.8
            ]
        },
        "collider2": {
            "type": "Box",
            "collider2origin": [
                [
                    0.1621214848150927,
                    -0.9417934086220038,
                    -0.29451960823941276,
                    0.04725544906139423
                ],
                [
                    -0.454145544065828,
                    -0.3361921704122586,
                    0.8250616033719228,
                    0.9888587627950782
                ],
                [
                    -0.876052766085755,
                    -5.444480634577616e-06,
                    -0.48221525380669444,
                    -0.2472641109900895
                ],
                [
                    0.0,
                    0.0,
                    0.0,
                    1.0
                ]
            ],
            "size": [
                0.15068,
                0.17726,
                0.74884
            ]
        },
        "distance": 0.0
    },
    {
        "case": 2,
        "collider1": {
            "type": "Box",
            "collider2origin": [
                [
                    0.9077781725128689,
                    0.4194505805326724,
                    0.0,
                    0.27063700059322826
                ],
                [
                    -0.4194505805326724,
                    0.9077781725128689,
                    0.0,
                    0.8002854543438492
                ],
                [
                    0.0,
                    0.0,
                    1.0,
                    -0.25
                ],
                [
                    0.0,
                    0.0,
                    0.0,
                    1.0
                ]
            ],
            "size": [
                0.2,
                0.2,
                0.02
            ]
        },
        "collider2": {
            "type": "Box",
            "collider2origin": [
                [
                    0.1621214848150927,
                    -0.9417934086220038,
                    -0.29451960823941276,
                    0.04725544906139423
                ],
                [
                    -0.454145544065828,
                    -0.3361921704122586,
                    0.8250616033719228,
                    0.9888587627950782
                ],
                [
                    -0.876052766085755,
                    -5.444480634577616e-06,
                    -0.48221525380669444,
                    -0.2472641109900895
                ],
                [
                    0.0,
                    0.0,
                    0.0,
                    1.0
                ]
            ],
            "size": [
                0.15068,
                0.17726,
                0.74884
            ]
        },
        "distance": 0.0
    },
    {
        "case": 3,
        "collider1": {
            "type": "Box",
            "collider2origin": [
                [
                    0.718022042059392,
                    -0.6960203640101781,
                    0.0,
                    0.13748258467077087
                ],
                [
                    0.6960203640101781,
                    0.718022042059392,
                    0.0,
                    1.5384737068316263
                ],
                [
                    0.0,
                    0.0,
                    1.0,
                    -0.21500000000000008
                ],
                [
                    0.0,
                    0.0,
                    0.0,
                    1.0
                ]
            ],
            "size": [
                0.2,
                0.3,
                0.22
            ]
        },
        "collider2": {
            "type": "Box",
            "collider2origin": [
                [
                    0.1621214848150927,
                    -0.9417934086220038,
                    -0.29451960823941276,
                    0.04725544906139423
                ],
                [
                    -0.454145544065828,
                    -0.3361921704122586,
                    0.8250616033719228,
                    0.9888587627950782
                ],
                [
                    -0.876052766085755,
                    -5.444480634577616e-06,
                    -0.48221525380669444,
                    -0.2472641109900895
                ],
                [
                    0.0,
                    0.0,
                    0.0,
                    1.0
                ]
            ],
            "size": [
                0.15068,
                0.17726,
                0.74884
            ]
        },
        "distance": 0.12148717865121815
    },
    {
        "case": 4,
        "collider1": {
            "type": "Box",
            "collider2origin": [
                [
                    0.8404842512412337,
                    -0.5418359746412772,
                    0.0,
                    0.011439976095501792
                ],
                [
                    0.5418359746412771,
                    0.8404842512412338,
                    0.0,
                    1.4325762997644957
                ],
                [
                    0.0,
                    0.0,
                    1.0,
                    -0.21500000000000008
                ],
                [
                    0.0,
                    0.0,
                    0.0,
                    1.0
                ]
            ],
            "size": [
                0.2,
                0.3,
                0.22
            ]
        },
        "collider2": {
            "type": "Box",
            "collider2origin": [
                [
                    0.1621214848150927,
                    -0.9417934086220038,
                    -0.29451960823941276,
                    0.04725544906139423
                ],
                [
                    -0.454145544065828,
                    -0.3361921704122586,
                    0.8250616033719228,
                    0.9888587627950782
                ],
                [
                    -0.876052766085755,
                    -5.444480634577616e-06,
                    -0.48221525380669444,
                    -0.2472641109900895
                ],
                [
                    0.0,
                    0.0,
                    0.0,
                    1.0
                ]
            ],
            "size": [
                0.15068,
                0.17726,
                0.74884
            ]
        },
        "distance": 0.0
    },
    {
        "case": 5,
        "collider1": {
            "type": "Box",
            "collider2origin": [
                [
                    0.9081427509232697,
                    -0.4186606548811531,
                    0.0,
                    -0.09474126814702305
                ],
                [
                    0.41866065488115317,
                    0.9081427509232698,
                    0.0,
                    1.368923948110301
                ],
                [
                    0.0,
                    0.0,
                    1.0,
                    -0.21500000000000008
                ],
                [
                    0.0,
                    0.0,
                    0.0,
                    1.0
                ]
            ],
            "size": [
                0.2,
                0.3,
                0.22
            ]
        },
        "collider2": {
            "type": "Box",
            "collider2origin": [
                [
                    0.1621214848150927,
                    -0.9417934086220038,
                    -0.29451960823941276,
                    0.04725544906139423
                ],
                [
                    -0.454145544065828,
                    -0.3361921704122586,
                    0.8250616033719228,
                    0.9888587627950782
                ],
                [
                    -0.876052766085755,
                    -5.444480634577616e-06,
                    -0.48221525380669444,
                    -0.2472641109900895
                ],
                [
                    0.0,
                    0.0,
                    0.0,
                    1.0
                ]
            ],
            "size": [
                0.15068,
                0.17726,
                0.74884
            ]
        },
        "distance": 0.0
    },
    {
        "case": 6,
        "collider1": {
            "type": "Box",
            "collider2origin": [
                [
                    0.9798474486812189,
                    -0.1997472836183421,
                    0.0,
                    -0.20628161272202655
                ],
                [
                    0.19974728361834207,
                    0.9798474486812188,
                    0.0,
                    1.335871448475788
                ],
                [
                    0.0,
                    0.0,
                    1.0,
                    -0.21500000000000008
                ],
                [
                    0.0,
                    0.0,
                    0.0,
                    1.0
                ]
            ],
            "size": [
                0.2,
                0.3,
                0.22
            ]
        },
        "collider2": {
            "type": "Box",
            "collider2origin": [
                [
                    0.1621214848150927,
                    -0.9417934086220038,
                    -0.29451960823941276,
                    0.04725544906139423
                ],
                [
                    -0.454145544065828,
                    -0.3361921704122586,
                    0.8250616033719228,
                    0.9888587627950782
                ],
                [
                    -0.876052766085755,
                    -5.444480634577616e-06,
                    -0.48221525380669444,
                    -0.2472641109900895
                ],
                [
                    0.0,
                    0.0,
                    0.0,
                    1.0
                ]
            ],
            "size": [
                0.15068,
                0.17726,
                0.74884
            ]
        },
        "distance": 0.0
    },
    {
        "case": 7,
        "collider1": {
            "type": "Cylinder",
            "collider2origin": [
                [
                    0.907778172512869,
                    0.4194505805326725,
                    0.0,
                    -0.07232761537572224
                ],
                [
                    -0.4194505805326725,
                    0.907778172512869,
                    0.0,
                    1.2000044650142188
                ],
                [
                    0.0,
                    0.0,
                    1.0,
                    -0.5800000000000001
                ],
                [
                    0.0,
                    0.0,
                    0.0,
                    1.0
                ]
            ],
            "radius": 0.04,
            "height": 0.96
        },
        "collider2": {
            "type": "Box",
            "collider2origin": [
                [
                    0.1621214848150927,
                    -0.9417934086220038,
                    -0.29451960823941276,
                    0.04725544906139423
                ],
                [
                    -0.454145544065828,
                    -0.3361921704122586,
                    0.8250616033719228,
                    0.9888587627950782
                ],
                [
                    -0.876052766085755,
                    -5.444480634577616e-06,
                    -0.48221525380669444,
                    -0.2472641109900895
                ],
                [
                    0.0,
                    0.0,
                    0.0,
                    1.0
                ]
            ],
            "size": [
                0.15068,
                0.17726,
                0.74884
            ]
        },
        "distance": 0.0
    },
    {
        "case": 8,
        "collider1": {
            "type": "Box",
            "collider2origin": [
                [
                    0.9077781725128689,
                    0.4194505805326724,
                    0.0,
                    0.4158817547107895
                ],
                [
                    -0.4194505805326724,
                    0.9077781725128689,
                    0.0,
                    0.733173894971941
                ],
                [
                    0.0,
                    0.0,
                    1.0,
                    -0.6599999999999999
                ],
                [
                    0.0,
                    0.0,
                    0.0,
                    1.0
                ]
            ],
            "size": [
                0.6,
                1.0,
                0.8
            ]
        },
        "collider2": {
            "type": "Box",
            "collider2origin": [
                [
                    0.1621214848150927,
                    -0.9417934086220038,
                    -0.29451960823941276,
                    0.04725544906139423
                ],
                [
                    -0.454145544065828,
                    -0.3361921704122586,
                    0.8250616033719228,
                    0.9888587627950782
                ],
                [
                    -0.876052766085755,
                    -5.444480634577616e-06,
                    -0.48221525380669444,
                    -0.2472641109900895
                ],
                [
                    0.0,
                    0.0,
                    0.0,
                    1.0
                ]
            ],
            "size": [
                0.15068,
                0.17726,
                0.74884
            ]
        },
        "distance": 0.0
    },
    {
        "case": 9,
        "collider1": {
            "type": "Box",
            "collider2origin": [
                [
                    0.9077781725128689,
                    0.4194505805326724,
                    0.0,
                    0.27063700059322826
                ],
                [
                    -0.4194505805326724,
                    0.9077781725128689,
                    0.0,
                    0.8002854543438492
                ],
                [
                    0.0,
                    0.0,
                    1.0,
                    -0.25
                ],
                [
                    0.0,
                    0.0,
                    0.0,
                    1.0
                ]
            ],
            "size": [
                0.2,
                0.2,
                0.02
            ]
        },
        "collider2": {
            "type": "Box",
            "collider2origin": [
                [
                    0.1621214848150927,
                    -0.9417934086220038,
                    -0.29451960823941276,
                    0.04725544906139423
                ],
                [
                    -0.454145544065828,
                    -0.3361921704122586,
                    0.8250616033719228,
                    0.9888587627950782
                ],
                [
                    -0.876052766085755,
                    -5.444480634577616e-06,
                    -0.48221525380669444,
                    -0.2472641109900895
                ],
                [
                    0.0,
                    0.0,
                    0.0,
                    1.0
                ]
            ],
            "size": [
                0.15068,
                0.17726,
                0.74884
            ]
        },
        "distance": 0.0
    },
    {
        "case": 10,
        "collider1": {
            "type": "Box",
            "collider2origin": [
                [
                    0.718022042059392,
                    -0.6960203640101781,
                    0.0,
                    0.13748258467077087
                ],
                [
                    0.6960203640101781,
                    0.718022042059392,
                    0.0,
                    1.5384737068316263
                ],
                [
                    0.0,
                    0.0,
                    1.0,
                    -0.21500000000000008
                ],
                [
                    0.0,
                    0.0,
                    0.0,
                    1.0
                ]
            ],
            "size": [
                0.2,
                0.3,
                0.22
            ]
        },
        "collider2": {
            "type": "Box",
            "collider2origin": [
                [
                    0.1621214848150927,
                    -0.9417934086220038,
                    -0.29451960823941276,
                    0.04725544906139423
                ],
                [
                    -0.454145544065828,
                    -0.3361921704122586,
                    0.8250616033719228,
                    0.9888587627950782
                ],
                [
                    -0.876052766085755,
                    -5.444480634577616e-06,
                    -0.48221525380669444,
                    -0.2472641109900895
                ],
                [
                    0.0,
                    0.0,
                    0.0,
                    1.0
                ]
            ],
            "size": [
                0.15068,
                0.17726,
                0.74884
            ]
        },
        "distance": 0.12148717865121815
    },
    {
        "case": 11,
        "collider1": {
            "type": "Box",
            "collider2origin": [
                [
                    0.8404842512412337,
                    -0.5418359746412772,
                    0.0,
                    0.011439976095501792
                ],
                [
                    0.5418359746412771,
                    0.8404842512412338,
                    0.0,
                    1.4325762997644957
                ],
                [
                    0.0,
                    0.0,
                    1.0,
                    -0.21500000000000008
                ],
                [
                    0.0,
                    0.0,
                    0.0,
                    1.0
                ]
            ],
            "size": [
                0.2,
                0.3,
                0.22
            ]
        },
        "collider2": {
            "type": "Box",
            "collider2origin": [
                [
                    0.1621214848150927,
                    -0.9417934086220038,
                    -0.29451960823941276,
                    0.04725544906139423
                ],
                [
                    -0.454145544065828,
                    -0.3361921704122586,
                    0.8250616033719228,
                    0.9888587627950782
                ],
                [
                    -0.876052766085755,
                    -5.444480634577616e-06,
                    -0.48221525380669444,
                    -0.2472641109900895
                ],
                [
                    0.0,
                    0.0,
                    0.0,
                    1.0
                ]
            ],
            "size": [
                0.15068,
                0.17726,
                0.74884
            ]
        },
        "distance": 0.0
    },
    {
        "case": 12,
        "collider1": {
            "type": "Box",
            "collider2origin": [
                [
                    0.9081427509232697,
                    -0.4186606548811531,
                    0.0,
                    -0.09474126814702305
                ],
                [
                    0.41866065488115317,
                    0.9081427509232698,
                    0.0,
                    1.368923948110301
                ],
                [
                    0.0,
                    0.0,
                    1.0,
                    -0.21500000000000008
                ],
                [
                    0.0,
                    0.0,
                    0.0,
                    1.0
                ]
            ],
            "size": [
                0.2,
                0.3,
                0.22
            ]
        },
        "collider2": {
            "type": "Box",
            "collider2origin": [
                [
                    0.1621214848150927,
                    -0.9417934086220038,
                    -0.29451960823941276,
                    0.04725544906139423
                ],
                [
                    -0.454145544065828,
                    -0.3361921704122586,
                    0.8250616033719228,
                    0.9888587627950782
                ],
                [
                    -0.876052766085755,
                    -5.444480634577616e-06,
                    -0.48221525380669444,
                    -0.2472641109900895
                ],
                [
                    0.0,
                    0.0,
                    0.0,
                    1.0
                ]
            ],
            "size": [
                0.15068,
                0.17726,
                0.74884
            ]
        },
        "distance": 0.0
    },
    {
        "case": 13,
        "collider1": {
            "type": "Box",
            "collider2origin": [
                [
                    0.9798474486812189,
                    -0.1997472836183421,
                    0.0,
                    -0.20628161272202655
                ],
                [
                    0.19974728361834207,
                    0.9798474486812188,
                    0.0,
                    1.335871448475788
                ],
                [
                    0.0,
                    0.0,
                    1.0,
                    -0.21500000000000008
                ],
                [
                    0.0,
                    0.0,
                    0.0,
                    1.0
                ]
            ],
            "size": [
                0.2,
                0.3,
                0.22
            ]
        },
        "collider2": {
            "type": "Box",
            "collider2origin": [
                [
                    0.1621214848150927,
                    -0.9417934086220038,
                    -0.29451960823941276,
                    0.04725544906139423
                ],
                [
                    -0.454145544065828,
                    -0.3361921704122586,
                    0.8250616033719228,
                    0.9888587627950782
                ],
                [
                    -0.876052766085755,
                    -5.444480634577616e-06,
                    -0.48221525380669444,
                    -0.2472641109900895
                ],
                [
                    0.0,
                    0.0,
                    0.0,
                    1.0
                ]
            ],
            "size": [
                0.15068,
                0.17726,
                0.74884
            ]
        },
        "distance": 0.0
    },
    {
        "case": 14,
        "collider1": {
            "type": "Cylinder",
            "collider2origin": [
                [
                    0.907778172512869,
                    0.4194505805326725,
                    0.0,
                    -0.07232761537572224
                ],
                [
                    -0.4194505805326725,
                    0.907778172512869,
                    0.0,
                    1.2000044650142188
                ],
                [
                    0.0,
                    0.0,
                    1.0,
                    -0.5800000000000001
                ],
                [
                    0.0,
                    0.0,
                    0.0,
                    1.0
                ]
            ],
            "radius": 0.04,
            "height": 0.96
        },
        "collider2": {
            "type": "Box",
            "collider2origin": [
                [
                    0.1621214848150927,
                    -0.9417934086220038,
                    -0.29451960823941276,
                    0.04725544906139423
                ],
                [
                    -0.454145544065828,
                    -0.3361921704122586,
                    0.8250616033719228,
                    0.9888587627950782
                ],
                [
                    -0.876052766085755,
                    -5.444480634577616e-06,
                    -0.48221525380669444,
                    -0.2472641109900895
                ],
                [
                    0.0,
                    0.0,
                    0.0,
                    1.0
                ]
            ],
            "size": [
                0.15068,
                0.17726,
                0.74884
            ]
        },
        "distance": 0.0
    },
    {
        "case": 15,
        "collider1": {
            "type": "Box",
            "collider2origin": [
                [
                    0.9077781725128689,
                    0.4194505805326724,
                    0.0,
                    0.4158817547107895
                ],
                [
                    -0.4194505805326724,
                    0.9077781725128689,
                    0.0,
                    0.733173894971941
                ],
                [
                    0.0,
                    0.0,
                    1.0,
                    -0.6599999999999999
                ],
                [
                    0.0,
                    0.0,
                    0.0,
                    1.0
                ]
            ],
            "size": [
                0.6,
                1.0,
                0.8
            ]
        },
        "collider2": {
            "type": "Box",
            "collider2origin": [
                [
                    -0.1996961794725127,
                    -0.9417933202336757,
                    -0.2704566099530779,
                    -0.048390633005654826
                ],
                [
                    0.5594228707370389,
                    -0.33619241805996347,
                    0.7576415443567792,
                    1.3001701281683045
                ],
                [
                    -0.8044672072871663,
                    -1.491332055395924e-06,
                    0.5939970643002903,
                    -0.9662239520667301
                ],
                [
                    0.0,
                    0.0,
                    0.0,
                    1.0
                ]
            ],
            "size": [
                0.09102,
                0.10007,
                0.11882
            ]
        },
        "distance": 0.2711669918754816
    },
    {
        "case": 16,
        "collider1": {
            "type": "Cylinder",
            "collider2origin": [
                [
                    0.907778172512869,
                    0.4194505805326725,
                    0.0,
                    -0.07232761537572224
                ],
                [
                    -0.4194505805326725,
                    0.907778172512869,
                    0.0,
                    1.2000044650142188
                ],
                [
                    0.0,
                    0.0,
                    1.0,
                    -0.5800000000000001
                ],
                [
                    0.0,
                    0.0,
                    0.0,
                    1.0
                ]
            ],
            "radius": 0.04,
            "height": 0.96
        },
        "collider2": {
            "type": "Box",
            "collider2origin": [
                [
                    -0.1996961794725127,
                    -0.9417933202336757,
                    -0.2704566099530779,
                    -0.048390633005654826
                ],
                [
                    0.5594228707370389,
                    -0.33619241805996347,
                    0.7576415443567792,
                    1.3001701281683045
                ],
                [
                    -0.8044672072871663,
                    -1.491332055395924e-06,
                    0.5939970643002903,
                    -0.9662239520667301
                ],
                [
                    0.0,
                    0.0,
                    0.0,
                    1.0
                ]
            ],
            "size": [
                0.09102,
                0.10007,
                0.11882
            ]
        },
        "distance": 0.0
    },
    {
        "case": 17,
        "collider1": {
            "type": "Box",
            "collider2origin": [
                [
                    0.9077781725128689,
                    0.4194505805326724,
                    0.0,
                    0.4158817547107895
                ],
                [
                    -0.4194505805326724,
                    0.9077781725128689,
                    0.0,
                    0.733173894971941
                ],
                [
                    0.0,
                    0.0,
                    1.0,
                    -0.6599999999999999
                ],
                [
                    0.0,
                    0.0,
                    0.0,
                    1.0
                ]
            ],
            "size": [
                0.6,
                1.0,
                0.8
            ]
        },
        "collider2": {
            "type": "Box",
            "collider2origin": [
                [
                    -0.8264025589812877,
                    -0.4938745110267062,
                    -0.2704566099530779,
                    -0.08286181636481915
                ],
                [
                    0.1338103483107832,
                    -0.6388067633875067,
                    0.7576415443567792,
                    1.3804187869457265
                ],
                [
                    -0.5469493588936056,
                    0.5899270178662018,
                    0.5939970643002903,
                    -0.9001843862567336
                ],
                [
                    0.0,
                    0.0,
                    0.0,
                    1.0
                ]
            ],
            "size": [
                0.09126,
                0.11887,
                0.10009
            ]
        },
        "distance": 0.3485318655423278
    },
    {
        "case": 18,
        "collider1": {
            "type": "Box",
            "collider2origin": [
                [
                    0.9077781725128689,
                    0.4194505805326724,
                    0.0,
                    0.4158817547107895
                ],
                [
                    -0.4194505805326724,
                    0.9077781725128689,
                    0.0,
                    0.733173894971941
                ],
                [
                    0.0,
                    0.0,
                    1.0,
                    -0.6599999999999999
                ],
                [
                    0.0,
                    0.0,
                    0.0,
                    1.0
                ]
            ],
            "size": [
                0.6,
                1.0,
                0.8
            ]
        },
        "collider2": {
            "type": "Box",
            "collider2origin": [
                [
                    0.3349059555796293,
                    -0.9417924348239423,
                    -0.029411062981227597,
                    0.06608722048098781
                ],
                [
                    -0.9381797740642004,
                    -0.3361948983173709,
                    0.08241178242350287,
                    1.3119031156488572
                ],
                [
                    -0.08750264255519147,
                    -7.3323208476470646e-06,
                    -0.9961642874004745,
                    -0.6771263514951492
                ],
                [
                    0.0,
                    0.0,
                    0.0,
                    1.0
                ]
            ],
            "size": [
                0.1202,
                0.13634,
                0.67816
            ]
        },
        "distance": 0.14891974008196174
    }
]