[
    {
        "case": 0,
        "collider1": {
            "type": "Box",
            "collider2origin": [
                [
                    0.8404842512412337,
                    -0.5418359746412772,
                    0.0,
                    0.011439976095501792
                ],
                [
                    0.5418359746412771,
                    0.8404842512412338,
                    0.0,
                    1.4325762997644957
                ],
                [
                    0.0,
                    0.0,
                    1.0,
                    -0.21500000000000008
                ],
                [
                    0.0,
                    0.0,
                    0.0,
                    1.0
                ]
            ],
            "size": [
                0.2,
                0.3,
                0.22
            ]
        },
        "collider2": {
            "type": "Box",
            "collider2origin": [
                [
                    0.5201560258934576,
                    -0.6026780274009578,
                    0.6051585775768324,
                    0.37628550132413463
                ],
                [
                    0.3928467962213375,
                    0.7979844580481844,
                    0.4570472616832708,
                    1.0763424089766431
                ],
                [
                    -0.7583594816611418,
                    -1.278875736955276e-06,
                    0.6518365566405497,
                    0.09290577135839095
                ],
                [
                    0.0,
                    0.0,
                    0.0,
                    1.0
                ]
            ],
            "size": [
                0.15068,
                0.17726,
                0.74884
            ]
        },
        "distance": 0.2662247116694975
    },
    {
        "case": 1,
        "collider1": {
            "type": "Box",
            "collider2origin": [
                [
                    0.9081427509232697,
                    -0.4186606548811531,
                    0.0,
                    -0.09474126814702305
                ],
                [
                    0.41866065488115317,
                    0.9081427509232698,
                    0.0,
                    1.368923948110301
                ],
                [
                    0.0,
                    0.0,
                    1.0,
                    -0.21500000000000008
                ],
                [
                    0.0,
                    0.0,
                    0.0,
                    1.0
                ]
            ],
            "size": [
                0.2,
                0.3,
                0.22
            ]
        },
        "collider2": {
            "type": "Box",
            "collider2origin": [
                [
                    0.5201560258934576,
                    -0.6026780274009578,
                    0.6051585775768324,
                    0.37628550132413463
                ],
                [
                    0.3928467962213375,
                    0.7979844580481844,
                    0.4570472616832708,
                    1.0763424089766431
                ],
                [
                    -0.7583594816611418,
                    -1.278875736955276e-06,
                    0.6518365566405497,
                    0.09290577135839095
                ],
                [
                    0.0,
                    0.0,
                    0.0,
                    1.0
                ]
            ],
            "size": [
                0.15068,
                0.17726,
                0.74884
            ]
        },
        "distance": 0.26084975293793106
    },
    {
        "case": 2,
        "collider1": {
            "type": "Box",
            "collider2origin": [
                [
                    0.8404842512412337,
                    -0.5418359746412772,
                    0.0,
                    0.011439976095501792
                ],
                [
                    0.5418359746412771,
                    0.8404842512412338,
                    0.0,
                    1.4325762997644957
                ],
                [
                    0.0,
                    0.0,
                    1.0,
                    -0.21500000000000008
                ],
                [
                    0.0,
                    0.0,
                    0.0,
                    1.0
                ]
            ],
            "size": [
                0.2,
                0.3,
                0.22
            ]
        },
        "collider2": {
            "type": "Box",
            "collider2origin": [
                [
                    0.5201560258934576,
                    -0.6026780274009578,
                    0.6051585775768324,
                    0.37628550132413463
                ],
                [
                    0.3928467962213375,
                    0.7979844580481844,
                    0.4570472616832708,
                    1.0763424089766431
                ],
                [
                    -0.7583594816611418,
                    -1.278875736955276e-06,
                    0.6518365566405497,
                    0.09290577135839095
                ],
                [
                    0.0,
                    0.0,
                    0.0,
                    1.0
                ]
            ],
            "size": [
                0.15068,
                0.17726,
                0.74884
            ]
        },
        "distance": 0.2662247116694975
    },
    {
        "case": 3,
        "collider1": {
            "type": "Box",
            "collider2origin": [
                [
                    0.9081427509232697,
                    -0.4186606548811531,
                    0.0,
                    -0.09474126814702305
                ],
                [
                    0.41866065488115317,
                    0.9081427509232698,
                    0.0,
                    1.368923948110301
                ],
                [
                    0.0,
                    0.0,
                    1.0,
                    -0.21500000000000008
                ],
                [
                    0.0,
                    0.0,
                    0.0,
                    1.0
                ]
            ],
            "size": [
                0.2,
                0.3,
                0.22
            ]
        },
        "collider2": {
            "type": "Box",
            "collider2origin": [
                [
                    0.5201560258934576,
                    -0.6026780274009578,
                    0.6051585775768324,
                    0.37628550132413463
                ],
                [
                    0.3928467962213375,
                    0.7979844580481844,
                    0.4570472616832708,
                    1.0763424089766431
                ],
                [
                    -0.7583594816611418,
                    -1.278875736955276e-06,
                    0.6518365566405497,
                    0.09290577135839095
                ],
                [
                    0.0,
                    0.0,
                    0.0,
                    1.0
                ]
            ],
            "size": [
                0.15068,
                0.17726,
                0.74884
            ]
        },
        "distance": 0.26084975293793106
    }
]