[
    {
        "case": 0,
        "collider1": {
            "type": "Box",
            "collider2origin": [
                [
                    1.0,
                    0.0,
                    0.0,
                    0.35
                ],
                [
                    0.0,
                    1.0,
                    0.0,
                    -0.34649
                ],
                [
                    0.0,
                    0.0,
                    1.0,
                    -0.54511
                ],
                [
                    0.0,
                    0.0,
                    0.0,
                    1.0
                ]
            ],
            "size": [
                0.7,
                0.7,
                1.1
            ]
        },
        "collider2": {
            "type": "Box",
            "collider2origin": [
                [
                    0.16228018521197252,
                    -0.9866494880956138,
                    0.013708724529700789,
                    0.47531573940710087
                ],
                [
                    -0.31204346053032506,
                    -0.06449366889750352,
                    -0.9478762817015725,
                    -0.13202110016626445
                ],
                [
                    0.9361057740596559,
                    0.1495438207108622,
                    -0.31834356512951545,
                    -0.18966760195190258
                ],
                [
                    0.0,
                    0.0,
                    0.0,
                    1.0
                ]
            ],
            "size": [
                0.09126,
                0.11887,
                0.10009
            ]
        },
        "distance": 0.0
    },
    {
        "case": 1,
        "collider1": {
            "type": "Box",
            "collider2origin": [
                [
                    1.0,
                    0.0,
                    0.0,
                    0.35
                ],
                [
                    0.0,
                    1.0,
                    0.0,
                    -0.34649
                ],
                [
                    0.0,
                    0.0,
                    1.0,
                    -0.54511
                ],
                [
                    0.0,
                    0.0,
                    0.0,
                    1.0
                ]
            ],
            "size": [
                0.7,
                0.7,
                1.1
            ]
        },
        "collider2": {
            "type": "Box",
            "collider2origin": [
                [
                    -0.2602556144477509,
                    -0.934946446198213,
                    -0.24112685020493962,
                    0.31919169539854064
                ],
                [
                    0.3534306163039384,
                    -0.324647247558483,
                    0.8773203315276119,
                    -0.1511092957827117
                ],
                [
                    -0.8985286943706592,
                    0.14310593067386412,
                    0.4149299675831153,
                    -0.16961219003908368
                ],
                [
                    0.0,
                    0.0,
                    0.0,
                    1.0
                ]
            ],
            "size": [
                0.06241,
                0.05638,
                0.02858
            ]
        },
        "distance": 0.0
    },
    {
        "case": 2,
        "collider1": {
            "type": "Box",
            "collider2origin": [
                [
                    1.0,
                    0.0,
                    0.0,
                    0.35
                ],
                [
                    0.0,
                    1.0,
                    0.0,
                    -0.34649
                ],
                [
                    0.0,
                    0.0,
                    1.0,
                    -0.54511
                ],
                [
                    0.0,
                    0.0,
                    0.0,
                    1.0
                ]
            ],
            "size": [
                0.7,
                0.7,
                1.1
            ]
        },
        "collider2": {
            "type": "Box",
            "collider2origin": [
                [
                    0.03424624101573544,
                    -0.9866501232719963,
                    -0.1592128425210937,
                    0.40152333939642065
                ],
                [
                    -0.9798813009303435,
                    -0.0644894933771306,
                    0.18887493568766256,
                    -0.1402046337744448
                ],
                [
                    -0.19662103413254078,
                    0.149541430684996,
                    -0.9690085290880232,
                    -0.18067371213646455
                ],
                [
                    0.0,
                    0.0,
                    0.0,
                    1.0
                ]
            ],
            "size": [
                0.08993,
                0.0305,
                0.09007
            ]
        },
        "distance": 0.0
    },
    {
        "case": 3,
        "collider1": {
            "type": "Box",
            "collider2origin": [
                [
                    1.0,
                    0.0,
                    0.0,
                    0.35
                ],
                [
                    0.0,
                    1.0,
                    0.0,
                    -0.34649
                ],
                [
                    0.0,
                    0.0,
                    1.0,
                    -0.54511
                ],
                [
                    0.0,
                    0.0,
                    0.0,
                    1.0
                ]
            ],
            "size": [
                0.7,
                0.7,
                1.1
            ]
        },
        "collider2": {
            "type": "Cylinder",
            "collider2origin": [
                [
                    -0.159212801469395,
                    0.4892120227353858,
                    0.8575096971226733,
                    0.18854982720722802
                ],
                [
                    0.18887647940635233,
                    0.8676388545711655,
                    -0.45992226904717004,
                    -0.1669138619682521
                ],
                [
                    -0.9690082349367976,
                    0.08873789973617723,
                    -0.23053985723749226,
                    -0.15597473925311234
                ],
                [
                    0.0,
                    0.0,
                    0.0,
                    1.0
                ]
            ],
            "radius": 0.00813,
            "height": 0.03824
        },
        "distance": 0.0
    },
    {
        "case": 4,
        "collider1": {
            "type": "Box",
            "collider2origin": [
                [
                    1.0,
                    0.0,
                    0.0,
                    0.35
                ],
                [
                    0.0,
                    1.0,
                    0.0,
                    -0.34649
                ],
                [
                    0.0,
                    0.0,
                    1.0,
                    -0.54511
                ],
                [
                    0.0,
                    0.0,
                    0.0,
                    1.0
                ]
            ],
            "size": [
                0.7,
                0.7,
                1.1
            ]
        },
        "collider2": {
            "type": "Sphere",
            "collider2origin": [
                [
                    1.0,
                    0.0,
                    0.0,
                    0.17177312916060827
                ],
                [
                    0.0,
                    1.0,
                    0.0,
                    -0.1557940306562844
                ],
                [
                    0.0,
                    0.0,
                    1.0,
                    -0.15105084300664973
                ],
                [
                    0.0,
                    0.0,
                    0.0,
                    1.0
                ]
            ],
            "radius": 0.00563
        },
        "distance": 0.0
    },
    {
        "case": 5,
        "collider1": {
            "type": "Box",
            "collider2origin": [
                [
                    1.0,
                    0.0,
                    0.0,
                    0.35
                ],
                [
                    0.0,
                    1.0,
                    0.0,
                    -0.34649
                ],
                [
                    0.0,
                    0.0,
                    1.0,
                    -0.54511
                ],
                [
                    0.0,
                    0.0,
                    0.0,
                    1.0
                ]
            ],
            "size": [
                0.7,
                0.7,
                1.1
            ]
        },
        "collider2": {
            "type": "Box",
            "collider2origin": [
                [
                    -0.00460869157816321,
                    0.9998954099473136,
                    0.013708724529700789,
                    0.47196066203920484
                ],
                [
                    0.31831020317413283,
                    0.014462681039267795,
                    -0.9478762817015725,
                    -0.028337163642487728
                ],
                [
                    -0.9479754081816573,
                    -4.842546311430521e-06,
                    -0.31834356512951545,
                    -0.1550369433436669
                ],
                [
                    0.0,
                    0.0,
                    0.0,
                    1.0
                ]
            ],
            "size": [
                0.09102,
                0.10007,
                0.11882
            ]
        },
        "distance": 0.0
    },
    {
        "case": 6,
        "collider1": {
            "type": "Box",
            "collider2origin": [
                [
                    1.0,
                    0.0,
                    0.0,
                    0.35
                ],
                [
                    0.0,
                    1.0,
                    0.0,
                    -0.34649
                ],
                [
                    0.0,
                    0.0,
                    1.0,
                    -0.54511
                ],
                [
                    0.0,
                    0.0,
                    0.0,
                    1.0
                ]
            ],
            "size": [
                0.7,
                0.7,
                1.1
            ]
        },
        "collider2": {
            "type": "Sphere",
            "collider2origin": [
                [
                    1.0,
                    0.0,
                    0.0,
                    0.17478100670914726
                ],
                [
                    0.0,
                    1.0,
                    0.0,
                    -0.1366654915260277
                ],
                [
                    0.0,
                    0.0,
                    1.0,
                    -0.1766407182666332
                ],
                [
                    0.0,
                    0.0,
                    0.0,
                    1.0
                ]
            ],
            "radius": 0.00663
        },
        "distance": 0.0
    },
    {
        "case": 7,
        "collider1": {
            "type": "Box",
            "collider2origin": [
                [
                    0.9077781725128689,
                    0.4194505805326724,
                    0.0,
                    0.4158817547107895
                ],
                [
                    -0.4194505805326724,
                    0.9077781725128689,
                    0.0,
                    0.733173894971941
                ],
                [
                    0.0,
                    0.0,
                    1.0,
                    -0.6599999999999999
                ],
                [
                    0.0,
                    0.0,
                    0.0,
                    1.0
                ]
            ],
            "size": [
                0.6,
                1.0,
                0.8
            ]
        },
        "collider2": {
            "type": "Box",
            "collider2origin": [
                [
                    0.010034667306440394,
                    0.9998953978534744,
                    0.010416275893583049,
                    0.3571335193916091
                ],
                [
                    -0.6937750238603876,
                    0.014463517904629797,
                    -0.7200465421883098,
                    0.18280283805995157
                ],
                [
                    -0.7201218797672849,
                    -1.1245605944763804e-06,
                    0.6938475900939394,
                    -0.3568914872372674
                ],
                [
                    0.0,
                    0.0,
                    0.0,
                    1.0
                ]
            ],
            "size": [
                0.1202,
                0.13634,
                0.67816
            ]
        },
        "distance": 0.0
    },
    {
        "case": 8,
        "collider1": {
            "type": "Box",
            "collider2origin": [
                [
                    1.0,
                    0.0,
                    0.0,
                    0.35
                ],
                [
                    0.0,
                    1.0,
                    0.0,
                    -0.34649
                ],
                [
                    0.0,
                    0.0,
                    1.0,
                    -0.54511
                ],
                [
                    0.0,
                    0.0,
                    0.0,
                    1.0
                ]
            ],
            "size": [
                0.7,
                0.7,
                1.1
            ]
        },
        "collider2": {
            "type": "Box",
            "collider2origin": [
                [
                    0.010034667306440394,
                    0.9998953978534744,
                    0.010416275893583049,
                    0.3571335193916091
                ],
                [
                    -0.6937750238603876,
                    0.014463517904629797,
                    -0.7200465421883098,
                    0.18280283805995157
                ],
                [
                    -0.7201218797672849,
                    -1.1245605944763804e-06,
                    0.6938475900939394,
                    -0.3568914872372674
                ],
                [
                    0.0,
                    0.0,
                    0.0,
                    1.0
                ]
            ],
            "size": [
                0.1202,
                0.13634,
                0.67816
            ]
        },
        "distance": 0.0
    },
    {
        "case": 9,
        "collider1": {
            "type": "Box",
            "collider2origin": [
                [
                    1.0,
                    0.0,
                    0.0,
                    0.35
                ],
                [
                    0.0,
                    1.0,
                    0.0,
                    -0.34649
                ],
                [
                    0.0,
                    0.0,
                    1.0,
                    -0.54511
                ],
                [
                    0.0,
                    0.0,
                    0.0,
                    1.0
                ]
            ],
            "size": [
                0.7,
                0.7,
                1.1
            ]
        },
        "collider2": {
            "type": "Sphere",
            "collider2origin": [
                [
                    1.0,
                    0.0,
                    0.0,
                    0.20715787123292267
                ],
                [
                    0.0,
                    1.0,
                    0.0,
                    -0.16335865641763203
                ],
                [
                    0.0,
                    0.0,
                    1.0,
                    -0.10217434752995436
                ],
                [
                    0.0,
                    0.0,
                    0.0,
                    1.0
                ]
            ],
            "radius": 0.00484
        },
        "distance": 0.0
    },
    {
        "case": 10,
        "collider1": {
            "type": "Box",
            "collider2origin": [
                [
                    1.0,
                    0.0,
                    0.0,
                    0.35
                ],
                [
                    0.0,
                    1.0,
                    0.0,
                    -0.34649
                ],
                [
                    0.0,
                    0.0,
                    1.0,
                    -0.54511
                ],
                [
                    0.0,
                    0.0,
                    0.0,
                    1.0
                ]
            ],
            "size": [
                0.7,
                0.7,
                1.1
            ]
        },
        "collider2": {
            "type": "Cylinder",
            "collider2origin": [
                [
                    -0.04399511534491616,
                    0.6207421993859783,
                    0.7827793761509341,
                    0.18979201722678296
                ],
                [
                    0.2598799270451844,
                    0.7636742553412815,
                    -0.5909856641644772,
                    -0.1492778657876137
                ],
                [
                    -0.9646381981576183,
                    0.17742816470447156,
                    -0.19491637443997786,
                    -0.18190989075622865
                ],
                [
                    0.0,
                    0.0,
                    0.0,
                    1.0
                ]
            ],
            "radius": 0.00796,
            "height": 0.03037
        },
        "distance": 0.0
    },
    {
        "case": 11,
        "collider1": {
            "type": "Box",
            "collider2origin": [
                [
                    1.0,
                    0.0,
                    0.0,
                    0.35
                ],
                [
                    0.0,
                    1.0,
                    0.0,
                    -0.34649
                ],
                [
                    0.0,
                    0.0,
                    1.0,
                    -0.54511
                ],
                [
                    0.0,
                    0.0,
                    0.0,
                    1.0
                ]
            ],
            "size": [
                0.7,
                0.7,
                1.1
            ]
        },
        "collider2": {
            "type": "Sphere",
            "collider2origin": [
                [
                    1.0,
                    0.0,
                    0.0,
                    0.2221026334653251
                ],
                [
                    0.0,
                    1.0,
                    0.0,
                    -0.11802306920913386
                ],
                [
                    0.0,
                    0.0,
                    1.0,
                    -0.15763191766239104
                ],
                [
                    0.0,
                    0.0,
                    0.0,
                    1.0
                ]
            ],
            "radius": 0.01051
        },
        "distance": 0.0
    },
    {
        "case": 12,
        "collider1": {
            "type": "Box",
            "collider2origin": [
                [
                    1.0,
                    0.0,
                    0.0,
                    0.35
                ],
                [
                    0.0,
                    1.0,
                    0.0,
                    -0.34649
                ],
                [
                    0.0,
                    0.0,
                    1.0,
                    -0.54511
                ],
                [
                    0.0,
                    0.0,
                    0.0,
                    1.0
                ]
            ],
            "size": [
                0.7,
                0.7,
                1.1
            ]
        },
        "collider2": {
            "type": "Sphere",
            "collider2origin": [
                [
                    1.0,
                    0.0,
                    0.0,
                    0.18813148529757046
                ],
                [
                    0.0,
                    1.0,
                    0.0,
                    -0.14930836099964773
                ],
                [
                    0.0,
                    0.0,
                    1.0,
                    -0.12276932052197265
                ],
                [
                    0.0,
                    0.0,
                    0.0,
                    1.0
                ]
            ],
            "radius": 0.00487
        },
        "distance": 0.0
    },
    {
        "case": 13,
        "collider1": {
            "type": "Box",
            "collider2origin": [
                [
                    1.0,
                    0.0,
                    0.0,
                    0.35
                ],
                [
                    0.0,
                    1.0,
                    0.0,
                    -0.34649
                ],
                [
                    0.0,
                    0.0,
                    1.0,
                    -0.54511
                ],
                [
                    0.0,
                    0.0,
                    0.0,
                    1.0
                ]
            ],
            "size": [
                0.7,
                0.7,
                1.1
            ]
        },
        "collider2": {
            "type": "Cylinder",
            "collider2origin": [
                [
                    -0.31952435306123,
                    0.6168584803607333,
                    0.7192981322149032,
                    0.19905362663770057
                ],
                [
                    0.1382424307066055,
                    0.7813154331246508,
                    -0.6086339000693012,
                    -0.1603104500775735
                ],
                [
                    -0.9374397144100156,
                    -0.09503583097066748,
                    -0.3349253240329593,
                    -0.1284791948172268
                ],
                [
                    0.0,
                    0.0,
                    0.0,
                    1.0
                ]
            ],
            "radius": 0.0076,
            "height": 0.02993
        },
        "distance": 0.0
    },
    {
        "case": 14,
        "collider1": {
            "type": "Box",
            "collider2origin": [
                [
                    1.0,
                    0.0,
                    0.0,
                    0.35
                ],
                [
                    0.0,
                    1.0,
                    0.0,
                    -0.34649
                ],
                [
                    0.0,
                    0.0,
                    1.0,
                    -0.54511
                ],
                [
                    0.0,
                    0.0,
                    0.0,
                    1.0
                ]
            ],
            "size": [
                0.7,
                0.7,
                1.1
            ]
        },
        "collider2": {
            "type": "Cylinder",
            "collider2origin": [
                [
                    -0.4787661988639854,
                    0.3624574354255244,
                    0.7996296232194517,
                    0.217764487833071
                ],
                [
                    0.07538824154489665,
                    0.9244082286874645,
                    -0.37387971297152806,
                    -0.1698733703652061
                ],
                [
                    -0.8746996855276091,
                    -0.11871829783001381,
                    -0.4699004425388906,
                    -0.1096153747761579
                ],
                [
                    0.0,
                    0.0,
                    0.0,
                    1.0
                ]
            ],
            "radius": 0.0076,
            "height": 0.02993
        },
        "distance": 0.0
    },
    {
        "case": 15,
        "collider1": {
            "type": "Box",
            "collider2origin": [
                [
                    1.0,
                    0.0,
                    0.0,
                    0.35
                ],
                [
                    0.0,
                    1.0,
                    0.0,
                    -0.34649
                ],
                [
                    0.0,
                    0.0,
                    1.0,
                    -0.54511
                ],
                [
                    0.0,
                    0.0,
                    0.0,
                    1.0
                ]
            ],
            "size": [
                0.7,
                0.7,
                1.1
            ]
        },
        "collider2": {
            "type": "Cylinder",
            "collider2origin": [
                [
                    -0.3207449582652175,
                    0.1486782144079191,
                    0.9354236795740827,
                    0.22974182813192834
                ],
                [
                    0.1311491921227991,
                    0.9850612696706709,
                    -0.11159831719314663,
                    -0.17370868156983044
                ],
                [
                    -0.9380418760124628,
                    0.08688546227809255,
                    -0.33545246353506036,
                    -0.14084561232310033
                ],
                [
                    0.0,
                    0.0,
                    0.0,
                    1.0
                ]
            ],
            "radius": 0.00783,
            "height": 0.03683
        },
        "distance": 0.0
    },
    {
        "case": 16,
        "collider1": {
            "type": "Box",
            "collider2origin": [
                [
                    1.0,
                    0.0,
                    0.0,
                    0.35
                ],
                [
                    0.0,
                    1.0,
                    0.0,
                    -0.34649
                ],
                [
                    0.0,
                    0.0,
                    1.0,
                    -0.54511
                ],
                [
                    0.0,
                    0.0,
                    0.0,
                    1.0
                ]
            ],
            "size": [
                0.7,
                0.7,
                1.1
            ]
        },
        "collider2": {
            "type": "Cylinder",
            "collider2origin": [
                [
                    -0.159212801469395,
                    -0.00042624724919043943,
                    0.9872441958105143,
                    0.21671218163744219
                ],
                [
                    0.18887647940635233,
                    0.9815150850054695,
                    0.030883870122885373,
                    -0.17407745483999837
                ],
                [
                    -0.9690082349367976,
                    0.19138431550152693,
                    -0.15618925828840846,
                    -0.16199822911488315
                ],
                [
                    0.0,
                    0.0,
                    0.0,
                    1.0
                ]
            ],
            "radius": 0.00683,
            "height": 0.01183
        },
        "distance": 0.0
    },
    {
        "case": 17,
        "collider1": {
            "type": "Box",
            "collider2origin": [
                [
                    1.0,
                    0.0,
                    0.0,
                    0.35
                ],
                [
                    0.0,
                    1.0,
                    0.0,
                    -0.34649
                ],
                [
                    0.0,
                    0.0,
                    1.0,
                    -0.54511
                ],
                [
                    0.0,
                    0.0,
                    0.0,
                    1.0
                ]
            ],
            "size": [
                0.7,
                0.7,
                1.1
            ]
        },
        "collider2": {
            "type": "Cylinder",
            "collider2origin": [
                [
                    -0.1889833229217409,
                    0.24481169756434967,
                    0.9509745193185348,
                    0.2435658878457749
                ],
                [
                    0.8591291317151081,
                    0.5102415771054212,
                    0.03937852246360634,
                    -0.11659172175931842
                ],
                [
                    -0.4755864155922678,
                    0.8244517970922458,
                    -0.30675200989637363,
                    -0.1648293377472556
                ],
                [
                    0.0,
                    0.0,
                    0.0,
                    1.0
                ]
            ],
            "radius": 0.01169,
            "height": 0.05502
        },
        "distance": 0.0
    },
    {
        "case": 18,
        "collider1": {
            "type": "Box",
            "collider2origin": [
                [
                    1.0,
                    0.0,
                    0.0,
                    0.35
                ],
                [
                    0.0,
                    1.0,
                    0.0,
                    -0.34649
                ],
                [
                    0.0,
                    0.0,
                    1.0,
                    -0.54511
                ],
                [
                    0.0,
                    0.0,
                    0.0,
                    1.0
                ]
            ],
            "size": [
                0.7,
                0.7,
                1.1
            ]
        },
        "collider2": {
            "type": "Cylinder",
            "collider2origin": [
                [
                    -0.04399511534491616,
                    0.15085064266508505,
                    0.9875770924000405,
                    0.2138760497136163
                ],
                [
                    0.2598799270451844,
                    0.9562301804545504,
                    -0.13448518694208267,
                    -0.1608565066381198
                ],
                [
                    -0.9646381981576183,
                    0.2507347714127182,
                    -0.0812725110959094,
                    -0.18613127148155395
                ],
                [
                    0.0,
                    0.0,
                    0.0,
                    1.0
                ]
            ],
            "radius": 0.00713,
            "height": 0.01426
        },
        "distance": 0.0
    },
    {
        "case": 19,
        "collider1": {
            "type": "Box",
            "collider2origin": [
                [
                    0.9077781725128689,
                    0.4194505805326724,
                    0.0,
                    0.4158817547107895
                ],
                [
                    -0.4194505805326724,
                    0.9077781725128689,
                    0.0,
                    0.733173894971941
                ],
                [
                    0.0,
                    0.0,
                    1.0,
                    -0.6599999999999999
                ],
                [
                    0.0,
                    0.0,
                    0.0,
                    1.0
                ]
            ],
            "size": [
                0.6,
                1.0,
                0.8
            ]
        },
        "collider2": {
            "type": "Box",
            "collider2origin": [
                [
                    -0.010610718061269293,
                    0.9998953956964926,
                    0.009829055253628453,
                    0.47747230888652425
                ],
                [
                    0.7332359333518463,
                    0.01446366566325154,
                    -0.6798204677833912,
                    0.5985266783446959
                ],
                [
                    -0.6798915198058225,
                    -6.3668130685880214e-06,
                    -0.7333127035962165,
                    -0.3226052130797824
                ],
                [
                    0.0,
                    0.0,
                    0.0,
                    1.0
                ]
            ],
            "size": [
                0.15068,
                0.17726,
                0.74884
            ]
        },
        "distance": 0.0
    },
    {
        "case": 20,
        "collider1": {
            "type": "Box",
            "collider2origin": [
                [
                    0.9077781725128689,
                    0.4194505805326724,
                    0.0,
                    0.27063700059322826
                ],
                [
                    -0.4194505805326724,
                    0.9077781725128689,
                    0.0,
                    0.8002854543438492
                ],
                [
                    0.0,
                    0.0,
                    1.0,
                    -0.25
                ],
                [
                    0.0,
                    0.0,
                    0.0,
                    1.0
                ]
            ],
            "size": [
                0.2,
                0.2,
                0.02
            ]
        },
        "collider2": {
            "type": "Box",
            "collider2origin": [
                [
                    -0.010610718061269293,
                    0.9998953956964926,
                    0.009829055253628453,
                    0.47747230888652425
                ],
                [
                    0.7332359333518463,
                    0.01446366566325154,
                    -0.6798204677833912,
                    0.5985266783446959
                ],
                [
                    -0.6798915198058225,
                    -6.3668130685880214e-06,
                    -0.7333127035962165,
                    -0.3226052130797824
                ],
                [
                    0.0,
                    0.0,
                    0.0,
                    1.0
                ]
            ],
            "size": [
                0.15068,
                0.17726,
                0.74884
            ]
        },
        "distance": 0.013841945503798275
    },
    {
        "case": 21,
        "collider1": {
            "type": "Box",
            "collider2origin": [
                [
                    0.907778172512869,
                    0.4194505805326725,
                    0.0,
                    0.9947946797881562
                ],
                [
                    -0.4194505805326725,
                    0.907778172512869,
                    0.0,
                    0.5317739604993647
                ],
                [
                    0.0,
                    0.0,
                    1.0,
                    -0.69
                ],
                [
                    0.0,
                    0.0,
                    0.0,
                    1.0
                ]
            ],
            "size": [
                0.6,
                1.2,
                0.75
            ]
        },
        "collider2": {
            "type": "Box",
            "collider2origin": [
                [
                    -0.010610718061269293,
                    0.9998953956964926,
                    0.009829055253628453,
                    0.47747230888652425
                ],
                [
                    0.7332359333518463,
                    0.01446366566325154,
                    -0.6798204677833912,
                    0.5985266783446959
                ],
                [
                    -0.6798915198058225,
                    -6.3668130685880214e-06,
                    -0.7333127035962165,
                    -0.3226052130797824
                ],
                [
                    0.0,
                    0.0,
                    0.0,
                    1.0
                ]
            ],
            "size": [
                0.15068,
                0.17726,
                0.74884
            ]
        },
        "distance": 0.0
    },
    {
        "case": 22,
        "collider1": {
            "type": "Box",
            "collider2origin": [
                [
                    0.9077781725128689,
                    0.4194505805326724,
                    0.0,
                    0.4158817547107895
                ],
                [
                    -0.4194505805326724,
                    0.9077781725128689,
                    0.0,
                    0.733173894971941
                ],
                [
                    0.0,
                    0.0,
                    1.0,
                    -0.6599999999999999
                ],
                [
                    0.0,
                    0.0,
                    0.0,
                    1.0
                ]
            ],
            "size": [
                0.6,
                1.0,
                0.8
            ]
        },
        "collider2": {
            "type": "Box",
            "collider2origin": [
                [
                    -0.010610718061269293,
                    0.9998953956964926,
                    0.009829055253628453,
                    0.47747230888652425
                ],
                [
                    0.7332359333518463,
                    0.01446366566325154,
                    -0.6798204677833912,
                    0.5985266783446959
                ],
                [
                    -0.6798915198058225,
                    -6.3668130685880214e-06,
                    -0.7333127035962165,
                    -0.3226052130797824
                ],
                [
                    0.0,
                    0.0,
                    0.0,
                    1.0
                ]
            ],
            "size": [
                0.15068,
                0.17726,
                0.74884
            ]
        },
        "distance": 0.0
    },
    {
        "case": 23,
        "collider1": {
            "type": "Box",
            "collider2origin": [
                [
                    0.9077781725128689,
                    0.4194505805326724,
