[
    {
        "case": 0,
        "collider1": {
            "type": "Box",
            "collider2origin": [
                [
                    0.9077781725128689,
                    0.4194505805326724,
                    0.0,
                    0.4158817547107895
                ],
                [
                    -0.4194505805326724,
                    0.9077781725128689,
                    0.0,
                    0.733173894971941
                ],
                [
                    0.0,
                    0.0,
                    1.0,
                    -0.6599999999999999
                ],
                [
                    0.0,
                    0.0,
                    0.0,
                    1.0
                ]
            ],
            "size": [
                0.6,
                1.0,
                0.8
            ]
        },
        "collider2": {
            "type": "Cylinder",
            "collider2origin": [
                [
                    0.06302780403782843,
                    0.9978512616414466,
                    -0.017898479229873726,
                    0.4324092516522898
                ],
                [
                    0.7295748862291986,
                    -0.058305006591631514,
                    -0.6814110445171851,
                    0.9144368767187847
                ],
                [
                    -0.6809904414173672,
                    0.029889560835230183,
                    -0.7316820572156028,
                    -0.2569257622318766
                ],
                [
                    0.0,
                    0.0,
                    0.0,
                    1.0
                ]
            ],
            "radius": 0.01271,
            "height": 0.05982
        },
        "distance": 0.0
    },
    {
        "case": 1,
        "collider1": {
            "type": "Box",
            "collider2origin": [
                [
                    0.9077781725128689,
                    0.4194505805326724,
                    0.0,
                    0.4158817547107895
                ],
                [
                    -0.4194505805326724,
                    0.9077781725128689,
                    0.0,
                    0.733173894971941
                ],
                [
                    0.0,
                    0.0,
                    1.0,
                    -0.6599999999999999
                ],
                [
                    0.0,
                    0.0,
                    0.0,
                    1.0
                ]
            ],
            "size": [
                0.6,
                1.0,
                0.8
            ]
        },
        "collider2": {
            "type": "Cylinder",
            "collider2origin": [
                [
                    0.1076509548052607,
                    0.9920877611760178,
                    0.06459989206084048,
                    0.4340140068941952
                ],
                [
                    0.7470978786185613,
                    -0.03785454632121554,
                    -0.663635286197517,
                    0.9233399950742589
                ],
                [
                    -0.6559390457147377,
                    0.11970341451926698,
                    -0.7452617398332401,
                    -0.24517368394069783
                ],
                [
                    0.0,
                    0.0,
                    0.0,
                    1.0
                ]
            ],
            "radius": 0.01169,
            "height": 0.05502
        },
        "distance": 0.0
    },
    {
        "case": 2,
        "collider1": {
            "type": "Box",
            "collider2origin": [
                [
                    0.9077781725128689,
                    0.4194505805326724,
                    0.0,
                    0.4158817547107895
                ],
                [
                    -0.4194505805326724,
                    0.9077781725128689,
                    0.0,
                    0.733173894971941
                ],
                [
                    0.0,
                    0.0,
                    1.0,
                    -0.6599999999999999
                ],
                [
                    0.0,
                    0.0,
                    0.0,
                    1.0
                ]
            ],
            "size": [
                0.6,
                1.0,
                0.8
            ]
        },
        "collider2": {
            "type": "Box",
            "collider2origin": [
                [
                    -0.5663174978352307,
                    -0.40713435248347674,
                    0.7166073615819918,
                    0.406982664426283
                ],
                [
                    0.6435581247999604,
                    0.3247453504435526,
                    0.6930897469803263,
                    0.8606250859250552
                ],
                [
                    -0.5148955541171457,
                    0.8536873411227052,
                    0.07810564612909471,
                    -0.23872555916328564
                ],
                [
                    0.0,
                    0.0,
                    0.0,
                    1.0
                ]
            ],
            "size": [
                0.07264,
                0.04753,
                0.03326
            ]
        },
        "distance": 0.0
    },
    {
        "case": 3,
        "collider1": {
            "type": "Box",
            "collider2origin": [
                [
                    0.9077781725128689,
                    0.4194505805326724,
                    0.0,
                    0.27063700059322826
                ],
                [
                    -0.4194505805326724,
                    0.9077781725128689,
                    0.0,
                    0.8002854543438492
                ],
                [
                    0.0,
                    0.0,
                    1.0,
                    -0.25
                ],
                [
                    0.0,
                    0.0,
                    0.0,
                    1.0
                ]
            ],
            "size": [
                0.2,
                0.2,
                0.02
            ]
        },
        "collider2": {
            "type": "Box",
            "collider2origin": [
                [
                    -0.5663174978352307,
                    -0.40713435248347674,
                    0.7166073615819918,
                    0.406982664426283
                ],
                [
                    0.6435581247999604,
                    0.3247453504435526,
                    0.6930897469803263,
                    0.8606250859250552
                ],
                [
                    -0.5148955541171457,
                    0.8536873411227052,
                    0.07810564612909471,
                    -0.23872555916328564
                ],
                [
                    0.0,
                    0.0,
                    0.0,
                    1.0
                ]
            ],
            "size": [
                0.07264,
                0.04753,
                0.03326
            ]
        },
        "distance": 0.0
    },
    {
        "case": 4,
        "collider1": {
            "type": "Box",
            "collider2origin": [
                [
                    0.9077781725128689,
                    0.4194505805326724,
                    0.0,
                    0.4158817547107895
                ],
                [
                    -0.4194505805326724,
                    0.9077781725128689,
                    0.0,
                    0.733173894971941
                ],
                [
                    0.0,
                    0.0,
                    1.0,
                    -0.6599999999999999
                ],
                [
                    0.0,
                    0.0,
                    0.0,
                    1.0
                ]
            ],
            "size": [
                0.6,
                1.0,
                0.8
            ]
        },
        "collider2": {
            "type": "Box",
            "collider2origin": [
                [
                    0.12298584241212664,
                    0.8260564272750665,
                    -0.5500047831825944,
                    0.27918405354352116
                ],
                [
                    0.18026948277020788,
                    -0.5635874190731455,
                    -0.8061464722023117,
                    0.45979376184620935
                ],
                [
                    -0.9758982509196035,
                    -4.474794101279411e-06,
                    -0.218226038391469,
                    -0.16806539141141297
                ],
                [
                    0.0,
                    0.0,
                    0.0,
                    1.0
                ]
            ],
            "size": [
                0.15068,
                0.17726,
                0.74884
            ]
        },
        "distance": 0.0
    },
    {
        "case": 5,
        "collider1": {
            "type": "Box",
            "collider2origin": [
                [
                    0.9077781725128689,
                    0.4194505805326724,
                    0.0,
                    0.27063700059322826
                ],
                [
                    -0.4194505805326724,
                    0.9077781725128689,
                    0.0,
                    0.8002854543438492
                ],
                [
                    0.0,
                    0.0,
                    1.0,
                    -0.25
                ],
                [
                    0.0,
                    0.0,
                    0.0,
                    1.0
                ]
            ],
            "size": [
                0.2,
                0.2,
                0.02
            ]
        },
        "collider2": {
            "type": "Box",
            "collider2origin": [
                [
                    0.12298584241212664,
                    0.8260564272750665,
                    -0.5500047831825944,
                    0.27918405354352116
                ],
                [
                    0.18026948277020788,
                    -0.5635874190731455,
                    -0.8061464722023117,
                    0.45979376184620935
                ],
                [
                    -0.9758982509196035,
                    -4.474794101279411e-06,
                    -0.218226038391469,
                    -0.16806539141141297
                ],
                [
                    0.0,
                    0.0,
                    0.0,
                    1.0
                ]
            ],
            "size": [
                0.15068,
                0.17726,
                0.74884
            ]
        },
        "distance": 0.037069267175371935
    },
    {
        "case": 6,
        "collider1": {
            "type": "Box",
            "collider2origin": [
                [
                    0.907778172512869,
                    0.4194505805326725,
                    0.0,
                    0.9947946797881562
                ],
                [
                    -0.4194505805326725,
                    0.907778172512869,
                    0.0,
                    0.5317739604993647
                ],
                [
                    0.0,
                    0.0,
                    1.0,
                    -0.69
                ],
                [
                    0.0,
                    0.0,
                    0.0,
                    1.0
                ]
            ],
            "size": [
                0.6,
                1.2,
                0.75
            ]
        },
        "collider2": {
            "type": "Box",
            "collider2origin": [
                [
                    0.12298584241212664,
                    0.8260564272750665,
                    -0.5500047831825944,
                    0.27918405354352116
                ],
                [
                    0.18026948277020788,
                    -0.5635874190731455,
                    -0.8061464722023117,
                    0.45979376184620935
                ],
                [
                    -0.9758982509196035,
                    -4.474794101279411e-06,
                    -0.218226038391469,
                    -0.16806539141141297
                ],
                [
                    0.0,
                    0.0,
                    0.0,
                    1.0
                ]
            ],
            "size": [
                0.15068,
                0.17726,
                0.74884
            ]
        },
        "distance": 0.2280636033841996
    },
    {
        "case": 7,
        "collider1": {
            "type": "Box",
            "collider2origin": [
                [
                    0.9077781725128689,
                    0.4194505805326724,
                    0.0,
                    0.4158817547107895
                ],
                [
                    -0.4194505805326724,
                    0.9077781725128689,
                    0.0,
                    0.733173894971941
                ],
                [
                    0.0,
                    0.0,
                    1.0,
                    -0.6599999999999999
                ],
                [
                    0.0,
                    0.0,
                    0.0,
                    1.0
                ]
            ],
            "size": [
                0.6,
                1.0,
                0.8
            ]
        },
        "collider2": {
            "type": "Box",
            "collider2origin": [
                [
                    0.12298584241212664,
                    0.8260564272750665,
                    -0.5500047831825944,
                    0.27918405354352116
                ],
                [
                    0.18026948277020788,
                    -0.5635874190731455,
                    -0.8061464722023117,
                    0.45979376184620935
                ],
                [
                    -0.9758982509196035,
                    -4.474794101279411e-06,
                    -0.218226038391469,
                    -0.16806539141141297
                ],
                [
                    0.0,
                    0.0,
                    0.0,
                    1.0
                ]
            ],
            "size": [
                0.15068,
                0.17726,
                0.74884
            ]
        },
        "distance": 0.0
    },
    {
        "case": 8,
        "collider1": {
            "type": "Box",
            "collider2origin": [
                [
                    0.9077781725128689,
                    0.4194505805326724,
                    0.0,
                    0.27063700059322826
                ],
                [
                    -0.4194505805326724,
                    0.9077781725128689,
                    0.0,
                    0.8002854543438492
                ],
                [
                    0.0,
                    0.0,
                    1.0,
                    -0.25
                ],
                [
                    0.0,
                    0.0,
                    0.0,
                    1.0
                ]
            ],
            "size": [
                0.2,
                0.2,
                0.02
            ]
        },
        "collider2": {
            "type": "Box",
            "collider2origin": [
                [
                    0.12298584241212664,
                    0.8260564272750665,
                    -0.5500047831825944,
                    0.27918405354352116
                ],
                [
                    0.18026948277020788,
                    -0.5635874190731455,
                    -0.8061464722023117,
                    0.45979376184620935
                ],
                [
                    -0.9758982509196035,
                    -4.474794101279411e-06,
                    -0.218226038391469,
                    -0.16806539141141297
                ],
                [
                    0.0,
                    0.0,
                    0.0,
                    1.0
                ]
            ],
            "size": [
                0.15068,
                0.17726,
                0.74884
            ]
        },
        "distance": 0.037069267175371935
    },
    {
        "case": 9,
        "collider1": {
            "type": "Box",
            "collider2origin": [
                [
                    0.907778172512869,
                    0.4194505805326725,
                    0.0,
                    0.9947946797881562
                ],
                [
                    -0.4194505805326725,
                    0.907778172512869,
                    0.0,
                    0.5317739604993647
                ],
                [
                    0.0,
                    0.0,
                    1.0,
                    -0.69
                ],
                [
                    0.0,
                    0.0,
                    0.0,
                    1.0
                ]
            ],
            "size": [
                0.6,
                1.2,
                0.75
            ]
        },
        "collider2": {
            "type": "Box",
            "collider2origin": [
                [
                    0.12298584241212664,
                    0.8260564272750665,
                    -0.5500047831825944,
                    0.27918405354352116
                ],
                [
                    0.18026948277020788,
                    -0.5635874190731455,
                    -0.8061464722023117,
                    0.45979376184620935
                ],
                [
                    -0.9758982509196035,
                    -4.474794101279411e-06,
                    -0.218226038391469,
                    -0.16806539141141297
                ],
                [
                    0.0,
                    0.0,
                    0.0,
                    1.0
                ]
            ],
            "size": [
                0.15068,
                0.17726,
                0.74884
            ]
        },
        "distance": 0.2280636033841996
    },
    {
        "case": 10,
        "collider1": {
            "type": "Box",
            "collider2origin": [
                [
                    0.9077781725128689,
                    0.4194505805326724,
                    0.0,
                    0.4158817547107895
                ],
                [
                    -0.4194505805326724,
                    0.9077781725128689,
                    0.0,
                    0.733173894971941
                ],
                [
                    0.0,
                    0.0,
                    1.0,
                    -0.6599999999999999
                ],
                [
                    0.0,
                    0.0,
                    0.0,
                    1.0
                ]
            ],
            "size": [
                0.6,
                1.0,
                0.8
            ]
        },
        "collider2": {
            "type": "Box",
            "collider2origin": [
                [
                    -0.8156742770780383,
                    -0.23358453413891664,
                    0.5292577246713789,
                    0.4706951967488828
                ],
                [
                    0.3537003748487741,
                    0.5225917937595411,
                    0.7757537379394457,
                    0.7612514896773642
                ],
                [
                    -0.45778981918021777,
                    0.8199610249922192,
                    -0.3436457462979177,
                    -0.4098990011374679
                ],
                [
                    0.0,
                    0.0,
                    0.0,
                    1.0
                ]
            ],
            "size": [
                0.09126,
                0.11887,
                0.10009
            ]
        },
        "distance": 0.0
    },
    {
        "case": 11,
        "collider1": {
            "type": "Box",
            "collider2origin": [
                [
                    0.907778172512869,
                    0.4194505805326725,
                    0.0,
                    0.9947946797881562
                ],
                [
                    -0.4194505805326725,
                    0.907778172512869,
                    0.0,
                    0.5317739604993647
                ],
                [
                    0.0,
                    0.0,
                    1.0,
                    -0.69
                ],
                [
                    0.0,
                    0.0,
                    0.0,
                    1.0
                ]
            ],
            "size": [
                0.6,
                1.2,
                0.75
            ]
        },
        "collider2": {
            "type": "Box",
            "collider2origin": [
                [
                    -0.8156742770780383,
                    -0.23358453413891664,
                    0.5292577246713789,
                    0.4706951967488828
                ],
                [
                    0.3537003748487741,
                    0.5225917937595411,
                    0.7757537379394457,
                    0.7612514896773642
                ],
                [
                    -0.45778981918021777,
                    0.8199610249922192,
                    -0.3436457462979177,
                    -0.4098990011374679
                ],
                [
                    0.0,
                    0.0,
                    0.0,
                    1.0
                ]
            ],
            "size": [
                0.09126,
                0.11887,
                0.10009
            ]
        },
        "distance": 0.19807320216302732
    },
    {
        "case": 12,
        "collider1": {
            "type": "Box",
            "collider2origin": [
                [
                    0.9077781725128689,
                    0.4194505805326724,
                    0.0,
                    0.4158817547107895
                ],
                [
                    -0.4194505805326724,
                    0.9077781725128689,
                    0.0,
                    0.733173894971941
                ],
                [
                    0.0,
                    0.0,
                    1.0,
                    -0.6599999999999999
                ],
                [
                    0.0,
                    0.0,
                    0.0,
                    1.0
                ]
            ],
            "size": [
                0.6,
                1.0,
                0.8
            ]
        },
        "collider2": {
            "type": "Box",
            "collider2origin": [
                [
                    -0.810955322653419,
                    -0.2335884487338048,
                    -0.5364586668870435,
                    0.4547669252150257
                ],
                [
                    -0.5699686572196585,
                    0.5225912732951938,
                    0.6340615828631534,
                    0.8037865386019968
                ],
                [
                    0.13223915625603735,
                    0.819960241532382,
                    -0.5569362691177947,
                    -0.3504682056216688
                ],
                [
                    0.0,
                    0.0,
                    0.0,
                    1.0
                ]
            ],
            "size": [
                0.08993,
                0.0305,
                0.09007
            ]
        },
        "distance": 0.0
    },
    {
        "case": 13,
        "collider1": {
            "type": "Box",
            "collider2origin": [
                [
                    0.907778172512869,
                    0.4194505805326725,
                    0.0,
                    0.9947946797881562
                ],
                [
                    -0.4194505805326725,
                    0.907778172512869,
                    0.0,
                    0.5317739604993647
                ],
                [
                    0.0,
                    0.0,
                    1.0,
                    -0.69
                ],
                [
                    0.0,
                    0.0,
                    0.0,
                    1.0
                ]
            ],
            "size": [
                0.6,
                1.2,
                0.75
            ]
        },
        "collider2": {
            "type": "Box",
            "collider2origin": [
                [
                    -0.810955322653419,
                    -0.2335884487338048,
                    -0.5364586668870435,
                    0.4547669252150257
                ],
                [
                    -0.5699686572196585,
                    0.5225912732951938,
                    0.6340615828631534,
                    0.8037865386019968
                ],
                [
                    0.13223915625603735,
                    0.819960241532382,
                    -0.5569362691177947,
                    -0.3504682056216688
                ],
                [
                    0.0,
                    0.0,
                    0.0,
                    1.0
                ]
            ],
            "size": [
                0.08993,
                0.0305,
                0.09007
            ]
        },
        "distance": 0.24148410260685738
    },
    {
        "case": 14,
        "collider1": {
            "type": "Box",
            "collider2origin": [
                [
                    0.9077781725128689,
                    0.4194505805326724,
                    0.0,
                    0.4158817547107895
                ],
                [
                    -0.4194505805326724,
                    0.9077781725128689,
                    0.0,
                    0.733173894971941
                ],
                [
                    0.0,
                    0.0,
                    1.0,
                    -0.6599999999999999
                ],
                [
                    0.0,
                    0.0,
                    0.0,
                    1.0
                ]
            ],
            "size": [
                0.6,
                1.0,
                0.8
            ]
        },
        "collider2": {
            "type": "Box",
            "collider2origin": [
                [
                    0.19367625115047338,
                    0.8260603916276181,
                    0.5292577246713789,
                    0.4100393997841303
                ],
                [
                    0.28386952762371426,
                    -0.5635816084292206,
                    0.7757537379394457,
                    0.6774628615328052
                ],
                [
                    0.9390993563127323,
                    -4.935486412424723e-06,
                    -0.3436457462979177,
                    -0.3742573703529328
                ],
                [
                    0.0,
                    0.0,
                    0.0,
                    1.0
                ]
            ],
            "size": [
                0.09102,
                0.10007,
                0.11882
            ]
        },
        "distance": 0.0
    },
    {
        "case": 15,
        "collider1": {
            "type": "Box",
            "collider2origin": [
                [
                    0.907778172512869,
                    0.4194505805326725,
                    0.0,
                    0.9947946797881562
                ],
                [
                    -0.4194505805326725,
                    0.907778172512869,
                    0.0,
                    0.5317739604993647
                ],
                [
                    0.0,
                    0.0,
                    1.0,
                    -0.69
                ],
                [
                    0.0,
                    0.0,
                    0.0,
                    1.0
                ]
            ],
            "size": [
                0.6,
                1.2,
                0.75
            ]
        },
        "collider2": {
            "type": "Box",
            "collider2origin": [
                [
                    0.19367625115047338,
                    0.8260603916276181,
                    0.5292577246713789,
                    0.4100393997841303
                ],
                [
                    0.28386952762371426,
                    -0.5635816084292206,
                    0.7757537379394457,
                    0.6774628615328052
                ],
                [
                    0.9390993563127323,
                    -4.935486412424723e-06,
                    -0.3436457462979177,
                    -0.3742573703529328
                ],
                [
                    0.0,
                    0.0,
                    0.0,
                    1.0
                ]
            ],
            "size": [
                0.09102,
                0.10007,
                0.11882
            ]
        },
        "distance": 0.23079462884029425
    },
    {
        "case": 16,
        "collider1": {
            "type": "Box",
            "collider2origin": [
                [
                    0.9077781725128689,
                    0.4194505805326724,
                    0.0,
                    0.4158817547107895
                ],
                [
                    -0.4194505805326724,
                    0.9077781725128689,
                    0.0,
                    0.733173894971941
                ],
                [
                    0.0,
                    0.0,
                    1.0,
                    -0.6599999999999999
                ],
                [
                    0.0,
                    0.0,
                    0.0,
                    1.0
                ]
            ],
            "size": [
                0.6,
                1.0,
                0.8
            ]
        },
        "collider2": {
            "type": "Box",
            "collider2origin": [
                [
                    -0.4035881122651431,
                    -0.40712952949436276,
                    0.8193669396869491,
                    0.4304493105472609
                ],
                [
                    0.7745019476674552,
                    0.32474640742616256,
                    0.5428503513152763,
                    0.8444355195918962
                ],
                [
                    -0.4870968781439442,
                    0.8536892391716666,
                    0.1842588240083069,
                    -0.2813589986419043
                ],
                [
                    0.0,
                    0.0,
                    0.0,
                    1.0
                ]
            ],
            "size": [
                0.06241,
                0.05638,
                0.02858
            ]
        },
        "distance": 0.0
    },
    {
        "case": 17,
        "collider1": {
            "type": "Box",
            "collider2origin": [
                [
                    0.9077781725128689,
                    0.4194505805326724,
                    0.0,
                    0.27063700059322826
                ],
                [
                    -0.4194505805326724,
                    0.9077781725128689,
                    0.0,
                    0.8002854543438492
                ],
                [
                    0.0,
                    0.0,
                    1.0,
                    -0.25
                ],
                [
                    0.0,
                    0.0,
                    0.0,
                    1.0
                ]
            ],
            "size": [
                0.2,
                0.2,
                0.02
            ]
        },
        "collider2": {
            "type": "Box",
            "collider2origin": [
                [
                    -0.4035881122651431,
                    -0.40712952949436276,
                    0.8193669396869491,
                    0.4304493105472609
                ],
                [
                    0.7745019476674552,
                    0.32474640742616256,
                    0.5428503513152763,
                    0.8444355195918962
                ],
                [
                    -0.4870968781439442,
                    0.8536892391716666,
                    0.1842588240083069,
                    -0.2813589986419043
                ],
                [
                    0.0,
                    0.0,
                    0.0,
                    1.0
                ]
            ],
            "size": [
                0.06241,
                0.05638,
                0.02858
            ]
        },
        "distance": 0.00296097489341007
    },
    {
        "case": 18,
        "collider1": {
            "type": "Box",
            "collider2origin": [
                [
                    0.9077781725128689,
                    0.4194505805326724,
                    0.0,
                    0.4158817547107895
                ],
                [
                    -0.4194505805326724,
                    0.9077781725128689,
                    0.0,
                    0.733173894971941
                ],
                [
                    0.0,
                    0.0,
                    1.0,
                    -0.6599999999999999
                ],
                [
                    0.0,
                    0.0,
                    0.0,
                    1.0
                ]
            ],
            "size": [
                0.6,
                1.0,
                0.8
            ]
        },
        "collider2": {
            "type": "Box",
            "collider2origin": [
                [
                    0.13484215971304472,
                    0.8260604575798356,
                    0.5472126756453238,
                    0.15663973629122255
                ],
                [
                    0.1976348655906304,
                    -0.5635815117640675,
                    0.8020700340373663,
                    0.5043509321543282
                ],
                [
                    0.9709572863246329,
                    -4.552030060941621e-06,
                    -0.23925289572413494,
                    -0.30340779286249286
                ],
                [
                    0.0,
                    0.0,
                    0.0,
                    1.0
                ]
            ],
            "size": [
                0.1202,
                0.13634,
                0.67816
            ]
        },
        "distance": 0.0
    },
    {
        "case": 19,
        "collider1": {
            "type": "Box",
            "collider2origin": [
                [
                    0.9077781725128689,
                    0.4194505805326724,
                    0.0,
                    0.27063700059322826
                ],
                [
                    -0.4194505805326724,
                    0.9077781725128689,
                    0.0,
                    0.8002854543438492
                ],
                [
                    0.0,
                    0.0,
                    1.0,
                    -0.25
                ],
                [
                    0.0,
                    0.0,
                    0.0,
                    1.0
                ]
            ],
            "size": [
                0.2,
                0.2,
                0.02
            ]
        },
        "collider2": {
            "type": "Box",
            "collider2origin": [
                [
                    0.13484215971304472,
                    0.8260604575798356,
                    0.5472126756453238,
                    0.15663973629122255
                ],
                [
                    0.1976348655906304,
                    -0.5635815117640675,
                    0.8020700340373663,
                    0.5043509321543282
                ],
                [
                    0.9709572863246329,
                    -4.552030060941621e-06,
                    -0.23925289572413494,
                    -0.30340779286249286
                ],
                [
                    0.0,
                    0.0,
                    0.0,
                    1.0
                ]
            ],
            "size": [
                0.1202,
                0.13634,
                0.67816
            ]
        },
        "distance": 0.0318000247225091
    },
    {
        "case": 20,
        "collider1": {
            "type": "Box",
            "collider2origin": [
                [
                    0.9077781725128689,
                    0.4194505805326724,
                    0.0,
                    0.27063700059322826
                ],
                [
                    -0.4194505805326724,
                    0.9077781725128689,
                    0.0,
                    0.8002854543438492
                ],
                [
                    0.0,
                    0.0,
                    1.0,
                    -0.25
                ],
                [
                    0.0,
                    0.0,
                    0.0,
                    1.0
                ]
            ],
            "size": [
                0.2,
                0.2,
                0.02
            ]
        },
        "collider2": {
            "type": "Cylinder",
            "collider2origin": [
                [
                    -0.43494642895501145,
                    0.45981491523521656,
                    -0.7742040090741673,
                    0.4065086534806702
                ],
                [
                    0.657852204868215,
                    -0.42482779622063976,
                    -0.6218937369907677,
                    0.9007037593852747
                ],
                [
                    -0.6148593989598847,
                    -0.7798022744808741,
                    -0.11771292293178413,
                    -0.2382783680066719
                ],
                [
                    0.0,
                    0.0,
                    0.0,
                    1.0
                ]
            ],
            "radius": 0.00713,
            "height": 0.01697
        },
        "distance": 0.03739553580045365
    }
]