[
    {
        "case": 0,
        "collider1": {
            "type": "Box",
            "collider2origin": [
                [
                    0.9077781725128689,
                    0.4194505805326724,
                    0.0,
                    0.4158817547107895
                ],
                [
                    -0.4194505805326724,
                    0.9077781725128689,
                    0.0,
                    0.733173894971941
                ],
                [
                    0.0,
                    0.0,
                    1.0,
                    -0.6599999999999999
                ],
                [
                    0.0,
                    0.0,
                    0.0,
                    1.0
                ]
            ],
            "size": [
                0.6,
                1.0,
                0.8
            ]
        },
        "collider2": {
            "type": "Box",
            "collider2origin": [
                [
                    -0.5107710771817324,
                    -0.15306313691551732,
                    0.8459814317301502,
                    0.45602759959153266
                ],
                [
                    -0.07911727856466486,
                    0.9882164115650668,
                    0.13102969184877122,
                    0.8729393173899058
                ],
                [
                    -0.8560685503784927,
                    -5.571746340976027e-06,
                    -0.5168622998650816,
                    -0.8549862798393948
                ],
                [
                    0.0,
                    0.0,
                    0.0,
                    1.0
                ]
            ],
            "size": [
                0.1202,
                0.13634,
                0.67816
            ]
        },
        "distance": 0.0
    },
    {
        "case": 1,
        "collider1": {
            "type": "Box",
            "collider2origin": [
                [
                    0.907778172512869,
                    0.4194505805326725,
                    0.0,
                    0.9947946797881562
                ],
                [
                    -0.4194505805326725,
                    0.907778172512869,
                    0.0,
                    0.5317739604993647
                ],
                [
                    0.0,
                    0.0,
                    1.0,
                    -0.69
                ],
                [
                    0.0,
                    0.0,
                    0.0,
                    1.0
                ]
            ],
            "size": [
                0.6,
                1.2,
                0.75
            ]
        },
        "collider2": {
            "type": "Box",
            "collider2origin": [
                [
                    -0.5107710771817324,
                    -0.15306313691551732,
                    0.8459814317301502,
                    0.45602759959153266
                ],
                [
                    -0.07911727856466486,
                    0.9882164115650668,
                    0.13102969184877122,
                    0.8729393173899058
                ],
                [
                    -0.8560685503784927,
                    -5.571746340976027e-06,
                    -0.5168622998650816,
                    -0.8549862798393948
                ],
                [
                    0.0,
                    0.0,
                    0.0,
                    1.0
                ]
            ],
            "size": [
                0.1202,
                0.13634,
                0.67816
            ]
        },
        "distance": 0.026816985778241275
    },
    {
        "case": 2,
        "collider1": {
            "type": "Box",
            "collider2origin": [
                [
                    0.9077781725128689,
                    0.4194505805326724,
                    0.0,
                    0.4158817547107895
                ],
                [
                    -0.4194505805326724,
                    0.9077781725128689,
                    0.0,
                    0.733173894971941
                ],
                [
                    0.0,
                    0.0,
                    1.0,
                    -0.6599999999999999
                ],
                [
                    0.0,
                    0.0,
                    0.0,
                    1.0
                ]
            ],
            "size": [
                0.6,
                1.0,
                0.8
            ]
        },
        "collider2": {
            "type": "Box",
            "collider2origin": [
                [
                    -0.9808244020182842,
                    -0.15306668751538918,
                    -0.12064029831918319,
                    0.2371921804364589
                ],
                [
                    -0.15192090573431005,
                    0.9882158616008446,
                    -0.018693562564890524,
                    0.9668918140613945
                ],
                [
                    0.12208001804694399,
                    -7.318935592468787e-06,
                    -0.9925202613247202,
                    -0.40043901776718926
                ],
                [
                    0.0,
                    0.0,
                    0.0,
                    1.0
                ]
            ],
            "size": [
                0.15068,
                0.17726,
                0.74884
            ]
        },
        "distance": 0.0
    },
    {
        "case": 3,
        "collider1": {
            "type": "Box",
            "collider2origin": [
                [
                    0.9077781725128689,
                    0.4194505805326724,
                    0.0,
                    0.27063700059322826
                ],
                [
                    -0.4194505805326724,
                    0.9077781725128689,
                    0.0,
                    0.8002854543438492
                ],
                [
                    0.0,
                    0.0,
                    1.0,
                    -0.25
                ],
                [
                    0.0,
                    0.0,
                    0.0,
                    1.0
                ]
            ],
            "size": [
                0.2,
                0.2,
                0.02
            ]
        },
        "collider2": {
            "type": "Box",
            "collider2origin": [
                [
                    -0.9808244020182842,
                    -0.15306668751538918,
                    -0.12064029831918319,
                    0.2371921804364589
                ],
                [
                    -0.15192090573431005,
                    0.9882158616008446,
                    -0.018693562564890524,
                    0.9668918140613945
                ],
                [
                    0.12208001804694399,
                    -7.318935592468787e-06,
                    -0.9925202613247202,
                    -0.40043901776718926
                ],
                [
                    0.0,
                    0.0,
                    0.0,
                    1.0
                ]
            ],
            "size": [
                0.15068,
                0.17726,
                0.74884
            ]
        },
        "distance": 0.0
    },
    {
        "case": 4,
        "collider1": {
            "type": "Box",
            "collider2origin": [
                [
                    0.9077781725128689,
                    0.4194505805326724,
                    0.0,
                    0.4158817547107895
                ],
                [
                    -0.4194505805326724,
                    0.9077781725128689,
                    0.0,
                    0.733173894971941
                ],
                [
                    0.0,
                    0.0,
                    1.0,
                    -0.6599999999999999
                ],
                [
                    0.0,
                    0.0,
                    0.0,
                    1.0
                ]
            ],
            "size": [
                0.6,
                1.0,
                0.8
            ]
        },
        "collider2": {
            "type": "Box",
            "collider2origin": [
                [
                    -0.9808244020182842,
                    -0.15306668751538918,
                    -0.12064029831918319,
                    0.2371921804364589
                ],
                [
                    -0.15192090573431005,
                    0.9882158616008446,
                    -0.018693562564890524,
                    0.9668918140613945
                ],
                [
                    0.12208001804694399,
                    -7.318935592468787e-06,
                    -0.9925202613247202,
                    -0.40043901776718926
                ],
                [
                    0.0,
                    0.0,
                    0.0,
                    1.0
                ]
            ],
            "size": [
                0.15068,
                0.17726,
                0.74884
            ]
        },
        "distance": 0.0
    },
    {
        "case": 5,
        "collider1": {
            "type": "Box",
            "collider2origin": [
                [
                    0.9077781725128689,
                    0.4194505805326724,
                    0.0,
                    0.27063700059322826
                ],
                [
                    -0.4194505805326724,
                    0.9077781725128689,
                    0.0,
                    0.8002854543438492
                ],
                [
                    0.0,
                    0.0,
                    1.0,
                    -0.25
                ],
                [
                    0.0,
                    0.0,
                    0.0,
                    1.0
                ]
            ],
            "size": [
                0.2,
                0.2,
                0.02
            ]
        },
        "collider2": {
            "type": "Box",
            "collider2origin": [
                [
                    -0.9808244020182842,
                    -0.15306668751538918,
                    -0.12064029831918319,
                    0.2371921804364589
                ],
                [
                    -0.15192090573431005,
                    0.9882158616008446,
                    -0.018693562564890524,
                    0.9668918140613945
                ],
                [
                    0.12208001804694399,
                    -7.318935592468787e-06,
                    -0.9925202613247202,
                    -0.40043901776718926
                ],
                [
                    0.0,
                    0.0,
                    0.0,
                    1.0
                ]
            ],
            "size": [
                0.15068,
                0.17726,
                0.74884
            ]
        },
        "distance": 0.0
    },
    {
        "case": 6,
        "collider1": {
            "type": "Box",
            "collider2origin": [
                [
                    0.9077781725128689,
                    0.4194505805326724,
                    0.0,
                    0.4158817547107895
                ],
                [
                    -0.4194505805326724,
                    0.9077781725128689,
                    0.0,
                    0.733173894971941
                ],
                [
                    0.0,
                    0.0,
                    1.0,
                    -0.6599999999999999
                ],
                [
                    0.0,
                    0.0,
                    0.0,
                    1.0
                ]
            ],
            "size": [
                0.6,
                1.0,
                0.8
            ]
        },
        "collider2": {
            "type": "Box",
            "collider2origin": [
                [
                    -0.9541880432922538,
                    -0.15306718872559905,
                    -0.25709067228069915,
                    0.68535986117808
                ],
                [
                    -0.14779464703303358,
                    0.9882157839680131,
                    -0.03982846500766181,
                    1.021553056243374
                ],
                [
                    0.26015749142871336,
                    -7.219927783575593e-06,
                    -0.9655661963849974,
                    -1.0084776548424357
                ],
                [
                    0.0,
                    0.0,
                    0.0,
                    1.0
                ]
            ],
            "size": [
                0.09102,
                0.10007,
                0.11882
            ]
        },
        "distance": 0.0
    },
    {
        "case": 7,
        "collider1": {
            "type": "Box",
            "collider2origin": [
                [
                    0.907778172512869,
                    0.4194505805326725,
                    0.0,
                    0.9947946797881562
                ],
                [
                    -0.4194505805326725,
                    0.907778172512869,
                    0.0,
                    0.5317739604993647
                ],
                [
                    0.0,
                    0.0,
                    1.0,
                    -0.69
                ],
                [
                    0.0,
                    0.0,
                    0.0,
                    1.0
                ]
            ],
            "size": [
                0.6,
                1.2,
                0.75
            ]
        },
        "collider2": {
            "type": "Box",
            "collider2origin": [
                [
                    -0.9541880432922538,
                    -0.15306718872559905,
                    -0.25709067228069915,
                    0.68535986117808
                ],
                [
                    -0.14779464703303358,
                    0.9882157839680131,
                    -0.03982846500766181,
                    1.021553056243374
                ],
                [
                    0.26015749142871336,
                    -7.219927783575593e-06,
                    -0.9655661963849974,
                    -1.0084776548424357
                ],
                [
                    0.0,
                    0.0,
                    0.0,
                    1.0
                ]
            ],
            "size": [
                0.09102,
                0.10007,
                0.11882
            ]
        },
        "distance": 0.10917224199689192
    },
    {
        "case": 8,
        "collider1": {
            "type": "Box",
            "collider2origin": [
                [
                    0.9077781725128689,
                    0.4194505805326724,
                    0.0,
                    0.4158817547107895
                ],
                [
                    -0.4194505805326724,
                    0.9077781725128689,
                    0.0,
                    0.733173894971941
                ],
                [
                    0.0,
                    0.0,
                    1.0,
                    -0.6599999999999999
                ],
                [
                    0.0,
                    0.0,
                    0.0,
                    1.0
                ]
            ],
            "size": [
                0.6,
                1.0,
                0.8
            ]
        },
        "collider2": {
            "type": "Box",
            "collider2origin": [
                [
                    -0.9129439943341949,
                    0.31691899506874577,
                    -0.25709067228069915,
                    0.6570857891369531
                ],
                [
                    0.3376730935408646,
                    0.9404204247429316,
                    -0.03982846500766181,
                    1.0231499564201318
                ],
                [
                    0.2291509221183021,
                    -0.12317376056181875,
                    -0.9655661963849974,
                    -1.1142648993171764
                ],
                [
                    0.0,
                    0.0,
                    0.0,
                    1.0
                ]
            ],
            "size": [
                0.09126,
                0.11887,
                0.10009
            ]
        },
        "distance": 0.0
    },
    {
        "case": 9,
        "collider1": {
            "type": "Box",
            "collider2origin": [
                [
                    0.907778172512869,
                    0.4194505805326725,
                    0.0,
                    0.9947946797881562
                ],
                [
                    -0.4194505805326725,
                    0.907778172512869,
                    0.0,
                    0.5317739604993647
                ],
                [
                    0.0,
                    0.0,
                    1.0,
                    -0.69
                ],
                [
                    0.0,
                    0.0,
                    0.0,
                    1.0
                ]
            ],
            "size": [
                0.6,
                1.2,
                0.75
            ]
        },
        "collider2": {
            "type": "Box",
            "collider2origin": [
                [
                    -0.9129439943341949,
                    0.31691899506874577,
                    -0.25709067228069915,
                    0.6570857891369531
                ],
                [
                    0.3376730935408646,
                    0.9404204247429316,
                    -0.03982846500766181,
                    1.0231499564201318
                ],
                [
                    0.2291509221183021,
                    -0.12317376056181875,
                    -0.9655661963849974,
                    -1.1142648993171764
                ],
                [
                    0.0,
                    0.0,
                    0.0,
                    1.0
                ]
            ],
            "size": [
                0.09126,
                0.11887,
                0.10009
            ]
        },
        "distance": 0.151259652404813
    }
]