[
    {
        "case": 0,
        "collider1": {
            "type": "Cylinder",
            "collider2origin": [
                [
                    0.907778172512869,
                    0.4194505805326725,
                    0.0,
                    -0.07232761537572224
                ],
                [
                    -0.4194505805326725,
                    0.907778172512869,
                    0.0,
                    1.2000044650142188
                ],
                [
                    0.0,
                    0.0,
                    1.0,
                    -0.5800000000000001
                ],
                [
                    0.0,
                    0.0,
                    0.0,
                    1.0
                ]
            ],
            "radius": 0.04,
            "height": 0.96
        },
        "collider2": {
            "type": "Box",
            "collider2origin": [
                [
                    -0.7050384199407198,
                    0.5780455515100507,
                    0.41083350251280004,
                    0.12552861973556473
                ],
                [
                    0.49943459403410845,
                    0.8160044977403995,
                    -0.29103564377825586,
                    0.9826617282582014
                ],
                [
                    -0.503473845089771,
                    -6.8468927605005664e-06,
                    -0.864010467103056,
                    0.1273872816340269
                ],
                [
                    0.0,
                    0.0,
                    0.0,
                    1.0
                ]
            ],
            "size": [
                0.1202,
                0.13634,
                0.67816
            ]
        },
        "distance": 0.26786785919987166
    },
    {
        "case": 1,
        "collider1": {
            "type": "Box",
            "collider2origin": [
                [
                    0.8404842512412337,
                    -0.5418359746412772,
                    0.0,
                    0.011439976095501792
                ],
                [
                    0.5418359746412771,
                    0.8404842512412338,
                    0.0,
                    1.4325762997644957
                ],
                [
                    0.0,
                    0.0,
                    1.0,
                    -0.21500000000000008
                ],
                [
                    0.0,
                    0.0,
                    0.0,
                    1.0
                ]
            ],
            "size": [
                0.2,
                0.3,
                0.22
            ]
        },
        "collider2": {
            "type": "Box",
            "collider2origin": [
                [
                    0.6297539125344954,
                    0.5780421363371051,
                    -0.5189193562263128,
                    0.2451699231105276
                ],
                [
                    -0.44610377217652375,
                    0.8160069170161077,
                    0.3675923500723913,
                    1.0527373069640191
                ],
                [
                    0.6359256513912388,
                    -8.384078668541452e-07,
                    0.7717503261430637,
                    0.12873841262173769
                ],
                [
                    0.0,
                    0.0,
                    0.0,
                    1.0
                ]
            ],
            "size": [
                0.15068,
                0.17726,
                0.74884
            ]
        },
        "distance": 0.2788290746941558
    },
    {
        "case": 2,
        "collider1": {
            "type": "Box",
            "collider2origin": [
                [
                    0.9081427509232697,
                    -0.4186606548811531,
                    0.0,
                    -0.09474126814702305
                ],
                [
                    0.41866065488115317,
                    0.9081427509232698,
                    0.0,
                    1.368923948110301
                ],
                [
                    0.0,
                    0.0,
                    1.0,
                    -0.21500000000000008
                ],
                [
                    0.0,
                    0.0,
                    0.0,
                    1.0
                ]
            ],
            "size": [
                0.2,
                0.3,
                0.22
            ]
        },
        "collider2": {
            "type": "Box",
            "collider2origin": [
                [
                    0.6297539125344954,
                    0.5780421363371051,
                    -0.5189193562263128,
                    0.2451699231105276
                ],
                [
                    -0.44610377217652375,
                    0.8160069170161077,
                    0.3675923500723913,
                    1.0527373069640191
                ],
                [
                    0.6359256513912388,
                    -8.384078668541452e-07,
                    0.7717503261430637,
                    0.12873841262173769
                ],
                [
                    0.0,
                    0.0,
                    0.0,
                    1.0
                ]
            ],
            "size": [
                0.15068,
                0.17726,
                0.74884
            ]
        },
        "distance": 0.28958180907998393
    },
    {
        "case": 3,
        "collider1": {
            "type": "Cylinder",
            "collider2origin": [
                [
                    0.907778172512869,
                    0.4194505805326725,
                    0.0,
                    -0.07232761537572224
                ],
                [
                    -0.4194505805326725,
                    0.907778172512869,
                    0.0,
                    1.2000044650142188
                ],
                [
                    0.0,
                    0.0,
                    1.0,
                    -0.5800000000000001
                ],
                [
                    0.0,
                    0.0,
                    0.0,
                    1.0
                ]
            ],
            "radius": 0.04,
            "height": 0.96
        },
        "collider2": {
            "type": "Box",
            "collider2origin": [
                [
                    0.6297539125344954,
                    0.5780421363371051,
                    -0.5189193562263128,
                    0.2451699231105276
                ],
                [
                    -0.44610377217652375,
                    0.8160069170161077,
                    0.3675923500723913,
                    1.0527373069640191
                ],
                [
                    0.6359256513912388,
                    -8.384078668541452e-07,
                    0.7717503261430637,
                    0.12873841262173769
                ],
                [
                    0.0,
                    0.0,
                    0.0,
                    1.0
                ]
            ],
            "size": [
                0.15068,
                0.17726,
                0.74884
            ]
        },
        "distance": 0.30489236280463344
    },
    {
        "case": 4,
        "collider1": {
            "type": "Box",
            "collider2origin": [
                [
                    0.8404842512412337,
                    -0.5418359746412772,
                    0.0,
                    0.011439976095501792
                ],
                [
                    0.5418359746412771,
                    0.8404842512412338,
                    0.0,
                    1.4325762997644957
                ],
                [
                    0.0,
                    0.0,
                    1.0,
                    -0.21500000000000008
                ],
                [
                    0.0,
                    0.0,
                    0.0,
                    1.0
                ]
            ],
            "size": [
                0.2,
                0.3,
                0.22
            ]
        },
        "collider2": {
            "type": "Box",
            "collider2origin": [
                [
                    0.6297539125344954,
                    0.5780421363371051,
                    -0.5189193562263128,
                    0.2451699231105276
                ],
                [
                    -0.44610377217652375,
                    0.8160069170161077,
                    0.3675923500723913,
                    1.0527373069640191
                ],
                [
                    0.6359256513912388,
                    -8.384078668541452e-07,
                    0.7717503261430637,
                    0.12873841262173769
                ],
                [
                    0.0,
                    0.0,
                    0.0,
                    1.0
                ]
            ],
            "size": [
                0.15068,
                0.17726,
                0.74884
            ]
        },
        "distance": 0.2788290746941558
    },
    {
        "case": 5,
        "collider1": {
            "type": "Box",
            "collider2origin": [
                [
                    0.9081427509232697,
                    -0.4186606548811531,
                    0.0,
                    -0.09474126814702305
                ],
                [
                    0.41866065488115317,
                    0.9081427509232698,
                    0.0,
                    1.368923948110301
                ],
                [
                    0.0,
                    0.0,
                    1.0,
                    -0.21500000000000008
                ],
                [
                    0.0,
                    0.0,
                    0.0,
                    1.0
                ]
            ],
            "size": [
                0.2,
                0.3,
                0.22
            ]
        },
        "collider2": {
            "type": "Box",
            "collider2origin": [
                [
                    0.6297539125344954,
                    0.5780421363371051,
                    -0.5189193562263128,
                    0.2451699231105276
                ],
                [
                    -0.44610377217652375,
                    0.8160069170161077,
                    0.3675923500723913,
                    1.0527373069640191
                ],
                [
                    0.6359256513912388,
                    -8.384078668541452e-07,
                    0.7717503261430637,
                    0.12873841262173769
                ],
                [
                    0.0,
                    0.0,
                    0.0,
                    1.0
                ]
            ],
            "size": [
                0.15068,
                0.17726,
                0.74884
            ]
        },
        "distance": 0.28958180907998393
    },
    {
        "case": 6,
        "collider1": {
            "type": "Cylinder",
            "collider2origin": [
                [
                    0.907778172512869,
                    0.4194505805326725,
                    0.0,
                    -0.07232761537572224
                ],
                [
                    -0.4194505805326725,
                    0.907778172512869,
                    0.0,
                    1.2000044650142188
                ],
                [
                    0.0,
                    0.0,
                    1.0,
                    -0.5800000000000001
                ],
                [
                    0.0,
                    0.0,
                    0.0,
                    1.0
                ]
            ],
            "radius": 0.04,
            "height": 0.96
        },
        "collider2": {
            "type": "Box",
            "collider2origin": [
                [
                    0.6297539125344954,
                    0.5780421363371051,
                    -0.5189193562263128,
                    0.2451699231105276
                ],
                [
                    -0.44610377217652375,
                    0.8160069170161077,
                    0.3675923500723913,
                    1.0527373069640191
                ],
                [
                    0.6359256513912388,
                    -8.384078668541452e-07,
                    0.7717503261430637,
                    0.12873841262173769
                ],
                [
                    0.0,
                    0.0,
                    0.0,
                    1.0
                ]
            ],
            "size": [
                0.15068,
                0.17726,
                0.74884
            ]
        },
        "distance": 0.30489236280463344
    }
]