[
    {
        "case": 0,
        "collider1": {
            "type": "Box",
            "collider2origin": [
                [
                    0.718022042059392,
                    -0.6960203640101781,
                    0.0,
                    0.13748258467077087
                ],
                [
                    0.6960203640101781,
                    0.718022042059392,
                    0.0,
                    1.5384737068316263
                ],
                [
                    0.0,
                    0.0,
                    1.0,
                    -0.21500000000000008
                ],
                [
                    0.0,
                    0.0,
                    0.0,
                    1.0
                ]
            ],
            "size": [
                0.2,
                0.3,
                0.22
            ]
        },
        "collider2": {
            "type": "Box",
            "collider2origin": [
                [
                    0.23823378195342582,
                    -0.8115805106724845,
                    0.5334620322316824,
                    0.31834454653562755
                ],
                [
                    0.33093199824537467,
                    0.5842405965797454,
                    0.7410444911376552,
                    1.1242319100870795
                ],
                [
                    -0.9130874425122112,
                    -2.175405006426834e-06,
                    0.4077638070277653,
                    0.01970657087626604
                ],
                [
                    0.0,
                    0.0,
                    0.0,
                    1.0
                ]
            ],
            "size": [
                0.15068,
                0.17726,
                0.74884
            ]
        },
        "distance": 0.1886889424693674
    },
    {
        "case": 1,
        "collider1": {
            "type": "Box",
            "collider2origin": [
                [
                    0.8404842512412337,
                    -0.5418359746412772,
                    0.0,
                    0.011439976095501792
                ],
                [
                    0.5418359746412771,
                    0.8404842512412338,
                    0.0,
                    1.4325762997644957
                ],
                [
                    0.0,
                    0.0,
                    1.0,
                    -0.21500000000000008
                ],
                [
                    0.0,
                    0.0,
                    0.0,
                    1.0
                ]
            ],
            "size": [
                0.2,
                0.3,
                0.22
            ]
        },
        "collider2": {
            "type": "Box",
            "collider2origin": [
                [
                    0.23823378195342582,
                    -0.8115805106724845,
                    0.5334620322316824,
                    0.31834454653562755
                ],
                [
                    0.33093199824537467,
                    0.5842405965797454,
                    0.7410444911376552,
                    1.1242319100870795
                ],
                [
                    -0.9130874425122112,
                    -2.175405006426834e-06,
                    0.4077638070277653,
                    0.01970657087626604
                ],
                [
                    0.0,
                    0.0,
                    0.0,
                    1.0
                ]
            ],
            "size": [
                0.15068,
                0.17726,
                0.74884
            ]
        },
        "distance": 0.18420516382788976
    },
    {
        "case": 2,
        "collider1": {
            "type": "Box",
            "collider2origin": [
                [
                    0.9081427509232697,
                    -0.4186606548811531,
                    0.0,
                    -0.09474126814702305
                ],
                [
                    0.41866065488115317,
                    0.9081427509232698,
                    0.0,
                    1.368923948110301
                ],
                [
                    0.0,
                    0.0,
                    1.0,
                    -0.21500000000000008
                ],
                [
                    0.0,
                    0.0,
                    0.0,
                    1.0
                ]
            ],
            "size": [
                0.2,
                0.3,
                0.22
            ]
        },
        "collider2": {
            "type": "Box",
            "collider2origin": [
                [
                    0.23823378195342582,
                    -0.8115805106724845,
                    0.5334620322316824,
                    0.31834454653562755
                ],
                [
                    0.33093199824537467,
                    0.5842405965797454,
                    0.7410444911376552,
                    1.1242319100870795
                ],
                [
                    -0.9130874425122112,
                    -2.175405006426834e-06,
                    0.4077638070277653,
                    0.01970657087626604
                ],
                [
                    0.0,
                    0.0,
                    0.0,
                    1.0
                ]
            ],
            "size": [
                0.15068,
                0.17726,
                0.74884
            ]
        },
        "distance": 0.21144845930001316
    },
    {
        "case": 3,
        "collider1": {
            "type": "Box",
            "collider2origin": [
                [
                    0.718022042059392,
                    -0.6960203640101781,
                    0.0,
                    0.13748258467077087
                ],
                [
                    0.6960203640101781,
                    0.718022042059392,
                    0.0,
                    1.5384737068316263
                ],
                [
                    0.0,
                    0.0,
                    1.0,
                    -0.21500000000000008
                ],
                [
                    0.0,
                    0.0,
                    0.0,
                    1.0
                ]
            ],
            "size": [
                0.2,
                0.3,
                0.22
            ]
        },
        "collider2": {
            "type": "Box",
            "collider2origin": [
                [
                    0.23823378195342582,
                    -0.8115805106724845,
                    0.5334620322316824,
                    0.31834454653562755
                ],
                [
                    0.33093199824537467,
                    0.5842405965797454,
                    0.7410444911376552,
                    1.1242319100870795
                ],
                [
                    -0.9130874425122112,
                    -2.175405006426834e-06,
                    0.4077638070277653,
                    0.01970657087626604
                ],
                [
                    0.0,
                    0.0,
                    0.0,
                    1.0
                ]
            ],
            "size": [
                0.15068,
                0.17726,
                0.74884
            ]
        },
        "distance": 0.1886889424693674
    },
    {
        "case": 4,
        "collider1": {
            "type": "Box",
            "collider2origin": [
                [
                    0.8404842512412337,
                    -0.5418359746412772,
                    0.0,
                    0.011439976095501792
                ],
                [
                    0.5418359746412771,
                    0.8404842512412338,
                    0.0,
                    1.4325762997644957
                ],
                [
                    0.0,
                    0.0,
                    1.0,
                    -0.21500000000000008
                ],
                [
                    0.0,
                    0.0,
                    0.0,
                    1.0
                ]
            ],
            "size": [
                0.2,
                0.3,
                0.22
            ]
        },
        "collider2": {
            "type": "Box",
            "collider2origin": [
                [
                    0.23823378195342582,
                    -0.8115805106724845,
                    0.5334620322316824,
                    0.31834454653562755
                ],
                [
                    0.33093199824537467,
                    0.5842405965797454,
                    0.7410444911376552,
                    1.1242319100870795
                ],
                [
                    -0.9130874425122112,
                    -2.175405006426834e-06,
                    0.4077638070277653,
                    0.01970657087626604
                ],
                [
                    0.0,
                    0.0,
                    0.0,
                    1.0
                ]
            ],
            "size": [
                0.15068,
                0.17726,
                0.74884
            ]
        },
        "distance": 0.18420516382788976
    },
    {
        "case": 5,
        "collider1": {
            "type": "Box",
            "collider2origin": [
                [
                    0.9081427509232697,
                    -0.4186606548811531,
                    0.0,
                    -0.09474126814702305
                ],
                [
                    0.41866065488115317,
                    0.9081427509232698,
                    0.0,
                    1.368923948110301
                ],
                [
                    0.0,
                    0.0,
                    1.0,
                    -0.21500000000000008
                ],
                [
                    0.0,
                    0.0,
                    0.0,
                    1.0
                ]
            ],
            "size": [
                0.2,
                0.3,
                0.22
            ]
        },
        "collider2": {
            "type": "Box",
            "collider2origin": [
                [
                    0.23823378195342582,
                    -0.8115805106724845,
                    0.5334620322316824,
                    0.31834454653562755
                ],
                [
                    0.33093199824537467,
                    0.5842405965797454,
                    0.7410444911376552,
                    1.1242319100870795
                ],
                [
                    -0.9130874425122112,
                    -2.175405006426834e-06,
                    0.4077638070277653,
                    0.01970657087626604
                ],
                [
                    0.0,
                    0.0,
                    0.0,
                    1.0
                ]
            ],
            "size": [
                0.15068,
                0.17726,
                0.74884
            ]
        },
        "distance": 0.21144845930001316
    }
]