[
    {
        "case": 0,
        "collider1": {
            "type": "Cylinder",
            "collider2origin": [
                [
                    0.907778172512869,
                    0.4194505805326725,
                    0.0,
                    -0.07232761537572224
                ],
                [
                    -0.4194505805326725,
                    0.907778172512869,
                    0.0,
                    1.2000044650142188
                ],
                [
                    0.0,
                    0.0,
                    1.0,
                    -0.5800000000000001
                ],
                [
                    0.0,
                    0.0,
                    0.0,
                    1.0
                ]
            ],
            "radius": 0.04,
            "height": 0.96
        },
        "collider2": {
            "type": "Cylinder",
            "collider2origin": [
                [
                    0.3767860700819909,
                    -0.8968649637882157,
                    0.2316581406325517,
                    -0.039532027884000676
                ],
                [
                    -0.8484701645431426,
                    -0.4345037376053216,
                    -0.3021669768309204,
                    1.1542218342959947
                ],
                [
                    0.3716593026850011,
                    -0.08270271299158144,
                    -0.9246781191266127,
                    -0.12607066291626556
                ],
                [
                    0.0,
                    0.0,
                    0.0,
                    1.0
                ]
            ],
            "radius": 0.0076,
            "height": 0.02993
        },
        "distance": 0.0035940674388170875
    },
    {
        "case": 1,
        "collider1": {
            "type": "Cylinder",
            "collider2origin": [
                [
                    0.907778172512869,
                    0.4194505805326725,
                    0.0,
                    -0.07232761537572224
                ],
                [
                    -0.4194505805326725,
                    0.907778172512869,
                    0.0,
                    1.2000044650142188
                ],
                [
                    0.0,
                    0.0,
                    1.0,
                    -0.5800000000000001
                ],
                [
                    0.0,
                    0.0,
                    0.0,
                    1.0
                ]
            ],
            "radius": 0.04,
            "height": 0.96
        },
        "collider2": {
            "type": "Sphere",
            "collider2origin": [
                [
                    1.0,
                    0.0,
                    0.0,
                    -0.08120310823711485
                ],
                [
                    0.0,
                    1.0,
                    0.0,
                    1.1596353818083378
                ],
                [
                    0.0,
                    0.0,
                    1.0,
                    -0.12844455222409468
                ],
                [
                    0.0,
                    0.0,
                    0.0,
                    1.0
                ]
            ],
            "radius": 0.00484
        },
        "distance": 0.0
    },
    {
        "case": 2,
        "collider1": {
            "type": "Cylinder",
            "collider2origin": [
                [
                    0.907778172512869,
                    0.4194505805326725,
                    0.0,
                    -0.07232761537572224
                ],
                [
                    -0.4194505805326725,
                    0.907778172512869,
                    0.0,
                    1.2000044650142188
                ],
                [
                    0.0,
                    0.0,
                    1.0,
                    -0.5800000000000001
                ],
                [
                    0.0,
                    0.0,
                    0.0,
                    1.0
                ]
            ],
            "radius": 0.04,
            "height": 0.96
        },
        "collider2": {
            "type": "Sphere",
            "collider2origin": [
                [
                    1.0,
                    0.0,
                    0.0,
                    -0.044655361992401055
                ],
                [
                    0.0,
                    1.0,
                    0.0,
                    1.1589151796507515
                ],
                [
                    0.0,
                    0.0,
                    1.0,
                    -0.11108180849057048
                ],
                [
                    0.0,
                    0.0,
                    0.0,
                    1.0
                ]
            ],
            "radius": 0.00487
        },
        "distance": 0.004668701829894245
    },
    {
        "case": 3,
        "collider1": {
            "type": "Box",
            "collider2origin": [
                [
                    0.907778172512869,
                    0.4194505805326725,
                    0.0,
                    -1.612083837096907
                ],
                [
                    -0.4194505805326725,
                    0.907778172512869,
                    0.0,
                    -0.24654756573714753
                ],
                [
                    0.0,
                    0.0,
                    1.0,
                    -0.040000000000000036
                ],
                [
                    0.0,
                    0.0,
                    0.0,
                    1.0
                ]
            ],
            "size": [
                2.0,
                2.0,
                2.0
            ]
        },
        "collider2": {
            "type": "Box",
            "collider2origin": [
                [
                    0.4596808307434253,
                    0.12283011963471933,
                    -0.8795489159549655,
                    0.057555718097238945
                ],
                [
                    -0.05689170431079951,
                    0.9924277110735232,
                    0.1088603337950977,
                    1.005879817257026
                ],
                [
                    0.8862600452619124,
                    -1.9718205429607968e-06,
                    0.4631880095257916,
                    0.0361542167846125
                ],
                [
                    0.0,
                    0.0,
                    0.0,
                    1.0
                ]
            ],
            "size": [
                0.15068,
                0.17726,
                0.74884
            ]
        },
        "distance": 0.6410752482176262
    },
    {
        "case": 4,
        "collider1": {
            "type": "Box",
            "collider2origin": [
                [
                    0.907778172512869,
                    0.4194505805326725,
                    0.0,
                    -0.7418785952877999
                ],
                [
                    -0.4194505805326725,
                    0.907778172512869,
                    0.0,
                    1.2791466490804724
                ],
                [
                    0.0,
                    0.0,
                    1.0,
                    0.27
                ],
                [
                    0.0,
                    0.0,
                    0.0,
                    1.0
                ]
            ],
            "size": [
                0.52,
                1.16,
                0.6
            ]
        },
        "collider2": {
            "type": "Box",
            "collider2origin": [
                [
                    0.4596808307434253,
                    0.12283011963471933,
                    -0.8795489159549655,
                    0.057555718097238945
                ],
                [
                    -0.05689170431079951,
                    0.9924277110735232,
                    0.1088603337950977,
                    1.005879817257026
                ],
                [
                    0.8862600452619124,
                    -1.9718205429607968e-06,
                    0.4631880095257916,
                    0.0361542167846125
                ],
                [
                    0.0,
                    0.0,
                    0.0,
                    1.0
                ]
            ],
            "size": [
                0.15068,
                0.17726,
                0.74884
            ]
        },
        "distance": 0.20403592903204593
    },
    {
        "case": 5,
        "collider1": {
            "type": "Box",
            "collider2origin": [
                [
                    0.907778172512869,
                    0.4194505805326725,
                    0.0,
                    -1.612083837096907
                ],
                [
                    -0.4194505805326725,
                    0.907778172512869,
                    0.0,
                    -0.24654756573714753
                ],
                [
                    0.0,
                    0.0,
                    1.0,
                    -0.040000000000000036
                ],
                [
                    0.0,
                    0.0,
                    0.0,
                    1.0
                ]
            ],
            "size": [
                2.0,
                2.0,
                2.0
            ]
        },
        "collider2": {
            "type": "Box",
            "collider2origin": [
                [
                    0.4596808307434253,
                    0.12283011963471933,
                    -0.8795489159549655,
                    0.057555718097238945
                ],
                [
                    -0.05689170431079951,
                    0.9924277110735232,
                    0.1088603337950977,
                    1.005879817257026
                ],
                [
                    0.8862600452619124,
                    -1.9718205429607968e-06,
                    0.4631880095257916,
                    0.0361542167846125
                ],
                [
                    0.0,
                    0.0,
                    0.0,
                    1.0
                ]
            ],
            "size": [
                0.15068,
                0.17726,
                0.74884
            ]
        },
        "distance": 0.6410752482176262
    },
    {
        "case": 6,
        "collider1": {
            "type": "Box",
            "collider2origin": [
                [
                    0.907778172512869,
                    0.4194505805326725,
                    0.0,
                    -0.7418785952877999
                ],
                [
                    -0.4194505805326725,
                    0.907778172512869,
                    0.0,
                    1.2791466490804724
                ],
                [
                    0.0,
                    0.0,
                    1.0,
                    0.27
                ],
                [
                    0.0,
                    0.0,
                    0.0,
                    1.0
                ]
            ],
            "size": [
                0.52,
                1.16,
                0.6
            ]
        },
        "collider2": {
            "type": "Box",
            "collider2origin": [
                [
                    0.4596808307434253,
                    0.12283011963471933,
                    -0.8795489159549655,
                    0.057555718097238945
                ],
                [
                    -0.05689170431079951,
                    0.9924277110735232,
                    0.1088603337950977,
                    1.005879817257026
                ],
                [
                    0.8862600452619124,
                    -1.9718205429607968e-06,
                    0.4631880095257916,
                    0.0361542167846125
                ],
                [
                    0.0,
                    0.0,
                    0.0,
                    1.0
                ]
            ],
            "size": [
                0.15068,
                0.17726,
                0.74884
            ]
        },
        "distance": 0.20403592903204593
    },
    {
        "case": 7,
        "collider1": {
            "type": "Box",
            "collider2origin": [
                [
                    0.907778172512869,
                    0.4194505805326725,
                    0.0,
                    -1.612083837096907
                ],
                [
                    -0.4194505805326725,
                    0.907778172512869,
                    0.0,
                    -0.24654756573714753
                ],
                [
                    0.0,
                    0.0,
                    1.0,
                    -0.040000000000000036
                ],
                [
                    0.0,
                    0.0,
                    0.0,
                    1.0
                ]
            ],
            "size": [
                2.0,
                2.0,
                2.0
            ]
        },
        "collider2": {
            "type": "Box",
            "collider2origin": [
                [
                    -0.9816344532239952,
                    0.12283388655584872,
                    0.14596450444273337,
                    -0.1913672422375623
                ],
                [
                    0.12149696722594566,
                    0.9924272448195891,
                    -0.018073480425667657,
                    0.9093846430630367
                ],
                [
                    -0.1470791868298345,
                    -7.306463074664208e-06,
                    -0.9891247205221847,
                    -0.09655765949653938
                ],
                [
                    0.0,
                    0.0,
                    0.0,
                    1.0
                ]
            ],
            "size": [
                0.1202,
                0.13634,
                0.67816
            ]
        },
        "distance": 0.5470091251319253
    },
    {
        "case": 8,
        "collider1": {
            "type": "Box",
            "collider2origin": [
                [
                    0.907778172512869,
                    0.4194505805326725,
                    0.0,
                    -0.7418785952877999
                ],
                [
                    -0.4194505805326725,
                    0.907778172512869,
                    0.0,
                    1.2791466490804724
                ],
                [
                    0.0,
                    0.0,
                    1.0,
                    0.27
                ],
                [
                    0.0,
                    0.0,
                    0.0,
                    1.0
                ]
            ],
            "size": [
                0.52,
                1.16,
                0.6
            ]
        },
        "collider2": {
            "type": "Box",
            "collider2origin": [
                [
                    -0.9816344532239952,
                    0.12283388655584872,
                    0.14596450444273337,
                    -0.1913672422375623
                ],
                [
                    0.12149696722594566,
                    0.9924272448195891,
                    -0.018073480425667657,
                    0.9093846430630367
                ],
                [
                    -0.1470791868298345,
                    -7.306463074664208e-06,
                    -0.9891247205221847,
                    -0.09655765949653938
                ],
                [
                    0.0,
                    0.0,
                    0.0,
                    1.0
                ]
            ],
            "size": [
                0.1202,
                0.13634,
                0.67816
            ]
        },
        "distance": 0.2699449283551916
    },
    {
        "case": 9,
        "collider1": {
            "type": "Cylinder",
            "collider2origin": [
                [
                    0.907778172512869,
                    0.4194505805326725,
                    0.0,
                    -0.07232761537572224
                ],
                [
                    -0.4194505805326725,
                    0.907778172512869,
                    0.0,
                    1.2000044650142188
                ],
                [
                    0.0,
                    0.0,
                    1.0,
                    -0.5800000000000001
                ],
                [
                    0.0,
                    0.0,
                    0.0,
                    1.0
                ]
            ],
            "radius": 0.04,
            "height": 0.96
        },
        "collider2": {
            "type": "Cylinder",
            "collider2origin": [
                [
                    0.5154201837112821,
                    -0.704112249771669,
                    0.4884342063620307,
                    -0.07276737445072079
                ],
                [
                    -0.7302739044542519,
                    -0.6591330587806794,
                    -0.1795651282837708,
                    1.1572143436587479
                ],
                [
                    0.44837713890894326,
                    -0.2641392635408531,
                    -0.8539252840617412,
                    -0.13998958014798113
                ],
                [
                    0.0,
                    0.0,
                    0.0,
                    1.0
                ]
            ],
            "radius": 0.0076,
            "height": 0.02993
        },
        "distance": 0.0
    },
    {
        "case": 10,
        "collider1": {
            "type": "Box",
            "collider2origin": [
                [
                    0.9077781725128689,
                    0.4194505805326724,
                    0.0,
                    0.4158817547107895
                ],
                [
                    -0.4194505805326724,
                    0.9077781725128689,
                    0.0,
                    0.733173894971941
                ],
                [
                    0.0,
                    0.0,
                    1.0,
                    -0.6599999999999999
                ],
                [
                    0.0,
                    0.0,
                    0.0,
                    1.0
                ]
            ],
            "size": [
                0.6,
                1.0,
                0.8
            ]
        },
        "collider2": {
            "type": "Box",
            "collider2origin": [
                [
                    0.6996375270886597,
                    0.12283076497344327,
                    -0.7038607347091497,
                    -0.13706344943970744
                ],
                [
                    -0.08659195025555765,
                    0.9924276312028321,
                    0.08711619238737808,
                    1.015275147654067
                ],
                [
                    0.7092313901966015,
                    -1.0836845101940974e-06,
                    0.7049757691996381,
                    -0.38361987921506324
                ],
                [
                    0.0,
                    0.0,
                    0.0,
                    1.0
                ]
            ],
            "size": [
                0.09102,
                0.10007,
                0.11882
            ]
        },
        "distance": 0.23434192446421662
    },
    {
        "case": 11,
        "collider1": {
            "type": "Cylinder",
            "collider2origin": [
                [
                    0.907778172512869,
                    0.4194505805326725,
                    0.0,
                    -0.07232761537572224
                ],
                [
                    -0.4194505805326725,
                    0.907778172512869,
                    0.0,
                    1.2000044650142188
                ],
                [
                    0.0,
                    0.0,
                    1.0,
                    -0.5800000000000001
                ],
                [
                    0.0,
                    0.0,
                    0.0,
                    1.0
                ]
            ],
            "radius": 0.04,
            "height": 0.96
        },
        "collider2": {
            "type": "Cylinder",
            "collider2origin": [
                [
                    0.5215851720075749,
                    -0.834742530454818,
                    0.17650443674796207,
                    -0.0636871910869356
                ],
                [
                    -0.7268707965986679,
                    -0.5430731780411656,
                    -0.42039311167559174,
                    1.1497540571108376
                ],
                [
                    0.44677483522894024,
                    0.09097489292192276,
                    -0.8900088850477825,
                    -0.16323540976757345
                ],
                [
                    0.0,
                    0.0,
                    0.0,
                    1.0
                ]
            ],
            "radius": 0.00783,
            "height": 0.03044
        },
        "distance": 0.0
    },
    {
        "case": 12,
        "collider1": {
            "type": "Box",
            "collider2origin": [
                [
                    0.907778172512869,
                    0.4194505805326725,
                    0.0,
                    -1.612083837096907
                ],
                [
                    -0.4194505805326725,
                    0.907778172512869,
                    0.0,
                    -0.24654756573714753
                ],
                [
                    0.0,
                    0.0,
                    1.0,
                    -0.040000000000000036
                ],
                [
                    0.0,
                    0.0,
                    0.0,
                    1.0
                ]
            ],
            "size": [
                2.0,
                2.0,
                2.0
            ]
        },
        "collider2": {
            "type": "Box",
            "collider2origin": [
                [
                    0.21466705624745283,
                    0.6771248932780048,
                    -0.7038607347091497,
                    -0.21192844238406022
                ],
                [
                    -0.91996055835017,
                    0.38220850344277896,
                    0.08711619238737808,
                    1.029513830269696
                ],
                [
                    0.32801010051840834,
                    0.628823137932505,
                    0.7049757691996381,
                    -0.305014288712428
                ],
                [
                    0.0,
                    0.0,
                    0.0,
                    1.0
                ]
            ],
            "size": [
                0.09126,
                0.11887,
                0.10009
            ]
        },
        "distance": 0.6633590595721837
    }
]