[
    {
        "case": 0,
        "collider1": {
            "type": "Box",
            "collider2origin": [
                [
                    0.9077781725128689,
                    0.4194505805326724,
                    0.0,
                    0.27063700059322826
                ],
                [
                    -0.4194505805326724,
                    0.9077781725128689,
                    0.0,
                    0.8002854543438492
                ],
                [
                    0.0,
                    0.0,
                    1.0,
                    -0.25
                ],
                [
                    0.0,
                    0.0,
                    0.0,
                    1.0
                ]
            ],
            "size": [
                0.2,
                0.2,
                0.02
            ]
        },
        "collider2": {
            "type": "Box",
            "collider2origin": [
                [
                    0.009089535221139835,
                    -0.9999027914711394,
                    0.010572982440482206,
                    0.24627766284519306
                ],
                [
                    0.6517731790462911,
                    0.013943012823187252,
                    0.7582857742759677,
                    0.4042628211519014
                ],
                [
                    -0.7583594816611413,
                    -1.2788757369552738e-06,
                    0.6518365566405503,
                    0.019992439966727726
                ],
                [
                    0.0,
                    0.0,
                    0.0,
                    1.0
                ]
            ],
            "size": [
                0.1202,
                0.13634,
                0.67816
            ]
        },
        "distance": 0.30934765163939437
    },
    {
        "case": 1,
        "collider1": {
            "type": "Box",
            "collider2origin": [
                [
                    0.9077781725128689,
                    0.4194505805326724,
                    0.0,
                    0.27063700059322826
                ],
                [
                    -0.4194505805326724,
                    0.9077781725128689,
                    0.0,
                    0.8002854543438492
                ],
                [
                    0.0,
                    0.0,
                    1.0,
                    -0.25
                ],
                [
                    0.0,
                    0.0,
                    0.0,
                    1.0
                ]
            ],
            "size": [
                0.2,
                0.2,
                0.02
            ]
        },
        "collider2": {
            "type": "Box",
            "collider2origin": [
                [
                    -0.0013733137816193243,
                    -0.9999028812506159,
                    -0.013868744570945061,
                    0.12131578675912152
                ],
                [
                    -0.09824265107986459,
                    0.013936572406545738,
                    -0.9950648991188248,
                    0.5039532405272313
                ],
                [
                    0.995161542423167,
                    -4.034105766416105e-06,
                    -0.09825224916340995,
                    -0.13227178797707184
                ],
                [
                    0.0,
                    0.0,
                    0.0,
                    1.0
                ]
            ],
            "size": [
                0.15068,
                0.17726,
                0.74884
            ]
        },
        "distance": 0.05285233610165424
    },
    {
        "case": 2,
        "collider1": {
            "type": "Box",
            "collider2origin": [
                [
                    0.9077781725128689,
                    0.4194505805326724,
                    0.0,
                    0.27063700059322826
                ],
                [
                    -0.4194505805326724,
                    0.9077781725128689,
                    0.0,
                    0.8002854543438492
                ],
                [
                    0.0,
                    0.0,
                    1.0,
                    -0.25
                ],
                [
                    0.0,
                    0.0,
                    0.0,
                    1.0
                ]
            ],
            "size": [
                0.2,
                0.2,
                0.02
            ]
        },
        "collider2": {
            "type": "Box",
            "collider2origin": [
                [
                    -0.0013733137816193243,
                    -0.9999028812506159,
                    -0.013868744570945061,
                    0.12131578675912152
                ],
                [
                    -0.09824265107986459,
                    0.013936572406545738,
                    -0.9950648991188248,
                    0.5039532405272313
                ],
                [
                    0.995161542423167,
                    -4.034105766416105e-06,
                    -0.09825224916340995,
                    -0.13227178797707184
                ],
                [
                    0.0,
                    0.0,
                    0.0,
                    1.0
                ]
            ],
            "size": [
                0.15068,
                0.17726,
                0.74884
            ]
        },
        "distance": 0.05285233610165424
    }
]