[
    {
        "case": 0,
        "collider1": {
            "type": "Box",
            "collider2origin": [
                [
                    0.9077781725128689,
                    0.4194505805326724,
                    0.0,
                    0.4158817547107895
                ],
                [
                    -0.4194505805326724,
                    0.9077781725128689,
                    0.0,
                    0.733173894971941
                ],
                [
                    0.0,
                    0.0,
                    1.0,
                    -0.6599999999999999
                ],
                [
                    0.0,
                    0.0,
                    0.0,
                    1.0
                ]
            ],
            "size": [
                0.6,
                1.0,
                0.8
            ]
        },
        "collider2": {
            "type": "Box",
            "collider2origin": [
                [
                    0.10661559702511707,
                    -0.9923289511897674,
                    0.06258088447436706,
                    0.20635888054790189
                ],
                [
                    0.8557904958759207,
                    0.12362545300366255,
                    0.5023339273213439,
                    0.43823126681166114
                ],
                [
                    -0.5062170894383393,
                    -5.054106645623586e-07,
                    0.8624060866902092,
                    -0.1954301411594983
                ],
                [
                    0.0,
                    0.0,
                    0.0,
                    1.0
                ]
            ],
            "size": [
                0.1202,
                0.13634,
                0.67816
            ]
        },
        "distance": 0.0
    },
    {
        "case": 1,
        "collider1": {
            "type": "Box",
            "collider2origin": [
                [
                    0.9077781725128689,
                    0.4194505805326724,
                    0.0,
                    0.27063700059322826
                ],
                [
                    -0.4194505805326724,
                    0.9077781725128689,
                    0.0,
                    0.8002854543438492
                ],
                [
                    0.0,
                    0.0,
                    1.0,
                    -0.25
                ],
                [
                    0.0,
                    0.0,
                    0.0,
                    1.0
                ]
            ],
            "size": [
                0.2,
                0.2,
                0.02
            ]
        },
        "collider2": {
            "type": "Box",
            "collider2origin": [
                [
                    0.10661559702511707,
                    -0.9923289511897674,
                    0.06258088447436706,
                    0.20635888054790189
                ],
                [
                    0.8557904958759207,
                    0.12362545300366255,
                    0.5023339273213439,
                    0.43823126681166114
                ],
                [
                    -0.5062170894383393,
                    -5.054106645623586e-07,
                    0.8624060866902092,
                    -0.1954301411594983
                ],
                [
                    0.0,
                    0.0,
                    0.0,
                    1.0
                ]
            ],
            "size": [
                0.1202,
                0.13634,
                0.67816
            ]
        },
        "distance": 0.17150311709342403
    },
    {
        "case": 2,
        "collider1": {
            "type": "Box",
            "collider2origin": [
                [
                    0.9077781725128689,
                    0.4194505805326724,
                    0.0,
                    0.4158817547107895
                ],
                [
                    -0.4194505805326724,
                    0.9077781725128689,
                    0.0,
                    0.733173894971941
                ],
                [
                    0.0,
                    0.0,
                    1.0,
                    -0.6599999999999999
                ],
                [
                    0.0,
                    0.0,
                    0.0,
                    1.0
                ]
            ],
            "size": [
                0.6,
                1.0,
                0.8
            ]
        },
        "collider2": {
            "type": "Box",
            "collider2origin": [
                [
                    -0.06758735193536378,
                    -0.9923295612698246,
                    -0.10350841361165967,
                    0.0957550367342086
                ],
                [
                    -0.5425001509081461,
                    0.1236205557250074,
                    -0.8309100700237538,
                    0.5723829589753507
                ],
                [
                    0.8373323928542381,
                    -5.681324745024078e-06,
                    -0.5466941227457254,
                    -0.2667752879495834
                ],
                [
                    0.0,
                    0.0,
                    0.0,
                    1.0
                ]
            ],
            "size": [
                0.15068,
                0.17726,
                0.74884
            ]
        },
        "distance": 0.0
    },
    {
        "case": 3,
        "collider1": {
            "type": "Box",
            "collider2origin": [
                [
                    0.9077781725128689,
                    0.4194505805326724,
                    0.0,
                    0.27063700059322826
                ],
                [
                    -0.4194505805326724,
                    0.9077781725128689,
                    0.0,
                    0.8002854543438492
                ],
                [
                    0.0,
                    0.0,
                    1.0,
                    -0.25
                ],
                [
                    0.0,
                    0.0,
                    0.0,
                    1.0
                ]
            ],
            "size": [
                0.2,
                0.2,
                0.02
            ]
        },
        "collider2": {
            "type": "Box",
            "collider2origin": [
                [
                    -0.06758735193536378,
                    -0.9923295612698246,
                    -0.10350841361165967,
                    0.0957550367342086
                ],
                [
                    -0.5425001509081461,
                    0.1236205557250074,
                    -0.8309100700237538,
                    0.5723829589753507
                ],
                [
                    0.8373323928542381,
                    -5.681324745024078e-06,
                    -0.5466941227457254,
                    -0.2667752879495834
                ],
                [
                    0.0,
                    0.0,
                    0.0,
                    1.0
                ]
            ],
            "size": [
                0.15068,
                0.17726,
                0.74884
            ]
        },
        "distance": 0.0
    },
    {
        "case": 4,
        "collider1": {
            "type": "Box",
            "collider2origin": [
                [
                    0.9077781725128689,
                    0.4194505805326724,
                    0.0,
                    0.4158817547107895
                ],
                [
                    -0.4194505805326724,
                    0.9077781725128689,
                    0.0,
                    0.733173894971941
                ],
                [
                    0.0,
                    0.0,
                    1.0,
                    -0.6599999999999999
                ],
                [
                    0.0,
                    0.0,
                    0.0,
                    1.0
                ]
            ],
            "size": [
                0.6,
                1.0,
                0.8
            ]
        },
        "collider2": {
            "type": "Box",
            "collider2origin": [
                [
                    -0.06758735193536378,
                    -0.9923295612698246,
                    -0.10350841361165967,
                    0.0957550367342086
                ],
                [
                    -0.5425001509081461,
                    0.1236205557250074,
                    -0.8309100700237538,
                    0.5723829589753507
                ],
                [
                    0.8373323928542381,
                    -5.681324745024078e-06,
                    -0.5466941227457254,
                    -0.2667752879495834
                ],
                [
                    0.0,
                    0.0,
                    0.0,
                    1.0
                ]
            ],
            "size": [
                0.15068,
                0.17726,
                0.74884
            ]
        },
        "distance": 0.0
    },
    {
        "case": 5,
        "collider1": {
            "type": "Box",
            "collider2origin": [
                [
                    0.9077781725128689,
                    0.4194505805326724,
                    0.0,
                    0.27063700059322826
                ],
                [
                    -0.4194505805326724,
                    0.9077781725128689,
                    0.0,
                    0.8002854543438492
                ],
                [
                    0.0,
                    0.0,
                    1.0,
                    -0.25
                ],
                [
                    0.0,
                    0.0,
                    0.0,
                    1.0
                ]
            ],
            "size": [
                0.2,
                0.2,
                0.02
            ]
        },
        "collider2": {
            "type": "Box",
            "collider2origin": [
                [
                    -0.06758735193536378,
                    -0.9923295612698246,
                    -0.10350841361165967,
                    0.0957550367342086
                ],
                [
                    -0.5425001509081461,
                    0.1236205557250074,
                    -0.8309100700237538,
                    0.5723829589753507
                ],
                [
                    0.8373323928542381,
                    -5.681324745024078e-06,
                    -0.5466941227457254,
                    -0.2667752879495834
                ],
                [
                    0.0,
                    0.0,
                    0.0,
                    1.0
                ]
            ],
            "size": [
                0.15068,
                0.17726,
                0.74884
            ]
        },
        "distance": 0.0
    }
]