[
    {
        "case": 0,
        "collider1": {
            "type": "Box",
            "collider2origin": [
                [
                    0.9077781725128689,
                    0.4194505805326724,
                    0.0,
                    0.4158817547107895
                ],
                [
                    -0.4194505805326724,
                    0.9077781725128689,
                    0.0,
                    0.733173894971941
                ],
                [
                    0.0,
                    0.0,
                    1.0,
                    -0.6599999999999999
                ],
                [
                    0.0,
                    0.0,
                    0.0,
                    1.0
                ]
            ],
            "size": [
                0.6,
                1.0,
                0.8
            ]
        },
        "collider2": {
            "type": "Box",
            "collider2origin": [
                [
                    0.07589452154189291,
                    -0.9788454901891424,
                    -0.190004020842467,
                    0.12875448425841432
                ],
                [
                    -0.36306953287369426,
                    -0.2046008463106142,
                    0.909020906243557,
                    1.3836880473258042
                ],
                [
                    -0.9286659980309413,
                    -5.035659534538973e-06,
                    -0.3709170582163046,
                    -0.7114676175017263
                ],
                [
                    0.0,
                    0.0,
                    0.0,
                    1.0
                ]
            ],
            "size": [
                0.1202,
                0.13634,
                0.67816
            ]
        },
        "distance": 0.0
    },
    {
        "case": 1,
        "collider1": {
            "type": "Box",
            "collider2origin": [
                [
                    0.9077781725128689,
                    0.4194505805326724,
                    0.0,
                    0.4158817547107895
                ],
                [
                    -0.4194505805326724,
                    0.9077781725128689,
                    0.0,
                    0.733173894971941
                ],
                [
                    0.0,
                    0.0,
                    1.0,
                    -0.6599999999999999
                ],
                [
                    0.0,
                    0.0,
                    0.0,
                    1.0
                ]
            ],
            "size": [
                0.6,
                1.0,
                0.8
            ]
        },
        "collider2": {
            "type": "Box",
            "collider2origin": [
                [
                    0.16877667705894306,
                    -0.9788452170962157,
                    -0.11565670861996495,
                    0.09444111678959391
                ],
                [
                    -0.8074326273219572,
                    -0.2046021527817577,
                    0.5533448395106181,
                    0.9303548653524686
                ],
                [
                    -0.5653025611271388,
                    -6.703171887925792e-06,
                    -0.8248836368471402,
                    -0.35008507859656857
                ],
                [
                    0.0,
                    0.0,
                    0.0,
                    1.0
                ]
            ],
            "size": [
                0.15068,
                0.17726,
                0.74884
            ]
        },
        "distance": 0.0
    },
    {
        "case": 2,
        "collider1": {
            "type": "Box",
            "collider2origin": [
                [
                    0.9077781725128689,
                    0.4194505805326724,
                    0.0,
                    0.27063700059322826
                ],
                [
                    -0.4194505805326724,
                    0.9077781725128689,
                    0.0,
                    0.8002854543438492
                ],
                [
                    0.0,
                    0.0,
                    1.0,
                    -0.25
                ],
                [
                    0.0,
                    0.0,
                    0.0,
                    1.0
                ]
            ],
            "size": [
                0.2,
                0.2,
                0.02
            ]
        },
        "collider2": {
            "type": "Box",
            "collider2origin": [
                [
                    0.16877667705894306,
                    -0.9788452170962157,
                    -0.11565670861996495,
                    0.09444111678959391
                ],
                [
                    -0.8074326273219572,
                    -0.2046021527817577,
                    0.5533448395106181,
                    0.9303548653524686
                ],
                [
                    -0.5653025611271388,
                    -6.703171887925792e-06,
                    -0.8248836368471402,
                    -0.35008507859656857
                ],
                [
                    0.0,
                    0.0,
                    0.0,
                    1.0
                ]
            ],
            "size": [
                0.15068,
                0.17726,
                0.74884
            ]
        },
        "distance": 0.0
    },
    {
        "case": 3,
        "collider1": {
            "type": "Box",
            "collider2origin": [
                [
                    0.9081427509232697,
                    -0.4186606548811531,
                    0.0,
                    -0.09474126814702305
                ],
                [
                    0.41866065488115317,
                    0.9081427509232698,
                    0.0,
                    1.368923948110301
                ],
                [
                    0.0,
                    0.0,
                    1.0,
                    -0.21500000000000008
                ],
                [
                    0.0,
                    0.0,
                    0.0,
                    1.0
                ]
            ],
            "size": [
                0.2,
                0.3,
                0.22
            ]
        },
        "collider2": {
            "type": "Box",
            "collider2origin": [
                [
                    0.16877667705894306,
                    -0.9788452170962157,
                    -0.11565670861996495,
                    0.09444111678959391
                ],
                [
                    -0.8074326273219572,
                    -0.2046021527817577,
                    0.5533448395106181,
                    0.9303548653524686
                ],
                [
                    -0.5653025611271388,
                    -6.703171887925792e-06,
                    -0.8248836368471402,
                    -0.35008507859656857
                ],
                [
                    0.0,
                    0.0,
                    0.0,
                    1.0
                ]
            ],
            "size": [
                0.15068,
                0.17726,
                0.74884
            ]
        },
        "distance": 0.19573275545240795
    },
    {
        "case": 4,
        "collider1": {
            "type": "Cylinder",
            "collider2origin": [
                [
                    0.907778172512869,
                    0.4194505805326725,
                    0.0,
                    -0.07232761537572224
                ],
                [
                    -0.4194505805326725,
                    0.907778172512869,
                    0.0,
                    1.2000044650142188
                ],
                [
                    0.0,
                    0.0,
                    1.0,
                    -0.5800000000000001
                ],
                [
                    0.0,
                    0.0,
                    0.0,
                    1.0
                ]
            ],
            "radius": 0.04,
            "height": 0.96
        },
        "collider2": {
            "type": "Box",
            "collider2origin": [
                [
                    0.16877667705894306,
                    -0.9788452170962157,
                    -0.11565670861996495,
                    0.09444111678959391
                ],
                [
                    -0.8074326273219572,
                    -0.2046021527817577,
                    0.5533448395106181,
                    0.9303548653524686
                ],
                [
                    -0.5653025611271388,
                    -6.703171887925792e-06,
                    -0.8248836368471402,
                    -0.35008507859656857
                ],
                [
                    0.0,
                    0.0,
                    0.0,
                    1.0
                ]
            ],
            "size": [
                0.15068,
                0.17726,
                0.74884
            ]
        },
        "distance": 0.0
    },
    {
        "case": 5,
        "collider1": {
            "type": "Box",
            "collider2origin": [
                [
                    0.9077781725128689,
                    0.4194505805326724,
                    0.0,
                    0.4158817547107895
                ],
                [
                    -0.4194505805326724,
                    0.9077781725128689,
                    0.0,
                    0.733173894971941
                ],
                [
                    0.0,
                    0.0,
                    1.0,
                    -0.6599999999999999
                ],
                [
                    0.0,
                    0.0,
                    0.0,
                    1.0
                ]
            ],
            "size": [
                0.6,
                1.0,
                0.8
            ]
        },
        "collider2": {
            "type": "Box",
            "collider2origin": [
                [
                    0.16877667705894306,
                    -0.9788452170962157,
                    -0.11565670861996495,
                    0.09444111678959391
                ],
                [
                    -0.8074326273219572,
                    -0.2046021527817577,
                    0.5533448395106181,
                    0.9303548653524686
                ],
                [
                    -0.5653025611271388,
                    -6.703171887925792e-06,
                    -0.8248836368471402,
                    -0.35008507859656857
                ],
                [
                    0.0,
                    0.0,
                    0.0,
                    1.0
                ]
            ],
            "size": [
                0.15068,
                0.17726,
                0.74884
            ]
        },
        "distance": 0.0
    },
    {
        "case": 6,
        "collider1": {
            "type": "Box",
            "collider2origin": [
                [
                    0.9077781725128689,
                    0.4194505805326724,
                    0.0,
                    0.27063700059322826
                ],
                [
                    -0.4194505805326724,
                    0.9077781725128689,
                    0.0,
                    0.8002854543438492
                ],
                [
                    0.0,
                    0.0,
                    1.0,
                    -0.25
                ],
                [
                    0.0,
                    0.0,
                    0.0,
                    1.0
                ]
            ],
            "size": [
                0.2,
                0.2,
                0.02
            ]
        },
        "collider2": {
            "type": "Box",
            "collider2origin": [
                [
                    0.16877667705894306,
                    -0.9788452170962157,
                    -0.11565670861996495,
                    0.09444111678959391
                ],
                [
                    -0.8074326273219572,
                    -0.2046021527817577,
                    0.5533448395106181,
                    0.9303548653524686
                ],
                [
                    -0.5653025611271388,
                    -6.703171887925792e-06,
                    -0.8248836368471402,
                    -0.35008507859656857
                ],
                [
                    0.0,
                    0.0,
                    0.0,
                    1.0
                ]
            ],
            "size": [
                0.15068,
                0.17726,
                0.74884
            ]
        },
        "distance": 0.0
    },
    {
        "case": 7,
        "collider1": {
            "type": "Box",
            "collider2origin": [
                [
                    0.9081427509232697,
                    -0.4186606548811531,
                    0.0,
                    -0.09474126814702305
                ],
                [
                    0.41866065488115317,
                    0.9081427509232698,
                    0.0,
                    1.368923948110301
                ],
                [
                    0.0,
                    0.0,
                    1.0,
                    -0.21500000000000008
                ],
                [
                    0.0,
                    0.0,
                    0.0,
                    1.0
                ]
            ],
            "size": [
                0.2,
                0.3,
                0.22
            ]
        },
        "collider2": {
            "type": "Box",
            "collider2origin": [
                [
                    0.16877667705894306,
                    -0.9788452170962157,
                    -0.11565670861996495,
                    0.09444111678959391
                ],
                [
                    -0.8074326273219572,
                    -0.2046021527817577,
                    0.5533448395106181,
                    0.9303548653524686
                ],
                [
                    -0.5653025611271388,
                    -6.703171887925792e-06,
                    -0.8248836368471402,
                    -0.35008507859656857
                ],
                [
                    0.0,
                    0.0,
                    0.0,
                    1.0
                ]
            ],
            "size": [
                0.15068,
                0.17726,
                0.74884
            ]
        },
        "distance": 0.19573275545240795
    },
    {
        "case": 8,
        "collider1": {
            "type": "Cylinder",
            "collider2origin": [
                [
                    0.907778172512869,
                    0.4194505805326725,
                    0.0,
                    -0.07232761537572224
                ],
                [
                    -0.4194505805326725,
                    0.907778172512869,
                    0.0,
                    1.2000044650142188
                ],
                [
                    0.0,
                    0.0,
                    1.0,
                    -0.5800000000000001
                ],
                [
                    0.0,
                    0.0,
                    0.0,
                    1.0
                ]
            ],
            "radius": 0.04,
            "height": 0.96
        },
        "collider2": {
            "type": "Box",
            "collider2origin": [
                [
                    0.16877667705894306,
                    -0.9788452170962157,
                    -0.11565670861996495,
                    0.09444111678959391
                ],
                [
                    -0.8074326273219572,
                    -0.2046021527817577,
                    0.5533448395106181,
                    0.9303548653524686
                ],
                [
                    -0.5653025611271388,
                    -6.703171887925792e-06,
                    -0.8248836368471402,
                    -0.35008507859656857
                ],
                [
                    0.0,
                    0.0,
                    0.0,
                    1.0
                ]
            ],
            "size": [
                0.15068,
                0.17726,
                0.74884
            ]
        },
        "distance": 0.0
    }
]