[
    {
        "case": 0,
        "collider1": {
            "type": "Box",
            "collider2origin": [
                [
                    0.9077781725128689,
                    0.4194505805326724,
                    0.0,
                    0.27063700059322826
                ],
                [
                    -0.4194505805326724,
                    0.9077781725128689,
                    0.0,
                    0.8002854543438492
                ],
                [
                    0.0,
                    0.0,
                    1.0,
                    -0.25
                ],
                [
                    0.0,
                    0.0,
                    0.0,
                    1.0
                ]
            ],
            "size": [
                0.2,
                0.2,
                0.02
            ]
        },
        "collider2": {
            "type": "Box",
            "collider2origin": [
                [
                    0.0995513588825672,
                    -0.07467109447999686,
                    -0.9922266649278246,
                    -0.01068061745326676
                ],
                [
                    -0.007450389076766128,
                    -0.9972082167896725,
                    0.07429847959256117,
                    0.6482341832132246
                ],
                [
                    -0.9950045319732163,
                    -4.039900293798747e-06,
                    -0.09982976177693752,
                    -0.13254817069603853
                ],
                [
                    0.0,
                    0.0,
                    0.0,
                    1.0
                ]
            ],
            "size": [
                0.15068,
                0.17726,
                0.74884
            ]
        },
        "distance": 0.050603742904298955
    },
    {
        "case": 1,
        "collider1": {
            "type": "Box",
            "collider2origin": [
                [
                    0.907778172512869,
                    0.4194505805326725,
                    0.0,
                    -1.612083837096907
                ],
                [
                    -0.4194505805326725,
                    0.907778172512869,
                    0.0,
                    -0.24654756573714753
                ],
                [
                    0.0,
                    0.0,
                    1.0,
                    -0.040000000000000036
                ],
                [
                    0.0,
                    0.0,
                    0.0,
                    1.0
                ]
            ],
            "size": [
                2.0,
                2.0,
                2.0
            ]
        },
        "collider2": {
            "type": "Box",
            "collider2origin": [
                [
                    0.0995513588825672,
                    -0.07467109447999686,
                    -0.9922266649278246,
                    -0.01068061745326676
                ],
                [
                    -0.007450389076766128,
                    -0.9972082167896725,
                    0.07429847959256117,
                    0.6482341832132246
                ],
                [
                    -0.9950045319732163,
                    -4.039900293798747e-06,
                    -0.09982976177693752,
                    -0.13254817069603853
                ],
                [
                    0.0,
                    0.0,
                    0.0,
                    1.0
                ]
            ],
            "size": [
                0.15068,
                0.17726,
                0.74884
            ]
        },
        "distance": 0.26775216092993914
    },
    {
        "case": 2,
        "collider1": {
            "type": "Box",
            "collider2origin": [
                [
                    0.907778172512869,
                    0.4194505805326725,
                    0.0,
                    -0.7418785952877999
                ],
                [
                    -0.4194505805326725,
                    0.907778172512869,
                    0.0,
                    1.2791466490804724
                ],
                [
                    0.0,
                    0.0,
                    1.0,
                    0.27
                ],
                [
                    0.0,
                    0.0,
                    0.0,
                    1.0
                ]
            ],
            "size": [
                0.52,
                1.16,
                0.6
            ]
        },
        "collider2": {
            "type": "Box",
            "collider2origin": [
                [
                    0.0995513588825672,
                    -0.07467109447999686,
                    -0.9922266649278246,
                    -0.01068061745326676
                ],
                [
                    -0.007450389076766128,
                    -0.9972082167896725,
                    0.07429847959256117,
                    0.6482341832132246
                ],
                [
                    -0.9950045319732163,
                    -4.039900293798747e-06,
                    -0.09982976177693752,
                    -0.13254817069603853
                ],
                [
                    0.0,
                    0.0,
                    0.0,
                    1.0
                ]
            ],
            "size": [
                0.15068,
                0.17726,
                0.74884
            ]
        },
        "distance": 0.28877869565816966
    },
    {
        "case": 3,
        "collider1": {
            "type": "Box",
            "collider2origin": [
                [
                    0.9077781725128689,
                    0.4194505805326724,
                    0.0,
                    0.27063700059322826
                ],
                [
                    -0.4194505805326724,
                    0.9077781725128689,
                    0.0,
                    0.8002854543438492
                ],
                [
                    0.0,
                    0.0,
                    1.0,
                    -0.25
                ],
                [
                    0.0,
                    0.0,
                    0.0,
                    1.0
                ]
            ],
            "size": [
                0.2,
                0.2,
                0.02
            ]
        },
        "collider2": {
            "type": "Box",
            "collider2origin": [
                [
                    0.0995513588825672,
                    -0.07467109447999686,
                    -0.9922266649278246,
                    -0.01068061745326676
                ],
                [
                    -0.007450389076766128,
                    -0.9972082167896725,
                    0.07429847959256117,
                    0.6482341832132246
                ],
                [
                    -0.9950045319732163,
                    -4.039900293798747e-06,
                    -0.09982976177693752,
                    -0.13254817069603853
                ],
                [
                    0.0,
                    0.0,
                    0.0,
                    1.0
                ]
            ],
            "size": [
                0.15068,
                0.17726,
                0.74884
            ]
        },
        "distance": 0.050603742904298955
    },
    {
        "case": 4,
        "collider1": {
            "type": "Box",
            "collider2origin": [
                [
                    0.907778172512869,
                    0.4194505805326725,
                    0.0,
                    -1.612083837096907
                ],
                [
                    -0.4194505805326725,
                    0.907778172512869,
                    0.0,
                    -0.24654756573714753
                ],
                [
                    0.0,
                    0.0,
                    1.0,
                    -0.040000000000000036
                ],
                [
                    0.0,
                    0.0,
                    0.0,
                    1.0
                ]
            ],
            "size": [
                2.0,
                2.0,
                2.0
            ]
        },
        "collider2": {
            "type": "Box",
            "collider2origin": [
                [
                    0.0995513588825672,
                    -0.07467109447999686,
                    -0.9922266649278246,
                    -0.01068061745326676
                ],
                [
                    -0.007450389076766128,
                    -0.9972082167896725,
                    0.07429847959256117,
                    0.6482341832132246
                ],
                [
                    -0.9950045319732163,
                    -4.039900293798747e-06,
                    -0.09982976177693752,
                    -0.13254817069603853
                ],
                [
                    0.0,
                    0.0,
                    0.0,
                    1.0
                ]
            ],
            "size": [
                0.15068,
                0.17726,
                0.74884
            ]
        },
        "distance": 0.26775216092993914
    },
    {
        "case": 5,
        "collider1": {
            "type": "Box",
            "collider2origin": [
                [
                    0.907778172512869,
                    0.4194505805326725,
                    0.0,
                    -0.7418785952877999
                ],
                [
                    -0.4194505805326725,
                    0.907778172512869,
                    0.0,
                    1.2791466490804724
                ],
                [
                    0.0,
                    0.0,
                    1.0,
                    0.27
                ],
                [
                    0.0,
                    0.0,
                    0.0,
                    1.0
                ]
            ],
            "size": [
                0.52,
                1.16,
                0.6
            ]
        },
        "collider2": {
            "type": "Box",
            "collider2origin": [
                [
                    0.0995513588825672,
                    -0.07467109447999686,
                    -0.9922266649278246,
                    -0.01068061745326676
                ],
                [
                    -0.007450389076766128,
                    -0.9972082167896725,
                    0.07429847959256117,
                    0.6482341832132246
                ],
                [
                    -0.9950045319732163,
                    -4.039900293798747e-06,
                    -0.09982976177693752,
                    -0.13254817069603853
                ],
                [
                    0.0,
                    0.0,
                    0.0,
                    1.0
                ]
            ],
            "size": [
                0.15068,
                0.17726,
                0.74884
            ]
        },
        "distance": 0.28877869565816966
    },
    {
        "case": 6,
        "collider1": {
            "type": "Box",
            "collider2origin": [
                [
                    0.907778172512869,
                    0.4194505805326725,
                    0.0,
                    -1.612083837096907
                ],
                [
                    -0.4194505805326725,
                    0.907778172512869,
                    0.0,
                    -0.24654756573714753
                ],
                [
                    0.0,
                    0.0,
                    1.0,
                    -0.040000000000000036
                ],
                [
                    0.0,
                    0.0,
                    0.0,
                    1.0
                ]
            ],
            "size": [
                2.0,
                2.0,
                2.0
            ]
        },
        "collider2": {
            "type": "Box",
            "collider2origin": [
                [
                    -0.782124396890627,
                    -0.07466517746279593,
                    0.6186327982437745,
                    -0.13732931734763532
                ],
                [
                    0.0585604274743011,
                    -0.9972086598469857,
                    -0.04632024460433702,
                    0.7844101624643631
                ],
                [
                    0.620364492957568,
                    -7.922602148937632e-07,
                    0.7843136463665998,
                    0.056072688884163835
                ],
                [
                    0.0,
                    0.0,
                    0.0,
                    1.0
                ]
            ],
            "size": [
                0.1202,
                0.13634,
                0.67816
            ]
        },
        "distance": 0.4003717728564883
    },
    {
        "case": 7,
        "collider1": {
            "type": "Box",
            "collider2origin": [
                [
                    0.907778172512869,
                    0.4194505805326725,
                    0.0,
                    -0.7418785952877999
                ],
                [
                    -0.4194505805326725,
                    0.907778172512869,
                    0.0,
                    1.2791466490804724
                ],
                [
                    0.0,
                    0.0,
                    1.0,
                    0.27
                ],
                [
                    0.0,
                    0.0,
                    0.0,
                    1.0
                ]
            ],
            "size": [
                0.52,
                1.16,
                0.6
            ]
        },
        "collider2": {
            "type": "Box",
            "collider2origin": [
                [
                    -0.782124396890627,
                    -0.07466517746279593,
                    0.6186327982437745,
                    -0.13732931734763532
                ],
                [
                    0.0585604274743011,
                    -0.9972086598469857,
                    -0.04632024460433702,
                    0.7844101624643631
                ],
                [
                    0.620364492957568,
                    -7.922602148937632e-07,
                    0.7843136463665998,
                    0.056072688884163835
                ],
                [
                    0.0,
                    0.0,
                    0.0,
                    1.0
                ]
            ],
            "size": [
                0.1202,
                0.13634,
                0.67816
            ]
        },
        "distance": 0.27168870446244864
    }
]