[
    {
        "case": 0,
        "collider1": {
            "type": "Box",
            "collider2origin": [
                [
                    0.9077781725128689,
                    0.4194505805326724,
                    0.0,
                    0.4158817547107895
                ],
                [
                    -0.4194505805326724,
                    0.9077781725128689,
                    0.0,
                    0.733173894971941
                ],
                [
                    0.0,
                    0.0,
                    1.0,
                    -0.6599999999999999
                ],
                [
                    0.0,
                    0.0,
                    0.0,
                    1.0
                ]
            ],
            "size": [
                0.6,
                1.0,
                0.8
            ]
        },
        "collider2": {
            "type": "Box",
            "collider2origin": [
                [
                    0.25999152713386814,
                    0.47070199860056666,
                    -0.8431156707902132,
                    0.44553849008844104
                ],
                [
                    0.4229598094545838,
                    -0.8404369123488244,
                    -0.33877838766325746,
                    0.6795965665815813
                ],
                [
                    -0.8680491952676074,
                    -0.26852453309708235,
                    -0.4175945039392313,
                    -1.051146673690089
                ],
                [
                    0.0,
                    0.0,
                    0.0,
                    1.0
                ]
            ],
            "size": [
                0.09126,
                0.11887,
                0.10009
            ]
        },
        "distance": 0.0
    },
    {
        "case": 1,
        "collider1": {
            "type": "Box",
            "collider2origin": [
                [
                    0.907778172512869,
                    0.4194505805326725,
                    0.0,
                    0.9947946797881562
                ],
                [
                    -0.4194505805326725,
                    0.907778172512869,
                    0.0,
                    0.5317739604993647
                ],
                [
                    0.0,
                    0.0,
                    1.0,
                    -0.69
                ],
                [
                    0.0,
                    0.0,
                    0.0,
                    1.0
                ]
            ],
            "size": [
                0.6,
                1.2,
                0.75
            ]
        },
        "collider2": {
            "type": "Box",
            "collider2origin": [
                [
                    0.25999152713386814,
                    0.47070199860056666,
                    -0.8431156707902132,
                    0.44553849008844104
                ],
                [
                    0.4229598094545838,
                    -0.8404369123488244,
                    -0.33877838766325746,
                    0.6795965665815813
                ],
                [
                    -0.8680491952676074,
                    -0.26852453309708235,
                    -0.4175945039392313,
                    -1.051146673690089
                ],
                [
                    0.0,
                    0.0,
                    0.0,
                    1.0
                ]
            ],
            "size": [
                0.09126,
                0.11887,
                0.10009
            ]
        },
        "distance": 0.18138606681462338
    },
    {
        "case": 2,
        "collider1": {
            "type": "Box",
            "collider2origin": [
                [
                    0.9077781725128689,
                    0.4194505805326724,
                    0.0,
                    0.4158817547107895
                ],
                [
                    -0.4194505805326724,
                    0.9077781725128689,
                    0.0,
                    0.733173894971941
                ],
                [
                    0.0,
                    0.0,
                    1.0,
                    -0.6599999999999999
                ],
                [
                    0.0,
                    0.0,
                    0.0,
                    1.0
                ]
            ],
            "size": [
                0.6,
                1.0,
                0.8
            ]
        },
        "collider2": {
            "type": "Box",
            "collider2origin": [
                [
                    -0.1237387794013874,
                    0.4707083043346384,
                    0.8735687761720108,
                    0.47834598096147063
                ],
                [
                    -0.36422293642231557,
                    -0.8404341940249177,
                    0.4012630285705284,
                    0.6159229736689964
                ],
                [
                    0.9230549100980722,
                    -0.268521987449997,
                    0.2754370621389631,
                    -1.0724624436249477
                ],
                [
                    0.0,
                    0.0,
                    0.0,
                    1.0
                ]
            ],
            "size": [
                0.08993,
                0.0305,
                0.09007
            ]
        },
        "distance": 0.0
    },
    {
        "case": 3,
        "collider1": {
            "type": "Box",
            "collider2origin": [
                [
                    0.907778172512869,
                    0.4194505805326725,
                    0.0,
                    0.9947946797881562
                ],
                [
                    -0.4194505805326725,
                    0.907778172512869,
                    0.0,
                    0.5317739604993647
                ],
                [
                    0.0,
                    0.0,
                    1.0,
                    -0.69
                ],
                [
                    0.0,
                    0.0,
                    0.0,
                    1.0
                ]
            ],
            "size": [
                0.6,
                1.2,
                0.75
            ]
        },
        "collider2": {
            "type": "Box",
            "collider2origin": [
                [
                    -0.1237387794013874,
                    0.4707083043346384,
                    0.8735687761720108,
                    0.47834598096147063
                ],
                [
                    -0.36422293642231557,
                    -0.8404341940249177,
                    0.4012630285705284,
                    0.6159229736689964
                ],
                [
                    0.9230549100980722,
                    -0.268521987449997,
                    0.2754370621389631,
                    -1.0724624436249477
                ],
                [
                    0.0,
                    0.0,
                    0.0,
                    1.0
                ]
            ],
            "size": [
                0.08993,
                0.0305,
                0.09007
            ]
        },
        "distance": 0.16227308809805102
    },
    {
        "case": 4,
        "collider1": {
            "type": "Box",
            "collider2origin": [
                [
                    0.9077781725128689,
                    0.4194505805326724,
                    0.0,
                    0.4158817547107895
                ],
                [
                    -0.4194505805326724,
                    0.9077781725128689,
                    0.0,
                    0.733173894971941
                ],
                [
                    0.0,
                    0.0,
                    1.0,
                    -0.6599999999999999
                ],
                [
                    0.0,
                    0.0,
                    0.0,
                    1.0
                ]
            ],
            "size": [
                0.6,
                1.0,
                0.8
            ]
        },
        "collider2": {
            "type": "Box",
            "collider2origin": [
                [
                    0.3874813446368194,
                    0.3728460449386734,
                    -0.8431156707902132,
                    0.535141882033123
                ],
                [
                    0.1557028493824347,
                    -0.9278932194743501,
                    -0.33877838766325746,
                    0.7220984340209613
                ],
                [
                    -0.9086334961097534,
                    -5.207115366380767e-06,
                    -0.4175945039392313,
                    -1.004677557912658
                ],
                [
                    0.0,
                    0.0,
                    0.0,
                    1.0
                ]
            ],
            "size": [
                0.09102,
                0.10007,
                0.11882
            ]
        },
        "distance": 0.0
    },
    {
        "case": 5,
        "collider1": {
            "type": "Box",
            "collider2origin": [
                [
                    0.907778172512869,
                    0.4194505805326725,
                    0.0,
                    0.9947946797881562
                ],
                [
                    -0.4194505805326725,
                    0.907778172512869,
                    0.0,
                    0.5317739604993647
                ],
                [
                    0.0,
                    0.0,
                    1.0,
                    -0.69
                ],
                [
                    0.0,
                    0.0,
                    0.0,
                    1.0
                ]
            ],
            "size": [
                0.6,
                1.2,
                0.75
            ]
        },
        "collider2": {
            "type": "Box",
            "collider2origin": [
                [
                    0.3874813446368194,
                    0.3728460449386734,
                    -0.8431156707902132,
                    0.535141882033123
                ],
                [
                    0.1557028493824347,
                    -0.9278932194743501,
                    -0.33877838766325746,
                    0.7220984340209613
                ],
                [
                    -0.9086334961097534,
                    -5.207115366380767e-06,
                    -0.4175945039392313,
                    -1.004677557912658
                ],
                [
                    0.0,
                    0.0,
                    0.0,
                    1.0
                ]
            ],
            "size": [
                0.09102,
                0.10007,
                0.11882
            ]
        },
        "distance": 0.1106219595486791
    },
    {
        "case": 6,
        "collider1": {
            "type": "Box",
            "collider2origin": [
                [
                    0.9077781725128689,
                    0.4194505805326724,
                    0.0,
                    0.4158817547107895
                ],
                [
                    -0.4194505805326724,
                    0.9077781725128689,
                    0.0,
                    0.733173894971941
                ],
                [
                    0.0,
                    0.0,
                    1.0,
                    -0.6599999999999999
                ],
                [
                    0.0,
                    0.0,
                    0.0,
                    1.0
                ]
            ],
            "size": [
                0.6,
                1.0,
                0.8
            ]
        },
        "collider2": {
            "type": "Box",
            "collider2origin": [
                [
                    0.8153599614317469,
                    0.37284751496127533,
                    -0.4429140592498977,
                    0.6249661179193793
                ],
                [
                    0.3276329825463697,
                    -0.9278926287774781,
                    -0.1779660029561592,
                    0.8786359917690945
                ],
                [
                    -0.4773308727096861,
                    -6.90093726732149e-06,
                    -0.8787236413745714,
                    -0.7472351614207089
                ],
                [
                    0.0,
                    0.0,
                    0.0,
                    1.0
                ]
            ],
            "size": [
                0.1202,
                0.13634,
                0.67816
            ]
        },
        "distance": 0.0
    },
    {
        "case": 7,
        "collider1": {
            "type": "Box",
            "collider2origin": [
                [
                    0.907778172512869,
                    0.4194505805326725,
                    0.0,
                    0.9947946797881562
                ],
                [
                    -0.4194505805326725,
                    0.907778172512869,
                    0.0,
                    0.5317739604993647
                ],
                [
                    0.0,
                    0.0,
                    1.0,
                    -0.69
                ],
                [
                    0.0,
                    0.0,
                    0.0,
                    1.0
                ]
            ],
            "size": [
                0.6,
                1.2,
                0.75
            ]
        },
        "collider2": {
            "type": "Box",
            "collider2origin": [
                [
                    0.8153599614317469,
                    0.37284751496127533,
                    -0.4429140592498977,
                    0.6249661179193793
                ],
                [
                    0.3276329825463697,
                    -0.9278926287774781,
                    -0.1779660029561592,
                    0.8786359917690945
                ],
                [
                    -0.4773308727096861,
                    -6.90093726732149e-06,
                    -0.8787236413745714,
                    -0.7472351614207089
                ],
                [
                    0.0,
                    0.0,
                    0.0,
                    1.0
                ]
            ],
            "size": [
                0.1202,
                0.13634,
                0.67816
            ]
        },
        "distance": 0.0
    },
    {
        "case": 8,
        "collider1": {
            "type": "Box",
            "collider2origin": [
                [
                    0.9077781725128689,
                    0.4194505805326724,
                    0.0,
                    0.4158817547107895
                ],
                [
                    -0.4194505805326724,
                    0.9077781725128689,
                    0.0,
                    0.733173894971941
                ],
                [
                    0.0,
                    0.0,
                    1.0,
                    -0.6599999999999999
                ],
                [
                    0.0,
                    0.0,
                    0.0,
                    1.0
                ]
            ],
            "size": [
                0.6,
                1.0,
                0.8
            ]
        },
        "collider2": {
            "type": "Box",
            "collider2origin": [
                [
                    0.6037134717797863,
                    0.3728517301473285,
                    0.7046358146714805,
                    0.5763873994879769
                ],
                [
                    0.24258347579156175,
                    -0.9278909350184333,
                    0.28314602236920483,
                    0.7229560336504831
                ],
                [
                    0.7593966692476877,
                    -6.063094923265885e-06,
                    -0.6506279264670068,
                    -0.2979446033912536
                ],
                [
                    0.0,
                    0.0,
                    0.0,
                    1.0
                ]
            ],
            "size": [
                0.15068,
                0.17726,
                0.74884
            ]
        },
        "distance": 0.0
    },
    {
        "case": 9,
        "collider1": {
            "type": "Box",
            "collider2origin": [
                [
                    0.9077781725128689,
                    0.4194505805326724,
                    0.0,
                    0.27063700059322826
                ],
                [
                    -0.4194505805326724,
                    0.9077781725128689,
                    0.0,
                    0.8002854543438492
                ],
                [
                    0.0,
                    0.0,
                    1.0,
                    -0.25
                ],
                [
                    0.0,
                    0.0,
                    0.0,
                    1.0
                ]
            ],
            "size": [
                0.2,
                0.2,
                0.02
            ]
        },
        "collider2": {
            "type": "Box",
            "collider2origin": [
                [
                    0.6037134717797863,
                    0.3728517301473285,
                    0.7046358146714805,
                    0.5763873994879769
                ],
                [
                    0.24258347579156175,
                    -0.9278909350184333,
                    0.28314602236920483,
                    0.7229560336504831
                ],
                [
                    0.7593966692476877,
                    -6.063094923265885e-06,
                    -0.6506279264670068,
                    -0.2979446033912536
                ],
                [
                    0.0,
                    0.0,
                    0.0,
                    1.0
                ]
            ],
            "size": [
                0.15068,
                0.17726,
                0.74884
            ]
        },
        "distance": 0.015362276004800605
    },
    {
        "case": 10,
        "collider1": {
            "type": "Box",
            "collider2origin": [
                [
                    0.907778172512869,
                    0.4194505805326725,
                    0.0,
                    0.9947946797881562
                ],
                [
                    -0.4194505805326725,
                    0.907778172512869,
                    0.0,
                    0.5317739604993647
                ],
                [
                    0.0,
                    0.0,
                    1.0,
                    -0.69
                ],
                [
                    0.0,
                    0.0,
                    0.0,
                    1.0
                ]
            ],
            "size": [
                0.6,
                1.2,
                0.75
            ]
        },
        "collider2": {
            "type": "Box",
            "collider2origin": [
                [
                    0.6037134717797863,
                    0.3728517301473285,
                    0.7046358146714805,
                    0.5763873994879769
                ],
                [
                    0.24258347579156175,
                    -0.9278909350184333,
                    0.28314602236920483,
                    0.7229560336504831
                ],
                [
                    0.7593966692476877,
                    -6.063094923265885e-06,
                    -0.6506279264670068,
                    -0.2979446033912536
                ],
                [
                    0.0,
                    0.0,
                    0.0,
                    1.0
                ]
            ],
            "size": [
                0.15068,
                0.17726,
                0.74884
            ]
        },
        "distance": 0.0
    },
    {
        "case": 11,
        "collider1": {
            "type": "Box",
            "collider2origin": [
                [
                    0.9077781725128689,
                    0.4194505805326724,
                    0.0,
                    0.4158817547107895
                ],
                [
                    -0.4194505805326724,
                    0.9077781725128689,
                    0.0,
                    0.733173894971941
                ],
                [
                    0.0,
                    0.0,
                    1.0,
                    -0.6599999999999999
                ],
                [
                    0.0,
                    0.0,
                    0.0,
                    1.0
                ]
            ],
            "size": [
                0.6,
                1.0,
                0.8
            ]
        },
        "collider2": {
            "type": "Box",
            "collider2origin": [
                [
                    0.6037134717797863,
                    0.3728517301473285,
                    0.7046358146714805,
                    0.5763873994879769
                ],
                [
                    0.24258347579156175,
                    -0.9278909350184333,
                    0.28314602236920483,
                    0.7229560336504831
                ],
                [
                    0.7593966692476877,
                    -6.063094923265885e-06,
                    -0.6506279264670068,
                    -0.2979446033912536
                ],
                [
                    0.0,
                    0.0,
                    0.0,
                    1.0
                ]
            ],
            "size": [
                0.15068,
                0.17726,
                0.74884
            ]
        },
        "distance": 0.0
    },
    {
        "case": 12,
        "collider1": {
            "type": "Box",
            "collider2origin": [
                [
                    0.9077781725128689,
                    0.4194505805326724,
                    0.0,
                    0.27063700059322826
                ],
                [
                    -0.4194505805326724,
                    0.9077781725128689,
                    0.0,
                    0.8002854543438492
                ],
                [
                    0.0,
                    0.0,
                    1.0,
                    -0.25
                ],
                [
                    0.0,
                    0.0,
                    0.0,
                    1.0
                ]
            ],
            "size": [
                0.2,
                0.2,
                0.02
            ]
        },
        "collider2": {
            "type": "Box",
            "collider2origin": [
                [
                    0.6037134717797863,
                    0.3728517301473285,
                    0.7046358146714805,
                    0.5763873994879769
                ],
                [
                    0.24258347579156175,
                    -0.9278909350184333,
                    0.28314602236920483,
                    0.7229560336504831
                ],
                [
                    0.7593966692476877,
                    -6.063094923265885e-06,
                    -0.6506279264670068,
                    -0.2979446033912536
                ],
                [
                    0.0,
                    0.0,
                    0.0,
                    1.0
                ]
            ],
            "size": [
                0.15068,
                0.17726,
                0.74884
            ]
        },
        "distance": 0.015362276004800605
    },
    {
        "case": 13,
        "collider1": {
            "type": "Box",
            "collider2origin": [
                [
                    0.907778172512869,
                    0.4194505805326725,
                    0.0,
                    0.9947946797881562
                ],
                [
                    -0.4194505805326725,
                    0.907778172512869,
                    0.0,
                    0.5317739604993647
                ],
                [
                    0.0,
                    0.0,
                    1.0,
                    -0.69
                ],
                [
                    0.0,
                    0.0,
                    0.0,
                    1.0
                ]
            ],
            "size": [
                0.6,
                1.2,
                0.75
            ]
        },
        "collider2": {
            "type": "Box",
            "collider2origin": [
                [
                    0.6037134717797863,
                    0.3728517301473285,
                    0.7046358146714805,
                    0.5763873994879769
                ],
                [
                    0.24258347579156175,
                    -0.9278909350184333,
                    0.28314602236920483,
                    0.7229560336504831
                ],
                [
                    0.7593966692476877,
                    -6.063094923265885e-06,
                    -0.6506279264670068,
                    -0.2979446033912536
                ],
                [
                    0.0,
                    0.0,
                    0.0,
                    1.0
                ]
            ],
            "size": [
                0.15068,
                0.17726,
                0.74884
            ]
        },
        "distance": 0.0
    },
    {
        "case": 14,
        "collider1": {
            "type": "Box",
            "collider2origin": [
                [
                    0.907778172512869,
                    0.4194505805326725,
                    0.0,
                    0.9947946797881562
                ],
                [
                    -0.4194505805326725,
                    0.907778172512869,
                    0.0,
                    0.5317739604993647
                ],
                [
                    0.0,
                    0.0,
                    1.0,
                    -0.69
                ],
                [
                    0.0,
                    0.0,
                    0.0,
                    1.0
                ]
            ],
            "size": [
                0.6,
                1.2,
                0.75
            ]
        },
        "collider2": {
            "type": "Box",
            "collider2origin": [
                [
                    0.8911987999987299,
                    0.37755383303853324,
                    0.25143150566055833,
                    0.5376059082662573
                ],
                [
                    0.35283479081162966,
                    -0.9253244913001221,
                    0.1388603478070092,
                    0.4966527769962947
                ],
                [
                    0.28508298664378007,
                    -0.03503839262981676,
                    -0.9578622039563836,
                    -1.0886876178900136
                ],
                [
                    0.0,
                    0.0,
                    0.0,
                    1.0
                ]
            ],
            "size": [
                0.07264,
                0.04753,
                0.03326
            ]
        },
        "distance": 0.06048633691991384
    }
]