[
    {
        "case": 0,
        "collider1": {
            "type": "Box",
            "collider2origin": [
                [
                    0.9077781725128689,
                    0.4194505805326724,
                    0.0,
                    0.4158817547107895
                ],
                [
                    -0.4194505805326724,
                    0.9077781725128689,
                    0.0,
                    0.733173894971941
                ],
                [
                    0.0,
                    0.0,
                    1.0,
                    -0.6599999999999999
                ],
                [
                    0.0,
                    0.0,
                    0.0,
                    1.0
                ]
            ],
            "size": [
                0.6,
                1.0,
                0.8
            ]
        },
        "collider2": {
            "type": "Box",
            "collider2origin": [
                [
                    0.7045939558881923,
                    0.3195603287217548,
                    0.6335838962860972,
                    0.5457624842399214
                ],
                [
                    0.23761512111975444,
                    -0.947565932411157,
                    0.21367699443088975,
                    0.6986838494899122
                ],
                [
                    0.6686452060256415,
                    -6.404532812886423e-06,
                    -0.7435815949967489,
                    -0.32581894022256286
                ],
                [
                    0.0,
                    0.0,
                    0.0,
                    1.0
                ]
            ],
            "size": [
                0.15068,
                0.17726,
                0.74884
            ]
        },
        "distance": 0.0
    },
    {
        "case": 1,
        "collider1": {
            "type": "Box",
            "collider2origin": [
                [
                    0.9077781725128689,
                    0.4194505805326724,
                    0.0,
                    0.27063700059322826
                ],
                [
                    -0.4194505805326724,
                    0.9077781725128689,
                    0.0,
                    0.8002854543438492
                ],
                [
                    0.0,
                    0.0,
                    1.0,
                    -0.25
                ],
                [
                    0.0,
                    0.0,
                    0.0,
                    1.0
                ]
            ],
            "size": [
                0.2,
                0.2,
                0.02
            ]
        },
        "collider2": {
            "type": "Box",
            "collider2origin": [
                [
                    0.7045939558881923,
                    0.3195603287217548,
                    0.6335838962860972,
                    0.5457624842399214
                ],
                [
                    0.23761512111975444,
                    -0.947565932411157,
                    0.21367699443088975,
                    0.6986838494899122
                ],
                [
                    0.6686452060256415,
                    -6.404532812886423e-06,
                    -0.7435815949967489,
                    -0.32581894022256286
                ],
                [
                    0.0,
                    0.0,
                    0.0,
                    1.0
                ]
            ],
            "size": [
                0.15068,
                0.17726,
                0.74884
            ]
        },
        "distance": 0.0015272362621725256
    },
    {
        "case": 2,
        "collider1": {
            "type": "Box",
            "collider2origin": [
                [
                    0.907778172512869,
                    0.4194505805326725,
                    0.0,
                    0.9947946797881562
                ],
                [
                    -0.4194505805326725,
                    0.907778172512869,
                    0.0,
                    0.5317739604993647
                ],
                [
                    0.0,
                    0.0,
                    1.0,
                    -0.69
                ],
                [
                    0.0,
                    0.0,
                    0.0,
                    1.0
                ]
            ],
            "size": [
                0.6,
                1.2,
                0.75
            ]
        },
        "collider2": {
            "type": "Box",
            "collider2origin": [
                [
                    0.7045939558881923,
                    0.3195603287217548,
                    0.6335838962860972,
                    0.5457624842399214
                ],
                [
                    0.23761512111975444,
                    -0.947565932411157,
                    0.21367699443088975,
                    0.6986838494899122
                ],
                [
                    0.6686452060256415,
                    -6.404532812886423e-06,
                    -0.7435815949967489,
                    -0.32581894022256286
                ],
                [
                    0.0,
                    0.0,
                    0.0,
                    1.0
                ]
            ],
            "size": [
                0.15068,
                0.17726,
                0.74884
            ]
        },
        "distance": 0.0
    },
    {
        "case": 3,
        "collider1": {
            "type": "Box",
            "collider2origin": [
                [
                    0.9077781725128689,
                    0.4194505805326724,
                    0.0,
                    0.4158817547107895
                ],
                [
                    -0.4194505805326724,
                    0.9077781725128689,
                    0.0,
                    0.733173894971941
                ],
                [
                    0.0,
                    0.0,
                    1.0,
                    -0.6599999999999999
                ],
                [
                    0.0,
                    0.0,
                    0.0,
                    1.0
                ]
            ],
            "size": [
                0.6,
                1.0,
                0.8
            ]
        },
        "collider2": {
            "type": "Box",
            "collider2origin": [
                [
                    0.7045939558881923,
                    0.3195603287217548,
                    0.6335838962860972,
                    0.5457624842399214
                ],
                [
                    0.23761512111975444,
                    -0.947565932411157,
                    0.21367699443088975,
                    0.6986838494899122
                ],
                [
                    0.6686452060256415,
                    -6.404532812886423e-06,
                    -0.7435815949967489,
                    -0.32581894022256286
                ],
                [
                    0.0,
                    0.0,
                    0.0,
                    1.0
                ]
            ],
            "size": [
                0.15068,
                0.17726,
                0.74884
            ]
        },
        "distance": 0.0
    },
    {
        "case": 4,
        "collider1": {
            "type": "Box",
            "collider2origin": [
                [
                    0.9077781725128689,
                    0.4194505805326724,
                    0.0,
                    0.27063700059322826
                ],
                [
                    -0.4194505805326724,
                    0.9077781725128689,
                    0.0,
                    0.8002854543438492
                ],
                [
                    0.0,
                    0.0,
                    1.0,
                    -0.25
                ],
                [
                    0.0,
                    0.0,
                    0.0,
                    1.0
                ]
            ],
            "size": [
                0.2,
                0.2,
                0.02
            ]
        },
        "collider2": {
            "type": "Box",
            "collider2origin": [
                [
                    0.7045939558881923,
                    0.3195603287217548,
                    0.6335838962860972,
                    0.5457624842399214
                ],
                [
                    0.23761512111975444,
                    -0.947565932411157,
                    0.21367699443088975,
                    0.6986838494899122
                ],
                [
                    0.6686452060256415,
                    -6.404532812886423e-06,
                    -0.7435815949967489,
                    -0.32581894022256286
                ],
                [
                    0.0,
                    0.0,
                    0.0,
                    1.0
                ]
            ],
            "size": [
                0.15068,
                0.17726,
                0.74884
            ]
        },
        "distance": 0.0015272362621725256
    },
    {
        "case": 5,
        "collider1": {
            "type": "Box",
            "collider2origin": [
                [
                    0.907778172512869,
                    0.4194505805326725,
                    0.0,
                    0.9947946797881562
                ],
                [
                    -0.4194505805326725,
                    0.907778172512869,
                    0.0,
                    0.5317739604993647
                ],
                [
                    0.0,
                    0.0,
                    1.0,
                    -0.69
                ],
                [
                    0.0,
                    0.0,
                    0.0,
                    1.0
                ]
            ],
            "size": [
                0.6,
                1.2,
                0.75
            ]
        },
        "collider2": {
            "type": "Box",
            "collider2origin": [
                [
                    0.7045939558881923,
                    0.3195603287217548,
                    0.6335838962860972,
                    0.5457624842399214
                ],
                [
                    0.23761512111975444,
                    -0.947565932411157,
                    0.21367699443088975,
                    0.6986838494899122
                ],
                [
                    0.6686452060256415,
                    -6.404532812886423e-06,
                    -0.7435815949967489,
                    -0.32581894022256286
                ],
                [
                    0.0,
                    0.0,
                    0.0,
                    1.0
                ]
            ],
            "size": [
                0.15068,
                0.17726,
                0.74884
            ]
        },
        "distance": 0.0
    },
    {
        "case": 6,
        "collider1": {
            "type": "Box",
            "collider2origin": [
                [
                    0.9077781725128689,
                    0.4194505805326724,
                    0.0,
                    0.4158817547107895
                ],
                [
                    -0.4194505805326724,
                    0.9077781725128689,
                    0.0,
                    0.733173894971941
                ],
                [
                    0.0,
                    0.0,
                    1.0,
                    -0.6599999999999999
                ],
                [
                    0.0,
                    0.0,
                    0.0,
                    1.0
                ]
            ],
            "size": [
                0.6,
                1.0,
                0.8
            ]
        },
        "collider2": {
            "type": "Box",
            "collider2origin": [
                [
                    0.9186654544396778,
                    0.31955714836039356,
                    -0.23224343209424342,
                    0.6379765752084943
                ],
                [
                    0.30981227129208766,
                    -0.9475670049550253,
                    -0.07831428782412979,
                    0.8631151219617783
                ],
                [
                    -0.24509210386297198,
                    -7.234376713364136e-06,
                    -0.969499799160209,
                    -0.8295917549993433
                ],
                [
                    0.0,
                    0.0,
                    0.0,
                    1.0
                ]
            ],
            "size": [
                0.1202,
                0.13634,
                0.67816
            ]
        },
        "distance": 0.0
    },
    {
        "case": 7,
        "collider1": {
            "type": "Box",
            "collider2origin": [
                [
                    0.907778172512869,
                    0.4194505805326725,
                    0.0,
                    0.9947946797881562
                ],
                [
                    -0.4194505805326725,
                    0.907778172512869,
                    0.0,
                    0.5317739604993647
                ],
                [
                    0.0,
                    0.0,
                    1.0,
                    -0.69
                ],
                [
                    0.0,
                    0.0,
                    0.0,
                    1.0
                ]
            ],
            "size": [
                0.6,
                1.2,
                0.75
            ]
        },
        "collider2": {
            "type": "Box",
            "collider2origin": [
                [
                    0.9186654544396778,
                    0.31955714836039356,
                    -0.23224343209424342,
                    0.6379765752084943
                ],
                [
                    0.30981227129208766,
                    -0.9475670049550253,
                    -0.07831428782412979,
                    0.8631151219617783
                ],
                [
                    -0.24509210386297198,
                    -7.234376713364136e-06,
                    -0.969499799160209,
                    -0.8295917549993433
                ],
                [
                    0.0,
                    0.0,
                    0.0,
                    1.0
                ]
            ],
            "size": [
                0.1202,
                0.13634,
                0.67816
            ]
        },
        "distance": 0.013364721703075969
    },
    {
        "case": 8,
        "collider1": {
            "type": "Box",
            "collider2origin": [
                [
                    0.9077781725128689,
                    0.4194505805326724,
                    0.0,
                    0.4158817547107895
                ],
                [
                    -0.4194505805326724,
                    0.9077781725128689,
                    0.0,
                    0.733173894971941
                ],
                [
                    0.0,
                    0.0,
                    1.0,
                    -0.6599999999999999
                ],
                [
                    0.0,
                    0.0,
                    0.0,
                    1.0
                ]
            ],
            "size": [
                0.6,
                1.0,
                0.8
            ]
        },
        "collider2": {
            "type": "Box",
            "collider2origin": [
                [
                    0.8613052022251899,
                    0.31955655046653075,
                    -0.3950151385374446,
                    0.6047664842980427
                ],
                [
                    0.2904687293052314,
                    -0.947567206589993,
                    -0.13320775612193583,
                    0.7339722340802837
                ],
                [
                    -0.4168708024263981,
                    -7.012022733772301e-06,
                    -0.9089657496491285,
                    -1.114887118021543
                ],
                [
                    0.0,
                    0.0,
                    0.0,
                    1.0
                ]
            ],
            "size": [
                0.09102,
                0.10007,
                0.11882
            ]
        },
        "distance": 0.0
    },
    {
        "case": 9,
        "collider1": {
            "type": "Box",
            "collider2origin": [
                [
                    0.907778172512869,
                    0.4194505805326725,
                    0.0,
                    0.9947946797881562
                ],
                [
                    -0.4194505805326725,
                    0.907778172512869,
                    0.0,
                    0.5317739604993647
                ],
                [
                    0.0,
                    0.0,
                    1.0,
                    -0.69
                ],
                [
                    0.0,
                    0.0,
                    0.0,
                    1.0
                ]
            ],
            "size": [
                0.6,
                1.2,
                0.75
            ]
        },
        "collider2": {
            "type": "Box",
            "collider2origin": [
                [
                    0.8613052022251899,
                    0.31955655046653075,
                    -0.3950151385374446,
                    0.6047664842980427
                ],
                [
                    0.2904687293052314,
                    -0.947567206589993,
                    -0.13320775612193583,
                    0.7339722340802837
                ],
                [
                    -0.4168708024263981,
                    -7.012022733772301e-06,
                    -0.9089657496491285,
                    -1.114887118021543
                ],
                [
                    0.0,
                    0.0,
                    0.0,
                    1.0
                ]
            ],
            "size": [
                0.09102,
                0.10007,
                0.11882
            ]
        },
        "distance": 0.058370198248413246
    }
]