[
    {
        "case": 0,
        "collider1": {
            "type": "Box",
            "collider2origin": [
                [
                    0.907778172512869,
                    0.4194505805326725,
                    0.0,
                    -1.612083837096907
                ],
                [
                    -0.4194505805326725,
                    0.907778172512869,
                    0.0,
                    -0.24654756573714753
                ],
                [
                    0.0,
                    0.0,
                    1.0,
                    -0.040000000000000036
                ],
                [
                    0.0,
                    0.0,
                    0.0,
                    1.0
                ]
            ],
            "size": [
                2.0,
                2.0,
                2.0
            ]
        },
        "collider2": {
            "type": "Box",
            "collider2origin": [
                [
                    -0.8126187794089019,
                    0.40342904179420763,
                    -0.42058973785506687,
                    -0.16666620753803396
                ],
                [
                    -0.35828405390310175,
                    -0.9150109333974313,
                    -0.18543874590257797,
                    0.5415657040842311
                ],
                [
                    -0.45965558418314234,
                    -4.110417141818167e-07,
                    0.8880972603994931,
                    0.6074129661627929
                ],
                [
                    0.0,
                    0.0,
                    0.0,
                    1.0
                ]
            ],
            "size": [
                0.1202,
                0.13634,
                0.67816
            ]
        },
        "distance": 0.11969357784216375
    },
    {
        "case": 1,
        "collider1": {
            "type": "Box",
            "collider2origin": [
                [
                    0.907778172512869,
                    0.4194505805326725,
                    0.0,
                    -0.7418785952877999
                ],
                [
                    -0.4194505805326725,
                    0.907778172512869,
                    0.0,
                    1.2791466490804724
                ],
                [
                    0.0,
                    0.0,
                    1.0,
                    0.27
                ],
                [
                    0.0,
                    0.0,
                    0.0,
                    1.0
                ]
            ],
            "size": [
                0.52,
                1.16,
                0.6
            ]
        },
        "collider2": {
            "type": "Box",
            "collider2origin": [
                [
                    -0.8126187794089019,
                    0.40342904179420763,
                    -0.42058973785506687,
                    -0.16666620753803396
                ],
                [
                    -0.35828405390310175,
                    -0.9150109333974313,
                    -0.18543874590257797,
                    0.5415657040842311
                ],
                [
                    -0.45965558418314234,
                    -4.110417141818167e-07,
                    0.8880972603994931,
                    0.6074129661627929
                ],
                [
                    0.0,
                    0.0,
                    0.0,
                    1.0
                ]
            ],
            "size": [
                0.1202,
                0.13634,
                0.67816
            ]
        },
        "distance": 0.4621345753263081
    },
    {
        "case": 2,
        "collider1": {
            "type": "Box",
            "collider2origin": [
                [
                    0.907778172512869,
                    0.4194505805326725,
                    0.0,
                    -1.612083837096907
                ],
                [
                    -0.4194505805326725,
                    0.907778172512869,
                    0.0,
                    -0.24654756573714753
                ],
                [
                    0.0,
                    0.0,
                    1.0,
                    -0.040000000000000036
                ],
                [
                    0.0,
                    0.0,
                    0.0,
                    1.0
                ]
            ],
            "size": [
                2.0,
                2.0,
                2.0
            ]
        },
        "collider2": {
            "type": "Box",
            "collider2origin": [
                [
                    0.730185901500356,
                    0.40343261220752047,
                    0.5514260391544175,
                    -0.24312831740261825
                ],
                [
                    0.32193859279386927,
                    -0.9150093591673245,
                    0.24313250524375704,
                    0.38571160562289003
                ],
                [
                    0.6026475684179069,
                    -6.604450182622409e-06,
                    -0.7980074612660996,
                    0.864436989103472
                ],
                [
                    0.0,
                    0.0,
                    0.0,
                    1.0
                ]
            ],
            "size": [
                0.09102,
                0.10007,
                0.11882
            ]
        },
        "distance": 0.06097423604261743
    }
]