[
    {
        "case": 0,
        "collider1": {
            "type": "Box",
            "collider2origin": [
                [
                    0.9077781725128689,
                    0.4194505805326724,
                    0.0,
                    0.4158817547107895
                ],
                [
                    -0.4194505805326724,
                    0.9077781725128689,
                    0.0,
                    0.733173894971941
                ],
                [
                    0.0,
                    0.0,
                    1.0,
                    -0.6599999999999999
                ],
                [
                    0.0,
                    0.0,
                    0.0,
                    1.0
                ]
            ],
            "size": [
                0.6,
                1.0,
                0.8
            ]
        },
        "collider2": {
            "type": "Box",
            "collider2origin": [
                [
                    -0.9206653318425466,
                    -0.3865204822387084,
                    -0.05456430658598887,
                    0.21625972115517383
                ],
                [
                    -0.38584297194300665,
                    0.9222808231531658,
                    -0.02287540701511352,
                    0.9541521490593006
                ],
                [
                    0.059165426943795923,
                    -7.339975455496813e-06,
                    -0.9982481916841536,
                    -0.4021510029026283
                ],
                [
                    0.0,
                    0.0,
                    0.0,
                    1.0
                ]
            ],
            "size": [
                0.15068,
                0.17726,
                0.74884
            ]
        },
        "distance": 0.0
    },
    {
        "case": 1,
        "collider1": {
            "type": "Box",
            "collider2origin": [
                [
                    0.9077781725128689,
                    0.4194505805326724,
                    0.0,
                    0.27063700059322826
                ],
                [
                    -0.4194505805326724,
                    0.9077781725128689,
                    0.0,
                    0.8002854543438492
                ],
                [
                    0.0,
                    0.0,
                    1.0,
                    -0.25
                ],
                [
                    0.0,
                    0.0,
                    0.0,
                    1.0
                ]
            ],
            "size": [
                0.2,
                0.2,
                0.02
            ]
        },
        "collider2": {
            "type": "Box",
            "collider2origin": [
                [
                    -0.9206653318425466,
                    -0.3865204822387084,
                    -0.05456430658598887,
                    0.21625972115517383
                ],
                [
                    -0.38584297194300665,
                    0.9222808231531658,
                    -0.02287540701511352,
                    0.9541521490593006
                ],
                [
                    0.059165426943795923,
                    -7.339975455496813e-06,
                    -0.9982481916841536,
                    -0.4021510029026283
                ],
                [
                    0.0,
                    0.0,
                    0.0,
                    1.0
                ]
            ],
            "size": [
                0.15068,
                0.17726,
                0.74884
            ]
        },
        "distance": 0.0
    },
    {
        "case": 2,
        "collider1": {
            "type": "Box",
            "collider2origin": [
                [
                    0.9077781725128689,
                    0.4194505805326724,
                    0.0,
                    0.4158817547107895
                ],
                [
                    -0.4194505805326724,
                    0.9077781725128689,
                    0.0,
                    0.733173894971941
                ],
                [
                    0.0,
                    0.0,
                    1.0,
                    -0.6599999999999999
                ],
                [
                    0.0,
                    0.0,
                    0.0,
                    1.0
                ]
            ],
            "size": [
                0.6,
                1.0,
                0.8
            ]
        },
        "collider2": {
            "type": "Box",
            "collider2origin": [
                [
                    -0.9206653318425466,
                    -0.3865204822387084,
                    -0.05456430658598887,
                    0.21625972115517383
                ],
                [
                    -0.38584297194300665,
                    0.9222808231531658,
                    -0.02287540701511352,
                    0.9541521490593006
                ],
                [
                    0.059165426943795923,
                    -7.339975455496813e-06,
                    -0.9982481916841536,
                    -0.4021510029026283
                ],
                [
                    0.0,
                    0.0,
                    0.0,
                    1.0
                ]
            ],
            "size": [
                0.15068,
                0.17726,
                0.74884
            ]
        },
        "distance": 0.0
    },
    {
        "case": 3,
        "collider1": {
            "type": "Box",
            "collider2origin": [
                [
                    0.9077781725128689,
                    0.4194505805326724,
                    0.0,
                    0.27063700059322826
                ],
                [
                    -0.4194505805326724,
                    0.9077781725128689,
                    0.0,
                    0.8002854543438492
                ],
                [
                    0.0,
                    0.0,
                    1.0,
                    -0.25
                ],
                [
                    0.0,
                    0.0,
                    0.0,
                    1.0
                ]
            ],
            "size": [
                0.2,
                0.2,
                0.02
            ]
        },
        "collider2": {
            "type": "Box",
            "collider2origin": [
                [
                    -0.9206653318425466,
                    -0.3865204822387084,
                    -0.05456430658598887,
                    0.21625972115517383
                ],
                [
                    -0.38584297194300665,
                    0.9222808231531658,
                    -0.02287540701511352,
                    0.9541521490593006
                ],
                [
                    0.059165426943795923,
                    -7.339975455496813e-06,
                    -0.9982481916841536,
                    -0.4021510029026283
                ],
                [
                    0.0,
                    0.0,
                    0.0,
                    1.0
                ]
            ],
            "size": [
                0.15068,
                0.17726,
                0.74884
            ]
        },
        "distance": 0.0
    },
    {
        "case": 4,
        "collider1": {
            "type": "Box",
            "collider2origin": [
                [
                    0.9077781725128689,
                    0.4194505805326724,
                    0.0,
                    0.4158817547107895
                ],
                [
                    -0.4194505805326724,
                    0.9077781725128689,
                    0.0,
                    0.733173894971941
                ],
                [
                    0.0,
                    0.0,
                    1.0,
                    -0.6599999999999999
                ],
                [
                    0.0,
                    0.0,
                    0.0,
                    1.0
                ]
            ],
            "size": [
                0.6,
                1.0,
                0.8
            ]
        },
        "collider2": {
            "type": "Box",
            "collider2origin": [
                [
                    0.8780962141611137,
                    -0.38651924580023916,
                    0.28204593828299296,
                    0.3269953284923596
                ],
                [
                    0.3680016253171601,
                    0.9222813413628096,
                    0.11820292355921296,
                    0.8635738830998358
                ],
                [
                    -0.3058134111510613,
                    -1.7597787557673323e-07,
                    0.9520914649129676,
                    -0.4466499193031255
                ],
                [
                    0.0,
                    0.0,
                    0.0,
                    1.0
                ]
            ],
            "size": [
                0.1202,
                0.13634,
                0.67816
            ]
        },
        "distance": 0.0
    },
    {
        "case": 5,
        "collider1": {
            "type": "Box",
            "collider2origin": [
                [
                    0.9077781725128689,
                    0.4194505805326724,
                    0.0,
                    0.27063700059322826
                ],
                [
                    -0.4194505805326724,
                    0.9077781725128689,
                    0.0,
                    0.8002854543438492
                ],
                [
                    0.0,
                    0.0,
                    1.0,
                    -0.25
                ],
                [
                    0.0,
                    0.0,
                    0.0,
                    1.0
                ]
            ],
            "size": [
                0.2,
                0.2,
                0.02
            ]
        },
        "collider2": {
            "type": "Box",
            "collider2origin": [
                [
                    0.8780962141611137,
                    -0.38651924580023916,
                    0.28204593828299296,
                    0.3269953284923596
                ],
                [
                    0.3680016253171601,
                    0.9222813413628096,
                    0.11820292355921296,
                    0.8635738830998358
                ],
                [
                    -0.3058134111510613,
                    -1.7597787557673323e-07,
                    0.9520914649129676,
                    -0.4466499193031255
                ],
                [
                    0.0,
                    0.0,
                    0.0,
                    1.0
                ]
            ],
            "size": [
                0.1202,
                0.13634,
                0.67816
            ]
        },
        "distance": 0.0
    },
    {
        "case": 6,
        "collider1": {
            "type": "Box",
            "collider2origin": [
                [
                    0.907778172512869,
                    0.4194505805326725,
                    0.0,
                    0.9947946797881562
                ],
                [
                    -0.4194505805326725,
                    0.907778172512869,
                    0.0,
                    0.5317739604993647
                ],
                [
                    0.0,
                    0.0,
                    1.0,
                    -0.69
                ],
                [
                    0.0,
                    0.0,
                    0.0,
                    1.0
                ]
            ],
            "size": [
                0.6,
                1.2,
                0.75
            ]
        },
        "collider2": {
            "type": "Box",
            "collider2origin": [
                [
                    0.8780962141611137,
                    -0.38651924580023916,
                    0.28204593828299296,
                    0.3269953284923596
                ],
                [
                    0.3680016253171601,
                    0.9222813413628096,
                    0.11820292355921296,
                    0.8635738830998358
                ],
                [
                    -0.3058134111510613,
                    -1.7597787557673323e-07,
                    0.9520914649129676,
                    -0.4466499193031255
                ],
                [
                    0.0,
                    0.0,
                    0.0,
                    1.0
                ]
            ],
            "size": [
                0.1202,
                0.13634,
                0.67816
            ]
        },
        "distance": 0.31657658268493605
    }
]