[
    {
        "case": 0,
        "collider1": {
            "type": "Box",
            "collider2origin": [
                [
                    0.9077781725128689,
                    0.4194505805326724,
                    0.0,
                    0.4158817547107895
                ],
                [
                    -0.4194505805326724,
                    0.9077781725128689,
                    0.0,
                    0.733173894971941
                ],
                [
                    0.0,
                    0.0,
                    1.0,
                    -0.6599999999999999
                ],
                [
                    0.0,
                    0.0,
                    0.0,
                    1.0
                ]
            ],
            "size": [
                0.6,
                1.0,
                0.8
            ]
        },
        "collider2": {
            "type": "Box",
            "collider2origin": [
                [
                    0.9451760488945827,
                    -0.12441267780075992,
                    0.30193330753408076,
                    0.3687621387659613
                ],
                [
                    -0.11851485972882835,
                    -0.9922305606818426,
                    -0.037851584807674116,
                    0.6154723899083526
                ],
                [
                    0.30429667204798927,
                    -7.172216947149965e-06,
                    -0.9525773119957651,
                    -0.3884753521320473
                ],
                [
                    0.0,
                    0.0,
                    0.0,
                    1.0
                ]
            ],
            "size": [
                0.15068,
                0.17726,
                0.74884
            ]
        },
        "distance": 0.0
    },
    {
        "case": 1,
        "collider1": {
            "type": "Box",
            "collider2origin": [
                [
                    0.9077781725128689,
                    0.4194505805326724,
                    0.0,
                    0.27063700059322826
                ],
                [
                    -0.4194505805326724,
                    0.9077781725128689,
                    0.0,
                    0.8002854543438492
                ],
                [
                    0.0,
                    0.0,
                    1.0,
                    -0.25
                ],
                [
                    0.0,
                    0.0,
                    0.0,
                    1.0
                ]
            ],
            "size": [
                0.2,
                0.2,
                0.02
            ]
        },
        "collider2": {
            "type": "Box",
            "collider2origin": [
                [
                    0.9451760488945827,
                    -0.12441267780075992,
                    0.30193330753408076,
                    0.3687621387659613
                ],
                [
                    -0.11851485972882835,
                    -0.9922305606818426,
                    -0.037851584807674116,
                    0.6154723899083526
                ],
                [
                    0.30429667204798927,
                    -7.172216947149965e-06,
                    -0.9525773119957651,
                    -0.3884753521320473
                ],
                [
                    0.0,
                    0.0,
                    0.0,
                    1.0
                ]
            ],
            "size": [
                0.15068,
                0.17726,
                0.74884
            ]
        },
        "distance": 0.0
    },
    {
        "case": 2,
        "collider1": {
            "type": "Box",
            "collider2origin": [
                [
                    0.907778172512869,
                    0.4194505805326725,
                    0.0,
                    0.9947946797881562
                ],
                [
                    -0.4194505805326725,
                    0.907778172512869,
                    0.0,
                    0.5317739604993647
                ],
                [
                    0.0,
                    0.0,
                    1.0,
                    -0.69
                ],
                [
                    0.0,
                    0.0,
                    0.0,
                    1.0
                ]
            ],
            "size": [
                0.6,
                1.2,
                0.75
            ]
        },
        "collider2": {
            "type": "Box",
            "collider2origin": [
                [
                    0.9451760488945827,
                    -0.12441267780075992,
                    0.30193330753408076,
                    0.3687621387659613
                ],
                [
                    -0.11851485972882835,
                    -0.9922305606818426,
                    -0.037851584807674116,
                    0.6154723899083526
                ],
                [
                    0.30429667204798927,
                    -7.172216947149965e-06,
                    -0.9525773119957651,
                    -0.3884753521320473
                ],
                [
                    0.0,
                    0.0,
                    0.0,
                    1.0
                ]
            ],
            "size": [
                0.15068,
                0.17726,
                0.74884
            ]
        },
        "distance": 0.09957221083242736
    },
    {
        "case": 3,
        "collider1": {
            "type": "Box",
            "collider2origin": [
                [
                    0.9077781725128689,
                    0.4194505805326724,
                    0.0,
                    0.4158817547107895
                ],
                [
                    -0.4194505805326724,
                    0.9077781725128689,
                    0.0,
                    0.733173894971941
                ],
                [
                    0.0,
                    0.0,
                    1.0,
                    -0.6599999999999999
                ],
                [
                    0.0,
                    0.0,
                    0.0,
                    1.0
                ]
            ],
            "size": [
                0.6,
                1.0,
                0.8
            ]
        },
        "collider2": {
            "type": "Box",
            "collider2origin": [
                [
                    0.9451760488945827,
                    -0.12441267780075992,
                    0.30193330753408076,
                    0.3687621387659613
                ],
                [
                    -0.11851485972882835,
                    -0.9922305606818426,
                    -0.037851584807674116,
                    0.6154723899083526
                ],
                [
                    0.30429667204798927,
                    -7.172216947149965e-06,
                    -0.9525773119957651,
                    -0.3884753521320473
                ],
                [
                    0.0,
                    0.0,
                    0.0,
                    1.0
                ]
            ],
            "size": [
                0.15068,
                0.17726,
                0.74884
            ]
        },
        "distance": 0.0
    },
    {
        "case": 4,
        "collider1": {
            "type": "Box",
            "collider2origin": [
                [
                    0.9077781725128689,
                    0.4194505805326724,
                    0.0,
                    0.27063700059322826
                ],
                [
                    -0.4194505805326724,
                    0.9077781725128689,
                    0.0,
                    0.8002854543438492
                ],
                [
                    0.0,
                    0.0,
                    1.0,
                    -0.25
                ],
                [
                    0.0,
                    0.0,
                    0.0,
                    1.0
                ]
            ],
            "size": [
                0.2,
                0.2,
                0.02
            ]
        },
        "collider2": {
            "type": "Box",
            "collider2origin": [
                [
                    0.9451760488945827,
                    -0.12441267780075992,
                    0.30193330753408076,
                    0.3687621387659613
                ],
                [
                    -0.11851485972882835,
                    -0.9922305606818426,
                    -0.037851584807674116,
                    0.6154723899083526
                ],
                [
                    0.30429667204798927,
                    -7.172216947149965e-06,
                    -0.9525773119957651,
                    -0.3884753521320473
                ],
                [
                    0.0,
                    0.0,
                    0.0,
                    1.0
                ]
            ],
            "size": [
                0.15068,
                0.17726,
                0.74884
            ]
        },
        "distance": 0.0
    },
    {
        "case": 5,
        "collider1": {
            "type": "Box",
            "collider2origin": [
                [
                    0.907778172512869,
                    0.4194505805326725,
                    0.0,
                    0.9947946797881562
                ],
                [
                    -0.4194505805326725,
                    0.907778172512869,
                    0.0,
                    0.5317739604993647
                ],
                [
                    0.0,
                    0.0,
                    1.0,
                    -0.69
                ],
                [
                    0.0,
                    0.0,
                    0.0,
                    1.0
                ]
            ],
            "size": [
                0.6,
                1.2,
                0.75
            ]
        },
        "collider2": {
            "type": "Box",
            "collider2origin": [
                [
                    0.9451760488945827,
                    -0.12441267780075992,
                    0.30193330753408076,
                    0.3687621387659613
                ],
                [
                    -0.11851485972882835,
                    -0.9922305606818426,
                    -0.037851584807674116,
                    0.6154723899083526
                ],
                [
                    0.30429667204798927,
                    -7.172216947149965e-06,
                    -0.9525773119957651,
                    -0.3884753521320473
                ],
                [
                    0.0,
                    0.0,
                    0.0,
                    1.0
                ]
            ],
            "size": [
                0.15068,
                0.17726,
                0.74884
            ]
        },
        "distance": 0.09957221083242736
    },
    {
        "case": 6,
        "collider1": {
            "type": "Box",
            "collider2origin": [
                [
                    0.9077781725128689,
                    0.4194505805326724,
                    0.0,
                    0.4158817547107895
                ],
                [
                    -0.4194505805326724,
                    0.9077781725128689,
                    0.0,
                    0.733173894971941
                ],
                [
                    0.0,
                    0.0,
                    1.0,
                    -0.6599999999999999
                ],
                [
                    0.0,
                    0.0,
                    0.0,
                    1.0
                ]
            ],
            "size": [
                0.6,
                1.0,
                0.8
            ]
        },
        "collider2": {
            "type": "Box",
            "collider2origin": [
                [
                    0.8931056524481114,
                    -0.12441537478951935,
                    -0.4322997895919184,
                    0.35751402094717455
                ],
                [
                    -0.11198311753342857,
                    -0.992230222512533,
                    0.054212239579486725,
                    0.7442140982428734
                ],
                [
                    -0.43568575252437153,
                    -6.9794527625870245e-06,
                    -0.9000988417938105,
                    -0.9380254731476978
                ],
                [
                    0.0,
                    0.0,
                    0.0,
                    1.0
                ]
            ],
            "size": [
                0.1202,
                0.13634,
                0.67816
            ]
        },
        "distance": 0.0
    },
    {
        "case": 7,
        "collider1": {
            "type": "Box",
            "collider2origin": [
                [
                    0.907778172512869,
                    0.4194505805326725,
                    0.0,
                    0.9947946797881562
                ],
                [
                    -0.4194505805326725,
                    0.907778172512869,
                    0.0,
                    0.5317739604993647
                ],
                [
                    0.0,
                    0.0,
                    1.0,
                    -0.69
                ],
                [
                    0.0,
                    0.0,
                    0.0,
                    1.0
                ]
            ],
            "size": [
                0.6,
                1.2,
                0.75
            ]
        },
        "collider2": {
            "type": "Box",
            "collider2origin": [
                [
                    0.8931056524481114,
                    -0.12441537478951935,
                    -0.4322997895919184,
                    0.35751402094717455
                ],
                [
                    -0.11198311753342857,
                    -0.992230222512533,
                    0.054212239579486725,
                    0.7442140982428734
                ],
                [
                    -0.43568575252437153,
                    -6.9794527625870245e-06,
                    -0.9000988417938105,
                    -0.9380254731476978
                ],
                [
                    0.0,
                    0.0,
                    0.0,
                    1.0
                ]
            ],
            "size": [
                0.1202,
                0.13634,
                0.67816
            ]
        },
        "distance": 0.15462008707870503
    }
]