[
    {
        "case": 0,
        "collider1": {
            "type": "Box",
            "collider2origin": [
                [
                    0.9077781725128689,
                    0.4194505805326724,
                    0.0,
                    0.4158817547107895
                ],
                [
                    -0.4194505805326724,
                    0.9077781725128689,
                    0.0,
                    0.733173894971941
                ],
                [
                    0.0,
                    0.0,
                    1.0,
                    -0.6599999999999999
                ],
                [
                    0.0,
                    0.0,
                    0.0,
                    1.0
                ]
            ],
            "size": [
                0.6,
                1.0,
                0.8
            ]
        },
        "collider2": {
            "type": "Box",
            "collider2origin": [
                [
                    0.09316514490501854,
                    0.9951313890720184,
                    0.0321523600754617,
                    0.41594809709889097
                ],
                [
                    0.9406643451522441,
                    -0.09855718356638968,
                    0.32471075024821905,
                    1.4816678731939725
                ],
                [
                    0.3262987059951773,
                    -7.145363609272821e-06,
                    -0.945266710730266,
                    -0.23923542802089648
                ],
                [
                    0.0,
                    0.0,
                    0.0,
                    1.0
                ]
            ],
            "size": [
                0.1202,
                0.13634,
                0.67816
            ]
        },
        "distance": 0.1112701882840655
    },
    {
        "case": 1,
        "collider1": {
            "type": "Box",
            "collider2origin": [
                [
                    -0.49996093967317806,
                    0.8660479541001831,
                    0.0,
                    0.23518030403224222
                ],
                [
                    -0.8660479541001831,
                    -0.49996093967317806,
                    0.0,
                    1.6545490191575776
                ],
                [
                    0.0,
                    0.0,
                    1.0,
                    -0.21500000000000008
                ],
                [
                    0.0,
                    0.0,
                    0.0,
                    1.0
                ]
            ],
            "size": [
                0.2,
                0.3,
                0.22
            ]
        },
        "collider2": {
            "type": "Box",
            "collider2origin": [
                [
                    0.09316514490501854,
                    0.9951313890720184,
                    0.0321523600754617,
                    0.41594809709889097
                ],
                [
                    0.9406643451522441,
                    -0.09855718356638968,
                    0.32471075024821905,
                    1.4816678731939725
                ],
                [
                    0.3262987059951773,
                    -7.145363609272821e-06,
                    -0.945266710730266,
                    -0.23923542802089648
                ],
                [
                    0.0,
                    0.0,
                    0.0,
                    1.0
                ]
            ],
            "size": [
                0.1202,
                0.13634,
                0.67816
            ]
        },
        "distance": 0.0
    },
    {
        "case": 2,
        "collider1": {
            "type": "Cylinder",
            "collider2origin": [
                [
                    0.907778172512869,
                    0.4194505805326725,
                    0.0,
                    0.41976000612504893
                ],
                [
                    -0.4194505805326725,
                    0.907778172512869,
                    0.0,
                    1.6236691588060355
                ],
                [
                    0.0,
                    0.0,
                    1.0,
                    -0.18000000000000016
                ],
                [
                    0.0,
                    0.0,
                    0.0,
                    1.0
                ]
            ],
            "radius": 0.04,
            "height": 0.3
        },
        "collider2": {
            "type": "Box",
            "collider2origin": [
                [
                    0.09316514490501854,
                    0.9951313890720184,
                    0.0321523600754617,
                    0.41594809709889097
                ],
                [
                    0.9406643451522441,
                    -0.09855718356638968,
                    0.32471075024821905,
                    1.4816678731939725
                ],
                [
                    0.3262987059951773,
                    -7.145363609272821e-06,
                    -0.945266710730266,
                    -0.23923542802089648
                ],
                [
                    0.0,
                    0.0,
                    0.0,
                    1.0
                ]
            ],
            "size": [
                0.1202,
                0.13634,
                0.67816
            ]
        },
        "distance": 0.006403652580556079
    },
    {
        "case": 3,
        "collider1": {
            "type": "Box",
            "collider2origin": [
                [
                    0.907778172512869,
                    0.4194505805326725,
                    0.0,
                    0.3318610395686135
                ],
                [
                    -0.4194505805326725,
                    0.907778172512869,
                    0.0,
                    1.862570334354233
                ],
                [
                    0.0,
                    0.0,
                    1.0,
                    -0.21500000000000008
                ],
                [
                    0.0,
                    0.0,
                    0.0,
                    1.0
                ]
            ],
            "size": [
                0.3,
                0.46,
                0.22
            ]
        },
        "collider2": {
            "type": "Box",
            "collider2origin": [
                [
                    0.09316514490501854,
                    0.9951313890720184,
                    0.0321523600754617,
                    0.41594809709889097
                ],
                [
                    0.9406643451522441,
                    -0.09855718356638968,
                    0.32471075024821905,
                    1.4816678731939725
                ],
                [
                    0.3262987059951773,
                    -7.145363609272821e-06,
                    -0.945266710730266,
                    -0.23923542802089648
                ],
                [
                    0.0,
                    0.0,
                    0.0,
                    1.0
                ]
            ],
            "size": [
                0.1202,
                0.13634,
                0.67816
            ]
        },
        "distance": 0.010495845445817765
    }
]