[
    {
        "case": 0,
        "collider1": {
            "type": "Box",
            "collider2origin": [
                [
                    0.9077781725128689,
                    0.4194505805326724,
                    0.0,
                    0.4158817547107895
                ],
                [
                    -0.4194505805326724,
                    0.9077781725128689,
                    0.0,
                    0.733173894971941
                ],
                [
                    0.0,
                    0.0,
                    1.0,
                    -0.6599999999999999
                ],
                [
                    0.0,
                    0.0,
                    0.0,
                    1.0
                ]
            ],
            "size": [
                0.6,
                1.0,
                0.8
            ]
        },
        "collider2": {
            "type": "Box",
            "collider2origin": [
                [
                    0.7774447872526677,
                    0.4840361141969586,
                    -0.401607573293586,
                    0.387840171365348
                ],
                [
                    0.43005015513100847,
                    -0.875048021599381,
                    -0.2221437011639192,
                    0.6657918195042342
                ],
                [
                    -0.45895148637459465,
                    -6.936705791156743e-06,
                    -0.8884613289876111,
                    -1.072394873551413
                ],
                [
                    0.0,
                    0.0,
                    0.0,
                    1.0
                ]
            ],
            "size": [
                0.09102,
                0.10007,
                0.11882
            ]
        },
        "distance": 0.0
    },
    {
        "case": 1,
        "collider1": {
            "type": "Box",
            "collider2origin": [
                [
                    0.907778172512869,
                    0.4194505805326725,
                    0.0,
                    0.9947946797881562
                ],
                [
                    -0.4194505805326725,
                    0.907778172512869,
                    0.0,
                    0.5317739604993647
                ],
                [
                    0.0,
                    0.0,
                    1.0,
                    -0.69
                ],
                [
                    0.0,
                    0.0,
                    0.0,
                    1.0
                ]
            ],
            "size": [
                0.6,
                1.2,
                0.75
            ]
        },
        "collider2": {
            "type": "Box",
            "collider2origin": [
                [
                    0.7774447872526677,
                    0.4840361141969586,
                    -0.401607573293586,
                    0.387840171365348
                ],
                [
                    0.43005015513100847,
                    -0.875048021599381,
                    -0.2221437011639192,
                    0.6657918195042342
                ],
                [
                    -0.45895148637459465,
                    -6.936705791156743e-06,
                    -0.8884613289876111,
                    -1.072394873551413
                ],
                [
                    0.0,
                    0.0,
                    0.0,
                    1.0
                ]
            ],
            "size": [
                0.09102,
                0.10007,
                0.11882
            ]
        },
        "distance": 0.22681118843079473
    },
    {
        "case": 2,
        "collider1": {
            "type": "Box",
            "collider2origin": [
                [
                    0.9077781725128689,
                    0.4194505805326724,
                    0.0,
                    0.4158817547107895
                ],
                [
                    -0.4194505805326724,
                    0.9077781725128689,
                    0.0,
                    0.733173894971941
                ],
                [
                    0.0,
                    0.0,
                    1.0,
                    -0.6599999999999999
                ],
                [
                    0.0,
                    0.0,
                    0.0,
                    1.0
                ]
            ],
            "size": [
                0.6,
                1.0,
                0.8
            ]
        },
        "collider2": {
            "type": "Box",
            "collider2origin": [
                [
                    0.695346822996643,
                    0.4840395406772042,
                    0.5312236052826308,
                    0.1798203569950441
                ],
                [
                    0.38463270082449785,
                    -0.8750461262228098,
                    0.2938570442220276,
                    0.6784422575978569
                ],
                [
                    0.6070835866706722,
                    -6.592073385668572e-06,
                    -0.7946379796810725,
                    -0.8382655128344276
                ],
                [
                    0.0,
                    0.0,
                    0.0,
                    1.0
                ]
            ],
            "size": [
                0.1202,
                0.13634,
                0.67816
            ]
        },
        "distance": 0.0
    },
    {
        "case": 3,
        "collider1": {
            "type": "Box",
            "collider2origin": [
                [
                    0.9077781725128689,
                    0.4194505805326724,
                    0.0,
                    0.4158817547107895
                ],
                [
                    -0.4194505805326724,
                    0.9077781725128689,
                    0.0,
                    0.733173894971941
                ],
                [
                    0.0,
                    0.0,
                    1.0,
                    -0.6599999999999999
                ],
                [
                    0.0,
                    0.0,
                    0.0,
                    1.0
                ]
            ],
            "size": [
                0.6,
                1.0,
                0.8
            ]
        },
        "collider2": {
            "type": "Box",
            "collider2origin": [
                [
                    0.7330851167018797,
                    0.4840358343162358,
                    -0.4778028074090578,
                    0.24108544511311153
                ],
                [
                    0.40551270387745,
                    -0.8750481764178566,
                    -0.26429176290944695,
                    0.567948591887482
                ],
                [
                    -0.5460271592734113,
                    -6.7504968660558824e-06,
                    -0.8377674744762054,
                    -0.3539517496764498
                ],
                [
                    0.0,
                    0.0,
                    0.0,
                    1.0
                ]
            ],
            "size": [
                0.15068,
                0.17726,
                0.74884
            ]
        },
        "distance": 0.0
    },
    {
        "case": 4,
        "collider1": {
            "type": "Box",
            "collider2origin": [
                [
                    0.9077781725128689,
                    0.4194505805326724,
                    0.0,
                    0.27063700059322826
                ],
                [
                    -0.4194505805326724,
                    0.9077781725128689,
                    0.0,
                    0.8002854543438492
                ],
                [
                    0.0,
                    0.0,
                    1.0,
                    -0.25
                ],
                [
                    0.0,
                    0.0,
                    0.0,
                    1.0
                ]
            ],
            "size": [
                0.2,
                0.2,
                0.02
            ]
        },
        "collider2": {
            "type": "Box",
            "collider2origin": [
                [
                    0.7330851167018797,
                    0.4840358343162358,
                    -0.4778028074090578,
                    0.24108544511311153
                ],
                [
                    0.40551270387745,
                    -0.8750481764178566,
                    -0.26429176290944695,
                    0.567948591887482
                ],
                [
                    -0.5460271592734113,
                    -6.7504968660558824e-06,
                    -0.8377674744762054,
                    -0.3539517496764498
                ],
                [
                    0.0,
                    0.0,
                    0.0,
                    1.0
                ]
            ],
            "size": [
                0.15068,
                0.17726,
                0.74884
            ]
        },
        "distance": 0.0
    },
    {
        "case": 5,
        "collider1": {
            "type": "Box",
            "collider2origin": [
                [
                    0.907778172512869,
                    0.4194505805326725,
                    0.0,
                    0.9947946797881562
                ],
                [
                    -0.4194505805326725,
                    0.907778172512869,
                    0.0,
                    0.5317739604993647
                ],
                [
                    0.0,
                    0.0,
                    1.0,
                    -0.69
                ],
                [
                    0.0,
                    0.0,
                    0.0,
                    1.0
                ]
            ],
            "size": [
                0.6,
                1.2,
                0.75
            ]
        },
        "collider2": {
            "type": "Box",
            "collider2origin": [
                [
                    0.7330851167018797,
                    0.4840358343162358,
                    -0.4778028074090578,
                    0.24108544511311153
                ],
                [
                    0.40551270387745,
                    -0.8750481764178566,
                    -0.26429176290944695,
                    0.567948591887482
                ],
                [
                    -0.5460271592734113,
                    -6.7504968660558824e-06,
                    -0.8377674744762054,
                    -0.3539517496764498
                ],
                [
                    0.0,
                    0.0,
                    0.0,
                    1.0
                ]
            ],
            "size": [
                0.15068,
                0.17726,
                0.74884
            ]
        },
        "distance": 0.24233494551859186
    },
    {
        "case": 6,
        "collider1": {
            "type": "Box",
            "collider2origin": [
                [
                    0.9077781725128689,
                    0.4194505805326724,
                    0.0,
                    0.4158817547107895
                ],
                [
                    -0.4194505805326724,
                    0.9077781725128689,
                    0.0,
                    0.733173894971941
                ],
                [
                    0.0,
                    0.0,
                    1.0,
                    -0.6599999999999999
                ],
                [
                    0.0,
                    0.0,
                    0.0,
                    1.0
                ]
            ],
            "size": [
                0.6,
                1.0,
                0.8
            ]
        },
        "collider2": {
            "type": "Box",
            "collider2origin": [
                [
                    0.7330851167018797,
                    0.4840358343162358,
                    -0.4778028074090578,
                    0.24108544511311153
                ],
                [
                    0.40551270387745,
                    -0.8750481764178566,
                    -0.26429176290944695,
                    0.567948591887482
                ],
                [
                    -0.5460271592734113,
                    -6.7504968660558824e-06,
                    -0.8377674744762054,
                    -0.3539517496764498
                ],
                [
                    0.0,
                    0.0,
                    0.0,
                    1.0
                ]
            ],
            "size": [
                0.15068,
                0.17726,
                0.74884
            ]
        },
        "distance": 0.0
    },
    {
        "case": 7,
        "collider1": {
            "type": "Box",
            "collider2origin": [
                [
                    0.9077781725128689,
                    0.4194505805326724,
                    0.0,
                    0.27063700059322826
                ],
                [
                    -0.4194505805326724,
                    0.9077781725128689,
                    0.0,
                    0.8002854543438492
                ],
                [
                    0.0,
                    0.0,
                    1.0,
                    -0.25
                ],
                [
                    0.0,
                    0.0,
                    0.0,
                    1.0
                ]
            ],
            "size": [
                0.2,
                0.2,
                0.02
            ]
        },
        "collider2": {
            "type": "Box",
            "collider2origin": [
                [
                    0.7330851167018797,
                    0.4840358343162358,
                    -0.4778028074090578,
                    0.24108544511311153
                ],
                [
                    0.40551270387745,
                    -0.8750481764178566,
                    -0.26429176290944695,
                    0.567948591887482
                ],
                [
                    -0.5460271592734113,
                    -6.7504968660558824e-06,
                    -0.8377674744762054,
                    -0.3539517496764498
                ],
                [
                    0.0,
                    0.0,
                    0.0,
                    1.0
                ]
            ],
            "size": [
                0.15068,
                0.17726,
                0.74884
            ]
        },
        "distance": 0.0
    },
    {
        "case": 8,
        "collider1": {
            "type": "Box",
            "collider2origin": [
                [
                    0.907778172512869,
                    0.4194505805326725,
                    0.0,
                    0.9947946797881562
                ],
                [
                    -0.4194505805326725,
                    0.907778172512869,
                    0.0,
                    0.5317739604993647
                ],
                [
                    0.0,
                    0.0,
                    1.0,
                    -0.69
                ],
                [
                    0.0,
                    0.0,
                    0.0,
                    1.0
                ]
            ],
            "size": [
                0.6,
                1.2,
                0.75
            ]
        },
        "collider2": {
            "type": "Box",
            "collider2origin": [
                [
                    0.7330851167018797,
                    0.4840358343162358,
                    -0.4778028074090578,
                    0.24108544511311153
                ],
                [
                    0.40551270387745,
                    -0.8750481764178566,
                    -0.26429176290944695,
                    0.567948591887482
                ],
                [
                    -0.5460271592734113,
                    -6.7504968660558824e-06,
                    -0.8377674744762054,
                    -0.3539517496764498
                ],
                [
                    0.0,
                    0.0,
                    0.0,
                    1.0
                ]
            ],
            "size": [
                0.15068,
                0.17726,
                0.74884
            ]
        },
        "distance": 0.24233494551859186
    }
]