[
    {
        "case": 0,
        "collider1": {
            "type": "Box",
            "collider2origin": [
                [
                    -3.673205103346574e-06,
                    -0.9999999999932537,
                    0.0,
                    0.42000000000000004
                ],
                [
                    0.9999999999932537,
                    -3.673205103346574e-06,
                    0.0,
                    -0.395
                ],
                [
                    0.0,
                    0.0,
                    1.0,
                    0.53989
                ],
                [
                    0.0,
                    0.0,
                    0.0,
                    1.0
                ]
            ],
            "size": [
                0.6,
                0.32,
                1.16
            ]
        },
        "collider2": {
            "type": "Cylinder",
            "collider2origin": [
                [
                    0.9740642414036639,
                    -0.15059757443557734,
                    0.16887635770831066,
                    0.47416564028264857
                ],
                [
                    -0.1329964757713599,
                    -0.9848639885927195,
                    -0.11115242420045066,
                    -0.19608180706613354
                ],
                [
                    0.18305952870883996,
                    0.08580964134268139,
                    -0.9793497405940009,
                    0.4019913277611793
                ],
                [
                    0.0,
                    0.0,
                    0.0,
                    1.0
                ]
            ],
            "radius": 0.00783,
            "height": 0.03683
        },
        "distance": 0.0
    },
    {
        "case": 1,
        "collider1": {
            "type": "Box",
            "collider2origin": [
                [
                    -3.673205103346574e-06,
                    -0.9999999999932537,
                    0.0,
                    0.42000000000000004
                ],
                [
                    0.9999999999932537,
                    -3.673205103346574e-06,
                    0.0,
                    -0.395
                ],
                [
                    0.0,
                    0.0,
                    1.0,
                    0.53989
                ],
                [
                    0.0,
                    0.0,
                    0.0,
                    1.0
                ]
            ],
            "size": [
                0.6,
                0.32,
                1.16
            ]
        },
        "collider2": {
            "type": "Box",
            "collider2origin": [
                [
                    0.007692227177481036,
                    0.9997007913151403,
                    0.023219764962901367,
                    0.3695613687588624
                ],
                [
                    -0.31447598373043706,
                    0.024460740739875815,
                    -0.9489502240998895,
                    -0.07229229111133573
                ],
                [
                    -0.9492342626021374,
                    -2.5177248000422083e-06,
                    0.3145700473596257,
                    0.058831458221662025
                ],
                [
                    0.0,
                    0.0,
                    0.0,
                    1.0
                ]
            ],
            "size": [
                0.1202,
                0.13634,
                0.67816
            ]
        },
        "distance": 0.0
    },
    {
        "case": 2,
        "collider1": {
            "type": "Box",
            "collider2origin": [
                [
                    1.0,
                    0.0,
                    0.0,
                    0.35
                ],
                [
                    0.0,
                    1.0,
                    0.0,
                    -0.34649
                ],
                [
                    0.0,
                    0.0,
                    1.0,
                    -0.54511
                ],
                [
                    0.0,
                    0.0,
                    0.0,
                    1.0
                ]
            ],
            "size": [
                0.7,
                0.7,
                1.1
            ]
        },
        "collider2": {
            "type": "Box",
            "collider2origin": [
                [
                    0.007692227177481036,
                    0.9997007913151403,
                    0.023219764962901367,
                    0.3695613687588624
                ],
                [
                    -0.31447598373043706,
                    0.024460740739875815,
                    -0.9489502240998895,
                    -0.07229229111133573
                ],
                [
                    -0.9492342626021374,
                    -2.5177248000422083e-06,
                    0.3145700473596257,
                    0.058831458221662025
                ],
                [
                    0.0,
                    0.0,
                    0.0,
                    1.0
                ]
            ],
            "size": [
                0.1202,
                0.13634,
                0.67816
            ]
        },
        "distance": 0.0
    },
    {
        "case": 3,
        "collider1": {
            "type": "Box",
            "collider2origin": [
                [
                    -3.673205103346574e-06,
                    -0.9999999999932537,
                    0.0,
                    0.42000000000000004
                ],
                [
                    0.9999999999932537,
                    -3.673205103346574e-06,
                    0.0,
                    -0.395
                ],
                [
                    0.0,
                    0.0,
                    1.0,
                    0.53989
                ],
                [
                    0.0,
                    0.0,
                    0.0,
                    1.0
                ]
            ],
            "size": [
                0.6,
                0.32,
                1.16
            ]
        },
        "collider2": {
            "type": "Sphere",
            "collider2origin": [
                [
                    1.0,
                    0.0,
                    0.0,
                    0.44579703298035994
                ],
                [
                    0.0,
                    1.0,
                    0.0,
                    -0.26020106067689897
                ],
                [
                    0.0,
                    0.0,
                    1.0,
                    0.3946458108883437
                ],
                [
                    0.0,
                    0.0,
                    0.0,
                    1.0
                ]
            ],
            "radius": 0.00484
        },
        "distance": 0.0
    },
    {
        "case": 4,
        "collider1": {
            "type": "Box",
            "collider2origin": [
                [
                    -3.673205103346574e-06,
                    -0.9999999999932537,
                    0.0,
                    0.42000000000000004
                ],
                [
                    0.9999999999932537,
                    -3.673205103346574e-06,
                    0.0,
                    -0.395
                ],
                [
                    0.0,
                    0.0,
                    1.0,
                    0.53989
                ],
                [
                    0.0,
                    0.0,
                    0.0,
                    1.0
                ]
            ],
            "size": [
                0.6,
                0.32,
                1.16
            ]
        },
        "collider2": {
            "type": "Box",
            "collider2origin": [
                [
                    0.1836722310095209,
                    -0.01288627354113445,
                    0.9829030753386665,
                    0.4891696408507299
                ],
                [
                    0.9828269790498291,
                    0.020479629014681165,
                    -0.18338951455088057,
                    -0.22945283393655358
                ],
                [
                    -0.01776628289124663,
                    0.9997072215152014,
                    0.016426516447016735,
                    0.22501701394108986
                ],
                [
                    0.0,
                    0.0,
                    0.0,
                    1.0
                ]
            ],
            "size": [
                0.08993,
                0.0305,
                0.09007
            ]
        },
        "distance": 0.0
    },
    {
        "case": 5,
        "collider1": {
            "type": "Box",
            "collider2origin": [
                [
                    -3.673205103346574e-06,
                    -0.9999999999932537,
                    0.0,
                    0.42000000000000004
                ],
                [
                    0.9999999999932537,
                    -3.673205103346574e-06,
                    0.0,
                    -0.395
                ],
                [
                    0.0,
                    0.0,
                    1.0,
                    0.53989
                ],
                [
                    0.0,
                    0.0,
                    0.0,
                    1.0
                ]
            ],
            "size": [
                0.6,
                0.32,
                1.16
            ]
        },
        "collider2": {
            "type": "Box",
            "collider2origin": [
                [
                    -0.9996176397128808,
                    -0.012889973802185744,
                    -0.024462684853224826,
                    0.489230677380658
                ],
                [
                    -0.02472356414626651,
                    0.020483973953339406,
                    0.9994844431940819,
                    -0.23456587732559986
                ],
                [
                    -0.012382235289101718,
                    0.99970708479357,
                    -0.02079482778931935,
                    0.15042068648154538
                ],
                [
                    0.0,
                    0.0,
                    0.0,
                    1.0
                ]
            ],
            "size": [
                0.09126,
                0.11887,
                0.10009
            ]
        },
        "distance": 0.0
    },
    {
        "case": 6,
        "collider1": {
            "type": "Box",
            "collider2origin": [
                [
                    -3.673205103346574e-06,
                    -0.9999999999932537,
                    0.0,
                    0.42000000000000004
                ],
                [
                    0.9999999999932537,
                    -3.673205103346574e-06,
                    0.0,
                    -0.395
                ],
                [
                    0.0,
                    0.0,
                    1.0,
                    0.53989
                ],
                [
                    0.0,
                    0.0,
                    0.0,
                    1.0
                ]
            ],
            "size": [
                0.6,
                0.32,
                1.16
            ]
        },
        "collider2": {
            "type": "Sphere",
            "collider2origin": [
                [
                    1.0,
                    0.0,
                    0.0,
                    0.5079990049467906
                ],
                [
                    0.0,
                    1.0,
                    0.0,
                    -0.24990364677556243
                ],
                [
                    0.0,
                    0.0,
                    1.0,
                    0.40845895323633274
                ],
                [
                    0.0,
                    0.0,
                    0.0,
                    1.0
                ]
            ],
            "radius": 0.01051
        },
        "distance": 0.0
    },
    {
        "case": 7,
        "collider1": {
            "type": "Box",
            "collider2origin": [
                [
                    -3.673205103346574e-06,
                    -0.9999999999932537,
                    0.0,
                    0.42000000000000004
                ],
                [
                    0.9999999999932537,
                    -3.673205103346574e-06,
                    0.0,
                    -0.395
                ],
                [
                    0.0,
                    0.0,
                    1.0,
                    0.53989
                ],
                [
                    0.0,
                    0.0,
                    0.0,
                    1.0
                ]
            ],
            "size": [
                0.6,
                0.32,
                1.16
            ]
        },
        "collider2": {
            "type": "Box",
            "collider2origin": [
                [
                    -0.0005050580642258719,
                    0.9997006161677223,
                    -0.024462684853224833,
                    0.4880043720445588
                ],
                [
                    0.02078869387909266,
                    0.024467897740039227,
                    0.999484443194082,
                    -0.34400404591943334
                ],
                [
                    0.9997837641826122,
                    -3.74958877093081e-06,
                    -0.020794827789319337,
                    0.1503359105769797
                ],
                [
                    0.0,
                    0.0,
                    0.0,
                    1.0
                ]
            ],
            "size": [
                0.09102,
                0.10007,
                0.11882
            ]
        },
        "distance": 0.0
    },
    {
        "case": 8,
        "collider1": {
            "type": "Box",
            "collider2origin": [
                [
                    -3.673205103346574e-06,
                    -0.9999999999932537,
                    0.0,
                    0.42000000000000004
                ],
                [
                    0.9999999999932537,
                    -3.673205103346574e-06,
                    0.0,
                    -0.395
                ],
                [
                    0.0,
                    0.0,
                    1.0,
                    0.53989
                ],
                [
                    0.0,
                    0.0,
                    0.0,
                    1.0
                ]
            ],
            "size": [
                0.6,
                0.32,
                1.16
            ]
        },
        "collider2": {
            "type": "Sphere",
            "collider2origin": [
                [
                    1.0,
                    0.0,
                    0.0,
                    0.5067897648964429
                ],
                [
                    0.0,
                    1.0,
                    0.0,
                    -0.2656983943879099
                ],
                [
                    0.0,
                    0.0,
                    1.0,
                    0.4345385019874355
                ],
                [
                    0.0,
                    0.0,
                    0.0,
                    1.0
                ]
            ],
            "radius": 0.00663
        },
        "distance": 0.0
    },
    {
        "case": 9,
        "collider1": {
            "type": "Box",
            "collider2origin": [
                [
                    -3.673205103346574e-06,
                    -0.9999999999932537,
                    0.0,
                    0.42000000000000004
                ],
                [
                    0.9999999999932537,
                    -3.673205103346574e-06,
                    0.0,
                    -0.395
                ],
                [
                    0.0,
                    0.0,
                    1.0,
                    0.53989
                ],
                [
                    0.0,
                    0.0,
                    0.0,
                    1.0
                ]
            ],
            "size": [
                0.6,
                0.32,
                1.16
            ]
        },
        "collider2": {
            "type": "Cylinder",
            "collider2origin": [
                [
                    0.9729763851280713,
                    -0.046446166781635906,
                    0.2261851179330843,
                    0.46690248266773804
                ],
                [
                    -0.14012125167607303,
                    -0.897347020570793,
                    0.4184905727748835,
                    -0.2018266271382727
                ],
                [
                    0.1835292587350621,
                    -0.43887478654396644,
                    -0.879605555305414,
                    0.43646523360022993
                ],
                [
                    0.0,
                    0.0,
                    0.0,
                    1.0
                ]
            ],
            "radius": 0.0076,
            "height": 0.02993
        },
        "distance": 0.0
    },
    {
        "case": 10,
        "collider1": {
            "type": "Box",
            "collider2origin": [
                [
                    -3.673205103346574e-06,
                    -0.9999999999932537,
                    0.0,
                    0.42000000000000004
                ],
                [
                    0.9999999999932537,
                    -3.673205103346574e-06,
                    0.0,
                    -0.395
                ],
                [
                    0.0,
                    0.0,
                    1.0,
                    0.53989
                ],
                [
                    0.0,
                    0.0,
                    0.0,
                    1.0
                ]
            ],
            "size": [
                0.6,
                0.32,
                1.16
            ]
        },
        "collider2": {
            "type": "Sphere",
            "collider2origin": [
                [
                    1.0,
                    0.0,
                    0.0,
                    0.4894637479037028
                ],
                [
                    0.0,
                    1.0,
                    0.0,
                    -0.2342782303941484
                ],
                [
                    0.0,
                    0.0,
                    1.0,
                    0.45366810059979223
                ],
                [
                    0.0,
                    0.0,
                    0.0,
                    1.0
                ]
            ],
            "radius": 0.00563
        },
        "distance": 0.0
    },
    {
        "case": 11,
        "collider1": {
            "type": "Box",
            "collider2origin": [
                [
                    -3.673205103346574e-06,
                    -0.9999999999932537,
                    0.0,
                    0.42000000000000004
                ],
                [
                    0.9999999999932537,
                    -3.673205103346574e-06,
                    0.0,
                    -0.395
                ],
                [
                    0.0,
                    0.0,
                    1.0,
                    0.53989
                ],
                [
                    0.0,
                    0.0,
                    0.0,
                    1.0
                ]
            ],
            "size": [
                0.6,
                0.32,
                1.16
            ]
        },
        "collider2": {
            "type": "Sphere",
            "collider2origin": [
                [
                    1.0,
                    0.0,
                    0.0,
                    0.46278466162416565
                ],
                [
                    0.0,
                    1.0,
                    0.0,
                    -0.2098500854560963
                ],
                [
                    0.0,
                    0.0,
                    1.0,
                    0.4503075407227892
                ],
                [
                    0.0,
                    0.0,
                    0.0,
                    1.0
                ]
            ],
            "radius": 0.00487
        },
        "distance": 0.0
    },
    {
        "case": 12,
        "collider1": {
            "type": "Box",
            "collider2origin": [
                [
                    -3.673205103346574e-06,
                    -0.9999999999932537,
                    0.0,
                    0.42000000000000004
                ],
                [
                    0.9999999999932537,
                    -3.673205103346574e-06,
                    0.0,
                    -0.395
                ],
                [
                    0.0,
                    0.0,
                    1.0,
                    0.53989
                ],
                [
                    0.0,
                    0.0,
                    0.0,
                    1.0
                ]
            ],
            "size": [
                0.6,
                0.32,
                1.16
            ]
        },
        "collider2": {
            "type": "Cylinder",
            "collider2origin": [
                [
                    0.9829028030475709,
                    -0.1343219988429796,
                    0.12593522298409737,
                    0.492314652223904
                ],
                [
                    -0.18339102263305704,
                    -0.77520006217858,
                    0.6045102120030119,
                    -0.22034830172934705
                ],
                [
                    0.01642597269050775,
                    -0.6172701711772175,
                    -0.786579762767908,
                    0.438595528425455
                ],
                [
                    0.0,
                    0.0,
                    0.0,
                    1.0
                ]
            ],
            "radius": 0.00813,
            "height": 0.03824
        },
        "distance": 0.0
    },
    {
        "case": 13,
        "collider1": {
            "type": "Box",
            "collider2origin": [
                [
                    -3.673205103346574e-06,
                    -0.9999999999932537,
                    0.0,
                    0.42000000000000004
                ],
                [
                    0.9999999999932537,
                    -3.673205103346574e-06,
                    0.0,
                    -0.395
                ],
                [
                    0.0,
                    0.0,
                    1.0,
                    0.53989
                ],
                [
                    0.0,
                    0.0,
                    0.0,
                    1.0
                ]
            ],
            "size": [
                0.6,
                0.32,
                1.16
            ]
        },
        "collider2": {
            "type": "Cylinder",
            "collider2origin": [
                [
                    0.8160506725904962,
                    -0.5650148898059318,
                    0.12173526219707037,
                    0.5144046967506877
                ],
                [
                    -0.5702698075610495,
                    -0.8213911153753544,
                    0.010439452414475947,
                    -0.25140173159020773
                ],
                [
                    0.09409381674096348,
                    -0.07794106671082691,
                    -0.9925077046406725,
                    0.37168361021411744
                ],
                [
                    0.0,
                    0.0,
                    0.0,
                    1.0
                ]
            ],
            "radius": 0.01271,
            "height": 0.05982
        },
        "distance": 0.0
    },
    {
        "case": 14,
        "collider1": {
            "type": "Box",
            "collider2origin": [
                [
                    -3.673205103346574e-06,
                    -0.9999999999932537,
                    0.0,
                    0.42000000000000004
                ],
                [
                    0.9999999999932537,
                    -3.673205103346574e-06,
                    0.0,
                    -0.395
                ],
                [
                    0.0,
                    0.0,
                    1.0,
                    0.53989
                ],
                [
                    0.0,
                    0.0,
                    0.0,
                    1.0
                ]
            ],
            "size": [
                0.6,
                0.32,
                1.16
            ]
        },
        "collider2": {
            "type": "Cylinder",
            "collider2origin": [
                [
                    0.7860703187379088,
                    -0.6103246444799282,
                    0.09796572022769887,
                    0.5106582530840228
                ],
                [
                    -0.6061100265943561,
                    -0.7921455467738795,
                    -0.07166636859852592,
                    -0.25193053734924953
                ],
                [
                    0.12134285995093028,
                    -0.0030432000855142127,
                    -0.9926059889362792,
                    0.3860236459296136
                ],
                [
                    0.0,
                    0.0,
                    0.0,
                    1.0
                ]
            ],
            "radius": 0.01169,
            "height": 0.05502
        },
        "distance": 0.0
    },
    {
        "case": 15,
        "collider1": {
            "type": "Box",
            "collider2origin": [
                [
                    -3.673205103346574e-06,
                    -0.9999999999932537,
                    0.0,
                    0.42000000000000004
                ],
                [
                    0.9999999999932537,
                    -3.673205103346574e-06,
                    0.0,
                    -0.395
                ],
                [
                    0.0,
                    0.0,
                    1.0,
                    0.53989
                ],
                [
                    0.0,
                    0.0,
                    0.0,
                    1.0
                ]
            ],
            "size": [
                0.6,
                0.32,
                1.16
            ]
        },
        "collider2": {
            "type": "Cylinder",
            "collider2origin": [
                [
                    0.961540202508481,
                    -0.20304586725060844,
                    0.18496706396652707,
                    0.5118860938677512
                ],
                [
                    -0.2626181854172947,
                    -0.4823965902773971,
                    0.835658553702927,
                    -0.248490380564921
                ],
                [
                    -0.08044953479092613,
                    -0.8520950096563111,
                    -0.5171672523185651,
                    0.42504754359093866
                ],
                [
                    0.0,
                    0.0,
                    0.0,
                    1.0
                ]
            ],
            "radius": 0.00796,
            "height": 0.03037
        },
        "distance": 0.0
    },
    {
        "case": 16,
        "collider1": {
            "type": "Box",
            "collider2origin": [
                [
                    -3.673205103346574e-06,
                    -0.9999999999932537,
                    0.0,
                    0.42000000000000004
                ],
                [
                    0.9999999999932537,
                    -3.673205103346574e-06,
                    0.0,
                    -0.395
                ],
                [
                    0.0,
                    0.0,
                    1.0,
                    0.53989
                ],
                [
                    0.0,
                    0.0,
                    0.0,
                    1.0
                ]
            ],
            "size": [
                0.6,
                0.32,
                1.16
            ]
        },
        "collider2": {
            "type": "Box",
            "collider2origin": [
                [
                    0.9854283731232681,
                    -0.01530783471334507,
                    -0.1694006837058757,
                    0.49079306897329467
                ],
                [
                    -0.15824446263264333,
                    0.28266946233718626,
                    -0.946074344387433,
                    -0.20586820276782802
                ],
                [
                    0.062366749873110784,
                    0.9590952222060095,
                    0.2761281283242797,
                    0.35708330310002445
                ],
                [
                    0.0,
                    0.0,
                    0.0,
                    1.0
                ]
            ],
            "size": [
                0.07264,
                0.04753,
                0.03326
            ]
        },
        "distance": 0.0
    },
    {
        "case": 17,
        "collider1": {
            "type": "Box",
            "collider2origin": [
                [
                    -3.673205103346574e-06,
                    -0.9999999999932537,
                    0.0,
                    0.42000000000000004
                ],
                [
                    0.9999999999932537,
                    -3.673205103346574e-06,
                    0.0,
                    -0.395
                ],
                [
                    0.0,
                    0.0,
                    1.0,
                    0.53989
                ],
                [
                    0.0,
                    0.0,
                    0.0,
                    1.0
                ]
            ],
            "size": [
                0.6,
                0.32,
                1.16
            ]
        },
        "collider2": {
            "type": "Cylinder",
            "collider2origin": [
                [
                    0.9241611542497138,
                    0.2439567595828103,
                    0.2939579228898097,
                    0.4547152042403962
                ],
                [
                    -0.08768542771514758,
                    -0.6134970581503683,
                    0.7848137520502904,
                    -0.22266169361773658
                ],
                [
                    0.3718029407391071,
                    -0.7510702091646946,
                    -0.5455786965810282,
                    0.38341576893944085
                ],
                [
                    0.0,
                    0.0,
                    0.0,
                    1.0
                ]
            ],
            "radius": 0.00783,
            "height": 0.03044
        },
        "distance": 0.0
    },
    {
        "case": 18,
        "collider1": {
            "type": "Box",
            "collider2origin": [
                [
                    -3.673205103346574e-06,
                    -0.9999999999932537,
                    0.0,
                    0.42000000000000004
                ],
                [
                    0.9999999999932537,
                    -3.673205103346574e-06,
                    0.0,
                    -0.395
                ],
                [
                    0.0,
                    0.0,
                    1.0,
                    0.53989
                ],
                [
                    0.0,
                    0.0,
                    0.0,
                    1.0
                ]
            ],
            "size": [
                0.6,
                0.32,
                1.16
            ]
        },
        "collider2": {
            "type": "Cylinder",
            "collider2origin": [
                [
                    0.9829028030475709,
                    -0.17909415273962606,
                    0.04274768082251069,
                    0.49500175325466156
                ],
                [
                    -0.18339102263305704,
                    -0.9729458342890019,
                    0.1405138297722989,
                    -0.20836621967478908
                ],
                [
                    0.01642597269050775,
                    -0.1459509780513735,
                    -0.9891554475546386,
                    0.4115783691060826
                ],
                [
                    0.0,
                    0.0,
                    0.0,
                    1.0
                ]
            ],
            "radius": 0.00683,
            "height": 0.01183
        },
        "distance": 0.0
    },
    {
        "case": 19,
        "collider1": {
            "type": "Box",
            "collider2origin": [
                [
                    -3.673205103346574e-06,
                    -0.9999999999932537,
                    0.0,
                    0.42000000000000004
                ],
                [
                    0.9999999999932537,
                    -3.673205103346574e-06,
                    0.0,
                    -0.395
                ],
                [
                    0.0,
                    0.0,
                    1.0,
                    0.53989
                ],
                [
                    0.0,
                    0.0,
                    0.0,
                    1.0
                ]
            ],
            "size": [
                0.6,
                0.32,
                1.16
            ]
        },
        "collider2": {
            "type": "Cylinder",
            "collider2origin": [
                [
                    0.961540202508481,
                    -0.2680466061196795,
                    0.059928756934133624,
                    0.5157063500230804
                ],
                [
                    -0.2626181854172947,
                    -0.8333108596231744,
                    0.48644084935602705,
                    -0.22891621121432992
                ],
                [
                    -0.08044953479092613,
                    -0.4834708141985482,
                    -0.8716558060209982,
                    0.40676686698578957
                ],
                [
                    0.0,
                    0.0,
                    0.0,
                    1.0
                ]
            ],
            "radius": 0.00713,
            "height": 0.01426
        },
        "distance": 0.0
    },
    {
        "case": 20,
        "collider1": {
            "type": "Box",
            "collider2origin": [
                [
                    -3.673205103346574e-06,
                    -0.9999999999932537,
                    0.0,
                    0.42000000000000004
                ],
                [
                    0.9999999999932537,
                    -3.673205103346574e-06,
                    0.0,
                    -0.395
                ],
                [
                    0.0,
                    0.0,
                    1.0,
                    0.53989
                ],
                [
                    0.0,
                    0.0,
                    0.0,
                    1.0
                ]
            ],
            "size": [
                0.6,
                0.32,
                1.16
            ]
        },
        "collider2": {
            "type": "Cylinder",
            "collider2origin": [
                [
                    0.9255604021487566,
                    0.33318351608421887,
                    0.1797962362898312,
                    0.4488267788154059
                ],
                [
                    -0.09291396156867597,
                    -0.260476592066693,
                    0.9609989285794941,
                    -0.24609970195213227
                ],
                [
                    0.36702171287247615,
                    -0.9061681353893871,
                    -0.21012941889482048,
                    0.39313484355234074
                ],
                [
                    0.0,
                    0.0,
                    0.0,
                    1.0
                ]
            ],
            "radius": 0.0076,
            "height": 0.02993
        },
        "distance": 0.0
    },
    {
        "case": 21,
        "collider1": {
            "type": "Box",
            "collider2origin": [
                [
                    -3.673205103346574e-06,
                    -0.9999999999932537,
                    0.0,
                    0.42000000000000004
                ],
                [
                    0.9999999999932537,
                    -3.673205103346574e-06,
                    0.0,
                    -0.395
                ],
                [
                    0.0,
                    0.0,
                    1.0,
                    0.53989
                ],
                [
                    0.0,
                    0.0,
                    0.0,
                    1.0
                ]
            ],
            "size": [
                0.6,
                0.32,
                1.16
            ]
        },
        "collider2": {
            "type": "Cylinder",
            "collider2origin": [
                [
                    0.9829028030475709,
                    -0.17909415273962606,
                    0.04274768082251069,
                    0.4956984658289827
                ],
                [
                    -0.18339102263305704,
                    -0.9729458342890019,
                    0.1405138297722989,
                    -0.2060780846282595
                ],
                [
                    0.01642597269050775,
                    -0.1459509780513735,
                    -0.9891554475546386,
                    0.39543458300747414
                ],
                [
                    0.0,
                    0.0,
                    0.0,
                    1.0
                ]
            ],
            "radius": 0.00683,
            "height": 0.01782
        },
        "distance": 0.0
    },
    {
        "case": 22,
        "collider1": {
            "type": "Box",
            "collider2origin": [
                [
                    -3.673205103346574e-06,
                    -0.9999999999932537,
                    0.0,
                    0.42000000000000004
                ],
                [
                    0.9999999999932537,
                    -3.673205103346574e-06,
                    0.0,
                    -0.395
                ],
                [
                    0.0,
                    0.0,
                    1.0,
                    0.53989
                ],
                [
                    0.0,
                    0.0,
                    0.0,
                    1.0
                ]
            ],
            "size": [
                0.6,
                0.32,
                1.16
            ]
        },
