[
    {
        "case": 0,
        "collider1": {
            "type": "Box",
            "collider2origin": [
                [
                    0.9077781725128689,
                    0.4194505805326724,
                    0.0,
                    0.27063700059322826
                ],
                [
                    -0.4194505805326724,
                    0.9077781725128689,
                    0.0,
                    0.8002854543438492
                ],
                [
                    0.0,
                    0.0,
                    1.0,
                    -0.25
                ],
                [
                    0.0,
                    0.0,
                    0.0,
                    1.0
                ]
            ],
            "size": [
                0.2,
                0.2,
                0.02
            ]
        },
        "collider2": {
            "type": "Box",
            "collider2origin": [
                [
                    -0.7707278990732197,
                    0.14160245278618236,
                    0.621230433056139,
                    0.4196003254471653
                ],
                [
                    -0.11024837746678008,
                    -0.9899236058223259,
                    0.0888625337342287,
                    0.6555199250557218
                ],
                [
                    0.6275538230750596,
                    -8.133461192841354e-07,
                    0.7785731816234199,
                    -0.18153099799651518
                ],
                [
                    0.0,
                    0.0,
                    0.0,
                    1.0
                ]
            ],
            "size": [
                0.09102,
                0.10007,
                0.11882
            ]
        },
        "distance": 0.03475123489313696
    },
    {
        "case": 1,
        "collider1": {
            "type": "Box",
            "collider2origin": [
                [
                    0.9077781725128689,
                    0.4194505805326724,
                    0.0,
                    0.27063700059322826
                ],
                [
                    -0.4194505805326724,
                    0.9077781725128689,
                    0.0,
                    0.8002854543438492
                ],
                [
                    0.0,
                    0.0,
                    1.0,
                    -0.25
                ],
                [
                    0.0,
                    0.0,
                    0.0,
                    1.0
                ]
            ],
            "size": [
                0.2,
                0.2,
                0.02
            ]
        },
        "collider2": {
            "type": "Box",
            "collider2origin": [
                [
                    0.6015923831060275,
                    0.14159728317753212,
                    -0.7861531746330054,
                    0.6314550212546637
                ],
                [
                    0.08605560343107692,
                    -0.9899243452718329,
                    -0.1124465373243927,
                    0.7987208434589486
                ],
                [
                    -0.7941542908698056,
                    -5.905471297773008e-06,
                    -0.6077161856147993,
                    -0.0059667073358173894
                ],
                [
                    0.0,
                    0.0,
                    0.0,
                    1.0
                ]
            ],
            "size": [
                0.1202,
                0.13634,
                0.67816
            ]
        },
        "distance": 0.0
    }
]