[
    {
        "case": 0,
        "collider1": {
            "type": "Box",
            "collider2origin": [
                [
                    0.907778172512869,
                    0.4194505805326725,
                    0.0,
                    -0.7418785952877999
                ],
                [
                    -0.4194505805326725,
                    0.907778172512869,
                    0.0,
                    1.2791466490804724
                ],
                [
                    0.0,
                    0.0,
                    1.0,
                    0.27
                ],
                [
                    0.0,
                    0.0,
                    0.0,
                    1.0
                ]
            ],
            "size": [
                0.52,
                1.16,
                0.6
            ]
        },
        "collider2": {
            "type": "Box",
            "collider2origin": [
                [
                    -0.4008074589099256,
                    -0.743256702459451,
                    -0.5356518040026295,
                    -0.4683519067752839
                ],
                [
                    0.4452932570913693,
                    -0.6690063334879084,
                    0.5951003620751925,
                    1.4145194019476794
                ],
                [
                    -0.8006667821704159,
                    -1.4725514641903395e-06,
                    0.5991099264130944,
                    0.57178766726189
                ],
                [
                    0.0,
                    0.0,
                    0.0,
                    1.0
                ]
            ],
            "size": [
                0.09102,
                0.10007,
                0.11882
            ]
        },
        "distance": 0.0
    },
    {
        "case": 1,
        "collider1": {
            "type": "Box",
            "collider2origin": [
                [
                    0.907778172512869,
                    0.4194505805326725,
                    0.0,
                    -0.7418785952877999
                ],
                [
                    -0.4194505805326725,
                    0.907778172512869,
                    0.0,
                    1.2791466490804724
                ],
                [
                    0.0,
                    0.0,
                    1.0,
                    0.27
                ],
                [
                    0.0,
                    0.0,
                    0.0,
                    1.0
                ]
            ],
            "size": [
                0.52,
                1.16,
                0.6
            ]
        },
        "collider2": {
            "type": "Box",
            "collider2origin": [
                [
                    0.15364326732513836,
                    0.8303438391861439,
                    -0.5356518040026295,
                    -0.5281628308287123
                ],
                [
                    -0.6289514400637717,
                    0.50027556916132,
                    0.5951003620751925,
                    1.478068900985474
                ],
                [
                    0.7621114304662828,
                    0.24546580948460567,
                    0.5991099264130944,
                    0.6377085014583124
                ],
                [
                    0.0,
                    0.0,
                    0.0,
                    1.0
                ]
            ],
            "size": [
                0.09126,
                0.11887,
                0.10009
            ]
        },
        "distance": 0.0
    },
    {
        "case": 2,
        "collider1": {
            "type": "Box",
            "collider2origin": [
                [
                    0.907778172512869,
                    0.4194505805326725,
                    0.0,
                    -1.612083837096907
                ],
                [
                    -0.4194505805326725,
                    0.907778172512869,
                    0.0,
                    -0.24654756573714753
                ],
                [
                    0.0,
                    0.0,
                    1.0,
                    -0.040000000000000036
                ],
                [
                    0.0,
                    0.0,
                    0.0,
                    1.0
                ]
            ],
            "size": [
                2.0,
                2.0,
                2.0
            ]
        },
        "collider2": {
            "type": "Box",
            "collider2origin": [
                [
                    -0.43098691253352345,
                    -0.7432566144185315,
                    -0.5116833848659963,
                    -0.234581648948107
                ],
                [
                    0.47882181398080015,
                    -0.669006431300473,
                    0.5684716926415435,
                    1.3218596639021487
                ],
                [
                    -0.7648398209304723,
                    -1.3068510873420512e-06,
                    0.6442204966603708,
                    0.38207620358629657
                ],
                [
                    0.0,
                    0.0,
                    0.0,
                    1.0
                ]
            ],
            "size": [
                0.1202,
                0.13634,
                0.67816
            ]
        },
        "distance": 0.8214428561283228
    },
    {
        "case": 3,
        "collider1": {
            "type": "Box",
            "collider2origin": [
                [
                    0.907778172512869,
                    0.4194505805326725,
                    0.0,
                    -0.7418785952877999
                ],
                [
                    -0.4194505805326725,
                    0.907778172512869,
                    0.0,
                    1.2791466490804724
                ],
                [
                    0.0,
                    0.0,
                    1.0,
                    0.27
                ],
                [
                    0.0,
                    0.0,
                    0.0,
                    1.0
                ]
            ],
            "size": [
                0.52,
                1.16,
                0.6
            ]
        },
        "collider2": {
            "type": "Box",
            "collider2origin": [
                [
                    -0.43098691253352345,
                    -0.7432566144185315,
                    -0.5116833848659963,
                    -0.234581648948107
                ],
                [
                    0.47882181398080015,
                    -0.669006431300473,
                    0.5684716926415435,
                    1.3218596639021487
                ],
                [
                    -0.7648398209304723,
                    -1.3068510873420512e-06,
                    0.6442204966603708,
                    0.38207620358629657
                ],
                [
                    0.0,
                    0.0,
                    0.0,
                    1.0
                ]
            ],
            "size": [
                0.1202,
                0.13634,
                0.67816
            ]
        },
        "distance": 0.0
    },
    {
        "case": 4,
        "collider1": {
            "type": "Box",
            "collider2origin": [
                [
                    0.907778172512869,
                    0.4194505805326725,
                    0.0,
                    -1.612083837096907
                ],
                [
                    -0.4194505805326725,
                    0.907778172512869,
                    0.0,
                    -0.24654756573714753
                ],
                [
                    0.0,
                    0.0,
                    1.0,
                    -0.040000000000000036
                ],
                [
                    0.0,
                    0.0,
                    0.0,
                    1.0
                ]
            ],
            "size": [
                2.0,
                2.0,
                2.0
            ]
        },
        "collider2": {
            "type": "Box",
            "collider2origin": [
                [
                    -0.3324168086745861,
                    -0.7432568674746122,
                    -0.5805758298985845,
                    -0.0038509568858558496
                ],
                [
                    0.36931301696367874,
                    -0.6690061501573894,
                    0.6450105941399521,
                    0.8766778196618396
                ],
                [
                    -0.8678173545232827,
                    -1.8480507362727484e-06,
                    0.4968833255250124,
                    0.04643527574472861
                ],
                [
                    0.0,
                    0.0,
                    0.0,
                    1.0
                ]
            ],
            "size": [
                0.15068,
                0.17726,
                0.74884
            ]
        },
        "distance": 0.5449789157868201
    },
    {
        "case": 5,
        "collider1": {
            "type": "Box",
            "collider2origin": [
                [
                    0.9081427509232697,
                    -0.4186606548811531,
                    0.0,
                    -0.09474126814702305
                ],
                [
                    0.41866065488115317,
                    0.9081427509232698,
                    0.0,
                    1.368923948110301
                ],
                [
                    0.0,
                    0.0,
                    1.0,
                    -0.21500000000000008
                ],
                [
                    0.0,
                    0.0,
                    0.0,
                    1.0
                ]
            ],
            "size": [
                0.2,
                0.3,
                0.22
            ]
        },
        "collider2": {
            "type": "Box",
            "collider2origin": [
                [
                    -0.3324168086745861,
                    -0.7432568674746122,
                    -0.5805758298985845,
                    -0.0038509568858558496
                ],
                [
                    0.36931301696367874,
                    -0.6690061501573894,
                    0.6450105941399521,
                    0.8766778196618396
                ],
                [
                    -0.8678173545232827,
                    -1.8480507362727484e-06,
                    0.4968833255250124,
                    0.04643527574472861
                ],
                [
                    0.0,
                    0.0,
                    0.0,
                    1.0
                ]
            ],
            "size": [
                0.15068,
                0.17726,
                0.74884
            ]
        },
        "distance": 0.21421040085550583
    },
    {
        "case": 6,
        "collider1": {
            "type": "Box",
            "collider2origin": [
                [
                    0.9798474486812189,
                    -0.1997472836183421,
                    0.0,
                    -0.20628161272202655
                ],
                [
                    0.19974728361834207,
                    0.9798474486812188,
                    0.0,
                    1.335871448475788
                ],
                [
                    0.0,
                    0.0,
                    1.0,
                    -0.21500000000000008
                ],
                [
                    0.0,
                    0.0,
                    0.0,
                    1.0
                ]
            ],
            "size": [
                0.2,
                0.3,
                0.22
            ]
        },
        "collider2": {
            "type": "Box",
            "collider2origin": [
                [
                    -0.3324168086745861,
                    -0.7432568674746122,
                    -0.5805758298985845,
                    -0.0038509568858558496
                ],
                [
                    0.36931301696367874,
                    -0.6690061501573894,
                    0.6450105941399521,
                    0.8766778196618396
                ],
                [
                    -0.8678173545232827,
                    -1.8480507362727484e-06,
                    0.4968833255250124,
                    0.04643527574472861
                ],
                [
                    0.0,
                    0.0,
                    0.0,
                    1.0
                ]
            ],
            "size": [
                0.15068,
                0.17726,
                0.74884
            ]
        },
        "distance": 0.2172995294162358
    },
    {
        "case": 7,
        "collider1": {
            "type": "Box",
            "collider2origin": [
                [
                    0.9984065575563776,
                    -0.05643000822632935,
                    0.0,
                    -0.3111399560290343
                ],
                [
                    0.05643000822632935,
                    0.9984065575563776,
                    0.0,
                    1.3240986306775833
                ],
                [
                    0.0,
                    0.0,
                    1.0,
                    -0.21500000000000008
                ],
                [
                    0.0,
                    0.0,
                    0.0,
                    1.0
                ]
            ],
            "size": [
                0.2,
                0.3,
                0.22
            ]
        },
        "collider2": {
            "type": "Box",
            "collider2origin": [
                [
                    -0.3324168086745861,
                    -0.7432568674746122,
                    -0.5805758298985845,
                    -0.0038509568858558496
                ],
                [
                    0.36931301696367874,
                    -0.6690061501573894,
                    0.6450105941399521,
                    0.8766778196618396
                ],
                [
                    -0.8678173545232827,
                    -1.8480507362727484e-06,
                    0.4968833255250124,
                    0.04643527574472861
                ],
                [
                    0.0,
                    0.0,
                    0.0,
                    1.0
                ]
            ],
            "size": [
                0.15068,
                0.17726,
                0.74884
            ]
        },
        "distance": 0.23423741670277407
    },
    {
        "case": 8,
        "collider1": {
            "type": "Box",
            "collider2origin": [
                [
                    0.907778172512869,
                    0.4194505805326725,
                    0.0,
                    -0.7418785952877999
                ],
                [
                    -0.4194505805326725,
                    0.907778172512869,
                    0.0,
                    1.2791466490804724
                ],
                [
                    0.0,
                    0.0,
                    1.0,
                    0.27
                ],
                [
                    0.0,
                    0.0,
                    0.0,
                    1.0
                ]
            ],
            "size": [
                0.52,
                1.16,
                0.6
            ]
        },
        "collider2": {
            "type": "Box",
            "collider2origin": [
                [
                    -0.3324168086745861,
                    -0.7432568674746122,
                    -0.5805758298985845,
                    -0.0038509568858558496
                ],
                [
                    0.36931301696367874,
                    -0.6690061501573894,
                    0.6450105941399521,
                    0.8766778196618396
                ],
                [
                    -0.8678173545232827,
                    -1.8480507362727484e-06,
                    0.4968833255250124,
                    0.04643527574472861
                ],
                [
                    0.0,
                    0.0,
                    0.0,
                    1.0
                ]
            ],
            "size": [
                0.15068,
                0.17726,
                0.74884
            ]
        },
        "distance": 0.2108154023015774
    },
    {
        "case": 9,
        "collider1": {
            "type": "Cylinder",
            "collider2origin": [
                [
                    0.907778172512869,
                    0.4194505805326725,
                    0.0,
                    -0.07232761537572224
                ],
                [
                    -0.4194505805326725,
                    0.907778172512869,
                    0.0,
                    1.2000044650142188
                ],
                [
                    0.0,
                    0.0,
                    1.0,
                    -0.5800000000000001
                ],
                [
                    0.0,
                    0.0,
                    0.0,
                    1.0
                ]
            ],
            "radius": 0.04,
            "height": 0.96
        },
        "collider2": {
            "type": "Box",
            "collider2origin": [
                [
                    -0.3324168086745861,
                    -0.7432568674746122,
                    -0.5805758298985845,
                    -0.0038509568858558496
                ],
                [
                    0.36931301696367874,
                    -0.6690061501573894,
                    0.6450105941399521,
                    0.8766778196618396
                ],
                [
                    -0.8678173545232827,
                    -1.8480507362727484e-06,
                    0.4968833255250124,
                    0.04643527574472861
                ],
                [
                    0.0,
                    0.0,
                    0.0,
                    1.0
                ]
            ],
            "size": [
                0.15068,
                0.17726,
                0.74884
            ]
        },
        "distance": 0.1855752493275365
    },
    {
        "case": 10,
        "collider1": {
            "type": "Box",
            "collider2origin": [
                [
                    0.907778172512869,
                    0.4194505805326725,
                    0.0,
                    -1.612083837096907
                ],
                [
                    -0.4194505805326725,
                    0.907778172512869,
                    0.0,
                    -0.24654756573714753
                ],
                [
                    0.0,
                    0.0,
                    1.0,
                    -0.040000000000000036
                ],
                [
                    0.0,
                    0.0,
                    0.0,
                    1.0
                ]
            ],
            "size": [
                2.0,
                2.0,
                2.0
            ]
        },
        "collider2": {
            "type": "Box",
            "collider2origin": [
                [
                    -0.3324168086745861,
                    -0.7432568674746122,
                    -0.5805758298985845,
                    -0.0038509568858558496
                ],
                [
                    0.36931301696367874,
                    -0.6690061501573894,
                    0.6450105941399521,
                    0.8766778196618396
                ],
                [
                    -0.8678173545232827,
                    -1.8480507362727484e-06,
                    0.4968833255250124,
                    0.04643527574472861
                ],
                [
                    0.0,
                    0.0,
                    0.0,
                    1.0
                ]
            ],
            "size": [
                0.15068,
                0.17726,
                0.74884
            ]
        },
        "distance": 0.5449789157868201
    },
    {
        "case": 11,
        "collider1": {
            "type": "Box",
            "collider2origin": [
                [
                    0.9081427509232697,
                    -0.4186606548811531,
                    0.0,
                    -0.09474126814702305
                ],
                [
                    0.41866065488115317,
                    0.9081427509232698,
                    0.0,
                    1.368923948110301
                ],
                [
                    0.0,
                    0.0,
                    1.0,
                    -0.21500000000000008
                ],
                [
                    0.0,
                    0.0,
                    0.0,
                    1.0
                ]
            ],
            "size": [
                0.2,
                0.3,
                0.22
            ]
        },
        "collider2": {
            "type": "Box",
            "collider2origin": [
                [
                    -0.3324168086745861,
                    -0.7432568674746122,
                    -0.5805758298985845,
                    -0.0038509568858558496
                ],
                [
                    0.36931301696367874,
                    -0.6690061501573894,
                    0.6450105941399521,
                    0.8766778196618396
                ],
                [
                    -0.8678173545232827,
                    -1.8480507362727484e-06,
                    0.4968833255250124,
                    0.04643527574472861
                ],
                [
                    0.0,
                    0.0,
                    0.0,
                    1.0
                ]
            ],
            "size": [
                0.15068,
                0.17726,
                0.74884
            ]
        },
        "distance": 0.21421040085550583
    },
    {
        "case": 12,
        "collider1": {
            "type": "Box",
            "collider2origin": [
                [
                    0.9798474486812189,
                    -0.1997472836183421,
                    0.0,
                    -0.20628161272202655
                ],
                [
                    0.19974728361834207,
                    0.9798474486812188,
                    0.0,
                    1.335871448475788
                ],
                [
                    0.0,
                    0.0,
                    1.0,
                    -0.21500000000000008
                ],
                [
                    0.0,
                    0.0,
                    0.0,
                    1.0
                ]
            ],
            "size": [
                0.2,
                0.3,
                0.22
            ]
        },
        "collider2": {
            "type": "Box",
            "collider2origin": [
                [
                    -0.3324168086745861,
                    -0.7432568674746122,
                    -0.5805758298985845,
                    -0.0038509568858558496
                ],
                [
                    0.36931301696367874,
                    -0.6690061501573894,
                    0.6450105941399521,
                    0.8766778196618396
                ],
                [
                    -0.8678173545232827,
                    -1.8480507362727484e-06,
                    0.4968833255250124,
                    0.04643527574472861
                ],
                [
                    0.0,
                    0.0,
                    0.0,
                    1.0
                ]
            ],
            "size": [
                0.15068,
                0.17726,
                0.74884
            ]
        },
        "distance": 0.2172995294162358
    },
    {
        "case": 13,
        "collider1": {
            "type": "Box",
            "collider2origin": [
                [
                    0.9984065575563776,
                    -0.05643000822632935,
                    0.0,
                    -0.3111399560290343
                ],
                [
                    0.05643000822632935,
                    0.9984065575563776,
                    0.0,
                    1.3240986306775833
                ],
                [
                    0.0,
                    0.0,
                    1.0,
                    -0.21500000000000008
                ],
                [
                    0.0,
                    0.0,
                    0.0,
                    1.0
                ]
            ],
            "size": [
                0.2,
                0.3,
                0.22
            ]
        },
        "collider2": {
            "type": "Box",
            "collider2origin": [
                [
                    -0.3324168086745861,
                    -0.7432568674746122,
                    -0.5805758298985845,
                    -0.0038509568858558496
                ],
                [
                    0.36931301696367874,
                    -0.6690061501573894,
                    0.6450105941399521,
                    0.8766778196618396
                ],
                [
                    -0.8678173545232827,
                    -1.8480507362727484e-06,
                    0.4968833255250124,
                    0.04643527574472861
                ],
                [
                    0.0,
                    0.0,
                    0.0,
                    1.0
                ]
            ],
            "size": [
                0.15068,
                0.17726,
                0.74884
            ]
        },
        "distance": 0.23423741670277407
    },
    {
        "case": 14,
        "collider1": {
            "type": "Box",
            "collider2origin": [
                [
                    0.907778172512869,
                    0.4194505805326725,
                    0.0,
                    -0.7418785952877999
                ],
                [
                    -0.4194505805326725,
                    0.907778172512869,
                    0.0,
                    1.2791466490804724
                ],
                [
                    0.0,
                    0.0,
                    1.0,
                    0.27
                ],
                [
                    0.0,
                    0.0,
                    0.0,
                    1.0
                ]
            ],
            "size": [
                0.52,
                1.16,
                0.6
            ]
        },
        "collider2": {
            "type": "Box",
            "collider2origin": [
                [
                    -0.3324168086745861,
                    -0.7432568674746122,
                    -0.5805758298985845,
                    -0.0038509568858558496
                ],
                [
                    0.36931301696367874,
                    -0.6690061501573894,
                    0.6450105941399521,
                    0.8766778196618396
                ],
                [
                    -0.8678173545232827,
                    -1.8480507362727484e-06,
                    0.4968833255250124,
                    0.04643527574472861
                ],
                [
                    0.0,
                    0.0,
                    0.0,
                    1.0
                ]
            ],
            "size": [
                0.15068,
                0.17726,
                0.74884
            ]
        },
        "distance": 0.2108154023015774
    },
    {
        "case": 15,
        "collider1": {
            "type": "Cylinder",
            "collider2origin": [
                [
                    0.907778172512869,
                    0.4194505805326725,
                    0.0,
                    -0.07232761537572224
                ],
                [
                    -0.4194505805326725,
                    0.907778172512869,
                    0.0,
                    1.2000044650142188
                ],
                [
                    0.0,
                    0.0,
                    1.0,
                    -0.5800000000000001
                ],
                [
                    0.0,
                    0.0,
                    0.0,
                    1.0
                ]
            ],
            "radius": 0.04,
            "height": 0.96
        },
        "collider2": {
            "type": "Box",
            "collider2origin": [
                [
                    -0.3324168086745861,
                    -0.7432568674746122,
                    -0.5805758298985845,
                    -0.0038509568858558496
                ],
                [
                    0.36931301696367874,
                    -0.6690061501573894,
                    0.6450105941399521,
                    0.8766778196618396
                ],
                [
                    -0.8678173545232827,
                    -1.8480507362727484e-06,
                    0.4968833255250124,
                    0.04643527574472861
                ],
                [
                    0.0,
                    0.0,
                    0.0,
                    1.0
                ]
            ],
            "size": [
                0.15068,
                0.17726,
                0.74884
            ]
        },
        "distance": 0.1855752493275365
    }
]