[
    {
        "case": 0,
        "collider1": {
            "type": "Box",
            "collider2origin": [
                [
                    0.8404842512412337,
                    -0.5418359746412772,
                    0.0,
                    0.011439976095501792
                ],
                [
                    0.5418359746412771,
                    0.8404842512412338,
                    0.0,
                    1.4325762997644957
                ],
                [
                    0.0,
                    0.0,
                    1.0,
                    -0.21500000000000008
                ],
                [
                    0.0,
                    0.0,
                    0.0,
                    1.0
                ]
            ],
            "size": [
                0.2,
                0.3,
                0.22
            ]
        },
        "collider2": {
            "type": "Box",
            "collider2origin": [
                [
                    0.029827867384781492,
                    -0.4382642446188389,
                    0.8983511285772142,
                    0.4929797383355209
                ],
                [
                    0.014539682900863457,
                    0.8988461780950436,
                    0.438022996822171,
                    1.088277642060823
                ],
                [
                    -0.9994492963369467,
                    -3.55131755076887e-06,
                    0.033182887743081015,
                    -0.09264792659169352
                ],
                [
                    0.0,
                    0.0,
                    0.0,
                    1.0
                ]
            ],
            "size": [
                0.15068,
                0.17726,
                0.74884
            ]
        },
        "distance": 0.27107592800413843
    },
    {
        "case": 1,
        "collider1": {
            "type": "Box",
            "collider2origin": [
                [
                    0.8404842512412337,
                    -0.5418359746412772,
                    0.0,
                    0.011439976095501792
                ],
                [
                    0.5418359746412771,
                    0.8404842512412338,
                    0.0,
                    1.4325762997644957
                ],
                [
                    0.0,
                    0.0,
                    1.0,
                    -0.21500000000000008
                ],
                [
                    0.0,
                    0.0,
                    0.0,
                    1.0
                ]
            ],
            "size": [
                0.2,
                0.3,
                0.22
            ]
        },
        "collider2": {
            "type": "Box",
            "collider2origin": [
                [
                    0.029827867384781492,
                    -0.4382642446188389,
                    0.8983511285772142,
                    0.4929797383355209
                ],
                [
                    0.014539682900863457,
                    0.8988461780950436,
                    0.438022996822171,
                    1.088277642060823
                ],
                [
                    -0.9994492963369467,
                    -3.55131755076887e-06,
                    0.033182887743081015,
                    -0.09264792659169352
                ],
                [
                    0.0,
                    0.0,
                    0.0,
                    1.0
                ]
            ],
            "size": [
                0.15068,
                0.17726,
                0.74884
            ]
        },
        "distance": 0.27107592800413843
    },
    {
        "case": 2,
        "collider1": {
            "type": "Box",
            "collider2origin": [
                [
                    0.9077781725128689,
                    0.4194505805326724,
                    0.0,
                    0.4158817547107895
                ],
                [
                    -0.4194505805326724,
                    0.9077781725128689,
                    0.0,
                    0.733173894971941
                ],
                [
                    0.0,
                    0.0,
                    1.0,
                    -0.6599999999999999
                ],
                [
                    0.0,
                    0.0,
                    0.0,
                    1.0
                ]
            ],
            "size": [
                0.6,
                1.0,
                0.8
            ]
        },
        "collider2": {
            "type": "Box",
            "collider2origin": [
                [
                    -0.23698478532570133,
                    -0.4382643596221373,
                    0.86704242261214,
                    1.0717913954455565
                ],
                [
                    -0.11555533263014063,
                    0.8988461220161396,
                    0.4227559745731393,
                    1.2299418790025543
                ],
                [
                    -0.9646165956611302,
                    -4.64167001573535e-06,
                    -0.2636566391229056,
                    -0.15625465196261978
                ],
                [
                    0.0,
                    0.0,
                    0.0,
                    1.0
                ]
            ],
            "size": [
                0.1202,
                0.13634,
                0.67816
            ]
        },
        "distance": 0.10093354765116513
    }
]