[
    {
        "case": 0,
        "collider1": {
            "type": "Box",
            "collider2origin": [
                [
                    0.9077781725128689,
                    0.4194505805326724,
                    0.0,
                    0.4158817547107895
                ],
                [
                    -0.4194505805326724,
                    0.9077781725128689,
                    0.0,
                    0.733173894971941
                ],
                [
                    0.0,
                    0.0,
                    1.0,
                    -0.6599999999999999
                ],
                [
                    0.0,
                    0.0,
                    0.0,
                    1.0
                ]
            ],
            "size": [
                0.6,
                1.0,
                0.8
            ]
        },
        "collider2": {
            "type": "Box",
            "collider2origin": [
                [
                    -0.35620521015446877,
                    -0.8713366374018319,
                    0.33747638818157166,
                    0.3396388388294723
                ],
                [
                    0.6325310731865414,
                    -0.4906857082901992,
                    -0.5992762110523224,
                    0.40361753140579093
                ],
                [
                    0.687766159179334,
                    -1.0067068588676893e-06,
                    0.7259323042038379,
                    -0.23388271712934194
                ],
                [
                    0.0,
                    0.0,
                    0.0,
                    1.0
                ]
            ],
            "size": [
                0.09102,
                0.10007,
                0.11882
            ]
        },
        "distance": 0.0
    },
    {
        "case": 1,
        "collider1": {
            "type": "Box",
            "collider2origin": [
                [
                    0.9077781725128689,
                    0.4194505805326724,
                    0.0,
                    0.4158817547107895
                ],
                [
                    -0.4194505805326724,
                    0.9077781725128689,
                    0.0,
                    0.733173894971941
                ],
                [
                    0.0,
                    0.0,
                    1.0,
                    -0.6599999999999999
                ],
                [
                    0.0,
                    0.0,
                    0.0,
                    1.0
                ]
            ],
            "size": [
                0.6,
                1.0,
                0.8
            ]
        },
        "collider2": {
            "type": "Box",
            "collider2origin": [
                [
                    0.48729392767018365,
                    -0.8713380884964936,
                    -0.057572246708306046,
                    0.4528464791031096
                ],
                [
                    -0.8653179071941718,
                    -0.49068313144195047,
                    0.10224961617248447,
                    0.4303492972090898
                ],
                [
                    -0.11734371540421294,
                    -7.321033360760973e-06,
                    -0.9930913615582089,
                    0.054276720934403944
                ],
                [
                    0.0,
                    0.0,
                    0.0,
                    1.0
                ]
            ],
            "size": [
                0.1202,
                0.13634,
                0.67816
            ]
        },
        "distance": 0.0
    },
    {
        "case": 2,
        "collider1": {
            "type": "Box",
            "collider2origin": [
                [
                    0.9077781725128689,
                    0.4194505805326724,
                    0.0,
                    0.4158817547107895
                ],
                [
                    -0.4194505805326724,
                    0.9077781725128689,
                    0.0,
                    0.733173894971941
                ],
                [
                    0.0,
                    0.0,
                    1.0,
                    -0.6599999999999999
                ],
                [
                    0.0,
                    0.0,
                    0.0,
                    1.0
                ]
            ],
            "size": [
                0.6,
                1.0,
                0.8
            ]
        },
        "collider2": {
            "type": "Cylinder",
            "collider2origin": [
                [
                    -0.998621937162066,
                    -0.05174872208042259,
                    -0.008734780004398056,
                    0.35412072662445404
                ],
                [
                    0.007442704533937383,
                    -0.30440271220361004,
                    0.9525143541975132,
                    0.13983098252985837
                ],
                [
                    -0.051950291316820954,
                    0.9511367191766535,
                    0.30436837658660965,
                    -0.3152384866046942
                ],
                [
                    0.0,
                    0.0,
                    0.0,
                    1.0
                ]
            ],
            "radius": 0.00783,
            "height": 0.03683
        },
        "distance": 0.04469171109750544
    },
    {
        "case": 3,
        "collider1": {
            "type": "Box",
            "collider2origin": [
                [
                    0.9077781725128689,
                    0.4194505805326724,
                    0.0,
                    0.4158817547107895
                ],
                [
                    -0.4194505805326724,
                    0.9077781725128689,
                    0.0,
                    0.733173894971941
                ],
                [
                    0.0,
                    0.0,
                    1.0,
                    -0.6599999999999999
                ],
                [
                    0.0,
                    0.0,
                    0.0,
                    1.0
                ]
            ],
            "size": [
                0.6,
                1.0,
                0.8
            ]
        },
        "collider2": {
            "type": "Cylinder",
            "collider2origin": [
                [
                    -0.7450785177406831,
                    0.6669286983140827,
                    -0.008007107244747746,
                    0.3194560119291097
                ],
                [
                    -0.3188405037996848,
                    -0.3456059478814903,
                    0.8825515633240357,
                    0.14459128483995953
                ],
                [
                    0.5858316614336482,
                    0.660123200739089,
                    0.4701474495388353,
                    -0.255894481512283
                ],
                [
                    0.0,
                    0.0,
                    0.0,
                    1.0
                ]
            ],
            "radius": 0.01271,
            "height": 0.05982
        },
        "distance": 0.04426373153421424
    },
    {
        "case": 4,
        "collider1": {
            "type": "Box",
            "collider2origin": [
                [
                    0.9077781725128689,
                    0.4194505805326724,
                    0.0,
                    0.4158817547107895
                ],
                [
                    -0.4194505805326724,
                    0.9077781725128689,
                    0.0,
                    0.733173894971941
                ],
                [
                    0.0,
                    0.0,
                    1.0,
                    -0.6599999999999999
                ],
                [
                    0.0,
                    0.0,
                    0.0,
                    1.0
                ]
            ],
            "size": [
                0.6,
                1.0,
                0.8
            ]
        },
        "collider2": {
            "type": "Cylinder",
            "collider2origin": [
                [
                    -0.714225246495979,
                    0.6994499554359819,
                    0.0255354089131314,
                    0.32157758685026006
                ],
                [
                    -0.36108836819675494,
                    -0.3994788013527951,
                    0.8426338929943056,
                    0.13157590913185568
                ],
                [
                    0.5995810934483858,
                    0.5926098607940447,
                    0.5378810884097902,
                    -0.26268057133123235
                ],
                [
                    0.0,
                    0.0,
                    0.0,
                    1.0
                ]
            ],
            "radius": 0.01169,
            "height": 0.05502
        },
        "distance": 0.05711322745353643
    },
    {
        "case": 5,
        "collider1": {
            "type": "Box",
            "collider2origin": [
                [
                    0.9077781725128689,
                    0.4194505805326724,
                    0.0,
                    0.4158817547107895
                ],
                [
                    -0.4194505805326724,
                    0.9077781725128689,
                    0.0,
                    0.733173894971941
                ],
                [
                    0.0,
                    0.0,
                    1.0,
                    -0.6599999999999999
                ],
                [
                    0.0,
                    0.0,
                    0.0,
                    1.0
                ]
            ],
            "size": [
                0.6,
                1.0,
                0.8
            ]
        },
        "collider2": {
            "type": "Cylinder",
            "collider2origin": [
                [
                    -0.9896914103866369,
                    0.0036876885569933383,
                    0.14316882747307474,
                    0.3329765449569172
                ],
                [
                    0.11575497759784419,
                    -0.5680432559668873,
                    0.8148175528987205,
                    0.15181948151858282
                ],
                [
                    0.08433088027662894,
                    0.8229904375529787,
                    0.5617606628521838,
                    -0.31634952152576834
                ],
                [
                    0.0,
                    0.0,
                    0.0,
                    1.0
                ]
            ],
            "radius": 0.00683,
            "height": 0.01782
        },
        "distance": 0.05128943265633755
    },
    {
        "case": 6,
        "collider1": {
            "type": "Box",
            "collider2origin": [
                [
                    0.9077781725128689,
                    0.4194505805326724,
                    0.0,
                    0.4158817547107895
                ],
                [
                    -0.4194505805326724,
                    0.9077781725128689,
                    0.0,
                    0.733173894971941
                ],
                [
                    0.0,
                    0.0,
                    1.0,
                    -0.6599999999999999
                ],
                [
                    0.0,
                    0.0,
                    0.0,
                    1.0
                ]
            ],
            "size": [
                0.6,
                1.0,
                0.8
            ]
        },
        "collider2": {
            "type": "Box",
            "collider2origin": [
                [
                    -0.983266240517604,
                    -0.08724937511939859,
                    0.1599220022374995,
                    0.35002663938460676
                ],
                [
                    -0.07223319611520045,
                    -0.6191736437456395,
                    -0.7819247817211897,
                    0.21002291493309566
                ],
                [
                    0.167241937436037,
                    -0.7803919178412996,
                    0.6025102396894333,
                    -0.25069053274551933
                ],
                [
                    0.0,
                    0.0,
                    0.0,
                    1.0
                ]
            ],
            "size": [
                0.06241,
                0.05638,
                0.02858
            ]
        },
        "distance": 0.0
    },
    {
        "case": 7,
        "collider1": {
            "type": "Box",
            "collider2origin": [
                [
                    0.9077781725128689,
                    0.4194505805326724,
                    0.0,
                    0.4158817547107895
                ],
                [
                    -0.4194505805326724,
                    0.9077781725128689,
                    0.0,
                    0.733173894971941
                ],
                [
                    0.0,
                    0.0,
                    1.0,
                    -0.6599999999999999
                ],
                [
                    0.0,
                    0.0,
                    0.0,
                    1.0
                ]
            ],
            "size": [
                0.6,
                1.0,
                0.8
            ]
        },
        "collider2": {
            "type": "Box",
            "collider2origin": [
                [
                    -0.9949475900953337,
                    -0.08725217284341376,
                    -0.04966237305637585,
                    0.34392336243213006
                ],
                [
                    0.09321687308650789,
                    -0.6191699798599379,
                    -0.7797045277617781,
                    0.18024724310640938
                ],
                [
                    0.03728146369795021,
                    -0.7803945120093723,
                    0.624175054043488,
                    -0.29200100451371447
                ],
                [
                    0.0,
                    0.0,
                    0.0,
                    1.0
                ]
            ],
            "size": [
                0.07264,
                0.04753,
                0.03326
            ]
        },
        "distance": 0.0
    },
    {
        "case": 8,
        "collider1": {
            "type": "Box",
            "collider2origin": [
                [
                    0.9077781725128689,
                    0.4194505805326724,
                    0.0,
                    0.4158817547107895
                ],
                [
                    -0.4194505805326724,
                    0.9077781725128689,
                    0.0,
                    0.733173894971941
                ],
                [
                    0.0,
                    0.0,
                    1.0,
                    -0.6599999999999999
                ],
                [
                    0.0,
                    0.0,
                    0.0,
                    1.0
                ]
            ],
            "size": [
                0.6,
                1.0,
                0.8
            ]
        },
        "collider2": {
            "type": "Cylinder",
            "collider2origin": [
                [
                    -0.9752580731368934,
                    -0.1320904219030879,
                    -0.17726762598618398,
                    0.3750491816127057
                ],
                [
                    -0.10884985829093247,
                    -0.4110069639515079,
                    0.9051104816172483,
                    0.14204471952820963
                ],
                [
                    -0.19241465414920228,
                    0.9020118602462094,
                    0.38645983600345196,
                    -0.31135529313185617
                ],
                [
                    0.0,
                    0.0,
                    0.0,
                    1.0
                ]
            ],
            "radius": 0.00783,
            "height": 0.03044
        },
        "distance": 0.03716467066299534
    },
    {
        "case": 9,
        "collider1": {
            "type": "Box",
            "collider2origin": [
                [
                    0.9077781725128689,
                    0.4194505805326724,
                    0.0,
                    0.4158817547107895
                ],
                [
                    -0.4194505805326724,
                    0.9077781725128689,
                    0.0,
                    0.733173894971941
                ],
                [
                    0.0,
                    0.0,
                    1.0,
                    -0.6599999999999999
                ],
                [
                    0.0,
                    0.0,
                    0.0,
                    1.0
                ]
            ],
            "size": [
                0.6,
                1.0,
                0.8
            ]
        },
        "collider2": {
            "type": "Cylinder",
            "collider2origin": [
                [
                    -0.9531072447914815,
                    -0.06719682597592785,
                    0.2950782379382643,
                    0.3028975278606099
                ],
                [
                    0.20273209150860302,
                    -0.8656913821714437,
                    0.45768780834389944,
                    0.1544853432968396
                ],
                [
                    0.22469151964090153,
                    0.4960473943212032,
                    0.8387196811739943,
                    -0.33166436384869435
                ],
                [
                    0.0,
                    0.0,
                    0.0,
                    1.0
                ]
            ],
            "radius": 0.00713,
            "height": 0.01426
        },
        "distance": 0.06286278451841168
    },
    {
        "case": 10,
        "collider1": {
            "type": "Box",
            "collider2origin": [
                [
                    0.9077781725128689,
                    0.4194505805326724,
                    0.0,
                    0.4158817547107895
                ],
                [
                    -0.4194505805326724,
                    0.9077781725128689,
                    0.0,
                    0.733173894971941
                ],
                [
                    0.0,
                    0.0,
                    1.0,
                    -0.6599999999999999
                ],
                [
                    0.0,
                    0.0,
                    0.0,
                    1.0
                ]
            ],
            "size": [
                0.6,
                1.0,
                0.8
            ]
        },
        "collider2": {
            "type": "Cylinder",
            "collider2origin": [
                [
                    -0.9450118287517002,
                    -0.08809315061037153,
                    0.31494799623891034,
                    0.3073385590569018
                ],
                [
                    0.23338121131578907,
                    -0.8562920397717511,
                    0.46075715168438625,
                    0.1616152571817624
                ],
                [
                    0.2290979129633042,
                    0.508923903387404,
                    0.829765392648299,
                    -0.31865422436272417
                ],
                [
                    0.0,
                    0.0,
                    0.0,
                    1.0
                ]
            ],
            "radius": 0.00713,
            "height": 0.01697
        },
        "distance": 0.053754085324216314
    }
]