[
    {
        "case": 0,
        "collider1": {
            "type": "Box",
            "collider2origin": [
                [
                    0.9077781725128689,
                    0.4194505805326724,
                    0.0,
                    0.4158817547107895
                ],
                [
                    -0.4194505805326724,
                    0.9077781725128689,
                    0.0,
                    0.733173894971941
                ],
                [
                    0.0,
                    0.0,
                    1.0,
                    -0.6599999999999999
                ],
                [
                    0.0,
                    0.0,
                    0.0,
                    1.0
                ]
            ],
            "size": [
                0.6,
                1.0,
                0.8
            ]
        },
        "collider2": {
            "type": "Box",
            "collider2origin": [
                [
                    0.5659209784675826,
                    -0.72754661860444,
                    -0.3878264610460966,
                    0.056621187987251825
                ],
                [
                    -0.6001387010628387,
                    -0.6860582465886647,
                    0.41128776030207337,
                    0.8036877162354163
                ],
                [
                    -0.565302561127139,
                    -6.7031718879257924e-06,
                    -0.8248836368471403,
                    -0.3500850785965687
                ],
                [
                    0.0,
                    0.0,
                    0.0,
                    1.0
                ]
            ],
            "size": [
                0.15068,
                0.17726,
                0.74884
            ]
        },
        "distance": 0.0
    },
    {
        "case": 1,
        "collider1": {
            "type": "Box",
            "collider2origin": [
                [
                    0.9077781725128689,
                    0.4194505805326724,
                    0.0,
                    0.27063700059322826
                ],
                [
                    -0.4194505805326724,
                    0.9077781725128689,
                    0.0,
                    0.8002854543438492
                ],
                [
                    0.0,
                    0.0,
                    1.0,
                    -0.25
                ],
                [
                    0.0,
                    0.0,
                    0.0,
                    1.0
                ]
            ],
            "size": [
                0.2,
                0.2,
                0.02
            ]
        },
        "collider2": {
            "type": "Box",
            "collider2origin": [
                [
                    0.5659209784675826,
                    -0.72754661860444,
                    -0.3878264610460966,
                    0.056621187987251825
                ],
                [
                    -0.6001387010628387,
                    -0.6860582465886647,
                    0.41128776030207337,
                    0.8036877162354163
                ],
                [
                    -0.565302561127139,
                    -6.7031718879257924e-06,
                    -0.8248836368471403,
                    -0.3500850785965687
                ],
                [
                    0.0,
                    0.0,
                    0.0,
                    1.0
                ]
            ],
            "size": [
                0.15068,
                0.17726,
                0.74884
            ]
        },
        "distance": 0.0
    },
    {
        "case": 2,
        "collider1": {
            "type": "Box",
            "collider2origin": [
                [
                    0.9077781725128689,
                    0.4194505805326724,
                    0.0,
                    0.4158817547107895
                ],
                [
                    -0.4194505805326724,
                    0.9077781725128689,
                    0.0,
                    0.733173894971941
                ],
                [
                    0.0,
                    0.0,
                    1.0,
                    -0.6599999999999999
                ],
                [
                    0.0,
                    0.0,
                    0.0,
                    1.0
                ]
            ],
            "size": [
                0.6,
                1.0,
                0.8
            ]
        },
        "collider2": {
            "type": "Box",
            "collider2origin": [
                [
                    0.5659209784675826,
                    -0.72754661860444,
                    -0.3878264610460966,
                    0.056621187987251825
                ],
                [
                    -0.6001387010628387,
                    -0.6860582465886647,
                    0.41128776030207337,
                    0.8036877162354163
                ],
                [
                    -0.565302561127139,
                    -6.7031718879257924e-06,
                    -0.8248836368471403,
                    -0.3500850785965687
                ],
                [
                    0.0,
                    0.0,
                    0.0,
                    1.0
                ]
            ],
            "size": [
                0.15068,
                0.17726,
                0.74884
            ]
        },
        "distance": 0.0
    },
    {
        "case": 3,
        "collider1": {
            "type": "Box",
            "collider2origin": [
                [
                    0.9077781725128689,
                    0.4194505805326724,
                    0.0,
                    0.27063700059322826
                ],
                [
                    -0.4194505805326724,
                    0.9077781725128689,
                    0.0,
                    0.8002854543438492
                ],
                [
                    0.0,
                    0.0,
                    1.0,
                    -0.25
                ],
                [
                    0.0,
                    0.0,
                    0.0,
                    1.0
                ]
            ],
            "size": [
                0.2,
                0.2,
                0.02
            ]
        },
        "collider2": {
            "type": "Box",
            "collider2origin": [
                [
                    0.5659209784675826,
                    -0.72754661860444,
                    -0.3878264610460966,
                    0.056621187987251825
                ],
                [
                    -0.6001387010628387,
                    -0.6860582465886647,
                    0.41128776030207337,
                    0.8036877162354163
                ],
                [
                    -0.565302561127139,
                    -6.7031718879257924e-06,
                    -0.8248836368471403,
                    -0.3500850785965687
                ],
                [
                    0.0,
                    0.0,
                    0.0,
                    1.0
                ]
            ],
            "size": [
                0.15068,
                0.17726,
                0.74884
            ]
        },
        "distance": 0.0
    },
    {
        "case": 4,
        "collider1": {
            "type": "Box",
            "collider2origin": [
                [
                    0.9077781725128689,
                    0.4194505805326724,
                    0.0,
                    0.4158817547107895
                ],
                [
                    -0.4194505805326724,
                    0.9077781725128689,
                    0.0,
                    0.733173894971941
                ],
                [
                    0.0,
                    0.0,
                    1.0,
                    -0.6599999999999999
                ],
                [
                    0.0,
                    0.0,
                    0.0,
                    1.0
                ]
            ],
            "size": [
                0.6,
                1.0,
                0.8
            ]
        },
        "collider2": {
            "type": "Box",
            "collider2origin": [
                [
                    0.24168131761337827,
                    -0.7275475525240392,
                    -0.6420784216378416,
                    -0.15246762275023767
                ],
                [
                    -0.25629056579014675,
                    -0.6860572562050544,
                    0.680911585373137,
                    1.2095749070081585
                ],
                [
                    -0.9358981176408188,
                    -4.967167987220152e-06,
                    -0.352270795513479,
                    -0.7062388930978908
                ],
                [
                    0.0,
                    0.0,
                    0.0,
                    1.0
                ]
            ],
            "size": [
                0.1202,
                0.13634,
                0.67816
            ]
        },
        "distance": 0.0762275750179304
    },
    {
        "case": 5,
        "collider1": {
            "type": "Box",
            "collider2origin": [
                [
                    0.907778172512869,
                    0.4194505805326725,
                    0.0,
                    -1.612083837096907
                ],
                [
                    -0.4194505805326725,
                    0.907778172512869,
                    0.0,
                    -0.24654756573714753
                ],
                [
                    0.0,
                    0.0,
                    1.0,
                    -0.040000000000000036
                ],
                [
                    0.0,
                    0.0,
                    0.0,
                    1.0
                ]
            ],
            "size": [
                2.0,
                2.0,
                2.0
            ]
        },
        "collider2": {
            "type": "Box",
            "collider2origin": [
                [
                    0.24168131761337827,
                    -0.7275475525240392,
                    -0.6420784216378416,
                    -0.15246762275023767
                ],
                [
                    -0.25629056579014675,
                    -0.6860572562050544,
                    0.680911585373137,
                    1.2095749070081585
                ],
                [
                    -0.9358981176408188,
                    -4.967167987220152e-06,
                    -0.352270795513479,
                    -0.7062388930978908
                ],
                [
                    0.0,
                    0.0,
                    0.0,
                    1.0
                ]
            ],
            "size": [
                0.1202,
                0.13634,
                0.67816
            ]
        },
        "distance": 0.74466009899786
    },
    {
        "case": 6,
        "collider1": {
            "type": "Cylinder",
            "collider2origin": [
                [
                    0.907778172512869,
                    0.4194505805326725,
                    0.0,
                    -0.07232761537572224
                ],
                [
                    -0.4194505805326725,
                    0.907778172512869,
                    0.0,
                    1.2000044650142188
                ],
                [
                    0.0,
                    0.0,
                    1.0,
                    -0.5800000000000001
                ],
                [
                    0.0,
                    0.0,
                    0.0,
                    1.0
                ]
            ],
            "radius": 0.04,
            "height": 0.96
        },
        "collider2": {
            "type": "Box",
            "collider2origin": [
                [
                    0.24168131761337827,
                    -0.7275475525240392,
                    -0.6420784216378416,
                    -0.15246762275023767
                ],
                [
                    -0.25629056579014675,
                    -0.6860572562050544,
                    0.680911585373137,
                    1.2095749070081585
                ],
                [
                    -0.9358981176408188,
                    -4.967167987220152e-06,
                    -0.352270795513479,
                    -0.7062388930978908
                ],
                [
                    0.0,
                    0.0,
                    0.0,
                    1.0
                ]
            ],
            "size": [
                0.1202,
                0.13634,
                0.67816
            ]
        },
        "distance": 0.0
    }
]