[
    {
        "case": 0,
        "collider1": {
            "type": "Box",
            "collider2origin": [
                [
                    0.9077781725128689,
                    0.4194505805326724,
                    0.0,
                    0.4158817547107895
                ],
                [
                    -0.4194505805326724,
                    0.9077781725128689,
                    0.0,
                    0.733173894971941
                ],
                [
                    0.0,
                    0.0,
                    1.0,
                    -0.6599999999999999
                ],
                [
                    0.0,
                    0.0,
                    0.0,
                    1.0
                ]
            ],
            "size": [
                0.6,
                1.0,
                0.8
            ]
        },
        "collider2": {
            "type": "Box",
            "collider2origin": [
                [
                    -0.09657540578873974,
                    0.9944363697164547,
                    -0.04206539649044856,
                    0.30462694756743336
                ],
                [
                    -0.911703801066748,
                    -0.10533900789861735,
                    -0.3971144325448003,
                    0.386113613268058
                ],
                [
                    -0.3993361617950271,
                    -3.0559385739983734e-07,
                    0.9168045756227017,
                    -0.37949135480617613
                ],
                [
                    0.0,
                    0.0,
                    0.0,
                    1.0
                ]
            ],
            "size": [
                0.1202,
                0.13634,
                0.67816
            ]
        },
        "distance": 0.0
    },
    {
        "case": 1,
        "collider1": {
            "type": "Box",
            "collider2origin": [
                [
                    0.9077781725128689,
                    0.4194505805326724,
                    0.0,
                    0.4158817547107895
                ],
                [
                    -0.4194505805326724,
                    0.9077781725128689,
                    0.0,
                    0.733173894971941
                ],
                [
                    0.0,
                    0.0,
                    1.0,
                    -0.6599999999999999
                ],
                [
                    0.0,
                    0.0,
                    0.0,
                    1.0
                ]
            ],
            "size": [
                0.6,
                1.0,
                0.8
            ]
        },
        "collider2": {
            "type": "Box",
            "collider2origin": [
                [
                    0.09188981364844709,
                    0.9944363350473958,
                    -0.051503763796028425,
                    0.45811137488210635
                ],
                [
                    0.8675005571732269,
                    -0.10533933496184071,
                    -0.48615471592275844,
                    0.6356966435806747
                ],
                [
                    -0.488875286194541,
                    -6.877539116885379e-06,
                    -0.8723536865864124,
                    -0.3643322279502932
                ],
                [
                    0.0,
                    0.0,
                    0.0,
                    1.0
                ]
            ],
            "size": [
                0.15068,
                0.17726,
                0.74884
            ]
        },
        "distance": 0.0
    },
    {
        "case": 2,
        "collider1": {
            "type": "Box",
            "collider2origin": [
                [
                    0.9077781725128689,
                    0.4194505805326724,
                    0.0,
                    0.27063700059322826
                ],
                [
                    -0.4194505805326724,
                    0.9077781725128689,
                    0.0,
                    0.8002854543438492
                ],
                [
                    0.0,
                    0.0,
                    1.0,
                    -0.25
                ],
                [
                    0.0,
                    0.0,
                    0.0,
                    1.0
                ]
            ],
            "size": [
                0.2,
                0.2,
                0.02
            ]
        },
        "collider2": {
            "type": "Box",
            "collider2origin": [
                [
                    0.09188981364844709,
                    0.9944363350473958,
                    -0.051503763796028425,
                    0.45811137488210635
                ],
                [
                    0.8675005571732269,
                    -0.10533933496184071,
                    -0.48615471592275844,
                    0.6356966435806747
                ],
                [
                    -0.488875286194541,
                    -6.877539116885379e-06,
                    -0.8723536865864124,
                    -0.3643322279502932
                ],
                [
                    0.0,
                    0.0,
                    0.0,
                    1.0
                ]
            ],
            "size": [
                0.15068,
                0.17726,
                0.74884
            ]
        },
        "distance": 0.005050828549538754
    },
    {
        "case": 3,
        "collider1": {
            "type": "Box",
            "collider2origin": [
                [
                    0.907778172512869,
                    0.4194505805326725,
                    0.0,
                    0.9947946797881562
                ],
                [
                    -0.4194505805326725,
                    0.907778172512869,
                    0.0,
                    0.5317739604993647
                ],
                [
                    0.0,
                    0.0,
                    1.0,
                    -0.69
                ],
                [
                    0.0,
                    0.0,
                    0.0,
                    1.0
                ]
            ],
            "size": [
                0.6,
                1.2,
                0.75
            ]
        },
        "collider2": {
            "type": "Box",
            "collider2origin": [
                [
                    0.09188981364844709,
                    0.9944363350473958,
                    -0.051503763796028425,
                    0.45811137488210635
                ],
                [
                    0.8675005571732269,
                    -0.10533933496184071,
                    -0.48615471592275844,
                    0.6356966435806747
                ],
                [
                    -0.488875286194541,
                    -6.877539116885379e-06,
                    -0.8723536865864124,
                    -0.3643322279502932
                ],
                [
                    0.0,
                    0.0,
                    0.0,
                    1.0
                ]
            ],
            "size": [
                0.15068,
                0.17726,
                0.74884
            ]
        },
        "distance": 0.0668799762588827
    },
    {
        "case": 4,
        "collider1": {
            "type": "Box",
            "collider2origin": [
                [
                    0.9077781725128689,
                    0.4194505805326724,
                    0.0,
                    0.4158817547107895
                ],
                [
                    -0.4194505805326724,
                    0.9077781725128689,
                    0.0,
                    0.733173894971941
                ],
                [
                    0.0,
                    0.0,
                    1.0,
                    -0.6599999999999999
                ],
                [
                    0.0,
                    0.0,
                    0.0,
                    1.0
                ]
            ],
            "size": [
                0.6,
                1.0,
                0.8
            ]
        },
        "collider2": {
            "type": "Box",
            "collider2origin": [
                [
                    0.09188981364844709,
                    0.9944363350473958,
                    -0.051503763796028425,
                    0.45811137488210635
                ],
                [
                    0.8675005571732269,
                    -0.10533933496184071,
                    -0.48615471592275844,
                    0.6356966435806747
                ],
                [
                    -0.488875286194541,
                    -6.877539116885379e-06,
                    -0.8723536865864124,
                    -0.3643322279502932
                ],
                [
                    0.0,
                    0.0,
                    0.0,
                    1.0
                ]
            ],
            "size": [
                0.15068,
                0.17726,
                0.74884
            ]
        },
        "distance": 0.0
    },
    {
        "case": 5,
        "collider1": {
            "type": "Box",
            "collider2origin": [
                [
                    0.9077781725128689,
                    0.4194505805326724,
                    0.0,
                    0.27063700059322826
                ],
                [
                    -0.4194505805326724,
                    0.9077781725128689,
                    0.0,
                    0.8002854543438492
                ],
                [
                    0.0,
                    0.0,
                    1.0,
                    -0.25
                ],
                [
                    0.0,
                    0.0,
                    0.0,
                    1.0
                ]
            ],
            "size": [
                0.2,
                0.2,
                0.02
            ]
        },
        "collider2": {
            "type": "Box",
            "collider2origin": [
                [
                    0.09188981364844709,
                    0.9944363350473958,
                    -0.051503763796028425,
                    0.45811137488210635
                ],
                [
                    0.8675005571732269,
                    -0.10533933496184071,
                    -0.48615471592275844,
                    0.6356966435806747
                ],
                [
                    -0.488875286194541,
                    -6.877539116885379e-06,
                    -0.8723536865864124,
                    -0.3643322279502932
                ],
                [
                    0.0,
                    0.0,
                    0.0,
                    1.0
                ]
            ],
            "size": [
                0.15068,
                0.17726,
                0.74884
            ]
        },
        "distance": 0.005050828549538754
    },
    {
        "case": 6,
        "collider1": {
            "type": "Box",
            "collider2origin": [
                [
                    0.907778172512869,
                    0.4194505805326725,
                    0.0,
                    0.9947946797881562
                ],
                [
                    -0.4194505805326725,
                    0.907778172512869,
                    0.0,
                    0.5317739604993647
                ],
                [
                    0.0,
                    0.0,
                    1.0,
                    -0.69
                ],
                [
                    0.0,
                    0.0,
                    0.0,
                    1.0
                ]
            ],
            "size": [
                0.6,
                1.2,
                0.75
            ]
        },
        "collider2": {
            "type": "Box",
            "collider2origin": [
                [
                    0.09188981364844709,
                    0.9944363350473958,
                    -0.051503763796028425,
                    0.45811137488210635
                ],
                [
                    0.8675005571732269,
                    -0.10533933496184071,
                    -0.48615471592275844,
                    0.6356966435806747
                ],
                [
                    -0.488875286194541,
                    -6.877539116885379e-06,
                    -0.8723536865864124,
                    -0.3643322279502932
                ],
                [
                    0.0,
                    0.0,
                    0.0,
                    1.0
                ]
            ],
            "size": [
                0.15068,
                0.17726,
                0.74884
            ]
        },
        "distance": 0.0668799762588827
    }
]