[
    {
        "case": 0,
        "collider1": {
            "type": "Box",
            "collider2origin": [
                [
                    0.9077781725128689,
                    0.4194505805326724,
                    0.0,
                    0.4158817547107895
                ],
                [
                    -0.4194505805326724,
                    0.9077781725128689,
                    0.0,
                    0.733173894971941
                ],
                [
                    0.0,
                    0.0,
                    1.0,
                    -0.6599999999999999
                ],
                [
                    0.0,
                    0.0,
                    0.0,
                    1.0
                ]
            ],
            "size": [
                0.6,
                1.0,
                0.8
            ]
        },
        "collider2": {
            "type": "Box",
            "collider2origin": [
                [
                    -0.15181057413142318,
                    -0.9849101175185502,
                    0.08309999994875647,
                    0.15303517038731543
                ],
                [
                    -0.8639624877418244,
                    0.1730666356119803,
                    0.4728813375603952,
                    0.9721425973892857
                ],
                [
                    -0.48012745115942496,
                    -6.895335994192964e-06,
                    -0.8771987406486674,
                    -0.3657864639638173
                ],
                [
                    0.0,
                    0.0,
                    0.0,
                    1.0
                ]
            ],
            "size": [
                0.15068,
                0.17726,
                0.74884
            ]
        },
        "distance": 0.0
    },
    {
        "case": 1,
        "collider1": {
            "type": "Box",
            "collider2origin": [
                [
                    0.9077781725128689,
                    0.4194505805326724,
                    0.0,
                    0.27063700059322826
                ],
                [
                    -0.4194505805326724,
                    0.9077781725128689,
                    0.0,
                    0.8002854543438492
                ],
                [
                    0.0,
                    0.0,
                    1.0,
                    -0.25
                ],
                [
                    0.0,
                    0.0,
                    0.0,
                    1.0
                ]
            ],
            "size": [
                0.2,
                0.2,
                0.02
            ]
        },
        "collider2": {
            "type": "Box",
            "collider2origin": [
                [
                    -0.15181057413142318,
                    -0.9849101175185502,
                    0.08309999994875647,
                    0.15303517038731543
                ],
                [
                    -0.8639624877418244,
                    0.1730666356119803,
                    0.4728813375603952,
                    0.9721425973892857
                ],
                [
                    -0.48012745115942496,
                    -6.895335994192964e-06,
                    -0.8771987406486674,
                    -0.3657864639638173
                ],
                [
                    0.0,
                    0.0,
                    0.0,
                    1.0
                ]
            ],
            "size": [
                0.15068,
                0.17726,
                0.74884
            ]
        },
        "distance": 0.0
    },
    {
        "case": 2,
        "collider1": {
            "type": "Box",
            "collider2origin": [
                [
                    0.9081427509232697,
                    -0.4186606548811531,
                    0.0,
                    -0.09474126814702305
                ],
                [
                    0.41866065488115317,
                    0.9081427509232698,
                    0.0,
                    1.368923948110301
                ],
                [
                    0.0,
                    0.0,
                    1.0,
                    -0.21500000000000008
                ],
                [
                    0.0,
                    0.0,
                    0.0,
                    1.0
                ]
            ],
            "size": [
                0.2,
                0.3,
                0.22
            ]
        },
        "collider2": {
            "type": "Box",
            "collider2origin": [
                [
                    -0.15181057413142318,
                    -0.9849101175185502,
                    0.08309999994875647,
                    0.15303517038731543
                ],
                [
                    -0.8639624877418244,
                    0.1730666356119803,
                    0.4728813375603952,
                    0.9721425973892857
                ],
                [
                    -0.48012745115942496,
                    -6.895335994192964e-06,
                    -0.8771987406486674,
                    -0.3657864639638173
                ],
                [
                    0.0,
                    0.0,
                    0.0,
                    1.0
                ]
            ],
            "size": [
                0.15068,
                0.17726,
                0.74884
            ]
        },
        "distance": 0.19273713159705141
    },
    {
        "case": 3,
        "collider1": {
            "type": "Box",
            "collider2origin": [
                [
                    0.9077781725128689,
                    0.4194505805326724,
                    0.0,
                    0.4158817547107895
                ],
                [
                    -0.4194505805326724,
                    0.9077781725128689,
                    0.0,
                    0.733173894971941
                ],
                [
                    0.0,
                    0.0,
                    1.0,
                    -0.6599999999999999
                ],
                [
                    0.0,
                    0.0,
                    0.0,
                    1.0
                ]
            ],
            "size": [
                0.6,
                1.0,
                0.8
            ]
        },
        "collider2": {
            "type": "Box",
            "collider2origin": [
                [
                    -0.15181057413142318,
                    -0.9849101175185502,
                    0.08309999994875647,
                    0.15303517038731543
                ],
                [
                    -0.8639624877418244,
                    0.1730666356119803,
                    0.4728813375603952,
                    0.9721425973892857
                ],
                [
                    -0.48012745115942496,
                    -6.895335994192964e-06,
                    -0.8771987406486674,
                    -0.3657864639638173
                ],
                [
                    0.0,
                    0.0,
                    0.0,
                    1.0
                ]
            ],
            "size": [
                0.15068,
                0.17726,
                0.74884
            ]
        },
        "distance": 0.0
    },
    {
        "case": 4,
        "collider1": {
            "type": "Box",
            "collider2origin": [
                [
                    0.9077781725128689,
                    0.4194505805326724,
                    0.0,
                    0.27063700059322826
                ],
                [
                    -0.4194505805326724,
                    0.9077781725128689,
                    0.0,
                    0.8002854543438492
                ],
                [
                    0.0,
                    0.0,
                    1.0,
                    -0.25
                ],
                [
                    0.0,
                    0.0,
                    0.0,
                    1.0
                ]
            ],
            "size": [
                0.2,
                0.2,
                0.02
            ]
        },
        "collider2": {
            "type": "Box",
            "collider2origin": [
                [
                    -0.15181057413142318,
                    -0.9849101175185502,
                    0.08309999994875647,
                    0.15303517038731543
                ],
                [
                    -0.8639624877418244,
                    0.1730666356119803,
                    0.4728813375603952,
                    0.9721425973892857
                ],
                [
                    -0.48012745115942496,
                    -6.895335994192964e-06,
                    -0.8771987406486674,
                    -0.3657864639638173
                ],
                [
                    0.0,
                    0.0,
                    0.0,
                    1.0
                ]
            ],
            "size": [
                0.15068,
                0.17726,
                0.74884
            ]
        },
        "distance": 0.0
    },
    {
        "case": 5,
        "collider1": {
            "type": "Box",
            "collider2origin": [
                [
                    0.9081427509232697,
                    -0.4186606548811531,
                    0.0,
                    -0.09474126814702305
                ],
                [
                    0.41866065488115317,
                    0.9081427509232698,
                    0.0,
                    1.368923948110301
                ],
                [
                    0.0,
                    0.0,
                    1.0,
                    -0.21500000000000008
                ],
                [
                    0.0,
                    0.0,
                    0.0,
                    1.0
                ]
            ],
            "size": [
                0.2,
                0.3,
                0.22
            ]
        },
        "collider2": {
            "type": "Box",
            "collider2origin": [
                [
                    -0.15181057413142318,
                    -0.9849101175185502,
                    0.08309999994875647,
                    0.15303517038731543
                ],
                [
                    -0.8639624877418244,
                    0.1730666356119803,
                    0.4728813375603952,
                    0.9721425973892857
                ],
                [
                    -0.48012745115942496,
                    -6.895335994192964e-06,
                    -0.8771987406486674,
                    -0.3657864639638173
                ],
                [
                    0.0,
                    0.0,
                    0.0,
                    1.0
                ]
            ],
            "size": [
                0.15068,
                0.17726,
                0.74884
            ]
        },
        "distance": 0.19273713159705141
    },
    {
        "case": 6,
        "collider1": {
            "type": "Box",
            "collider2origin": [
                [
                    0.9077781725128689,
                    0.4194505805326724,
                    0.0,
                    0.4158817547107895
                ],
                [
                    -0.4194505805326724,
                    0.9077781725128689,
                    0.0,
                    0.733173894971941
                ],
                [
                    0.0,
                    0.0,
                    1.0,
                    -0.6599999999999999
                ],
                [
                    0.0,
                    0.0,
                    0.0,
                    1.0
                ]
            ],
            "size": [
                0.6,
                1.0,
                0.8
            ]
        },
        "collider2": {
            "type": "Box",
            "collider2origin": [
                [
                    -0.16813822187690086,
                    -0.9849105733499022,
                    -0.040996351638177206,
                    0.29189757731109783
                ],
                [
                    -0.956867731319568,
                    0.17306404147344692,
                    -0.23335162803850423,
                    1.0323802639950859
                ],
                [
                    0.23692548006370584,
                    -7.241826072188896e-06,
                    -0.9715278260781511,
                    -0.9119699138355585
                ],
                [
                    0.0,
                    0.0,
                    0.0,
                    1.0
                ]
            ],
            "size": [
                0.1202,
                0.13634,
                0.67816
            ]
        },
        "distance": 0.0
    }
]