[
    {
        "case": 0,
        "collider1": {
            "type": "Box",
            "collider2origin": [
                [
                    0.9077781725128689,
                    0.4194505805326724,
                    0.0,
                    0.4158817547107895
                ],
                [
                    -0.4194505805326724,
                    0.9077781725128689,
                    0.0,
                    0.733173894971941
                ],
                [
                    0.0,
                    0.0,
                    1.0,
                    -0.6599999999999999
                ],
                [
                    0.0,
                    0.0,
                    0.0,
                    1.0
                ]
            ],
            "size": [
                0.6,
                1.0,
                0.8
            ]
        },
        "collider2": {
            "type": "Box",
            "collider2origin": [
                [
                    0.6040013544305541,
                    -0.7936930439173485,
                    -0.07234442537797858,
                    0.4201644271095276
                ],
                [
                    0.7880603763305437,
                    0.6083184626798804,
                    -0.09439010128476814,
                    1.0360155339868768
                ],
                [
                    0.11892521643376579,
                    -2.6067949582270882e-08,
                    0.9929032142642006,
                    -0.3611549554424184
                ],
                [
                    0.0,
                    0.0,
                    0.0,
                    1.0
                ]
            ],
            "size": [
                0.1202,
                0.13634,
                0.67816
            ]
        },
        "distance": 0.0
    },
    {
        "case": 1,
        "collider1": {
            "type": "Box",
            "collider2origin": [
                [
                    0.9077781725128689,
                    0.4194505805326724,
                    0.0,
                    0.27063700059322826
                ],
                [
                    -0.4194505805326724,
                    0.9077781725128689,
                    0.0,
                    0.8002854543438492
                ],
                [
                    0.0,
                    0.0,
                    1.0,
                    -0.25
                ],
                [
                    0.0,
                    0.0,
                    0.0,
                    1.0
                ]
            ],
            "size": [
                0.2,
                0.2,
                0.02
            ]
        },
        "collider2": {
            "type": "Box",
            "collider2origin": [
                [
                    0.6040013544305541,
                    -0.7936930439173485,
                    -0.07234442537797858,
                    0.4201644271095276
                ],
                [
                    0.7880603763305437,
                    0.6083184626798804,
                    -0.09439010128476814,
                    1.0360155339868768
                ],
                [
                    0.11892521643376579,
                    -2.6067949582270882e-08,
                    0.9929032142642006,
                    -0.3611549554424184
                ],
                [
                    0.0,
                    0.0,
                    0.0,
                    1.0
                ]
            ],
            "size": [
                0.1202,
                0.13634,
                0.67816
            ]
        },
        "distance": 0.0879474235758843
    },
    {
        "case": 2,
        "collider1": {
            "type": "Box",
            "collider2origin": [
                [
                    0.907778172512869,
                    0.4194505805326725,
                    0.0,
                    0.9947946797881562
                ],
                [
                    -0.4194505805326725,
                    0.907778172512869,
                    0.0,
                    0.5317739604993647
                ],
                [
                    0.0,
                    0.0,
                    1.0,
                    -0.69
                ],
                [
                    0.0,
                    0.0,
                    0.0,
                    1.0
                ]
            ],
            "size": [
                0.6,
                1.2,
                0.75
            ]
        },
        "collider2": {
            "type": "Box",
            "collider2origin": [
                [
                    0.6040013544305541,
                    -0.7936930439173485,
                    -0.07234442537797858,
                    0.4201644271095276
                ],
                [
                    0.7880603763305437,
                    0.6083184626798804,
                    -0.09439010128476814,
                    1.0360155339868768
                ],
                [
                    0.11892521643376579,
                    -2.6067949582270882e-08,
                    0.9929032142642006,
                    -0.3611549554424184
                ],
                [
                    0.0,
                    0.0,
                    0.0,
                    1.0
                ]
            ],
            "size": [
                0.1202,
                0.13634,
                0.67816
            ]
        },
        "distance": 0.3447006677239963
    },
    {
        "case": 3,
        "collider1": {
            "type": "Box",
            "collider2origin": [
                [
                    0.9077781725128689,
                    0.4194505805326724,
                    0.0,
                    0.4158817547107895
                ],
                [
                    -0.4194505805326724,
                    0.9077781725128689,
                    0.0,
                    0.733173894971941
                ],
                [
                    0.0,
                    0.0,
                    1.0,
                    -0.6599999999999999
                ],
                [
                    0.0,
                    0.0,
                    0.0,
                    1.0
                ]
            ],
            "size": [
                0.6,
                1.0,
                0.8
            ]
        },
        "collider2": {
            "type": "Box",
            "collider2origin": [
                [
                    -0.5336150937669681,
                    -0.793691705326264,
                    0.2920760322250985,
                    0.2491348090044198
                ],
                [
                    -0.6962273783378701,
                    0.6083202091404998,
                    0.3810694960293134,
                    1.0205549077304747
                ],
                [
                    -0.48012745115942496,
                    -6.895335994192964e-06,
                    -0.8771987406486674,
                    -0.3657864639638173
                ],
                [
                    0.0,
                    0.0,
                    0.0,
                    1.0
                ]
            ],
            "size": [
                0.15068,
                0.17726,
                0.74884
            ]
        },
        "distance": 0.0
    },
    {
        "case": 4,
        "collider1": {
            "type": "Box",
            "collider2origin": [
                [
                    0.9077781725128689,
                    0.4194505805326724,
                    0.0,
                    0.27063700059322826
                ],
                [
                    -0.4194505805326724,
                    0.9077781725128689,
                    0.0,
                    0.8002854543438492
                ],
                [
                    0.0,
                    0.0,
                    1.0,
                    -0.25
                ],
                [
                    0.0,
                    0.0,
                    0.0,
                    1.0
                ]
            ],
            "size": [
                0.2,
                0.2,
                0.02
            ]
        },
        "collider2": {
            "type": "Box",
            "collider2origin": [
                [
                    -0.5336150937669681,
                    -0.793691705326264,
                    0.2920760322250985,
                    0.2491348090044198
                ],
                [
                    -0.6962273783378701,
                    0.6083202091404998,
                    0.3810694960293134,
                    1.0205549077304747
                ],
                [
                    -0.48012745115942496,
                    -6.895335994192964e-06,
                    -0.8771987406486674,
                    -0.3657864639638173
                ],
                [
                    0.0,
                    0.0,
                    0.0,
                    1.0
                ]
            ],
            "size": [
                0.15068,
                0.17726,
                0.74884
            ]
        },
        "distance": 0.0
    },
    {
        "case": 5,
        "collider1": {
            "type": "Box",
            "collider2origin": [
                [
                    0.8404842512412337,
                    -0.5418359746412772,
                    0.0,
                    0.011439976095501792
                ],
                [
                    0.5418359746412771,
                    0.8404842512412338,
                    0.0,
                    1.4325762997644957
                ],
                [
                    0.0,
                    0.0,
                    1.0,
                    -0.21500000000000008
                ],
                [
                    0.0,
                    0.0,
                    0.0,
                    1.0
                ]
            ],
            "size": [
                0.2,
                0.3,
                0.22
            ]
        },
        "collider2": {
            "type": "Box",
            "collider2origin": [
                [
                    -0.5336150937669681,
                    -0.793691705326264,
                    0.2920760322250985,
                    0.2491348090044198
                ],
                [
                    -0.6962273783378701,
                    0.6083202091404998,
                    0.3810694960293134,
                    1.0205549077304747
                ],
                [
                    -0.48012745115942496,
                    -6.895335994192964e-06,
                    -0.8771987406486674,
                    -0.3657864639638173
                ],
                [
                    0.0,
                    0.0,
                    0.0,
                    1.0
                ]
            ],
            "size": [
                0.15068,
                0.17726,
                0.74884
            ]
        },
        "distance": 0.21654461446051435
    },
    {
        "case": 6,
        "collider1": {
            "type": "Box",
            "collider2origin": [
                [
                    0.9081427509232697,
                    -0.4186606548811531,
                    0.0,
                    -0.09474126814702305
                ],
                [
                    0.41866065488115317,
                    0.9081427509232698,
                    0.0,
                    1.368923948110301
                ],
                [
                    0.0,
                    0.0,
                    1.0,
                    -0.21500000000000008
                ],
                [
                    0.0,
                    0.0,
                    0.0,
                    1.0
                ]
            ],
            "size": [
                0.2,
                0.3,
                0.22
            ]
        },
        "collider2": {
            "type": "Box",
            "collider2origin": [
                [
                    -0.5336150937669681,
                    -0.793691705326264,
                    0.2920760322250985,
                    0.2491348090044198
                ],
                [
                    -0.6962273783378701,
                    0.6083202091404998,
                    0.3810694960293134,
                    1.0205549077304747
                ],
                [
                    -0.48012745115942496,
                    -6.895335994192964e-06,
                    -0.8771987406486674,
                    -0.3657864639638173
                ],
                [
                    0.0,
                    0.0,
                    0.0,
                    1.0
                ]
            ],
            "size": [
                0.15068,
                0.17726,
                0.74884
            ]
        },
        "distance": 0.2177821022215598
    },
    {
        "case": 7,
        "collider1": {
            "type": "Box",
            "collider2origin": [
                [
                    0.9077781725128689,
                    0.4194505805326724,
                    0.0,
                    0.4158817547107895
                ],
                [
                    -0.4194505805326724,
                    0.9077781725128689,
                    0.0,
                    0.733173894971941
                ],
                [
                    0.0,
                    0.0,
                    1.0,
                    -0.6599999999999999
                ],
                [
                    0.0,
                    0.0,
                    0.0,
                    1.0
                ]
            ],
            "size": [
                0.6,
                1.0,
                0.8
            ]
        },
        "collider2": {
            "type": "Box",
            "collider2origin": [
                [
                    -0.5336150937669681,
                    -0.793691705326264,
                    0.2920760322250985,
                    0.2491348090044198
                ],
                [
                    -0.6962273783378701,
                    0.6083202091404998,
                    0.3810694960293134,
                    1.0205549077304747
                ],
                [
                    -0.48012745115942496,
                    -6.895335994192964e-06,
                    -0.8771987406486674,
                    -0.3657864639638173
                ],
                [
                    0.0,
                    0.0,
                    0.0,
                    1.0
                ]
            ],
            "size": [
                0.15068,
                0.17726,
                0.74884
            ]
        },
        "distance": 0.0
    },
    {
        "case": 8,
        "collider1": {
            "type": "Box",
            "collider2origin": [
                [
                    0.9077781725128689,
                    0.4194505805326724,
                    0.0,
                    0.27063700059322826
                ],
                [
                    -0.4194505805326724,
                    0.9077781725128689,
                    0.0,
                    0.8002854543438492
                ],
                [
                    0.0,
                    0.0,
                    1.0,
                    -0.25
                ],
                [
                    0.0,
                    0.0,
                    0.0,
                    1.0
                ]
            ],
            "size": [
                0.2,
                0.2,
                0.02
            ]
        },
        "collider2": {
            "type": "Box",
            "collider2origin": [
                [
                    -0.5336150937669681,
                    -0.793691705326264,
                    0.2920760322250985,
                    0.2491348090044198
                ],
                [
                    -0.6962273783378701,
                    0.6083202091404998,
                    0.3810694960293134,
                    1.0205549077304747
                ],
                [
                    -0.48012745115942496,
                    -6.895335994192964e-06,
                    -0.8771987406486674,
                    -0.3657864639638173
                ],
                [
                    0.0,
                    0.0,
                    0.0,
                    1.0
                ]
            ],
            "size": [
                0.15068,
                0.17726,
                0.74884
            ]
        },
        "distance": 0.0
    },
    {
        "case": 9,
        "collider1": {
            "type": "Box",
            "collider2origin": [
                [
                    0.8404842512412337,
                    -0.5418359746412772,
                    0.0,
                    0.011439976095501792
                ],
                [
                    0.5418359746412771,
                    0.8404842512412338,
                    0.0,
                    1.4325762997644957
                ],
                [
                    0.0,
                    0.0,
                    1.0,
                    -0.21500000000000008
                ],
                [
                    0.0,
                    0.0,
                    0.0,
                    1.0
                ]
            ],
            "size": [
                0.2,
                0.3,
                0.22
            ]
        },
        "collider2": {
            "type": "Box",
            "collider2origin": [
                [
                    -0.5336150937669681,
                    -0.793691705326264,
                    0.2920760322250985,
                    0.2491348090044198
                ],
                [
                    -0.6962273783378701,
                    0.6083202091404998,
                    0.3810694960293134,
                    1.0205549077304747
                ],
                [
                    -0.48012745115942496,
                    -6.895335994192964e-06,
                    -0.8771987406486674,
                    -0.3657864639638173
                ],
                [
                    0.0,
                    0.0,
                    0.0,
                    1.0
                ]
            ],
            "size": [
                0.15068,
                0.17726,
                0.74884
            ]
        },
        "distance": 0.21654461446051435
    },
    {
        "case": 10,
        "collider1": {
            "type": "Box",
            "collider2origin": [
                [
                    0.9081427509232697,
                    -0.4186606548811531,
                    0.0,
                    -0.09474126814702305
                ],
                [
                    0.41866065488115317,
                    0.9081427509232698,
                    0.0,
                    1.368923948110301
                ],
                [
                    0.0,
                    0.0,
                    1.0,
                    -0.21500000000000008
                ],
                [
                    0.0,
                    0.0,
                    0.0,
                    1.0
                ]
            ],
            "size": [
                0.2,
                0.3,
                0.22
            ]
        },
        "collider2": {
            "type": "Box",
            "collider2origin": [
                [
                    -0.5336150937669681,
                    -0.793691705326264,
                    0.2920760322250985,
                    0.2491348090044198
                ],
                [
                    -0.6962273783378701,
                    0.6083202091404998,
                    0.3810694960293134,
                    1.0205549077304747
                ],
                [
                    -0.48012745115942496,
                    -6.895335994192964e-06,
                    -0.8771987406486674,
                    -0.3657864639638173
                ],
                [
                    0.0,
                    0.0,
                    0.0,
                    1.0
                ]
            ],
            "size": [
                0.15068,
                0.17726,
                0.74884
            ]
        },
        "distance": 0.2177821022215598
    }
]