[
    {
        "case": 0,
        "collider1": {
            "type": "Box",
            "collider2origin": [
                [
                    0.907778172512869,
                    0.4194505805326725,
                    0.0,
                    -1.612083837096907
                ],
                [
                    -0.4194505805326725,
                    0.907778172512869,
                    0.0,
                    -0.24654756573714753
                ],
                [
                    0.0,
                    0.0,
                    1.0,
                    -0.040000000000000036
                ],
                [
                    0.0,
                    0.0,
                    0.0,
                    1.0
                ]
            ],
            "size": [
                2.0,
                2.0,
                2.0
            ]
        },
        "collider2": {
            "type": "Box",
            "collider2origin": [
                [
                    -0.6054362158789155,
                    -0.655420467426049,
                    -0.4515207629569638,
                    -0.23434586018149423
                ],
                [
                    0.5253998846472204,
                    -0.7552641993888551,
                    0.3918302570427649,
                    1.1998834050241913
                ],
                [
                    -0.5978310377647742,
                    -7.286825793262697e-07,
                    0.8016221368478803,
                    0.47770140479959133
                ],
                [
                    0.0,
                    0.0,
                    0.0,
                    1.0
                ]
            ],
            "size": [
                0.1202,
                0.13634,
                0.67816
            ]
        },
        "distance": 0.7556596827946809
    },
    {
        "case": 1,
        "collider1": {
            "type": "Box",
            "collider2origin": [
                [
                    0.907778172512869,
                    0.4194505805326725,
                    0.0,
                    -0.7418785952877999
                ],
                [
                    -0.4194505805326725,
                    0.907778172512869,
                    0.0,
                    1.2791466490804724
                ],
                [
                    0.0,
                    0.0,
                    1.0,
                    0.27
                ],
                [
                    0.0,
                    0.0,
                    0.0,
                    1.0
                ]
            ],
            "size": [
                0.52,
                1.16,
                0.6
            ]
        },
        "collider2": {
            "type": "Box",
            "collider2origin": [
                [
                    -0.6054362158789155,
                    -0.655420467426049,
                    -0.4515207629569638,
                    -0.23434586018149423
                ],
                [
                    0.5253998846472204,
                    -0.7552641993888551,
                    0.3918302570427649,
                    1.1998834050241913
                ],
                [
                    -0.5978310377647742,
                    -7.286825793262697e-07,
                    0.8016221368478803,
                    0.47770140479959133
                ],
                [
                    0.0,
                    0.0,
                    0.0,
                    1.0
                ]
            ],
            "size": [
                0.1202,
                0.13634,
                0.67816
            ]
        },
        "distance": 0.06249876573591226
    },
    {
        "case": 2,
        "collider1": {
            "type": "Box",
            "collider2origin": [
                [
                    0.907778172512869,
                    0.4194505805326725,
                    0.0,
                    -0.7418785952877999
                ],
                [
                    -0.4194505805326725,
                    0.907778172512869,
                    0.0,
                    1.2791466490804724
                ],
                [
                    0.0,
                    0.0,
                    1.0,
                    0.27
                ],
                [
                    0.0,
                    0.0,
                    0.0,
                    1.0
                ]
            ],
            "size": [
                0.52,
                1.16,
                0.6
            ]
        },
        "collider2": {
            "type": "Box",
            "collider2origin": [
                [
                    0.2059396395865012,
                    0.9605581904745086,
                    0.18686044942501795,
                    -0.4190492085665993
                ],
                [
                    0.9708350062880126,
                    -0.17659982734640978,
                    -0.1621477460434558,
                    1.2084006082089245
                ],
                [
                    -0.12275282242269137,
                    0.2148033139724709,
                    -0.9689124216840792,
                    0.6036577892573041
                ],
                [
                    0.0,
                    0.0,
                    0.0,
                    1.0
                ]
            ],
            "size": [
                0.09126,
                0.11887,
                0.10009
            ]
        },
        "distance": 0.00019683844736355033
    },
    {
        "case": 3,
        "collider1": {
            "type": "Box",
            "collider2origin": [
                [
                    0.907778172512869,
                    0.4194505805326725,
                    0.0,
                    -0.7418785952877999
                ],
                [
                    -0.4194505805326725,
                    0.907778172512869,
                    0.0,
                    1.2791466490804724
                ],
                [
                    0.0,
                    0.0,
                    1.0,
                    0.27
                ],
                [
                    0.0,
                    0.0,
                    0.0,
                    1.0
                ]
            ],
            "size": [
                0.52,
                1.16,
                0.6
            ]
        },
        "collider2": {
            "type": "Box",
            "collider2origin": [
                [
                    -0.24424362552060971,
                    0.9605570157510959,
                    -0.13294837676292465,
                    -0.3467500411057592
                ],
                [
                    -0.9050830433357618,
                    -0.17659781083641965,
                    0.3868305803240736,
                    1.1949252634131686
                ],
                [
                    0.3480944355467687,
                    0.21481022484773063,
                    0.9125167566912092,
                    0.6169382898578215
                ],
                [
                    0.0,
                    0.0,
                    0.0,
                    1.0
                ]
            ],
            "size": [
                0.08993,
                0.0305,
                0.09007
            ]
        },
        "distance": 0.1157369296796774
    },
    {
        "case": 4,
        "collider1": {
            "type": "Box",
            "collider2origin": [
                [
                    0.907778172512869,
                    0.4194505805326725,
                    0.0,
                    -1.612083837096907
                ],
                [
                    -0.4194505805326725,
                    0.907778172512869,
                    0.0,
                    -0.24654756573714753
                ],
                [
                    0.0,
                    0.0,
                    1.0,
                    -0.040000000000000036
                ],
                [
                    0.0,
                    0.0,
                    0.0,
                    1.0
                ]
            ],
            "size": [
                2.0,
                2.0,
                2.0
            ]
        },
        "collider2": {
            "type": "Box",
            "collider2origin": [
                [
                    -0.438836190106662,
                    -0.6554210667867783,
                    -0.6146918117762356,
                    0.0012567760041427567
                ],
                [
                    0.38082559013965256,
                    -0.755263679260239,
                    0.5334310121140992,
                    0.8281507411923912
                ],
                [
                    -0.8138763223902358,
                    -1.5389328052383958e-06,
                    0.5810381500815385,
                    0.07167386382964658
                ],
                [
                    0.0,
                    0.0,
                    0.0,
                    1.0
                ]
            ],
            "size": [
                0.15068,
                0.17726,
                0.74884
            ]
        },
        "distance": 0.5417582864920223
    },
    {
        "case": 5,
        "collider1": {
            "type": "Box",
            "collider2origin": [
                [
                    0.907778172512869,
                    0.4194505805326725,
                    0.0,
                    -0.7418785952877999
                ],
                [
                    -0.4194505805326725,
                    0.907778172512869,
                    0.0,
                    1.2791466490804724
                ],
                [
                    0.0,
                    0.0,
                    1.0,
                    0.27
                ],
                [
                    0.0,
                    0.0,
                    0.0,
                    1.0
                ]
            ],
            "size": [
                0.52,
                1.16,
                0.6
            ]
        },
        "collider2": {
            "type": "Box",
            "collider2origin": [
                [
                    -0.438836190106662,
                    -0.6554210667867783,
                    -0.6146918117762356,
                    0.0012567760041427567
                ],
                [
                    0.38082559013965256,
                    -0.755263679260239,
                    0.5334310121140992,
                    0.8281507411923912
                ],
                [
                    -0.8138763223902358,
                    -1.5389328052383958e-06,
                    0.5810381500815385,
                    0.07167386382964658
                ],
                [
                    0.0,
                    0.0,
                    0.0,
                    1.0
                ]
            ],
            "size": [
                0.15068,
                0.17726,
                0.74884
            ]
        },
        "distance": 0.24436636404605486
    },
    {
        "case": 6,
        "collider1": {
            "type": "Box",
            "collider2origin": [
                [
                    0.907778172512869,
                    0.4194505805326725,
                    0.0,
                    -1.612083837096907
                ],
                [
                    -0.4194505805326725,
                    0.907778172512869,
                    0.0,
                    -0.24654756573714753
                ],
                [
                    0.0,
                    0.0,
                    1.0,
                    -0.040000000000000036
                ],
                [
                    0.0,
                    0.0,
                    0.0,
                    1.0
                ]
            ],
            "size": [
                2.0,
                2.0,
                2.0
            ]
        },
        "collider2": {
            "type": "Box",
            "collider2origin": [
                [
                    -0.438836190106662,
                    -0.6554210667867783,
                    -0.6146918117762356,
                    0.0012567760041427567
                ],
                [
                    0.38082559013965256,
                    -0.755263679260239,
                    0.5334310121140992,
                    0.8281507411923912
                ],
                [
                    -0.8138763223902358,
                    -1.5389328052383958e-06,
                    0.5810381500815385,
                    0.07167386382964658
                ],
                [
                    0.0,
                    0.0,
                    0.0,
                    1.0
                ]
            ],
            "size": [
                0.15068,
                0.17726,
                0.74884
            ]
        },
        "distance": 0.5417582864920223
    },
    {
        "case": 7,
        "collider1": {
            "type": "Box",
            "collider2origin": [
                [
                    0.907778172512869,
                    0.4194505805326725,
                    0.0,
                    -0.7418785952877999
                ],
                [
                    -0.4194505805326725,
                    0.907778172512869,
                    0.0,
                    1.2791466490804724
                ],
                [
                    0.0,
                    0.0,
                    1.0,
                    0.27
                ],
                [
                    0.0,
                    0.0,
                    0.0,
                    1.0
                ]
            ],
            "size": [
                0.52,
                1.16,
                0.6
            ]
        },
        "collider2": {
            "type": "Box",
            "collider2origin": [
                [
                    -0.438836190106662,
                    -0.6554210667867783,
                    -0.6146918117762356,
                    0.0012567760041427567
                ],
                [
                    0.38082559013965256,
                    -0.755263679260239,
                    0.5334310121140992,
                    0.8281507411923912
                ],
                [
                    -0.8138763223902358,
                    -1.5389328052383958e-06,
                    0.5810381500815385,
                    0.07167386382964658
                ],
                [
                    0.0,
                    0.0,
                    0.0,
                    1.0
                ]
            ],
            "size": [
                0.15068,
                0.17726,
                0.74884
            ]
        },
        "distance": 0.24436636404605486
    }
]