[
    {
        "case": 0,
        "collider1": {
            "type": "Box",
            "collider2origin": [
                [
                    0.9077781725128689,
                    0.4194505805326724,
                    0.0,
                    0.4158817547107895
                ],
                [
                    -0.4194505805326724,
                    0.9077781725128689,
                    0.0,
                    0.733173894971941
                ],
                [
                    0.0,
                    0.0,
                    1.0,
                    -0.6599999999999999
                ],
                [
                    0.0,
                    0.0,
                    0.0,
                    1.0
                ]
            ],
            "size": [
                0.6,
                1.0,
                0.8
            ]
        },
        "collider2": {
            "type": "Box",
            "collider2origin": [
                [
                    -0.8308952153915493,
                    -0.4650327536277718,
                    -0.30554488883436265,
                    0.12726074026060316
                ],
                [
                    -0.43645530324475923,
                    0.8852934756354344,
                    -0.1605061689370774,
                    0.906416330669179
                ],
                [
                    0.3451375223138688,
                    -7.120699557328309e-06,
                    -0.9385521246261921,
                    -0.3842722557561258
                ],
                [
                    0.0,
                    0.0,
                    0.0,
                    1.0
                ]
            ],
            "size": [
                0.15068,
                0.17726,
                0.74884
            ]
        },
        "distance": 0.0
    },
    {
        "case": 1,
        "collider1": {
            "type": "Box",
            "collider2origin": [
                [
                    0.9077781725128689,
                    0.4194505805326724,
                    0.0,
                    0.27063700059322826
                ],
                [
                    -0.4194505805326724,
                    0.9077781725128689,
                    0.0,
                    0.8002854543438492
                ],
                [
                    0.0,
                    0.0,
                    1.0,
                    -0.25
                ],
                [
                    0.0,
                    0.0,
                    0.0,
                    1.0
                ]
            ],
            "size": [
                0.2,
                0.2,
                0.02
            ]
        },
        "collider2": {
            "type": "Box",
            "collider2origin": [
                [
                    -0.8308952153915493,
                    -0.4650327536277718,
                    -0.30554488883436265,
                    0.12726074026060316
                ],
                [
                    -0.43645530324475923,
                    0.8852934756354344,
                    -0.1605061689370774,
                    0.906416330669179
                ],
                [
                    0.3451375223138688,
                    -7.120699557328309e-06,
                    -0.9385521246261921,
                    -0.3842722557561258
                ],
                [
                    0.0,
                    0.0,
                    0.0,
                    1.0
                ]
            ],
            "size": [
                0.15068,
                0.17726,
                0.74884
            ]
        },
        "distance": 0.0
    },
    {
        "case": 2,
        "collider1": {
            "type": "Box",
            "collider2origin": [
                [
                    0.9077781725128689,
                    0.4194505805326724,
                    0.0,
                    0.4158817547107895
                ],
                [
                    -0.4194505805326724,
                    0.9077781725128689,
                    0.0,
                    0.733173894971941
                ],
                [
                    0.0,
                    0.0,
                    1.0,
                    -0.6599999999999999
                ],
                [
                    0.0,
                    0.0,
                    0.0,
                    1.0
                ]
            ],
            "size": [
                0.6,
                1.0,
                0.8
            ]
        },
        "collider2": {
            "type": "Box",
            "collider2origin": [
                [
                    -0.8308952153915493,
                    -0.4650327536277718,
                    -0.30554488883436265,
                    0.12726074026060316
                ],
                [
                    -0.43645530324475923,
                    0.8852934756354344,
                    -0.1605061689370774,
                    0.906416330669179
                ],
                [
                    0.3451375223138688,
                    -7.120699557328309e-06,
                    -0.9385521246261921,
                    -0.3842722557561258
                ],
                [
                    0.0,
                    0.0,
                    0.0,
                    1.0
                ]
            ],
            "size": [
                0.15068,
                0.17726,
                0.74884
            ]
        },
        "distance": 0.0
    },
    {
        "case": 3,
        "collider1": {
            "type": "Box",
            "collider2origin": [
                [
                    0.9077781725128689,
                    0.4194505805326724,
                    0.0,
                    0.27063700059322826
                ],
                [
                    -0.4194505805326724,
                    0.9077781725128689,
                    0.0,
                    0.8002854543438492
                ],
                [
                    0.0,
                    0.0,
                    1.0,
                    -0.25
                ],
                [
                    0.0,
                    0.0,
                    0.0,
                    1.0
                ]
            ],
            "size": [
                0.2,
                0.2,
                0.02
            ]
        },
        "collider2": {
            "type": "Box",
            "collider2origin": [
                [
                    -0.8308952153915493,
                    -0.4650327536277718,
                    -0.30554488883436265,
                    0.12726074026060316
                ],
                [
                    -0.43645530324475923,
                    0.8852934756354344,
                    -0.1605061689370774,
                    0.906416330669179
                ],
                [
                    0.3451375223138688,
                    -7.120699557328309e-06,
                    -0.9385521246261921,
                    -0.3842722557561258
                ],
                [
                    0.0,
                    0.0,
                    0.0,
                    1.0
                ]
            ],
            "size": [
                0.15068,
                0.17726,
                0.74884
            ]
        },
        "distance": 0.0
    },
    {
        "case": 4,
        "collider1": {
            "type": "Box",
            "collider2origin": [
                [
                    0.9077781725128689,
                    0.4194505805326724,
                    0.0,
                    0.4158817547107895
                ],
                [
                    -0.4194505805326724,
                    0.9077781725128689,
                    0.0,
                    0.733173894971941
                ],
                [
                    0.0,
                    0.0,
                    1.0,
                    -0.6599999999999999
                ],
                [
                    0.0,
                    0.0,
                    0.0,
                    1.0
                ]
            ],
            "size": [
                0.6,
                1.0,
                0.8
            ]
        },
        "collider2": {
            "type": "Box",
            "collider2origin": [
                [
                    0.5227009845379079,
                    -0.4650342558463698,
                    -0.7145115965836487,
                    -0.10978934626393244
                ],
                [
                    0.27457029893510737,
                    0.8852926865659454,
                    -0.37532387354861435,
                    0.6391873212007982
                ],
                [
                    0.8070903491591183,
                    -1.5044421313468325e-06,
                    0.5904279535150322,
                    -0.5115988725020814
                ],
                [
                    0.0,
                    0.0,
                    0.0,
                    1.0
                ]
            ],
            "size": [
                0.1202,
                0.13634,
                0.67816
            ]
        },
        "distance": 0.0
    },
    {
        "case": 5,
        "collider1": {
            "type": "Box",
            "collider2origin": [
                [
                    0.907778172512869,
                    0.4194505805326725,
                    0.0,
                    -1.612083837096907
                ],
                [
                    -0.4194505805326725,
                    0.907778172512869,
                    0.0,
                    -0.24654756573714753
                ],
                [
                    0.0,
                    0.0,
                    1.0,
                    -0.040000000000000036
                ],
                [
                    0.0,
                    0.0,
                    0.0,
                    1.0
                ]
            ],
            "size": [
                2.0,
                2.0,
                2.0
            ]
        },
        "collider2": {
            "type": "Box",
            "collider2origin": [
                [
                    0.5227009845379079,
                    -0.4650342558463698,
                    -0.7145115965836487,
                    -0.10978934626393244
                ],
                [
                    0.27457029893510737,
                    0.8852926865659454,
                    -0.37532387354861435,
                    0.6391873212007982
                ],
                [
                    0.8070903491591183,
                    -1.5044421313468325e-06,
                    0.5904279535150322,
                    -0.5115988725020814
                ],
                [
                    0.0,
                    0.0,
                    0.0,
                    1.0
                ]
            ],
            "size": [
                0.1202,
                0.13634,
                0.67816
            ]
        },
        "distance": 0.14739357865803634
    },
    {
        "case": 6,
        "collider1": {
            "type": "Box",
            "collider2origin": [
                [
                    0.907778172512869,
                    0.4194505805326725,
                    0.0,
                    -1.612083837096907
                ],
                [
                    -0.4194505805326725,
                    0.907778172512869,
                    0.0,
                    -0.24654756573714753
                ],
                [
                    0.0,
                    0.0,
                    1.0,
                    -0.040000000000000036
                ],
                [
                    0.0,
                    0.0,
                    0.0,
                    1.0
                ]
            ],
            "size": [
                2.0,
                2.0,
                2.0
            ]
        },
        "collider2": {
            "type": "Box",
            "collider2origin": [
                [
                    0.054956178555264586,
                    0.6772252927478289,
                    0.7337204653689431,
                    -0.3040459347798012
                ],
                [
                    -0.9856005335005648,
                    -0.08089220573718063,
                    0.14848582226722845,
                    0.5753155330275794
                ],
                [
                    0.15991062129203054,
                    -0.7313154954693564,
                    0.6630280833301145,
                    -0.5198553531603536
                ],
                [
                    0.0,
                    0.0,
                    0.0,
                    1.0
                ]
            ],
            "size": [
                0.06241,
                0.05638,
                0.02858
            ]
        },
        "distance": 0.25526490403885255
    },
    {
        "case": 7,
        "collider1": {
            "type": "Box",
            "collider2origin": [
                [
                    0.907778172512869,
                    0.4194505805326725,
                    0.0,
                    -1.612083837096907
                ],
                [
                    -0.4194505805326725,
                    0.907778172512869,
                    0.0,
                    -0.24654756573714753
                ],
                [
                    0.0,
                    0.0,
                    1.0,
                    -0.040000000000000036
                ],
                [
                    0.0,
                    0.0,
                    0.0,
                    1.0
                ]
            ],
            "size": [
                2.0,
                2.0,
                2.0
            ]
        },
        "collider2": {
            "type": "Box",
            "collider2origin": [
                [
                    -0.6976439918527889,
                    -0.46503363323453334,
                    -0.5450106242931374,
                    -0.37156976359061483
                ],
                [
                    -0.36645932127125314,
                    0.8852930135935518,
                    -0.2862932865714098,
                    0.627919258351055
                ],
                [
                    0.615630105245933,
                    -6.567820247792982e-06,
                    -0.7880352615662227,
                    -0.3413542348899413
                ],
                [
                    0.0,
                    0.0,
                    0.0,
                    1.0
                ]
            ],
            "size": [
                0.09102,
                0.10007,
                0.11882
            ]
        },
        "distance": 0.22622686299719208
    },
    {
        "case": 8,
        "collider1": {
            "type": "Box",
            "collider2origin": [
                [
                    0.907778172512869,
                    0.4194505805326725,
                    0.0,
                    -1.612083837096907
                ],
                [
                    -0.4194505805326725,
                    0.907778172512869,
                    0.0,
                    -0.24654756573714753
                ],
                [
                    0.0,
                    0.0,
                    1.0,
                    -0.040000000000000036
                ],
                [
                    0.0,
                    0.0,
                    0.0,
                    1.0
                ]
            ],
            "size": [
                2.0,
                2.0,
                2.0
            ]
        },
        "collider2": {
            "type": "Box",
            "collider2origin": [
                [
                    -0.04084638245463236,
                    0.8374335749466786,
                    -0.5450106242931374,
                    -0.43135040905523886
                ],
                [
                    0.9478452885174831,
                    -0.14009091012392375,
                    -0.2862932865714098,
                    0.599808429696699
                ],
                [
                    -0.3161026448411633,
                    -0.528279797505712,
                    -0.7880352615662227,
                    -0.42855966883749685
                ],
                [
                    0.0,
                    0.0,
                    0.0,
                    1.0
                ]
            ],
            "size": [
                0.09126,
                0.11887,
                0.10009
            ]
        },
        "distance": 0.18731743755711866
    },
    {
        "case": 9,
        "collider1": {
            "type": "Box",
            "collider2origin": [
                [
                    0.907778172512869,
                    0.4194505805326725,
                    0.0,
                    -1.612083837096907
                ],
                [
                    -0.4194505805326725,
                    0.907778172512869,
                    0.0,
                    -0.24654756573714753
                ],
                [
                    0.0,
                    0.0,
                    1.0,
                    -0.040000000000000036
                ],
                [
                    0.0,
                    0.0,
                    0.0,
                    1.0
                ]
            ],
            "size": [
                2.0,
                2.0,
                2.0
            ]
        },
        "collider2": {
            "type": "Box",
            "collider2origin": [
                [
                    -0.10000977876293594,
                    0.6772218284131226,
                    0.7289503681819326,
                    -0.2711945336380522
                ],
                [
                    -0.9948337424977269,
                    -0.08089495249722461,
                    -0.06133377086432728,
                    0.5695644346219405
                ],
                [
                    0.017431836958700694,
                    -0.731318399728366,
                    0.6818134123636662,
                    -0.5588182330610046
                ],
                [
                    0.0,
                    0.0,
                    0.0,
                    1.0
                ]
            ],
            "size": [
                0.07264,
                0.04753,
                0.03326
            ]
        },
        "distance": 0.25979730731981454
    },
    {
        "case": 10,
        "collider1": {
            "type": "Box",
            "collider2origin": [
                [
                    0.907778172512869,
                    0.4194505805326725,
                    0.0,
                    -1.612083837096907
                ],
                [
                    -0.4194505805326725,
                    0.907778172512869,
                    0.0,
                    -0.24654756573714753
                ],
                [
                    0.0,
                    0.0,
                    1.0,
                    -0.040000000000000036
                ],
                [
                    0.0,
                    0.0,
                    0.0,
                    1.0
                ]
            ],
            "size": [
                2.0,
                2.0,
                2.0
            ]
        },
        "collider2": {
            "type": "Box",
            "collider2origin": [
                [
                    -0.5317922690468362,
                    0.8374351137174966,
                    -0.12609287408486208,
                    -0.3709791442621803
                ],
                [
                    0.014136055100720267,
                    -0.1400934951202651,
                    -0.9900373652399069,
                    0.5872721329892725
                ],
                [
                    -0.8467568449845603,
                    -0.5282766727179534,
                    0.06266260873791914,
                    -0.47089870178627535
                ],
                [
                    0.0,
                    0.0,
                    0.0,
                    1.0
                ]
            ],
            "size": [
                0.08993,
                0.0305,
                0.09007
            ]
        },
        "distance": 0.2217787531611891
    }
]