[
    {
        "case": 0,
        "collider1": {
            "type": "Box",
            "collider2origin": [
                [
                    0.9077781725128689,
                    0.4194505805326724,
                    0.0,
                    0.4158817547107895
                ],
                [
                    -0.4194505805326724,
                    0.9077781725128689,
                    0.0,
                    0.733173894971941
                ],
                [
                    0.0,
                    0.0,
                    1.0,
                    -0.6599999999999999
                ],
                [
                    0.0,
                    0.0,
                    0.0,
                    1.0
                ]
            ],
            "size": [
                0.6,
                1.0,
                0.8
            ]
        },
        "collider2": {
            "type": "Box",
            "collider2origin": [
                [
                    0.7708812768569773,
                    0.12599620127272507,
                    0.6243933169535043,
                    -0.11026148800188706
                ],
                [
                    -0.09790889088872172,
                    0.9920307239517192,
                    -0.07930253350787687,
                    0.9006931618271177
                ],
                [
                    -0.6294091722212956,
                    -8.188527023770174e-07,
                    0.7770740594840577,
                    -0.023346002243731512
                ],
                [
                    0.0,
                    0.0,
                    0.0,
                    1.0
                ]
            ],
            "size": [
                0.1202,
                0.13634,
                0.67816
            ]
        },
        "distance": 0.2661988471822706
    },
    {
        "case": 1,
        "collider1": {
            "type": "Box",
            "collider2origin": [
                [
                    0.9077781725128689,
                    0.4194505805326724,
                    0.0,
                    0.27063700059322826
                ],
                [
                    -0.4194505805326724,
                    0.9077781725128689,
                    0.0,
                    0.8002854543438492
                ],
                [
                    0.0,
                    0.0,
                    1.0,
                    -0.25
                ],
                [
                    0.0,
                    0.0,
                    0.0,
                    1.0
                ]
            ],
            "size": [
                0.2,
                0.2,
                0.02
            ]
        },
        "collider2": {
            "type": "Box",
            "collider2origin": [
                [
                    0.7708812768569773,
                    0.12599620127272507,
                    0.6243933169535043,
                    -0.11026148800188706
                ],
                [
                    -0.09790889088872172,
                    0.9920307239517192,
                    -0.07930253350787687,
                    0.9006931618271177
                ],
                [
                    -0.6294091722212956,
                    -8.188527023770174e-07,
                    0.7770740594840577,
                    -0.023346002243731512
                ],
                [
                    0.0,
                    0.0,
                    0.0,
                    1.0
                ]
            ],
            "size": [
                0.1202,
                0.13634,
                0.67816
            ]
        },
        "distance": 0.28634638515942534
    },
    {
        "case": 2,
        "collider1": {
            "type": "Box",
            "collider2origin": [
                [
                    0.907778172512869,
                    0.4194505805326725,
                    0.0,
                    -1.612083837096907
                ],
                [
                    -0.4194505805326725,
                    0.907778172512869,
                    0.0,
                    -0.24654756573714753
                ],
                [
                    0.0,
                    0.0,
                    1.0,
                    -0.040000000000000036
                ],
                [
                    0.0,
                    0.0,
                    0.0,
                    1.0
                ]
            ],
            "size": [
                2.0,
                2.0,
                2.0
            ]
        },
        "collider2": {
            "type": "Box",
            "collider2origin": [
                [
                    0.7708812768569773,
                    0.12599620127272507,
                    0.6243933169535043,
                    -0.11026148800188706
                ],
                [
                    -0.09790889088872172,
                    0.9920307239517192,
                    -0.07930253350787687,
                    0.9006931618271177
                ],
                [
                    -0.6294091722212956,
                    -8.188527023770174e-07,
                    0.7770740594840577,
                    -0.023346002243731512
                ],
                [
                    0.0,
                    0.0,
                    0.0,
                    1.0
                ]
            ],
            "size": [
                0.1202,
                0.13634,
                0.67816
            ]
        },
        "distance": 0.527900365553664
    },
    {
        "case": 3,
        "collider1": {
            "type": "Box",
            "collider2origin": [
                [
                    0.907778172512869,
                    0.4194505805326725,
                    0.0,
                    -0.7418785952877999
                ],
                [
                    -0.4194505805326725,
                    0.907778172512869,
                    0.0,
                    1.2791466490804724
                ],
                [
                    0.0,
                    0.0,
                    1.0,
                    0.27
                ],
                [
                    0.0,
                    0.0,
                    0.0,
                    1.0
                ]
            ],
            "size": [
                0.52,
                1.16,
                0.6
            ]
        },
        "collider2": {
            "type": "Box",
            "collider2origin": [
                [
                    0.7708812768569773,
                    0.12599620127272507,
                    0.6243933169535043,
                    -0.11026148800188706
                ],
                [
                    -0.09790889088872172,
                    0.9920307239517192,
                    -0.07930253350787687,
                    0.9006931618271177
                ],
                [
                    -0.6294091722212956,
                    -8.188527023770174e-07,
                    0.7770740594840577,
                    -0.023346002243731512
                ],
                [
                    0.0,
                    0.0,
                    0.0,
                    1.0
                ]
            ],
            "size": [
                0.1202,
                0.13634,
                0.67816
            ]
        },
        "distance": 0.2949575497307212
    },
    {
        "case": 4,
        "collider1": {
            "type": "Box",
            "collider2origin": [
                [
                    0.9077781725128689,
                    0.4194505805326724,
                    0.0,
                    0.4158817547107895
                ],
                [
                    -0.4194505805326724,
                    0.9077781725128689,
                    0.0,
                    0.733173894971941
                ],
                [
                    0.0,
                    0.0,
                    1.0,
                    -0.6599999999999999
                ],
                [
                    0.0,
                    0.0,
                    0.0,
                    1.0
                ]
            ],
            "size": [
                0.6,
                1.0,
                0.8
            ]
        },
        "collider2": {
            "type": "Box",
            "collider2origin": [
                [
                    -0.22462523078523608,
                    0.12599035845489454,
                    -0.9662659754286531,
                    0.03216252549994986
                ],
                [
                    0.02853236236861612,
                    0.9920314660110902,
                    0.12271705155174316,
                    1.0099587986718392
                ],
                [
                    0.9740274174746547,
                    -4.504929300636967e-06,
                    -0.2264300995613441,
                    -0.1707192076821915
                ],
                [
                    0.0,
                    0.0,
                    0.0,
                    1.0
                ]
            ],
            "size": [
                0.15068,
                0.17726,
                0.74884
            ]
        },
        "distance": 0.044209458896923126
    },
    {
        "case": 5,
        "collider1": {
            "type": "Box",
            "collider2origin": [
                [
                    0.9077781725128689,
                    0.4194505805326724,
                    0.0,
                    0.27063700059322826
                ],
                [
                    -0.4194505805326724,
                    0.9077781725128689,
                    0.0,
                    0.8002854543438492
                ],
                [
                    0.0,
                    0.0,
                    1.0,
                    -0.25
                ],
                [
                    0.0,
                    0.0,
                    0.0,
                    1.0
                ]
            ],
            "size": [
                0.2,
                0.2,
                0.02
            ]
        },
        "collider2": {
            "type": "Box",
            "collider2origin": [
                [
                    -0.22462523078523608,
                    0.12599035845489454,
                    -0.9662659754286531,
                    0.03216252549994986
                ],
                [
                    0.02853236236861612,
                    0.9920314660110902,
                    0.12271705155174316,
                    1.0099587986718392
                ],
                [
                    0.9740274174746547,
                    -4.504929300636967e-06,
                    -0.2264300995613441,
                    -0.1707192076821915
                ],
                [
                    0.0,
                    0.0,
                    0.0,
                    1.0
                ]
            ],
            "size": [
                0.15068,
                0.17726,
                0.74884
            ]
        },
        "distance": 0.034254429750200314
    },
    {
        "case": 6,
        "collider1": {
            "type": "Box",
            "collider2origin": [
                [
                    0.907778172512869,
                    0.4194505805326725,
                    0.0,
                    -1.612083837096907
                ],
                [
                    -0.4194505805326725,
                    0.907778172512869,
                    0.0,
                    -0.24654756573714753
                ],
                [
                    0.0,
                    0.0,
                    1.0,
                    -0.040000000000000036
                ],
                [
                    0.0,
                    0.0,
                    0.0,
                    1.0
                ]
            ],
            "size": [
                2.0,
                2.0,
                2.0
            ]
        },
        "collider2": {
            "type": "Box",
            "collider2origin": [
                [
                    -0.22462523078523608,
                    0.12599035845489454,
                    -0.9662659754286531,
                    0.03216252549994986
                ],
                [
                    0.02853236236861612,
                    0.9920314660110902,
                    0.12271705155174316,
                    1.0099587986718392
                ],
                [
                    0.9740274174746547,
                    -4.504929300636967e-06,
                    -0.2264300995613441,
                    -0.1707192076821915
                ],
                [
                    0.0,
                    0.0,
                    0.0,
                    1.0
                ]
            ],
            "size": [
                0.15068,
                0.17726,
                0.74884
            ]
        },
        "distance": 0.6306205904255737
    },
    {
        "case": 7,
        "collider1": {
            "type": "Box",
            "collider2origin": [
                [
                    0.907778172512869,
                    0.4194505805326725,
                    0.0,
                    -0.7418785952877999
                ],
                [
                    -0.4194505805326725,
                    0.907778172512869,
                    0.0,
                    1.2791466490804724
                ],
                [
                    0.0,
                    0.0,
                    1.0,
                    0.27
                ],
                [
                    0.0,
                    0.0,
                    0.0,
                    1.0
                ]
            ],
            "size": [
                0.52,
                1.16,
                0.6
            ]
        },
        "collider2": {
            "type": "Box",
            "collider2origin": [
                [
                    -0.22462523078523608,
                    0.12599035845489454,
                    -0.9662659754286531,
                    0.03216252549994986
                ],
                [
                    0.02853236236861612,
                    0.9920314660110902,
                    0.12271705155174316,
                    1.0099587986718392
                ],
                [
                    0.9740274174746547,
                    -4.504929300636967e-06,
                    -0.2264300995613441,
                    -0.1707192076821915
                ],
                [
                    0.0,
                    0.0,
                    0.0,
                    1.0
                ]
            ],
            "size": [
                0.15068,
                0.17726,
                0.74884
            ]
        },
        "distance": 0.22432029468511977
    },
    {
        "case": 8,
        "collider1": {
            "type": "Box",
            "collider2origin": [
                [
                    0.9077781725128689,
                    0.4194505805326724,
                    0.0,
                    0.4158817547107895
                ],
                [
                    -0.4194505805326724,
                    0.9077781725128689,
                    0.0,
                    0.733173894971941
                ],
                [
                    0.0,
                    0.0,
                    1.0,
                    -0.6599999999999999
                ],
                [
                    0.0,
                    0.0,
                    0.0,
                    1.0
                ]
            ],
            "size": [
                0.6,
                1.0,
                0.8
            ]
        },
        "collider2": {
            "type": "Box",
            "collider2origin": [
                [
                    -0.22462523078523608,
                    0.12599035845489454,
                    -0.9662659754286531,
                    0.03216252549994986
                ],
                [
                    0.02853236236861612,
                    0.9920314660110902,
                    0.12271705155174316,
                    1.0099587986718392
                ],
                [
                    0.9740274174746547,
                    -4.504929300636967e-06,
                    -0.2264300995613441,
                    -0.1707192076821915
                ],
                [
                    0.0,
                    0.0,
                    0.0,
                    1.0
                ]
            ],
            "size": [
                0.15068,
                0.17726,
                0.74884
            ]
        },
        "distance": 0.044209458896923126
    },
    {
        "case": 9,
        "collider1": {
            "type": "Box",
            "collider2origin": [
                [
                    0.9077781725128689,
                    0.4194505805326724,
                    0.0,
                    0.27063700059322826
                ],
                [
                    -0.4194505805326724,
                    0.9077781725128689,
                    0.0,
                    0.8002854543438492
                ],
                [
                    0.0,
                    0.0,
                    1.0,
                    -0.25
                ],
                [
                    0.0,
                    0.0,
                    0.0,
                    1.0
                ]
            ],
            "size": [
                0.2,
                0.2,
                0.02
            ]
        },
        "collider2": {
            "type": "Box",
            "collider2origin": [
                [
                    -0.22462523078523608,
                    0.12599035845489454,
                    -0.9662659754286531,
                    0.03216252549994986
                ],
                [
                    0.02853236236861612,
                    0.9920314660110902,
                    0.12271705155174316,
                    1.0099587986718392
                ],
                [
                    0.9740274174746547,
                    -4.504929300636967e-06,
                    -0.2264300995613441,
                    -0.1707192076821915
                ],
                [
                    0.0,
                    0.0,
                    0.0,
                    1.0
                ]
            ],
            "size": [
                0.15068,
                0.17726,
                0.74884
            ]
        },
        "distance": 0.034254429750200314
    },
    {
        "case": 10,
        "collider1": {
            "type": "Box",
            "collider2origin": [
                [
                    0.907778172512869,
                    0.4194505805326725,
                    0.0,
                    -1.612083837096907
                ],
                [
                    -0.4194505805326725,
                    0.907778172512869,
                    0.0,
                    -0.24654756573714753
                ],
                [
                    0.0,
                    0.0,
                    1.0,
                    -0.040000000000000036
                ],
                [
                    0.0,
                    0.0,
                    0.0,
                    1.0
                ]
            ],
            "size": [
                2.0,
                2.0,
                2.0
            ]
        },
        "collider2": {
            "type": "Box",
            "collider2origin": [
                [
                    -0.22462523078523608,
                    0.12599035845489454,
                    -0.9662659754286531,
                    0.03216252549994986
                ],
                [
                    0.02853236236861612,
                    0.9920314660110902,
                    0.12271705155174316,
                    1.0099587986718392
                ],
                [
                    0.9740274174746547,
                    -4.504929300636967e-06,
                    -0.2264300995613441,
                    -0.1707192076821915
                ],
                [
                    0.0,
                    0.0,
                    0.0,
                    1.0
                ]
            ],
            "size": [
                0.15068,
                0.17726,
                0.74884
            ]
        },
        "distance": 0.6306205904255737
    },
    {
        "case": 11,
        "collider1": {
            "type": "Box",
            "collider2origin": [
                [
                    0.907778172512869,
                    0.4194505805326725,
                    0.0,
                    -0.7418785952877999
                ],
                [
                    -0.4194505805326725,
                    0.907778172512869,
                    0.0,
                    1.2791466490804724
                ],
                [
                    0.0,
                    0.0,
                    1.0,
                    0.27
                ],
                [
                    0.0,
                    0.0,
                    0.0,
                    1.0
                ]
            ],
            "size": [
                0.52,
                1.16,
                0.6
            ]
        },
        "collider2": {
            "type": "Box",
            "collider2origin": [
                [
                    -0.22462523078523608,
                    0.12599035845489454,
                    -0.9662659754286531,
                    0.03216252549994986
                ],
                [
                    0.02853236236861612,
                    0.9920314660110902,
                    0.12271705155174316,
                    1.0099587986718392
                ],
                [
                    0.9740274174746547,
                    -4.504929300636967e-06,
                    -0.2264300995613441,
                    -0.1707192076821915
                ],
                [
                    0.0,
                    0.0,
                    0.0,
                    1.0
                ]
            ],
            "size": [
                0.15068,
                0.17726,
                0.74884
            ]
        },
        "distance": 0.22432029468511977
    }
]