[
    {
        "case": 0,
        "collider1": {
            "type": "Box",
            "collider2origin": [
                [
                    0.718022042059392,
                    -0.6960203640101781,
                    0.0,
                    0.13748258467077087
                ],
                [
                    0.6960203640101781,
                    0.718022042059392,
                    0.0,
                    1.5384737068316263
                ],
                [
                    0.0,
                    0.0,
                    1.0,
                    -0.21500000000000008
                ],
                [
                    0.0,
                    0.0,
                    0.0,
                    1.0
                ]
            ],
            "size": [
                0.2,
                0.3,
                0.22
            ]
        },
        "collider2": {
            "type": "Box",
            "collider2origin": [
                [
                    0.19743105441121295,
                    -0.5000588786274882,
                    0.8431856833817184,
                    0.4656295159347211
                ],
                [
                    0.11400158213221108,
                    0.8659914075195996,
                    0.486890666755459,
                    1.0971921012433947
                ],
                [
                    -0.9736655575840347,
                    -2.8357837633040663e-06,
                    0.2279811000204379,
                    -0.03421685674732977
                ],
                [
                    0.0,
                    0.0,
                    0.0,
                    1.0
                ]
            ],
            "size": [
                0.15068,
                0.17726,
                0.74884
            ]
        },
        "distance": 0.287761817949218
    },
    {
        "case": 1,
        "collider1": {
            "type": "Box",
            "collider2origin": [
                [
                    0.8404842512412337,
                    -0.5418359746412772,
                    0.0,
                    0.011439976095501792
                ],
                [
                    0.5418359746412771,
                    0.8404842512412338,
                    0.0,
                    1.4325762997644957
                ],
                [
                    0.0,
                    0.0,
                    1.0,
                    -0.21500000000000008
                ],
                [
                    0.0,
                    0.0,
                    0.0,
                    1.0
                ]
            ],
            "size": [
                0.2,
                0.3,
                0.22
            ]
        },
        "collider2": {
            "type": "Box",
            "collider2origin": [
                [
                    0.19743105441121295,
                    -0.5000588786274882,
                    0.8431856833817184,
                    0.4656295159347211
                ],
                [
                    0.11400158213221108,
                    0.8659914075195996,
                    0.486890666755459,
                    1.0971921012433947
                ],
                [
                    -0.9736655575840347,
                    -2.8357837633040663e-06,
                    0.2279811000204379,
                    -0.03421685674732977
                ],
                [
                    0.0,
                    0.0,
                    0.0,
                    1.0
                ]
            ],
            "size": [
                0.15068,
                0.17726,
                0.74884
            ]
        },
        "distance": 0.27421787378324436
    },
    {
        "case": 2,
        "collider1": {
            "type": "Box",
            "collider2origin": [
                [
                    0.718022042059392,
                    -0.6960203640101781,
                    0.0,
                    0.13748258467077087
                ],
                [
                    0.6960203640101781,
                    0.718022042059392,
                    0.0,
                    1.5384737068316263
                ],
                [
                    0.0,
                    0.0,
                    1.0,
                    -0.21500000000000008
                ],
                [
                    0.0,
                    0.0,
                    0.0,
                    1.0
                ]
            ],
            "size": [
                0.2,
                0.3,
                0.22
            ]
        },
        "collider2": {
            "type": "Box",
            "collider2origin": [
                [
                    0.19743105441121295,
                    -0.5000588786274882,
                    0.8431856833817184,
                    0.4656295159347211
                ],
                [
                    0.11400158213221108,
                    0.8659914075195996,
                    0.486890666755459,
                    1.0971921012433947
                ],
                [
                    -0.9736655575840347,
                    -2.8357837633040663e-06,
                    0.2279811000204379,
                    -0.03421685674732977
                ],
                [
                    0.0,
                    0.0,
                    0.0,
                    1.0
                ]
            ],
            "size": [
                0.15068,
                0.17726,
                0.74884
            ]
        },
        "distance": 0.287761817949218
    },
    {
        "case": 3,
        "collider1": {
            "type": "Box",
            "collider2origin": [
                [
                    0.8404842512412337,
                    -0.5418359746412772,
                    0.0,
                    0.011439976095501792
                ],
                [
                    0.5418359746412771,
                    0.8404842512412338,
                    0.0,
                    1.4325762997644957
                ],
                [
                    0.0,
                    0.0,
                    1.0,
                    -0.21500000000000008
                ],
                [
                    0.0,
                    0.0,
                    0.0,
                    1.0
                ]
            ],
            "size": [
                0.2,
                0.3,
                0.22
            ]
        },
        "collider2": {
            "type": "Box",
            "collider2origin": [
                [
                    0.19743105441121295,
                    -0.5000588786274882,
                    0.8431856833817184,
                    0.4656295159347211
                ],
                [
                    0.11400158213221108,
                    0.8659914075195996,
                    0.486890666755459,
                    1.0971921012433947
                ],
                [
                    -0.9736655575840347,
                    -2.8357837633040663e-06,
                    0.2279811000204379,
                    -0.03421685674732977
                ],
                [
                    0.0,
                    0.0,
                    0.0,
                    1.0
                ]
            ],
            "size": [
                0.15068,
                0.17726,
                0.74884
            ]
        },
        "distance": 0.27421787378324436
    }
]