[
    {
        "case": 0,
        "collider1": {
            "type": "Box",
            "collider2origin": [
                [
                    0.9077781725128689,
                    0.4194505805326724,
                    0.0,
                    0.4158817547107895
                ],
                [
                    -0.4194505805326724,
                    0.9077781725128689,
                    0.0,
                    0.733173894971941
                ],
                [
                    0.0,
                    0.0,
                    1.0,
                    -0.6599999999999999
                ],
                [
                    0.0,
                    0.0,
                    0.0,
                    1.0
                ]
            ],
            "size": [
                0.6,
                1.0,
                0.8
            ]
        },
        "collider2": {
            "type": "Box",
            "collider2origin": [
                [
                    -0.5220404146397799,
                    -0.5537478895667374,
                    -0.6487195698320741,
                    0.03467890156415071
                ],
                [
                    -0.3471592952088116,
                    0.8326843788403089,
                    -0.4314129680311548,
                    0.8156573580898696
                ],
                [
                    0.7790726726261473,
                    -5.9760608958832576e-06,
                    -0.6269336254592177,
                    -0.639453578724441
                ],
                [
                    0.0,
                    0.0,
                    0.0,
                    1.0
                ]
            ],
            "size": [
                0.09102,
                0.10007,
                0.11882
            ]
        },
        "distance": 0.0
    },
    {
        "case": 1,
        "collider1": {
            "type": "Box",
            "collider2origin": [
                [
                    0.9077781725128689,
                    0.4194505805326724,
                    0.0,
                    0.4158817547107895
                ],
                [
                    -0.4194505805326724,
                    0.9077781725128689,
                    0.0,
                    0.733173894971941
                ],
                [
                    0.0,
                    0.0,
                    1.0,
                    -0.6599999999999999
                ],
                [
                    0.0,
                    0.0,
                    0.0,
                    1.0
                ]
            ],
            "size": [
                0.6,
                1.0,
                0.8
            ]
        },
        "collider2": {
            "type": "Box",
            "collider2origin": [
                [
                    -0.4507438926193254,
                    -0.6312029107143788,
                    -0.631199515820532,
                    -0.09011394121406596
                ],
                [
                    -0.49469639072652155,
                    0.7652218718503531,
                    -0.41195991048158376,
                    0.828509381498733
                ],
                [
                    0.7430379696008348,
                    0.12656370865116723,
                    -0.6571728869817528,
                    -0.7011159981762607
                ],
                [
                    0.0,
                    0.0,
                    0.0,
                    1.0
                ]
            ],
            "size": [
                0.08993,
                0.0305,
                0.09007
            ]
        },
        "distance": 0.15859643978943344
    },
    {
        "case": 2,
        "collider1": {
            "type": "Box",
            "collider2origin": [
                [
                    0.9077781725128689,
                    0.4194505805326724,
                    0.0,
                    0.4158817547107895
                ],
                [
                    -0.4194505805326724,
                    0.9077781725128689,
                    0.0,
                    0.733173894971941
                ],
                [
                    0.0,
                    0.0,
                    1.0,
                    -0.6599999999999999
                ],
                [
                    0.0,
                    0.0,
                    0.0,
                    1.0
                ]
            ],
            "size": [
                0.6,
                1.0,
                0.8
            ]
        },
        "collider2": {
            "type": "Box",
            "collider2origin": [
                [
                    -0.4251420044888146,
                    -0.6312029750691307,
                    -0.6487195698320741,
                    -0.03995178419147666
                ],
                [
                    -0.47782679624980406,
                    0.7652218003952828,
                    -0.4314129680311548,
                    0.7733563420212994
                ],
                [
                    0.7687235060832218,
                    0.126563819726177,
                    -0.6269336254592177,
                    -0.7075411567293294
                ],
                [
                    0.0,
                    0.0,
                    0.0,
                    1.0
                ]
            ],
            "size": [
                0.09126,
                0.11887,
                0.10009
            ]
        },
        "distance": 0.04863745078419183
    },
    {
        "case": 3,
        "collider1": {
            "type": "Box",
            "collider2origin": [
                [
                    0.9077781725128689,
                    0.4194505805326724,
                    0.0,
                    0.4158817547107895
                ],
                [
                    -0.4194505805326724,
                    0.9077781725128689,
                    0.0,
                    0.733173894971941
                ],
                [
                    0.0,
                    0.0,
                    1.0,
                    -0.6599999999999999
                ],
                [
                    0.0,
                    0.0,
                    0.0,
                    1.0
                ]
            ],
            "size": [
                0.6,
                1.0,
                0.8
            ]
        },
        "collider2": {
            "type": "Box",
            "collider2origin": [
                [
                    -0.6088113953699955,
                    -0.5537434200058065,
                    0.5680817807920902,
                    -0.06764360887899862
                ],
                [
                    -0.4048694169570807,
                    0.8326873511467784,
                    0.3777731203420853,
                    0.6133964252880799
                ],
                [
                    -0.6822238929270015,
                    -6.3588444915031635e-06,
                    -0.7311433237601861,
                    -0.4241970609438799
                ],
                [
                    0.0,
                    0.0,
                    0.0,
                    1.0
                ]
            ],
            "size": [
                0.1202,
                0.13634,
                0.67816
            ]
        },
        "distance": 0.0
    },
    {
        "case": 4,
        "collider1": {
            "type": "Box",
            "collider2origin": [
                [
                    0.9077781725128689,
                    0.4194505805326724,
                    0.0,
                    0.27063700059322826
                ],
                [
                    -0.4194505805326724,
                    0.9077781725128689,
                    0.0,
                    0.8002854543438492
                ],
                [
                    0.0,
                    0.0,
                    1.0,
                    -0.25
                ],
                [
                    0.0,
                    0.0,
                    0.0,
                    1.0
                ]
            ],
            "size": [
                0.2,
                0.2,
                0.02
            ]
        },
        "collider2": {
            "type": "Box",
            "collider2origin": [
                [
                    -0.6088113953699955,
                    -0.5537434200058065,
                    0.5680817807920902,
                    -0.06764360887899862
                ],
                [
                    -0.4048694169570807,
                    0.8326873511467784,
                    0.3777731203420853,
                    0.6133964252880799
                ],
                [
                    -0.6822238929270015,
                    -6.3588444915031635e-06,
                    -0.7311433237601861,
                    -0.4241970609438799
                ],
                [
                    0.0,
                    0.0,
                    0.0,
                    1.0
                ]
            ],
            "size": [
                0.1202,
                0.13634,
                0.67816
            ]
        },
        "distance": 0.23295981057659773
    },
    {
        "case": 5,
        "collider1": {
            "type": "Box",
            "collider2origin": [
                [
                    0.907778172512869,
                    0.4194505805326725,
                    0.0,
                    -1.612083837096907
                ],
                [
                    -0.4194505805326725,
                    0.907778172512869,
                    0.0,
                    -0.24654756573714753
                ],
                [
                    0.0,
                    0.0,
                    1.0,
                    -0.040000000000000036
                ],
                [
                    0.0,
                    0.0,
                    0.0,
                    1.0
                ]
            ],
            "size": [
                2.0,
                2.0,
                2.0
            ]
        },
        "collider2": {
            "type": "Box",
            "collider2origin": [
                [
                    -0.6088113953699955,
                    -0.5537434200058065,
                    0.5680817807920902,
                    -0.06764360887899862
                ],
                [
                    -0.4048694169570807,
                    0.8326873511467784,
                    0.3777731203420853,
                    0.6133964252880799
                ],
                [
                    -0.6822238929270015,
                    -6.3588444915031635e-06,
                    -0.7311433237601861,
                    -0.4241970609438799
                ],
                [
                    0.0,
                    0.0,
                    0.0,
                    1.0
                ]
            ],
            "size": [
                0.1202,
                0.13634,
                0.67816
            ]
        },
        "distance": 0.15824402477720115
    },
    {
        "case": 6,
        "collider1": {
            "type": "Box",
            "collider2origin": [
                [
                    0.9077781725128689,
                    0.4194505805326724,
                    0.0,
                    0.4158817547107895
                ],
                [
                    -0.4194505805326724,
                    0.9077781725128689,
                    0.0,
                    0.733173894971941
                ],
                [
                    0.0,
                    0.0,
                    1.0,
                    -0.6599999999999999
                ],
                [
                    0.0,
                    0.0,
                    0.0,
                    1.0
                ]
            ],
            "size": [
                0.6,
                1.0,
                0.8
            ]
        },
        "collider2": {
            "type": "Box",
            "collider2origin": [
                [
                    -0.1585672650521154,
                    -0.5537485093358763,
                    -0.8174466409877695,
                    -0.041845138070085275
                ],
                [
                    -0.10544467949149738,
                    0.8326839666939522,
                    -0.5436164375529503,
                    0.7822797308771047
                ],
                [
                    0.9817015035237684,
                    -4.372679788945526e-06,
                    -0.19042625333722266,
                    -0.15991989287001984
                ],
                [
                    0.0,
                    0.0,
                    0.0,
                    1.0
                ]
            ],
            "size": [
                0.15068,
                0.17726,
                0.74884
            ]
        },
        "distance": 0.0429352977933583
    },
    {
        "case": 7,
        "collider1": {
            "type": "Box",
            "collider2origin": [
                [
                    0.9077781725128689,
                    0.4194505805326724,
                    0.0,
                    0.27063700059322826
                ],
                [
                    -0.4194505805326724,
                    0.9077781725128689,
                    0.0,
                    0.8002854543438492
                ],
                [
                    0.0,
                    0.0,
                    1.0,
                    -0.25
                ],
                [
                    0.0,
                    0.0,
                    0.0,
                    1.0
                ]
            ],
            "size": [
                0.2,
                0.2,
                0.02
            ]
        },
        "collider2": {
            "type": "Box",
            "collider2origin": [
                [
                    -0.1585672650521154,
                    -0.5537485093358763,
                    -0.8174466409877695,
                    -0.041845138070085275
                ],
                [
                    -0.10544467949149738,
                    0.8326839666939522,
                    -0.5436164375529503,
                    0.7822797308771047
                ],
                [
                    0.9817015035237684,
                    -4.372679788945526e-06,
                    -0.19042625333722266,
                    -0.15991989287001984
                ],
                [
                    0.0,
                    0.0,
                    0.0,
                    1.0
                ]
            ],
            "size": [
                0.15068,
                0.17726,
                0.74884
            ]
        },
        "distance": 0.038076020395053436
    },
    {
        "case": 8,
        "collider1": {
            "type": "Box",
            "collider2origin": [
                [
                    0.907778172512869,
                    0.4194505805326725,
                    0.0,
                    -1.612083837096907
                ],
                [
                    -0.4194505805326725,
                    0.907778172512869,
                    0.0,
                    -0.24654756573714753
                ],
                [
                    0.0,
                    0.0,
                    1.0,
                    -0.040000000000000036
                ],
                [
                    0.0,
                    0.0,
                    0.0,
                    1.0
                ]
            ],
            "size": [
                2.0,
                2.0,
                2.0
            ]
        },
        "collider2": {
            "type": "Box",
            "collider2origin": [
                [
                    -0.1585672650521154,
                    -0.5537485093358763,
                    -0.8174466409877695,
                    -0.041845138070085275
                ],
                [
                    -0.10544467949149738,
                    0.8326839666939522,
                    -0.5436164375529503,
                    0.7822797308771047
                ],
                [
                    0.9817015035237684,
                    -4.372679788945526e-06,
                    -0.19042625333722266,
                    -0.15991989287001984
                ],
                [
                    0.0,
                    0.0,
                    0.0,
                    1.0
                ]
            ],
            "size": [
                0.15068,
                0.17726,
                0.74884
            ]
        },
        "distance": 0.2208028279647719
    },
    {
        "case": 9,
        "collider1": {
            "type": "Box",
            "collider2origin": [
                [
                    0.907778172512869,
                    0.4194505805326725,
                    0.0,
                    -0.7418785952877999
                ],
                [
                    -0.4194505805326725,
                    0.907778172512869,
                    0.0,
                    1.2791466490804724
                ],
                [
                    0.0,
                    0.0,
                    1.0,
                    0.27
                ],
                [
                    0.0,
                    0.0,
                    0.0,
                    1.0
                ]
            ],
            "size": [
                0.52,
                1.16,
                0.6
            ]
        },
        "collider2": {
            "type": "Box",
            "collider2origin": [
                [
                    -0.1585672650521154,
                    -0.5537485093358763,
                    -0.8174466409877695,
                    -0.041845138070085275
                ],
                [
                    -0.10544467949149738,
                    0.8326839666939522,
                    -0.5436164375529503,
                    0.7822797308771047
                ],
                [
                    0.9817015035237684,
                    -4.372679788945526e-06,
                    -0.19042625333722266,
                    -0.15991989287001984
                ],
                [
                    0.0,
                    0.0,
                    0.0,
                    1.0
                ]
            ],
            "size": [
                0.15068,
                0.17726,
                0.74884
            ]
        },
        "distance": 0.33362294870158693
    },
    {
        "case": 10,
        "collider1": {
            "type": "Box",
            "collider2origin": [
                [
                    0.9077781725128689,
                    0.4194505805326724,
                    0.0,
                    0.4158817547107895
                ],
                [
                    -0.4194505805326724,
                    0.9077781725128689,
                    0.0,
                    0.733173894971941
                ],
                [
                    0.0,
                    0.0,
                    1.0,
                    -0.6599999999999999
                ],
                [
                    0.0,
                    0.0,
                    0.0,
                    1.0
                ]
            ],
            "size": [
                0.6,
                1.0,
                0.8
            ]
        },
        "collider2": {
            "type": "Box",
            "collider2origin": [
                [
                    -0.1585672650521154,
                    -0.5537485093358763,
                    -0.8174466409877695,
                    -0.041845138070085275
                ],
                [
                    -0.10544467949149738,
                    0.8326839666939522,
                    -0.5436164375529503,
                    0.7822797308771047
                ],
                [
                    0.9817015035237684,
                    -4.372679788945526e-06,
                    -0.19042625333722266,
                    -0.15991989287001984
                ],
                [
                    0.0,
                    0.0,
                    0.0,
                    1.0
                ]
            ],
            "size": [
                0.15068,
                0.17726,
                0.74884
            ]
        },
        "distance": 0.0429352977933583
    },
    {
        "case": 11,
        "collider1": {
            "type": "Box",
            "collider2origin": [
                [
                    0.9077781725128689,
                    0.4194505805326724,
                    0.0,
                    0.27063700059322826
                ],
                [
                    -0.4194505805326724,
                    0.9077781725128689,
                    0.0,
                    0.8002854543438492
                ],
                [
                    0.0,
                    0.0,
                    1.0,
                    -0.25
                ],
                [
                    0.0,
                    0.0,
                    0.0,
                    1.0
                ]
            ],
            "size": [
                0.2,
                0.2,
                0.02
            ]
        },
        "collider2": {
            "type": "Box",
            "collider2origin": [
                [
                    -0.1585672650521154,
                    -0.5537485093358763,
                    -0.8174466409877695,
                    -0.041845138070085275
                ],
                [
                    -0.10544467949149738,
                    0.8326839666939522,
                    -0.5436164375529503,
                    0.7822797308771047
                ],
                [
                    0.9817015035237684,
                    -4.372679788945526e-06,
                    -0.19042625333722266,
                    -0.15991989287001984
                ],
                [
                    0.0,
                    0.0,
                    0.0,
                    1.0
                ]
            ],
            "size": [
                0.15068,
                0.17726,
                0.74884
            ]
        },
        "distance": 0.038076020395053436
    },
    {
        "case": 12,
        "collider1": {
            "type": "Box",
            "collider2origin": [
                [
                    0.907778172512869,
                    0.4194505805326725,
                    0.0,
                    -1.612083837096907
                ],
                [
                    -0.4194505805326725,
                    0.907778172512869,
                    0.0,
                    -0.24654756573714753
                ],
                [
                    0.0,
                    0.0,
                    1.0,
                    -0.040000000000000036
                ],
                [
                    0.0,
                    0.0,
                    0.0,
                    1.0
                ]
            ],
            "size": [
                2.0,
                2.0,
                2.0
            ]
        },
        "collider2": {
            "type": "Box",
            "collider2origin": [
                [
                    -0.1585672650521154,
                    -0.5537485093358763,
                    -0.8174466409877695,
                    -0.041845138070085275
                ],
                [
                    -0.10544467949149738,
                    0.8326839666939522,
                    -0.5436164375529503,
                    0.7822797308771047
                ],
                [
                    0.9817015035237684,
                    -4.372679788945526e-06,
                    -0.19042625333722266,
                    -0.15991989287001984
                ],
                [
                    0.0,
                    0.0,
                    0.0,
                    1.0
                ]
            ],
            "size": [
                0.15068,
                0.17726,
                0.74884
            ]
        },
        "distance": 0.2208028279647719
    },
    {
        "case": 13,
        "collider1": {
            "type": "Box",
            "collider2origin": [
                [
                    0.907778172512869,
                    0.4194505805326725,
                    0.0,
                    -0.7418785952877999
                ],
                [
                    -0.4194505805326725,
                    0.907778172512869,
                    0.0,
                    1.2791466490804724
                ],
                [
                    0.0,
                    0.0,
                    1.0,
                    0.27
                ],
                [
                    0.0,
                    0.0,
                    0.0,
                    1.0
                ]
            ],
            "size": [
                0.52,
                1.16,
                0.6
            ]
        },
        "collider2": {
            "type": "Box",
            "collider2origin": [
                [
                    -0.1585672650521154,
                    -0.5537485093358763,
                    -0.8174466409877695,
                    -0.041845138070085275
                ],
                [
                    -0.10544467949149738,
                    0.8326839666939522,
                    -0.5436164375529503,
                    0.7822797308771047
                ],
                [
                    0.9817015035237684,
                    -4.372679788945526e-06,
                    -0.19042625333722266,
                    -0.15991989287001984
                ],
                [
                    0.0,
                    0.0,
                    0.0,
                    1.0
                ]
            ],
            "size": [
                0.15068,
                0.17726,
                0.74884
            ]
        },
        "distance": 0.33362294870158693
    }
]