[
    {
        "case": 0,
        "collider1": {
            "type": "Box",
            "collider2origin": [
                [
                    0.9077781725128689,
                    0.4194505805326724,
                    0.0,
                    0.4158817547107895
                ],
                [
                    -0.4194505805326724,
                    0.9077781725128689,
                    0.0,
                    0.733173894971941
                ],
                [
                    0.0,
                    0.0,
                    1.0,
                    -0.6599999999999999
                ],
                [
                    0.0,
                    0.0,
                    0.0,
                    1.0
                ]
            ],
            "size": [
                0.6,
                1.0,
                0.8
            ]
        },
        "collider2": {
            "type": "Box",
            "collider2origin": [
                [
                    -0.8281577887642363,
                    0.47245919025181277,
                    0.3015576071926092,
                    -0.0894259521707193
                ],
                [
                    -0.4439436126935884,
                    -0.8813525478187216,
                    0.16165319422149688,
                    0.5365556211551361
                ],
                [
                    0.34215310265683085,
                    -2.2169917052309707e-07,
                    0.9396442168939554,
                    -0.07758095865050185
                ],
                [
                    0.0,
                    0.0,
                    0.0,
                    1.0
                ]
            ],
            "size": [
                0.1202,
                0.13634,
                0.67816
            ]
        },
        "distance": 0.02274032201042133
    },
    {
        "case": 1,
        "collider1": {
            "type": "Box",
            "collider2origin": [
                [
                    0.907778172512869,
                    0.4194505805326725,
                    0.0,
                    -0.7418785952877999
                ],
                [
                    -0.4194505805326725,
                    0.907778172512869,
                    0.0,
                    1.2791466490804724
                ],
                [
                    0.0,
                    0.0,
                    1.0,
                    0.27
                ],
                [
                    0.0,
                    0.0,
                    0.0,
                    1.0
                ]
            ],
            "size": [
                0.52,
                1.16,
                0.6
            ]
        },
        "collider2": {
            "type": "Box",
            "collider2origin": [
                [
                    -0.8281577887642363,
                    0.47245919025181277,
                    0.3015576071926092,
                    -0.0894259521707193
                ],
                [
                    -0.4439436126935884,
                    -0.8813525478187216,
                    0.16165319422149688,
                    0.5365556211551361
                ],
                [
                    0.34215310265683085,
                    -2.2169917052309707e-07,
                    0.9396442168939554,
                    -0.07758095865050185
                ],
                [
                    0.0,
                    0.0,
                    0.0,
                    1.0
                ]
            ],
            "size": [
                0.1202,
                0.13634,
                0.67816
            ]
        },
        "distance": 0.5482413742601833
    },
    {
        "case": 2,
        "collider1": {
            "type": "Box",
            "collider2origin": [
                [
                    0.9077781725128689,
                    0.4194505805326724,
                    0.0,
                    0.4158817547107895
                ],
                [
                    -0.4194505805326724,
                    0.9077781725128689,
                    0.0,
                    0.733173894971941
                ],
                [
                    0.0,
                    0.0,
                    1.0,
                    -0.6599999999999999
                ],
                [
                    0.0,
                    0.0,
                    0.0,
                    1.0
                ]
            ],
            "size": [
                0.6,
                1.0,
                0.8
            ]
        },
        "collider2": {
            "type": "Box",
            "collider2origin": [
                [
                    0.3432104991108438,
                    0.4724551007209421,
                    -0.8117836726017897,
                    0.13891866285807603
                ],
                [
                    0.1839852267202328,
                    -0.8813547400319112,
                    -0.4351588888808166,
                    0.5156148436896029
                ],
                [
                    -0.9210624244038998,
                    -5.103606118251125e-06,
                    -0.38941495904133305,
                    -0.21942235516335695
                ],
                [
                    0.0,
                    0.0,
                    0.0,
                    1.0
                ]
            ],
            "size": [
                0.15068,
                0.17726,
                0.74884
            ]
        },
        "distance": 0.0
    },
    {
        "case": 3,
        "collider1": {
            "type": "Box",
            "collider2origin": [
                [
                    0.9077781725128689,
                    0.4194505805326724,
                    0.0,
                    0.27063700059322826
                ],
                [
                    -0.4194505805326724,
                    0.9077781725128689,
                    0.0,
                    0.8002854543438492
                ],
                [
                    0.0,
                    0.0,
                    1.0,
                    -0.25
                ],
                [
                    0.0,
                    0.0,
                    0.0,
                    1.0
                ]
            ],
            "size": [
                0.2,
                0.2,
                0.02
            ]
        },
        "collider2": {
            "type": "Box",
            "collider2origin": [
                [
                    0.3432104991108438,
                    0.4724551007209421,
                    -0.8117836726017897,
                    0.13891866285807603
                ],
                [
                    0.1839852267202328,
                    -0.8813547400319112,
                    -0.4351588888808166,
                    0.5156148436896029
                ],
                [
                    -0.9210624244038998,
                    -5.103606118251125e-06,
                    -0.38941495904133305,
                    -0.21942235516335695
                ],
                [
                    0.0,
                    0.0,
                    0.0,
                    1.0
                ]
            ],
            "size": [
                0.15068,
                0.17726,
                0.74884
            ]
        },
        "distance": 0.020910397141232207
    },
    {
        "case": 4,
        "collider1": {
            "type": "Box",
            "collider2origin": [
                [
                    0.907778172512869,
                    0.4194505805326725,
                    0.0,
                    0.9947946797881562
                ],
                [
                    -0.4194505805326725,
                    0.907778172512869,
                    0.0,
                    0.5317739604993647
                ],
                [
                    0.0,
                    0.0,
                    1.0,
                    -0.69
                ],
                [
                    0.0,
                    0.0,
                    0.0,
                    1.0
                ]
            ],
            "size": [
                0.6,
                1.2,
                0.75
            ]
        },
        "collider2": {
            "type": "Box",
            "collider2origin": [
                [
                    0.3432104991108438,
                    0.4724551007209421,
                    -0.8117836726017897,
                    0.13891866285807603
                ],
                [
                    0.1839852267202328,
                    -0.8813547400319112,
                    -0.4351588888808166,
                    0.5156148436896029
                ],
                [
                    -0.9210624244038998,
                    -5.103606118251125e-06,
                    -0.38941495904133305,
                    -0.21942235516335695
                ],
                [
                    0.0,
                    0.0,
                    0.0,
                    1.0
                ]
            ],
            "size": [
                0.15068,
                0.17726,
                0.74884
            ]
        },
        "distance": 0.24476660490399793
    },
    {
        "case": 5,
        "collider1": {
            "type": "Box",
            "collider2origin": [
                [
                    0.9077781725128689,
                    0.4194505805326724,
                    0.0,
                    0.4158817547107895
                ],
                [
                    -0.4194505805326724,
                    0.9077781725128689,
                    0.0,
                    0.733173894971941
                ],
                [
                    0.0,
                    0.0,
                    1.0,
                    -0.6599999999999999
                ],
                [
                    0.0,
                    0.0,
                    0.0,
                    1.0
                ]
            ],
            "size": [
                0.6,
                1.0,
                0.8
            ]
        },
        "collider2": {
            "type": "Box",
            "collider2origin": [
                [
                    0.3432104991108438,
                    0.4724551007209421,
                    -0.8117836726017897,
                    0.13891866285807603
                ],
                [
                    0.1839852267202328,
                    -0.8813547400319112,
                    -0.4351588888808166,
                    0.5156148436896029
                ],
                [
                    -0.9210624244038998,
                    -5.103606118251125e-06,
                    -0.38941495904133305,
                    -0.21942235516335695
                ],
                [
                    0.0,
                    0.0,
                    0.0,
                    1.0
                ]
            ],
            "size": [
                0.15068,
                0.17726,
                0.74884
            ]
        },
        "distance": 0.0
    },
    {
        "case": 6,
        "collider1": {
            "type": "Box",
            "collider2origin": [
                [
                    0.9077781725128689,
                    0.4194505805326724,
                    0.0,
                    0.27063700059322826
                ],
                [
                    -0.4194505805326724,
                    0.9077781725128689,
                    0.0,
                    0.8002854543438492
                ],
                [
                    0.0,
                    0.0,
                    1.0,
                    -0.25
                ],
                [
                    0.0,
                    0.0,
                    0.0,
                    1.0
                ]
            ],
            "size": [
                0.2,
                0.2,
                0.02
            ]
        },
        "collider2": {
            "type": "Box",
            "collider2origin": [
                [
                    0.3432104991108438,
                    0.4724551007209421,
                    -0.8117836726017897,
                    0.13891866285807603
                ],
                [
                    0.1839852267202328,
                    -0.8813547400319112,
                    -0.4351588888808166,
                    0.5156148436896029
                ],
                [
                    -0.9210624244038998,
                    -5.103606118251125e-06,
                    -0.38941495904133305,
                    -0.21942235516335695
                ],
                [
                    0.0,
                    0.0,
                    0.0,
                    1.0
                ]
            ],
            "size": [
                0.15068,
                0.17726,
                0.74884
            ]
        },
        "distance": 0.020910397141232207
    },
    {
        "case": 7,
        "collider1": {
            "type": "Box",
            "collider2origin": [
                [
                    0.907778172512869,
                    0.4194505805326725,
                    0.0,
                    0.9947946797881562
                ],
                [
                    -0.4194505805326725,
                    0.907778172512869,
                    0.0,
                    0.5317739604993647
                ],
                [
                    0.0,
                    0.0,
                    1.0,
                    -0.69
                ],
                [
                    0.0,
                    0.0,
                    0.0,
                    1.0
                ]
            ],
            "size": [
                0.6,
                1.2,
                0.75
            ]
        },
        "collider2": {
            "type": "Box",
            "collider2origin": [
                [
                    0.3432104991108438,
                    0.4724551007209421,
                    -0.8117836726017897,
                    0.13891866285807603
                ],
                [
                    0.1839852267202328,
                    -0.8813547400319112,
                    -0.4351588888808166,
                    0.5156148436896029
                ],
                [
                    -0.9210624244038998,
                    -5.103606118251125e-06,
                    -0.38941495904133305,
                    -0.21942235516335695
                ],
                [
                    0.0,
                    0.0,
                    0.0,
                    1.0
                ]
            ],
            "size": [
                0.15068,
                0.17726,
                0.74884
            ]
        },
        "distance": 0.24476660490399793
    }
]