[
    {
        "case": 0,
        "collider1": {
            "type": "Box",
            "collider2origin": [
                [
                    0.907778172512869,
                    0.4194505805326725,
                    0.0,
                    -0.7418785952877999
                ],
                [
                    -0.4194505805326725,
                    0.907778172512869,
                    0.0,
                    1.2791466490804724
                ],
                [
                    0.0,
                    0.0,
                    1.0,
                    0.27
                ],
                [
                    0.0,
                    0.0,
                    0.0,
                    1.0
                ]
            ],
            "size": [
                0.52,
                1.16,
                0.6
            ]
        },
        "collider2": {
            "type": "Box",
            "collider2origin": [
                [
                    0.48378139313569735,
                    0.26032911711561313,
                    -0.8355742423252939,
                    -0.2512997307833949
                ],
                [
                    0.8402653783229841,
                    -0.4051722392501197,
                    0.3602631684377078,
                    1.9053031877910946
                ],
                [
                    -0.2447644942539995,
                    -0.8763927243666785,
                    -0.414760334445972,
                    -0.03852552771900131
                ],
                [
                    0.0,
                    0.0,
                    0.0,
                    1.0
                ]
            ],
            "size": [
                0.08993,
                0.0305,
                0.09007
            ]
        },
        "distance": 0.14719872249433738
    },
    {
        "case": 1,
        "collider1": {
            "type": "Box",
            "collider2origin": [
                [
                    0.718022042059392,
                    -0.6960203640101781,
                    0.0,
                    0.13748258467077087
                ],
                [
                    0.6960203640101781,
                    0.718022042059392,
                    0.0,
                    1.5384737068316263
                ],
                [
                    0.0,
                    0.0,
                    1.0,
                    -0.21500000000000008
                ],
                [
                    0.0,
                    0.0,
                    0.0,
                    1.0
                ]
            ],
            "size": [
                0.2,
                0.3,
                0.22
            ]
        },
        "collider2": {
            "type": "Box",
            "collider2origin": [
                [
                    -0.09429613689945222,
                    -0.94406266845048,
                    -0.31599670347014497,
                    0.0404422586838768
                ],
                [
                    0.26996097243165124,
                    -0.329766095939652,
                    0.9046410312010382,
                    1.0137801540949298
                ],
                [
                    -0.9582428251385955,
                    -2.6228310017236705e-06,
                    0.28595574493883436,
                    -0.016827727769549217
                ],
                [
                    0.0,
                    0.0,
                    0.0,
                    1.0
                ]
            ],
            "size": [
                0.15068,
                0.17726,
                0.74884
            ]
        },
        "distance": 0.15520673848368524
    },
    {
        "case": 2,
        "collider1": {
            "type": "Box",
            "collider2origin": [
                [
                    0.8404842512412337,
                    -0.5418359746412772,
                    0.0,
                    0.011439976095501792
                ],
                [
                    0.5418359746412771,
                    0.8404842512412338,
                    0.0,
                    1.4325762997644957
                ],
                [
                    0.0,
                    0.0,
                    1.0,
                    -0.21500000000000008
                ],
                [
                    0.0,
                    0.0,
                    0.0,
                    1.0
                ]
            ],
            "size": [
                0.2,
                0.3,
                0.22
            ]
        },
        "collider2": {
            "type": "Box",
            "collider2origin": [
                [
                    -0.09429613689945222,
                    -0.94406266845048,
                    -0.31599670347014497,
                    0.0404422586838768
                ],
                [
                    0.26996097243165124,
                    -0.329766095939652,
                    0.9046410312010382,
                    1.0137801540949298
                ],
                [
                    -0.9582428251385955,
                    -2.6228310017236705e-06,
                    0.28595574493883436,
                    -0.016827727769549217
                ],
                [
                    0.0,
                    0.0,
                    0.0,
                    1.0
                ]
            ],
            "size": [
                0.15068,
                0.17726,
                0.74884
            ]
        },
        "distance": 0.07654320257329761
    },
    {
        "case": 3,
        "collider1": {
            "type": "Box",
            "collider2origin": [
                [
                    0.9081427509232697,
                    -0.4186606548811531,
                    0.0,
                    -0.09474126814702305
                ],
                [
                    0.41866065488115317,
                    0.9081427509232698,
                    0.0,
                    1.368923948110301
                ],
                [
                    0.0,
                    0.0,
                    1.0,
                    -0.21500000000000008
                ],
                [
                    0.0,
                    0.0,
                    0.0,
                    1.0
                ]
            ],
            "size": [
                0.2,
                0.3,
                0.22
            ]
        },
        "collider2": {
            "type": "Box",
            "collider2origin": [
                [
                    -0.09429613689945222,
                    -0.94406266845048,
                    -0.31599670347014497,
                    0.0404422586838768
                ],
                [
                    0.26996097243165124,
                    -0.329766095939652,
                    0.9046410312010382,
                    1.0137801540949298
                ],
                [
                    -0.9582428251385955,
                    -2.6228310017236705e-06,
                    0.28595574493883436,
                    -0.016827727769549217
                ],
                [
                    0.0,
                    0.0,
                    0.0,
                    1.0
                ]
            ],
            "size": [
                0.15068,
                0.17726,
                0.74884
            ]
        },
        "distance": 0.07250436457984703
    },
    {
        "case": 4,
        "collider1": {
            "type": "Box",
            "collider2origin": [
                [
                    0.9798474486812189,
                    -0.1997472836183421,
                    0.0,
                    -0.20628161272202655
                ],
                [
                    0.19974728361834207,
                    0.9798474486812188,
                    0.0,
                    1.335871448475788
                ],
                [
                    0.0,
                    0.0,
                    1.0,
                    -0.21500000000000008
                ],
                [
                    0.0,
                    0.0,
                    0.0,
                    1.0
                ]
            ],
            "size": [
                0.2,
                0.3,
                0.22
            ]
        },
        "collider2": {
            "type": "Box",
            "collider2origin": [
                [
                    -0.09429613689945222,
                    -0.94406266845048,
                    -0.31599670347014497,
                    0.0404422586838768
                ],
                [
                    0.26996097243165124,
                    -0.329766095939652,
                    0.9046410312010382,
                    1.0137801540949298
                ],
                [
                    -0.9582428251385955,
                    -2.6228310017236705e-06,
                    0.28595574493883436,
                    -0.016827727769549217
                ],
                [
                    0.0,
                    0.0,
                    0.0,
                    1.0
                ]
            ],
            "size": [
                0.15068,
                0.17726,
                0.74884
            ]
        },
        "distance": 0.07301705332244922
    },
    {
        "case": 5,
        "collider1": {
            "type": "Cylinder",
            "collider2origin": [
                [
                    0.907778172512869,
                    0.4194505805326725,
                    0.0,
                    -0.07232761537572224
                ],
                [
                    -0.4194505805326725,
                    0.907778172512869,
                    0.0,
                    1.2000044650142188
                ],
                [
                    0.0,
                    0.0,
                    1.0,
                    -0.5800000000000001
                ],
                [
                    0.0,
                    0.0,
                    0.0,
                    1.0
                ]
            ],
            "radius": 0.04,
            "height": 0.96
        },
        "collider2": {
            "type": "Box",
            "collider2origin": [
                [
                    -0.09429613689945222,
                    -0.94406266845048,
                    -0.31599670347014497,
                    0.0404422586838768
                ],
                [
                    0.26996097243165124,
                    -0.329766095939652,
                    0.9046410312010382,
                    1.0137801540949298
                ],
                [
                    -0.9582428251385955,
                    -2.6228310017236705e-06,
                    0.28595574493883436,
                    -0.016827727769549217
                ],
                [
                    0.0,
                    0.0,
                    0.0,
                    1.0
                ]
            ],
            "size": [
                0.15068,
                0.17726,
                0.74884
            ]
        },
        "distance": 0.05382806286591239
    },
    {
        "case": 6,
        "collider1": {
            "type": "Box",
            "collider2origin": [
                [
                    0.718022042059392,
                    -0.6960203640101781,
                    0.0,
                    0.13748258467077087
                ],
                [
                    0.6960203640101781,
                    0.718022042059392,
                    0.0,
                    1.5384737068316263
                ],
                [
                    0.0,
                    0.0,
                    1.0,
                    -0.21500000000000008
                ],
                [
                    0.0,
                    0.0,
                    0.0,
                    1.0
                ]
            ],
            "size": [
                0.2,
                0.3,
                0.22
            ]
        },
        "collider2": {
            "type": "Box",
            "collider2origin": [
                [
                    -0.09429613689945222,
                    -0.94406266845048,
                    -0.31599670347014497,
                    0.0404422586838768
                ],
                [
                    0.26996097243165124,
                    -0.329766095939652,
                    0.9046410312010382,
                    1.0137801540949298
                ],
                [
                    -0.9582428251385955,
                    -2.6228310017236705e-06,
                    0.28595574493883436,
                    -0.016827727769549217
                ],
                [
                    0.0,
                    0.0,
                    0.0,
                    1.0
                ]
            ],
            "size": [
                0.15068,
                0.17726,
                0.74884
            ]
        },
        "distance": 0.15520673848368524
    },
    {
        "case": 7,
        "collider1": {
            "type": "Box",
            "collider2origin": [
                [
                    0.8404842512412337,
                    -0.5418359746412772,
                    0.0,
                    0.011439976095501792
                ],
                [
                    0.5418359746412771,
                    0.8404842512412338,
                    0.0,
                    1.4325762997644957
                ],
                [
                    0.0,
                    0.0,
                    1.0,
                    -0.21500000000000008
                ],
                [
                    0.0,
                    0.0,
                    0.0,
                    1.0
                ]
            ],
            "size": [
                0.2,
                0.3,
                0.22
            ]
        },
        "collider2": {
            "type": "Box",
            "collider2origin": [
                [
                    -0.09429613689945222,
                    -0.94406266845048,
                    -0.31599670347014497,
                    0.0404422586838768
                ],
                [
                    0.26996097243165124,
                    -0.329766095939652,
                    0.9046410312010382,
                    1.0137801540949298
                ],
                [
                    -0.9582428251385955,
                    -2.6228310017236705e-06,
                    0.28595574493883436,
                    -0.016827727769549217
                ],
                [
                    0.0,
                    0.0,
                    0.0,
                    1.0
                ]
            ],
            "size": [
                0.15068,
                0.17726,
                0.74884
            ]
        },
        "distance": 0.07654320257329761
    },
    {
        "case": 8,
        "collider1": {
            "type": "Box",
            "collider2origin": [
                [
                    0.9081427509232697,
                    -0.4186606548811531,
                    0.0,
                    -0.09474126814702305
                ],
                [
                    0.41866065488115317,
                    0.9081427509232698,
                    0.0,
                    1.368923948110301
                ],
                [
                    0.0,
                    0.0,
                    1.0,
                    -0.21500000000000008
                ],
                [
                    0.0,
                    0.0,
                    0.0,
                    1.0
                ]
            ],
            "size": [
                0.2,
                0.3,
                0.22
            ]
        },
        "collider2": {
            "type": "Box",
            "collider2origin": [
                [
                    -0.09429613689945222,
                    -0.94406266845048,
                    -0.31599670347014497,
                    0.0404422586838768
                ],
                [
                    0.26996097243165124,
                    -0.329766095939652,
                    0.9046410312010382,
                    1.0137801540949298
                ],
                [
                    -0.9582428251385955,
                    -2.6228310017236705e-06,
                    0.28595574493883436,
                    -0.016827727769549217
                ],
                [
                    0.0,
                    0.0,
                    0.0,
                    1.0
                ]
            ],
            "size": [
                0.15068,
                0.17726,
                0.74884
            ]
        },
        "distance": 0.07250436457984703
    },
    {
        "case": 9,
        "collider1": {
            "type": "Box",
            "collider2origin": [
                [
                    0.9798474486812189,
                    -0.1997472836183421,
                    0.0,
                    -0.20628161272202655
                ],
                [
                    0.19974728361834207,
                    0.9798474486812188,
                    0.0,
                    1.335871448475788
                ],
                [
                    0.0,
                    0.0,
                    1.0,
                    -0.21500000000000008
                ],
                [
                    0.0,
                    0.0,
                    0.0,
                    1.0
                ]
            ],
            "size": [
                0.2,
                0.3,
                0.22
            ]
        },
        "collider2": {
            "type": "Box",
            "collider2origin": [
                [
                    -0.09429613689945222,
                    -0.94406266845048,
                    -0.31599670347014497,
                    0.0404422586838768
                ],
                [
                    0.26996097243165124,
                    -0.329766095939652,
                    0.9046410312010382,
                    1.0137801540949298
                ],
                [
                    -0.9582428251385955,
                    -2.6228310017236705e-06,
                    0.28595574493883436,
                    -0.016827727769549217
                ],
                [
                    0.0,
                    0.0,
                    0.0,
                    1.0
                ]
            ],
            "size": [
                0.15068,
                0.17726,
                0.74884
            ]
        },
        "distance": 0.07301705332244922
    },
    {
        "case": 10,
        "collider1": {
            "type": "Cylinder",
            "collider2origin": [
                [
                    0.907778172512869,
                    0.4194505805326725,
                    0.0,
                    -0.07232761537572224
                ],
                [
                    -0.4194505805326725,
                    0.907778172512869,
                    0.0,
                    1.2000044650142188
                ],
                [
                    0.0,
                    0.0,
                    1.0,
                    -0.5800000000000001
                ],
                [
                    0.0,
                    0.0,
                    0.0,
                    1.0
                ]
            ],
            "radius": 0.04,
            "height": 0.96
        },
        "collider2": {
            "type": "Box",
            "collider2origin": [
                [
                    -0.09429613689945222,
                    -0.94406266845048,
                    -0.31599670347014497,
                    0.0404422586838768
                ],
                [
                    0.26996097243165124,
                    -0.329766095939652,
                    0.9046410312010382,
                    1.0137801540949298
                ],
                [
                    -0.9582428251385955,
                    -2.6228310017236705e-06,
                    0.28595574493883436,
                    -0.016827727769549217
                ],
                [
                    0.0,
                    0.0,
                    0.0,
                    1.0
                ]
            ],
            "size": [
                0.15068,
                0.17726,
                0.74884
            ]
        },
        "distance": 0.05382806286591239
    },
    {
        "case": 11,
        "collider1": {
            "type": "Box",
            "collider2origin": [
                [
                    0.907778172512869,
                    0.4194505805326725,
                    0.0,
                    -0.7418785952877999
                ],
                [
                    -0.4194505805326725,
                    0.907778172512869,
                    0.0,
                    1.2791466490804724
                ],
                [
                    0.0,
                    0.0,
                    1.0,
                    0.27
                ],
                [
                    0.0,
                    0.0,
                    0.0,
                    1.0
                ]
            ],
            "size": [
                0.52,
                1.16,
                0.6
            ]
        },
        "collider2": {
            "type": "Box",
            "collider2origin": [
                [
                    0.1554327391442364,
                    -0.9440625760359742,
                    -0.2908376112720639,
                    -0.23387809443095026
                ],
                [
                    -0.4449618977927308,
                    -0.32976636047224694,
                    0.8326241991520421,
                    1.8433140796529763
                ],
                [
                    -0.8819578068789975,
                    -5.404490855945088e-06,
                    -0.471328364153888,
                    0.08270306224378166
                ],
                [
                    0.0,
                    0.0,
                    0.0,
                    1.0
                ]
            ],
            "size": [
                0.09102,
                0.10007,
                0.11882
            ]
        },
        "distance": 0.05735611915429913
    },
    {
        "case": 12,
        "collider1": {
            "type": "Box",
            "collider2origin": [
                [
                    0.907778172512869,
                    0.4194505805326725,
                    0.0,
                    -0.7418785952877999
                ],
                [
                    -0.4194505805326725,
                    0.907778172512869,
                    0.0,
                    1.2791466490804724
                ],
                [
                    0.0,
                    0.0,
                    1.0,
                    0.27
                ],
                [
                    0.0,
                    0.0,
                    0.0,
                    1.0
                ]
            ],
            "size": [
                0.52,
                1.16,
                0.6
            ]
        },
        "collider2": {
            "type": "Box",
            "collider2origin": [
                [
                    0.9206743142105176,
                    0.2603311180449864,
                    -0.2908376112720639,
                    -0.26879950878111053
                ],
                [
                    0.3775894669294942,
                    -0.40517050417117106,
                    0.8326241991520421,
                    1.9321036353372105
                ],
                [
                    0.09891916708552125,
                    -0.876392932152654,
                    -0.471328364153888,
                    0.029098836665840677
                ],
                [
                    0.0,
                    0.0,
                    0.0,
                    1.0
                ]
            ],
            "size": [
                0.09126,
                0.11887,
                0.10009
            ]
        },
        "distance": 0.1308203970293534
    }
]