[
    {
        "case": 0,
        "collider1": {
            "type": "Box",
            "collider2origin": [
                [
                    0.9077781725128689,
                    0.4194505805326724,
                    0.0,
                    0.4158817547107895
                ],
                [
                    -0.4194505805326724,
                    0.9077781725128689,
                    0.0,
                    0.733173894971941
                ],
                [
                    0.0,
                    0.0,
                    1.0,
                    -0.6599999999999999
                ],
                [
                    0.0,
                    0.0,
                    0.0,
                    1.0
                ]
            ],
            "size": [
                0.6,
                1.0,
                0.8
            ]
        },
        "collider2": {
            "type": "Box",
            "collider2origin": [
                [
                    0.39254539581583564,
                    -0.6777807468333888,
                    -0.6217084296080941,
                    -0.004832899642960076
                ],
                [
                    -0.361849513230457,
                    -0.7352640744591216,
                    0.5731070323985324,
                    0.8436165338257245
                ],
                [
                    -0.8455607855137738,
                    -5.63425276014326e-06,
                    -0.5338791604563573,
                    -0.2627647486871938
                ],
                [
                    0.0,
                    0.0,
                    0.0,
                    1.0
                ]
            ],
            "size": [
                0.15068,
                0.17726,
                0.74884
            ]
        },
        "distance": 0.0
    },
    {
        "case": 1,
        "collider1": {
            "type": "Box",
            "collider2origin": [
                [
                    0.9077781725128689,
                    0.4194505805326724,
                    0.0,
                    0.27063700059322826
                ],
                [
                    -0.4194505805326724,
                    0.9077781725128689,
                    0.0,
                    0.8002854543438492
                ],
                [
                    0.0,
                    0.0,
                    1.0,
                    -0.25
                ],
                [
                    0.0,
                    0.0,
                    0.0,
                    1.0
                ]
            ],
            "size": [
                0.2,
                0.2,
                0.02
            ]
        },
        "collider2": {
            "type": "Box",
            "collider2origin": [
                [
                    0.39254539581583564,
                    -0.6777807468333888,
                    -0.6217084296080941,
                    -0.004832899642960076
                ],
                [
                    -0.361849513230457,
                    -0.7352640744591216,
                    0.5731070323985324,
                    0.8436165338257245
                ],
                [
                    -0.8455607855137738,
                    -5.63425276014326e-06,
                    -0.5338791604563573,
                    -0.2627647486871938
                ],
                [
                    0.0,
                    0.0,
                    0.0,
                    1.0
                ]
            ],
            "size": [
                0.15068,
                0.17726,
                0.74884
            ]
        },
        "distance": 0.0
    },
    {
        "case": 2,
        "collider1": {
            "type": "Box",
            "collider2origin": [
                [
                    0.907778172512869,
                    0.4194505805326725,
                    0.0,
                    -1.612083837096907
                ],
                [
                    -0.4194505805326725,
                    0.907778172512869,
                    0.0,
                    -0.24654756573714753
                ],
                [
                    0.0,
                    0.0,
                    1.0,
                    -0.040000000000000036
                ],
                [
                    0.0,
                    0.0,
                    0.0,
                    1.0
                ]
            ],
            "size": [
                2.0,
                2.0,
                2.0
            ]
        },
        "collider2": {
            "type": "Box",
            "collider2origin": [
                [
                    0.39254539581583564,
                    -0.6777807468333888,
                    -0.6217084296080941,
                    -0.004832899642960076
                ],
                [
                    -0.361849513230457,
                    -0.7352640744591216,
                    0.5731070323985324,
                    0.8436165338257245
                ],
                [
                    -0.8455607855137738,
                    -5.63425276014326e-06,
                    -0.5338791604563573,
                    -0.2627647486871938
                ],
                [
                    0.0,
                    0.0,
                    0.0,
                    1.0
                ]
            ],
            "size": [
                0.15068,
                0.17726,
                0.74884
            ]
        },
        "distance": 0.5436711873149165
    },
    {
        "case": 3,
        "collider1": {
            "type": "Box",
            "collider2origin": [
                [
                    0.907778172512869,
                    0.4194505805326725,
                    0.0,
                    -0.7418785952877999
                ],
                [
                    -0.4194505805326725,
                    0.907778172512869,
                    0.0,
                    1.2791466490804724
                ],
                [
                    0.0,
                    0.0,
                    1.0,
                    0.27
                ],
                [
                    0.0,
                    0.0,
                    0.0,
                    1.0
                ]
            ],
            "size": [
                0.52,
                1.16,
                0.6
            ]
        },
        "collider2": {
            "type": "Box",
            "collider2origin": [
                [
                    0.39254539581583564,
                    -0.6777807468333888,
                    -0.6217084296080941,
                    -0.004832899642960076
                ],
                [
                    -0.361849513230457,
                    -0.7352640744591216,
                    0.5731070323985324,
                    0.8436165338257245
                ],
                [
                    -0.8455607855137738,
                    -5.63425276014326e-06,
                    -0.5338791604563573,
                    -0.2627647486871938
                ],
                [
                    0.0,
                    0.0,
                    0.0,
                    1.0
                ]
            ],
            "size": [
                0.15068,
                0.17726,
                0.74884
            ]
        },
        "distance": 0.43181260829615
    },
    {
        "case": 4,
        "collider1": {
            "type": "Box",
            "collider2origin": [
                [
                    0.9077781725128689,
                    0.4194505805326724,
                    0.0,
                    0.4158817547107895
                ],
                [
                    -0.4194505805326724,
                    0.9077781725128689,
                    0.0,
                    0.733173894971941
                ],
                [
                    0.0,
                    0.0,
                    1.0,
                    -0.6599999999999999
                ],
                [
                    0.0,
                    0.0,
                    0.0,
                    1.0
                ]
            ],
            "size": [
                0.6,
                1.0,
                0.8
            ]
        },
        "collider2": {
            "type": "Box",
            "collider2origin": [
                [
                    0.39254539581583564,
                    -0.6777807468333888,
                    -0.6217084296080941,
                    -0.004832899642960076
                ],
                [
                    -0.361849513230457,
                    -0.7352640744591216,
                    0.5731070323985324,
                    0.8436165338257245
                ],
                [
                    -0.8455607855137738,
                    -5.63425276014326e-06,
                    -0.5338791604563573,
                    -0.2627647486871938
                ],
                [
                    0.0,
                    0.0,
                    0.0,
                    1.0
                ]
            ],
            "size": [
                0.15068,
                0.17726,
                0.74884
            ]
        },
        "distance": 0.0
    },
    {
        "case": 5,
        "collider1": {
            "type": "Box",
            "collider2origin": [
                [
                    0.9077781725128689,
                    0.4194505805326724,
                    0.0,
                    0.27063700059322826
                ],
                [
                    -0.4194505805326724,
                    0.9077781725128689,
                    0.0,
                    0.8002854543438492
                ],
                [
                    0.0,
                    0.0,
                    1.0,
                    -0.25
                ],
                [
                    0.0,
                    0.0,
                    0.0,
                    1.0
                ]
            ],
            "size": [
                0.2,
                0.2,
                0.02
            ]
        },
        "collider2": {
            "type": "Box",
            "collider2origin": [
                [
                    0.39254539581583564,
                    -0.6777807468333888,
                    -0.6217084296080941,
                    -0.004832899642960076
                ],
                [
                    -0.361849513230457,
                    -0.7352640744591216,
                    0.5731070323985324,
                    0.8436165338257245
                ],
                [
                    -0.8455607855137738,
                    -5.63425276014326e-06,
                    -0.5338791604563573,
                    -0.2627647486871938
                ],
                [
                    0.0,
                    0.0,
                    0.0,
                    1.0
                ]
            ],
            "size": [
                0.15068,
                0.17726,
                0.74884
            ]
        },
        "distance": 0.0
    },
    {
        "case": 6,
        "collider1": {
            "type": "Box",
            "collider2origin": [
                [
                    0.907778172512869,
                    0.4194505805326725,
                    0.0,
                    -1.612083837096907
                ],
                [
                    -0.4194505805326725,
                    0.907778172512869,
                    0.0,
                    -0.24654756573714753
                ],
                [
                    0.0,
                    0.0,
                    1.0,
                    -0.040000000000000036
                ],
                [
                    0.0,
                    0.0,
                    0.0,
                    1.0
                ]
            ],
            "size": [
                2.0,
                2.0,
                2.0
            ]
        },
        "collider2": {
            "type": "Box",
            "collider2origin": [
                [
                    0.39254539581583564,
                    -0.6777807468333888,
                    -0.6217084296080941,
                    -0.004832899642960076
                ],
                [
                    -0.361849513230457,
                    -0.7352640744591216,
                    0.5731070323985324,
                    0.8436165338257245
                ],
                [
                    -0.8455607855137738,
                    -5.63425276014326e-06,
                    -0.5338791604563573,
                    -0.2627647486871938
                ],
                [
                    0.0,
                    0.0,
                    0.0,
                    1.0
                ]
            ],
            "size": [
                0.15068,
                0.17726,
                0.74884
            ]
        },
        "distance": 0.5436711873149165
    },
    {
        "case": 7,
        "collider1": {
            "type": "Box",
            "collider2origin": [
                [
                    0.907778172512869,
                    0.4194505805326725,
                    0.0,
                    -0.7418785952877999
                ],
                [
                    -0.4194505805326725,
                    0.907778172512869,
                    0.0,
                    1.2791466490804724
                ],
                [
                    0.0,
                    0.0,
                    1.0,
                    0.27
                ],
                [
                    0.0,
                    0.0,
                    0.0,
                    1.0
                ]
            ],
            "size": [
                0.52,
                1.16,
                0.6
            ]
        },
        "collider2": {
            "type": "Box",
            "collider2origin": [
                [
                    0.39254539581583564,
                    -0.6777807468333888,
                    -0.6217084296080941,
                    -0.004832899642960076
                ],
                [
                    -0.361849513230457,
                    -0.7352640744591216,
                    0.5731070323985324,
                    0.8436165338257245
                ],
                [
                    -0.8455607855137738,
                    -5.63425276014326e-06,
                    -0.5338791604563573,
                    -0.2627647486871938
                ],
                [
                    0.0,
                    0.0,
                    0.0,
                    1.0
                ]
            ],
            "size": [
                0.15068,
                0.17726,
                0.74884
            ]
        },
        "distance": 0.43181260829615
    },
    {
        "case": 8,
        "collider1": {
            "type": "Box",
            "collider2origin": [
                [
                    0.9077781725128689,
                    0.4194505805326724,
                    0.0,
                    0.4158817547107895
                ],
                [
                    -0.4194505805326724,
                    0.9077781725128689,
                    0.0,
                    0.733173894971941
                ],
                [
                    0.0,
                    0.0,
                    1.0,
                    -0.6599999999999999
                ],
                [
                    0.0,
                    0.0,
                    0.0,
                    1.0
                ]
            ],
            "size": [
                0.6,
                1.0,
                0.8
            ]
        },
        "collider2": {
            "type": "Box",
            "collider2origin": [
                [
                    0.72095668024276,
                    -0.6777789934002443,
                    -0.1443506193914325,
                    -0.15368001475449333
                ],
                [
                    -0.664586789304306,
                    -0.7352656907896813,
                    0.13307427786678674,
                    1.1526569837837268
                ],
                [
                    -0.19633100798277514,
                    -7.274921101142733e-06,
                    -0.980537676609901,
                    -0.7043555425151535
                ],
                [
                    0.0,
                    0.0,
                    0.0,
                    1.0
                ]
            ],
            "size": [
                0.1202,
                0.13634,
                0.67816
            ]
        },
        "distance": 0.2526227534982962
    },
    {
        "case": 9,
        "collider1": {
            "type": "Box",
            "collider2origin": [
                [
                    0.907778172512869,
                    0.4194505805326725,
                    0.0,
                    -1.612083837096907
                ],
                [
                    -0.4194505805326725,
                    0.907778172512869,
                    0.0,
                    -0.24654756573714753
                ],
                [
                    0.0,
                    0.0,
                    1.0,
                    -0.040000000000000036
                ],
                [
                    0.0,
                    0.0,
                    0.0,
                    1.0
                ]
            ],
            "size": [
                2.0,
                2.0,
                2.0
            ]
        },
        "collider2": {
            "type": "Box",
            "collider2origin": [
                [
                    0.72095668024276,
                    -0.6777789934002443,
                    -0.1443506193914325,
                    -0.15368001475449333
                ],
                [
                    -0.664586789304306,
                    -0.7352656907896813,
                    0.13307427786678674,
                    1.1526569837837268
                ],
                [
                    -0.19633100798277514,
                    -7.274921101142733e-06,
                    -0.980537676609901,
                    -0.7043555425151535
                ],
                [
                    0.0,
                    0.0,
                    0.0,
                    1.0
                ]
            ],
            "size": [
                0.1202,
                0.13634,
                0.67816
            ]
        },
        "distance": 0.7785001735897754
    },
    {
        "case": 10,
        "collider1": {
            "type": "Cylinder",
            "collider2origin": [
                [
                    0.907778172512869,
                    0.4194505805326725,
                    0.0,
                    -0.07232761537572224
                ],
                [
                    -0.4194505805326725,
                    0.907778172512869,
                    0.0,
                    1.2000044650142188
                ],
                [
                    0.0,
                    0.0,
                    1.0,
                    -0.5800000000000001
                ],
                [
                    0.0,
                    0.0,
                    0.0,
                    1.0
                ]
            ],
            "radius": 0.04,
            "height": 0.96
        },
        "collider2": {
            "type": "Box",
            "collider2origin": [
                [
                    0.72095668024276,
                    -0.6777789934002443,
                    -0.1443506193914325,
                    -0.15368001475449333
                ],
                [
                    -0.664586789304306,
                    -0.7352656907896813,
                    0.13307427786678674,
                    1.1526569837837268
                ],
                [
                    -0.19633100798277514,
                    -7.274921101142733e-06,
                    -0.980537676609901,
                    -0.7043555425151535
                ],
                [
                    0.0,
                    0.0,
                    0.0,
                    1.0
                ]
            ],
            "size": [
                0.1202,
                0.13634,
                0.67816
            ]
        },
        "distance": 0.0
    },
    {
        "case": 11,
        "collider1": {
            "type": "Box",
            "collider2origin": [
                [
                    0.907778172512869,
                    0.4194505805326725,
                    0.0,
                    -1.612083837096907
                ],
                [
                    -0.4194505805326725,
                    0.907778172512869,
                    0.0,
                    -0.24654756573714753
                ],
                [
                    0.0,
                    0.0,
                    1.0,
                    -0.040000000000000036
                ],
                [
                    0.0,
                    0.0,
                    0.0,
                    1.0
                ]
            ],
            "size": [
                2.0,
                2.0,
                2.0
            ]
        },
        "collider2": {
            "type": "Box",
            "collider2origin": [
                [
                    0.06167877670339358,
                    -0.6777811544257821,
                    -0.7326721198528212,
                    -0.273425374796018
                ],
                [
                    -0.056851365375974815,
                    -0.7352636987431129,
                    0.6753926380746863,
                    1.1110419561198486
                ],
                [
                    -0.9964756147338781,
                    -3.981324381737269e-06,
                    -0.08388294954809787,
                    -0.9906166213655494
                ],
                [
                    0.0,
                    0.0,
                    0.0,
                    1.0
                ]
            ],
            "size": [
                0.09102,
                0.10007,
                0.11882
            ]
        },
        "distance": 0.7269321872727432
    }
]