[
    {
        "case": 0,
        "collider1": {
            "type": "Box",
            "collider2origin": [
                [
                    0.907778172512869,
                    0.4194505805326725,
                    0.0,
                    -1.612083837096907
                ],
                [
                    -0.4194505805326725,
                    0.907778172512869,
                    0.0,
                    -0.24654756573714753
                ],
                [
                    0.0,
                    0.0,
                    1.0,
                    -0.040000000000000036
                ],
                [
                    0.0,
                    0.0,
                    0.0,
                    1.0
                ]
            ],
            "size": [
                2.0,
                2.0,
                2.0
            ]
        },
        "collider2": {
            "type": "Box",
            "collider2origin": [
                [
                    0.7748440638641916,
                    -0.5028192845693167,
                    -0.3831311051841461,
                    -0.08496713999587535
                ],
                [
                    0.45072942060428073,
                    0.8643915588811911,
                    -0.2228681725520125,
                    0.6318293090746901
                ],
                [
                    0.4432377083418716,
                    -3.805289406110088e-07,
                    0.8964041130559927,
                    0.6859260088540187
                ],
                [
                    0.0,
                    0.0,
                    0.0,
                    1.0
                ]
            ],
            "size": [
                0.1202,
                0.13634,
                0.67816
            ]
        },
        "distance": 0.23161393168355637
    },
    {
        "case": 1,
        "collider1": {
            "type": "Box",
            "collider2origin": [
                [
                    0.907778172512869,
                    0.4194505805326725,
                    0.0,
                    -0.7418785952877999
                ],
                [
                    -0.4194505805326725,
                    0.907778172512869,
                    0.0,
                    1.2791466490804724
                ],
                [
                    0.0,
                    0.0,
                    1.0,
                    0.27
                ],
                [
                    0.0,
                    0.0,
                    0.0,
                    1.0
                ]
            ],
            "size": [
                0.52,
                1.16,
                0.6
            ]
        },
        "collider2": {
            "type": "Box",
            "collider2origin": [
                [
                    0.7748440638641916,
                    -0.5028192845693167,
                    -0.3831311051841461,
                    -0.08496713999587535
                ],
                [
                    0.45072942060428073,
                    0.8643915588811911,
                    -0.2228681725520125,
                    0.6318293090746901
                ],
                [
                    0.4432377083418716,
                    -3.805289406110088e-07,
                    0.8964041130559927,
                    0.6859260088540187
                ],
                [
                    0.0,
                    0.0,
                    0.0,
                    1.0
                ]
            ],
            "size": [
                0.1202,
                0.13634,
                0.67816
            ]
        },
        "distance": 0.5256885863501263
    },
    {
        "case": 2,
        "collider1": {
            "type": "Box",
            "collider2origin": [
                [
                    0.907778172512869,
                    0.4194505805326725,
                    0.0,
                    -1.612083837096907
                ],
                [
                    -0.4194505805326725,
                    0.907778172512869,
                    0.0,
                    -0.24654756573714753
                ],
                [
                    0.0,
                    0.0,
                    1.0,
                    -0.040000000000000036
                ],
                [
                    0.0,
                    0.0,
                    0.0,
                    1.0
                ]
            ],
            "size": [
                2.0,
                2.0,
                2.0
            ]
        },
        "collider2": {
            "type": "Box",
            "collider2origin": [
                [
                    0.6528063905609315,
                    0.2395816198553919,
                    -0.718640705686976,
                    -0.33484326883016974
                ],
                [
                    -0.6808935166419565,
                    0.601356819214306,
                    -0.41803587762224664,
                    0.6213199131189142
                ],
                [
                    0.3320057762114359,
                    0.7622142896928126,
                    0.555699146256608,
                    1.011494355609528
                ],
                [
                    0.0,
                    0.0,
                    0.0,
                    1.0
                ]
            ],
            "size": [
                0.09126,
                0.11887,
                0.10009
            ]
        },
        "distance": 0.24044352854438342
    },
    {
        "case": 3,
        "collider1": {
            "type": "Box",
            "collider2origin": [
                [
                    0.907778172512869,
                    0.4194505805326725,
                    0.0,
                    -1.612083837096907
                ],
                [
                    -0.4194505805326725,
                    0.907778172512869,
                    0.0,
                    -0.24654756573714753
                ],
                [
                    0.0,
                    0.0,
                    1.0,
                    -0.040000000000000036
                ],
                [
                    0.0,
                    0.0,
                    0.0,
                    1.0
                ]
            ],
            "size": [
                2.0,
                2.0,
                2.0
            ]
        },
        "collider2": {
            "type": "Box",
            "collider2origin": [
                [
                    0.4803405706880093,
                    -0.5028205169648935,
                    -0.718640705686976,
                    -0.25490468833498586
                ],
                [
                    0.27941810482519575,
                    0.8643908419901809,
                    -0.41803587762224664,
                    0.6622707258655913
                ],
                [
                    0.831383460773074,
                    -1.6320081634024769e-06,
                    0.555699146256608,
                    0.9488994087401239
                ],
                [
                    0.0,
                    0.0,
                    0.0,
                    1.0
                ]
            ],
            "size": [
                0.09102,
                0.10007,
                0.11882
            ]
        },
        "distance": 0.304400313014916
    }
]