[
    {
        "case": 0,
        "collider1": {
            "type": "Box",
            "collider2origin": [
                [
                    0.8404842512412337,
                    -0.5418359746412772,
                    0.0,
                    0.011439976095501792
                ],
                [
                    0.5418359746412771,
                    0.8404842512412338,
                    0.0,
                    1.4325762997644957
                ],
                [
                    0.0,
                    0.0,
                    1.0,
                    -0.21500000000000008
                ],
                [
                    0.0,
                    0.0,
                    0.0,
                    1.0
                ]
            ],
            "size": [
                0.2,
                0.3,
                0.22
            ]
        },
        "collider2": {
            "type": "Box",
            "collider2origin": [
                [
                    -0.018734024075082567,
                    -0.3493262662934303,
                    0.9368138534519254,
                    0.5200455126852948
                ],
                [
                    -0.006988286585961445,
                    0.9370011524344323,
                    0.3492563588356531,
                    1.068312110880524
                ],
                [
                    -0.9998000801122925,
                    -3.7466508181415466e-06,
                    -0.01999499420894913,
                    -0.10859966116851139
                ],
                [
                    0.0,
                    0.0,
                    0.0,
                    1.0
                ]
            ],
            "size": [
                0.15068,
                0.17726,
                0.74884
            ]
        },
        "distance": 0.2653107347378713
    },
    {
        "case": 1,
        "collider1": {
            "type": "Box",
            "collider2origin": [
                [
                    0.8404842512412337,
                    -0.5418359746412772,
                    0.0,
                    0.011439976095501792
                ],
                [
                    0.5418359746412771,
                    0.8404842512412338,
                    0.0,
                    1.4325762997644957
                ],
                [
                    0.0,
                    0.0,
                    1.0,
                    -0.21500000000000008
                ],
                [
                    0.0,
                    0.0,
                    0.0,
                    1.0
                ]
            ],
            "size": [
                0.2,
                0.3,
                0.22
            ]
        },
        "collider2": {
            "type": "Box",
            "collider2origin": [
                [
                    -0.018734024075082567,
                    -0.3493262662934303,
                    0.9368138534519254,
                    0.5200455126852948
                ],
                [
                    -0.006988286585961445,
                    0.9370011524344323,
                    0.3492563588356531,
                    1.068312110880524
                ],
                [
                    -0.9998000801122925,
                    -3.7466508181415466e-06,
                    -0.01999499420894913,
                    -0.10859966116851139
                ],
                [
                    0.0,
                    0.0,
                    0.0,
                    1.0
                ]
            ],
            "size": [
                0.15068,
                0.17726,
                0.74884
            ]
        },
        "distance": 0.2653107347378713
    }
]