[
    {
        "case": 0,
        "collider1": {
            "type": "Box",
            "collider2origin": [
                [
                    1.0,
                    0.0,
                    0.0,
                    0.35
                ],
                [
                    0.0,
                    1.0,
                    0.0,
                    -0.34649
                ],
                [
                    0.0,
                    0.0,
                    1.0,
                    -0.54511
                ],
                [
                    0.0,
                    0.0,
                    0.0,
                    1.0
                ]
            ],
            "size": [
                0.7,
                0.7,
                1.1
            ]
        },
        "collider2": {
            "type": "Cylinder",
            "collider2origin": [
                [
                    -0.3270295120156904,
                    -0.6535078117897962,
                    -0.6826267195184281,
                    0.2965108316224497
                ],
                [
                    0.7099960802079778,
                    -0.6466229650003739,
                    0.278898381536056,
                    -0.1916468456565097
                ],
                [
                    -0.6236643843928286,
                    -0.3934542934876127,
                    0.6754527774582597,
                    -0.2886500948969891
                ],
                [
                    0.0,
                    0.0,
                    0.0,
                    1.0
                ]
            ],
            "radius": 0.0076,
            "height": 0.02993
        },
        "distance": 0.0
    },
    {
        "case": 1,
        "collider1": {
            "type": "Box",
            "collider2origin": [
                [
                    1.0,
                    0.0,
                    0.0,
                    0.35
                ],
                [
                    0.0,
                    1.0,
                    0.0,
                    -0.34649
                ],
                [
                    0.0,
                    0.0,
                    1.0,
                    -0.54511
                ],
                [
                    0.0,
                    0.0,
                    0.0,
                    1.0
                ]
            ],
            "size": [
                0.7,
                0.7,
                1.1
            ]
        },
        "collider2": {
            "type": "Cylinder",
            "collider2origin": [
                [
                    -0.4825871622374892,
                    -0.4452733022797888,
                    -0.7542156966812734,
                    0.2600078083750261
                ],
                [
                    0.6438840523030082,
                    -0.7641218022931225,
                    0.03913053092109127,
                    -0.18113372257141758
                ],
                [
                    -0.5937364381890538,
                    -0.46674356721561905,
                    0.6554597504266866,
                    -0.29405637106912985
                ],
                [
                    0.0,
                    0.0,
                    0.0,
                    1.0
                ]
            ],
            "radius": 0.00683,
            "height": 0.01183
        },
        "distance": 0.0
    },
    {
        "case": 2,
        "collider1": {
            "type": "Box",
            "collider2origin": [
                [
                    1.0,
                    0.0,
                    0.0,
                    0.35
                ],
                [
                    0.0,
                    1.0,
                    0.0,
                    -0.34649
                ],
                [
                    0.0,
                    0.0,
                    1.0,
                    -0.54511
                ],
                [
                    0.0,
                    0.0,
                    0.0,
                    1.0
                ]
            ],
            "size": [
                0.7,
                0.7,
                1.1
            ]
        },
        "collider2": {
            "type": "Cylinder",
            "collider2origin": [
                [
                    -0.26531336610612916,
                    0.08132435461491576,
                    -0.9607263747352326,
                    0.21544472509801757
                ],
                [
                    0.3751489690445606,
                    -0.909208342525176,
                    -0.18056422931307675,
                    -0.19412260879290955
                ],
                [
                    -0.8881847042086678,
                    -0.4083216124932513,
                    0.210716378055129,
                    -0.3100237419385019
                ],
                [
                    0.0,
                    0.0,
                    0.0,
                    1.0
                ]
            ],
            "radius": 0.01271,
            "height": 0.05982
        },
        "distance": 0.0
    },
    {
        "case": 3,
        "collider1": {
            "type": "Box",
            "collider2origin": [
                [
                    1.0,
                    0.0,
                    0.0,
                    0.35
                ],
                [
                    0.0,
                    1.0,
                    0.0,
                    -0.34649
                ],
                [
                    0.0,
                    0.0,
                    1.0,
                    -0.54511
                ],
                [
                    0.0,
                    0.0,
                    0.0,
                    1.0
                ]
            ],
            "size": [
                0.7,
                0.7,
                1.1
            ]
        },
        "collider2": {
            "type": "Cylinder",
            "collider2origin": [
                [
                    -0.23147775130200626,
                    0.16976614614139618,
                    -0.9579130995432021,
                    0.2300515393640201
                ],
                [
                    0.3399736129538903,
                    -0.9084566638274502,
                    -0.2431551612501321,
                    -0.1933003070937548
                ],
                [
                    -0.9115020532874539,
                    -0.3819501872912189,
                    0.15257149563715208,
                    -0.31245620918680717
                ],
                [
                    0.0,
                    0.0,
                    0.0,
                    1.0
                ]
            ],
            "radius": 0.01169,
            "height": 0.05502
        },
        "distance": 0.0
    },
    {
        "case": 4,
        "collider1": {
            "type": "Box",
            "collider2origin": [
                [
                    1.0,
                    0.0,
                    0.0,
                    0.35
                ],
                [
                    0.0,
                    1.0,
                    0.0,
                    -0.34649
                ],
                [
                    0.0,
                    0.0,
                    1.0,
                    -0.54511
                ],
                [
                    0.0,
                    0.0,
                    0.0,
                    1.0
                ]
            ],
            "size": [
                0.7,
                0.7,
                1.1
            ]
        },
        "collider2": {
            "type": "Cylinder",
            "collider2origin": [
                [
                    -0.4825871622374892,
                    -0.7606857655085724,
                    -0.43412762754310363,
                    0.2778706000667106
                ],
                [
                    0.6438840523030082,
                    -0.6441392396235226,
                    0.4129139948791838,
                    -0.18851253799291146
                ],
                [
                    -0.5937364381890538,
                    -0.08026086300225427,
                    0.8006467609606052,
                    -0.3165772825949763
                ],
                [
                    0.0,
                    0.0,
                    0.0,
                    1.0
                ]
            ],
            "radius": 0.00813,
            "height": 0.03824
        },
        "distance": 0.0
    },
    {
        "case": 5,
        "collider1": {
            "type": "Box",
            "collider2origin": [
                [
                    1.0,
                    0.0,
                    0.0,
                    0.35
                ],
                [
                    0.0,
                    1.0,
                    0.0,
                    -0.34649
                ],
                [
                    0.0,
                    0.0,
                    1.0,
                    -0.54511
                ],
                [
                    0.0,
                    0.0,
                    0.0,
                    1.0
                ]
            ],
            "size": [
                0.7,
                0.7,
                1.1
            ]
        },
        "collider2": {
            "type": "Sphere",
            "collider2origin": [
                [
                    1.0,
                    0.0,
                    0.0,
                    0.3070019528903519
                ],
                [
                    0.0,
                    1.0,
                    0.0,
                    -0.19733255317807197
                ],
                [
                    0.0,
                    0.0,
                    1.0,
                    -0.3000759823689285
                ],
                [
                    0.0,
                    0.0,
                    0.0,
                    1.0
                ]
            ],
            "radius": 0.00487
        },
        "distance": 0.0
    },
    {
        "case": 6,
        "collider1": {
            "type": "Box",
            "collider2origin": [
                [
                    1.0,
                    0.0,
                    0.0,
                    0.35
                ],
                [
                    0.0,
                    1.0,
                    0.0,
                    -0.34649
                ],
                [
                    0.0,
                    0.0,
                    1.0,
                    -0.54511
                ],
                [
                    0.0,
                    0.0,
                    0.0,
                    1.0
                ]
            ],
            "size": [
                0.7,
                0.7,
                1.1
            ]
        },
        "collider2": {
            "type": "Sphere",
            "collider2origin": [
                [
                    1.0,
                    0.0,
                    0.0,
                    0.2854008183679414
                ],
                [
                    0.0,
                    1.0,
                    0.0,
                    -0.19824265277729558
                ],
                [
                    0.0,
                    0.0,
                    1.0,
                    -0.33324982525104785
                ],
                [
                    0.0,
                    0.0,
                    0.0,
                    1.0
                ]
            ],
            "radius": 0.00563
        },
        "distance": 0.0
    },
    {
        "case": 7,
        "collider1": {
            "type": "Box",
            "collider2origin": [
                [
                    1.0,
                    0.0,
                    0.0,
                    0.35
                ],
                [
                    0.0,
                    1.0,
                    0.0,
                    -0.34649
                ],
                [
                    0.0,
                    0.0,
                    1.0,
                    -0.54511
                ],
                [
                    0.0,
                    0.0,
                    0.0,
                    1.0
                ]
            ],
            "size": [
                0.7,
                0.7,
                1.1
            ]
        },
        "collider2": {
            "type": "Sphere",
            "collider2origin": [
                [
                    1.0,
                    0.0,
                    0.0,
                    0.2845122969176468
                ],
                [
                    0.0,
                    1.0,
                    0.0,
                    -0.14958414440361834
                ],
                [
                    0.0,
                    0.0,
                    1.0,
                    -0.3321227255086474
                ],
                [
                    0.0,
                    0.0,
                    0.0,
                    1.0
                ]
            ],
            "radius": 0.00663
        },
        "distance": 0.0
    },
    {
        "case": 8,
        "collider1": {
            "type": "Box",
            "collider2origin": [
                [
                    1.0,
                    0.0,
                    0.0,
                    0.35
                ],
                [
                    0.0,
                    1.0,
                    0.0,
                    -0.34649
                ],
                [
                    0.0,
                    0.0,
                    1.0,
                    -0.54511
                ],
                [
                    0.0,
                    0.0,
                    0.0,
                    1.0
                ]
            ],
            "size": [
                0.7,
                0.7,
                1.1
            ]
        },
        "collider2": {
            "type": "Cylinder",
            "collider2origin": [
                [
                    -0.32542991604541965,
                    -0.20374395920563437,
                    -0.9233546278813376,
                    0.26677190696541414
                ],
                [
                    0.7150264839659962,
                    -0.6920076520729592,
                    -0.09931030510322006,
                    -0.18833887669383487
                ],
                [
                    -0.6187345933192162,
                    -0.6925415572799094,
                    0.3708823188970074,
                    -0.26918576080652656
                ],
                [
                    0.0,
                    0.0,
                    0.0,
                    1.0
                ]
            ],
            "radius": 0.00783,
            "height": 0.03683
        },
        "distance": 0.0
    },
    {
        "case": 9,
        "collider1": {
            "type": "Box",
            "collider2origin": [
                [
                    1.0,
                    0.0,
                    0.0,
                    0.35
                ],
                [
                    0.0,
                    1.0,
                    0.0,
                    -0.34649
                ],
                [
                    0.0,
                    0.0,
                    1.0,
                    -0.54511
                ],
                [
                    0.0,
                    0.0,
                    0.0,
                    1.0
                ]
            ],
            "size": [
                0.7,
                0.7,
                1.1
            ]
        },
        "collider2": {
            "type": "Cylinder",
            "collider2origin": [
                [
                    -0.15429517754914032,
                    -0.13221854757911378,
                    -0.9791380157368768,
                    0.2698235900104565
                ],
                [
                    0.7649538555317833,
                    -0.6432034774795645,
                    -0.03368806116793314,
                    -0.2053933118134046
                ],
                [
                    -0.6253307901360196,
                    -0.7541933056148566,
                    0.20038428250138943,
                    -0.25609643889634415
                ],
                [
                    0.0,
                    0.0,
                    0.0,
                    1.0
                ]
            ],
            "radius": 0.00783,
            "height": 0.03044
        },
        "distance": 0.0
    },
    {
        "case": 10,
        "collider1": {
            "type": "Box",
            "collider2origin": [
                [
                    1.0,
                    0.0,
                    0.0,
                    0.35
                ],
                [
                    0.0,
                    1.0,
                    0.0,
                    -0.34649
                ],
                [
                    0.0,
                    0.0,
                    1.0,
                    -0.54511
                ],
                [
                    0.0,
                    0.0,
                    0.0,
                    1.0
                ]
            ],
            "size": [
                0.7,
                0.7,
                1.1
            ]
        },
        "collider2": {
            "type": "Box",
            "collider2origin": [
                [
                    0.07789330478570276,
                    0.8723781634554099,
                    -0.4825857156979758,
                    0.10132418217479924
                ],
                [
                    0.706763746172461,
                    0.2930812888762712,
                    0.6438853665109132,
                    -0.24439140109859636
                ],
                [
                    0.7031483770626444,
                    -0.39122844737670803,
                    -0.593736188721371,
                    -0.22537659463331217
                ],
                [
                    0.0,
                    0.0,
                    0.0,
                    1.0
                ]
            ],
            "size": [
                0.08993,
                0.0305,
                0.09007
            ]
        },
        "distance": 0.0
    },
    {
        "case": 11,
        "collider1": {
            "type": "Box",
            "collider2origin": [
                [
                    1.0,
                    0.0,
                    0.0,
                    0.35
                ],
                [
                    0.0,
                    1.0,
                    0.0,
                    -0.34649
                ],
                [
                    0.0,
                    0.0,
                    1.0,
                    -0.54511
                ],
                [
                    0.0,
                    0.0,
                    0.0,
                    1.0
                ]
            ],
            "size": [
                0.7,
                0.7,
                1.1
            ]
        },
        "collider2": {
            "type": "Sphere",
            "collider2origin": [
                [
                    1.0,
                    0.0,
                    0.0,
                    0.2519018502127549
                ],
                [
                    0.0,
                    1.0,
                    0.0,
                    -0.1879433074311445
                ],
                [
                    0.0,
                    0.0,
                    1.0,
                    -0.3153526501802413
                ],
                [
                    0.0,
                    0.0,
                    0.0,
                    1.0
                ]
            ],
            "radius": 0.01051
        },
        "distance": 0.0
    },
    {
        "case": 12,
        "collider1": {
            "type": "Box",
            "collider2origin": [
                [
                    1.0,
                    0.0,
                    0.0,
                    0.35
                ],
                [
                    0.0,
                    1.0,
                    0.0,
                    -0.34649
                ],
                [
                    0.0,
                    0.0,
                    1.0,
                    -0.54511
                ],
                [
                    0.0,
                    0.0,
                    0.0,
                    1.0
                ]
            ],
            "size": [
                0.7,
                0.7,
                1.1
            ]
        },
        "collider2": {
            "type": "Cylinder",
            "collider2origin": [
                [
                    -0.5976680188178595,
                    -0.4016830635950075,
                    -0.6938614095792209,
                    0.270292127877121
                ],
                [
                    0.5547129611228337,
                    -0.8320328239443872,
                    0.003861429976829772,
                    -0.14783208571740125
                ],
                [
                    -0.578866539061183,
                    -0.3825860639124972,
                    0.7200982111179489,
                    -0.3177392738082063
                ],
                [
                    0.0,
                    0.0,
                    0.0,
                    1.0
                ]
            ],
            "radius": 0.00796,
            "height": 0.03037
        },
        "distance": 0.0
    },
    {
        "case": 13,
        "collider1": {
            "type": "Box",
            "collider2origin": [
                [
                    1.0,
                    0.0,
                    0.0,
                    0.35
                ],
                [
                    0.0,
                    1.0,
                    0.0,
                    -0.34649
                ],
                [
                    0.0,
                    0.0,
                    1.0,
                    -0.54511
                ],
                [
                    0.0,
                    0.0,
                    0.0,
                    1.0
                ]
            ],
            "size": [
                0.7,
                0.7,
                1.1
            ]
        },
        "collider2": {
            "type": "Box",
            "collider2origin": [
                [
                    0.4840979375103039,
                    0.8723801852747467,
                    0.06783803681024764,
                    0.03640723920022848
                ],
                [
                    -0.6290501813481547,
                    0.2930815684585426,
                    0.7199993497050775,
                    -0.2696355543030746
                ],
                [
                    0.608231087863917,
                    -0.39122372955877704,
                    0.6906510965646816,
                    -0.1981564939245959
                ],
                [
                    0.0,
                    0.0,
                    0.0,
                    1.0
                ]
            ],
            "size": [
                0.09126,
                0.11887,
                0.10009
            ]
        },
        "distance": 0.0
    },
    {
        "case": 14,
        "collider1": {
            "type": "Box",
            "collider2origin": [
                [
                    1.0,
                    0.0,
                    0.0,
                    0.35
                ],
                [
                    0.0,
                    1.0,
                    0.0,
                    -0.34649
                ],
                [
                    0.0,
                    0.0,
                    1.0,
                    -0.54511
                ],
                [
                    0.0,
                    0.0,
                    0.0,
                    1.0
                ]
            ],
            "size": [
                0.7,
                0.7,
                1.1
            ]
        },
        "collider2": {
            "type": "Box",
            "collider2origin": [
                [
                    0.06478749338260685,
                    -0.9955905691914373,
                    0.06783803681024764,
                    0.03103051138065338
                ],
                [
                    0.6876056412570267,
                    0.09380521593055823,
                    0.7199993497050775,
                    -0.3494799812071414
                ],
                [
                    -0.7231881240816332,
                    -1.136301970820944e-06,
                    0.6906510965646816,
                    -0.2727199073873183
                ],
                [
                    0.0,
                    0.0,
                    0.0,
                    1.0
                ]
            ],
            "size": [
                0.09102,
                0.10007,
                0.11882
            ]
        },
        "distance": 0.0
    },
    {
        "case": 15,
        "collider1": {
            "type": "Box",
            "collider2origin": [
                [
                    1.0,
                    0.0,
                    0.0,
                    0.35
                ],
                [
                    0.0,
                    1.0,
                    0.0,
                    -0.34649
                ],
                [
                    0.0,
                    0.0,
                    1.0,
                    -0.54511
                ],
                [
                    0.0,
                    0.0,
                    0.0,
                    1.0
                ]
            ],
            "size": [
                0.7,
                0.7,
                1.1
            ]
        },
        "collider2": {
            "type": "Sphere",
            "collider2origin": [
                [
                    1.0,
                    0.0,
                    0.0,
                    0.30571368964894663
                ],
                [
                    0.0,
                    1.0,
                    0.0,
                    -0.21268743655067346
                ],
                [
                    0.0,
                    0.0,
                    1.0,
                    -0.27263573127106233
                ],
                [
                    0.0,
                    0.0,
                    0.0,
                    1.0
                ]
            ],
            "radius": 0.00484
        },
        "distance": 0.0
    },
    {
        "case": 16,
        "collider1": {
            "type": "Box",
            "collider2origin": [
                [
                    0.9077781725128689,
                    0.4194505805326724,
                    0.0,
                    0.4158817547107895
                ],
                [
                    -0.4194505805326724,
                    0.9077781725128689,
                    0.0,
                    0.733173894971941
                ],
                [
                    0.0,
                    0.0,
                    1.0,
                    -0.6599999999999999
                ],
                [
                    0.0,
                    0.0,
                    0.0,
                    1.0
                ]
            ],
            "size": [
                0.6,
                1.0,
                0.8
            ]
        },
        "collider2": {
            "type": "Box",
            "collider2origin": [
                [
                    -0.016020903393275707,
                    -0.9955911578544736,
                    -0.09242065275928171,
                    0.169115726578774
                ],
                [
                    -0.17000221693020587,
                    0.09379896792339855,
                    -0.9809694184098302,
                    -0.07532387011142505
                ],
                [
                    0.9853134409380999,
                    -4.30042488710918e-06,
                    -0.17075544819486077,
                    -0.22487772643078996
                ],
                [
                    0.0,
                    0.0,
                    0.0,
                    1.0
                ]
            ],
            "size": [
                0.1202,
                0.13634,
                0.67816
            ]
        },
        "distance": 0.03144184992035884
    },
    {
        "case": 17,
        "collider1": {
            "type": "Box",
            "collider2origin": [
                [
                    1.0,
                    0.0,
                    0.0,
                    0.35
                ],
                [
                    0.0,
                    1.0,
                    0.0,
                    -0.34649
                ],
                [
                    0.0,
                    0.0,
                    1.0,
                    -0.54511
                ],
                [
                    0.0,
                    0.0,
                    0.0,
                    1.0
                ]
            ],
            "size": [
                0.7,
                0.7,
                1.1
            ]
        },
        "collider2": {
            "type": "Box",
            "collider2origin": [
                [
                    -0.016020903393275707,
                    -0.9955911578544736,
                    -0.09242065275928171,
                    0.169115726578774
                ],
                [
                    -0.17000221693020587,
                    0.09379896792339855,
                    -0.9809694184098302,
                    -0.07532387011142505
                ],
                [
                    0.9853134409380999,
                    -4.30042488710918e-06,
                    -0.17075544819486077,
                    -0.22487772643078996
                ],
                [
                    0.0,
                    0.0,
                    0.0,
                    1.0
                ]
            ],
            "size": [
                0.1202,
                0.13634,
                0.67816
            ]
        },
        "distance": 0.0
    },
    {
        "case": 18,
        "collider1": {
            "type": "Box",
            "collider2origin": [
                [
                    1.0,
                    0.0,
                    0.0,
                    0.35
                ],
                [
                    0.0,
                    1.0,
                    0.0,
                    -0.34649
                ],
                [
                    0.0,
                    0.0,
                    1.0,
                    -0.54511
                ],
                [
                    0.0,
                    0.0,
                    0.0,
                    1.0
                ]
            ],
            "size": [
                0.7,
                0.7,
                1.1
            ]
        },
        "collider2": {
            "type": "Cylinder",
            "collider2origin": [
                [
                    -0.4825871622374892,
                    -0.4452733022797888,
                    -0.7542156966812734,
                    0.24769668742325168
                ],
                [
                    0.6438840523030082,
                    -0.7641218022931225,
                    0.03913053092109127,
                    -0.1804990798084103
                ],
                [
                    -0.5937364381890538,
                    -0.46674356721561905,
                    0.6554597504266866,
                    -0.28336168409502227
                ],
                [
                    0.0,
                    0.0,
                    0.0,
                    1.0
                ]
            ],
            "radius": 0.00683,
            "height": 0.01782
        },
        "distance": 0.0
    },
    {
        "case": 19,
        "collider1": {
            "type": "Box",
            "collider2origin": [
                [
                    1.0,
                    0.0,
                    0.0,
                    0.35
                ],
                [
                    0.0,
                    1.0,
                    0.0,
                    -0.34649
                ],
                [
                    0.0,
                    0.0,
                    1.0,
                    -0.54511
                ],
                [
                    0.0,
                    0.0,
                    0.0,
                    1.0
                ]
            ],
            "size": [
                0.7,
                0.7,
                1.1
            ]
        },
        "collider2": {
            "type": "Cylinder",
            "collider2origin": [
                [
                    -0.5976680188178595,
                    -0.0047202540424801116,
                    -0.8017297914410496,
                    0.24973767237205813
                ],
                [
                    0.5547129611228337,
                    -0.7244315343364092,
                    -0.4092584547951737,
                    -0.1521863558778781
                ],
                [
                    -0.578866539061183,
                    -0.6893305964925462,
                    0.4355879459931803,
                    -0.3006957914686147
                ],
                [
                    0.0,
                    0.0,
                    0.0,
                    1.0
                ]
            ],
            "radius": 0.00713,
            "height": 0.01426
        },
        "distance": 0.0
    },
    {
        "case": 20,
        "collider1": {
            "type": "Box",
            "collider2origin": [
                [
                    1.0,
                    0.0,
                    0.0,
                    0.35
                ],
                [
                    0.0,
                    1.0,
                    0.0,
                    -0.34649
                ],
                [
                    0.0,
                    0.0,
                    1.0,
                    -0.54511
                ],
                [
                    0.0,
                    0.0,
                    0.0,
                    1.0
                ]
            ],
            "size": [
                0.7,
                0.7,
                1.1
            ]
        },
        "collider2": {
            "type": "Box",
            "collider2origin": [
                [
                    -0.3993910735636643,
                    0.8864413191119689,
                    0.23389860651294134,
                    0.17453025813270406
                ],
                [
                    0.5332766613456712,
                    0.4321580259382945,
                    -0.7272244791542226,
                    -0.2156582747617779
                ],
                [
                    -0.7457229866523346,
                    -0.16571429747655525,
                    -0.6453185250635328,
                    -0.25427376442166594
                ],
                [
                    0.0,
                    0.0,
                    0.0,
                    1.0
                ]
            ],
            "size": [
                0.06241,
                0.05638,
                0.02858
            ]
        },
        "distance": 0.0
    },
    {
        "case": 21,
        "collider1": {
            "type": "Box",
            "collider2origin": [
                [
                    1.0,
                    0.0,
                    0.0,
                    0.35
                ],
                [
                    0.0,
                    1.0,
                    0.0,
                    -0.34649
                ],
                [
                    0.0,
                    0.0,
                    1.0,
                    -0.54511
                ],
                [
                    0.0,
                    0.0,
                    0.0,
                    1.0
                ]
            ],
            "size": [
                0.7,
                0.7,
                1.1
            ]
        },
        "collider2": {
            "type": "Cylinder",
            "collider2origin": [
                [
                    -0.1541742416035236,
                    -0.5007225475424908,
                    -0.8517671240477271,
                    0.29393994526972445
                ],
                [
                    0.7603778837468983,
                    -0.6106080466967476,
                    0.22132168266523358,
                    -0.20799267322365345
                ],
                [
                    -0.6309166166258158,
                    -0.6135427806532642,
                    0.4748783835611946,
                    -0.2655895379302574
                ],
                [
                    0.0,
                    0.0,
                    0.0,
                    1.0
                ]
            ],
            "radius": 0.0076,
            "height": 0.02993
        },
        "distance": 0.0
    },
    {
        "case": 22,
        "collider1": {
            "type": "Box",
            "collider2origin": [
                [
                    1.0,
                    0.0,
                    0.0,
                    0.35
                ],
                [
                    0.0,
                    1.0,
                    0.0,
                    -0.34649
                ],
                [
                    0.0,
                    0.0,
                    1.0,
                    -0.54511
                ],
                [
                    0.0,
                    0.0,
                    0.0,
                    1.0
                ]
            ],
            "size": [
                0.7,
                0.7,
                1.1
            ]
        },
        "collider2": {
            "type": "Box",
            "collider2origin": [
                [
                    -0.43953843986927416,
                    0.886439359060416,
                    0.14502145560517263,
                    0.21882161173294212
                ],
                [
                    0.6738193483698879,
                    0.4321626658764181,
                    -0.5993353952378975,
                    -0.19098684284152856
                ],
                [
                    -0.5939473424805133,
                    -0.16571268186577012,
                    -0.7872520952205778,
                    -0.2620192239472966
                ],
                [
                    0.0,
                    0.0,
                    0.0,
                    1.0
                ]
            ],
            "size": [
                0.07264,
                0.04753,
                0.03326
            ]
        },
        "distance": 0.0
    },
    {
        "case": 23,
        "collider1": {
            "type": "Box",
            "collider2origin": [
                [
                    0.9077781725128689,
                    0.4194505805326724,
                    0.0,
                    0.27063700059322826
                ],
                [
                    -0.4194505805326724,
                    0.9077781725128689,
                    0.0,
                    0.8002854543438492
                ],
                [
                    0.0,
                    0.0,
                    1.0,
                    -0.25
                ],
                [
                    0.0,
                    0.0,
                    0.0,
                    1.0
