[
    {
        "case": 0,
        "collider1": {
            "type": "Box",
            "collider2origin": [
                [
                    0.907778172512869,
                    0.4194505805326725,
                    0.0,
                    -1.612083837096907
                ],
                [
                    -0.4194505805326725,
                    0.907778172512869,
                    0.0,
                    -0.24654756573714753
                ],
                [
                    0.0,
                    0.0,
                    1.0,
                    -0.040000000000000036
                ],
                [
                    0.0,
                    0.0,
                    0.0,
                    1.0
                ]
            ],
            "size": [
                2.0,
                2.0,
                2.0
            ]
        },
        "collider2": {
            "type": "Box",
            "collider2origin": [
                [
                    -0.1969430460097223,
                    0.13169044796407148,
                    -0.9715302684648762,
                    0.031575561077762604
                ],
                [
                    -0.0261604676143106,
                    -0.9912908886428637,
                    -0.12906589025703985,
                    0.5882657708636574
                ],
                [
                    -0.9800658480748182,
                    -2.9434386800914586e-06,
                    0.1986729307900881,
                    -0.04300779530524279
                ],
                [
                    0.0,
                    0.0,
                    0.0,
                    1.0
                ]
            ],
            "size": [
                0.15068,
                0.17726,
                0.74884
            ]
        },
        "distance": 0.16793866529035945
    },
    {
        "case": 1,
        "collider1": {
            "type": "Box",
            "collider2origin": [
                [
                    0.907778172512869,
                    0.4194505805326725,
                    0.0,
                    -0.7418785952877999
                ],
                [
                    -0.4194505805326725,
                    0.907778172512869,
                    0.0,
                    1.2791466490804724
                ],
                [
                    0.0,
                    0.0,
                    1.0,
                    0.27
                ],
                [
                    0.0,
                    0.0,
                    0.0,
                    1.0
                ]
            ],
            "size": [
                0.52,
                1.16,
                0.6
            ]
        },
        "collider2": {
            "type": "Box",
            "collider2origin": [
                [
                    -0.1969430460097223,
                    0.13169044796407148,
                    -0.9715302684648762,
                    0.031575561077762604
                ],
                [
                    -0.0261604676143106,
                    -0.9912908886428637,
                    -0.12906589025703985,
                    0.5882657708636574
                ],
                [
                    -0.9800658480748182,
                    -2.9434386800914586e-06,
                    0.1986729307900881,
                    -0.04300779530524279
                ],
                [
                    0.0,
                    0.0,
                    0.0,
                    1.0
                ]
            ],
            "size": [
                0.15068,
                0.17726,
                0.74884
            ]
        },
        "distance": 0.3620956535708281
    },
    {
        "case": 2,
        "collider1": {
            "type": "Box",
            "collider2origin": [
                [
                    0.907778172512869,
                    0.4194505805326725,
                    0.0,
                    -1.612083837096907
                ],
                [
                    -0.4194505805326725,
                    0.907778172512869,
                    0.0,
                    -0.24654756573714753
                ],
                [
                    0.0,
                    0.0,
                    1.0,
                    -0.040000000000000036
                ],
                [
                    0.0,
                    0.0,
                    0.0,
                    1.0
                ]
            ],
            "size": [
                2.0,
                2.0,
                2.0
            ]
        },
        "collider2": {
            "type": "Box",
            "collider2origin": [
                [
                    -0.1969430460097223,
                    0.13169044796407148,
                    -0.9715302684648762,
                    0.031575561077762604
                ],
                [
                    -0.0261604676143106,
                    -0.9912908886428637,
                    -0.12906589025703985,
                    0.5882657708636574
                ],
                [
                    -0.9800658480748182,
                    -2.9434386800914586e-06,
                    0.1986729307900881,
                    -0.04300779530524279
                ],
                [
                    0.0,
                    0.0,
                    0.0,
                    1.0
                ]
            ],
            "size": [
                0.15068,
                0.17726,
                0.74884
            ]
        },
        "distance": 0.16793866529035945
    },
    {
        "case": 3,
        "collider1": {
            "type": "Box",
            "collider2origin": [
                [
                    0.907778172512869,
                    0.4194505805326725,
                    0.0,
                    -0.7418785952877999
                ],
                [
                    -0.4194505805326725,
                    0.907778172512869,
                    0.0,
                    1.2791466490804724
                ],
                [
                    0.0,
                    0.0,
                    1.0,
                    0.27
                ],
                [
                    0.0,
                    0.0,
                    0.0,
                    1.0
                ]
            ],
            "size": [
                0.52,
                1.16,
                0.6
            ]
        },
        "collider2": {
            "type": "Box",
            "collider2origin": [
                [
                    -0.1969430460097223,
                    0.13169044796407148,
                    -0.9715302684648762,
                    0.031575561077762604
                ],
                [
                    -0.0261604676143106,
                    -0.9912908886428637,
                    -0.12906589025703985,
                    0.5882657708636574
                ],
                [
                    -0.9800658480748182,
                    -2.9434386800914586e-06,
                    0.1986729307900881,
                    -0.04300779530524279
                ],
                [
                    0.0,
                    0.0,
                    0.0,
                    1.0
                ]
            ],
            "size": [
                0.15068,
                0.17726,
                0.74884
            ]
        },
        "distance": 0.3620956535708281
    },
    {
        "case": 4,
        "collider1": {
            "type": "Box",
            "collider2origin": [
                [
                    0.907778172512869,
                    0.4194505805326725,
                    0.0,
                    -1.612083837096907
                ],
                [
                    -0.4194505805326725,
                    0.907778172512869,
                    0.0,
                    -0.24654756573714753
                ],
                [
                    0.0,
                    0.0,
                    1.0,
                    -0.040000000000000036
                ],
                [
                    0.0,
                    0.0,
                    0.0,
                    1.0
                ]
            ],
            "size": [
                2.0,
                2.0,
                2.0
            ]
        },
        "collider2": {
            "type": "Box",
            "collider2origin": [
                [
                    -0.8750173973053842,
                    0.13169572769576463,
                    0.465833435596453,
                    -0.15755349660718948
                ],
                [
                    -0.11624876028699214,
                    -0.9912901872340395,
                    0.06188691643021215,
                    0.6905886591894155
                ],
                [
                    0.46992635608640754,
                    -4.3084629799418145e-07,
                    0.8827056246876219,
                    0.2663548728729317
                ],
                [
                    0.0,
                    0.0,
                    0.0,
                    1.0
                ]
            ],
            "size": [
                0.1202,
                0.13634,
                0.67816
            ]
        },
        "distance": 0.28953271615944526
    },
    {
        "case": 5,
        "collider1": {
            "type": "Box",
            "collider2origin": [
                [
                    0.907778172512869,
                    0.4194505805326725,
                    0.0,
                    -0.7418785952877999
                ],
                [
                    -0.4194505805326725,
                    0.907778172512869,
                    0.0,
                    1.2791466490804724
                ],
                [
                    0.0,
                    0.0,
                    1.0,
                    0.27
                ],
                [
                    0.0,
                    0.0,
                    0.0,
                    1.0
                ]
            ],
            "size": [
                0.52,
                1.16,
                0.6
            ]
        },
        "collider2": {
            "type": "Box",
            "collider2origin": [
                [
                    -0.8750173973053842,
                    0.13169572769576463,
                    0.465833435596453,
                    -0.15755349660718948
                ],
                [
                    -0.11624876028699214,
                    -0.9912901872340395,
                    0.06188691643021215,
                    0.6905886591894155
                ],
                [
                    0.46992635608640754,
                    -4.3084629799418145e-07,
                    0.8827056246876219,
                    0.2663548728729317
                ],
                [
                    0.0,
                    0.0,
                    0.0,
                    1.0
                ]
            ],
            "size": [
                0.1202,
                0.13634,
                0.67816
            ]
        },
        "distance": 0.3014197717128636
    }
]