[
    {
        "case": 0,
        "collider1": {
            "type": "Box",
            "collider2origin": [
                [
                    0.9077781725128689,
                    0.4194505805326724,
                    0.0,
                    0.4158817547107895
                ],
                [
                    -0.4194505805326724,
                    0.9077781725128689,
                    0.0,
                    0.733173894971941
                ],
                [
                    0.0,
                    0.0,
                    1.0,
                    -0.6599999999999999
                ],
                [
                    0.0,
                    0.0,
                    0.0,
                    1.0
                ]
            ],
            "size": [
                0.6,
                1.0,
                0.8
            ]
        },
        "collider2": {
            "type": "Box",
            "collider2origin": [
                [
                    -0.24562031721774077,
                    -0.9380132741601319,
                    0.24454397819051993,
                    0.27129980705677026
                ],
                [
                    -0.6647431900896755,
                    0.3465993327460357,
                    0.6618046492503695,
                    1.183832407351101
                ],
                [
                    -0.7055403255656318,
                    -6.2762945348183535e-06,
                    -0.708669774268206,
                    -1.107019116991404
                ],
                [
                    0.0,
                    0.0,
                    0.0,
                    1.0
                ]
            ],
            "size": [
                0.09102,
                0.10007,
                0.11882
            ]
        },
        "distance": 0.0
    },
    {
        "case": 1,
        "collider1": {
            "type": "Box",
            "collider2origin": [
                [
                    0.9077781725128689,
                    0.4194505805326724,
                    0.0,
                    0.4158817547107895
                ],
                [
                    -0.4194505805326724,
                    0.9077781725128689,
                    0.0,
                    0.733173894971941
                ],
                [
                    0.0,
                    0.0,
                    1.0,
                    -0.6599999999999999
                ],
                [
                    0.0,
                    0.0,
                    0.0,
                    1.0
                ]
            ],
            "size": [
                0.6,
                1.0,
                0.8
            ]
        },
        "collider2": {
            "type": "Box",
            "collider2origin": [
                [
                    -0.2387746182096601,
                    -0.9380132495914085,
                    0.2512326119153266,
                    0.30213045127261007
                ],
                [
                    -0.646216504565318,
                    0.34659939923848626,
                    0.6799066742391213,
                    0.9448237109477278
                ],
                [
                    -0.7248385412808932,
                    -6.203745091469332e-06,
                    -0.6889187826117821,
                    -0.904170562262097
                ],
                [
                    0.0,
                    0.0,
                    0.0,
                    1.0
                ]
            ],
            "size": [
                0.1202,
                0.13634,
                0.67816
            ]
        },
        "distance": 0.0
    },
    {
        "case": 2,
        "collider1": {
            "type": "Box",
            "collider2origin": [
                [
                    0.9077781725128689,
                    0.4194505805326724,
                    0.0,
                    0.4158817547107895
                ],
                [
                    -0.4194505805326724,
                    0.9077781725128689,
                    0.0,
                    0.733173894971941
                ],
                [
                    0.0,
                    0.0,
                    1.0,
                    -0.6599999999999999
                ],
                [
                    0.0,
                    0.0,
                    0.0,
                    1.0
                ]
            ],
            "size": [
                0.6,
                1.0,
                0.8
            ]
        },
        "collider2": {
            "type": "Box",
            "collider2origin": [
                [
                    -0.34453280839335243,
                    -0.9380143111438137,
                    -0.03776633461147834,
                    0.12498327904431925
                ],
                [
                    -0.9324268484207187,
                    0.3465965262892112,
                    -0.10223023187129272,
                    0.8299216177354319
                ],
                [
                    0.10898310091383735,
                    -7.32453113703022e-06,
                    -0.9940436024951597,
                    -0.40089467915778776
                ],
                [
                    0.0,
                    0.0,
                    0.0,
                    1.0
                ]
            ],
            "size": [
                0.15068,
                0.17726,
                0.74884
            ]
        },
        "distance": 0.0
    },
    {
        "case": 3,
        "collider1": {
            "type": "Box",
            "collider2origin": [
                [
                    0.9077781725128689,
                    0.4194505805326724,
                    0.0,
                    0.27063700059322826
                ],
                [
                    -0.4194505805326724,
                    0.9077781725128689,
                    0.0,
                    0.8002854543438492
                ],
                [
                    0.0,
                    0.0,
                    1.0,
                    -0.25
                ],
                [
                    0.0,
                    0.0,
                    0.0,
                    1.0
                ]
            ],
            "size": [
                0.2,
                0.2,
                0.02
            ]
        },
        "collider2": {
            "type": "Box",
            "collider2origin": [
                [
                    -0.34453280839335243,
                    -0.9380143111438137,
                    -0.03776633461147834,
                    0.12498327904431925
                ],
                [
                    -0.9324268484207187,
                    0.3465965262892112,
                    -0.10223023187129272,
                    0.8299216177354319
                ],
                [
                    0.10898310091383735,
                    -7.32453113703022e-06,
                    -0.9940436024951597,
                    -0.40089467915778776
                ],
                [
                    0.0,
                    0.0,
                    0.0,
                    1.0
                ]
            ],
            "size": [
                0.15068,
                0.17726,
                0.74884
            ]
        },
        "distance": 0.0
    },
    {
        "case": 4,
        "collider1": {
            "type": "Box",
            "collider2origin": [
                [
                    0.9077781725128689,
                    0.4194505805326724,
                    0.0,
                    0.4158817547107895
                ],
                [
                    -0.4194505805326724,
                    0.9077781725128689,
                    0.0,
                    0.733173894971941
                ],
                [
                    0.0,
                    0.0,
                    1.0,
                    -0.6599999999999999
                ],
                [
                    0.0,
                    0.0,
                    0.0,
                    1.0
                ]
            ],
            "size": [
                0.6,
                1.0,
                0.8
            ]
        },
        "collider2": {
            "type": "Box",
            "collider2origin": [
                [
                    -0.34453280839335243,
                    -0.9380143111438137,
                    -0.03776633461147834,
                    0.12498327904431925
                ],
                [
                    -0.9324268484207187,
                    0.3465965262892112,
                    -0.10223023187129272,
                    0.8299216177354319
                ],
                [
                    0.10898310091383735,
                    -7.32453113703022e-06,
                    -0.9940436024951597,
                    -0.40089467915778776
                ],
                [
                    0.0,
                    0.0,
                    0.0,
                    1.0
                ]
            ],
            "size": [
                0.15068,
                0.17726,
                0.74884
            ]
        },
        "distance": 0.0
    },
    {
        "case": 5,
        "collider1": {
            "type": "Box",
            "collider2origin": [
                [
                    0.9077781725128689,
                    0.4194505805326724,
                    0.0,
                    0.27063700059322826
                ],
                [
                    -0.4194505805326724,
                    0.9077781725128689,
                    0.0,
                    0.8002854543438492
                ],
                [
                    0.0,
                    0.0,
                    1.0,
                    -0.25
                ],
                [
                    0.0,
                    0.0,
                    0.0,
                    1.0
                ]
            ],
            "size": [
                0.2,
                0.2,
                0.02
            ]
        },
        "collider2": {
            "type": "Box",
            "collider2origin": [
                [
                    -0.34453280839335243,
                    -0.9380143111438137,
                    -0.03776633461147834,
                    0.12498327904431925
                ],
                [
                    -0.9324268484207187,
                    0.3465965262892112,
                    -0.10223023187129272,
                    0.8299216177354319
                ],
                [
                    0.10898310091383735,
                    -7.32453113703022e-06,
                    -0.9940436024951597,
                    -0.40089467915778776
                ],
                [
                    0.0,
                    0.0,
                    0.0,
                    1.0
                ]
            ],
            "size": [
                0.15068,
                0.17726,
                0.74884
            ]
        },
        "distance": 0.0
    }
]