[
    {
        "case": 0,
        "collider1": {
            "type": "Box",
            "collider2origin": [
                [
                    0.907778172512869,
                    0.4194505805326725,
                    0.0,
                    -1.612083837096907
                ],
                [
                    -0.4194505805326725,
                    0.907778172512869,
                    0.0,
                    -0.24654756573714753
                ],
                [
                    0.0,
                    0.0,
                    1.0,
                    -0.040000000000000036
                ],
                [
                    0.0,
                    0.0,
                    0.0,
                    1.0
                ]
            ],
            "size": [
                2.0,
                2.0,
                2.0
            ]
        },
        "collider2": {
            "type": "Box",
            "collider2origin": [
                [
                    -0.705549597274598,
                    0.5073230743245747,
                    -0.4947959822426965,
                    -0.29680019353592707
                ],
                [
                    -0.4153626245150086,
                    -0.8617559389162449,
                    -0.29129124926537936,
                    0.2630343048218434
                ],
                [
                    -0.5741721483506987,
                    -6.658249949899907e-07,
                    0.8187345992798275,
                    0.22634659755928999
                ],
                [
                    0.0,
                    0.0,
                    0.0,
                    1.0
                ]
            ],
            "size": [
                0.09102,
                0.10007,
                0.11882
            ]
        },
        "distance": 0.0
    },
    {
        "case": 1,
        "collider1": {
            "type": "Box",
            "collider2origin": [
                [
                    0.907778172512869,
                    0.4194505805326725,
                    0.0,
                    -1.612083837096907
                ],
                [
                    -0.4194505805326725,
                    0.907778172512869,
                    0.0,
                    -0.24654756573714753
                ],
                [
                    0.0,
                    0.0,
                    1.0,
                    -0.040000000000000036
                ],
                [
                    0.0,
                    0.0,
                    0.0,
                    1.0
                ]
            ],
            "size": [
                2.0,
                2.0,
                2.0
            ]
        },
        "collider2": {
            "type": "Box",
            "collider2origin": [
                [
                    -0.7583340452913556,
                    0.42438945758410807,
                    -0.4947959822426965,
                    -0.34814911573705126
                ],
                [
                    -0.31537489100288346,
                    -0.9031545195736631,
                    -0.29129124926537936,
                    0.22570180926568317
                ],
                [
                    -0.5704981629041127,
                    -0.06484984244493266,
                    0.8187345992798275,
                    0.3155917763727849
                ],
                [
                    0.0,
                    0.0,
                    0.0,
                    1.0
                ]
            ],
            "size": [
                0.09126,
                0.11887,
                0.10009
            ]
        },
        "distance": 0.0
    },
    {
        "case": 2,
        "collider1": {
            "type": "Box",
            "collider2origin": [
                [
                    0.907778172512869,
                    0.4194505805326725,
                    0.0,
                    -1.612083837096907
                ],
                [
                    -0.4194505805326725,
                    0.907778172512869,
                    0.0,
                    -0.24654756573714753
                ],
                [
                    0.0,
                    0.0,
                    1.0,
                    -0.040000000000000036
                ],
                [
                    0.0,
                    0.0,
                    0.0,
                    1.0
                ]
            ],
            "size": [
                2.0,
                2.0,
                2.0
            ]
        },
        "collider2": {
            "type": "Box",
            "collider2origin": [
                [
                    -0.5872804764895817,
                    0.42439380663059845,
                    0.6891962991976668,
                    -0.31761662520844086
                ],
                [
                    -0.3290621506103554,
                    -0.9031524367433955,
                    0.2757422293377541,
                    0.15743943631176005
                ],
                [
                    0.7394726113723599,
                    -0.06485038857290633,
                    0.6700557321089682,
                    0.31449905660792643
                ],
                [
                    0.0,
                    0.0,
                    0.0,
                    1.0
                ]
            ],
            "size": [
                0.08993,
                0.0305,
                0.09007
            ]
        },
        "distance": 0.0
    },
    {
        "case": 3,
        "collider1": {
            "type": "Box",
            "collider2origin": [
                [
                    0.907778172512869,
                    0.4194505805326725,
                    0.0,
                    -1.612083837096907
                ],
                [
                    -0.4194505805326725,
                    0.907778172512869,
                    0.0,
                    -0.24654756573714753
                ],
                [
                    0.0,
                    0.0,
                    1.0,
                    -0.040000000000000036
                ],
                [
                    0.0,
                    0.0,
                    0.0,
                    1.0
                ]
            ],
            "size": [
                2.0,
                2.0,
                2.0
            ]
        },
        "collider2": {
            "type": "Box",
            "collider2origin": [
                [
                    0.821780472080486,
                    0.22272036970803125,
                    0.5244735385358262,
                    -0.28525629000930225
                ],
                [
                    0.2387014705065947,
                    -0.9703472841312811,
                    0.03804939102056193,
                    0.08016334684219917
                ],
                [
                    0.517395848152227,
                    0.09392435837504638,
                    -0.8505761289965011,
                    0.31350747700403536
                ],
                [
                    0.0,
                    0.0,
                    0.0,
                    1.0
                ]
            ],
            "size": [
                0.06241,
                0.05638,
                0.02858
            ]
        },
        "distance": 0.023522956485832473
    },
    {
        "case": 4,
        "collider1": {
            "type": "Box",
            "collider2origin": [
                [
                    0.9077781725128689,
                    0.4194505805326724,
                    0.0,
                    0.4158817547107895
                ],
                [
                    -0.4194505805326724,
                    0.9077781725128689,
                    0.0,
                    0.733173894971941
                ],
                [
                    0.0,
                    0.0,
                    1.0,
                    -0.6599999999999999
                ],
                [
                    0.0,
                    0.0,
                    0.0,
                    1.0
                ]
            ],
            "size": [
                0.6,
                1.0,
                0.8
            ]
        },
        "collider2": {
            "type": "Box",
            "collider2origin": [
                [
                    0.28996574557720545,
                    0.5073219109783869,
                    -0.8115074522350938,
                    0.1450924777923689
                ],
                [
                    0.17071014603108908,
                    -0.8617566237732888,
                    -0.47773796941933205,
                    0.5062644138702197
                ],
                [
                    -0.9416888617977274,
                    -4.909183153151835e-06,
                    -0.3364848994264086,
                    -0.20354288524475384
                ],
                [
                    0.0,
                    0.0,
                    0.0,
                    1.0
                ]
            ],
            "size": [
                0.15068,
                0.17726,
                0.74884
            ]
        },
        "distance": 0.0
    },
    {
        "case": 5,
        "collider1": {
            "type": "Box",
            "collider2origin": [
                [
                    0.9077781725128689,
                    0.4194505805326724,
                    0.0,
                    0.27063700059322826
                ],
                [
                    -0.4194505805326724,
                    0.9077781725128689,
                    0.0,
                    0.8002854543438492
                ],
                [
                    0.0,
                    0.0,
                    1.0,
                    -0.25
                ],
                [
                    0.0,
                    0.0,
                    0.0,
                    1.0
                ]
            ],
            "size": [
                0.2,
                0.2,
                0.02
            ]
        },
        "collider2": {
            "type": "Box",
            "collider2origin": [
                [
                    0.28996574557720545,
                    0.5073219109783869,
                    -0.8115074522350938,
                    0.1450924777923689
                ],
                [
                    0.17071014603108908,
                    -0.8617566237732888,
                    -0.47773796941933205,
                    0.5062644138702197
                ],
                [
                    -0.9416888617977274,
                    -4.909183153151835e-06,
                    -0.3364848994264086,
                    -0.20354288524475384
                ],
                [
                    0.0,
                    0.0,
                    0.0,
                    1.0
                ]
            ],
            "size": [
                0.15068,
                0.17726,
                0.74884
            ]
        },
        "distance": 0.027472651649989056
    },
    {
        "case": 6,
        "collider1": {
            "type": "Box",
            "collider2origin": [
                [
                    0.907778172512869,
                    0.4194505805326725,
                    0.0,
                    0.9947946797881562
                ],
                [
                    -0.4194505805326725,
                    0.907778172512869,
                    0.0,
                    0.5317739604993647
                ],
                [
                    0.0,
                    0.0,
                    1.0,
                    -0.69
                ],
                [
                    0.0,
                    0.0,
                    0.0,
                    1.0
                ]
            ],
            "size": [
                0.6,
                1.2,
                0.75
            ]
        },
        "collider2": {
            "type": "Box",
            "collider2origin": [
                [
                    0.28996574557720545,
                    0.5073219109783869,
                    -0.8115074522350938,
                    0.1450924777923689
                ],
                [
                    0.17071014603108908,
                    -0.8617566237732888,
                    -0.47773796941933205,
                    0.5062644138702197
                ],
                [
                    -0.9416888617977274,
                    -4.909183153151835e-06,
                    -0.3364848994264086,
                    -0.20354288524475384
                ],
                [
                    0.0,
                    0.0,
                    0.0,
                    1.0
                ]
            ],
            "size": [
                0.15068,
                0.17726,
                0.74884
            ]
        },
        "distance": 0.23978472977583526
    },
    {
        "case": 7,
        "collider1": {
            "type": "Box",
            "collider2origin": [
                [
                    0.9077781725128689,
                    0.4194505805326724,
                    0.0,
                    0.4158817547107895
                ],
                [
                    -0.4194505805326724,
                    0.9077781725128689,
                    0.0,
                    0.733173894971941
                ],
                [
                    0.0,
                    0.0,
                    1.0,
                    -0.6599999999999999
                ],
                [
                    0.0,
                    0.0,
                    0.0,
                    1.0
                ]
            ],
            "size": [
                0.6,
                1.0,
                0.8
            ]
        },
        "collider2": {
            "type": "Box",
            "collider2origin": [
                [
                    0.28996574557720545,
                    0.5073219109783869,
                    -0.8115074522350938,
                    0.1450924777923689
                ],
                [
                    0.17071014603108908,
                    -0.8617566237732888,
                    -0.47773796941933205,
                    0.5062644138702197
                ],
                [
                    -0.9416888617977274,
                    -4.909183153151835e-06,
                    -0.3364848994264086,
                    -0.20354288524475384
                ],
                [
                    0.0,
                    0.0,
                    0.0,
                    1.0
                ]
            ],
            "size": [
                0.15068,
                0.17726,
                0.74884
            ]
        },
        "distance": 0.0
    },
    {
        "case": 8,
        "collider1": {
            "type": "Box",
            "collider2origin": [
                [
                    0.9077781725128689,
                    0.4194505805326724,
                    0.0,
                    0.27063700059322826
                ],
                [
                    -0.4194505805326724,
                    0.9077781725128689,
                    0.0,
                    0.8002854543438492
                ],
                [
                    0.0,
                    0.0,
                    1.0,
                    -0.25
                ],
                [
                    0.0,
                    0.0,
                    0.0,
                    1.0
                ]
            ],
            "size": [
                0.2,
                0.2,
                0.02
            ]
        },
        "collider2": {
            "type": "Box",
            "collider2origin": [
                [
                    0.28996574557720545,
                    0.5073219109783869,
                    -0.8115074522350938,
                    0.1450924777923689
                ],
                [
                    0.17071014603108908,
                    -0.8617566237732888,
                    -0.47773796941933205,
                    0.5062644138702197
                ],
                [
                    -0.9416888617977274,
                    -4.909183153151835e-06,
                    -0.3364848994264086,
                    -0.20354288524475384
                ],
                [
                    0.0,
                    0.0,
                    0.0,
                    1.0
                ]
            ],
            "size": [
                0.15068,
                0.17726,
                0.74884
            ]
        },
        "distance": 0.027472651649989056
    },
    {
        "case": 9,
        "collider1": {
            "type": "Box",
            "collider2origin": [
                [
                    0.907778172512869,
                    0.4194505805326725,
                    0.0,
                    0.9947946797881562
                ],
                [
                    -0.4194505805326725,
                    0.907778172512869,
                    0.0,
                    0.5317739604993647
                ],
                [
                    0.0,
                    0.0,
                    1.0,
                    -0.69
                ],
                [
                    0.0,
                    0.0,
                    0.0,
                    1.0
                ]
            ],
            "size": [
                0.6,
                1.2,
                0.75
            ]
        },
        "collider2": {
            "type": "Box",
            "collider2origin": [
                [
                    0.28996574557720545,
                    0.5073219109783869,
                    -0.8115074522350938,
                    0.1450924777923689
                ],
                [
                    0.17071014603108908,
                    -0.8617566237732888,
                    -0.47773796941933205,
                    0.5062644138702197
                ],
                [
                    -0.9416888617977274,
                    -4.909183153151835e-06,
                    -0.3364848994264086,
                    -0.20354288524475384
                ],
                [
                    0.0,
                    0.0,
                    0.0,
                    1.0
                ]
            ],
            "size": [
                0.15068,
                0.17726,
                0.74884
            ]
        },
        "distance": 0.23978472977583526
    },
    {
        "case": 10,
        "collider1": {
            "type": "Box",
            "collider2origin": [
                [
                    0.907778172512869,
                    0.4194505805326725,
                    0.0,
                    -1.612083837096907
                ],
                [
                    -0.4194505805326725,
                    0.907778172512869,
                    0.0,
                    -0.24654756573714753
                ],
                [
                    0.0,
                    0.0,
                    1.0,
                    -0.040000000000000036
                ],
                [
                    0.0,
                    0.0,
                    0.0,
                    1.0
                ]
            ],
            "size": [
                2.0,
                2.0,
                2.0
            ]
        },
        "collider2": {
            "type": "Cylinder",
            "collider2origin": [
                [
                    0.7388048636950811,
                    0.551425832146418,
                    -0.38742344407911417,
                    -0.2774354580977512
                ],
                [
                    -0.08125382980385008,
                    0.6435732866733614,
                    0.7610592879813334,
                    -0.008529852520989145
                ],
                [
                    0.6690031304281758,
                    -0.5307946649336988,
                    0.5202805350531796,
                    0.2865220976415821
                ],
                [
                    0.0,
                    0.0,
                    0.0,
                    1.0
                ]
            ],
            "radius": 0.00783,
            "height": 0.03044
        },
        "distance": 0.09571040756750351
    },
    {
        "case": 11,
        "collider1": {
            "type": "Box",
            "collider2origin": [
                [
                    0.907778172512869,
                    0.4194505805326725,
                    0.0,
                    -1.612083837096907
                ],
                [
                    -0.4194505805326725,
                    0.907778172512869,
                    0.0,
                    -0.24654756573714753
                ],
                [
                    0.0,
                    0.0,
                    1.0,
                    -0.040000000000000036
                ],
                [
                    0.0,
                    0.0,
                    0.0,
                    1.0
                ]
            ],
            "size": [
                2.0,
                2.0,
                2.0
            ]
        },
        "collider2": {
            "type": "Box",
            "collider2origin": [
                [
                    0.6936380569588904,
                    0.22271949935400132,
                    0.6850272042377574,
                    -0.2741849372449257
                ],
                [
                    0.22543237357142928,
                    -0.9703469797095866,
                    0.08721802516930843,
                    0.0306730226304599
                ],
                [
                    0.6841392335513635,
                    0.09392956710208705,
                    -0.7232777789616982,
                    0.32115787943682683
                ],
                [
                    0.0,
                    0.0,
                    0.0,
                    1.0
                ]
            ],
            "size": [
                0.07264,
                0.04753,
                0.03326
            ]
        },
        "distance": 0.054589338045408754
    },
    {
        "case": 12,
        "collider1": {
            "type": "Box",
            "collider2origin": [
                [
                    0.907778172512869,
                    0.4194505805326725,
                    0.0,
                    -1.612083837096907
                ],
                [
                    -0.4194505805326725,
                    0.907778172512869,
                    0.0,
                    -0.24654756573714753
                ],
                [
                    0.0,
                    0.0,
                    1.0,
                    -0.040000000000000036
                ],
                [
                    0.0,
                    0.0,
                    0.0,
                    1.0
                ]
            ],
            "size": [
                2.0,
                2.0,
                2.0
            ]
        },
        "collider2": {
            "type": "Box",
            "collider2origin": [
                [
                    -0.80219232922827,
                    0.5073237354222436,
                    -0.3148175573320908,
                    -0.26040355388321085
                ],
                [
                    -0.47225819012382164,
                    -0.8617555497222845,
                    -0.18533638170584718,
                    0.4141514405820798
                ],
                [
                    -0.3653213226575959,
                    -2.538864976301415e-07,
                    0.9308814807544729,
                    -0.04759599756218158
                ],
                [
                    0.0,
                    0.0,
                    0.0,
                    1.0
                ]
            ],
            "size": [
                0.1202,
                0.13634,
                0.67816
            ]
        },
        "distance": 0.0
    }
]