[
    {
        "case": 0,
        "collider1": {
            "type": "Box",
            "collider2origin": [
                [
                    0.9077781725128689,
                    0.4194505805326724,
                    0.0,
                    0.4158817547107895
                ],
                [
                    -0.4194505805326724,
                    0.9077781725128689,
                    0.0,
                    0.733173894971941
                ],
                [
                    0.0,
                    0.0,
                    1.0,
                    -0.6599999999999999
                ],
                [
                    0.0,
                    0.0,
                    0.0,
                    1.0
                ]
            ],
            "size": [
                0.6,
                1.0,
                0.8
            ]
        },
        "collider2": {
            "type": "Box",
            "collider2origin": [
                [
                    -0.06952651925072953,
                    0.997148821573167,
                    0.029330713529037485,
                    0.3959401391160661
                ],
                [
                    -0.9187423984438742,
                    -0.0754601062493362,
                    0.38757989842926116,
                    1.429019716941235
                ],
                [
                    0.3886881377434555,
                    -2.888264002947324e-07,
                    0.9213693784674206,
                    -0.15819904073454505
                ],
                [
                    0.0,
                    0.0,
                    0.0,
                    1.0
                ]
            ],
            "size": [
                0.1202,
                0.13634,
                0.67816
            ]
        },
        "distance": 0.0
    },
    {
        "case": 1,
        "collider1": {
            "type": "Box",
            "collider2origin": [
                [
                    -0.49996093967317806,
                    0.8660479541001831,
                    0.0,
                    0.23518030403224222
                ],
                [
                    -0.8660479541001831,
                    -0.49996093967317806,
                    0.0,
                    1.6545490191575776
                ],
                [
                    0.0,
                    0.0,
                    1.0,
                    -0.21500000000000008
                ],
                [
                    0.0,
                    0.0,
                    0.0,
                    1.0
                ]
            ],
            "size": [
                0.2,
                0.3,
                0.22
            ]
        },
        "collider2": {
            "type": "Box",
            "collider2origin": [
                [
                    -0.06952651925072953,
                    0.997148821573167,
                    0.029330713529037485,
                    0.3959401391160661
                ],
                [
                    -0.9187423984438742,
                    -0.0754601062493362,
                    0.38757989842926116,
                    1.429019716941235
                ],
                [
                    0.3886881377434555,
                    -2.888264002947324e-07,
                    0.9213693784674206,
                    -0.15819904073454505
                ],
                [
                    0.0,
                    0.0,
                    0.0,
                    1.0
                ]
            ],
            "size": [
                0.1202,
                0.13634,
                0.67816
            ]
        },
        "distance": 0.002519999309140061
    },
    {
        "case": 2,
        "collider1": {
            "type": "Cylinder",
            "collider2origin": [
                [
                    0.907778172512869,
                    0.4194505805326725,
                    0.0,
                    0.41976000612504893
                ],
                [
                    -0.4194505805326725,
                    0.907778172512869,
                    0.0,
                    1.6236691588060355
                ],
                [
                    0.0,
                    0.0,
                    1.0,
                    -0.18000000000000016
                ],
                [
                    0.0,
                    0.0,
                    0.0,
                    1.0
                ]
            ],
            "radius": 0.04,
            "height": 0.3
        },
        "collider2": {
            "type": "Box",
            "collider2origin": [
                [
                    -0.06952651925072953,
                    0.997148821573167,
                    0.029330713529037485,
                    0.3959401391160661
                ],
                [
                    -0.9187423984438742,
                    -0.0754601062493362,
                    0.38757989842926116,
                    1.429019716941235
                ],
                [
                    0.3886881377434555,
                    -2.888264002947324e-07,
                    0.9213693784674206,
                    -0.15819904073454505
                ],
                [
                    0.0,
                    0.0,
                    0.0,
                    1.0
                ]
            ],
            "size": [
                0.1202,
                0.13634,
                0.67816
            ]
        },
        "distance": 0.03370458597447161
    },
    {
        "case": 3,
        "collider1": {
            "type": "Box",
            "collider2origin": [
                [
                    0.907778172512869,
                    0.4194505805326725,
                    0.0,
                    0.3318610395686135
                ],
                [
                    -0.4194505805326725,
                    0.907778172512869,
                    0.0,
                    1.862570334354233
                ],
                [
                    0.0,
                    0.0,
                    1.0,
                    -0.21500000000000008
                ],
                [
                    0.0,
                    0.0,
                    0.0,
                    1.0
                ]
            ],
            "size": [
                0.3,
                0.46,
                0.22
            ]
        },
        "collider2": {
            "type": "Box",
            "collider2origin": [
                [
                    -0.06952651925072953,
                    0.997148821573167,
                    0.029330713529037485,
                    0.3959401391160661
                ],
                [
                    -0.9187423984438742,
                    -0.0754601062493362,
                    0.38757989842926116,
                    1.429019716941235
                ],
                [
                    0.3886881377434555,
                    -2.888264002947324e-07,
                    0.9213693784674206,
                    -0.15819904073454505
                ],
                [
                    0.0,
                    0.0,
                    0.0,
                    1.0
                ]
            ],
            "size": [
                0.1202,
                0.13634,
                0.67816
            ]
        },
        "distance": 0.06621968100136905
    },
    {
        "case": 4,
        "collider1": {
            "type": "Cylinder",
            "collider2origin": [
                [
                    0.907778172512869,
                    0.4194505805326725,
                    0.0,
                    0.41976000612504893
                ],
                [
                    -0.4194505805326725,
                    0.907778172512869,
                    0.0,
                    1.6236691588060355
                ],
                [
                    0.0,
                    0.0,
                    1.0,
                    -0.18000000000000016
                ],
                [
                    0.0,
                    0.0,
                    0.0,
                    1.0
                ]
            ],
            "radius": 0.04,
            "height": 0.3
        },
        "collider2": {
            "type": "Box",
            "collider2origin": [
                [
                    0.6699329763199888,
                    0.7394548760242028,
                    0.06630455160146997,
                    0.528961462080924
                ],
                [
                    0.3154276064422996,
                    -0.36433967571198245,
                    0.8762203066559056,
                    1.6306717362601293
                ],
                [
                    0.6720827570568395,
                    -0.5660945919421224,
                    -0.4773276449575897,
                    0.056163877335718926
                ],
                [
                    0.0,
                    0.0,
                    0.0,
                    1.0
                ]
            ],
            "size": [
                0.09126,
                0.11887,
                0.10009
            ]
        },
        "distance": 0.05802667724072125
    },
    {
        "case": 5,
        "collider1": {
            "type": "Box",
            "collider2origin": [
                [
                    0.9077781725128689,
                    0.4194505805326724,
                    0.0,
                    0.4158817547107895
                ],
                [
                    -0.4194505805326724,
                    0.9077781725128689,
                    0.0,
                    0.733173894971941
                ],
                [
                    0.0,
                    0.0,
                    1.0,
                    -0.6599999999999999
                ],
                [
                    0.0,
                    0.0,
                    0.0,
                    1.0
                ]
            ],
            "size": [
                0.6,
                1.0,
                0.8
            ]
        },
        "collider2": {
            "type": "Box",
            "collider2origin": [
                [
                    0.03869773893994292,
                    0.9971489517857959,
                    0.06478003514528478,
                    0.49347167525289376
                ],
                [
                    0.5113101619019143,
                    -0.0754583853631333,
                    0.8560770703705519,
                    1.0435757329073492
                ],
                [
                    0.8585245502236812,
                    -5.556723523527644e-06,
                    -0.5127724608755315,
                    -0.2566019028910512
                ],
                [
                    0.0,
                    0.0,
                    0.0,
                    1.0
                ]
            ],
            "size": [
                0.15068,
                0.17726,
                0.74884
            ]
        },
        "distance": 0.0
    },
    {
        "case": 6,
        "collider1": {
            "type": "Box",
            "collider2origin": [
                [
                    0.9077781725128689,
                    0.4194505805326724,
                    0.0,
                    0.27063700059322826
                ],
                [
                    -0.4194505805326724,
                    0.9077781725128689,
                    0.0,
                    0.8002854543438492
                ],
                [
                    0.0,
                    0.0,
                    1.0,
                    -0.25
                ],
                [
                    0.0,
                    0.0,
                    0.0,
                    1.0
                ]
            ],
            "size": [
                0.2,
                0.2,
                0.02
            ]
        },
        "collider2": {
            "type": "Box",
            "collider2origin": [
                [
                    0.03869773893994292,
                    0.9971489517857959,
                    0.06478003514528478,
                    0.49347167525289376
                ],
                [
                    0.5113101619019143,
                    -0.0754583853631333,
                    0.8560770703705519,
                    1.0435757329073492
                ],
                [
                    0.8585245502236812,
                    -5.556723523527644e-06,
                    -0.5127724608755315,
                    -0.2566019028910512
                ],
                [
                    0.0,
                    0.0,
                    0.0,
                    1.0
                ]
            ],
            "size": [
                0.15068,
                0.17726,
                0.74884
            ]
        },
        "distance": 0.01055595810440163
    },
    {
        "case": 7,
        "collider1": {
            "type": "Box",
            "collider2origin": [
                [
                    0.907778172512869,
                    0.4194505805326725,
                    0.0,
                    0.9947946797881562
                ],
                [
                    -0.4194505805326725,
                    0.907778172512869,
                    0.0,
                    0.5317739604993647
                ],
                [
                    0.0,
                    0.0,
                    1.0,
                    -0.69
                ],
                [
                    0.0,
                    0.0,
                    0.0,
                    1.0
                ]
            ],
            "size": [
                0.6,
                1.2,
                0.75
            ]
        },
        "collider2": {
            "type": "Box",
            "collider2origin": [
                [
                    0.03869773893994292,
                    0.9971489517857959,
                    0.06478003514528478,
                    0.49347167525289376
                ],
                [
                    0.5113101619019143,
                    -0.0754583853631333,
                    0.8560770703705519,
                    1.0435757329073492
                ],
                [
                    0.8585245502236812,
                    -5.556723523527644e-06,
                    -0.5127724608755315,
                    -0.2566019028910512
                ],
                [
                    0.0,
                    0.0,
                    0.0,
                    1.0
                ]
            ],
            "size": [
                0.15068,
                0.17726,
                0.74884
            ]
        },
        "distance": 0.23259578816313128
    },
    {
        "case": 8,
        "collider1": {
            "type": "Box",
            "collider2origin": [
                [
                    0.9077781725128689,
                    0.4194505805326724,
                    0.0,
                    0.4158817547107895
                ],
                [
                    -0.4194505805326724,
                    0.9077781725128689,
                    0.0,
                    0.733173894971941
                ],
                [
                    0.0,
                    0.0,
                    1.0,
                    -0.6599999999999999
                ],
                [
                    0.0,
                    0.0,
                    0.0,
                    1.0
                ]
            ],
            "size": [
                0.6,
                1.0,
                0.8
            ]
        },
        "collider2": {
            "type": "Box",
            "collider2origin": [
                [
                    0.03869773893994292,
                    0.9971489517857959,
                    0.06478003514528478,
                    0.49347167525289376
                ],
                [
                    0.5113101619019143,
                    -0.0754583853631333,
                    0.8560770703705519,
                    1.0435757329073492
                ],
                [
                    0.8585245502236812,
                    -5.556723523527644e-06,
                    -0.5127724608755315,
                    -0.2566019028910512
                ],
                [
                    0.0,
                    0.0,
                    0.0,
                    1.0
                ]
            ],
            "size": [
                0.15068,
                0.17726,
                0.74884
            ]
        },
        "distance": 0.0
    },
    {
        "case": 9,
        "collider1": {
            "type": "Box",
            "collider2origin": [
                [
                    0.9077781725128689,
                    0.4194505805326724,
                    0.0,
                    0.27063700059322826
                ],
                [
                    -0.4194505805326724,
                    0.9077781725128689,
                    0.0,
                    0.8002854543438492
                ],
                [
                    0.0,
                    0.0,
                    1.0,
                    -0.25
                ],
                [
                    0.0,
                    0.0,
                    0.0,
                    1.0
                ]
            ],
            "size": [
                0.2,
                0.2,
                0.02
            ]
        },
        "collider2": {
            "type": "Box",
            "collider2origin": [
                [
                    0.03869773893994292,
                    0.9971489517857959,
                    0.06478003514528478,
                    0.49347167525289376
                ],
                [
                    0.5113101619019143,
                    -0.0754583853631333,
                    0.8560770703705519,
                    1.0435757329073492
                ],
                [
                    0.8585245502236812,
                    -5.556723523527644e-06,
                    -0.5127724608755315,
                    -0.2566019028910512
                ],
                [
                    0.0,
                    0.0,
                    0.0,
                    1.0
                ]
            ],
            "size": [
                0.15068,
                0.17726,
                0.74884
            ]
        },
        "distance": 0.01055595810440163
    },
    {
        "case": 10,
        "collider1": {
            "type": "Box",
            "collider2origin": [
                [
                    0.907778172512869,
                    0.4194505805326725,
                    0.0,
                    0.9947946797881562
                ],
                [
                    -0.4194505805326725,
                    0.907778172512869,
                    0.0,
                    0.5317739604993647
                ],
                [
                    0.0,
                    0.0,
                    1.0,
                    -0.69
                ],
                [
                    0.0,
                    0.0,
                    0.0,
                    1.0
                ]
            ],
            "size": [
                0.6,
                1.2,
                0.75
            ]
        },
        "collider2": {
            "type": "Box",
            "collider2origin": [
                [
                    0.03869773893994292,
                    0.9971489517857959,
                    0.06478003514528478,
                    0.49347167525289376
                ],
                [
                    0.5113101619019143,
                    -0.0754583853631333,
                    0.8560770703705519,
                    1.0435757329073492
                ],
                [
                    0.8585245502236812,
                    -5.556723523527644e-06,
                    -0.5127724608755315,
                    -0.2566019028910512
                ],
                [
                    0.0,
                    0.0,
                    0.0,
                    1.0
                ]
            ],
            "size": [
                0.15068,
                0.17726,
                0.74884
            ]
        },
        "distance": 0.23259578816313128
    }
]