[
    {
        "case": 0,
        "collider1": {
            "type": "Box",
            "collider2origin": [
                [
                    0.9077781725128689,
                    0.4194505805326724,
                    0.0,
                    0.4158817547107895
                ],
                [
                    -0.4194505805326724,
                    0.9077781725128689,
                    0.0,
                    0.733173894971941
                ],
                [
                    0.0,
                    0.0,
                    1.0,
                    -0.6599999999999999
                ],
                [
                    0.0,
                    0.0,
                    0.0,
                    1.0
                ]
            ],
            "size": [
                0.6,
                1.0,
                0.8
            ]
        },
        "collider2": {
            "type": "Box",
            "collider2origin": [
                [
                    0.25079502861816466,
                    0.7987770058407638,
                    -0.5468611785092063,
                    0.2753530182562316
                ],
                [
                    0.3329869905073909,
                    -0.6016272059282042,
                    -0.7260608578072865,
                    0.4771623824901801
                ],
                [
                    -0.9089672809145798,
                    -5.204444798058332e-06,
                    -0.41686746358965093,
                    -0.22765847915009862
                ],
                [
                    0.0,
                    0.0,
                    0.0,
                    1.0
                ]
            ],
            "size": [
                0.15068,
                0.17726,
                0.74884
            ]
        },
        "distance": 0.0
    },
    {
        "case": 1,
        "collider1": {
            "type": "Box",
            "collider2origin": [
                [
                    0.9077781725128689,
                    0.4194505805326724,
                    0.0,
                    0.27063700059322826
                ],
                [
                    -0.4194505805326724,
                    0.9077781725128689,
                    0.0,
                    0.8002854543438492
                ],
                [
                    0.0,
                    0.0,
                    1.0,
                    -0.25
                ],
                [
                    0.0,
                    0.0,
                    0.0,
                    1.0
                ]
            ],
            "size": [
                0.2,
                0.2,
                0.02
            ]
        },
        "collider2": {
            "type": "Box",
            "collider2origin": [
                [
                    0.25079502861816466,
                    0.7987770058407638,
                    -0.5468611785092063,
                    0.2753530182562316
                ],
                [
                    0.3329869905073909,
                    -0.6016272059282042,
                    -0.7260608578072865,
                    0.4771623824901801
                ],
                [
                    -0.9089672809145798,
                    -5.204444798058332e-06,
                    -0.41686746358965093,
                    -0.22765847915009862
                ],
                [
                    0.0,
                    0.0,
                    0.0,
                    1.0
                ]
            ],
            "size": [
                0.15068,
                0.17726,
                0.74884
            ]
        },
        "distance": 0.009465829284267186
    },
    {
        "case": 2,
        "collider1": {
            "type": "Box",
            "collider2origin": [
                [
                    0.907778172512869,
                    0.4194505805326725,
                    0.0,
                    0.9947946797881562
                ],
                [
                    -0.4194505805326725,
                    0.907778172512869,
                    0.0,
                    0.5317739604993647
                ],
                [
                    0.0,
                    0.0,
                    1.0,
                    -0.69
                ],
                [
                    0.0,
                    0.0,
                    0.0,
                    1.0
                ]
            ],
            "size": [
                0.6,
                1.2,
                0.75
            ]
        },
        "collider2": {
            "type": "Box",
            "collider2origin": [
                [
                    0.25079502861816466,
                    0.7987770058407638,
                    -0.5468611785092063,
                    0.2753530182562316
                ],
                [
                    0.3329869905073909,
                    -0.6016272059282042,
                    -0.7260608578072865,
                    0.4771623824901801
                ],
                [
                    -0.9089672809145798,
                    -5.204444798058332e-06,
                    -0.41686746358965093,
                    -0.22765847915009862
                ],
                [
                    0.0,
                    0.0,
                    0.0,
                    1.0
                ]
            ],
            "size": [
                0.15068,
                0.17726,
                0.74884
            ]
        },
        "distance": 0.2231050202026608
    },
    {
        "case": 3,
        "collider1": {
            "type": "Box",
            "collider2origin": [
                [
                    0.9077781725128689,
                    0.4194505805326724,
                    0.0,
                    0.4158817547107895
                ],
                [
                    -0.4194505805326724,
                    0.9077781725128689,
                    0.0,
                    0.733173894971941
                ],
                [
                    0.0,
                    0.0,
                    1.0,
                    -0.6599999999999999
                ],
                [
                    0.0,
                    0.0,
                    0.0,
                    1.0
                ]
            ],
            "size": [
                0.6,
                1.0,
                0.8
            ]
        },
        "collider2": {
            "type": "Box",
            "collider2origin": [
                [
                    0.25079502861816466,
                    0.7987770058407638,
                    -0.5468611785092063,
                    0.2753530182562316
                ],
                [
                    0.3329869905073909,
                    -0.6016272059282042,
                    -0.7260608578072865,
                    0.4771623824901801
                ],
                [
                    -0.9089672809145798,
                    -5.204444798058332e-06,
                    -0.41686746358965093,
                    -0.22765847915009862
                ],
                [
                    0.0,
                    0.0,
                    0.0,
                    1.0
                ]
            ],
            "size": [
                0.15068,
                0.17726,
                0.74884
            ]
        },
        "distance": 0.0
    },
    {
        "case": 4,
        "collider1": {
            "type": "Box",
            "collider2origin": [
                [
                    0.9077781725128689,
                    0.4194505805326724,
                    0.0,
                    0.27063700059322826
                ],
                [
                    -0.4194505805326724,
                    0.9077781725128689,
                    0.0,
                    0.8002854543438492
                ],
                [
                    0.0,
                    0.0,
                    1.0,
                    -0.25
                ],
                [
                    0.0,
                    0.0,
                    0.0,
                    1.0
                ]
            ],
            "size": [
                0.2,
                0.2,
                0.02
            ]
        },
        "collider2": {
            "type": "Box",
            "collider2origin": [
                [
                    0.25079502861816466,
                    0.7987770058407638,
                    -0.5468611785092063,
                    0.2753530182562316
                ],
                [
                    0.3329869905073909,
                    -0.6016272059282042,
                    -0.7260608578072865,
                    0.4771623824901801
                ],
                [
                    -0.9089672809145798,
                    -5.204444798058332e-06,
                    -0.41686746358965093,
                    -0.22765847915009862
                ],
                [
                    0.0,
                    0.0,
                    0.0,
                    1.0
                ]
            ],
            "size": [
                0.15068,
                0.17726,
                0.74884
            ]
        },
        "distance": 0.009465829284267186
    },
    {
        "case": 5,
        "collider1": {
            "type": "Box",
            "collider2origin": [
                [
                    0.907778172512869,
                    0.4194505805326725,
                    0.0,
                    0.9947946797881562
                ],
                [
                    -0.4194505805326725,
                    0.907778172512869,
                    0.0,
                    0.5317739604993647
                ],
                [
                    0.0,
                    0.0,
                    1.0,
                    -0.69
                ],
                [
                    0.0,
                    0.0,
                    0.0,
                    1.0
                ]
            ],
            "size": [
                0.6,
                1.2,
                0.75
            ]
        },
        "collider2": {
            "type": "Box",
            "collider2origin": [
                [
                    0.25079502861816466,
                    0.7987770058407638,
                    -0.5468611785092063,
                    0.2753530182562316
                ],
                [
                    0.3329869905073909,
                    -0.6016272059282042,
                    -0.7260608578072865,
                    0.4771623824901801
                ],
                [
                    -0.9089672809145798,
                    -5.204444798058332e-06,
                    -0.41686746358965093,
                    -0.22765847915009862
                ],
                [
                    0.0,
                    0.0,
                    0.0,
                    1.0
                ]
            ],
            "size": [
                0.15068,
                0.17726,
                0.74884
            ]
        },
        "distance": 0.2231050202026608
    },
    {
        "case": 6,
        "collider1": {
            "type": "Box",
            "collider2origin": [
                [
                    0.9077781725128689,
                    0.4194505805326724,
                    0.0,
                    0.4158817547107895
                ],
                [
                    -0.4194505805326724,
                    0.9077781725128689,
                    0.0,
                    0.733173894971941
                ],
                [
                    0.0,
                    0.0,
                    1.0,
                    -0.6599999999999999
                ],
                [
                    0.0,
                    0.0,
                    0.0,
                    1.0
                ]
            ],
            "size": [
                0.6,
                1.0,
                0.8
            ]
        },
        "collider2": {
            "type": "Box",
            "collider2origin": [
                [
                    -0.5958041932041709,
                    0.7987793212142748,
                    0.08348029324810285,
                    0.027273421487300886
                ],
                [
                    -0.7910521682483284,
                    -0.6016241318302158,
                    0.11083713777050214,
                    0.35778341272700903
                ],
                [
                    0.1387581726239765,
                    -3.5533504500216855e-08,
                    0.9903262944757416,
                    -0.08015708833541657
                ],
                [
                    0.0,
                    0.0,
                    0.0,
                    1.0
                ]
            ],
            "size": [
                0.1202,
                0.13634,
                0.67816
            ]
        },
        "distance": 0.0
    }
]