[
    {
        "case": 0,
        "collider1": {
            "type": "Box",
            "collider2origin": [
                [
                    0.9077781725128689,
                    0.4194505805326724,
                    0.0,
                    0.4158817547107895
                ],
                [
                    -0.4194505805326724,
                    0.9077781725128689,
                    0.0,
                    0.733173894971941
                ],
                [
                    0.0,
                    0.0,
                    1.0,
                    -0.6599999999999999
                ],
                [
                    0.0,
                    0.0,
                    0.0,
                    1.0
                ]
            ],
            "size": [
                0.6,
                1.0,
                0.8
            ]
        },
        "collider2": {
            "type": "Cylinder",
            "collider2origin": [
                [
                    -0.009633343906878906,
                    0.048626650739852714,
                    0.9987705680099892,
                    -0.08464889296649691
                ],
                [
                    0.20978153982300599,
                    -0.9764911590306035,
                    0.049565329460799244,
                    0.7648271136400093
                ],
                [
                    0.9777008255262237,
                    0.2100011075515874,
                    -0.0007940985116731946,
                    -0.40000474862898583
                ],
                [
                    0.0,
                    0.0,
                    0.0,
                    1.0
                ]
            ],
            "radius": 0.01271,
            "height": 0.05982
        },
        "distance": 0.1352547796018831
    },
    {
        "case": 1,
        "collider1": {
            "type": "Box",
            "collider2origin": [
                [
                    0.9077781725128689,
                    0.4194505805326724,
                    0.0,
                    0.4158817547107895
                ],
                [
                    -0.4194505805326724,
                    0.9077781725128689,
                    0.0,
                    0.733173894971941
                ],
                [
                    0.0,
                    0.0,
                    1.0,
                    -0.6599999999999999
                ],
                [
                    0.0,
                    0.0,
                    0.0,
                    1.0
                ]
            ],
            "size": [
                0.6,
                1.0,
                0.8
            ]
        },
        "collider2": {
            "type": "Box",
            "collider2origin": [
                [
                    -0.10468622768060343,
                    -0.9923289395208285,
                    0.06575765752726383,
                    0.14653344916605515
                ],
                [
                    -0.8403342537306001,
                    0.12362554648392185,
                    0.5277831621637686,
                    0.9799796235750962
                ],
                [
                    -0.5318638319542326,
                    -6.783784980510509e-06,
                    -0.846829890953868,
                    -0.356671603477434
                ],
                [
                    0.0,
                    0.0,
                    0.0,
                    1.0
                ]
            ],
            "size": [
                0.15068,
                0.17726,
                0.74884
            ]
        },
        "distance": 0.0
    },
    {
        "case": 2,
        "collider1": {
            "type": "Box",
            "collider2origin": [
                [
                    0.9077781725128689,
                    0.4194505805326724,
                    0.0,
                    0.27063700059322826
                ],
                [
                    -0.4194505805326724,
                    0.9077781725128689,
                    0.0,
                    0.8002854543438492
                ],
                [
                    0.0,
                    0.0,
                    1.0,
                    -0.25
                ],
                [
                    0.0,
                    0.0,
                    0.0,
                    1.0
                ]
            ],
            "size": [
                0.2,
                0.2,
                0.02
            ]
        },
        "collider2": {
            "type": "Box",
            "collider2origin": [
                [
                    -0.10468622768060343,
                    -0.9923289395208285,
                    0.06575765752726383,
                    0.14653344916605515
                ],
                [
                    -0.8403342537306001,
                    0.12362554648392185,
                    0.5277831621637686,
                    0.9799796235750962
                ],
                [
                    -0.5318638319542326,
                    -6.783784980510509e-06,
                    -0.846829890953868,
                    -0.356671603477434
                ],
                [
                    0.0,
                    0.0,
                    0.0,
                    1.0
                ]
            ],
            "size": [
                0.15068,
                0.17726,
                0.74884
            ]
        },
        "distance": 0.0
    },
    {
        "case": 3,
        "collider1": {
            "type": "Box",
            "collider2origin": [
                [
                    0.9081427509232697,
                    -0.4186606548811531,
                    0.0,
                    -0.09474126814702305
                ],
                [
                    0.41866065488115317,
                    0.9081427509232698,
                    0.0,
                    1.368923948110301
                ],
                [
                    0.0,
                    0.0,
                    1.0,
                    -0.21500000000000008
                ],
                [
                    0.0,
                    0.0,
                    0.0,
                    1.0
                ]
            ],
            "size": [
                0.2,
                0.3,
                0.22
            ]
        },
        "collider2": {
            "type": "Box",
            "collider2origin": [
                [
                    -0.10468622768060343,
                    -0.9923289395208285,
                    0.06575765752726383,
                    0.14653344916605515
                ],
                [
                    -0.8403342537306001,
                    0.12362554648392185,
                    0.5277831621637686,
                    0.9799796235750962
                ],
                [
                    -0.5318638319542326,
                    -6.783784980510509e-06,
                    -0.846829890953868,
                    -0.356671603477434
                ],
                [
                    0.0,
                    0.0,
                    0.0,
                    1.0
                ]
            ],
            "size": [
                0.15068,
                0.17726,
                0.74884
            ]
        },
        "distance": 0.17538633404248588
    },
    {
        "case": 4,
        "collider1": {
            "type": "Box",
            "collider2origin": [
                [
                    0.9077781725128689,
                    0.4194505805326724,
                    0.0,
                    0.4158817547107895
                ],
                [
                    -0.4194505805326724,
                    0.9077781725128689,
                    0.0,
                    0.733173894971941
                ],
                [
                    0.0,
                    0.0,
                    1.0,
                    -0.6599999999999999
                ],
                [
                    0.0,
                    0.0,
                    0.0,
                    1.0
                ]
            ],
            "size": [
                0.6,
                1.0,
                0.8
            ]
        },
        "collider2": {
            "type": "Box",
            "collider2origin": [
                [
                    -0.10468622768060343,
                    -0.9923289395208285,
                    0.06575765752726383,
                    0.14653344916605515
                ],
                [
                    -0.8403342537306001,
                    0.12362554648392185,
                    0.5277831621637686,
                    0.9799796235750962
                ],
                [
                    -0.5318638319542326,
                    -6.783784980510509e-06,
                    -0.846829890953868,
                    -0.356671603477434
                ],
                [
                    0.0,
                    0.0,
                    0.0,
                    1.0
                ]
            ],
            "size": [
                0.15068,
                0.17726,
                0.74884
            ]
        },
        "distance": 0.0
    },
    {
        "case": 5,
        "collider1": {
            "type": "Box",
            "collider2origin": [
                [
                    0.9077781725128689,
                    0.4194505805326724,
                    0.0,
                    0.27063700059322826
                ],
                [
                    -0.4194505805326724,
                    0.9077781725128689,
                    0.0,
                    0.8002854543438492
                ],
                [
                    0.0,
                    0.0,
                    1.0,
                    -0.25
                ],
                [
                    0.0,
                    0.0,
                    0.0,
                    1.0
                ]
            ],
            "size": [
                0.2,
                0.2,
                0.02
            ]
        },
        "collider2": {
            "type": "Box",
            "collider2origin": [
                [
                    -0.10468622768060343,
                    -0.9923289395208285,
                    0.06575765752726383,
                    0.14653344916605515
                ],
                [
                    -0.8403342537306001,
                    0.12362554648392185,
                    0.5277831621637686,
                    0.9799796235750962
                ],
                [
                    -0.5318638319542326,
                    -6.783784980510509e-06,
                    -0.846829890953868,
                    -0.356671603477434
                ],
                [
                    0.0,
                    0.0,
                    0.0,
                    1.0
                ]
            ],
            "size": [
                0.15068,
                0.17726,
                0.74884
            ]
        },
        "distance": 0.0
    },
    {
        "case": 6,
        "collider1": {
            "type": "Box",
            "collider2origin": [
                [
                    0.9081427509232697,
                    -0.4186606548811531,
                    0.0,
                    -0.09474126814702305
                ],
                [
                    0.41866065488115317,
                    0.9081427509232698,
                    0.0,
                    1.368923948110301
                ],
                [
                    0.0,
                    0.0,
                    1.0,
                    -0.21500000000000008
                ],
                [
                    0.0,
                    0.0,
                    0.0,
                    1.0
                ]
            ],
            "size": [
                0.2,
                0.3,
                0.22
            ]
        },
        "collider2": {
            "type": "Box",
            "collider2origin": [
                [
                    -0.10468622768060343,
                    -0.9923289395208285,
                    0.06575765752726383,
                    0.14653344916605515
                ],
                [
                    -0.8403342537306001,
                    0.12362554648392185,
                    0.5277831621637686,
                    0.9799796235750962
                ],
                [
                    -0.5318638319542326,
                    -6.783784980510509e-06,
                    -0.846829890953868,
                    -0.356671603477434
                ],
                [
                    0.0,
                    0.0,
                    0.0,
                    1.0
                ]
            ],
            "size": [
                0.15068,
                0.17726,
                0.74884
            ]
        },
        "distance": 0.17538633404248588
    },
    {
        "case": 7,
        "collider1": {
            "type": "Box",
            "collider2origin": [
                [
                    0.9077781725128689,
                    0.4194505805326724,
                    0.0,
                    0.4158817547107895
                ],
                [
                    -0.4194505805326724,
                    0.9077781725128689,
                    0.0,
                    0.733173894971941
                ],
                [
                    0.0,
                    0.0,
                    1.0,
                    -0.6599999999999999
                ],
                [
                    0.0,
                    0.0,
                    0.0,
                    1.0
                ]
            ],
            "size": [
                0.6,
                1.0,
                0.8
            ]
        },
        "collider2": {
            "type": "Box",
            "collider2origin": [
                [
                    -0.07358742928746818,
                    -0.9923288161664541,
                    0.0993398754606909,
                    0.11713267932953692
                ],
                [
                    -0.5907116465746215,
                    0.1236265366794147,
                    0.797355773811009,
                    0.6260394307425059
                ],
                [
                    -0.8035201558467349,
                    -5.8597816304864255e-06,
                    -0.595277547967082,
                    -0.38981398795104705
                ],
                [
                    0.0,
                    0.0,
                    0.0,
                    1.0
                ]
            ],
            "size": [
                0.09102,
                0.10007,
                0.11882
            ]
        },
        "distance": 0.0
    },
    {
        "case": 8,
        "collider1": {
            "type": "Box",
            "collider2origin": [
                [
                    0.9077781725128689,
                    0.4194505805326724,
                    0.0,
                    0.4158817547107895
                ],
                [
                    -0.4194505805326724,
                    0.9077781725128689,
                    0.0,
                    0.733173894971941
                ],
                [
                    0.0,
                    0.0,
                    1.0,
                    -0.6599999999999999
                ],
                [
                    0.0,
                    0.0,
                    0.0,
                    1.0
                ]
            ],
            "size": [
                0.6,
                1.0,
                0.8
            ]
        },
        "collider2": {
            "type": "Box",
            "collider2origin": [
                [
                    -0.23074356526934048,
                    -0.9679302641359284,
                    0.0993398754606909,
                    0.12192862824679751
                ],
                [
                    -0.5634706959925124,
                    0.2161586101175729,
                    0.797355773811009,
                    0.7140429446649106
                ],
                [
                    -0.793257954164033,
                    0.12800960527160102,
                    -0.595277547967082,
                    -0.4548314686240751
                ],
                [
                    0.0,
                    0.0,
                    0.0,
                    1.0
                ]
            ],
            "size": [
                0.09126,
                0.11887,
                0.10009
            ]
        },
        "distance": 0.0
    },
    {
        "case": 9,
        "collider1": {
            "type": "Box",
            "collider2origin": [
                [
                    0.9077781725128689,
                    0.4194505805326724,
                    0.0,
                    0.4158817547107895
                ],
                [
                    -0.4194505805326724,
                    0.9077781725128689,
                    0.0,
                    0.733173894971941
                ],
                [
                    0.0,
                    0.0,
                    1.0,
                    -0.6599999999999999
                ],
                [
                    0.0,
                    0.0,
                    0.0,
                    1.0
                ]
            ],
            "size": [
                0.6,
                1.0,
                0.8
            ]
        },
        "collider2": {
            "type": "Box",
            "collider2origin": [
                [
                    -0.036118050343753864,
                    -0.967929715831568,
                    0.24861124602395937,
                    0.0502673202188135
                ],
                [
                    0.3845325509663007,
                    0.21615897777091592,
                    0.8974463847920845,
                    0.7340734951916292
                ],
                [
                    -0.9224045770087633,
                    0.12801313033924405,
                    0.3643932419434149,
                    -0.44712050760716904
                ],
                [
                    0.0,
                    0.0,
                    0.0,
                    1.0
                ]
            ],
            "size": [
                0.08993,
                0.0305,
                0.09007
            ]
        },
        "distance": 0.0019759664301922473
    },
    {
        "case": 10,
        "collider1": {
            "type": "Box",
            "collider2origin": [
                [
                    0.9077781725128689,
                    0.4194505805326724,
                    0.0,
                    0.4158817547107895
                ],
                [
                    -0.4194505805326724,
                    0.9077781725128689,
                    0.0,
                    0.733173894971941
                ],
                [
                    0.0,
                    0.0,
                    1.0,
                    -0.6599999999999999
                ],
                [
                    0.0,
                    0.0,
                    0.0,
                    1.0
                ]
            ],
            "size": [
                0.6,
                1.0,
                0.8
            ]
        },
        "collider2": {
            "type": "Box",
            "collider2origin": [
                [
                    0.1533814695268985,
                    -0.9558894358508795,
                    -0.2504985254137359,
                    -0.030765362572208577
                ],
                [
                    0.831356011024949,
                    0.26185521836779807,
                    -0.4901826471288407,
                    0.754626596430463
                ],
                [
                    0.5341547601009035,
                    -0.1330685201023886,
                    0.8348481665664157,
                    -0.44154889409088227
                ],
                [
                    0.0,
                    0.0,
                    0.0,
                    1.0
                ]
            ],
            "size": [
                0.06241,
                0.05638,
                0.02858
            ]
        },
        "distance": 0.08004904242108019
    },
    {
        "case": 11,
        "collider1": {
            "type": "Box",
            "collider2origin": [
                [
                    0.9077781725128689,
                    0.4194505805326724,
                    0.0,
                    0.4158817547107895
                ],
                [
                    -0.4194505805326724,
                    0.9077781725128689,
                    0.0,
                    0.733173894971941
                ],
                [
                    0.0,
                    0.0,
                    1.0,
                    -0.6599999999999999
                ],
                [
                    0.0,
                    0.0,
                    0.0,
                    1.0
                ]
            ],
            "size": [
                0.6,
                1.0,
                0.8
            ]
        },
        "collider2": {
            "type": "Box",
            "collider2origin": [
                [
                    0.050225231252827025,
                    -0.9923295959782944,
                    -0.11295751011400411,
                    0.2607343114303011
                ],
                [
                    0.4031860889929498,
                    0.12362027722343755,
                    -0.9067298410782394,
                    0.8746946811526788
                ],
                [
                    0.9137386955733947,
                    -2.180773253246735e-06,
                    0.40630234580552826,
                    -0.50710117173193
                ],
                [
                    0.0,
                    0.0,
                    0.0,
                    1.0
                ]
            ],
            "size": [
                0.1202,
                0.13634,
                0.67816
            ]
        },
        "distance": 0.0
    },
    {
        "case": 12,
        "collider1": {
            "type": "Box",
            "collider2origin": [
                [
                    0.9077781725128689,
                    0.4194505805326724,
                    0.0,
                    0.4158817547107895
                ],
                [
                    -0.4194505805326724,
                    0.9077781725128689,
                    0.0,
                    0.733173894971941
                ],
                [
                    0.0,
                    0.0,
                    1.0,
                    -0.6599999999999999
                ],
                [
                    0.0,
                    0.0,
                    0.0,
                    1.0
                ]
            ],
            "size": [
                0.6,
                1.0,
                0.8
            ]
        },
        "collider2": {
            "type": "Box",
            "collider2origin": [
                [
                    0.20246879672704107,
                    -0.9558878997785853,
                    -0.21280204277400408,
                    -0.07887588228445336
                ],
                [
                    0.9156120901764548,
                    0.26185931443303445,
                    -0.3050970333637556,
                    0.7703353995389047
                ],
                [
                    0.34736275948150747,
                    -0.13307149394797566,
                    0.9282408581956763,
                    -0.4498559451872659
                ],
                [
                    0.0,
                    0.0,
                    0.0,
                    1.0
                ]
            ],
            "size": [
                0.07264,
                0.04753,
                0.03326
            ]
        },
        "distance": 0.13312793314366217
    }
]