[
    {
        "case": 0,
        "collider1": {
            "type": "Box",
            "collider2origin": [
                [
                    0.718022042059392,
                    -0.6960203640101781,
                    0.0,
                    0.13748258467077087
                ],
                [
                    0.6960203640101781,
                    0.718022042059392,
                    0.0,
                    1.5384737068316263
                ],
                [
                    0.0,
                    0.0,
                    1.0,
                    -0.21500000000000008
                ],
                [
                    0.0,
                    0.0,
                    0.0,
                    1.0
                ]
            ],
            "size": [
                0.2,
                0.3,
                0.22
            ]
        },
        "collider2": {
            "type": "Box",
            "collider2origin": [
                [
                    0.47194641276926125,
                    0.7077632105399496,
                    -0.5256784390484444,
                    0.2657996714614317
                ],
                [
                    -0.47282259614012295,
                    0.7064497418816829,
                    0.5266569611944931,
                    1.0813322288190739
                ],
                [
                    0.7441138192867676,
                    -1.2193099281729984e-06,
                    0.6680528601427981,
                    0.09762158409803545
                ],
                [
                    0.0,
                    0.0,
                    0.0,
                    1.0
                ]
            ],
            "size": [
                0.15068,
                0.17726,
                0.74884
            ]
        },
        "distance": 0.256271700139243
    },
    {
        "case": 1,
        "collider1": {
            "type": "Box",
            "collider2origin": [
                [
                    0.8404842512412337,
                    -0.5418359746412772,
                    0.0,
                    0.011439976095501792
                ],
                [
                    0.5418359746412771,
                    0.8404842512412338,
                    0.0,
                    1.4325762997644957
                ],
                [
                    0.0,
                    0.0,
                    1.0,
                    -0.21500000000000008
                ],
                [
                    0.0,
                    0.0,
                    0.0,
                    1.0
                ]
            ],
            "size": [
                0.2,
                0.3,
                0.22
            ]
        },
        "collider2": {
            "type": "Box",
            "collider2origin": [
                [
                    0.47194641276926125,
                    0.7077632105399496,
                    -0.5256784390484444,
                    0.2657996714614317
                ],
                [
                    -0.47282259614012295,
                    0.7064497418816829,
                    0.5266569611944931,
                    1.0813322288190739
                ],
                [
                    0.7441138192867676,
                    -1.2193099281729984e-06,
                    0.6680528601427981,
                    0.09762158409803545
                ],
                [
                    0.0,
                    0.0,
                    0.0,
                    1.0
                ]
            ],
            "size": [
                0.15068,
                0.17726,
                0.74884
            ]
        },
        "distance": 0.25350258927982094
    },
    {
        "case": 2,
        "collider1": {
            "type": "Box",
            "collider2origin": [
                [
                    0.9081427509232697,
                    -0.4186606548811531,
                    0.0,
                    -0.09474126814702305
                ],
                [
                    0.41866065488115317,
                    0.9081427509232698,
                    0.0,
                    1.368923948110301
                ],
                [
                    0.0,
                    0.0,
                    1.0,
                    -0.21500000000000008
                ],
                [
                    0.0,
                    0.0,
                    0.0,
                    1.0
                ]
            ],
            "size": [
                0.2,
                0.3,
                0.22
            ]
        },
        "collider2": {
            "type": "Box",
            "collider2origin": [
                [
                    0.47194641276926125,
                    0.7077632105399496,
                    -0.5256784390484444,
                    0.2657996714614317
                ],
                [
                    -0.47282259614012295,
                    0.7064497418816829,
                    0.5266569611944931,
                    1.0813322288190739
                ],
                [
                    0.7441138192867676,
                    -1.2193099281729984e-06,
                    0.6680528601427981,
                    0.09762158409803545
                ],
                [
                    0.0,
                    0.0,
                    0.0,
                    1.0
                ]
            ],
            "size": [
                0.15068,
                0.17726,
                0.74884
            ]
        },
        "distance": 0.2644587665682468
    },
    {
        "case": 3,
        "collider1": {
            "type": "Box",
            "collider2origin": [
                [
                    0.718022042059392,
                    -0.6960203640101781,
                    0.0,
                    0.13748258467077087
                ],
                [
                    0.6960203640101781,
                    0.718022042059392,
                    0.0,
                    1.5384737068316263
                ],
                [
                    0.0,
                    0.0,
                    1.0,
                    -0.21500000000000008
                ],
                [
                    0.0,
                    0.0,
                    0.0,
                    1.0
                ]
            ],
            "size": [
                0.2,
                0.3,
                0.22
            ]
        },
        "collider2": {
            "type": "Box",
            "collider2origin": [
                [
                    0.47194641276926125,
                    0.7077632105399496,
                    -0.5256784390484444,
                    0.2657996714614317
                ],
                [
                    -0.47282259614012295,
                    0.7064497418816829,
                    0.5266569611944931,
                    1.0813322288190739
                ],
                [
                    0.7441138192867676,
                    -1.2193099281729984e-06,
                    0.6680528601427981,
                    0.09762158409803545
                ],
                [
                    0.0,
                    0.0,
                    0.0,
                    1.0
                ]
            ],
            "size": [
                0.15068,
                0.17726,
                0.74884
            ]
        },
        "distance": 0.256271700139243
    },
    {
        "case": 4,
        "collider1": {
            "type": "Box",
            "collider2origin": [
                [
                    0.8404842512412337,
                    -0.5418359746412772,
                    0.0,
                    0.011439976095501792
                ],
                [
                    0.5418359746412771,
                    0.8404842512412338,
                    0.0,
                    1.4325762997644957
                ],
                [
                    0.0,
                    0.0,
                    1.0,
                    -0.21500000000000008
                ],
                [
                    0.0,
                    0.0,
                    0.0,
                    1.0
                ]
            ],
            "size": [
                0.2,
                0.3,
                0.22
            ]
        },
        "collider2": {
            "type": "Box",
            "collider2origin": [
                [
                    0.47194641276926125,
                    0.7077632105399496,
                    -0.5256784390484444,
                    0.2657996714614317
                ],
                [
                    -0.47282259614012295,
                    0.7064497418816829,
                    0.5266569611944931,
                    1.0813322288190739
                ],
                [
                    0.7441138192867676,
                    -1.2193099281729984e-06,
                    0.6680528601427981,
                    0.09762158409803545
                ],
                [
                    0.0,
                    0.0,
                    0.0,
                    1.0
                ]
            ],
            "size": [
                0.15068,
                0.17726,
                0.74884
            ]
        },
        "distance": 0.25350258927982094
    },
    {
        "case": 5,
        "collider1": {
            "type": "Box",
            "collider2origin": [
                [
                    0.9081427509232697,
                    -0.4186606548811531,
                    0.0,
                    -0.09474126814702305
                ],
                [
                    0.41866065488115317,
                    0.9081427509232698,
                    0.0,
                    1.368923948110301
                ],
                [
                    0.0,
                    0.0,
                    1.0,
                    -0.21500000000000008
                ],
                [
                    0.0,
                    0.0,
                    0.0,
                    1.0
                ]
            ],
            "size": [
                0.2,
                0.3,
                0.22
            ]
        },
        "collider2": {
            "type": "Box",
            "collider2origin": [
                [
                    0.47194641276926125,
                    0.7077632105399496,
                    -0.5256784390484444,
                    0.2657996714614317
                ],
                [
                    -0.47282259614012295,
                    0.7064497418816829,
                    0.5266569611944931,
                    1.0813322288190739
                ],
                [
                    0.7441138192867676,
                    -1.2193099281729984e-06,
                    0.6680528601427981,
                    0.09762158409803545
                ],
                [
                    0.0,
                    0.0,
                    0.0,
                    1.0
                ]
            ],
            "size": [
                0.15068,
                0.17726,
                0.74884
            ]
        },
        "distance": 0.2644587665682468
    }
]