[
    {
        "case": 0,
        "collider1": {
            "type": "Box",
            "collider2origin": [
                [
                    0.9077781725128689,
                    0.4194505805326724,
                    0.0,
                    0.4158817547107895
                ],
                [
                    -0.4194505805326724,
                    0.9077781725128689,
                    0.0,
                    0.733173894971941
                ],
                [
                    0.0,
                    0.0,
                    1.0,
                    -0.6599999999999999
                ],
                [
                    0.0,
                    0.0,
                    0.0,
                    1.0
                ]
            ],
            "size": [
                0.6,
                1.0,
                0.8
            ]
        },
        "collider2": {
            "type": "Cylinder",
            "collider2origin": [
                [
                    0.8481609851901947,
                    -0.5105925942693235,
                    0.14113166150272446,
                    0.49489486419837614
                ],
                [
                    0.3714734102072808,
                    0.7632036021678119,
                    0.5287038558087584,
                    0.6798956050847365
                ],
                [
                    -0.3776644657763961,
                    -0.3959993236299749,
                    0.8369910913351654,
                    -0.6955745878857434
                ],
                [
                    0.0,
                    0.0,
                    0.0,
                    1.0
                ]
            ],
            "radius": 0.00683,
            "height": 0.01183
        },
        "distance": 0.0
    },
    {
        "case": 1,
        "collider1": {
            "type": "Box",
            "collider2origin": [
                [
                    0.907778172512869,
                    0.4194505805326725,
                    0.0,
                    0.9947946797881562
                ],
                [
                    -0.4194505805326725,
                    0.907778172512869,
                    0.0,
                    0.5317739604993647
                ],
                [
                    0.0,
                    0.0,
                    1.0,
                    -0.69
                ],
                [
                    0.0,
                    0.0,
                    0.0,
                    1.0
                ]
            ],
            "size": [
                0.6,
                1.2,
                0.75
            ]
        },
        "collider2": {
            "type": "Cylinder",
            "collider2origin": [
                [
                    0.8481609851901947,
                    -0.5105925942693235,
                    0.14113166150272446,
                    0.49489486419837614
                ],
                [
                    0.3714734102072808,
                    0.7632036021678119,
                    0.5287038558087584,
                    0.6798956050847365
                ],
                [
                    -0.3776644657763961,
                    -0.3959993236299749,
                    0.8369910913351654,
                    -0.6955745878857434
                ],
                [
                    0.0,
                    0.0,
                    0.0,
                    1.0
                ]
            ],
            "radius": 0.00683,
            "height": 0.01183
        },
        "distance": 0.20857393351957282
    },
    {
        "case": 2,
        "collider1": {
            "type": "Box",
            "collider2origin": [
                [
                    0.9077781725128689,
                    0.4194505805326724,
                    0.0,
                    0.4158817547107895
                ],
                [
                    -0.4194505805326724,
                    0.9077781725128689,
                    0.0,
                    0.733173894971941
                ],
                [
                    0.0,
                    0.0,
                    1.0,
                    -0.6599999999999999
                ],
                [
                    0.0,
                    0.0,
                    0.0,
                    1.0
                ]
            ],
            "size": [
                0.6,
                1.0,
                0.8
            ]
        },
        "collider2": {
            "type": "Sphere",
            "collider2origin": [
                [
                    1.0,
                    0.0,
                    0.0,
                    0.5712898342732929
                ],
                [
                    0.0,
                    1.0,
                    0.0,
                    0.6537872973275518
                ],
                [
                    0.0,
                    0.0,
                    1.0,
                    -0.6480819593243147
                ],
                [
                    0.0,
                    0.0,
                    0.0,
                    1.0
                ]
            ],
            "radius": 0.00663
        },
        "distance": 0.0
    },
    {
        "case": 3,
        "collider1": {
            "type": "Box",
            "collider2origin": [
                [
                    0.907778172512869,
                    0.4194505805326725,
                    0.0,
                    0.9947946797881562
                ],
                [
                    -0.4194505805326725,
                    0.907778172512869,
                    0.0,
                    0.5317739604993647
                ],
                [
                    0.0,
                    0.0,
                    1.0,
                    -0.69
                ],
                [
                    0.0,
                    0.0,
                    0.0,
                    1.0
                ]
            ],
            "size": [
                0.6,
                1.2,
                0.75
            ]
        },
        "collider2": {
            "type": "Sphere",
            "collider2origin": [
                [
                    1.0,
                    0.0,
                    0.0,
                    0.5712898342732929
                ],
                [
                    0.0,
                    1.0,
                    0.0,
                    0.6537872973275518
                ],
                [
                    0.0,
                    0.0,
                    1.0,
                    -0.6480819593243147
                ],
                [
                    0.0,
                    0.0,
                    0.0,
                    1.0
                ]
            ],
            "radius": 0.00663
        },
        "distance": 0.128997019677139
    },
    {
        "case": 4,
        "collider1": {
            "type": "Box",
            "collider2origin": [
                [
                    0.9077781725128689,
                    0.4194505805326724,
                    0.0,
                    0.4158817547107895
                ],
                [
                    -0.4194505805326724,
                    0.9077781725128689,
                    0.0,
                    0.733173894971941
                ],
                [
                    0.0,
                    0.0,
                    1.0,
                    -0.6599999999999999
                ],
                [
                    0.0,
                    0.0,
                    0.0,
                    1.0
                ]
            ],
            "size": [
                0.6,
                1.0,
                0.8
            ]
        },
        "collider2": {
            "type": "Box",
            "collider2origin": [
                [
                    0.870478940635098,
                    0.330893141668396,
                    -0.3643846082199636,
                    0.48896807516381324
                ],
                [
                    0.32465618635538046,
                    -0.9424231180162461,
                    -0.0802310868037843,
                    0.714547773999314
                ],
                [
                    -0.3699523950077606,
                    -0.04846024582433218,
                    -0.92778598286602,
                    -0.6602643287094305
                ],
                [
                    0.0,
                    0.0,
                    0.0,
                    1.0
                ]
            ],
            "size": [
                0.07264,
                0.04753,
                0.03326
            ]
        },
        "distance": 0.0
    },
    {
        "case": 5,
        "collider1": {
            "type": "Box",
            "collider2origin": [
                [
                    0.907778172512869,
                    0.4194505805326725,
                    0.0,
                    0.9947946797881562
                ],
                [
                    -0.4194505805326725,
                    0.907778172512869,
                    0.0,
                    0.5317739604993647
                ],
                [
                    0.0,
                    0.0,
                    1.0,
                    -0.69
                ],
                [
                    0.0,
                    0.0,
                    0.0,
                    1.0
                ]
            ],
            "size": [
                0.6,
                1.2,
                0.75
            ]
        },
        "collider2": {
            "type": "Box",
            "collider2origin": [
                [
                    0.870478940635098,
                    0.330893141668396,
                    -0.3643846082199636,
                    0.48896807516381324
                ],
                [
                    0.32465618635538046,
                    -0.9424231180162461,
                    -0.0802310868037843,
                    0.714547773999314
                ],
                [
                    -0.3699523950077606,
                    -0.04846024582433218,
                    -0.92778598286602,
                    -0.6602643287094305
                ],
                [
                    0.0,
                    0.0,
                    0.0,
                    1.0
                ]
            ],
            "size": [
                0.07264,
                0.04753,
                0.03326
            ]
        },
        "distance": 0.1906147564191512
    },
    {
        "case": 6,
        "collider1": {
            "type": "Box",
            "collider2origin": [
                [
                    0.9077781725128689,
                    0.4194505805326724,
                    0.0,
                    0.4158817547107895
                ],
                [
                    -0.4194505805326724,
                    0.9077781725128689,
                    0.0,
                    0.733173894971941
                ],
                [
                    0.0,
                    0.0,
                    1.0,
                    -0.6599999999999999
                ],
                [
                    0.0,
                    0.0,
                    0.0,
                    1.0
                ]
            ],
            "size": [
                0.6,
                1.0,
                0.8
            ]
        },
        "collider2": {
            "type": "Box",
            "collider2origin": [
                [
                    0.7748018307656175,
                    0.33088892515239504,
                    -0.5386971711952272,
                    0.46966920632221243
                ],
                [
                    0.30063526798370327,
                    -0.9424244491591778,
                    -0.14647386548933147,
                    0.7620545073054534
                ],
                [
                    -0.5561479647419508,
                    -0.048463149283889166,
                    -0.8296690692528392,
                    -0.6592349347061313
                ],
                [
                    0.0,
                    0.0,
                    0.0,
                    1.0
                ]
            ],
            "size": [
                0.06241,
                0.05638,
                0.02858
            ]
        },
        "distance": 0.0
    },
    {
        "case": 7,
        "collider1": {
            "type": "Box",
            "collider2origin": [
                [
                    0.907778172512869,
                    0.4194505805326725,
                    0.0,
                    0.9947946797881562
                ],
                [
                    -0.4194505805326725,
                    0.907778172512869,
                    0.0,
                    0.5317739604993647
                ],
                [
                    0.0,
                    0.0,
                    1.0,
                    -0.69
                ],
                [
                    0.0,
                    0.0,
                    0.0,
                    1.0
                ]
            ],
            "size": [
                0.6,
                1.2,
                0.75
            ]
        },
        "collider2": {
            "type": "Box",
            "collider2origin": [
                [
                    0.7748018307656175,
                    0.33088892515239504,
                    -0.5386971711952272,
                    0.46966920632221243
                ],
                [
                    0.30063526798370327,
                    -0.9424244491591778,
                    -0.14647386548933147,
                    0.7620545073054534
                ],
                [
                    -0.5561479647419508,
                    -0.048463149283889166,
                    -0.8296690692528392,
                    -0.6592349347061313
                ],
                [
                    0.0,
                    0.0,
                    0.0,
                    1.0
                ]
            ],
            "size": [
                0.06241,
                0.05638,
                0.02858
            ]
        },
        "distance": 0.22955461288234014
    },
    {
        "case": 8,
        "collider1": {
            "type": "Box",
            "collider2origin": [
                [
                    0.9077781725128689,
                    0.4194505805326724,
                    0.0,
                    0.4158817547107895
                ],
                [
                    -0.4194505805326724,
                    0.9077781725128689,
                    0.0,
                    0.733173894971941
                ],
                [
                    0.0,
                    0.0,
                    1.0,
                    -0.6599999999999999
                ],
                [
                    0.0,
                    0.0,
                    0.0,
                    1.0
                ]
            ],
            "size": [
                0.6,
                1.0,
                0.8
            ]
        },
        "collider2": {
            "type": "Cylinder",
            "collider2origin": [
                [
                    0.8481609851901947,
                    -0.5105925942693235,
                    0.14113166150272446,
                    0.4971954830796817
                ],
                [
                    0.3714734102072808,
                    0.7632036021678119,
                    0.5287038558087584,
                    0.6885280211602236
                ],
                [
                    -0.3776644657763961,
                    -0.3959993236299749,
                    0.8369910913351654,
                    -0.6819169400112869
                ],
                [
                    0.0,
                    0.0,
                    0.0,
                    1.0
                ]
            ],
            "radius": 0.00683,
            "height": 0.01782
        },
        "distance": 0.0
    },
    {
        "case": 9,
        "collider1": {
            "type": "Box",
            "collider2origin": [
                [
                    0.907778172512869,
                    0.4194505805326725,
                    0.0,
                    0.9947946797881562
                ],
                [
                    -0.4194505805326725,
                    0.907778172512869,
                    0.0,
                    0.5317739604993647
                ],
                [
                    0.0,
                    0.0,
                    1.0,
                    -0.69
                ],
                [
                    0.0,
                    0.0,
                    0.0,
                    1.0
                ]
            ],
            "size": [
                0.6,
                1.2,
                0.75
            ]
        },
        "collider2": {
            "type": "Cylinder",
            "collider2origin": [
                [
                    0.8481609851901947,
                    -0.5105925942693235,
                    0.14113166150272446,
                    0.4971954830796817
                ],
                [
                    0.3714734102072808,
                    0.7632036021678119,
                    0.5287038558087584,
                    0.6885280211602236
                ],
                [
                    -0.3776644657763961,
                    -0.3959993236299749,
                    0.8369910913351654,
                    -0.6819169400112869
                ],
                [
                    0.0,
                    0.0,
                    0.0,
                    1.0
                ]
            ],
            "radius": 0.00683,
            "height": 0.01782
        },
        "distance": 0.20982587540214417
    },
    {
        "case": 10,
        "collider1": {
            "type": "Box",
            "collider2origin": [
                [
                    0.9077781725128689,
                    0.4194505805326724,
                    0.0,
                    0.4158817547107895
                ],
                [
                    -0.4194505805326724,
                    0.9077781725128689,
                    0.0,
                    0.733173894971941
                ],
                [
                    0.0,
                    0.0,
                    1.0,
                    -0.6599999999999999
                ],
                [
                    0.0,
                    0.0,
                    0.0,
                    1.0
                ]
            ],
            "size": [
                0.6,
                1.0,
                0.8
            ]
        },
        "collider2": {
            "type": "Box",
            "collider2origin": [
                [
                    -0.27312170477936887,
                    0.8131313852661476,
                    -0.5140251790268323,
                    0.28776005557730083
                ],
                [
                    0.3815429538045102,
                    0.582080192298304,
                    0.7180582317166895,
                    1.116954651903669
                ],
                [
                    0.8830795597116607,
                    -5.396758468470242e-06,
                    -0.4692232850044148,
                    -0.24354088503397464
                ],
                [
                    0.0,
                    0.0,
                    0.0,
                    1.0
                ]
            ],
            "size": [
                0.15068,
                0.17726,
                0.74884
            ]
        },
        "distance": 0.0
    },
    {
        "case": 11,
        "collider1": {
            "type": "Box",
            "collider2origin": [
                [
                    0.9077781725128689,
                    0.4194505805326724,
                    0.0,
                    0.27063700059322826
                ],
                [
                    -0.4194505805326724,
                    0.9077781725128689,
                    0.0,
                    0.8002854543438492
                ],
                [
                    0.0,
                    0.0,
                    1.0,
                    -0.25
                ],
                [
                    0.0,
                    0.0,
                    0.0,
                    1.0
                ]
            ],
            "size": [
                0.2,
                0.2,
                0.02
            ]
        },
        "collider2": {
            "type": "Box",
            "collider2origin": [
                [
                    -0.27312170477936887,
                    0.8131313852661476,
                    -0.5140251790268323,
                    0.28776005557730083
                ],
                [
                    0.3815429538045102,
                    0.582080192298304,
                    0.7180582317166895,
                    1.116954651903669
                ],
                [
                    0.8830795597116607,
                    -5.396758468470242e-06,
                    -0.4692232850044148,
                    -0.24354088503397464
                ],
                [
                    0.0,
                    0.0,
                    0.0,
                    1.0
                ]
            ],
            "size": [
                0.15068,
                0.17726,
                0.74884
            ]
        },
        "distance": 0.02561799752254355
    },
    {
        "case": 12,
        "collider1": {
            "type": "Box",
            "collider2origin": [
                [
                    0.907778172512869,
                    0.4194505805326725,
                    0.0,
                    0.9947946797881562
                ],
                [
                    -0.4194505805326725,
                    0.907778172512869,
                    0.0,
                    0.5317739604993647
                ],
                [
                    0.0,
                    0.0,
                    1.0,
                    -0.69
                ],
                [
                    0.0,
                    0.0,
                    0.0,
                    1.0
                ]
            ],
            "size": [
                0.6,
                1.2,
                0.75
            ]
        },
        "collider2": {
            "type": "Box",
            "collider2origin": [
                [
                    -0.27312170477936887,
                    0.8131313852661476,
                    -0.5140251790268323,
                    0.28776005557730083
                ],
                [
                    0.3815429538045102,
                    0.582080192298304,
                    0.7180582317166895,
                    1.116954651903669
                ],
                [
                    0.8830795597116607,
                    -5.396758468470242e-06,
                    -0.4692232850044148,
                    -0.24354088503397464
                ],
                [
                    0.0,
                    0.0,
                    0.0,
                    1.0
                ]
            ],
            "size": [
                0.15068,
                0.17726,
                0.74884
            ]
        },
        "distance": 0.2887448192965368
    },
    {
        "case": 13,
        "collider1": {
            "type": "Box",
            "collider2origin": [
                [
                    0.718022042059392,
                    -0.6960203640101781,
                    0.0,
                    0.13748258467077087
                ],
                [
                    0.6960203640101781,
                    0.718022042059392,
                    0.0,
                    1.5384737068316263
                ],
                [
                    0.0,
                    0.0,
                    1.0,
                    -0.21500000000000008
                ],
                [
                    0.0,
                    0.0,
                    0.0,
                    1.0
                ]
            ],
            "size": [
                0.2,
                0.3,
                0.22
            ]
        },
        "collider2": {
            "type": "Box",
            "collider2origin": [
                [
                    -0.27312170477936887,
                    0.8131313852661476,
                    -0.5140251790268323,
                    0.28776005557730083
                ],
                [
                    0.3815429538045102,
                    0.582080192298304,
                    0.7180582317166895,
                    1.116954651903669
                ],
                [
                    0.8830795597116607,
                    -5.396758468470242e-06,
                    -0.4692232850044148,
                    -0.24354088503397464
                ],
                [
                    0.0,
                    0.0,
                    0.0,
                    1.0
                ]
            ],
            "size": [
                0.15068,
                0.17726,
                0.74884
            ]
        },
        "distance": 0.0
    },
    {
        "case": 14,
        "collider1": {
            "type": "Box",
            "collider2origin": [
                [
                    0.8404842512412337,
                    -0.5418359746412772,
                    0.0,
                    0.011439976095501792
                ],
                [
                    0.5418359746412771,
                    0.8404842512412338,
                    0.0,
                    1.4325762997644957
                ],
                [
                    0.0,
                    0.0,
                    1.0,
                    -0.21500000000000008
                ],
                [
                    0.0,
                    0.0,
                    0.0,
                    1.0
                ]
            ],
            "size": [
                0.2,
                0.3,
                0.22
            ]
        },
        "collider2": {
            "type": "Box",
            "collider2origin": [
                [
                    -0.27312170477936887,
                    0.8131313852661476,
                    -0.5140251790268323,
                    0.28776005557730083
                ],
                [
                    0.3815429538045102,
                    0.582080192298304,
                    0.7180582317166895,
                    1.116954651903669
                ],
                [
                    0.8830795597116607,
                    -5.396758468470242e-06,
                    -0.4692232850044148,
                    -0.24354088503397464
                ],
                [
                    0.0,
                    0.0,
                    0.0,
                    1.0
                ]
            ],
            "size": [
                0.15068,
                0.17726,
                0.74884
            ]
        },
        "distance": 0.0
    },
    {
        "case": 15,
        "collider1": {
            "type": "Box",
            "collider2origin": [
                [
                    0.9081427509232697,
                    -0.4186606548811531,
                    0.0,
                    -0.09474126814702305
                ],
                [
                    0.41866065488115317,
                    0.9081427509232698,
                    0.0,
                    1.368923948110301
                ],
                [
                    0.0,
                    0.0,
                    1.0,
                    -0.21500000000000008
                ],
                [
                    0.0,
                    0.0,
                    0.0,
                    1.0
                ]
            ],
            "size": [
                0.2,
                0.3,
                0.22
            ]
        },
        "collider2": {
            "type": "Box",
            "collider2origin": [
                [
                    -0.27312170477936887,
                    0.8131313852661476,
                    -0.5140251790268323,
                    0.28776005557730083
                ],
                [
                    0.3815429538045102,
                    0.582080192298304,
                    0.7180582317166895,
                    1.116954651903669
                ],
                [
                    0.8830795597116607,
                    -5.396758468470242e-06,
                    -0.4692232850044148,
                    -0.24354088503397464
                ],
                [
                    0.0,
                    0.0,
                    0.0,
                    1.0
                ]
            ],
            "size": [
                0.15068,
                0.17726,
                0.74884
            ]
        },
        "distance": 0.0
    },
    {
        "case": 16,
        "collider1": {
            "type": "Box",
            "collider2origin": [
                [
                    0.9077781725128689,
                    0.4194505805326724,
                    0.0,
                    0.4158817547107895
                ],
                [
                    -0.4194505805326724,
                    0.9077781725128689,
                    0.0,
                    0.733173894971941
                ],
                [
                    0.0,
                    0.0,
                    1.0,
                    -0.6599999999999999
                ],
                [
                    0.0,
                    0.0,
                    0.0,
                    1.0
                ]
            ],
            "size": [
                0.6,
                1.0,
                0.8
            ]
        },
        "collider2": {
            "type": "Box",
            "collider2origin": [
                [
                    -0.27312170477936887,
                    0.8131313852661476,
                    -0.5140251790268323,
                    0.28776005557730083
                ],
                [
                    0.3815429538045102,
                    0.582080192298304,
                    0.7180582317166895,
                    1.116954651903669
                ],
                [
                    0.8830795597116607,
                    -5.396758468470242e-06,
                    -0.4692232850044148,
                    -0.24354088503397464
                ],
                [
                    0.0,
                    0.0,
                    0.0,
                    1.0
                ]
            ],
            "size": [
                0.15068,
                0.17726,
                0.74884
            ]
        },
        "distance": 0.0
    },
    {
        "case": 17,
        "collider1": {
            "type": "Box",
            "collider2origin": [
                [
                    0.9077781725128689,
                    0.4194505805326724,
                    0.0,
                    0.27063700059322826
                ],
                [
                    -0.4194505805326724,
                    0.9077781725128689,
                    0.0,
                    0.8002854543438492
                ],
                [
                    0.0,
                    0.0,
                    1.0,
                    -0.25
                ],
                [
                    0.0,
                    0.0,
                    0.0,
                    1.0
                ]
            ],
            "size": [
                0.2,
                0.2,
                0.02
            ]
        },
        "collider2": {
            "type": "Box",
            "collider2origin": [
                [
                    -0.27312170477936887,
                    0.8131313852661476,
                    -0.5140251790268323,
                    0.28776005557730083
                ],
                [
                    0.3815429538045102,
                    0.582080192298304,
                    0.7180582317166895,
                    1.116954651903669
                ],
                [
                    0.8830795597116607,
                    -5.396758468470242e-06,
                    -0.4692232850044148,
                    -0.24354088503397464
                ],
                [
                    0.0,
                    0.0,
                    0.0,
                    1.0
                ]
            ],
            "size": [
                0.15068,
                0.17726,
                0.74884
            ]
        },
        "distance": 0.02561799752254355
    },
    {
        "case": 18,
        "collider1": {
            "type": "Box",
            "collider2origin": [
                [
                    0.907778172512869,
                    0.4194505805326725,
                    0.0,
                    0.9947946797881562
                ],
                [
                    -0.4194505805326725,
                    0.907778172512869,
                    0.0,
                    0.5317739604993647
                ],
                [
                    0.0,
                    0.0,
                    1.0,
                    -0.69
                ],
                [
                    0.0,
                    0.0,
                    0.0,
                    1.0
                ]
            ],
            "size": [
                0.6,
                1.2,
                0.75
            ]
        },
        "collider2": {
            "type": "Box",
            "collider2origin": [
                [
                    -0.27312170477936887,
                    0.8131313852661476,
                    -0.5140251790268323,
                    0.28776005557730083
                ],
                [
                    0.3815429538045102,
                    0.582080192298304,
                    0.7180582317166895,
                    1.116954651903669
                ],
                [
                    0.8830795597116607,
                    -5.396758468470242e-06,
                    -0.4692232850044148,
                    -0.24354088503397464
                ],
                [
                    0.0,
                    0.0,
                    0.0,
                    1.0
                ]
            ],
            "size": [
                0.15068,
                0.17726,
                0.74884
            ]
        },
        "distance": 0.2887448192965368
    },
    {
        "case": 19,
        "collider1": {
            "type": "Box",
            "collider2origin": [
                [
                    0.718022042059392,
                    -0.6960203640101781,
                    0.0,
                    0.13748258467077087
                ],
                [
                    0.6960203640101781,
                    0.718022042059392,
                    0.0,
                    1.5384737068316263
                ],
                [
                    0.0,
                    0.0,
                    1.0,
                    -0.21500000000000008
                ],
                [
                    0.0,
                    0.0,
                    0.0,
                    1.0
                ]
            ],
            "size": [
                0.2,
                0.3,
                0.22
            ]
        },
        "collider2": {
            "type": "Box",
            "collider2origin": [
                [
                    -0.27312170477936887,
                    0.8131313852661476,
                    -0.5140251790268323,
                    0.28776005557730083
                ],
                [
                    0.3815429538045102,
                    0.582080192298304,
                    0.7180582317166895,
                    1.116954651903669
                ],
                [
                    0.8830795597116607,
                    -5.396758468470242e-06,
                    -0.4692232850044148,
                    -0.24354088503397464
                ],
                [
                    0.0,
                    0.0,
                    0.0,
                    1.0
                ]
            ],
            "size": [
                0.15068,
                0.17726,
                0.74884
            ]
        },
        "distance": 0.0
    },
    {
        "case": 20,
        "collider1": {
            "type": "Box",
            "collider2origin": [
                [
                    0.8404842512412337,
                    -0.5418359746412772,
                    0.0,
                    0.011439976095501792
                ],
                [
                    0.5418359746412771,
                    0.8404842512412338,
                    0.0,
                    1.4325762997644957
                ],
                [
                    0.0,
                    0.0,
                    1.0,
                    -0.21500000000000008
                ],
                [
                    0.0,
                    0.0,
                    0.0,
                    1.0
                ]
            ],
            "size": [
                0.2,
                0.3,
                0.22
            ]
        },
        "collider2": {
            "type": "Box",
            "collider2origin": [
                [
                    -0.27312170477936887,
                    0.8131313852661476,
                    -0.5140251790268323,
                    0.28776005557730083
                ],
                [
                    0.3815429538045102,
                    0.582080192298304,
                    0.7180582317166895,
                    1.116954651903669
                ],
                [
                    0.8830795597116607,
                    -5.396758468470242e-06,
                    -0.4692232850044148,
                    -0.24354088503397464
                ],
                [
                    0.0,
                    0.0,
                    0.0,
                    1.0
                ]
            ],
            "size": [
                0.15068,
                0.17726,
                0.74884
            ]
        },
        "distance": 0.0
    },
    {
        "case": 21,
        "collider1": {
            "type": "Box",
            "collider2origin": [
                [
                    0.9081427509232697,
                    -0.4186606548811531,
                    0.0,
                    -0.09474126814702305
                ],
                [
                    0.41866065488115317,
                    0.9081427509232698,
                    0.0,
                    1.368923948110301
                ],
                [
                    0.0,
                    0.0,
                    1.0,
                    -0.21500000000000008
                ],
                [
                    0.0,
                    0.0,
                    0.0,
                    1.0
                ]
            ],
            "size": [
                0.2,
                0.3,
                0.22
            ]
        },
        "collider2": {
            "type": "Box",
            "collider2origin": [
                [
                    -0.27312170477936887,
                    0.8131313852661476,
                    -0.5140251790268323,
                    0.28776005557730083
                ],
                [
                    0.3815429538045102,
                    0.582080192298304,
                    0.7180582317166895,
                    1.116954651903669
                ],
                [
                    0.8830795597116607,
