[
    {
        "case": 0,
        "collider1": {
            "type": "Box",
            "collider2origin": [
                [
                    0.9081427509232697,
                    -0.4186606548811531,
                    0.0,
                    -0.09474126814702305
                ],
                [
                    0.41866065488115317,
                    0.9081427509232698,
                    0.0,
                    1.368923948110301
                ],
                [
                    0.0,
                    0.0,
                    1.0,
                    -0.21500000000000008
                ],
                [
                    0.0,
                    0.0,
                    0.0,
                    1.0
                ]
            ],
            "size": [
                0.2,
                0.3,
                0.22
            ]
        },
        "collider2": {
            "type": "Box",
            "collider2origin": [
                [
                    0.7793421075279323,
                    0.519553373318053,
                    -0.3502715685118512,
                    0.2855356047900796
                ],
                [
                    -0.4738900769635349,
                    0.854437997910748,
                    0.21298803412813444,
                    1.013071300592909
                ],
                [
                    0.40994398933197645,
                    -3.2283543222650534e-07,
                    0.9121106981120658,
                    0.17086466262084632
                ],
                [
                    0.0,
                    0.0,
                    0.0,
                    1.0
                ]
            ],
            "size": [
                0.15068,
                0.17726,
                0.74884
            ]
        },
        "distance": 0.3387472749927751
    },
    {
        "case": 1,
        "collider1": {
            "type": "Box",
            "collider2origin": [
                [
                    0.9081427509232697,
                    -0.4186606548811531,
                    0.0,
                    -0.09474126814702305
                ],
                [
                    0.41866065488115317,
                    0.9081427509232698,
                    0.0,
                    1.368923948110301
                ],
                [
                    0.0,
                    0.0,
                    1.0,
                    -0.21500000000000008
                ],
                [
                    0.0,
                    0.0,
                    0.0,
                    1.0
                ]
            ],
            "size": [
                0.2,
                0.3,
                0.22
            ]
        },
        "collider2": {
            "type": "Box",
            "collider2origin": [
                [
                    0.7793421075279323,
                    0.519553373318053,
                    -0.3502715685118512,
                    0.2855356047900796
                ],
                [
                    -0.4738900769635349,
                    0.854437997910748,
                    0.21298803412813444,
                    1.013071300592909
                ],
                [
                    0.40994398933197645,
                    -3.2283543222650534e-07,
                    0.9121106981120658,
                    0.17086466262084632
                ],
                [
                    0.0,
                    0.0,
                    0.0,
                    1.0
                ]
            ],
            "size": [
                0.15068,
                0.17726,
                0.74884
            ]
        },
        "distance": 0.3387472749927751
    },
    {
        "case": 2,
        "collider1": {
            "type": "Box",
            "collider2origin": [
                [
                    0.907778172512869,
                    0.4194505805326725,
                    0.0,
                    -1.612083837096907
                ],
                [
                    -0.4194505805326725,
                    0.907778172512869,
                    0.0,
                    -0.24654756573714753
                ],
                [
                    0.0,
                    0.0,
                    1.0,
                    -0.040000000000000036
                ],
                [
                    0.0,
                    0.0,
                    0.0,
                    1.0
                ]
            ],
            "size": [
                2.0,
                2.0,
                2.0
            ]
        },
        "collider2": {
            "type": "Box",
            "collider2origin": [
                [
                    0.37810483230303954,
                    0.5195518454313153,
                    -0.7662262170521218,
                    -0.10418845740662752
                ],
                [
                    -0.22990903252628853,
                    0.8544389269600967,
                    0.46591410888500107,
                    1.102187800109416
                ],
                [
                    0.8967600417903979,
                    -2.0477488521531826e-06,
                    0.44251714932179775,
                    0.5795280257480171
                ],
                [
                    0.0,
                    0.0,
                    0.0,
                    1.0
                ]
            ],
            "size": [
                0.1202,
                0.13634,
                0.67816
            ]
        },
        "distance": 0.7608612196931108
    },
    {
        "case": 3,
        "collider1": {
            "type": "Box",
            "collider2origin": [
                [
                    0.907778172512869,
                    0.4194505805326725,
                    0.0,
                    -0.7418785952877999
                ],
                [
                    -0.4194505805326725,
                    0.907778172512869,
                    0.0,
                    1.2791466490804724
                ],
                [
                    0.0,
                    0.0,
                    1.0,
                    0.27
                ],
                [
                    0.0,
                    0.0,
                    0.0,
                    1.0
                ]
            ],
            "size": [
                0.52,
                1.16,
                0.6
            ]
        },
        "collider2": {
            "type": "Box",
            "collider2origin": [
                [
                    0.37810483230303954,
                    0.5195518454313153,
                    -0.7662262170521218,
                    -0.10418845740662752
                ],
                [
                    -0.22990903252628853,
                    0.8544389269600967,
                    0.46591410888500107,
                    1.102187800109416
                ],
                [
                    0.8967600417903979,
                    -2.0477488521531826e-06,
                    0.44251714932179775,
                    0.5795280257480171
                ],
                [
                    0.0,
                    0.0,
                    0.0,
                    1.0
                ]
            ],
            "size": [
                0.1202,
                0.13634,
                0.67816
            ]
        },
        "distance": 0.1199999729766971
    }
]