[
    {
        "case": 0,
        "collider1": {
            "type": "Box",
            "collider2origin": [
                [
                    -3.673205103346574e-06,
                    -0.9999999999932537,
                    0.0,
                    0.42000000000000004
                ],
                [
                    0.9999999999932537,
                    -3.673205103346574e-06,
                    0.0,
                    -0.395
                ],
                [
                    0.0,
                    0.0,
                    1.0,
                    0.53989
                ],
                [
                    0.0,
                    0.0,
                    0.0,
                    1.0
                ]
            ],
            "size": [
                0.6,
                0.32,
                1.16
            ]
        },
        "collider2": {
            "type": "Box",
            "collider2origin": [
                [
                    -0.19257300552540885,
                    0.9477350398105135,
                    -0.2543893312587515,
                    0.27038838227379985
                ],
                [
                    -0.16602223919599954,
                    -0.28697168768042874,
                    -0.9434425613476383,
                    -0.14280739251529828
                ],
                [
                    -0.9671361091569567,
                    -0.1394472831761538,
                    0.2126080938711704,
                    0.4611567340046949
                ],
                [
                    0.0,
                    0.0,
                    0.0,
                    1.0
                ]
            ],
            "size": [
                0.08993,
                0.0305,
                0.09007
            ]
        },
        "distance": 0.0
    },
    {
        "case": 1,
        "collider1": {
            "type": "Box",
            "collider2origin": [
                [
                    -3.673205103346574e-06,
                    -0.9999999999932537,
                    0.0,
                    0.42000000000000004
                ],
                [
                    0.9999999999932537,
                    -3.673205103346574e-06,
                    0.0,
                    -0.395
                ],
                [
                    0.0,
                    0.0,
                    1.0,
                    0.53989
                ],
                [
                    0.0,
                    0.0,
                    0.0,
                    1.0
                ]
            ],
            "size": [
                0.6,
                0.32,
                1.16
            ]
        },
        "collider2": {
            "type": "Cylinder",
            "collider2origin": [
                [
                    -0.10021576463765208,
                    0.266620436803436,
                    -0.9585772494675822,
                    0.4381124840074676
                ],
                [
                    -0.9847051901254347,
                    0.111426418631264,
                    0.1339396945309384,
                    -0.18141397172276363
                ],
                [
                    0.14252188975073807,
                    0.9573388615896434,
                    0.25137584416988673,
                    0.40598104366243337
                ],
                [
                    0.0,
                    0.0,
                    0.0,
                    1.0
                ]
            ],
            "radius": 0.00783,
            "height": 0.03683
        },
        "distance": 0.0
    },
    {
        "case": 2,
        "collider1": {
            "type": "Box",
            "collider2origin": [
                [
                    -3.673205103346574e-06,
                    -0.9999999999932537,
                    0.0,
                    0.42000000000000004
                ],
                [
                    0.9999999999932537,
                    -3.673205103346574e-06,
                    0.0,
                    -0.395
                ],
                [
                    0.0,
                    0.0,
                    1.0,
                    0.53989
                ],
                [
                    0.0,
                    0.0,
                    0.0,
                    1.0
                ]
            ],
            "size": [
                0.6,
                0.32,
                1.16
            ]
        },
        "collider2": {
            "type": "Sphere",
            "collider2origin": [
                [
                    1.0,
                    0.0,
                    0.0,
                    0.4890650768321404
                ],
                [
                    0.0,
                    1.0,
                    0.0,
                    -0.1852367035275846
                ],
                [
                    0.0,
                    0.0,
                    1.0,
                    0.41252081475869673
                ],
                [
                    0.0,
                    0.0,
                    0.0,
                    1.0
                ]
            ],
            "radius": 0.00487
        },
        "distance": 0.0
    },
    {
        "case": 3,
        "collider1": {
            "type": "Box",
            "collider2origin": [
                [
                    -3.673205103346574e-06,
                    -0.9999999999932537,
                    0.0,
                    0.42000000000000004
                ],
                [
                    0.9999999999932537,
                    -3.673205103346574e-06,
                    0.0,
                    -0.395
                ],
                [
                    0.0,
                    0.0,
                    1.0,
                    0.53989
                ],
                [
                    0.0,
                    0.0,
                    0.0,
                    1.0
                ]
            ],
            "size": [
                0.6,
                0.32,
                1.16
            ]
        },
        "collider2": {
            "type": "Cylinder",
            "collider2origin": [
                [
                    -0.09842991992442082,
                    -0.27202090676544716,
                    -0.9572440530743322,
                    0.4736284939420836
                ],
                [
                    -0.9838550388025977,
                    0.17107796686558474,
                    0.05255085038204555,
                    -0.18493290366266613
                ],
                [
                    0.14946843642190943,
                    0.9469619609760684,
                    -0.2844683303602491,
                    0.406641919086848
                ],
                [
                    0.0,
                    0.0,
                    0.0,
                    1.0
                ]
            ],
            "radius": 0.0076,
            "height": 0.02993
        },
        "distance": 0.0
    },
    {
        "case": 4,
        "collider1": {
            "type": "Box",
            "collider2origin": [
                [
                    -3.673205103346574e-06,
                    -0.9999999999932537,
                    0.0,
                    0.42000000000000004
                ],
                [
                    0.9999999999932537,
                    -3.673205103346574e-06,
                    0.0,
                    -0.395
                ],
                [
                    0.0,
                    0.0,
                    1.0,
                    0.53989
                ],
                [
                    0.0,
                    0.0,
                    0.0,
                    1.0
                ]
            ],
            "size": [
                0.6,
                0.32,
                1.16
            ]
        },
        "collider2": {
            "type": "Cylinder",
            "collider2origin": [
                [
                    0.07265698337801338,
                    -0.227670210099619,
                    -0.9710238092856437,
                    0.4373548370985218
                ],
                [
                    -0.995141683613761,
                    0.048306311850318376,
                    -0.08578770173975019,
                    -0.15808555003919933
                ],
                [
                    0.06643788302448886,
                    0.9725393440209062,
                    -0.22305432529007183,
                    0.4214047972598185
                ],
                [
                    0.0,
                    0.0,
                    0.0,
                    1.0
                ]
            ],
            "radius": 0.00783,
            "height": 0.03044
        },
        "distance": 0.0
    },
    {
        "case": 5,
        "collider1": {
            "type": "Box",
            "collider2origin": [
                [
                    -3.673205103346574e-06,
                    -0.9999999999932537,
                    0.0,
                    0.42000000000000004
                ],
                [
                    0.9999999999932537,
                    -3.673205103346574e-06,
                    0.0,
                    -0.395
                ],
                [
                    0.0,
                    0.0,
                    1.0,
                    0.53989
                ],
                [
                    0.0,
                    0.0,
                    0.0,
                    1.0
                ]
            ],
            "size": [
                0.6,
                0.32,
                1.16
            ]
        },
        "collider2": {
            "type": "Box",
            "collider2origin": [
                [
                    0.14437247552733506,
                    0.9477370193317927,
                    0.28451912149835973,
                    0.19879300276028533
                ],
                [
                    -0.004038727713371522,
                    -0.28696470353932657,
                    0.9579326425177522,
                    -0.12407324530334662
                ],
                [
                    0.9895151726924485,
                    -0.1394482022497091,
                    -0.037602152873976925,
                    0.47155748444530277
                ],
                [
                    0.0,
                    0.0,
                    0.0,
                    1.0
                ]
            ],
            "size": [
                0.09126,
                0.11887,
                0.10009
            ]
        },
        "distance": 0.0
    },
    {
        "case": 6,
        "collider1": {
            "type": "Box",
            "collider2origin": [
                [
                    -3.673205103346574e-06,
                    -0.9999999999932537,
                    0.0,
                    0.42000000000000004
                ],
                [
                    0.9999999999932537,
                    -3.673205103346574e-06,
                    0.0,
                    -0.395
                ],
                [
                    0.0,
                    0.0,
                    1.0,
                    0.53989
                ],
                [
                    0.0,
                    0.0,
                    0.0,
                    1.0
                ]
            ],
            "size": [
                0.6,
                0.32,
                1.16
            ]
        },
        "collider2": {
            "type": "Sphere",
            "collider2origin": [
                [
                    1.0,
                    0.0,
                    0.0,
                    0.4418761873874381
                ],
                [
                    0.0,
                    1.0,
                    0.0,
                    -0.25504349617587274
                ],
                [
                    0.0,
                    0.0,
                    1.0,
                    0.3663623485012484
                ],
                [
                    0.0,
                    0.0,
                    0.0,
                    1.0
                ]
            ],
            "radius": 0.00663
        },
        "distance": 0.0
    },
    {
        "case": 7,
        "collider1": {
            "type": "Box",
            "collider2origin": [
                [
                    -3.673205103346574e-06,
                    -0.9999999999932537,
                    0.0,
                    0.42000000000000004
                ],
                [
                    0.9999999999932537,
                    -3.673205103346574e-06,
                    0.0,
                    -0.395
                ],
                [
                    0.0,
                    0.0,
                    1.0,
                    0.53989
                ],
                [
                    0.0,
                    0.0,
                    0.0,
                    1.0
                ]
            ],
            "size": [
                0.6,
                0.32,
                1.16
            ]
        },
        "collider2": {
            "type": "Cylinder",
            "collider2origin": [
                [
                    -0.30248290754725377,
                    0.2107248247628868,
                    -0.9295693297814908,
                    0.4139683486260322
                ],
                [
                    -0.7046881811372478,
                    0.6072494137865871,
                    0.36696419010759523,
                    -0.21750024156827563
                ],
                [
                    0.6418088952384787,
                    0.7660569154341577,
                    -0.03518727480590831,
                    0.47666687139352404
                ],
                [
                    0.0,
                    0.0,
                    0.0,
                    1.0
                ]
            ],
            "radius": 0.01169,
            "height": 0.05502
        },
        "distance": 0.0
    },
    {
        "case": 8,
        "collider1": {
            "type": "Box",
            "collider2origin": [
                [
                    -3.673205103346574e-06,
                    -0.9999999999932537,
                    0.0,
                    0.42000000000000004
                ],
                [
                    0.9999999999932537,
                    -3.673205103346574e-06,
                    0.0,
                    -0.395
                ],
                [
                    0.0,
                    0.0,
                    1.0,
                    0.53989
                ],
                [
                    0.0,
                    0.0,
                    0.0,
                    1.0
                ]
            ],
            "size": [
                0.6,
                0.32,
                1.16
            ]
        },
        "collider2": {
            "type": "Sphere",
            "collider2origin": [
                [
                    1.0,
                    0.0,
                    0.0,
                    0.4420577178967944
                ],
                [
                    0.0,
                    1.0,
                    0.0,
                    -0.18689485397738126
                ],
                [
                    0.0,
                    0.0,
                    1.0,
                    0.4941136670052555
                ],
                [
                    0.0,
                    0.0,
                    0.0,
                    1.0
                ]
            ],
            "radius": 0.00563
        },
        "distance": 0.0
    },
    {
        "case": 9,
        "collider1": {
            "type": "Box",
            "collider2origin": [
                [
                    -3.673205103346574e-06,
                    -0.9999999999932537,
                    0.0,
                    0.42000000000000004
                ],
                [
                    0.9999999999932537,
                    -3.673205103346574e-06,
                    0.0,
                    -0.395
                ],
                [
                    0.0,
                    0.0,
                    1.0,
                    0.53989
                ],
                [
                    0.0,
                    0.0,
                    0.0,
                    1.0
                ]
            ],
            "size": [
                0.6,
                0.32,
                1.16
            ]
        },
        "collider2": {
            "type": "Cylinder",
            "collider2origin": [
                [
                    -0.2543924787164699,
                    -0.9550370726172477,
                    -0.1522782213554112,
                    0.4407085279255901
                ],
                [
                    -0.9434417007721647,
                    0.2796889810657456,
                    -0.17802199615364867,
                    -0.19109353841342125
                ],
                [
                    0.21260814663745878,
                    0.09837816727852863,
                    -0.9721725732534845,
                    0.473867587497653
                ],
                [
                    0.0,
                    0.0,
                    0.0,
                    1.0
                ]
            ],
            "radius": 0.00813,
            "height": 0.03824
        },
        "distance": 0.0
    },
    {
        "case": 10,
        "collider1": {
            "type": "Box",
            "collider2origin": [
                [
                    -3.673205103346574e-06,
                    -0.9999999999932537,
                    0.0,
                    0.42000000000000004
                ],
                [
                    0.9999999999932537,
                    -3.673205103346574e-06,
                    0.0,
                    -0.395
                ],
                [
                    0.0,
                    0.0,
                    1.0,
                    0.53989
                ],
                [
                    0.0,
                    0.0,
                    0.0,
                    1.0
                ]
            ],
            "size": [
                0.6,
                0.32,
                1.16
            ]
        },
        "collider2": {
            "type": "Cylinder",
            "collider2origin": [
                [
                    -0.33734647164967313,
                    0.1212587128477169,
                    -0.9335382598608537,
                    0.39960248819463523
                ],
                [
                    -0.7218977164998436,
                    0.6031572432693885,
                    0.33921236239851765,
                    -0.2143956907229445
                ],
                [
                    0.6042028177506515,
                    0.7883512316538783,
                    -0.1159365799563946,
                    0.47468295654797865
                ],
                [
                    0.0,
                    0.0,
                    0.0,
                    1.0
                ]
            ],
            "radius": 0.01271,
            "height": 0.05982
        },
        "distance": 0.0
    },
    {
        "case": 11,
        "collider1": {
            "type": "Box",
            "collider2origin": [
                [
                    -3.673205103346574e-06,
                    -0.9999999999932537,
                    0.0,
                    0.42000000000000004
                ],
                [
                    0.9999999999932537,
                    -3.673205103346574e-06,
                    0.0,
                    -0.395
                ],
                [
                    0.0,
                    0.0,
                    1.0,
                    0.53989
                ],
                [
                    0.0,
                    0.0,
                    0.0,
                    1.0
                ]
            ],
            "size": [
                0.6,
                0.32,
                1.16
            ]
        },
        "collider2": {
            "type": "Cylinder",
            "collider2origin": [
                [
                    -0.2543924787164699,
                    -0.7538144843772335,
                    -0.6058450213673257,
                    0.4197151448439971
                ],
                [
                    -0.9434417007721647,
                    0.33115746710847,
                    -0.015889909453084803,
                    -0.19451849657009057
                ],
                [
                    0.21260814663745878,
                    0.5675371839107876,
                    -0.7954239881107416,
                    0.4335500475377976
                ],
                [
                    0.0,
                    0.0,
                    0.0,
                    1.0
                ]
            ],
            "radius": 0.00683,
            "height": 0.01782
        },
        "distance": 0.0
    },
    {
        "case": 12,
        "collider1": {
            "type": "Box",
            "collider2origin": [
                [
                    -3.673205103346574e-06,
                    -0.9999999999932537,
                    0.0,
                    0.42000000000000004
                ],
                [
                    0.9999999999932537,
                    -3.673205103346574e-06,
                    0.0,
                    -0.395
                ],
                [
                    0.0,
                    0.0,
                    1.0,
                    0.53989
                ],
                [
                    0.0,
                    0.0,
                    0.0,
                    1.0
                ]
            ],
            "size": [
                0.6,
                0.32,
                1.16
            ]
        },
        "collider2": {
            "type": "Box",
            "collider2origin": [
                [
                    -0.11349788466401622,
                    0.9586085373749267,
                    -0.26112813377477573,
                    0.13017268333254692
                ],
                [
                    -0.3821129573858146,
                    -0.2847273644506684,
                    -0.8791586976939049,
                    0.05893259092971059
                ],
                [
                    -0.9171193586304129,
                    -2.2090189113538586e-06,
                    0.39861269676273475,
                    0.3597249764610384
                ],
                [
                    0.0,
                    0.0,
                    0.0,
                    1.0
                ]
            ],
            "size": [
                0.1202,
                0.13634,
                0.67816
            ]
        },
        "distance": 0.10011125510509385
    },
    {
        "case": 13,
        "collider1": {
            "type": "Box",
            "collider2origin": [
                [
                    -3.673205103346574e-06,
                    -0.9999999999932537,
                    0.0,
                    0.42000000000000004
                ],
                [
                    0.9999999999932537,
                    -3.673205103346574e-06,
                    0.0,
                    -0.395
                ],
                [
                    0.0,
                    0.0,
                    1.0,
                    0.53989
                ],
                [
                    0.0,
                    0.0,
                    0.0,
                    1.0
                ]
            ],
            "size": [
                0.6,
                0.32,
                1.16
            ]
        },
        "collider2": {
            "type": "Cylinder",
            "collider2origin": [
                [
                    -0.4143966212122552,
                    0.5795902046021948,
                    -0.7016770161955223,
                    0.4264824027648953
                ],
                [
                    -0.8562390767071709,
                    0.013000155133631362,
                    0.5164161495210543,
                    -0.24559223109428174
                ],
                [
                    0.3084316518250311,
                    0.8148043879948647,
                    0.4908805612944919,
                    0.37562904064851765
                ],
                [
                    0.0,
                    0.0,
                    0.0,
                    1.0
                ]
            ],
            "radius": 0.00796,
            "height": 0.03037
        },
        "distance": 0.0
    },
    {
        "case": 14,
        "collider1": {
            "type": "Box",
            "collider2origin": [
                [
                    -3.673205103346574e-06,
                    -0.9999999999932537,
                    0.0,
                    0.42000000000000004
                ],
                [
                    0.9999999999932537,
                    -3.673205103346574e-06,
                    0.0,
                    -0.395
                ],
                [
                    0.0,
                    0.0,
                    1.0,
                    0.53989
                ],
                [
                    0.0,
                    0.0,
                    0.0,
                    1.0
                ]
            ],
            "size": [
                0.6,
                0.32,
                1.16
            ]
        },
        "collider2": {
            "type": "Box",
            "collider2origin": [
                [
                    -0.21474727264437501,
                    0.8777054397733016,
                    0.42838857347524717,
                    0.39202665775426976
                ],
                [
                    -0.959508300357969,
                    -0.27145987935210014,
                    0.07518879867576594,
                    -0.18380804639698178
                ],
                [
                    0.18228392807914834,
                    -0.39489580257898155,
                    0.9004609234550588,
                    0.4221253184800555
                ],
                [
                    0.0,
                    0.0,
                    0.0,
                    1.0
                ]
            ],
            "size": [
                0.07264,
                0.04753,
                0.03326
            ]
        },
        "distance": 0.0
    },
    {
        "case": 15,
        "collider1": {
            "type": "Box",
            "collider2origin": [
                [
                    -3.673205103346574e-06,
                    -0.9999999999932537,
                    0.0,
                    0.42000000000000004
                ],
                [
                    0.9999999999932537,
                    -3.673205103346574e-06,
                    0.0,
                    -0.395
                ],
                [
                    0.0,
                    0.0,
                    1.0,
                    0.53989
                ],
                [
                    0.0,
                    0.0,
                    0.0,
                    1.0
                ]
            ],
            "size": [
                0.6,
                0.32,
                1.16
            ]
        },
        "collider2": {
            "type": "Box",
            "collider2origin": [
                [
                    -0.12021349460547286,
                    0.8777079480344051,
                    0.4638722600802654,
                    0.3484296529731595
                ],
                [
                    -0.9224527485931883,
                    -0.2714566474679843,
                    0.27457642862837617,
                    -0.16805140000355623
                ],
                [
                    0.36691912232481316,
                    -0.39489244928546796,
                    0.8422768613524368,
                    0.44406671698945765
                ],
                [
                    0.0,
                    0.0,
                    0.0,
                    1.0
                ]
            ],
            "size": [
                0.06241,
                0.05638,
                0.02858
            ]
        },
        "distance": 0.0
    },
    {
        "case": 16,
        "collider1": {
            "type": "Box",
            "collider2origin": [
                [
                    -3.673205103346574e-06,
                    -0.9999999999932537,
                    0.0,
                    0.42000000000000004
                ],
                [
                    0.9999999999932537,
                    -3.673205103346574e-06,
                    0.0,
                    -0.395
                ],
                [
                    0.0,
                    0.0,
                    1.0,
                    0.53989
                ],
                [
                    0.0,
                    0.0,
                    0.0,
                    1.0
                ]
            ],
            "size": [
                0.6,
                0.32,
                1.16
            ]
        },
        "collider2": {
            "type": "Cylinder",
            "collider2origin": [
                [
                    -0.2543924787164699,
                    -0.7538144843772335,
                    -0.6058450213673257,
                    0.4296064568761899
                ],
                [
                    -0.9434417007721647,
                    0.33115746710847,
                    -0.015889909453084803,
                    -0.1942608927569479
                ],
                [
                    0.21260814663745878,
                    0.5675371839107876,
                    -0.7954239881107416,
                    0.44652842904541434
                ],
                [
                    0.0,
                    0.0,
                    0.0,
                    1.0
                ]
            ],
            "radius": 0.00683,
            "height": 0.01183
        },
        "distance": 0.0
    },
    {
        "case": 17,
        "collider1": {
            "type": "Box",
            "collider2origin": [
                [
                    -3.673205103346574e-06,
                    -0.9999999999932537,
                    0.0,
                    0.42000000000000004
                ],
                [
                    0.9999999999932537,
                    -3.673205103346574e-06,
                    0.0,
                    -0.395
                ],
                [
                    0.0,
                    0.0,
                    1.0,
                    0.53989
                ],
                [
                    0.0,
                    0.0,
                    0.0,
                    1.0
                ]
            ],
            "size": [
                0.6,
                0.32,
                1.16
            ]
        },
        "collider2": {
            "type": "Cylinder",
            "collider2origin": [
                [
                    -0.4143966212122552,
                    0.8512688794284125,
                    -0.3218955346763307,
                    0.41097965098967304
                ],
                [
                    -0.8562390767071709,
                    -0.2448058206387121,
                    0.4548898258931026,
                    -0.23183115704873702
                ],
                [
                    0.3084316518250311,
                    0.4641243422813553,
                    0.8303363842771078,
                    0.39301360646158545
                ],
                [
                    0.0,
                    0.0,
                    0.0,
                    1.0
                ]
            ],
            "radius": 0.00713,
            "height": 0.01426
        },
        "distance": 0.0
    },
    {
        "case": 18,
        "collider1": {
            "type": "Box",
            "collider2origin": [
                [
                    -3.673205103346574e-06,
                    -0.9999999999932537,
                    0.0,
                    0.42000000000000004
                ],
                [
                    0.9999999999932537,
                    -3.673205103346574e-06,
                    0.0,
                    -0.395
                ],
                [
                    0.0,
                    0.0,
                    1.0,
                    0.53989
                ],
                [
                    0.0,
                    0.0,
                    0.0,
                    1.0
                ]
            ],
            "size": [
                0.6,
                0.32,
                1.16
            ]
        },
        "collider2": {
            "type": "Sphere",
            "collider2origin": [
                [
                    1.0,
                    0.0,
                    0.0,
                    0.47157353092457605
                ],
                [
                    0.0,
                    1.0,
                    0.0,
                    -0.15343660081078048
                ],
                [
                    0.0,
                    0.0,
                    1.0,
                    0.44195522216808625
                ],
                [
                    0.0,
                    0.0,
                    0.0,
                    1.0
                ]
            ],
            "radius": 0.00484
        },
        "distance": 0.0
    },
    {
        "case": 19,
        "collider1": {
            "type": "Box",
            "collider2origin": [
                [
                    -3.673205103346574e-06,
                    -0.9999999999932537,
                    0.0,
                    0.42000000000000004
                ],
                [
                    0.9999999999932537,
                    -3.673205103346574e-06,
                    0.0,
                    -0.395
                ],
                [
                    0.0,
                    0.0,
                    1.0,
                    0.53989
                ],
                [
                    0.0,
                    0.0,
                    0.0,
                    1.0
                ]
            ],
            "size": [
                0.6,
                0.32,
                1.16
            ]
        },
        "collider2": {
            "type": "Cylinder",
            "collider2origin": [
                [
                    0.07208167572418961,
                    -0.586949092298484,
                    -0.8064087022563549,
                    0.4607777337004445
                ],
                [
                    -0.9946778644751983,
                    0.017376487243813944,
                    -0.10155788307228421,
                    -0.1558573526986482
                ],
                [
                    0.073621857813091,
                    0.8094373482494186,
                    -0.5825727433643781,
                    0.4325796463141549
                ],
                [
                    0.0,
                    0.0,
                    0.0,
                    1.0
                ]
            ],
            "radius": 0.0076,
            "height": 0.02993
        },
        "distance": 0.0
    },
    {
        "case": 20,
        "collider1": {
            "type": "Box",
            "collider2origin": [
                [
                    -3.673205103346574e-06,
                    -0.9999999999932537,
                    0.0,
                    0.42000000000000004
                ],
                [
                    0.9999999999932537,
                    -3.673205103346574e-06,
                    0.0,
                    -0.395
                ],
                [
                    0.0,
                    0.0,
                    1.0,
                    0.53989
                ],
                [
                    0.0,
                    0.0,
                    0.0,
                    1.0
                ]
            ],
            "size": [
                0.6,
                0.32,
                1.16
            ]
        },
        "collider2": {
            "type": "Sphere",
            "collider2origin": [
                [
                    1.0,
                    0.0,
                    0.0,
                    0.4352162309954807
                ],
                [
                    0.0,
                    1.0,
                    0.0,
                    -0.22543175888967038
                ],
                [
                    0.0,
                    0.0,
                    1.0,
                    0.4770429402628835
                ],
                [
                    0.0,
                    0.0,
                    0.0,
                    1.0
                ]
            ],
            "radius": 0.01051
        },
        "distance": 0.0
    },
    {
        "case": 21,
        "collider1": {
            "type": "Box",
            "collider2origin": [
                [
                    -3.673205103346574e-06,
                    -0.9999999999932537,
                    0.0,
                    0.42000000000000004
                ],
                [
                    0.9999999999932537,
                    -3.673205103346574e-06,
                    0.0,
                    -0.395
                ],
                [
                    0.0,
                    0.0,
                    1.0,
                    0.53989
                ],
                [
                    0.0,
                    0.0,
                    0.0,
                    1.0
                ]
            ],
            "size": [
                0.6,
                0.32,
                1.16
            ]
        },
        "collider2": {
            "type": "Cylinder",
            "collider2origin": [
                [
                    -0.4418472594116341,
                    0.8378565796600269,
                    -0.32057347250018653,
                    0.40592403037665564
                ],
                [
                    -0.8405582588446479,
                    -0.2618186517380068,
                    0.47424973072226984,
                    -0.22489914635611052
                ],
                [
                    0.3134211429346802,
                    0.47900662367288,
                    0.819951121493852,
                    0.4059058555870019
                ],
                [
                    0.0,
                    0.0,
                    0.0,
                    1.0
                ]
            ],
            "radius": 0.00713,
            "height": 0.01697
        },
        "distance": 0.0
    }
]