[
    {
        "case": 0,
        "collider1": {
            "type": "Box",
            "collider2origin": [
                [
                    0.9077781725128689,
                    0.4194505805326724,
                    0.0,
                    0.4158817547107895
                ],
                [
                    -0.4194505805326724,
                    0.9077781725128689,
                    0.0,
                    0.733173894971941
                ],
                [
                    0.0,
                    0.0,
                    1.0,
                    -0.6599999999999999
                ],
                [
                    0.0,
                    0.0,
                    0.0,
                    1.0
                ]
            ],
            "size": [
                0.6,
                1.0,
                0.8
            ]
        },
        "collider2": {
            "type": "Box",
            "collider2origin": [
                [
                    0.5593531014672947,
                    -0.7936918998530684,
                    0.2391177032060681,
                    0.5473663439988882
                ],
                [
                    0.7298032978294255,
                    0.6083199553750802,
                    0.31198393928174467,
                    1.201980021889208
                ],
                [
                    -0.3930791960358793,
                    -2.956760417276472e-07,
                    0.9195046196967686,
                    -0.34022595154138
                ],
                [
                    0.0,
                    0.0,
                    0.0,
                    1.0
                ]
            ],
            "size": [
                0.1202,
                0.13634,
                0.67816
            ]
        },
        "distance": 0.0
    },
    {
        "case": 1,
        "collider1": {
            "type": "Box",
            "collider2origin": [
                [
                    0.907778172512869,
                    0.4194505805326725,
                    0.0,
                    0.9947946797881562
                ],
                [
                    -0.4194505805326725,
                    0.907778172512869,
                    0.0,
                    0.5317739604993647
                ],
                [
                    0.0,
                    0.0,
                    1.0,
                    -0.69
                ],
                [
                    0.0,
                    0.0,
                    0.0,
                    1.0
                ]
            ],
            "size": [
                0.6,
                1.2,
                0.75
            ]
        },
        "collider2": {
            "type": "Box",
            "collider2origin": [
                [
                    0.5593531014672947,
                    -0.7936918998530684,
                    0.2391177032060681,
                    0.5473663439988882
                ],
                [
                    0.7298032978294255,
                    0.6083199553750802,
                    0.31198393928174467,
                    1.201980021889208
                ],
                [
                    -0.3930791960358793,
                    -2.956760417276472e-07,
                    0.9195046196967686,
                    -0.34022595154138
                ],
                [
                    0.0,
                    0.0,
                    0.0,
                    1.0
                ]
            ],
            "size": [
                0.1202,
                0.13634,
                0.67816
            ]
        },
        "distance": 0.30274697026376574
    },
    {
        "case": 2,
        "collider1": {
            "type": "Box",
            "collider2origin": [
                [
                    0.9077781725128689,
                    0.4194505805326724,
                    0.0,
                    0.4158817547107895
                ],
                [
                    -0.4194505805326724,
                    0.9077781725128689,
                    0.0,
                    0.733173894971941
                ],
                [
                    0.0,
                    0.0,
                    1.0,
                    -0.6599999999999999
                ],
                [
                    0.0,
                    0.0,
                    0.0,
                    1.0
                ]
            ],
            "size": [
                0.6,
                1.0,
                0.8
            ]
        },
        "collider2": {
            "type": "Box",
            "collider2origin": [
                [
                    -0.4923900857695605,
                    -0.7936914660404881,
                    0.3572196245593816,
                    0.2686718553438937
                ],
                [
                    -0.6424404540053155,
                    0.6083205213457179,
                    0.4660648091919387,
                    1.0460456324238492
                ],
                [
                    -0.5872156899243148,
                    -6.6464093448269325e-06,
                    -0.8094304994639973,
                    -0.34544743380220144
                ],
                [
                    0.0,
                    0.0,
                    0.0,
                    1.0
                ]
            ],
            "size": [
                0.15068,
                0.17726,
                0.74884
            ]
        },
        "distance": 0.0
    },
    {
        "case": 3,
        "collider1": {
            "type": "Box",
            "collider2origin": [
                [
                    0.9077781725128689,
                    0.4194505805326724,
                    0.0,
                    0.27063700059322826
                ],
                [
                    -0.4194505805326724,
                    0.9077781725128689,
                    0.0,
                    0.8002854543438492
                ],
                [
                    0.0,
                    0.0,
                    1.0,
                    -0.25
                ],
                [
                    0.0,
                    0.0,
                    0.0,
                    1.0
                ]
            ],
            "size": [
                0.2,
                0.2,
                0.02
            ]
        },
        "collider2": {
            "type": "Box",
            "collider2origin": [
                [
                    -0.4923900857695605,
                    -0.7936914660404881,
                    0.3572196245593816,
                    0.2686718553438937
                ],
                [
                    -0.6424404540053155,
                    0.6083205213457179,
                    0.4660648091919387,
                    1.0460456324238492
                ],
                [
                    -0.5872156899243148,
                    -6.6464093448269325e-06,
                    -0.8094304994639973,
                    -0.34544743380220144
                ],
                [
                    0.0,
                    0.0,
                    0.0,
                    1.0
                ]
            ],
            "size": [
                0.15068,
                0.17726,
                0.74884
            ]
        },
        "distance": 0.0
    },
    {
        "case": 4,
        "collider1": {
            "type": "Box",
            "collider2origin": [
                [
                    0.907778172512869,
                    0.4194505805326725,
                    0.0,
                    0.9947946797881562
                ],
                [
                    -0.4194505805326725,
                    0.907778172512869,
                    0.0,
                    0.5317739604993647
                ],
                [
                    0.0,
                    0.0,
                    1.0,
                    -0.69
                ],
                [
                    0.0,
                    0.0,
                    0.0,
                    1.0
                ]
            ],
            "size": [
                0.6,
                1.2,
                0.75
            ]
        },
        "collider2": {
            "type": "Box",
            "collider2origin": [
                [
                    -0.4923900857695605,
                    -0.7936914660404881,
                    0.3572196245593816,
                    0.2686718553438937
                ],
                [
                    -0.6424404540053155,
                    0.6083205213457179,
                    0.4660648091919387,
                    1.0460456324238492
                ],
                [
                    -0.5872156899243148,
                    -6.6464093448269325e-06,
                    -0.8094304994639973,
                    -0.34544743380220144
                ],
                [
                    0.0,
                    0.0,
                    0.0,
                    1.0
                ]
            ],
            "size": [
                0.15068,
                0.17726,
                0.74884
            ]
        },
        "distance": 0.4268043815725115
    },
    {
        "case": 5,
        "collider1": {
            "type": "Box",
            "collider2origin": [
                [
                    0.8404842512412337,
                    -0.5418359746412772,
                    0.0,
                    0.011439976095501792
                ],
                [
                    0.5418359746412771,
                    0.8404842512412338,
                    0.0,
                    1.4325762997644957
                ],
                [
                    0.0,
                    0.0,
                    1.0,
                    -0.21500000000000008
                ],
                [
                    0.0,
                    0.0,
                    0.0,
                    1.0
                ]
            ],
            "size": [
                0.2,
                0.3,
                0.22
            ]
        },
        "collider2": {
            "type": "Box",
            "collider2origin": [
                [
                    -0.4923900857695605,
                    -0.7936914660404881,
                    0.3572196245593816,
                    0.2686718553438937
                ],
                [
                    -0.6424404540053155,
                    0.6083205213457179,
                    0.4660648091919387,
                    1.0460456324238492
                ],
                [
                    -0.5872156899243148,
                    -6.6464093448269325e-06,
                    -0.8094304994639973,
                    -0.34544743380220144
                ],
                [
                    0.0,
                    0.0,
                    0.0,
                    1.0
                ]
            ],
            "size": [
                0.15068,
                0.17726,
                0.74884
            ]
        },
        "distance": 0.1985508908079465
    },
    {
        "case": 6,
        "collider1": {
            "type": "Box",
            "collider2origin": [
                [
                    0.9081427509232697,
                    -0.4186606548811531,
                    0.0,
                    -0.09474126814702305
                ],
                [
                    0.41866065488115317,
                    0.9081427509232698,
                    0.0,
                    1.368923948110301
                ],
                [
                    0.0,
                    0.0,
                    1.0,
                    -0.21500000000000008
                ],
                [
                    0.0,
                    0.0,
                    0.0,
                    1.0
                ]
            ],
            "size": [
                0.2,
                0.3,
                0.22
            ]
        },
        "collider2": {
            "type": "Box",
            "collider2origin": [
                [
                    -0.4923900857695605,
                    -0.7936914660404881,
                    0.3572196245593816,
                    0.2686718553438937
                ],
                [
                    -0.6424404540053155,
                    0.6083205213457179,
                    0.4660648091919387,
                    1.0460456324238492
                ],
                [
                    -0.5872156899243148,
                    -6.6464093448269325e-06,
                    -0.8094304994639973,
                    -0.34544743380220144
                ],
                [
                    0.0,
                    0.0,
                    0.0,
                    1.0
                ]
            ],
            "size": [
                0.15068,
                0.17726,
                0.74884
            ]
        },
        "distance": 0.21690112235125367
    },
    {
        "case": 7,
        "collider1": {
            "type": "Box",
            "collider2origin": [
                [
                    0.9077781725128689,
                    0.4194505805326724,
                    0.0,
                    0.4158817547107895
                ],
                [
                    -0.4194505805326724,
                    0.9077781725128689,
                    0.0,
                    0.733173894971941
                ],
                [
                    0.0,
                    0.0,
                    1.0,
                    -0.6599999999999999
                ],
                [
                    0.0,
                    0.0,
                    0.0,
                    1.0
                ]
            ],
            "size": [
                0.6,
                1.0,
                0.8
            ]
        },
        "collider2": {
            "type": "Box",
            "collider2origin": [
                [
                    -0.4923900857695605,
                    -0.7936914660404881,
                    0.3572196245593816,
                    0.2686718553438937
                ],
                [
                    -0.6424404540053155,
                    0.6083205213457179,
                    0.4660648091919387,
                    1.0460456324238492
                ],
                [
                    -0.5872156899243148,
                    -6.6464093448269325e-06,
                    -0.8094304994639973,
                    -0.34544743380220144
                ],
                [
                    0.0,
                    0.0,
                    0.0,
                    1.0
                ]
            ],
            "size": [
                0.15068,
                0.17726,
                0.74884
            ]
        },
        "distance": 0.0
    },
    {
        "case": 8,
        "collider1": {
            "type": "Box",
            "collider2origin": [
                [
                    0.9077781725128689,
                    0.4194505805326724,
                    0.0,
                    0.27063700059322826
                ],
                [
                    -0.4194505805326724,
                    0.9077781725128689,
                    0.0,
                    0.8002854543438492
                ],
                [
                    0.0,
                    0.0,
                    1.0,
                    -0.25
                ],
                [
                    0.0,
                    0.0,
                    0.0,
                    1.0
                ]
            ],
            "size": [
                0.2,
                0.2,
                0.02
            ]
        },
        "collider2": {
            "type": "Box",
            "collider2origin": [
                [
                    -0.4923900857695605,
                    -0.7936914660404881,
                    0.3572196245593816,
                    0.2686718553438937
                ],
                [
                    -0.6424404540053155,
                    0.6083205213457179,
                    0.4660648091919387,
                    1.0460456324238492
                ],
                [
                    -0.5872156899243148,
                    -6.6464093448269325e-06,
                    -0.8094304994639973,
                    -0.34544743380220144
                ],
                [
                    0.0,
                    0.0,
                    0.0,
                    1.0
                ]
            ],
            "size": [
                0.15068,
                0.17726,
                0.74884
            ]
        },
        "distance": 0.0
    },
    {
        "case": 9,
        "collider1": {
            "type": "Box",
            "collider2origin": [
                [
                    0.907778172512869,
                    0.4194505805326725,
                    0.0,
                    0.9947946797881562
                ],
                [
                    -0.4194505805326725,
                    0.907778172512869,
                    0.0,
                    0.5317739604993647
                ],
                [
                    0.0,
                    0.0,
                    1.0,
                    -0.69
                ],
                [
                    0.0,
                    0.0,
                    0.0,
                    1.0
                ]
            ],
            "size": [
                0.6,
                1.2,
                0.75
            ]
        },
        "collider2": {
            "type": "Box",
            "collider2origin": [
                [
                    -0.4923900857695605,
                    -0.7936914660404881,
                    0.3572196245593816,
                    0.2686718553438937
                ],
                [
                    -0.6424404540053155,
                    0.6083205213457179,
                    0.4660648091919387,
                    1.0460456324238492
                ],
                [
                    -0.5872156899243148,
                    -6.6464093448269325e-06,
                    -0.8094304994639973,
                    -0.34544743380220144
                ],
                [
                    0.0,
                    0.0,
                    0.0,
                    1.0
                ]
            ],
            "size": [
                0.15068,
                0.17726,
                0.74884
            ]
        },
        "distance": 0.4268043815725115
    },
    {
        "case": 10,
        "collider1": {
            "type": "Box",
            "collider2origin": [
                [
                    0.8404842512412337,
                    -0.5418359746412772,
                    0.0,
                    0.011439976095501792
                ],
                [
                    0.5418359746412771,
                    0.8404842512412338,
                    0.0,
                    1.4325762997644957
                ],
                [
                    0.0,
                    0.0,
                    1.0,
                    -0.21500000000000008
                ],
                [
                    0.0,
                    0.0,
                    0.0,
                    1.0
                ]
            ],
            "size": [
                0.2,
                0.3,
                0.22
            ]
        },
        "collider2": {
            "type": "Box",
            "collider2origin": [
                [
                    -0.4923900857695605,
                    -0.7936914660404881,
                    0.3572196245593816,
                    0.2686718553438937
                ],
                [
                    -0.6424404540053155,
                    0.6083205213457179,
                    0.4660648091919387,
                    1.0460456324238492
                ],
                [
                    -0.5872156899243148,
                    -6.6464093448269325e-06,
                    -0.8094304994639973,
                    -0.34544743380220144
                ],
                [
                    0.0,
                    0.0,
                    0.0,
                    1.0
                ]
            ],
            "size": [
                0.15068,
                0.17726,
                0.74884
            ]
        },
        "distance": 0.1985508908079465
    },
    {
        "case": 11,
        "collider1": {
            "type": "Box",
            "collider2origin": [
                [
                    0.9081427509232697,
                    -0.4186606548811531,
                    0.0,
                    -0.09474126814702305
                ],
                [
                    0.41866065488115317,
                    0.9081427509232698,
                    0.0,
                    1.368923948110301
                ],
                [
                    0.0,
                    0.0,
                    1.0,
                    -0.21500000000000008
                ],
                [
                    0.0,
                    0.0,
                    0.0,
                    1.0
                ]
            ],
            "size": [
                0.2,
                0.3,
                0.22
            ]
        },
        "collider2": {
            "type": "Box",
            "collider2origin": [
                [
                    -0.4923900857695605,
                    -0.7936914660404881,
                    0.3572196245593816,
                    0.2686718553438937
                ],
                [
                    -0.6424404540053155,
                    0.6083205213457179,
                    0.4660648091919387,
                    1.0460456324238492
                ],
                [
                    -0.5872156899243148,
                    -6.6464093448269325e-06,
                    -0.8094304994639973,
                    -0.34544743380220144
                ],
                [
                    0.0,
                    0.0,
                    0.0,
                    1.0
                ]
            ],
            "size": [
                0.15068,
                0.17726,
                0.74884
            ]
        },
        "distance": 0.21690112235125367
    }
]