[
    {
        "case": 0,
        "collider1": {
            "type": "Box",
            "collider2origin": [
                [
                    -0.49996093967317806,
                    0.8660479541001831,
                    0.0,
                    0.23518030403224222
                ],
                [
                    -0.8660479541001831,
                    -0.49996093967317806,
                    0.0,
                    1.6545490191575776
                ],
                [
                    0.0,
                    0.0,
                    1.0,
                    -0.21500000000000008
                ],
                [
                    0.0,
                    0.0,
                    0.0,
                    1.0
                ]
            ],
            "size": [
                0.2,
                0.3,
                0.22
            ]
        },
        "collider2": {
            "type": "Box",
            "collider2origin": [
                [
                    0.12514698927843074,
                    0.9307040971220624,
                    0.3436977082768387,
                    0.058871787920141444
                ],
                [
                    -0.31844091268104796,
                    0.36577299462148316,
                    -0.874531589787638,
                    1.8508557984836074
                ],
                [
                    -0.9396454736789858,
                    -2.4164192586145415e-06,
                    0.3421496511597745,
                    -0.28305242813589104
                ],
                [
                    0.0,
                    0.0,
                    0.0,
                    1.0
                ]
            ],
            "size": [
                0.09102,
                0.10007,
                0.11882
            ]
        },
        "distance": 0.013819517134764033
    },
    {
        "case": 1,
        "collider1": {
            "type": "Cylinder",
            "collider2origin": [
                [
                    0.907778172512869,
                    0.4194505805326725,
                    0.0,
                    0.1278934506919803
                ],
                [
                    -0.4194505805326725,
                    0.907778172512869,
                    0.0,
                    1.802593483087659
                ],
                [
                    0.0,
                    0.0,
                    1.0,
                    -0.18000000000000016
                ],
                [
                    0.0,
                    0.0,
                    0.0,
                    1.0
                ]
            ],
            "radius": 0.04,
            "height": 0.3
        },
        "collider2": {
            "type": "Box",
            "collider2origin": [
                [
                    0.12514698927843074,
                    0.9307040971220624,
                    0.3436977082768387,
                    0.058871787920141444
                ],
                [
                    -0.31844091268104796,
                    0.36577299462148316,
                    -0.874531589787638,
                    1.8508557984836074
                ],
                [
                    -0.9396454736789858,
                    -2.4164192586145415e-06,
                    0.3421496511597745,
                    -0.28305242813589104
                ],
                [
                    0.0,
                    0.0,
                    0.0,
                    1.0
                ]
            ],
            "size": [
                0.09102,
                0.10007,
                0.11882
            ]
        },
        "distance": 0.0
    },
    {
        "case": 2,
        "collider1": {
            "type": "Box",
            "collider2origin": [
                [
                    0.907778172512869,
                    0.4194505805326725,
                    0.0,
                    0.3318610395686135
                ],
                [
                    -0.4194505805326725,
                    0.907778172512869,
                    0.0,
                    1.862570334354233
                ],
                [
                    0.0,
                    0.0,
                    1.0,
                    -0.21500000000000008
                ],
                [
                    0.0,
                    0.0,
                    0.0,
                    1.0
                ]
            ],
            "size": [
                0.3,
                0.46,
                0.22
            ]
        },
        "collider2": {
            "type": "Box",
            "collider2origin": [
                [
                    0.12514698927843074,
                    0.9307040971220624,
                    0.3436977082768387,
                    0.058871787920141444
                ],
                [
                    -0.31844091268104796,
                    0.36577299462148316,
                    -0.874531589787638,
                    1.8508557984836074
                ],
                [
                    -0.9396454736789858,
                    -2.4164192586145415e-06,
                    0.3421496511597745,
                    -0.28305242813589104
                ],
                [
                    0.0,
                    0.0,
                    0.0,
                    1.0
                ]
            ],
            "size": [
                0.09102,
                0.10007,
                0.11882
            ]
        },
        "distance": 0.006725441856735163
    },
    {
        "case": 3,
        "collider1": {
            "type": "Box",
            "collider2origin": [
                [
                    0.8404842512412337,
                    -0.5418359746412772,
                    0.0,
                    0.011439976095501792
                ],
                [
                    0.5418359746412771,
                    0.8404842512412338,
                    0.0,
                    1.4325762997644957
                ],
                [
                    0.0,
                    0.0,
                    1.0,
                    -0.21500000000000008
                ],
                [
                    0.0,
                    0.0,
                    0.0,
                    1.0
                ]
            ],
            "size": [
                0.2,
                0.3,
                0.22
            ]
        },
        "collider2": {
            "type": "Cylinder",
            "collider2origin": [
                [
                    0.8554142633175653,
                    0.03619369182012064,
                    0.516678289446438,
                    -0.0750322321156055
                ],
                [
                    -0.5118997913496618,
                    -0.09288020316918033,
                    0.8540092923823631,
                    1.6400217107201656
                ],
                [
                    0.07889893363689615,
                    -0.9950192382721461,
                    -0.06092350727985633,
                    -0.18122587084960085
                ],
                [
                    0.0,
                    0.0,
                    0.0,
                    1.0
                ]
            ],
            "radius": 0.01169,
            "height": 0.05502
        },
        "distance": 0.048653742253098556
    },
    {
        "case": 4,
        "collider1": {
            "type": "Box",
            "collider2origin": [
                [
                    -0.49996093967317806,
                    0.8660479541001831,
                    0.0,
                    0.23518030403224222
                ],
                [
                    -0.8660479541001831,
                    -0.49996093967317806,
                    0.0,
                    1.6545490191575776
                ],
                [
                    0.0,
                    0.0,
                    1.0,
                    -0.21500000000000008
                ],
                [
                    0.0,
                    0.0,
                    0.0,
                    1.0
                ]
            ],
            "size": [
                0.2,
                0.3,
                0.22
            ]
        },
        "collider2": {
            "type": "Box",
            "collider2origin": [
                [
                    0.20011570543468205,
                    -0.9175105393201913,
                    0.34369770827683876,
                    0.0982129287054577
                ],
                [
                    0.424183598476492,
                    -0.2350803548726276,
                    -0.8745315897876379,
                    1.7561314578455165
                ],
                [
                    0.8831885298292282,
                    0.32079843670026026,
                    0.3421496511597743,
                    -0.24508922344716288
                ],
                [
                    0.0,
                    0.0,
                    0.0,
                    1.0
                ]
            ],
            "size": [
                0.09126,
                0.11887,
                0.10009
            ]
        },
        "distance": 0.0
    },
    {
        "case": 5,
        "collider1": {
            "type": "Box",
            "collider2origin": [
                [
                    0.718022042059392,
                    -0.6960203640101781,
                    0.0,
                    0.13748258467077087
                ],
                [
                    0.6960203640101781,
                    0.718022042059392,
                    0.0,
                    1.5384737068316263
                ],
                [
                    0.0,
                    0.0,
                    1.0,
                    -0.21500000000000008
                ],
                [
                    0.0,
                    0.0,
                    0.0,
                    1.0
                ]
            ],
            "size": [
                0.2,
                0.3,
                0.22
            ]
        },
        "collider2": {
            "type": "Box",
            "collider2origin": [
                [
                    0.20011570543468205,
                    -0.9175105393201913,
                    0.34369770827683876,
                    0.0982129287054577
                ],
                [
                    0.424183598476492,
                    -0.2350803548726276,
                    -0.8745315897876379,
                    1.7561314578455165
                ],
                [
                    0.8831885298292282,
                    0.32079843670026026,
                    0.3421496511597743,
                    -0.24508922344716288
                ],
                [
                    0.0,
                    0.0,
                    0.0,
                    1.0
                ]
            ],
            "size": [
                0.09126,
                0.11887,
                0.10009
            ]
        },
        "distance": 0.0
    },
    {
        "case": 6,
        "collider1": {
            "type": "Cylinder",
            "collider2origin": [
                [
                    0.907778172512869,
                    0.4194505805326725,
                    0.0,
                    0.1278934506919803
                ],
                [
                    -0.4194505805326725,
                    0.907778172512869,
                    0.0,
                    1.802593483087659
                ],
                [
                    0.0,
                    0.0,
                    1.0,
                    -0.18000000000000016
                ],
                [
                    0.0,
                    0.0,
                    0.0,
                    1.0
                ]
            ],
            "radius": 0.04,
            "height": 0.3
        },
        "collider2": {
            "type": "Box",
            "collider2origin": [
                [
                    0.20011570543468205,
                    -0.9175105393201913,
                    0.34369770827683876,
                    0.0982129287054577
                ],
                [
                    0.424183598476492,
                    -0.2350803548726276,
                    -0.8745315897876379,
                    1.7561314578455165
                ],
                [
                    0.8831885298292282,
                    0.32079843670026026,
                    0.3421496511597743,
                    -0.24508922344716288
                ],
                [
                    0.0,
                    0.0,
                    0.0,
                    1.0
                ]
            ],
            "size": [
                0.09126,
                0.11887,
                0.10009
            ]
        },
        "distance": 0.0
    },
    {
        "case": 7,
        "collider1": {
            "type": "Box",
            "collider2origin": [
                [
                    0.907778172512869,
                    0.4194505805326725,
                    0.0,
                    0.3318610395686135
                ],
                [
                    -0.4194505805326725,
                    0.907778172512869,
                    0.0,
                    1.862570334354233
                ],
                [
                    0.0,
                    0.0,
                    1.0,
                    -0.21500000000000008
                ],
                [
                    0.0,
                    0.0,
                    0.0,
                    1.0
                ]
            ],
            "size": [
                0.3,
                0.46,
                0.22
            ]
        },
        "collider2": {
            "type": "Box",
            "collider2origin": [
                [
                    0.20011570543468205,
                    -0.9175105393201913,
                    0.34369770827683876,
                    0.0982129287054577
                ],
                [
                    0.424183598476492,
                    -0.2350803548726276,
                    -0.8745315897876379,
                    1.7561314578455165
                ],
                [
                    0.8831885298292282,
                    0.32079843670026026,
                    0.3421496511597743,
                    -0.24508922344716288
                ],
                [
                    0.0,
                    0.0,
                    0.0,
                    1.0
                ]
            ],
            "size": [
                0.09126,
                0.11887,
                0.10009
            ]
        },
        "distance": 0.0
    },
    {
        "case": 8,
        "collider1": {
            "type": "Box",
            "collider2origin": [
                [
                    0.8404842512412337,
                    -0.5418359746412772,
                    0.0,
                    0.011439976095501792
                ],
                [
                    0.5418359746412771,
                    0.8404842512412338,
                    0.0,
                    1.4325762997644957
                ],
                [
                    0.0,
                    0.0,
                    1.0,
                    -0.21500000000000008
                ],
                [
                    0.0,
                    0.0,
                    0.0,
                    1.0
                ]
            ],
            "size": [
                0.2,
                0.3,
                0.22
            ]
        },
        "collider2": {
            "type": "Sphere",
            "collider2origin": [
                [
                    1.0,
                    0.0,
                    0.0,
                    -0.08726011770743436
                ],
                [
                    0.0,
                    1.0,
                    0.0,
                    1.620966960790772
                ],
                [
                    0.0,
                    0.0,
                    1.0,
                    -0.17984087298627394
                ],
                [
                    0.0,
                    0.0,
                    0.0,
                    1.0
                ]
            ],
            "radius": 0.01051
        },
        "distance": 0.05130864519641026
    },
    {
        "case": 9,
        "collider1": {
            "type": "Box",
            "collider2origin": [
                [
                    -0.49996093967317806,
                    0.8660479541001831,
                    0.0,
                    0.23518030403224222
                ],
                [
                    -0.8660479541001831,
                    -0.49996093967317806,
                    0.0,
                    1.6545490191575776
                ],
                [
                    0.0,
                    0.0,
                    1.0,
                    -0.21500000000000008
                ],
                [
                    0.0,
                    0.0,
                    0.0,
                    1.0
                ]
            ],
            "size": [
                0.2,
                0.3,
                0.22
            ]
        },
        "collider2": {
            "type": "Box",
            "collider2origin": [
                [
                    -0.02890180234176725,
                    -0.9175103447774536,
                    0.3966603749402691,
                    0.031356349342896994
                ],
                [
                    0.8438919985674981,
                    -0.2350789140147678,
                    -0.48226984037921233,
                    1.7348031797689158
                ],
                [
                    0.5357340576957482,
                    0.3208000489588412,
                    0.7810738428681718,
                    -0.21913982160787615
                ],
                [
                    0.0,
                    0.0,
                    0.0,
                    1.0
                ]
            ],
            "size": [
                0.08993,
                0.0305,
                0.09007
            ]
        },
        "distance": 0.009893623621198158
    },
    {
        "case": 10,
        "collider1": {
            "type": "Box",
            "collider2origin": [
                [
                    0.718022042059392,
                    -0.6960203640101781,
                    0.0,
                    0.13748258467077087
                ],
                [
                    0.6960203640101781,
                    0.718022042059392,
                    0.0,
                    1.5384737068316263
                ],
                [
                    0.0,
                    0.0,
                    1.0,
                    -0.21500000000000008
                ],
                [
                    0.0,
                    0.0,
                    0.0,
                    1.0
                ]
            ],
            "size": [
                0.2,
                0.3,
                0.22
            ]
        },
        "collider2": {
            "type": "Box",
            "collider2origin": [
                [
                    -0.02890180234176725,
                    -0.9175103447774536,
                    0.3966603749402691,
                    0.031356349342896994
                ],
                [
                    0.8438919985674981,
                    -0.2350789140147678,
                    -0.48226984037921233,
                    1.7348031797689158
                ],
                [
                    0.5357340576957482,
                    0.3208000489588412,
                    0.7810738428681718,
                    -0.21913982160787615
                ],
                [
                    0.0,
                    0.0,
                    0.0,
                    1.0
                ]
            ],
            "size": [
                0.08993,
                0.0305,
                0.09007
            ]
        },
        "distance": 0.0014917730611657466
    },
    {
        "case": 11,
        "collider1": {
            "type": "Box",
            "collider2origin": [
                [
                    0.9077781725128689,
                    0.4194505805326724,
                    0.0,
                    0.4158817547107895
                ],
                [
                    -0.4194505805326724,
                    0.9077781725128689,
                    0.0,
                    0.733173894971941
                ],
                [
                    0.0,
                    0.0,
                    1.0,
                    -0.6599999999999999
                ],
                [
                    0.0,
                    0.0,
                    0.0,
                    1.0
                ]
            ],
            "size": [
                0.6,
                1.0,
                0.8
            ]
        },
        "collider2": {
            "type": "Box",
            "collider2origin": [
                [
                    0.09459880926225456,
                    0.9307015367774804,
                    -0.35333513089728286,
                    0.05712561927730567
                ],
                [
                    -0.24069316160302937,
                    0.3657795093121269,
                    0.8990395722797286,
                    1.5497560678383238
                ],
                [
                    0.9659802623468563,
                    -2.723256221749038e-06,
                    0.2586158014292287,
                    -0.35968730722063225
                ],
                [
                    0.0,
                    0.0,
                    0.0,
                    1.0
                ]
            ],
            "size": [
                0.1202,
                0.13634,
                0.67816
            ]
        },
        "distance": 0.07319455351405385
    },
    {
        "case": 12,
        "collider1": {
            "type": "Box",
            "collider2origin": [
                [
                    -0.49996093967317806,
                    0.8660479541001831,
                    0.0,
                    0.23518030403224222
                ],
                [
                    -0.8660479541001831,
                    -0.49996093967317806,
                    0.0,
                    1.6545490191575776
                ],
                [
                    0.0,
                    0.0,
                    1.0,
                    -0.21500000000000008
                ],
                [
                    0.0,
                    0.0,
                    0.0,
                    1.0
                ]
            ],
            "size": [
                0.2,
                0.3,
                0.22
            ]
        },
        "collider2": {
            "type": "Box",
            "collider2origin": [
                [
                    0.09459880926225456,
                    0.9307015367774804,
                    -0.35333513089728286,
                    0.05712561927730567
                ],
                [
                    -0.24069316160302937,
                    0.3657795093121269,
                    0.8990395722797286,
                    1.5497560678383238
                ],
                [
                    0.9659802623468563,
                    -2.723256221749038e-06,
                    0.2586158014292287,
                    -0.35968730722063225
                ],
                [
                    0.0,
                    0.0,
                    0.0,
                    1.0
                ]
            ],
            "size": [
                0.1202,
                0.13634,
                0.67816
            ]
        },
        "distance": 0.0
    },
    {
        "case": 13,
        "collider1": {
            "type": "Box",
            "collider2origin": [
                [
                    0.718022042059392,
                    -0.6960203640101781,
                    0.0,
                    0.13748258467077087
                ],
                [
                    0.6960203640101781,
                    0.718022042059392,
                    0.0,
                    1.5384737068316263
                ],
                [
                    0.0,
                    0.0,
                    1.0,
                    -0.21500000000000008
                ],
                [
                    0.0,
                    0.0,
                    0.0,
                    1.0
                ]
            ],
            "size": [
                0.2,
                0.3,
                0.22
            ]
        },
        "collider2": {
            "type": "Box",
            "collider2origin": [
                [
                    0.09459880926225456,
                    0.9307015367774804,
                    -0.35333513089728286,
                    0.05712561927730567
                ],
                [
                    -0.24069316160302937,
                    0.3657795093121269,
                    0.8990395722797286,
                    1.5497560678383238
                ],
                [
                    0.9659802623468563,
                    -2.723256221749038e-06,
                    0.2586158014292287,
                    -0.35968730722063225
                ],
                [
                    0.0,
                    0.0,
                    0.0,
                    1.0
                ]
            ],
            "size": [
                0.1202,
                0.13634,
                0.67816
            ]
        },
        "distance": 0.0
    },
    {
        "case": 14,
        "collider1": {
            "type": "Box",
            "collider2origin": [
                [
                    0.8404842512412337,
                    -0.5418359746412772,
                    0.0,
                    0.011439976095501792
                ],
                [
                    0.5418359746412771,
                    0.8404842512412338,
                    0.0,
                    1.4325762997644957
                ],
                [
                    0.0,
                    0.0,
                    1.0,
                    -0.21500000000000008
                ],
                [
                    0.0,
                    0.0,
                    0.0,
                    1.0
                ]
            ],
            "size": [
                0.2,
                0.3,
                0.22
            ]
        },
        "collider2": {
            "type": "Box",
            "collider2origin": [
                [
                    0.09459880926225456,
                    0.9307015367774804,
                    -0.35333513089728286,
                    0.05712561927730567
                ],
                [
                    -0.24069316160302937,
                    0.3657795093121269,
                    0.8990395722797286,
                    1.5497560678383238
                ],
                [
                    0.9659802623468563,
                    -2.723256221749038e-06,
                    0.2586158014292287,
                    -0.35968730722063225
                ],
                [
                    0.0,
                    0.0,
                    0.0,
                    1.0
                ]
            ],
            "size": [
                0.1202,
                0.13634,
                0.67816
            ]
        },
        "distance": 0.0
    },
    {
        "case": 15,
        "collider1": {
            "type": "Box",
            "collider2origin": [
                [
                    0.9081427509232697,
                    -0.4186606548811531,
                    0.0,
                    -0.09474126814702305
                ],
                [
                    0.41866065488115317,
                    0.9081427509232698,
                    0.0,
                    1.368923948110301
                ],
                [
                    0.0,
                    0.0,
                    1.0,
                    -0.21500000000000008
                ],
                [
                    0.0,
                    0.0,
                    0.0,
                    1.0
                ]
            ],
            "size": [
                0.2,
                0.3,
                0.22
            ]
        },
        "collider2": {
            "type": "Box",
            "collider2origin": [
                [
                    0.09459880926225456,
                    0.9307015367774804,
                    -0.35333513089728286,
                    0.05712561927730567
                ],
                [
                    -0.24069316160302937,
                    0.3657795093121269,
                    0.8990395722797286,
                    1.5497560678383238
                ],
                [
                    0.9659802623468563,
                    -2.723256221749038e-06,
                    0.2586158014292287,
                    -0.35968730722063225
                ],
                [
                    0.0,
                    0.0,
                    0.0,
                    1.0
                ]
            ],
            "size": [
                0.1202,
                0.13634,
                0.67816
            ]
        },
        "distance": 0.03877428121290875
    },
    {
        "case": 16,
        "collider1": {
            "type": "Box",
            "collider2origin": [
                [
                    0.9798474486812189,
                    -0.1997472836183421,
                    0.0,
                    -0.20628161272202655
                ],
                [
                    0.19974728361834207,
                    0.9798474486812188,
                    0.0,
                    1.335871448475788
                ],
                [
                    0.0,
                    0.0,
                    1.0,
                    -0.21500000000000008
                ],
                [
                    0.0,
                    0.0,
                    0.0,
                    1.0
                ]
            ],
            "size": [
                0.2,
                0.3,
                0.22
            ]
        },
        "collider2": {
            "type": "Box",
            "collider2origin": [
                [
                    0.09459880926225456,
                    0.9307015367774804,
                    -0.35333513089728286,
                    0.05712561927730567
                ],
                [
                    -0.24069316160302937,
                    0.3657795093121269,
                    0.8990395722797286,
                    1.5497560678383238
                ],
                [
                    0.9659802623468563,
                    -2.723256221749038e-06,
                    0.2586158014292287,
                    -0.35968730722063225
                ],
                [
                    0.0,
                    0.0,
                    0.0,
                    1.0
                ]
            ],
            "size": [
                0.1202,
                0.13634,
                0.67816
            ]
        },
        "distance": 0.13084186996170458
    },
    {
        "case": 17,
        "collider1": {
            "type": "Cylinder",
            "collider2origin": [
                [
                    0.907778172512869,
                    0.4194505805326725,
                    0.0,
                    0.1278934506919803
                ],
                [
                    -0.4194505805326725,
                    0.907778172512869,
                    0.0,
                    1.802593483087659
                ],
                [
                    0.0,
                    0.0,
                    1.0,
                    -0.18000000000000016
                ],
                [
                    0.0,
                    0.0,
                    0.0,
                    1.0
                ]
            ],
            "radius": 0.04,
            "height": 0.3
        },
        "collider2": {
            "type": "Box",
            "collider2origin": [
                [
                    0.09459880926225456,
                    0.9307015367774804,
                    -0.35333513089728286,
                    0.05712561927730567
                ],
                [
                    -0.24069316160302937,
                    0.3657795093121269,
                    0.8990395722797286,
                    1.5497560678383238
                ],
                [
                    0.9659802623468563,
                    -2.723256221749038e-06,
                    0.2586158014292287,
                    -0.35968730722063225
                ],
                [
                    0.0,
                    0.0,
                    0.0,
                    1.0
                ]
            ],
            "size": [
                0.1202,
                0.13634,
                0.67816
            ]
        },
        "distance": 0.05017615301497665
    },
    {
        "case": 18,
        "collider1": {
            "type": "Cylinder",
            "collider2origin": [
                [
                    0.907778172512869,
                    0.4194505805326725,
                    0.0,
                    -0.07232761537572224
                ],
                [
                    -0.4194505805326725,
                    0.907778172512869,
                    0.0,
                    1.2000044650142188
                ],
                [
                    0.0,
                    0.0,
                    1.0,
                    -0.5800000000000001
                ],
                [
                    0.0,
                    0.0,
                    0.0,
                    1.0
                ]
            ],
            "radius": 0.04,
            "height": 0.96
        },
        "collider2": {
            "type": "Box",
            "collider2origin": [
                [
                    0.09459880926225456,
                    0.9307015367774804,
                    -0.35333513089728286,
                    0.05712561927730567
                ],
                [
                    -0.24069316160302937,
                    0.3657795093121269,
                    0.8990395722797286,
                    1.5497560678383238
                ],
                [
                    0.9659802623468563,
                    -2.723256221749038e-06,
                    0.2586158014292287,
                    -0.35968730722063225
                ],
                [
                    0.0,
                    0.0,
                    0.0,
                    1.0
                ]
            ],
            "size": [
                0.1202,
                0.13634,
                0.67816
            ]
        },
        "distance": 0.14024392186077653
    },
    {
        "case": 19,
        "collider1": {
            "type": "Box",
            "collider2origin": [
                [
                    0.907778172512869,
                    0.4194505805326725,
                    0.0,
                    0.3318610395686135
                ],
                [
                    -0.4194505805326725,
                    0.907778172512869,
                    0.0,
                    1.862570334354233
                ],
                [
                    0.0,
                    0.0,
                    1.0,
                    -0.21500000000000008
                ],
                [
                    0.0,
                    0.0,
                    0.0,
                    1.0
                ]
            ],
            "size": [
                0.3,
                0.46,
                0.22
            ]
        },
        "collider2": {
            "type": "Box",
            "collider2origin": [
                [
                    0.09459880926225456,
                    0.9307015367774804,
                    -0.35333513089728286,
                    0.05712561927730567
                ],
                [
                    -0.24069316160302937,
                    0.3657795093121269,
                    0.8990395722797286,
                    1.5497560678383238
                ],
                [
                    0.9659802623468563,
                    -2.723256221749038e-06,
                    0.2586158014292287,
                    -0.35968730722063225
                ],
                [
                    0.0,
                    0.0,
                    0.0,
                    1.0
                ]
            ],
            "size": [
                0.1202,
                0.13634,
                0.67816
            ]
        },
        "distance": 0.03207194888244013
    },
    {
        "case": 20,
        "collider1": {
            "type": "Box",
            "collider2origin": [
                [
                    0.9077781725128689,
                    0.4194505805326724,
                    0.0,
                    0.4158817547107895
                ],
                [
                    -0.4194505805326724,
                    0.9077781725128689,
                    0.0,
                    0.733173894971941
                ],
                [
                    0.0,
                    0.0,
                    1.0,
                    -0.6599999999999999
                ],
                [
                    0.0,
                    0.0,
                    0.0,
                    1.0
                ]
            ],
            "size": [
                0.6,
                1.0,
                0.8
            ]
        },
        "collider2": {
            "type": "Box",
            "collider2origin": [
                [
                    -0.19689211156517464,
                    0.9307017023261727,
                    -0.30826585553799374,
                    0.36999486172121326
                ],
                [
                    0.5009925153413819,
                    0.36577908805074777,
                    0.7843546126062358,
                    1.0990762883919043
                ],
                [
                    0.8427573766958804,
                    -5.65046791630545e-06,
                    -0.5382936038935909,
                    -0.26425592082728133
                ],
                [
                    0.0,
                    0.0,
                    0.0,
                    1.0
                ]
            ],
            "size": [
                0.15068,
                0.17726,
                0.74884
            ]
        },
        "distance": 0.0
    },
    {
        "case": 21,
        "collider1": {
            "type": "Box",
            "collider2origin": [
                [
                    0.9077781725128689,
                    0.4194505805326724,
                    0.0,
                    0.27063700059322826
                ],
                [
                    -0.4194505805326724,
                    0.9077781725128689,
                    0.0,
                    0.8002854543438492
                ],
                [
                    0.0,
                    0.0,
                    1.0,
                    -0.25
                ],
                [
                    0.0,
                    0.0,
                    0.0,
                    1.0
                ]
            ],
            "size": [
                0.2,
                0.2,
                0.02
            ]
        },
        "collider2": {
            "type": "Box",
            "collider2origin": [
                [
