[
    {
        "case": 0,
        "collider1": {
            "type": "Box",
            "collider2origin": [
                [
                    0.9077781725128689,
                    0.4194505805326724,
                    0.0,
                    0.4158817547107895
                ],
                [
                    -0.4194505805326724,
                    0.9077781725128689,
                    0.0,
                    0.733173894971941
                ],
                [
                    0.0,
                    0.0,
                    1.0,
                    -0.6599999999999999
                ],
                [
                    0.0,
                    0.0,
                    0.0,
                    1.0
                ]
            ],
            "size": [
                0.6,
                1.0,
                0.8
            ]
        },
        "collider2": {
            "type": "Box",
            "collider2origin": [
                [
                    -0.9859423408156801,
                    -0.11658944096266384,
                    0.11968543287681614,
                    0.4905999087758226
                ],
                [
                    -0.11574067710589432,
                    0.9931801962395528,
                    0.014042558906150944,
                    0.870902376078739
                ],
                [
                    -0.12050641580416543,
                    -7.319641902234434e-06,
                    -0.9927125483726172,
                    -0.9707361468811257
                ],
                [
                    0.0,
                    0.0,
                    0.0,
                    1.0
                ]
            ],
            "size": [
                0.1202,
                0.13634,
                0.67816
            ]
        },
        "distance": 0.0
    },
    {
        "case": 1,
        "collider1": {
            "type": "Box",
            "collider2origin": [
                [
                    0.907778172512869,
                    0.4194505805326725,
                    0.0,
                    0.9947946797881562
                ],
                [
                    -0.4194505805326725,
                    0.907778172512869,
                    0.0,
                    0.5317739604993647
                ],
                [
                    0.0,
                    0.0,
                    1.0,
                    -0.69
                ],
                [
                    0.0,
                    0.0,
                    0.0,
                    1.0
                ]
            ],
            "size": [
                0.6,
                1.2,
                0.75
            ]
        },
        "collider2": {
            "type": "Box",
            "collider2origin": [
                [
                    -0.9859423408156801,
                    -0.11658944096266384,
                    0.11968543287681614,
                    0.4905999087758226
                ],
                [
                    -0.11574067710589432,
                    0.9931801962395528,
                    0.014042558906150944,
                    0.870902376078739
                ],
                [
                    -0.12050641580416543,
                    -7.319641902234434e-06,
                    -0.9927125483726172,
                    -0.9707361468811257
                ],
                [
                    0.0,
                    0.0,
                    0.0,
                    1.0
                ]
            ],
            "size": [
                0.1202,
                0.13634,
                0.67816
            ]
        },
        "distance": 0.2018721395270004
    },
    {
        "case": 2,
        "collider1": {
            "type": "Box",
            "collider2origin": [
                [
                    0.9077781725128689,
                    0.4194505805326724,
                    0.0,
                    0.4158817547107895
                ],
                [
                    -0.4194505805326724,
                    0.9077781725128689,
                    0.0,
                    0.733173894971941
                ],
                [
                    0.0,
                    0.0,
                    1.0,
                    -0.6599999999999999
                ],
                [
                    0.0,
                    0.0,
                    0.0,
                    1.0
                ]
            ],
            "size": [
                0.6,
                1.0,
                0.8
            ]
        },
        "collider2": {
            "type": "Box",
            "collider2origin": [
                [
                    -0.9569857675357356,
                    -0.11658890469878357,
                    0.2656788814248833,
                    0.35944061205624667
                ],
                [
                    -0.11234199511156585,
                    0.993180259192216,
                    0.031180905779592115,
                    0.9827152035178606
                ],
                [
                    -0.2675023679678221,
                    -7.212548338109082e-06,
                    -0.9635572028061368,
                    -0.3917124401160019
                ],
                [
                    0.0,
                    0.0,
                    0.0,
                    1.0
                ]
            ],
            "size": [
                0.15068,
                0.17726,
                0.74884
            ]
        },
        "distance": 0.0
    },
    {
        "case": 3,
        "collider1": {
            "type": "Box",
            "collider2origin": [
                [
                    0.9077781725128689,
                    0.4194505805326724,
                    0.0,
                    0.27063700059322826
                ],
                [
                    -0.4194505805326724,
                    0.9077781725128689,
                    0.0,
                    0.8002854543438492
                ],
                [
                    0.0,
                    0.0,
                    1.0,
                    -0.25
                ],
                [
                    0.0,
                    0.0,
                    0.0,
                    1.0
                ]
            ],
            "size": [
                0.2,
                0.2,
                0.02
            ]
        },
        "collider2": {
            "type": "Box",
            "collider2origin": [
                [
                    -0.9569857675357356,
                    -0.11658890469878357,
                    0.2656788814248833,
                    0.35944061205624667
                ],
                [
                    -0.11234199511156585,
                    0.993180259192216,
                    0.031180905779592115,
                    0.9827152035178606
                ],
                [
                    -0.2675023679678221,
                    -7.212548338109082e-06,
                    -0.9635572028061368,
                    -0.3917124401160019
                ],
                [
                    0.0,
                    0.0,
                    0.0,
                    1.0
                ]
            ],
            "size": [
                0.15068,
                0.17726,
                0.74884
            ]
        },
        "distance": 0.0
    },
    {
        "case": 4,
        "collider1": {
            "type": "Box",
            "collider2origin": [
                [
                    0.907778172512869,
                    0.4194505805326725,
                    0.0,
                    0.9947946797881562
                ],
                [
                    -0.4194505805326725,
                    0.907778172512869,
                    0.0,
                    0.5317739604993647
                ],
                [
                    0.0,
                    0.0,
                    1.0,
                    -0.69
                ],
                [
                    0.0,
                    0.0,
                    0.0,
                    1.0
                ]
            ],
            "size": [
                0.6,
                1.2,
                0.75
            ]
        },
        "collider2": {
            "type": "Box",
            "collider2origin": [
                [
                    -0.9569857675357356,
                    -0.11658890469878357,
                    0.2656788814248833,
                    0.35944061205624667
                ],
                [
                    -0.11234199511156585,
                    0.993180259192216,
                    0.031180905779592115,
                    0.9827152035178606
                ],
                [
                    -0.2675023679678221,
                    -7.212548338109082e-06,
                    -0.9635572028061368,
                    -0.3917124401160019
                ],
                [
                    0.0,
                    0.0,
                    0.0,
                    1.0
                ]
            ],
            "size": [
                0.15068,
                0.17726,
                0.74884
            ]
        },
        "distance": 0.27230071893066715
    },
    {
        "case": 5,
        "collider1": {
            "type": "Box",
            "collider2origin": [
                [
                    0.9077781725128689,
                    0.4194505805326724,
                    0.0,
                    0.4158817547107895
                ],
                [
                    -0.4194505805326724,
                    0.9077781725128689,
                    0.0,
                    0.733173894971941
                ],
                [
                    0.0,
                    0.0,
                    1.0,
                    -0.6599999999999999
                ],
                [
                    0.0,
                    0.0,
                    0.0,
                    1.0
                ]
            ],
            "size": [
                0.6,
                1.0,
                0.8
            ]
        },
        "collider2": {
            "type": "Box",
            "collider2origin": [
                [
                    -0.9569857675357356,
                    -0.11658890469878357,
                    0.2656788814248833,
                    0.35944061205624667
                ],
                [
                    -0.11234199511156585,
                    0.993180259192216,
                    0.031180905779592115,
                    0.9827152035178606
                ],
                [
                    -0.2675023679678221,
                    -7.212548338109082e-06,
                    -0.9635572028061368,
                    -0.3917124401160019
                ],
                [
                    0.0,
                    0.0,
                    0.0,
                    1.0
                ]
            ],
            "size": [
                0.15068,
                0.17726,
                0.74884
            ]
        },
        "distance": 0.0
    },
    {
        "case": 6,
        "collider1": {
            "type": "Box",
            "collider2origin": [
                [
                    0.9077781725128689,
                    0.4194505805326724,
                    0.0,
                    0.27063700059322826
                ],
                [
                    -0.4194505805326724,
                    0.9077781725128689,
                    0.0,
                    0.8002854543438492
                ],
                [
                    0.0,
                    0.0,
                    1.0,
                    -0.25
                ],
                [
                    0.0,
                    0.0,
                    0.0,
                    1.0
                ]
            ],
            "size": [
                0.2,
                0.2,
                0.02
            ]
        },
        "collider2": {
            "type": "Box",
            "collider2origin": [
                [
                    -0.9569857675357356,
                    -0.11658890469878357,
                    0.2656788814248833,
                    0.35944061205624667
                ],
                [
                    -0.11234199511156585,
                    0.993180259192216,
                    0.031180905779592115,
                    0.9827152035178606
                ],
                [
                    -0.2675023679678221,
                    -7.212548338109082e-06,
                    -0.9635572028061368,
                    -0.3917124401160019
                ],
                [
                    0.0,
                    0.0,
                    0.0,
                    1.0
                ]
            ],
            "size": [
                0.15068,
                0.17726,
                0.74884
            ]
        },
        "distance": 0.0
    },
    {
        "case": 7,
        "collider1": {
            "type": "Box",
            "collider2origin": [
                [
                    0.907778172512869,
                    0.4194505805326725,
                    0.0,
                    0.9947946797881562
                ],
                [
                    -0.4194505805326725,
                    0.907778172512869,
                    0.0,
                    0.5317739604993647
                ],
                [
                    0.0,
                    0.0,
                    1.0,
                    -0.69
                ],
                [
                    0.0,
                    0.0,
                    0.0,
                    1.0
                ]
            ],
            "size": [
                0.6,
                1.2,
                0.75
            ]
        },
        "collider2": {
            "type": "Box",
            "collider2origin": [
                [
                    -0.9569857675357356,
                    -0.11658890469878357,
                    0.2656788814248833,
                    0.35944061205624667
                ],
                [
                    -0.11234199511156585,
                    0.993180259192216,
                    0.031180905779592115,
                    0.9827152035178606
                ],
                [
                    -0.2675023679678221,
                    -7.212548338109082e-06,
                    -0.9635572028061368,
                    -0.3917124401160019
                ],
                [
                    0.0,
                    0.0,
                    0.0,
                    1.0
                ]
            ],
            "size": [
                0.15068,
                0.17726,
                0.74884
            ]
        },
        "distance": 0.27230071893066715
    }
]