[
    {
        "case": 0,
        "collider1": {
            "type": "Box",
            "collider2origin": [
                [
                    0.9077781725128689,
                    0.4194505805326724,
                    0.0,
                    0.4158817547107895
                ],
                [
                    -0.4194505805326724,
                    0.9077781725128689,
                    0.0,
                    0.733173894971941
                ],
                [
                    0.0,
                    0.0,
                    1.0,
                    -0.6599999999999999
                ],
                [
                    0.0,
                    0.0,
                    0.0,
                    1.0
                ]
            ],
            "size": [
                0.6,
                1.0,
                0.8
            ]
        },
        "collider2": {
            "type": "Box",
            "collider2origin": [
                [
                    -0.10538452611961437,
                    0.9445866605775614,
                    0.31088606001793523,
                    0.6330674342904319
                ],
                [
                    0.3032339285664442,
                    0.3282621523041989,
                    -0.8945910484298261,
                    -0.01157139947469199
                ],
                [
                    -0.9470708982017686,
                    -4.852393844431144e-06,
                    -0.32102447532197503,
                    -0.1478974742017065
                ],
                [
                    0.0,
                    0.0,
                    0.0,
                    1.0
                ]
            ],
            "size": [
                0.1202,
                0.13634,
                0.67816
            ]
        },
        "distance": 0.11486461688099198
    },
    {
        "case": 1,
        "collider1": {
            "type": "Box",
            "collider2origin": [
                [
                    -3.673205103346574e-06,
                    -0.9999999999932537,
                    0.0,
                    0.42000000000000004
                ],
                [
                    0.9999999999932537,
                    -3.673205103346574e-06,
                    0.0,
                    -0.395
                ],
                [
                    0.0,
                    0.0,
                    1.0,
                    0.53989
                ],
                [
                    0.0,
                    0.0,
                    0.0,
                    1.0
                ]
            ],
            "size": [
                0.6,
                0.32,
                1.16
            ]
        },
        "collider2": {
            "type": "Box",
            "collider2origin": [
                [
                    -0.10538452611961437,
                    0.9445866605775614,
                    0.31088606001793523,
                    0.6330674342904319
                ],
                [
                    0.3032339285664442,
                    0.3282621523041989,
                    -0.8945910484298261,
                    -0.01157139947469199
                ],
                [
                    -0.9470708982017686,
                    -4.852393844431144e-06,
                    -0.32102447532197503,
                    -0.1478974742017065
                ],
                [
                    0.0,
                    0.0,
                    0.0,
                    1.0
                ]
            ],
            "size": [
                0.1202,
                0.13634,
                0.67816
            ]
        },
        "distance": 0.062391737179873674
    },
    {
        "case": 2,
        "collider1": {
            "type": "Box",
            "collider2origin": [
                [
                    1.0,
                    0.0,
                    0.0,
                    0.35
                ],
                [
                    0.0,
                    1.0,
                    0.0,
                    -0.34649
                ],
                [
                    0.0,
                    0.0,
                    1.0,
                    -0.54511
                ],
                [
                    0.0,
                    0.0,
                    0.0,
                    1.0
                ]
            ],
            "size": [
                0.7,
                0.7,
                1.1
            ]
        },
        "collider2": {
            "type": "Box",
            "collider2origin": [
                [
                    -0.10538452611961437,
                    0.9445866605775614,
                    0.31088606001793523,
                    0.6330674342904319
                ],
                [
                    0.3032339285664442,
                    0.3282621523041989,
                    -0.8945910484298261,
                    -0.01157139947469199
                ],
                [
                    -0.9470708982017686,
                    -4.852393844431144e-06,
                    -0.32102447532197503,
                    -0.1478974742017065
                ],
                [
                    0.0,
                    0.0,
                    0.0,
                    1.0
                ]
            ],
            "size": [
                0.1202,
                0.13634,
                0.67816
            ]
        },
        "distance": 0.0
    }
]