[
    {
        "case": 0,
        "collider1": {
            "type": "Box",
            "collider2origin": [
                [
                    0.9077781725128689,
                    0.4194505805326724,
                    0.0,
                    0.4158817547107895
                ],
                [
                    -0.4194505805326724,
                    0.9077781725128689,
                    0.0,
                    0.733173894971941
                ],
                [
                    0.0,
                    0.0,
                    1.0,
                    -0.6599999999999999
                ],
                [
                    0.0,
                    0.0,
                    0.0,
                    1.0
                ]
            ],
            "size": [
                0.6,
                1.0,
                0.8
            ]
        },
        "collider2": {
            "type": "Box",
            "collider2origin": [
                [
                    -0.10185784729211683,
                    -0.9483285341578016,
                    -0.3004962067100539,
                    0.01822146721578033
                ],
                [
                    0.30444401762642265,
                    -0.3172900743734282,
                    0.8981318660617643,
                    1.4902740523352511
                ],
                [
                    -0.9470685397987298,
                    -2.4939908056578085e-06,
                    0.32103143291161035,
                    -0.39419033582011453
                ],
                [
                    0.0,
                    0.0,
                    0.0,
                    1.0
                ]
            ],
            "size": [
                0.1202,
                0.13634,
                0.67816
            ]
        },
        "distance": 0.09547409825479626
    },
    {
        "case": 1,
        "collider1": {
            "type": "Box",
            "collider2origin": [
                [
                    -0.49996093967317806,
                    0.8660479541001831,
                    0.0,
                    0.23518030403224222
                ],
                [
                    -0.8660479541001831,
                    -0.49996093967317806,
                    0.0,
                    1.6545490191575776
                ],
                [
                    0.0,
                    0.0,
                    1.0,
                    -0.21500000000000008
                ],
                [
                    0.0,
                    0.0,
                    0.0,
                    1.0
                ]
            ],
            "size": [
                0.2,
                0.3,
                0.22
            ]
        },
        "collider2": {
            "type": "Box",
            "collider2origin": [
                [
                    -0.10185784729211683,
                    -0.9483285341578016,
                    -0.3004962067100539,
                    0.01822146721578033
                ],
                [
                    0.30444401762642265,
                    -0.3172900743734282,
                    0.8981318660617643,
                    1.4902740523352511
                ],
                [
                    -0.9470685397987298,
                    -2.4939908056578085e-06,
                    0.32103143291161035,
                    -0.39419033582011453
                ],
                [
                    0.0,
                    0.0,
                    0.0,
                    1.0
                ]
            ],
            "size": [
                0.1202,
                0.13634,
                0.67816
            ]
        },
        "distance": 0.015409878745742634
    },
    {
        "case": 2,
        "collider1": {
            "type": "Box",
            "collider2origin": [
                [
                    0.718022042059392,
                    -0.6960203640101781,
                    0.0,
                    0.13748258467077087
                ],
                [
                    0.6960203640101781,
                    0.718022042059392,
                    0.0,
                    1.5384737068316263
                ],
                [
                    0.0,
                    0.0,
                    1.0,
                    -0.21500000000000008
                ],
                [
                    0.0,
                    0.0,
                    0.0,
                    1.0
                ]
            ],
            "size": [
                0.2,
                0.3,
                0.22
            ]
        },
        "collider2": {
            "type": "Box",
            "collider2origin": [
                [
                    -0.10185784729211683,
                    -0.9483285341578016,
                    -0.3004962067100539,
                    0.01822146721578033
                ],
                [
                    0.30444401762642265,
                    -0.3172900743734282,
                    0.8981318660617643,
                    1.4902740523352511
                ],
                [
                    -0.9470685397987298,
                    -2.4939908056578085e-06,
                    0.32103143291161035,
                    -0.39419033582011453
                ],
                [
                    0.0,
                    0.0,
                    0.0,
                    1.0
                ]
            ],
            "size": [
                0.1202,
                0.13634,
                0.67816
            ]
        },
        "distance": 0.0
    },
    {
        "case": 3,
        "collider1": {
            "type": "Box",
            "collider2origin": [
                [
                    0.8404842512412337,
                    -0.5418359746412772,
                    0.0,
                    0.011439976095501792
                ],
                [
                    0.5418359746412771,
                    0.8404842512412338,
                    0.0,
                    1.4325762997644957
                ],
                [
                    0.0,
                    0.0,
                    1.0,
                    -0.21500000000000008
                ],
                [
                    0.0,
                    0.0,
                    0.0,
                    1.0
                ]
            ],
            "size": [
                0.2,
                0.3,
                0.22
            ]
        },
        "collider2": {
            "type": "Box",
            "collider2origin": [
                [
                    -0.10185784729211683,
                    -0.9483285341578016,
                    -0.3004962067100539,
                    0.01822146721578033
                ],
                [
                    0.30444401762642265,
                    -0.3172900743734282,
                    0.8981318660617643,
                    1.4902740523352511
                ],
                [
                    -0.9470685397987298,
                    -2.4939908056578085e-06,
                    0.32103143291161035,
                    -0.39419033582011453
                ],
                [
                    0.0,
                    0.0,
                    0.0,
                    1.0
                ]
            ],
            "size": [
                0.1202,
                0.13634,
                0.67816
            ]
        },
        "distance": 0.0
    },
    {
        "case": 4,
        "collider1": {
            "type": "Box",
            "collider2origin": [
                [
                    0.9081427509232697,
                    -0.4186606548811531,
                    0.0,
                    -0.09474126814702305
                ],
                [
                    0.41866065488115317,
                    0.9081427509232698,
                    0.0,
                    1.368923948110301
                ],
                [
                    0.0,
                    0.0,
                    1.0,
                    -0.21500000000000008
                ],
                [
                    0.0,
                    0.0,
                    0.0,
                    1.0
                ]
            ],
            "size": [
                0.2,
                0.3,
                0.22
            ]
        },
        "collider2": {
            "type": "Box",
            "collider2origin": [
                [
                    -0.10185784729211683,
                    -0.9483285341578016,
                    -0.3004962067100539,
                    0.01822146721578033
                ],
                [
                    0.30444401762642265,
                    -0.3172900743734282,
                    0.8981318660617643,
                    1.4902740523352511
                ],
                [
                    -0.9470685397987298,
                    -2.4939908056578085e-06,
                    0.32103143291161035,
                    -0.39419033582011453
                ],
                [
                    0.0,
                    0.0,
                    0.0,
                    1.0
                ]
            ],
            "size": [
                0.1202,
                0.13634,
                0.67816
            ]
        },
        "distance": 0.0
    },
    {
        "case": 5,
        "collider1": {
            "type": "Box",
            "collider2origin": [
                [
                    0.9798474486812189,
                    -0.1997472836183421,
                    0.0,
                    -0.20628161272202655
                ],
                [
                    0.19974728361834207,
                    0.9798474486812188,
                    0.0,
                    1.335871448475788
                ],
                [
                    0.0,
                    0.0,
                    1.0,
                    -0.21500000000000008
                ],
                [
                    0.0,
                    0.0,
                    0.0,
                    1.0
                ]
            ],
            "size": [
                0.2,
                0.3,
                0.22
            ]
        },
        "collider2": {
            "type": "Box",
            "collider2origin": [
                [
                    -0.10185784729211683,
                    -0.9483285341578016,
                    -0.3004962067100539,
                    0.01822146721578033
                ],
                [
                    0.30444401762642265,
                    -0.3172900743734282,
                    0.8981318660617643,
                    1.4902740523352511
                ],
                [
                    -0.9470685397987298,
                    -2.4939908056578085e-06,
                    0.32103143291161035,
                    -0.39419033582011453
                ],
                [
                    0.0,
                    0.0,
                    0.0,
                    1.0
                ]
            ],
            "size": [
                0.1202,
                0.13634,
                0.67816
            ]
        },
        "distance": 0.07624289437648592
    },
    {
        "case": 6,
        "collider1": {
            "type": "Cylinder",
            "collider2origin": [
                [
                    0.907778172512869,
                    0.4194505805326725,
                    0.0,
                    0.1278934506919803
                ],
                [
                    -0.4194505805326725,
                    0.907778172512869,
                    0.0,
                    1.802593483087659
                ],
                [
                    0.0,
                    0.0,
                    1.0,
                    -0.18000000000000016
                ],
                [
                    0.0,
                    0.0,
                    0.0,
                    1.0
                ]
            ],
            "radius": 0.04,
            "height": 0.3
        },
        "collider2": {
            "type": "Box",
            "collider2origin": [
                [
                    -0.10185784729211683,
                    -0.9483285341578016,
                    -0.3004962067100539,
                    0.01822146721578033
                ],
                [
                    0.30444401762642265,
                    -0.3172900743734282,
                    0.8981318660617643,
                    1.4902740523352511
                ],
                [
                    -0.9470685397987298,
                    -2.4939908056578085e-06,
                    0.32103143291161035,
                    -0.39419033582011453
                ],
                [
                    0.0,
                    0.0,
                    0.0,
                    1.0
                ]
            ],
            "size": [
                0.1202,
                0.13634,
                0.67816
            ]
        },
        "distance": 0.09493108683009341
    },
    {
        "case": 7,
        "collider1": {
            "type": "Cylinder",
            "collider2origin": [
                [
                    0.907778172512869,
                    0.4194505805326725,
                    0.0,
                    -0.1927378995604882
                ],
                [
                    -0.4194505805326725,
                    0.907778172512869,
                    0.0,
                    1.5211249462397922
                ],
                [
                    0.0,
                    0.0,
                    1.0,
                    -0.20999999999999996
                ],
                [
                    0.0,
                    0.0,
                    0.0,
                    1.0
                ]
            ],
            "radius": 0.04,
            "height": 0.22
        },
        "collider2": {
            "type": "Box",
            "collider2origin": [
                [
                    -0.10185784729211683,
                    -0.9483285341578016,
                    -0.3004962067100539,
                    0.01822146721578033
                ],
                [
                    0.30444401762642265,
                    -0.3172900743734282,
                    0.8981318660617643,
                    1.4902740523352511
                ],
                [
                    -0.9470685397987298,
                    -2.4939908056578085e-06,
                    0.32103143291161035,
                    -0.39419033582011453
                ],
                [
                    0.0,
                    0.0,
                    0.0,
                    1.0
                ]
            ],
            "size": [
                0.1202,
                0.13634,
                0.67816
            ]
        },
        "distance": 0.08209986505443052
    },
    {
        "case": 8,
        "collider1": {
            "type": "Cylinder",
            "collider2origin": [
                [
                    0.907778172512869,
                    0.4194505805326725,
                    0.0,
                    -0.07232761537572224
                ],
                [
                    -0.4194505805326725,
                    0.907778172512869,
                    0.0,
                    1.2000044650142188
                ],
                [
                    0.0,
                    0.0,
                    1.0,
                    -0.5800000000000001
                ],
                [
                    0.0,
                    0.0,
                    0.0,
                    1.0
                ]
            ],
            "radius": 0.04,
            "height": 0.96
        },
        "collider2": {
            "type": "Box",
            "collider2origin": [
                [
                    -0.10185784729211683,
                    -0.9483285341578016,
                    -0.3004962067100539,
                    0.01822146721578033
                ],
                [
                    0.30444401762642265,
                    -0.3172900743734282,
                    0.8981318660617643,
                    1.4902740523352511
                ],
                [
                    -0.9470685397987298,
                    -2.4939908056578085e-06,
                    0.32103143291161035,
                    -0.39419033582011453
                ],
                [
                    0.0,
                    0.0,
                    0.0,
                    1.0
                ]
            ],
            "size": [
                0.1202,
                0.13634,
                0.67816
            ]
        },
        "distance": 0.06979998787222103
    },
    {
        "case": 9,
        "collider1": {
            "type": "Box",
            "collider2origin": [
                [
                    0.907778172512869,
                    0.4194505805326725,
                    0.0,
                    0.3318610395686135
                ],
                [
                    -0.4194505805326725,
                    0.907778172512869,
                    0.0,
                    1.862570334354233
                ],
                [
                    0.0,
                    0.0,
                    1.0,
                    -0.21500000000000008
                ],
                [
                    0.0,
                    0.0,
                    0.0,
                    1.0
                ]
            ],
            "size": [
                0.3,
                0.46,
                0.22
            ]
        },
        "collider2": {
            "type": "Box",
            "collider2origin": [
                [
                    -0.10185784729211683,
                    -0.9483285341578016,
                    -0.3004962067100539,
                    0.01822146721578033
                ],
                [
                    0.30444401762642265,
                    -0.3172900743734282,
                    0.8981318660617643,
                    1.4902740523352511
                ],
                [
                    -0.9470685397987298,
                    -2.4939908056578085e-06,
                    0.32103143291161035,
                    -0.39419033582011453
                ],
                [
                    0.0,
                    0.0,
                    0.0,
                    1.0
                ]
            ],
            "size": [
                0.1202,
                0.13634,
                0.67816
            ]
        },
        "distance": 0.08048640745244344
    },
    {
        "case": 10,
        "collider1": {
            "type": "Box",
            "collider2origin": [
                [
                    0.8404842512412337,
                    -0.5418359746412772,
                    0.0,
                    0.011439976095501792
                ],
                [
                    0.5418359746412771,
                    0.8404842512412338,
                    0.0,
                    1.4325762997644957
                ],
                [
                    0.0,
                    0.0,
                    1.0,
                    -0.21500000000000008
                ],
                [
                    0.0,
                    0.0,
                    0.0,
                    1.0
                ]
            ],
            "size": [
                0.2,
                0.3,
                0.22
            ]
        },
        "collider2": {
            "type": "Box",
            "collider2origin": [
                [
                    -0.4024904057162708,
                    -0.4855790923518654,
                    -0.7760247537141393,
                    -0.1873485888869738
                ],
                [
                    0.7834617243542974,
                    -0.6211892556683379,
                    -0.017653189910246222,
                    1.5784147961054251
                ],
                [
                    -0.4734862192061588,
                    -0.61509093125566,
                    0.6304553485449248,
                    -0.2803957597433424
                ],
                [
                    0.0,
                    0.0,
                    0.0,
                    1.0
                ]
            ],
            "size": [
                0.08993,
                0.0305,
                0.09007
            ]
        },
        "distance": 0.01865301891024947
    },
    {
        "case": 11,
        "collider1": {
            "type": "Box",
            "collider2origin": [
                [
                    0.9081427509232697,
                    -0.4186606548811531,
                    0.0,
                    -0.09474126814702305
                ],
                [
                    0.41866065488115317,
                    0.9081427509232698,
                    0.0,
                    1.368923948110301
                ],
                [
                    0.0,
                    0.0,
                    1.0,
                    -0.21500000000000008
                ],
                [
                    0.0,
                    0.0,
                    0.0,
                    1.0
                ]
            ],
            "size": [
                0.2,
                0.3,
                0.22
            ]
        },
        "collider2": {
            "type": "Box",
            "collider2origin": [
                [
                    -0.4024904057162708,
                    -0.4855790923518654,
                    -0.7760247537141393,
                    -0.1873485888869738
                ],
                [
                    0.7834617243542974,
                    -0.6211892556683379,
                    -0.017653189910246222,
                    1.5784147961054251
                ],
                [
                    -0.4734862192061588,
                    -0.61509093125566,
                    0.6304553485449248,
                    -0.2803957597433424
                ],
                [
                    0.0,
                    0.0,
                    0.0,
                    1.0
                ]
            ],
            "size": [
                0.08993,
                0.0305,
                0.09007
            ]
        },
        "distance": 0.02003711984288435
    },
    {
        "case": 12,
        "collider1": {
            "type": "Cylinder",
            "collider2origin": [
                [
                    0.907778172512869,
                    0.4194505805326725,
                    0.0,
                    -0.1927378995604882
                ],
                [
                    -0.4194505805326725,
                    0.907778172512869,
                    0.0,
                    1.5211249462397922
                ],
                [
                    0.0,
                    0.0,
                    1.0,
                    -0.20999999999999996
                ],
                [
                    0.0,
                    0.0,
                    0.0,
                    1.0
                ]
            ],
            "radius": 0.04,
            "height": 0.22
        },
        "collider2": {
            "type": "Box",
            "collider2origin": [
                [
                    -0.4024904057162708,
                    -0.4855790923518654,
                    -0.7760247537141393,
                    -0.1873485888869738
                ],
                [
                    0.7834617243542974,
                    -0.6211892556683379,
                    -0.017653189910246222,
                    1.5784147961054251
                ],
                [
                    -0.4734862192061588,
                    -0.61509093125566,
                    0.6304553485449248,
                    -0.2803957597433424
                ],
                [
                    0.0,
                    0.0,
                    0.0,
                    1.0
                ]
            ],
            "size": [
                0.08993,
                0.0305,
                0.09007
            ]
        },
        "distance": 0.0
    },
    {
        "case": 13,
        "collider1": {
            "type": "Box",
            "collider2origin": [
                [
                    0.9798474486812189,
                    -0.1997472836183421,
                    0.0,
                    -0.20628161272202655
                ],
                [
                    0.19974728361834207,
                    0.9798474486812188,
                    0.0,
                    1.335871448475788
                ],
                [
                    0.0,
                    0.0,
                    1.0,
                    -0.21500000000000008
                ],
                [
                    0.0,
                    0.0,
                    0.0,
                    1.0
                ]
            ],
            "size": [
                0.2,
                0.3,
                0.22
            ]
        },
        "collider2": {
            "type": "Cylinder",
            "collider2origin": [
                [
                    -0.590874036837536,
                    0.7545476246762265,
                    0.28552715227588904,
                    -0.2702478942223345
                ],
                [
                    -0.5597620104391219,
                    -0.6383023322485893,
                    0.528428447677795,
                    1.4734166605900396
                ],
                [
                    0.5809770772246236,
                    0.1524073972662622,
                    0.7995233711393666,
                    -0.34818616457634366
                ],
                [
                    0.0,
                    0.0,
                    0.0,
                    1.0
                ]
            ],
            "radius": 0.01271,
            "height": 0.05982
        },
        "distance": 0.0
    },
    {
        "case": 14,
        "collider1": {
            "type": "Box",
            "collider2origin": [
                [
                    0.9984065575563776,
                    -0.05643000822632935,
                    0.0,
                    -0.3111399560290343
                ],
                [
                    0.05643000822632935,
                    0.9984065575563776,
                    0.0,
                    1.3240986306775833
                ],
                [
                    0.0,
                    0.0,
                    1.0,
                    -0.21500000000000008
                ],
                [
                    0.0,
                    0.0,
                    0.0,
                    1.0
                ]
            ],
            "size": [
                0.2,
                0.3,
                0.22
            ]
        },
        "collider2": {
            "type": "Cylinder",
            "collider2origin": [
                [
                    -0.590874036837536,
                    0.7545476246762265,
                    0.28552715227588904,
                    -0.2702478942223345
                ],
                [
                    -0.5597620104391219,
                    -0.6383023322485893,
                    0.528428447677795,
                    1.4734166605900396
                ],
                [
                    0.5809770772246236,
                    0.1524073972662622,
                    0.7995233711393666,
                    -0.34818616457634366
                ],
                [
                    0.0,
                    0.0,
                    0.0,
                    1.0
                ]
            ],
            "radius": 0.01271,
            "height": 0.05982
        },
        "distance": 0.0
    },
    {
        "case": 15,
        "collider1": {
            "type": "Box",
            "collider2origin": [
                [
                    0.8404842512412337,
                    -0.5418359746412772,
                    0.0,
                    0.011439976095501792
                ],
                [
                    0.5418359746412771,
                    0.8404842512412338,
                    0.0,
                    1.4325762997644957
                ],
                [
                    0.0,
                    0.0,
                    1.0,
                    -0.21500000000000008
                ],
                [
                    0.0,
                    0.0,
                    0.0,
                    1.0
                ]
            ],
            "size": [
                0.2,
                0.3,
                0.22
            ]
        },
        "collider2": {
            "type": "Box",
            "collider2origin": [
                [
                    -0.834930014484965,
                    -0.4855752902986125,
                    0.25905309950578537,
                    -0.15135664150232947
                ],
                [
                    0.12104325838339206,
                    -0.621192034817652,
                    -0.7742538249689418,
                    1.627739656747007
                ],
                [
                    0.5368802478319235,
                    -0.6150911260378606,
                    0.5774274899564523,
                    -0.23721030534494147
                ],
                [
                    0.0,
                    0.0,
                    0.0,
                    1.0
                ]
            ],
            "size": [
                0.09126,
                0.11887,
                0.10009
            ]
        },
        "distance": 0.021970952282288823
    },
    {
        "case": 16,
        "collider1": {
            "type": "Box",
            "collider2origin": [
                [
                    0.9081427509232697,
                    -0.4186606548811531,
                    0.0,
                    -0.09474126814702305
                ],
                [
                    0.41866065488115317,
                    0.9081427509232698,
                    0.0,
                    1.368923948110301
                ],
                [
                    0.0,
                    0.0,
                    1.0,
                    -0.21500000000000008
                ],
                [
                    0.0,
                    0.0,
                    0.0,
                    1.0
                ]
            ],
            "size": [
                0.2,
                0.3,
                0.22
            ]
        },
        "collider2": {
            "type": "Box",
            "collider2origin": [
                [
                    -0.834930014484965,
                    -0.4855752902986125,
                    0.25905309950578537,
                    -0.15135664150232947
                ],
                [
                    0.12104325838339206,
                    -0.621192034817652,
                    -0.7742538249689418,
                    1.627739656747007
                ],
                [
                    0.5368802478319235,
                    -0.6150911260378606,
                    0.5774274899564523,
                    -0.23721030534494147
                ],
                [
                    0.0,
                    0.0,
                    0.0,
                    1.0
                ]
            ],
            "size": [
                0.09126,
                0.11887,
                0.10009
            ]
        },
        "distance": 0.025715857363476088
    },
    {
        "case": 17,
        "collider1": {
            "type": "Cylinder",
            "collider2origin": [
                [
                    0.907778172512869,
                    0.4194505805326725,
                    0.0,
                    -0.1927378995604882
                ],
                [
                    -0.4194505805326725,
                    0.907778172512869,
                    0.0,
                    1.5211249462397922
                ],
                [
                    0.0,
                    0.0,
                    1.0,
                    -0.20999999999999996
                ],
                [
                    0.0,
                    0.0,
                    0.0,
                    1.0
                ]
            ],
            "radius": 0.04,
            "height": 0.22
        },
        "collider2": {
            "type": "Box",
            "collider2origin": [
                [
                    -0.834930014484965,
                    -0.4855752902986125,
                    0.25905309950578537,
                    -0.15135664150232947
                ],
                [
                    0.12104325838339206,
                    -0.621192034817652,
                    -0.7742538249689418,
                    1.627739656747007
                ],
                [
                    0.5368802478319235,
                    -0.6150911260378606,
                    0.5774274899564523,
                    -0.23721030534494147
                ],
                [
                    0.0,
                    0.0,
                    0.0,
                    1.0
                ]
            ],
            "size": [
                0.09126,
                0.11887,
                0.10009
            ]
        },
        "distance": 0.0
    },
    {
        "case": 18,
        "collider1": {
            "type": "Box",
            "collider2origin": [
                [
                    0.9077781725128689,
                    0.4194505805326724,
                    0.0,
                    0.4158817547107895
                ],
                [
                    -0.4194505805326724,
                    0.9077781725128689,
                    0.0,
                    0.733173894971941
                ],
                [
                    0.0,
                    0.0,
                    1.0,
                    -0.6599999999999999
                ],
                [
                    0.0,
                    0.0,
                    0.0,
                    1.0
                ]
            ],
            "size": [
                0.6,
                1.0,
                0.8
            ]
        },
        "collider2": {
            "type": "Box",
            "collider2origin": [
                [
                    0.19782774041135856,
                    -0.9483283415768314,
                    -0.2480676151493235,
                    0.060045477983117906
                ],
                [
                    -0.5912591203754634,
                    -0.3172906499198724,
                    0.7414440613062178,
                    0.9670887147724714
                ],
                [
                    -0.7818419518653176,
                    -5.9633628019193725e-06,
                    -0.6234766733951389,
                    -0.289647616351034
                ],
                [
                    0.0,
                    0.0,
                    0.0,
                    1.0
                ]
            ],
            "size": [
                0.15068,
                0.17726,
                0.74884
            ]
        },
        "distance": 0.0
    },
    {
        "case": 19,
        "collider1": {
            "type": "Box",
            "collider2origin": [
                [
                    0.9077781725128689,
                    0.4194505805326724,
                    0.0,
                    0.27063700059322826
                ],
                [
                    -0.4194505805326724,
                    0.9077781725128689,
                    0.0,
                    0.8002854543438492
                ],
                [
                    0.0,
                    0.0,
                    1.0,
                    -0.25
                ],
                [
                    0.0,
                    0.0,
                    0.0,
                    1.0
                ]
            ],
            "size": [
                0.2,
                0.2,
                0.02
            ]
        },
        "collider2": {
            "type": "Box",
            "collider2origin": [
                [
                    0.19782774041135856,
                    -0.9483283415768314,
                    -0.2480676151493235,
                    0.060045477983117906
                ],
                [
                    -0.5912591203754634,
                    -0.3172906499198724,
                    0.7414440613062178,
                    0.9670887147724714
                ],
                [
                    -0.7818419518653176,
                    -5.9633628019193725e-06,
                    -0.6234766733951389,
                    -0.289647616351034
                ],
                [
                    0.0,
                    0.0,
                    0.0,
                    1.0
                ]
            ],
            "size": [
                0.15068,
                0.17726,
                0.74884
            ]
        },
        "distance": 0.0
    },
    {
        "case": 20,
        "collider1": {
            "type": "Box",
            "collider2origin": [
                [
                    0.8404842512412337,
                    -0.5418359746412772,
                    0.0,
                    0.011439976095501792
                ],
                [
                    0.5418359746412771,
                    0.8404842512412338,
                    0.0,
                    1.4325762997644957
                ],
                [
                    0.0,
                    0.0,
                    1.0,
                    -0.21500000000000008
                ],
                [
                    0.0,
                    0.0,
                    0.0,
                    1.0
                ]
            ],
            "size": [
                0.2,
                0.3,
                0.22
            ]
        },
        "collider2": {
            "type": "Box",
            "collider2origin": [
                [
                    0.19782774041135856,
                    -0.9483283415768314,
                    -0.2480676151493235,
                    0.060045477983117906
                ],
                [
                    -0.5912591203754634,
                    -0.3172906499198724,
                    0.7414440613062178,
                    0.9670887147724714
                ],
                [
                    -0.7818419518653176,
                    -5.9633628019193725e-06,
                    -0.6234766733951389,
                    -0.289647616351034
                ],
                [
                    0.0,
                    0.0,
                    0.0,
                    1.0
                ]
            ],
            "size": [
                0.15068,
                0.17726,
                0.74884
            ]
        },
        "distance": 0.07582975903261246
    },
    {
        "case": 21,
        "collider1": {
            "type": "Box",
            "collider2origin": [
                [
                    0.9081427509232697,
                    -0.4186606548811531,
                    0.0,
                    -0.09474126814702305
                ],
                [
                    0.41866065488115317,
                    0.9081427509232698,
                    0.0,
                    1.368923948110301
                ],
                [
                    0.0,
                    0.0,
                    1.0,
                    -0.21500000000000008
                ],
                [
                    0.0,
                    0.0,
                    0.0,
                    1.0
                ]
            ],
            "size": [
                0.2,
