[
    {
        "case": 0,
        "collider1": {
            "type": "Box",
            "collider2origin": [
                [
                    0.9081427509232697,
                    -0.4186606548811531,
                    0.0,
                    -0.09474126814702305
                ],
                [
                    0.41866065488115317,
                    0.9081427509232698,
                    0.0,
                    1.368923948110301
                ],
                [
                    0.0,
                    0.0,
                    1.0,
                    -0.21500000000000008
                ],
                [
                    0.0,
                    0.0,
                    0.0,
                    1.0
                ]
            ],
            "size": [
                0.2,
                0.3,
                0.22
            ]
        },
        "collider2": {
            "type": "Box",
            "collider2origin": [
                [
                    0.675317108243723,
                    -0.6494447118935546,
                    0.349525921080016,
                    0.29142548336843466
                ],
                [
                    0.57676992574387,
                    0.7604088151733441,
                    0.2985211660235864,
                    1.0222127538713541
                ],
                [
                    -0.45965558418314284,
                    -4.1104171418181883e-07,
                    0.8880972603994928,
                    0.16374735348928526
                ],
                [
                    0.0,
                    0.0,
                    0.0,
                    1.0
                ]
            ],
            "size": [
                0.15068,
                0.17726,
                0.74884
            ]
        },
        "distance": 0.2569282404370909
    },
    {
        "case": 1,
        "collider1": {
            "type": "Box",
            "collider2origin": [
                [
                    0.9081427509232697,
                    -0.4186606548811531,
                    0.0,
                    -0.09474126814702305
                ],
                [
                    0.41866065488115317,
                    0.9081427509232698,
                    0.0,
                    1.368923948110301
                ],
                [
                    0.0,
                    0.0,
                    1.0,
                    -0.21500000000000008
                ],
                [
                    0.0,
                    0.0,
                    0.0,
                    1.0
                ]
            ],
            "size": [
                0.2,
                0.3,
                0.22
            ]
        },
        "collider2": {
            "type": "Box",
            "collider2origin": [
                [
                    0.675317108243723,
                    -0.6494447118935546,
                    0.349525921080016,
                    0.29142548336843466
                ],
                [
                    0.57676992574387,
                    0.7604088151733441,
                    0.2985211660235864,
                    1.0222127538713541
                ],
                [
                    -0.45965558418314284,
                    -4.1104171418181883e-07,
                    0.8880972603994928,
                    0.16374735348928526
                ],
                [
                    0.0,
                    0.0,
                    0.0,
                    1.0
                ]
            ],
            "size": [
                0.15068,
                0.17726,
                0.74884
            ]
        },
        "distance": 0.2569282404370909
    }
]