[
    {
        "case": 0,
        "collider1": {
            "type": "Box",
            "collider2origin": [
                [
                    0.907778172512869,
                    0.4194505805326725,
                    0.0,
                    -0.7418785952877999
                ],
                [
                    -0.4194505805326725,
                    0.907778172512869,
                    0.0,
                    1.2791466490804724
                ],
                [
                    0.0,
                    0.0,
                    1.0,
                    0.27
                ],
                [
                    0.0,
                    0.0,
                    0.0,
                    1.0
                ]
            ],
            "size": [
                0.52,
                1.16,
                0.6
            ]
        },
        "collider2": {
            "type": "Box",
            "collider2origin": [
                [
                    0.3659923756978249,
                    -0.894773825198812,
                    -0.2557916782660221,
                    -0.19353112836789288
                ],
                [
                    -0.733397882525927,
                    -0.44651965432040147,
                    0.5125892548737983,
                    1.4307322337838007
                ],
                [
                    -0.5728674600966167,
                    -6.6839403853994005e-06,
                    -0.8196480178209279,
                    0.6446866575662953
                ],
                [
                    0.0,
                    0.0,
                    0.0,
                    1.0
                ]
            ],
            "size": [
                0.09102,
                0.10007,
                0.11882
            ]
        },
        "distance": 0.10159061366056876
    },
    {
        "case": 1,
        "collider1": {
            "type": "Box",
            "collider2origin": [
                [
                    0.8404842512412337,
                    -0.5418359746412772,
                    0.0,
                    0.011439976095501792
                ],
                [
                    0.5418359746412771,
                    0.8404842512412338,
                    0.0,
                    1.4325762997644957
                ],
                [
                    0.0,
                    0.0,
                    1.0,
                    -0.21500000000000008
                ],
                [
                    0.0,
                    0.0,
                    0.0,
                    1.0
                ]
            ],
            "size": [
                0.2,
                0.3,
                0.22
            ]
        },
        "collider2": {
            "type": "Box",
            "collider2origin": [
                [
                    -0.15862682657606877,
                    -0.8947744187907645,
                    -0.4173922248533813,
                    0.018635896694517207
                ],
                [
                    0.31787585846524885,
                    -0.4465184648724408,
                    0.836406718727761,
                    0.9729291252933312
                ],
                [
                    -0.934768671113547,
                    -2.3682733014854594e-06,
                    0.35525699359619134,
                    0.003958246265279408
                ],
                [
                    0.0,
                    0.0,
                    0.0,
                    1.0
                ]
            ],
            "size": [
                0.15068,
                0.17726,
                0.74884
            ]
        },
        "distance": 0.12002702024135198
    },
    {
        "case": 2,
        "collider1": {
            "type": "Box",
            "collider2origin": [
                [
                    0.9081427509232697,
                    -0.4186606548811531,
                    0.0,
                    -0.09474126814702305
                ],
                [
                    0.41866065488115317,
                    0.9081427509232698,
                    0.0,
                    1.368923948110301
                ],
                [
                    0.0,
                    0.0,
                    1.0,
                    -0.21500000000000008
                ],
                [
                    0.0,
                    0.0,
                    0.0,
                    1.0
                ]
            ],
            "size": [
                0.2,
                0.3,
                0.22
            ]
        },
        "collider2": {
            "type": "Box",
            "collider2origin": [
                [
                    -0.15862682657606877,
                    -0.8947744187907645,
                    -0.4173922248533813,
                    0.018635896694517207
                ],
                [
                    0.31787585846524885,
                    -0.4465184648724408,
                    0.836406718727761,
                    0.9729291252933312
                ],
                [
                    -0.934768671113547,
                    -2.3682733014854594e-06,
                    0.35525699359619134,
                    0.003958246265279408
                ],
                [
                    0.0,
                    0.0,
                    0.0,
                    1.0
                ]
            ],
            "size": [
                0.15068,
                0.17726,
                0.74884
            ]
        },
        "distance": 0.11690600199256228
    },
    {
        "case": 3,
        "collider1": {
            "type": "Box",
            "collider2origin": [
                [
                    0.9798474486812189,
                    -0.1997472836183421,
                    0.0,
                    -0.20628161272202655
                ],
                [
                    0.19974728361834207,
                    0.9798474486812188,
                    0.0,
                    1.335871448475788
                ],
                [
                    0.0,
                    0.0,
                    1.0,
                    -0.21500000000000008
                ],
                [
                    0.0,
                    0.0,
                    0.0,
                    1.0
                ]
            ],
            "size": [
                0.2,
                0.3,
                0.22
            ]
        },
        "collider2": {
            "type": "Box",
            "collider2origin": [
                [
                    -0.15862682657606877,
                    -0.8947744187907645,
                    -0.4173922248533813,
                    0.018635896694517207
                ],
                [
                    0.31787585846524885,
                    -0.4465184648724408,
                    0.836406718727761,
                    0.9729291252933312
                ],
                [
                    -0.934768671113547,
                    -2.3682733014854594e-06,
                    0.35525699359619134,
                    0.003958246265279408
                ],
                [
                    0.0,
                    0.0,
                    0.0,
                    1.0
                ]
            ],
            "size": [
                0.15068,
                0.17726,
                0.74884
            ]
        },
        "distance": 0.11689251418291077
    },
    {
        "case": 4,
        "collider1": {
            "type": "Box",
            "collider2origin": [
                [
                    0.9984065575563776,
                    -0.05643000822632935,
                    0.0,
                    -0.3111399560290343
                ],
                [
                    0.05643000822632935,
                    0.9984065575563776,
                    0.0,
                    1.3240986306775833
                ],
                [
                    0.0,
                    0.0,
                    1.0,
                    -0.21500000000000008
                ],
                [
                    0.0,
                    0.0,
                    0.0,
                    1.0
                ]
            ],
            "size": [
                0.2,
                0.3,
                0.22
            ]
        },
        "collider2": {
            "type": "Box",
            "collider2origin": [
                [
                    -0.15862682657606877,
                    -0.8947744187907645,
                    -0.4173922248533813,
                    0.018635896694517207
                ],
                [
                    0.31787585846524885,
                    -0.4465184648724408,
                    0.836406718727761,
                    0.9729291252933312
                ],
                [
                    -0.934768671113547,
                    -2.3682733014854594e-06,
                    0.35525699359619134,
                    0.003958246265279408
                ],
                [
                    0.0,
                    0.0,
                    0.0,
                    1.0
                ]
            ],
            "size": [
                0.15068,
                0.17726,
                0.74884
            ]
        },
        "distance": 0.12859849734194612
    },
    {
        "case": 5,
        "collider1": {
            "type": "Cylinder",
            "collider2origin": [
                [
                    0.907778172512869,
                    0.4194505805326725,
                    0.0,
                    -0.07232761537572224
                ],
                [
                    -0.4194505805326725,
                    0.907778172512869,
                    0.0,
                    1.2000044650142188
                ],
                [
                    0.0,
                    0.0,
                    1.0,
                    -0.5800000000000001
                ],
                [
                    0.0,
                    0.0,
                    0.0,
                    1.0
                ]
            ],
            "radius": 0.04,
            "height": 0.96
        },
        "collider2": {
            "type": "Box",
            "collider2origin": [
                [
                    -0.15862682657606877,
                    -0.8947744187907645,
                    -0.4173922248533813,
                    0.018635896694517207
                ],
                [
                    0.31787585846524885,
                    -0.4465184648724408,
                    0.836406718727761,
                    0.9729291252933312
                ],
                [
                    -0.934768671113547,
                    -2.3682733014854594e-06,
                    0.35525699359619134,
                    0.003958246265279408
                ],
                [
                    0.0,
                    0.0,
                    0.0,
                    1.0
                ]
            ],
            "size": [
                0.15068,
                0.17726,
                0.74884
            ]
        },
        "distance": 0.09423765377250796
    },
    {
        "case": 6,
        "collider1": {
            "type": "Box",
            "collider2origin": [
                [
                    0.8404842512412337,
                    -0.5418359746412772,
                    0.0,
                    0.011439976095501792
                ],
                [
                    0.5418359746412771,
                    0.8404842512412338,
                    0.0,
                    1.4325762997644957
                ],
                [
                    0.0,
                    0.0,
                    1.0,
                    -0.21500000000000008
                ],
                [
                    0.0,
                    0.0,
                    0.0,
                    1.0
                ]
            ],
            "size": [
                0.2,
                0.3,
                0.22
            ]
        },
        "collider2": {
            "type": "Box",
            "collider2origin": [
                [
                    -0.15862682657606877,
                    -0.8947744187907645,
                    -0.4173922248533813,
                    0.018635896694517207
                ],
                [
                    0.31787585846524885,
                    -0.4465184648724408,
                    0.836406718727761,
                    0.9729291252933312
                ],
                [
                    -0.934768671113547,
                    -2.3682733014854594e-06,
                    0.35525699359619134,
                    0.003958246265279408
                ],
                [
                    0.0,
                    0.0,
                    0.0,
                    1.0
                ]
            ],
            "size": [
                0.15068,
                0.17726,
                0.74884
            ]
        },
        "distance": 0.12002702024135198
    },
    {
        "case": 7,
        "collider1": {
            "type": "Box",
            "collider2origin": [
                [
                    0.9081427509232697,
                    -0.4186606548811531,
                    0.0,
                    -0.09474126814702305
                ],
                [
                    0.41866065488115317,
                    0.9081427509232698,
                    0.0,
                    1.368923948110301
                ],
                [
                    0.0,
                    0.0,
                    1.0,
                    -0.21500000000000008
                ],
                [
                    0.0,
                    0.0,
                    0.0,
                    1.0
                ]
            ],
            "size": [
                0.2,
                0.3,
                0.22
            ]
        },
        "collider2": {
            "type": "Box",
            "collider2origin": [
                [
                    -0.15862682657606877,
                    -0.8947744187907645,
                    -0.4173922248533813,
                    0.018635896694517207
                ],
                [
                    0.31787585846524885,
                    -0.4465184648724408,
                    0.836406718727761,
                    0.9729291252933312
                ],
                [
                    -0.934768671113547,
                    -2.3682733014854594e-06,
                    0.35525699359619134,
                    0.003958246265279408
                ],
                [
                    0.0,
                    0.0,
                    0.0,
                    1.0
                ]
            ],
            "size": [
                0.15068,
                0.17726,
                0.74884
            ]
        },
        "distance": 0.11690600199256228
    },
    {
        "case": 8,
        "collider1": {
            "type": "Box",
            "collider2origin": [
                [
                    0.9798474486812189,
                    -0.1997472836183421,
                    0.0,
                    -0.20628161272202655
                ],
                [
                    0.19974728361834207,
                    0.9798474486812188,
                    0.0,
                    1.335871448475788
                ],
                [
                    0.0,
                    0.0,
                    1.0,
                    -0.21500000000000008
                ],
                [
                    0.0,
                    0.0,
                    0.0,
                    1.0
                ]
            ],
            "size": [
                0.2,
                0.3,
                0.22
            ]
        },
        "collider2": {
            "type": "Box",
            "collider2origin": [
                [
                    -0.15862682657606877,
                    -0.8947744187907645,
                    -0.4173922248533813,
                    0.018635896694517207
                ],
                [
                    0.31787585846524885,
                    -0.4465184648724408,
                    0.836406718727761,
                    0.9729291252933312
                ],
                [
                    -0.934768671113547,
                    -2.3682733014854594e-06,
                    0.35525699359619134,
                    0.003958246265279408
                ],
                [
                    0.0,
                    0.0,
                    0.0,
                    1.0
                ]
            ],
            "size": [
                0.15068,
                0.17726,
                0.74884
            ]
        },
        "distance": 0.11689251418291077
    },
    {
        "case": 9,
        "collider1": {
            "type": "Box",
            "collider2origin": [
                [
                    0.9984065575563776,
                    -0.05643000822632935,
                    0.0,
                    -0.3111399560290343
                ],
                [
                    0.05643000822632935,
                    0.9984065575563776,
                    0.0,
                    1.3240986306775833
                ],
                [
                    0.0,
                    0.0,
                    1.0,
                    -0.21500000000000008
                ],
                [
                    0.0,
                    0.0,
                    0.0,
                    1.0
                ]
            ],
            "size": [
                0.2,
                0.3,
                0.22
            ]
        },
        "collider2": {
            "type": "Box",
            "collider2origin": [
                [
                    -0.15862682657606877,
                    -0.8947744187907645,
                    -0.4173922248533813,
                    0.018635896694517207
                ],
                [
                    0.31787585846524885,
                    -0.4465184648724408,
                    0.836406718727761,
                    0.9729291252933312
                ],
                [
                    -0.934768671113547,
                    -2.3682733014854594e-06,
                    0.35525699359619134,
                    0.003958246265279408
                ],
                [
                    0.0,
                    0.0,
                    0.0,
                    1.0
                ]
            ],
            "size": [
                0.15068,
                0.17726,
                0.74884
            ]
        },
        "distance": 0.12859849734194612
    },
    {
        "case": 10,
        "collider1": {
            "type": "Cylinder",
            "collider2origin": [
                [
                    0.907778172512869,
                    0.4194505805326725,
                    0.0,
                    -0.07232761537572224
                ],
                [
                    -0.4194505805326725,
                    0.907778172512869,
                    0.0,
                    1.2000044650142188
                ],
                [
                    0.0,
                    0.0,
                    1.0,
                    -0.5800000000000001
                ],
                [
                    0.0,
                    0.0,
                    0.0,
                    1.0
                ]
            ],
            "radius": 0.04,
            "height": 0.96
        },
        "collider2": {
            "type": "Box",
            "collider2origin": [
                [
                    -0.15862682657606877,
                    -0.8947744187907645,
                    -0.4173922248533813,
                    0.018635896694517207
                ],
                [
                    0.31787585846524885,
                    -0.4465184648724408,
                    0.836406718727761,
                    0.9729291252933312
                ],
                [
                    -0.934768671113547,
                    -2.3682733014854594e-06,
                    0.35525699359619134,
                    0.003958246265279408
                ],
                [
                    0.0,
                    0.0,
                    0.0,
                    1.0
                ]
            ],
            "size": [
                0.15068,
                0.17726,
                0.74884
            ]
        },
        "distance": 0.09423765377250796
    },
    {
        "case": 11,
        "collider1": {
            "type": "Box",
            "collider2origin": [
                [
                    0.907778172512869,
                    0.4194505805326725,
                    0.0,
                    -0.7418785952877999
                ],
                [
                    -0.4194505805326725,
                    0.907778172512869,
                    0.0,
                    1.2791466490804724
                ],
                [
                    0.0,
                    0.0,
                    1.0,
                    0.27
                ],
                [
                    0.0,
                    0.0,
                    0.0,
                    1.0
                ]
            ],
            "size": [
                0.52,
                1.16,
                0.6
            ]
        },
        "collider2": {
            "type": "Box",
            "collider2origin": [
                [
                    -0.22501764058296395,
                    -0.9401795992023694,
                    -0.2557916782660221,
                    -0.2270323565692664
                ],
                [
                    -0.8561362381891862,
                    0.0654446135842633,
                    0.5125892548737983,
                    1.484958401544576
                ],
                [
                    -0.46518577266049876,
                    0.33433414991065236,
                    -0.8196480178209279,
                    0.5556424611792234
                ],
                [
                    0.0,
                    0.0,
                    0.0,
                    1.0
                ]
            ],
            "size": [
                0.09126,
                0.11887,
                0.10009
            ]
        },
        "distance": 0.03923461803467165
    },
    {
        "case": 12,
        "collider1": {
            "type": "Box",
            "collider2origin": [
                [
                    0.907778172512869,
                    0.4194505805326725,
                    0.0,
                    -0.7418785952877999
                ],
                [
                    -0.4194505805326725,
                    0.907778172512869,
                    0.0,
                    1.2791466490804724
                ],
                [
                    0.0,
                    0.0,
                    1.0,
                    0.27
                ],
                [
                    0.0,
                    0.0,
                    0.0,
                    1.0
                ]
            ],
            "size": [
                0.52,
                1.16,
                0.6
            ]
        },
        "collider2": {
            "type": "Box",
            "collider2origin": [
                [
                    -0.22974747001450987,
                    -0.940177735599305,
                    0.2515589901102624,
                    -0.29795401598274723
                ],
                [
                    0.6028436113582638,
                    0.06544565156388053,
                    0.7951707030165949,
                    1.4925793407234675
                ],
                [
                    -0.7640652329915675,
                    0.33433918731543016,
                    0.5517441685770671,
                    0.578081547572121
                ],
                [
                    0.0,
                    0.0,
                    0.0,
                    1.0
                ]
            ],
            "size": [
                0.08993,
                0.0305,
                0.09007
            ]
        },
        "distance": 0.014972383556708841
    },
    {
        "case": 13,
        "collider1": {
            "type": "Box",
            "collider2origin": [
                [
                    0.907778172512869,
                    0.4194505805326725,
                    0.0,
                    -0.7418785952877999
                ],
                [
                    -0.4194505805326725,
                    0.907778172512869,
                    0.0,
                    1.2791466490804724
                ],
                [
                    0.0,
                    0.0,
                    1.0,
                    0.27
                ],
                [
                    0.0,
                    0.0,
                    0.0,
                    1.0
                ]
            ],
            "size": [
                0.52,
                1.16,
                0.6
            ]
        },
        "collider2": {
            "type": "Box",
            "collider2origin": [
                [
                    0.1936067119023262,
                    -0.9792136002553719,
                    -0.060474508524516635,
                    -0.3777678462096143
                ],
                [
                    0.677244598162644,
                    0.17799189207273403,
                    -0.7139038034748705,
                    1.5017429475843755
                ],
                [
                    0.7098282858310789,
                    0.09726053378056437,
                    0.6976275461898211,
                    0.6018628289050225
                ],
                [
                    0.0,
                    0.0,
                    0.0,
                    1.0
                ]
            ],
            "size": [
                0.06241,
                0.05638,
                0.02858
            ]
        },
        "distance": 0.0
    },
    {
        "case": 14,
        "collider1": {
            "type": "Box",
            "collider2origin": [
                [
                    0.907778172512869,
                    0.4194505805326725,
                    0.0,
                    -0.7418785952877999
                ],
                [
                    -0.4194505805326725,
                    0.907778172512869,
                    0.0,
                    1.2791466490804724
                ],
                [
                    0.0,
                    0.0,
                    1.0,
                    0.27
                ],
                [
                    0.0,
                    0.0,
                    0.0,
                    1.0
                ]
            ],
            "size": [
                0.52,
                1.16,
                0.6
            ]
        },
        "collider2": {
            "type": "Box",
            "collider2origin": [
                [
                    0.2019834540384421,
                    -0.979212908051127,
                    -0.01856784857636937,
                    -0.42751369080730167
                ],
                [
                    0.811800757498184,
                    0.17799676255169497,
                    -0.5561444800108064,
                    1.5135437986310172
                ],
                [
                    0.547888870502108,
                    0.09725858947758784,
                    0.8308781814157559,
                    0.6059231934006926
                ],
                [
                    0.0,
                    0.0,
                    0.0,
                    1.0
                ]
            ],
            "size": [
                0.07264,
                0.04753,
                0.03326
            ]
        },
        "distance": 0.0
    }
]