[
    {
        "case": 0,
        "collider1": {
            "type": "Box",
            "collider2origin": [
                [
                    0.9077781725128689,
                    0.4194505805326724,
                    0.0,
                    0.4158817547107895
                ],
                [
                    -0.4194505805326724,
                    0.9077781725128689,
                    0.0,
                    0.733173894971941
                ],
                [
                    0.0,
                    0.0,
                    1.0,
                    -0.6599999999999999
                ],
                [
                    0.0,
                    0.0,
                    0.0,
                    1.0
                ]
            ],
            "size": [
                0.6,
                1.0,
                0.8
            ]
        },
        "collider2": {
            "type": "Box",
            "collider2origin": [
                [
                    0.3702624731260634,
                    0.6172635160411044,
                    -0.6941840193775308,
                    0.19946730045985347
                ],
                [
                    0.2905019398253694,
                    -0.7867564754963207,
                    -0.544630949563376,
                    0.4992773308111751
                ],
                [
                    -0.8823345873036307,
                    -5.401898612676393e-06,
                    -0.47062264715858165,
                    -0.24378605550910815
                ],
                [
                    0.0,
                    0.0,
                    0.0,
                    1.0
                ]
            ],
            "size": [
                0.15068,
                0.17726,
                0.74884
            ]
        },
        "distance": 0.0
    },
    {
        "case": 1,
        "collider1": {
            "type": "Box",
            "collider2origin": [
                [
                    0.9077781725128689,
                    0.4194505805326724,
                    0.0,
                    0.27063700059322826
                ],
                [
                    -0.4194505805326724,
                    0.9077781725128689,
                    0.0,
                    0.8002854543438492
                ],
                [
                    0.0,
                    0.0,
                    1.0,
                    -0.25
                ],
                [
                    0.0,
                    0.0,
                    0.0,
                    1.0
                ]
            ],
            "size": [
                0.2,
                0.2,
                0.02
            ]
        },
        "collider2": {
            "type": "Box",
            "collider2origin": [
                [
                    0.3702624731260634,
                    0.6172635160411044,
                    -0.6941840193775308,
                    0.19946730045985347
                ],
                [
                    0.2905019398253694,
                    -0.7867564754963207,
                    -0.544630949563376,
                    0.4992773308111751
                ],
                [
                    -0.8823345873036307,
                    -5.401898612676393e-06,
                    -0.47062264715858165,
                    -0.24378605550910815
                ],
                [
                    0.0,
                    0.0,
                    0.0,
                    1.0
                ]
            ],
            "size": [
                0.15068,
                0.17726,
                0.74884
            ]
        },
        "distance": 0.0071424252810539796
    },
    {
        "case": 2,
        "collider1": {
            "type": "Box",
            "collider2origin": [
                [
                    0.907778172512869,
                    0.4194505805326725,
                    0.0,
                    0.9947946797881562
                ],
                [
                    -0.4194505805326725,
                    0.907778172512869,
                    0.0,
                    0.5317739604993647
                ],
                [
                    0.0,
                    0.0,
                    1.0,
                    -0.69
                ],
                [
                    0.0,
                    0.0,
                    0.0,
                    1.0
                ]
            ],
            "size": [
                0.6,
                1.2,
                0.75
            ]
        },
        "collider2": {
            "type": "Box",
            "collider2origin": [
                [
                    0.3702624731260634,
                    0.6172635160411044,
                    -0.6941840193775308,
                    0.19946730045985347
                ],
                [
                    0.2905019398253694,
                    -0.7867564754963207,
                    -0.544630949563376,
                    0.4992773308111751
                ],
                [
                    -0.8823345873036307,
                    -5.401898612676393e-06,
                    -0.47062264715858165,
                    -0.24378605550910815
                ],
                [
                    0.0,
                    0.0,
                    0.0,
                    1.0
                ]
            ],
            "size": [
                0.15068,
                0.17726,
                0.74884
            ]
        },
        "distance": 0.2413662131558507
    },
    {
        "case": 3,
        "collider1": {
            "type": "Box",
            "collider2origin": [
                [
                    0.9077781725128689,
                    0.4194505805326724,
                    0.0,
                    0.4158817547107895
                ],
                [
                    -0.4194505805326724,
                    0.9077781725128689,
                    0.0,
                    0.733173894971941
                ],
                [
                    0.0,
                    0.0,
                    1.0,
                    -0.6599999999999999
                ],
                [
                    0.0,
                    0.0,
                    0.0,
                    1.0
                ]
            ],
            "size": [
                0.6,
                1.0,
                0.8
            ]
        },
        "collider2": {
            "type": "Box",
            "collider2origin": [
                [
                    0.3702624731260634,
                    0.6172635160411044,
                    -0.6941840193775308,
                    0.19946730045985347
                ],
                [
                    0.2905019398253694,
                    -0.7867564754963207,
                    -0.544630949563376,
                    0.4992773308111751
                ],
                [
                    -0.8823345873036307,
                    -5.401898612676393e-06,
                    -0.47062264715858165,
                    -0.24378605550910815
                ],
                [
                    0.0,
                    0.0,
                    0.0,
                    1.0
                ]
            ],
            "size": [
                0.15068,
                0.17726,
                0.74884
            ]
        },
        "distance": 0.0
    },
    {
        "case": 4,
        "collider1": {
            "type": "Box",
            "collider2origin": [
                [
                    0.9077781725128689,
                    0.4194505805326724,
                    0.0,
                    0.27063700059322826
                ],
                [
                    -0.4194505805326724,
                    0.9077781725128689,
                    0.0,
                    0.8002854543438492
                ],
                [
                    0.0,
                    0.0,
                    1.0,
                    -0.25
                ],
                [
                    0.0,
                    0.0,
                    0.0,
                    1.0
                ]
            ],
            "size": [
                0.2,
                0.2,
                0.02
            ]
        },
        "collider2": {
            "type": "Box",
            "collider2origin": [
                [
                    0.3702624731260634,
                    0.6172635160411044,
                    -0.6941840193775308,
                    0.19946730045985347
                ],
                [
                    0.2905019398253694,
                    -0.7867564754963207,
                    -0.544630949563376,
                    0.4992773308111751
                ],
                [
                    -0.8823345873036307,
                    -5.401898612676393e-06,
                    -0.47062264715858165,
                    -0.24378605550910815
                ],
                [
                    0.0,
                    0.0,
                    0.0,
                    1.0
                ]
            ],
            "size": [
                0.15068,
                0.17726,
                0.74884
            ]
        },
        "distance": 0.0071424252810539796
    },
    {
        "case": 5,
        "collider1": {
            "type": "Box",
            "collider2origin": [
                [
                    0.907778172512869,
                    0.4194505805326725,
                    0.0,
                    0.9947946797881562
                ],
                [
                    -0.4194505805326725,
                    0.907778172512869,
                    0.0,
                    0.5317739604993647
                ],
                [
                    0.0,
                    0.0,
                    1.0,
                    -0.69
                ],
                [
                    0.0,
                    0.0,
                    0.0,
                    1.0
                ]
            ],
            "size": [
                0.6,
                1.2,
                0.75
            ]
        },
        "collider2": {
            "type": "Box",
            "collider2origin": [
                [
                    0.3702624731260634,
                    0.6172635160411044,
                    -0.6941840193775308,
                    0.19946730045985347
                ],
                [
                    0.2905019398253694,
                    -0.7867564754963207,
                    -0.544630949563376,
                    0.4992773308111751
                ],
                [
                    -0.8823345873036307,
                    -5.401898612676393e-06,
                    -0.47062264715858165,
                    -0.24378605550910815
                ],
                [
                    0.0,
                    0.0,
                    0.0,
                    1.0
                ]
            ],
            "size": [
                0.15068,
                0.17726,
                0.74884
            ]
        },
        "distance": 0.2413662131558507
    },
    {
        "case": 6,
        "collider1": {
            "type": "Box",
            "collider2origin": [
                [
                    0.9077781725128689,
                    0.4194505805326724,
                    0.0,
                    0.4158817547107895
                ],
                [
                    -0.4194505805326724,
                    0.9077781725128689,
                    0.0,
                    0.733173894971941
                ],
                [
                    0.0,
                    0.0,
                    1.0,
                    -0.6599999999999999
                ],
                [
                    0.0,
                    0.0,
                    0.0,
                    1.0
                ]
            ],
            "size": [
                0.6,
                1.0,
                0.8
            ]
        },
        "collider2": {
            "type": "Box",
            "collider2origin": [
                [
                    -0.7828857676230161,
                    0.6172663521516458,
                    0.0779238433005004,
                    -0.07318247764607744
                ],
                [
                    -0.6142312462671758,
                    -0.786754250386612,
                    0.06113694143210076,
                    0.4459469178920871
                ],
                [
                    0.09904469174263061,
                    -1.8061200897974455e-08,
                    0.9950829860054922,
                    -0.11171873302845947
                ],
                [
                    0.0,
                    0.0,
                    0.0,
                    1.0
                ]
            ],
            "size": [
                0.1202,
                0.13634,
                0.67816
            ]
        },
        "distance": 0.0
    }
]