[
    {
        "case": 0,
        "collider1": {
            "type": "Box",
            "collider2origin": [
                [
                    0.907778172512869,
                    0.4194505805326725,
                    0.0,
                    -1.612083837096907
                ],
                [
                    -0.4194505805326725,
                    0.907778172512869,
                    0.0,
                    -0.24654756573714753
                ],
                [
                    0.0,
                    0.0,
                    1.0,
                    -0.040000000000000036
                ],
                [
                    0.0,
                    0.0,
                    0.0,
                    1.0
                ]
            ],
            "size": [
                2.0,
                2.0,
                2.0
            ]
        },
        "collider2": {
            "type": "Box",
            "collider2origin": [
                [
                    -0.5946410133245813,
                    0.7754473315467241,
                    0.212328757518571,
                    -0.425965522024255
                ],
                [
                    -0.8013660088449243,
                    -0.5929814932823791,
                    -0.07864774944368097,
                    0.893362323931938
                ],
                [
                    0.06491983626189668,
                    -0.2169202264005472,
                    0.9740282491992024,
                    0.7102256891990852
                ],
                [
                    0.0,
                    0.0,
                    0.0,
                    1.0
                ]
            ],
            "size": [
                0.09126,
                0.11887,
                0.10009
            ]
        },
        "distance": 0.47418226990326934
    },
    {
        "case": 1,
        "collider1": {
            "type": "Box",
            "collider2origin": [
                [
                    0.907778172512869,
                    0.4194505805326725,
                    0.0,
                    -1.612083837096907
                ],
                [
                    -0.4194505805326725,
                    0.907778172512869,
                    0.0,
                    -0.24654756573714753
                ],
                [
                    0.0,
                    0.0,
                    1.0,
                    -0.040000000000000036
                ],
                [
                    0.0,
                    0.0,
                    0.0,
                    1.0
                ]
            ],
            "size": [
                2.0,
                2.0,
                2.0
            ]
        },
        "collider2": {
            "type": "Box",
            "collider2origin": [
                [
                    -0.5886332610037793,
                    0.7754457124323008,
                    -0.22846188108832952,
                    -0.36744633581705627
                ],
                [
                    -0.5546020742547745,
                    -0.5929833486996129,
                    -0.5837698925067091,
                    0.8482623931509164
                ],
                [
                    -0.5881559514893632,
                    -0.21692094236231466,
                    0.7791135228529198,
                    0.6984331900887493
                ],
                [
                    0.0,
                    0.0,
                    0.0,
                    1.0
                ]
            ],
            "size": [
                0.08993,
                0.0305,
                0.09007
            ]
        },
        "distance": 0.45073865372760347
    },
    {
        "case": 2,
        "collider1": {
            "type": "Box",
            "collider2origin": [
                [
                    0.907778172512869,
                    0.4194505805326725,
                    0.0,
                    -1.612083837096907
                ],
                [
                    -0.4194505805326725,
                    0.907778172512869,
                    0.0,
                    -0.24654756573714753
                ],
                [
                    0.0,
                    0.0,
                    1.0,
                    -0.040000000000000036
                ],
                [
                    0.0,
                    0.0,
                    0.0,
                    1.0
                ]
            ],
            "size": [
                2.0,
                2.0,
                2.0
            ]
        },
        "collider2": {
            "type": "Box",
            "collider2origin": [
                [
                    -0.9133834652318348,
                    -0.34734297772044576,
                    0.212328757518571,
                    -0.44926365668299867
                ],
                [
                    0.33832185220461186,
                    -0.9377381595244403,
                    -0.07864774944368097,
                    0.906948285622053
                ],
                [
                    0.2264265217723556,
                    -9.539956758497763e-08,
                    0.9740282491992024,
                    0.6041357311621494
                ],
                [
                    0.0,
                    0.0,
                    0.0,
                    1.0
                ]
            ],
            "size": [
                0.09102,
                0.10007,
                0.11882
            ]
        },
        "distance": 0.480473240358338
    },
    {
        "case": 3,
        "collider1": {
            "type": "Box",
            "collider2origin": [
                [
                    0.907778172512869,
                    0.4194505805326725,
                    0.0,
                    -0.7418785952877999
                ],
                [
                    -0.4194505805326725,
                    0.907778172512869,
                    0.0,
                    1.2791466490804724
                ],
                [
                    0.0,
                    0.0,
                    1.0,
                    0.27
                ],
                [
                    0.0,
                    0.0,
                    0.0,
                    1.0
                ]
            ],
            "size": [
                0.52,
                1.16,
                0.6
            ]
        },
        "collider2": {
            "type": "Box",
            "collider2origin": [
                [
                    -0.9133834652318348,
                    -0.34734297772044576,
                    0.212328757518571,
                    -0.44926365668299867
                ],
                [
                    0.33832185220461186,
                    -0.9377381595244403,
                    -0.07864774944368097,
                    0.906948285622053
                ],
                [
                    0.2264265217723556,
                    -9.539956758497763e-08,
                    0.9740282491992024,
                    0.6041357311621494
                ],
                [
                    0.0,
                    0.0,
                    0.0,
                    1.0
                ]
            ],
            "size": [
                0.09102,
                0.10007,
                0.11882
            ]
        },
        "distance": 0.10024044076525394
    },
    {
        "case": 4,
        "collider1": {
            "type": "Box",
            "collider2origin": [
                [
                    0.907778172512869,
                    0.4194505805326725,
                    0.0,
                    -1.612083837096907
                ],
                [
                    -0.4194505805326725,
                    0.907778172512869,
                    0.0,
                    -0.24654756573714753
                ],
                [
                    0.0,
                    0.0,
                    1.0,
                    -0.040000000000000036
                ],
                [
                    0.0,
                    0.0,
                    0.0,
                    1.0
                ]
            ],
            "size": [
                2.0,
                2.0,
                2.0
            ]
        },
        "collider2": {
            "type": "Cylinder",
            "collider2origin": [
                [
                    -0.1629734582197658,
                    0.5179958687499866,
                    -0.8397141965417976,
                    -0.2531552882822274
                ],
                [
                    -0.2343178530566975,
                    0.8064217701522469,
                    0.5429356060928556,
                    0.7538188611483921
                ],
                [
                    0.9584022097505771,
                    0.28524412103050106,
                    -0.010049664807680969,
                    0.7123545802278204
                ],
                [
                    0.0,
                    0.0,
                    0.0,
                    1.0
                ]
            ],
            "radius": 0.01271,
            "height": 0.05982
        },
        "distance": 0.46132377809925856
    },
    {
        "case": 5,
        "collider1": {
            "type": "Box",
            "collider2origin": [
                [
                    0.907778172512869,
                    0.4194505805326725,
                    0.0,
                    -1.612083837096907
                ],
                [
                    -0.4194505805326725,
                    0.907778172512869,
                    0.0,
                    -0.24654756573714753
                ],
                [
                    0.0,
                    0.0,
                    1.0,
                    -0.040000000000000036
                ],
                [
                    0.0,
                    0.0,
                    0.0,
                    1.0
                ]
            ],
            "size": [
                2.0,
                2.0,
                2.0
            ]
        },
        "collider2": {
            "type": "Box",
            "collider2origin": [
                [
                    -0.9060287783469942,
                    -0.3473446458004863,
                    -0.2417923692774189,
                    -0.34053074680820966
                ],
                [
                    0.33559952880831145,
                    -0.9377375416574295,
                    0.08956148295958477,
                    0.98585450221158
                ],
                [
                    -0.2578464835336955,
                    -1.2420612930412936e-07,
                    0.9661858987427274,
                    0.3196376940974046
                ],
                [
                    0.0,
                    0.0,
                    0.0,
                    1.0
                ]
            ],
            "size": [
                0.1202,
                0.13634,
                0.67816
            ]
        },
        "distance": 0.572786980575852
    },
    {
        "case": 6,
        "collider1": {
            "type": "Box",
            "collider2origin": [
                [
                    0.907778172512869,
                    0.4194505805326725,
                    0.0,
                    -0.7418785952877999
                ],
                [
                    -0.4194505805326725,
                    0.907778172512869,
                    0.0,
                    1.2791466490804724
                ],
                [
                    0.0,
                    0.0,
                    1.0,
                    0.27
                ],
                [
                    0.0,
                    0.0,
                    0.0,
                    1.0
                ]
            ],
            "size": [
                0.52,
                1.16,
                0.6
            ]
        },
        "collider2": {
            "type": "Box",
            "collider2origin": [
                [
                    -0.9060287783469942,
                    -0.3473446458004863,
                    -0.2417923692774189,
                    -0.34053074680820966
                ],
                [
                    0.33559952880831145,
                    -0.9377375416574295,
                    0.08956148295958477,
                    0.98585450221158
                ],
                [
                    -0.2578464835336955,
                    -1.2420612930412936e-07,
                    0.9661858987427274,
                    0.3196376940974046
                ],
                [
                    0.0,
                    0.0,
                    0.0,
                    1.0
                ]
            ],
            "size": [
                0.1202,
                0.13634,
                0.67816
            ]
        },
        "distance": 0.09027280611119969
    },
    {
        "case": 7,
        "collider1": {
            "type": "Box",
            "collider2origin": [
                [
                    0.907778172512869,
                    0.4194505805326725,
                    0.0,
                    -1.612083837096907
                ],
                [
                    -0.4194505805326725,
                    0.907778172512869,
                    0.0,
                    -0.24654756573714753
                ],
                [
                    0.0,
                    0.0,
                    1.0,
                    -0.040000000000000036
                ],
                [
                    0.0,
                    0.0,
                    0.0,
                    1.0
                ]
            ],
            "size": [
                2.0,
                2.0,
                2.0
            ]
        },
        "collider2": {
            "type": "Cylinder",
            "collider2origin": [
                [
                    -0.3267501858388745,
                    0.9229292901487933,
                    -0.20355795597250587,
                    -0.2831082211624319
                ],
                [
                    -0.4040352759825785,
                    0.05829931189508403,
                    0.9128837198648254,
                    0.6769061827225201
                ],
                [
                    0.8543944123272001,
                    0.38052952003491597,
                    0.3538466794616761,
                    0.6441828578194335
                ],
                [
                    0.0,
                    0.0,
                    0.0,
                    1.0
                ]
            ],
            "radius": 0.00796,
            "height": 0.03037
        },
        "distance": 0.37911874676840773
    },
    {
        "case": 8,
        "collider1": {
            "type": "Box",
            "collider2origin": [
                [
                    0.907778172512869,
                    0.4194505805326725,
                    0.0,
                    -1.612083837096907
                ],
                [
                    -0.4194505805326725,
                    0.907778172512869,
                    0.0,
                    -0.24654756573714753
                ],
                [
                    0.0,
                    0.0,
                    1.0,
                    -0.040000000000000036
                ],
                [
                    0.0,
                    0.0,
                    0.0,
                    1.0
                ]
            ],
            "size": [
                2.0,
                2.0,
                2.0
            ]
        },
        "collider2": {
            "type": "Cylinder",
            "collider2origin": [
                [
                    -0.3267501858388745,
                    0.9023948446325847,
                    0.28092322872057723,
                    -0.28356165034195485
                ],
                [
                    -0.4040352759825785,
                    -0.4020805469039841,
                    0.8216366164936139,
                    0.7014251398422028
                ],
                [
                    0.8543944123272001,
                    0.15496702288527708,
                    0.49597924351945577,
                    0.6556083006442139
                ],
                [
                    0.0,
                    0.0,
                    0.0,
                    1.0
                ]
            ],
            "radius": 0.00713,
            "height": 0.01426
        },
        "distance": 0.40804657285496804
    },
    {
        "case": 9,
        "collider1": {
            "type": "Box",
            "collider2origin": [
                [
                    0.907778172512869,
                    0.4194505805326725,
                    0.0,
                    -1.612083837096907
                ],
                [
                    -0.4194505805326725,
                    0.907778172512869,
                    0.0,
                    -0.24654756573714753
                ],
                [
                    0.0,
                    0.0,
                    1.0,
                    -0.040000000000000036
                ],
                [
                    0.0,
                    0.0,
                    0.0,
                    1.0
                ]
            ],
            "size": [
                2.0,
                2.0,
                2.0
            ]
        },
        "collider2": {
            "type": "Box",
            "collider2origin": [
                [
                    -0.041275758095073785,
                    0.6079895766196868,
                    0.792871355590231,
                    -0.3060520603524937
                ],
                [
                    -0.5314784337625292,
                    -0.6853263292611469,
                    0.49785389108328787,
                    0.7953462330419306
                ],
                [
                    0.8460655921611547,
                    -0.40084472946922445,
                    0.3514207117085425,
                    0.6772107616810339
                ],
                [
                    0.0,
                    0.0,
                    0.0,
                    1.0
                ]
            ],
            "size": [
                0.06241,
                0.05638,
                0.02858
            ]
        },
        "distance": 0.45646938274547916
    },
    {
        "case": 10,
        "collider1": {
            "type": "Box",
            "collider2origin": [
                [
                    0.907778172512869,
                    0.4194505805326725,
                    0.0,
                    -1.612083837096907
                ],
                [
                    -0.4194505805326725,
                    0.907778172512869,
                    0.0,
                    -0.24654756573714753
                ],
                [
                    0.0,
                    0.0,
                    1.0,
                    -0.040000000000000036
                ],
                [
                    0.0,
                    0.0,
                    0.0,
                    1.0
                ]
            ],
            "size": [
                2.0,
                2.0,
                2.0
            ]
        },
        "collider2": {
            "type": "Box",
            "collider2origin": [
                [
                    -0.20649964660255454,
                    0.6079856264004181,
                    0.7666233586602426,
                    -0.2770184780223564
                ],
                [
                    -0.6239979317573233,
                    -0.6853298472515266,
                    0.37543252606664457,
                    0.7583056260697042
                ],
                [
                    0.7536474488217968,
                    -0.4008447062849776,
                    0.5209021446756644,
                    0.656828410682972
                ],
                [
                    0.0,
                    0.0,
                    0.0,
                    1.0
                ]
            ],
            "size": [
                0.07264,
                0.04753,
                0.03326
            ]
        },
        "distance": 0.42871877550002996
    },
    {
        "case": 11,
        "collider1": {
            "type": "Box",
            "collider2origin": [
                [
                    0.907778172512869,
                    0.4194505805326725,
                    0.0,
                    -1.612083837096907
                ],
                [
                    -0.4194505805326725,
                    0.907778172512869,
                    0.0,
                    -0.24654756573714753
                ],
                [
                    0.0,
                    0.0,
                    1.0,
                    -0.040000000000000036
                ],
                [
                    0.0,
                    0.0,
                    0.0,
                    1.0
                ]
            ],
            "size": [
                2.0,
                2.0,
                2.0
            ]
        },
        "collider2": {
            "type": "Box",
            "collider2origin": [
                [
                    -0.23200216315857455,
                    -0.347347095063123,
                    -0.9085840587644886,
                    -0.033150778037475626
                ],
                [
                    0.08593879448420351,
                    -0.9377366344254487,
                    0.33654795803723736,
                    0.7372719907211017
                ],
                [
                    -0.9689115129320859,
                    -2.7644265446236143e-06,
                    0.24740751827706028,
                    -0.0283899842219697
                ],
                [
                    0.0,
                    0.0,
                    0.0,
                    1.0
                ]
            ],
            "size": [
                0.15068,
                0.17726,
                0.74884
            ]
        },
        "distance": 0.43725603969143506
    },
    {
        "case": 12,
        "collider1": {
            "type": "Box",
            "collider2origin": [
                [
                    0.907778172512869,
                    0.4194505805326725,
                    0.0,
                    -0.7418785952877999
                ],
                [
                    -0.4194505805326725,
                    0.907778172512869,
                    0.0,
                    1.2791466490804724
                ],
                [
                    0.0,
                    0.0,
                    1.0,
                    0.27
                ],
                [
                    0.0,
                    0.0,
                    0.0,
                    1.0
                ]
            ],
            "size": [
                0.52,
                1.16,
                0.6
            ]
        },
        "collider2": {
            "type": "Box",
            "collider2origin": [
                [
                    -0.23200216315857455,
                    -0.347347095063123,
                    -0.9085840587644886,
                    -0.033150778037475626
                ],
                [
                    0.08593879448420351,
                    -0.9377366344254487,
                    0.33654795803723736,
                    0.7372719907211017
                ],
                [
                    -0.9689115129320859,
                    -2.7644265446236143e-06,
                    0.24740751827706028,
                    -0.0283899842219697
                ],
                [
                    0.0,
                    0.0,
                    0.0,
                    1.0
                ]
            ],
            "size": [
                0.15068,
                0.17726,
                0.74884
            ]
        },
        "distance": 0.22348548481551014
    },
    {
        "case": 13,
        "collider1": {
            "type": "Box",
            "collider2origin": [
                [
                    0.907778172512869,
                    0.4194505805326725,
                    0.0,
                    -1.612083837096907
                ],
                [
                    -0.4194505805326725,
                    0.907778172512869,
                    0.0,
                    -0.24654756573714753
                ],
                [
                    0.0,
                    0.0,
                    1.0,
                    -0.040000000000000036
                ],
                [
                    0.0,
                    0.0,
                    0.0,
                    1.0
                ]
            ],
            "size": [
                2.0,
                2.0,
                2.0
            ]
        },
        "collider2": {
            "type": "Box",
            "collider2origin": [
                [
                    -0.23200216315857455,
                    -0.347347095063123,
                    -0.9085840587644886,
                    -0.033150778037475626
                ],
                [
                    0.08593879448420351,
                    -0.9377366344254487,
                    0.33654795803723736,
                    0.7372719907211017
                ],
                [
                    -0.9689115129320859,
                    -2.7644265446236143e-06,
                    0.24740751827706028,
                    -0.0283899842219697
                ],
                [
                    0.0,
                    0.0,
                    0.0,
                    1.0
                ]
            ],
            "size": [
                0.15068,
                0.17726,
                0.74884
            ]
        },
        "distance": 0.43725603969143506
    },
    {
        "case": 14,
        "collider1": {
            "type": "Box",
            "collider2origin": [
                [
                    0.907778172512869,
                    0.4194505805326725,
                    0.0,
                    -0.7418785952877999
                ],
                [
                    -0.4194505805326725,
                    0.907778172512869,
                    0.0,
                    1.2791466490804724
                ],
                [
                    0.0,
                    0.0,
                    1.0,
                    0.27
                ],
                [
                    0.0,
                    0.0,
                    0.0,
                    1.0
                ]
            ],
            "size": [
                0.52,
                1.16,
                0.6
            ]
        },
        "collider2": {
            "type": "Box",
            "collider2origin": [
                [
                    -0.23200216315857455,
                    -0.347347095063123,
                    -0.9085840587644886,
                    -0.033150778037475626
                ],
                [
                    0.08593879448420351,
                    -0.9377366344254487,
                    0.33654795803723736,
                    0.7372719907211017
                ],
                [
                    -0.9689115129320859,
                    -2.7644265446236143e-06,
                    0.24740751827706028,
                    -0.0283899842219697
                ],
                [
                    0.0,
                    0.0,
                    0.0,
                    1.0
                ]
            ],
            "size": [
                0.15068,
                0.17726,
                0.74884
            ]
        },
        "distance": 0.22348548481551014
    },
    {
        "case": 15,
        "collider1": {
            "type": "Box",
            "collider2origin": [
                [
                    0.907778172512869,
                    0.4194505805326725,
                    0.0,
                    -1.612083837096907
                ],
                [
                    -0.4194505805326725,
                    0.907778172512869,
                    0.0,
                    -0.24654756573714753
                ],
                [
                    0.0,
                    0.0,
                    1.0,
                    -0.040000000000000036
                ],
                [
                    0.0,
                    0.0,
                    0.0,
                    1.0
                ]
            ],
            "size": [
                2.0,
                2.0,
                2.0
            ]
        },
        "collider2": {
            "type": "Cylinder",
            "collider2origin": [
                [
                    -0.343394248928729,
                    0.8965176922915307,
                    0.27988643627539733,
                    -0.2792712266370883
                ],
                [
                    -0.3772952529199432,
                    -0.404585596503698,
                    0.8330418880379439,
                    0.7141006039865205
                ],
                [
                    0.8600748118197334,
                    0.18046196970557246,
                    0.4771842364991059,
                    0.6634023389233148
                ],
                [
                    0.0,
                    0.0,
                    0.0,
                    1.0
                ]
            ],
            "radius": 0.00713,
            "height": 0.01697
        },
        "distance": 0.42022225865336943
    }
]