[
    {
        "case": 0,
        "collider1": {
            "type": "Box",
            "collider2origin": [
                [
                    0.9077781725128689,
                    0.4194505805326724,
                    0.0,
                    0.4158817547107895
                ],
                [
                    -0.4194505805326724,
                    0.9077781725128689,
                    0.0,
                    0.733173894971941
                ],
                [
                    0.0,
                    0.0,
                    1.0,
                    -0.6599999999999999
                ],
                [
                    0.0,
                    0.0,
                    0.0,
                    1.0
                ]
            ],
            "size": [
                0.6,
                1.0,
                0.8
            ]
        },
        "collider2": {
            "type": "Box",
            "collider2origin": [
                [
                    -0.8587256190159979,
                    -0.2519892711250639,
                    0.4461969503296166,
                    -0.03995564715549638
                ],
                [
                    0.2236051851091069,
                    -0.9677300280748179,
                    -0.11618654807951823,
                    0.838715636340493
                ],
                [
                    0.4610759508344729,
                    -4.137473433776092e-07,
                    0.8873606750143457,
                    -0.2481861421842556
                ],
                [
                    0.0,
                    0.0,
                    0.0,
                    1.0
                ]
            ],
            "size": [
                0.1202,
                0.13634,
                0.67816
            ]
        },
        "distance": 0.07601273884135583
    },
    {
        "case": 1,
        "collider1": {
            "type": "Box",
            "collider2origin": [
                [
                    0.9077781725128689,
                    0.4194505805326724,
                    0.0,
                    0.27063700059322826
                ],
                [
                    -0.4194505805326724,
                    0.9077781725128689,
                    0.0,
                    0.8002854543438492
                ],
                [
                    0.0,
                    0.0,
                    1.0,
                    -0.25
                ],
                [
                    0.0,
                    0.0,
                    0.0,
                    1.0
                ]
            ],
            "size": [
                0.2,
                0.2,
                0.02
            ]
        },
        "collider2": {
            "type": "Box",
            "collider2origin": [
                [
                    -0.8587256190159979,
                    -0.2519892711250639,
                    0.4461969503296166,
                    -0.03995564715549638
                ],
                [
                    0.2236051851091069,
                    -0.9677300280748179,
                    -0.11618654807951823,
                    0.838715636340493
                ],
                [
                    0.4610759508344729,
                    -4.137473433776092e-07,
                    0.8873606750143457,
                    -0.2481861421842556
                ],
                [
                    0.0,
                    0.0,
                    0.0,
                    1.0
                ]
            ],
            "size": [
                0.1202,
                0.13634,
                0.67816
            ]
        },
        "distance": 0.10837934327408097
    },
    {
        "case": 2,
        "collider1": {
            "type": "Box",
            "collider2origin": [
                [
                    0.9077781725128689,
                    0.4194505805326724,
                    0.0,
                    0.4158817547107895
                ],
                [
                    -0.4194505805326724,
                    0.9077781725128689,
                    0.0,
                    0.733173894971941
                ],
                [
                    0.0,
                    0.0,
                    1.0,
                    -0.6599999999999999
                ],
                [
                    0.0,
                    0.0,
                    0.0,
                    1.0
                ]
            ],
            "size": [
                0.6,
                1.0,
                0.8
            ]
        },
        "collider2": {
            "type": "Box",
            "collider2origin": [
                [
                    0.6234265148053172,
                    -0.25199362886185056,
                    -0.7401611930186097,
                    0.0339294198254631
                ],
                [
                    -0.16233357458882053,
                    -0.9677288933252742,
                    0.19273971978981372,
                    0.6889235974026084
                ],
                [
                    -0.7648445536178652,
                    -6.039538480133422e-06,
                    -0.6442148777889348,
                    -0.2958701365418772
                ],
                [
                    0.0,
                    0.0,
                    0.0,
                    1.0
                ]
            ],
            "size": [
                0.15068,
                0.17726,
                0.74884
            ]
        },
        "distance": 0.0
    },
    {
        "case": 3,
        "collider1": {
            "type": "Box",
            "collider2origin": [
                [
                    0.9077781725128689,
                    0.4194505805326724,
                    0.0,
                    0.27063700059322826
                ],
                [
                    -0.4194505805326724,
                    0.9077781725128689,
                    0.0,
                    0.8002854543438492
                ],
                [
                    0.0,
                    0.0,
                    1.0,
                    -0.25
                ],
                [
                    0.0,
                    0.0,
                    0.0,
                    1.0
                ]
            ],
            "size": [
                0.2,
                0.2,
                0.02
            ]
        },
        "collider2": {
            "type": "Box",
            "collider2origin": [
                [
                    0.6234265148053172,
                    -0.25199362886185056,
                    -0.7401611930186097,
                    0.0339294198254631
                ],
                [
                    -0.16233357458882053,
                    -0.9677288933252742,
                    0.19273971978981372,
                    0.6889235974026084
                ],
                [
                    -0.7648445536178652,
                    -6.039538480133422e-06,
                    -0.6442148777889348,
                    -0.2958701365418772
                ],
                [
                    0.0,
                    0.0,
                    0.0,
                    1.0
                ]
            ],
            "size": [
                0.15068,
                0.17726,
                0.74884
            ]
        },
        "distance": 0.0
    },
    {
        "case": 4,
        "collider1": {
            "type": "Box",
            "collider2origin": [
                [
                    0.907778172512869,
                    0.4194505805326725,
                    0.0,
                    -1.612083837096907
                ],
                [
                    -0.4194505805326725,
                    0.907778172512869,
                    0.0,
                    -0.24654756573714753
                ],
                [
                    0.0,
                    0.0,
                    1.0,
                    -0.040000000000000036
                ],
                [
                    0.0,
                    0.0,
                    0.0,
                    1.0
                ]
            ],
            "size": [
                2.0,
                2.0,
                2.0
            ]
        },
        "collider2": {
            "type": "Box",
            "collider2origin": [
                [
                    0.6234265148053172,
                    -0.25199362886185056,
                    -0.7401611930186097,
                    0.0339294198254631
                ],
                [
                    -0.16233357458882053,
                    -0.9677288933252742,
                    0.19273971978981372,
                    0.6889235974026084
                ],
                [
                    -0.7648445536178652,
                    -6.039538480133422e-06,
                    -0.6442148777889348,
                    -0.2958701365418772
                ],
                [
                    0.0,
                    0.0,
                    0.0,
                    1.0
                ]
            ],
            "size": [
                0.15068,
                0.17726,
                0.74884
            ]
        },
        "distance": 0.3930621675051424
    },
    {
        "case": 5,
        "collider1": {
            "type": "Box",
            "collider2origin": [
                [
                    0.907778172512869,
                    0.4194505805326725,
                    0.0,
                    -0.7418785952877999
                ],
                [
                    -0.4194505805326725,
                    0.907778172512869,
                    0.0,
                    1.2791466490804724
                ],
                [
                    0.0,
                    0.0,
                    1.0,
                    0.27
                ],
                [
                    0.0,
                    0.0,
                    0.0,
                    1.0
                ]
            ],
            "size": [
                0.52,
                1.16,
                0.6
            ]
        },
        "collider2": {
            "type": "Box",
            "collider2origin": [
                [
                    0.6234265148053172,
                    -0.25199362886185056,
                    -0.7401611930186097,
                    0.0339294198254631
                ],
                [
                    -0.16233357458882053,
                    -0.9677288933252742,
                    0.19273971978981372,
                    0.6889235974026084
                ],
                [
                    -0.7648445536178652,
                    -6.039538480133422e-06,
                    -0.6442148777889348,
                    -0.2958701365418772
                ],
                [
                    0.0,
                    0.0,
                    0.0,
                    1.0
                ]
            ],
            "size": [
                0.15068,
                0.17726,
                0.74884
            ]
        },
        "distance": 0.5667837527212708
    },
    {
        "case": 6,
        "collider1": {
            "type": "Box",
            "collider2origin": [
                [
                    0.9077781725128689,
                    0.4194505805326724,
                    0.0,
                    0.4158817547107895
                ],
                [
                    -0.4194505805326724,
                    0.9077781725128689,
                    0.0,
                    0.733173894971941
                ],
                [
                    0.0,
                    0.0,
                    1.0,
                    -0.6599999999999999
                ],
                [
                    0.0,
                    0.0,
                    0.0,
                    1.0
                ]
            ],
            "size": [
                0.6,
                1.0,
                0.8
            ]
        },
        "collider2": {
            "type": "Box",
            "collider2origin": [
                [
                    0.6234265148053172,
                    -0.25199362886185056,
                    -0.7401611930186097,
                    0.0339294198254631
                ],
                [
                    -0.16233357458882053,
                    -0.9677288933252742,
                    0.19273971978981372,
                    0.6889235974026084
                ],
                [
                    -0.7648445536178652,
                    -6.039538480133422e-06,
                    -0.6442148777889348,
                    -0.2958701365418772
                ],
                [
                    0.0,
                    0.0,
                    0.0,
                    1.0
                ]
            ],
            "size": [
                0.15068,
                0.17726,
                0.74884
            ]
        },
        "distance": 0.0
    },
    {
        "case": 7,
        "collider1": {
            "type": "Box",
            "collider2origin": [
                [
                    0.9077781725128689,
                    0.4194505805326724,
                    0.0,
                    0.27063700059322826
                ],
                [
                    -0.4194505805326724,
                    0.9077781725128689,
                    0.0,
                    0.8002854543438492
                ],
                [
                    0.0,
                    0.0,
                    1.0,
                    -0.25
                ],
                [
                    0.0,
                    0.0,
                    0.0,
                    1.0
                ]
            ],
            "size": [
                0.2,
                0.2,
                0.02
            ]
        },
        "collider2": {
            "type": "Box",
            "collider2origin": [
                [
                    0.6234265148053172,
                    -0.25199362886185056,
                    -0.7401611930186097,
                    0.0339294198254631
                ],
                [
                    -0.16233357458882053,
                    -0.9677288933252742,
                    0.19273971978981372,
                    0.6889235974026084
                ],
                [
                    -0.7648445536178652,
                    -6.039538480133422e-06,
                    -0.6442148777889348,
                    -0.2958701365418772
                ],
                [
                    0.0,
                    0.0,
                    0.0,
                    1.0
                ]
            ],
            "size": [
                0.15068,
                0.17726,
                0.74884
            ]
        },
        "distance": 0.0
    },
    {
        "case": 8,
        "collider1": {
            "type": "Box",
            "collider2origin": [
                [
                    0.907778172512869,
                    0.4194505805326725,
                    0.0,
                    -1.612083837096907
                ],
                [
                    -0.4194505805326725,
                    0.907778172512869,
                    0.0,
                    -0.24654756573714753
                ],
                [
                    0.0,
                    0.0,
                    1.0,
                    -0.040000000000000036
                ],
                [
                    0.0,
                    0.0,
                    0.0,
                    1.0
                ]
            ],
            "size": [
                2.0,
                2.0,
                2.0
            ]
        },
        "collider2": {
            "type": "Box",
            "collider2origin": [
                [
                    0.6234265148053172,
                    -0.25199362886185056,
                    -0.7401611930186097,
                    0.0339294198254631
                ],
                [
                    -0.16233357458882053,
                    -0.9677288933252742,
                    0.19273971978981372,
                    0.6889235974026084
                ],
                [
                    -0.7648445536178652,
                    -6.039538480133422e-06,
                    -0.6442148777889348,
                    -0.2958701365418772
                ],
                [
                    0.0,
                    0.0,
                    0.0,
                    1.0
                ]
            ],
            "size": [
                0.15068,
                0.17726,
                0.74884
            ]
        },
        "distance": 0.3930621675051424
    },
    {
        "case": 9,
        "collider1": {
            "type": "Box",
            "collider2origin": [
                [
                    0.907778172512869,
                    0.4194505805326725,
                    0.0,
                    -0.7418785952877999
                ],
                [
                    -0.4194505805326725,
                    0.907778172512869,
                    0.0,
                    1.2791466490804724
                ],
                [
                    0.0,
                    0.0,
                    1.0,
                    0.27
                ],
                [
                    0.0,
                    0.0,
                    0.0,
                    1.0
                ]
            ],
            "size": [
                0.52,
                1.16,
                0.6
            ]
        },
        "collider2": {
            "type": "Box",
            "collider2origin": [
                [
                    0.6234265148053172,
                    -0.25199362886185056,
                    -0.7401611930186097,
                    0.0339294198254631
                ],
                [
                    -0.16233357458882053,
                    -0.9677288933252742,
                    0.19273971978981372,
                    0.6889235974026084
                ],
                [
                    -0.7648445536178652,
                    -6.039538480133422e-06,
                    -0.6442148777889348,
                    -0.2958701365418772
                ],
                [
                    0.0,
                    0.0,
                    0.0,
                    1.0
                ]
            ],
            "size": [
                0.15068,
                0.17726,
                0.74884
            ]
        },
        "distance": 0.5667837527212708
    }
]