[
    {
        "case": 0,
        "collider1": {
            "type": "Box",
            "collider2origin": [
                [
                    0.9077781725128689,
                    0.4194505805326724,
                    0.0,
                    0.4158817547107895
                ],
                [
                    -0.4194505805326724,
                    0.9077781725128689,
                    0.0,
                    0.733173894971941
                ],
                [
                    0.0,
                    0.0,
                    1.0,
                    -0.6599999999999999
                ],
                [
                    0.0,
                    0.0,
                    0.0,
                    1.0
                ]
            ],
            "size": [
                0.6,
                1.0,
                0.8
            ]
        },
        "collider2": {
            "type": "Box",
            "collider2origin": [
                [
                    -0.14662510457237424,
                    0.5524156105297192,
                    -0.8205717957328401,
                    0.5945806961968005
                ],
                [
                    -0.09716656131405102,
                    -0.8335688293319962,
                    -0.54380296627408,
                    0.9374001031997946
                ],
                [
                    -0.9844083187740456,
                    -3.027094048319837e-06,
                    0.1758984420604503,
                    -0.18591726732321878
                ],
                [
                    0.0,
                    0.0,
                    0.0,
                    1.0
                ]
            ],
            "size": [
                0.1202,
                0.13634,
                0.67816
            ]
        },
        "distance": 0.0
    },
    {
        "case": 1,
        "collider1": {
            "type": "Box",
            "collider2origin": [
                [
                    0.9077781725128689,
                    0.4194505805326724,
                    0.0,
                    0.27063700059322826
                ],
                [
                    -0.4194505805326724,
                    0.9077781725128689,
                    0.0,
                    0.8002854543438492
                ],
                [
                    0.0,
                    0.0,
                    1.0,
                    -0.25
                ],
                [
                    0.0,
                    0.0,
                    0.0,
                    1.0
                ]
            ],
            "size": [
                0.2,
                0.2,
                0.02
            ]
        },
        "collider2": {
            "type": "Box",
            "collider2origin": [
                [
                    -0.14662510457237424,
                    0.5524156105297192,
                    -0.8205717957328401,
                    0.5945806961968005
                ],
                [
                    -0.09716656131405102,
                    -0.8335688293319962,
                    -0.54380296627408,
                    0.9374001031997946
                ],
                [
                    -0.9844083187740456,
                    -3.027094048319837e-06,
                    0.1758984420604503,
                    -0.18591726732321878
                ],
                [
                    0.0,
                    0.0,
                    0.0,
                    1.0
                ]
            ],
            "size": [
                0.1202,
                0.13634,
                0.67816
            ]
        },
        "distance": 0.029755312366182167
    },
    {
        "case": 2,
        "collider1": {
            "type": "Box",
            "collider2origin": [
                [
                    0.9077781725128689,
                    0.4194505805326724,
                    0.0,
                    0.4158817547107895
                ],
                [
                    -0.4194505805326724,
                    0.9077781725128689,
                    0.0,
                    0.733173894971941
                ],
                [
                    0.0,
                    0.0,
                    1.0,
                    -0.6599999999999999
                ],
                [
                    0.0,
                    0.0,
                    0.0,
                    1.0
                ]
            ],
            "size": [
                0.6,
                1.0,
                0.8
            ]
        },
        "collider2": {
            "type": "Box",
            "collider2origin": [
                [
                    0.1806181303583581,
                    0.5524216137703829,
                    0.8137612989232019,
                    0.6405058697685927
                ],
                [
                    0.11969434172531707,
                    -0.8335648508780542,
                    0.5392985295173629,
                    0.8162698692548845
                ],
                [
                    0.9762429797672267,
                    -4.4691102862644085e-06,
                    -0.21667866631312102,
                    -0.16779428936214913
                ],
                [
                    0.0,
                    0.0,
                    0.0,
                    1.0
                ]
            ],
            "size": [
                0.15068,
                0.17726,
                0.74884
            ]
        },
        "distance": 0.0
    },
    {
        "case": 3,
        "collider1": {
            "type": "Box",
            "collider2origin": [
                [
                    0.9077781725128689,
                    0.4194505805326724,
                    0.0,
                    0.27063700059322826
                ],
                [
                    -0.4194505805326724,
                    0.9077781725128689,
                    0.0,
                    0.8002854543438492
                ],
                [
                    0.0,
                    0.0,
                    1.0,
                    -0.25
                ],
                [
                    0.0,
                    0.0,
                    0.0,
                    1.0
                ]
            ],
            "size": [
                0.2,
                0.2,
                0.02
            ]
        },
        "collider2": {
            "type": "Box",
            "collider2origin": [
                [
                    0.1806181303583581,
                    0.5524216137703829,
                    0.8137612989232019,
                    0.6405058697685927
                ],
                [
                    0.11969434172531707,
                    -0.8335648508780542,
                    0.5392985295173629,
                    0.8162698692548845
                ],
                [
                    0.9762429797672267,
                    -4.4691102862644085e-06,
                    -0.21667866631312102,
                    -0.16779428936214913
                ],
                [
                    0.0,
                    0.0,
                    0.0,
                    1.0
                ]
            ],
            "size": [
                0.15068,
                0.17726,
                0.74884
            ]
        },
        "distance": 0.055245833812944914
    },
    {
        "case": 4,
        "collider1": {
            "type": "Box",
            "collider2origin": [
                [
                    0.907778172512869,
                    0.4194505805326725,
                    0.0,
                    0.9947946797881562
                ],
                [
                    -0.4194505805326725,
                    0.907778172512869,
                    0.0,
                    0.5317739604993647
                ],
                [
                    0.0,
                    0.0,
                    1.0,
                    -0.69
                ],
                [
                    0.0,
                    0.0,
                    0.0,
                    1.0
                ]
            ],
            "size": [
                0.6,
                1.2,
                0.75
            ]
        },
        "collider2": {
            "type": "Box",
            "collider2origin": [
                [
                    0.1806181303583581,
                    0.5524216137703829,
                    0.8137612989232019,
                    0.6405058697685927
                ],
                [
                    0.11969434172531707,
                    -0.8335648508780542,
                    0.5392985295173629,
                    0.8162698692548845
                ],
                [
                    0.9762429797672267,
                    -4.4691102862644085e-06,
                    -0.21667866631312102,
                    -0.16779428936214913
                ],
                [
                    0.0,
                    0.0,
                    0.0,
                    1.0
                ]
            ],
            "size": [
                0.15068,
                0.17726,
                0.74884
            ]
        },
        "distance": 0.0
    },
    {
        "case": 5,
        "collider1": {
            "type": "Box",
            "collider2origin": [
                [
                    0.9077781725128689,
                    0.4194505805326724,
                    0.0,
                    0.4158817547107895
                ],
                [
                    -0.4194505805326724,
                    0.9077781725128689,
                    0.0,
                    0.733173894971941
                ],
                [
                    0.0,
                    0.0,
                    1.0,
                    -0.6599999999999999
                ],
                [
                    0.0,
                    0.0,
                    0.0,
                    1.0
                ]
            ],
            "size": [
                0.6,
                1.0,
                0.8
            ]
        },
        "collider2": {
            "type": "Box",
            "collider2origin": [
                [
                    0.1806181303583581,
                    0.5524216137703829,
                    0.8137612989232019,
                    0.6405058697685927
                ],
                [
                    0.11969434172531707,
                    -0.8335648508780542,
                    0.5392985295173629,
                    0.8162698692548845
                ],
                [
                    0.9762429797672267,
                    -4.4691102862644085e-06,
                    -0.21667866631312102,
                    -0.16779428936214913
                ],
                [
                    0.0,
                    0.0,
                    0.0,
                    1.0
                ]
            ],
            "size": [
                0.15068,
                0.17726,
                0.74884
            ]
        },
        "distance": 0.0
    },
    {
        "case": 6,
        "collider1": {
            "type": "Box",
            "collider2origin": [
                [
                    0.9077781725128689,
                    0.4194505805326724,
                    0.0,
                    0.27063700059322826
                ],
                [
                    -0.4194505805326724,
                    0.9077781725128689,
                    0.0,
                    0.8002854543438492
                ],
                [
                    0.0,
                    0.0,
                    1.0,
                    -0.25
                ],
                [
                    0.0,
                    0.0,
                    0.0,
                    1.0
                ]
            ],
            "size": [
                0.2,
                0.2,
                0.02
            ]
        },
        "collider2": {
            "type": "Box",
            "collider2origin": [
                [
                    0.1806181303583581,
                    0.5524216137703829,
                    0.8137612989232019,
                    0.6405058697685927
                ],
                [
                    0.11969434172531707,
                    -0.8335648508780542,
                    0.5392985295173629,
                    0.8162698692548845
                ],
                [
                    0.9762429797672267,
                    -4.4691102862644085e-06,
                    -0.21667866631312102,
                    -0.16779428936214913
                ],
                [
                    0.0,
                    0.0,
                    0.0,
                    1.0
                ]
            ],
            "size": [
                0.15068,
                0.17726,
                0.74884
            ]
        },
        "distance": 0.055245833812944914
    },
    {
        "case": 7,
        "collider1": {
            "type": "Box",
            "collider2origin": [
                [
                    0.907778172512869,
                    0.4194505805326725,
                    0.0,
                    0.9947946797881562
                ],
                [
                    -0.4194505805326725,
                    0.907778172512869,
                    0.0,
                    0.5317739604993647
                ],
                [
                    0.0,
                    0.0,
                    1.0,
                    -0.69
                ],
                [
                    0.0,
                    0.0,
                    0.0,
                    1.0
                ]
            ],
            "size": [
                0.6,
                1.2,
                0.75
            ]
        },
        "collider2": {
            "type": "Box",
            "collider2origin": [
                [
                    0.1806181303583581,
                    0.5524216137703829,
                    0.8137612989232019,
                    0.6405058697685927
                ],
                [
                    0.11969434172531707,
                    -0.8335648508780542,
                    0.5392985295173629,
                    0.8162698692548845
                ],
                [
                    0.9762429797672267,
                    -4.4691102862644085e-06,
                    -0.21667866631312102,
                    -0.16779428936214913
                ],
                [
                    0.0,
                    0.0,
                    0.0,
                    1.0
                ]
            ],
            "size": [
                0.15068,
                0.17726,
                0.74884
            ]
        },
        "distance": 0.0
    }
]