[
    {
        "case": 0,
        "collider1": {
            "type": "Box",
            "collider2origin": [
                [
                    0.9081427509232697,
                    -0.4186606548811531,
                    0.0,
                    -0.09474126814702305
                ],
                [
                    0.41866065488115317,
                    0.9081427509232698,
                    0.0,
                    1.368923948110301
                ],
                [
                    0.0,
                    0.0,
                    1.0,
                    -0.21500000000000008
                ],
                [
                    0.0,
                    0.0,
                    0.0,
                    1.0
                ]
            ],
            "size": [
                0.2,
                0.3,
                0.22
            ]
        },
        "collider2": {
            "type": "Cylinder",
            "collider2origin": [
                [
                    -0.544406455597429,
                    0.39067123116557684,
                    -0.7422921259473365,
                    -0.19322227115547375
                ],
                [
                    -0.3250757558781643,
                    -0.9140296898909877,
                    -0.24264269809335745,
                    1.5010294334876706
                ],
                [
                    -0.7732705632856356,
                    0.1092049226791381,
                    0.624601409555373,
                    -0.21023595646727222
                ],
                [
                    0.0,
                    0.0,
                    0.0,
                    1.0
                ]
            ],
            "radius": 0.00683,
            "height": 0.01183
        },
        "distance": 0.0038639335737085455
    },
    {
        "case": 1,
        "collider1": {
            "type": "Box",
            "collider2origin": [
                [
                    0.9798474486812189,
                    -0.1997472836183421,
                    0.0,
                    -0.20628161272202655
                ],
                [
                    0.19974728361834207,
                    0.9798474486812188,
                    0.0,
                    1.335871448475788
                ],
                [
                    0.0,
                    0.0,
                    1.0,
                    -0.21500000000000008
                ],
                [
                    0.0,
                    0.0,
                    0.0,
                    1.0
                ]
            ],
            "size": [
                0.2,
                0.3,
                0.22
            ]
        },
        "collider2": {
            "type": "Cylinder",
            "collider2origin": [
                [
                    -0.544406455597429,
                    0.39067123116557684,
                    -0.7422921259473365,
                    -0.19322227115547375
                ],
                [
                    -0.3250757558781643,
                    -0.9140296898909877,
                    -0.24264269809335745,
                    1.5010294334876706
                ],
                [
                    -0.7732705632856356,
                    0.1092049226791381,
                    0.624601409555373,
                    -0.21023595646727222
                ],
                [
                    0.0,
                    0.0,
                    0.0,
                    1.0
                ]
            ],
            "radius": 0.00683,
            "height": 0.01183
        },
        "distance": 0.0018891752053348384
    },
    {
        "case": 2,
        "collider1": {
            "type": "Cylinder",
            "collider2origin": [
                [
                    0.907778172512869,
                    0.4194505805326725,
                    0.0,
                    -0.1927378995604882
                ],
                [
                    -0.4194505805326725,
                    0.907778172512869,
                    0.0,
                    1.5211249462397922
                ],
                [
                    0.0,
                    0.0,
                    1.0,
                    -0.20999999999999996
                ],
                [
                    0.0,
                    0.0,
                    0.0,
                    1.0
                ]
            ],
            "radius": 0.04,
            "height": 0.22
        },
        "collider2": {
            "type": "Cylinder",
            "collider2origin": [
                [
                    -0.544406455597429,
                    0.39067123116557684,
                    -0.7422921259473365,
                    -0.19322227115547375
                ],
                [
                    -0.3250757558781643,
                    -0.9140296898909877,
                    -0.24264269809335745,
                    1.5010294334876706
                ],
                [
                    -0.7732705632856356,
                    0.1092049226791381,
                    0.624601409555373,
                    -0.21023595646727222
                ],
                [
                    0.0,
                    0.0,
                    0.0,
                    1.0
                ]
            ],
            "radius": 0.00683,
            "height": 0.01183
        },
        "distance": 0.0
    },
    {
        "case": 3,
        "collider1": {
            "type": "Box",
            "collider2origin": [
                [
                    0.9081427509232697,
                    -0.4186606548811531,
                    0.0,
                    -0.09474126814702305
                ],
                [
                    0.41866065488115317,
                    0.9081427509232698,
                    0.0,
                    1.368923948110301
                ],
                [
                    0.0,
                    0.0,
                    1.0,
                    -0.21500000000000008
                ],
                [
                    0.0,
                    0.0,
                    0.0,
                    1.0
                ]
            ],
            "size": [
                0.2,
                0.3,
                0.22
            ]
        },
        "collider2": {
            "type": "Box",
            "collider2origin": [
                [
                    -0.541957622503177,
                    0.24384701020678692,
                    0.8042515595408658,
                    -0.2226017978136518
                ],
                [
                    -0.2767723406293971,
                    0.8518063837781993,
                    -0.4447729263536978,
                    1.4790414199313886
                ],
                [
                    -0.793523160892755,
                    -0.463642664309399,
                    -0.39415285481504864,
                    -0.1732086494686984
                ],
                [
                    0.0,
                    0.0,
                    0.0,
                    1.0
                ]
            ],
            "size": [
                0.07264,
                0.04753,
                0.03326
            ]
        },
        "distance": 0.0
    },
    {
        "case": 4,
        "collider1": {
            "type": "Box",
            "collider2origin": [
                [
                    0.9798474486812189,
                    -0.1997472836183421,
                    0.0,
                    -0.20628161272202655
                ],
                [
                    0.19974728361834207,
                    0.9798474486812188,
                    0.0,
                    1.335871448475788
                ],
                [
                    0.0,
                    0.0,
                    1.0,
                    -0.21500000000000008
                ],
                [
                    0.0,
                    0.0,
                    0.0,
                    1.0
                ]
            ],
            "size": [
                0.2,
                0.3,
                0.22
            ]
        },
        "collider2": {
            "type": "Box",
            "collider2origin": [
                [
                    -0.541957622503177,
                    0.24384701020678692,
                    0.8042515595408658,
                    -0.2226017978136518
                ],
                [
                    -0.2767723406293971,
                    0.8518063837781993,
                    -0.4447729263536978,
                    1.4790414199313886
                ],
                [
                    -0.793523160892755,
                    -0.463642664309399,
                    -0.39415285481504864,
                    -0.1732086494686984
                ],
                [
                    0.0,
                    0.0,
                    0.0,
                    1.0
                ]
            ],
            "size": [
                0.07264,
                0.04753,
                0.03326
            ]
        },
        "distance": 0.0
    },
    {
        "case": 5,
        "collider1": {
            "type": "Box",
            "collider2origin": [
                [
                    0.9984065575563776,
                    -0.05643000822632935,
                    0.0,
                    -0.3111399560290343
                ],
                [
                    0.05643000822632935,
                    0.9984065575563776,
                    0.0,
                    1.3240986306775833
                ],
                [
                    0.0,
                    0.0,
                    1.0,
                    -0.21500000000000008
                ],
                [
                    0.0,
                    0.0,
                    0.0,
                    1.0
                ]
            ],
            "size": [
                0.2,
                0.3,
                0.22
            ]
        },
        "collider2": {
            "type": "Box",
            "collider2origin": [
                [
                    -0.541957622503177,
                    0.24384701020678692,
                    0.8042515595408658,
                    -0.2226017978136518
                ],
                [
                    -0.2767723406293971,
                    0.8518063837781993,
                    -0.4447729263536978,
                    1.4790414199313886
                ],
                [
                    -0.793523160892755,
                    -0.463642664309399,
                    -0.39415285481504864,
                    -0.1732086494686984
                ],
                [
                    0.0,
                    0.0,
                    0.0,
                    1.0
                ]
            ],
            "size": [
                0.07264,
                0.04753,
                0.03326
            ]
        },
        "distance": 0.0
    },
    {
        "case": 6,
        "collider1": {
            "type": "Cylinder",
            "collider2origin": [
                [
                    0.907778172512869,
                    0.4194505805326725,
                    0.0,
                    -0.1927378995604882
                ],
                [
                    -0.4194505805326725,
                    0.907778172512869,
                    0.0,
                    1.5211249462397922
                ],
                [
                    0.0,
                    0.0,
                    1.0,
                    -0.20999999999999996
                ],
                [
                    0.0,
                    0.0,
                    0.0,
                    1.0
                ]
            ],
            "radius": 0.04,
            "height": 0.22
        },
        "collider2": {
            "type": "Box",
            "collider2origin": [
                [
                    -0.541957622503177,
                    0.24384701020678692,
                    0.8042515595408658,
                    -0.2226017978136518
                ],
                [
                    -0.2767723406293971,
                    0.8518063837781993,
                    -0.4447729263536978,
                    1.4790414199313886
                ],
                [
                    -0.793523160892755,
                    -0.463642664309399,
                    -0.39415285481504864,
                    -0.1732086494686984
                ],
                [
                    0.0,
                    0.0,
                    0.0,
                    1.0
                ]
            ],
            "size": [
                0.07264,
                0.04753,
                0.03326
            ]
        },
        "distance": 0.0
    },
    {
        "case": 7,
        "collider1": {
            "type": "Box",
            "collider2origin": [
                [
                    0.9081427509232697,
                    -0.4186606548811531,
                    0.0,
                    -0.09474126814702305
                ],
                [
                    0.41866065488115317,
                    0.9081427509232698,
                    0.0,
                    1.368923948110301
                ],
                [
                    0.0,
                    0.0,
                    1.0,
                    -0.21500000000000008
                ],
                [
                    0.0,
                    0.0,
                    0.0,
                    1.0
                ]
            ],
            "size": [
                0.2,
                0.3,
                0.22
            ]
        },
        "collider2": {
            "type": "Box",
            "collider2origin": [
                [
                    -0.3614027122667049,
                    0.2438521395298789,
                    0.8999578954667654,
                    -0.23231430300421158
                ],
                [
                    -0.3638240366182757,
                    0.8518052929566909,
                    -0.37690822924121625,
                    1.4349013277814868
                ],
                [
                    -0.8584987769036441,
                    -0.46364197063862367,
                    -0.21912547345591976,
                    -0.1489658111876404
                ],
                [
                    0.0,
                    0.0,
                    0.0,
                    1.0
                ]
            ],
            "size": [
                0.06241,
                0.05638,
                0.02858
            ]
        },
        "distance": 0.0
    },
    {
        "case": 8,
        "collider1": {
            "type": "Box",
            "collider2origin": [
                [
                    0.9798474486812189,
                    -0.1997472836183421,
                    0.0,
                    -0.20628161272202655
                ],
                [
                    0.19974728361834207,
                    0.9798474486812188,
                    0.0,
                    1.335871448475788
                ],
                [
                    0.0,
                    0.0,
                    1.0,
                    -0.21500000000000008
                ],
                [
                    0.0,
                    0.0,
                    0.0,
                    1.0
                ]
            ],
            "size": [
                0.2,
                0.3,
                0.22
            ]
        },
        "collider2": {
            "type": "Box",
            "collider2origin": [
                [
                    -0.3614027122667049,
                    0.2438521395298789,
                    0.8999578954667654,
                    -0.23231430300421158
                ],
                [
                    -0.3638240366182757,
                    0.8518052929566909,
                    -0.37690822924121625,
                    1.4349013277814868
                ],
                [
                    -0.8584987769036441,
                    -0.46364197063862367,
                    -0.21912547345591976,
                    -0.1489658111876404
                ],
                [
                    0.0,
                    0.0,
                    0.0,
                    1.0
                ]
            ],
            "size": [
                0.06241,
                0.05638,
                0.02858
            ]
        },
        "distance": 0.0
    },
    {
        "case": 9,
        "collider1": {
            "type": "Box",
            "collider2origin": [
                [
                    0.9984065575563776,
                    -0.05643000822632935,
                    0.0,
                    -0.3111399560290343
                ],
                [
                    0.05643000822632935,
                    0.9984065575563776,
                    0.0,
                    1.3240986306775833
                ],
                [
                    0.0,
                    0.0,
                    1.0,
                    -0.21500000000000008
                ],
                [
                    0.0,
                    0.0,
                    0.0,
                    1.0
                ]
            ],
            "size": [
                0.2,
                0.3,
                0.22
            ]
        },
        "collider2": {
            "type": "Box",
            "collider2origin": [
                [
                    -0.3614027122667049,
                    0.2438521395298789,
                    0.8999578954667654,
                    -0.23231430300421158
                ],
                [
                    -0.3638240366182757,
                    0.8518052929566909,
                    -0.37690822924121625,
                    1.4349013277814868
                ],
                [
                    -0.8584987769036441,
                    -0.46364197063862367,
                    -0.21912547345591976,
                    -0.1489658111876404
                ],
                [
                    0.0,
                    0.0,
                    0.0,
                    1.0
                ]
            ],
            "size": [
                0.06241,
                0.05638,
                0.02858
            ]
        },
        "distance": 0.0
    },
    {
        "case": 10,
        "collider1": {
            "type": "Box",
            "collider2origin": [
                [
                    0.9077781725128689,
                    0.4194505805326724,
                    0.0,
                    0.4158817547107895
                ],
                [
                    -0.4194505805326724,
                    0.9077781725128689,
                    0.0,
                    0.733173894971941
                ],
                [
                    0.0,
                    0.0,
                    1.0,
                    -0.6599999999999999
                ],
                [
                    0.0,
                    0.0,
                    0.0,
                    1.0
                ]
            ],
            "size": [
                0.6,
                1.0,
                0.8
            ]
        },
        "collider2": {
            "type": "Box",
            "collider2origin": [
                [
                    0.48057015762905014,
                    -0.8003774161394791,
                    -0.35839686847164437,
                    0.05274563740234137
                ],
                [
                    -0.6415943676173183,
                    -0.5994964484382682,
                    0.47849835501455645,
                    0.8389615267815724
                ],
                [
                    -0.5978369267936897,
                    -6.61771149484415e-06,
                    -0.8016177448872263,
                    -0.3431027913882748
                ],
                [
                    0.0,
                    0.0,
                    0.0,
                    1.0
                ]
            ],
            "size": [
                0.15068,
                0.17726,
                0.74884
            ]
        },
        "distance": 0.0
    },
    {
        "case": 11,
        "collider1": {
            "type": "Box",
            "collider2origin": [
                [
                    0.9077781725128689,
                    0.4194505805326724,
                    0.0,
                    0.27063700059322826
                ],
                [
                    -0.4194505805326724,
                    0.9077781725128689,
                    0.0,
                    0.8002854543438492
                ],
                [
                    0.0,
                    0.0,
                    1.0,
                    -0.25
                ],
                [
                    0.0,
                    0.0,
                    0.0,
                    1.0
                ]
            ],
            "size": [
                0.2,
                0.2,
                0.02
            ]
        },
        "collider2": {
            "type": "Box",
            "collider2origin": [
                [
                    0.48057015762905014,
                    -0.8003774161394791,
                    -0.35839686847164437,
                    0.05274563740234137
                ],
                [
                    -0.6415943676173183,
                    -0.5994964484382682,
                    0.47849835501455645,
                    0.8389615267815724
                ],
                [
                    -0.5978369267936897,
                    -6.61771149484415e-06,
                    -0.8016177448872263,
                    -0.3431027913882748
                ],
                [
                    0.0,
                    0.0,
                    0.0,
                    1.0
                ]
            ],
            "size": [
                0.15068,
                0.17726,
                0.74884
            ]
        },
        "distance": 0.0
    },
    {
        "case": 12,
        "collider1": {
            "type": "Box",
            "collider2origin": [
                [
                    0.9077781725128689,
                    0.4194505805326724,
                    0.0,
                    0.4158817547107895
                ],
                [
                    -0.4194505805326724,
                    0.9077781725128689,
                    0.0,
                    0.733173894971941
                ],
                [
                    0.0,
                    0.0,
                    1.0,
                    -0.6599999999999999
                ],
                [
                    0.0,
                    0.0,
                    0.0,
                    1.0
                ]
            ],
            "size": [
                0.6,
                1.0,
                0.8
            ]
        },
        "collider2": {
            "type": "Box",
            "collider2origin": [
                [
                    0.48057015762905014,
                    -0.8003774161394791,
                    -0.35839686847164437,
                    0.05274563740234137
                ],
                [
                    -0.6415943676173183,
                    -0.5994964484382682,
                    0.47849835501455645,
                    0.8389615267815724
                ],
                [
                    -0.5978369267936897,
                    -6.61771149484415e-06,
                    -0.8016177448872263,
                    -0.3431027913882748
                ],
                [
                    0.0,
                    0.0,
                    0.0,
                    1.0
                ]
            ],
            "size": [
                0.15068,
                0.17726,
                0.74884
            ]
        },
        "distance": 0.0
    },
    {
        "case": 13,
        "collider1": {
            "type": "Box",
            "collider2origin": [
                [
                    0.9077781725128689,
                    0.4194505805326724,
                    0.0,
                    0.27063700059322826
                ],
                [
                    -0.4194505805326724,
                    0.9077781725128689,
                    0.0,
                    0.8002854543438492
                ],
                [
                    0.0,
                    0.0,
                    1.0,
                    -0.25
                ],
                [
                    0.0,
                    0.0,
                    0.0,
                    1.0
                ]
            ],
            "size": [
                0.2,
                0.2,
                0.02
            ]
        },
        "collider2": {
            "type": "Box",
            "collider2origin": [
                [
                    0.48057015762905014,
                    -0.8003774161394791,
                    -0.35839686847164437,
                    0.05274563740234137
                ],
                [
                    -0.6415943676173183,
                    -0.5994964484382682,
                    0.47849835501455645,
                    0.8389615267815724
                ],
                [
                    -0.5978369267936897,
                    -6.61771149484415e-06,
                    -0.8016177448872263,
                    -0.3431027913882748
                ],
                [
                    0.0,
                    0.0,
                    0.0,
                    1.0
                ]
            ],
            "size": [
                0.15068,
                0.17726,
                0.74884
            ]
        },
        "distance": 0.0
    },
    {
        "case": 14,
        "collider1": {
            "type": "Box",
            "collider2origin": [
                [
                    0.9077781725128689,
                    0.4194505805326724,
                    0.0,
                    0.4158817547107895
                ],
                [
                    -0.4194505805326724,
                    0.9077781725128689,
                    0.0,
                    0.733173894971941
                ],
                [
                    0.0,
                    0.0,
                    1.0,
                    -0.6599999999999999
                ],
                [
                    0.0,
                    0.0,
                    0.0,
                    1.0
                ]
            ],
            "size": [
                0.6,
                1.0,
                0.8
            ]
        },
        "collider2": {
            "type": "Box",
            "collider2origin": [
                [
                    -0.5076737792476501,
                    -0.800377270865557,
                    -0.3188472332422079,
                    -0.04728511627893495
                ],
                [
                    0.6777867037052764,
                    -0.5994966424272,
                    0.4256864573824844,
                    1.183253251216314
                ],
                [
                    -0.5318576107801262,
                    -5.62610873939876e-07,
                    0.8468337982478847,
                    -0.3558111697047086
                ],
                [
                    0.0,
                    0.0,
                    0.0,
                    1.0
                ]
            ],
            "size": [
                0.1202,
                0.13634,
                0.67816
            ]
        },
        "distance": 0.07337873355312147
    },
    {
        "case": 15,
        "collider1": {
            "type": "Box",
            "collider2origin": [
                [
                    0.718022042059392,
                    -0.6960203640101781,
                    0.0,
                    0.13748258467077087
                ],
                [
                    0.6960203640101781,
                    0.718022042059392,
                    0.0,
                    1.5384737068316263
                ],
                [
                    0.0,
                    0.0,
                    1.0,
                    -0.21500000000000008
                ],
                [
                    0.0,
                    0.0,
                    0.0,
                    1.0
                ]
            ],
            "size": [
                0.2,
                0.3,
                0.22
            ]
        },
        "collider2": {
            "type": "Box",
            "collider2origin": [
                [
                    -0.5076737792476501,
                    -0.800377270865557,
                    -0.3188472332422079,
                    -0.04728511627893495
                ],
                [
                    0.6777867037052764,
                    -0.5994966424272,
                    0.4256864573824844,
                    1.183253251216314
                ],
                [
                    -0.5318576107801262,
                    -5.62610873939876e-07,
                    0.8468337982478847,
                    -0.3558111697047086
                ],
                [
                    0.0,
                    0.0,
                    0.0,
                    1.0
                ]
            ],
            "size": [
                0.1202,
                0.13634,
                0.67816
            ]
        },
        "distance": 0.1830581084304251
    },
    {
        "case": 16,
        "collider1": {
            "type": "Box",
            "collider2origin": [
                [
                    0.8404842512412337,
                    -0.5418359746412772,
                    0.0,
                    0.011439976095501792
                ],
                [
                    0.5418359746412771,
                    0.8404842512412338,
                    0.0,
                    1.4325762997644957
                ],
                [
                    0.0,
                    0.0,
                    1.0,
                    -0.21500000000000008
                ],
                [
                    0.0,
                    0.0,
                    0.0,
                    1.0
                ]
            ],
            "size": [
                0.2,
                0.3,
                0.22
            ]
        },
        "collider2": {
            "type": "Box",
            "collider2origin": [
                [
                    -0.5076737792476501,
                    -0.800377270865557,
                    -0.3188472332422079,
                    -0.04728511627893495
                ],
                [
                    0.6777867037052764,
                    -0.5994966424272,
                    0.4256864573824844,
                    1.183253251216314
                ],
                [
                    -0.5318576107801262,
                    -5.62610873939876e-07,
                    0.8468337982478847,
                    -0.3558111697047086
                ],
                [
                    0.0,
                    0.0,
                    0.0,
                    1.0
                ]
            ],
            "size": [
                0.1202,
                0.13634,
                0.67816
            ]
        },
        "distance": 0.018018099910477578
    },
    {
        "case": 17,
        "collider1": {
            "type": "Box",
            "collider2origin": [
                [
                    0.9081427509232697,
                    -0.4186606548811531,
                    0.0,
                    -0.09474126814702305
                ],
                [
                    0.41866065488115317,
                    0.9081427509232698,
                    0.0,
                    1.368923948110301
                ],
                [
                    0.0,
                    0.0,
                    1.0,
                    -0.21500000000000008
                ],
                [
                    0.0,
                    0.0,
                    0.0,
                    1.0
                ]
            ],
            "size": [
                0.2,
                0.3,
                0.22
            ]
        },
        "collider2": {
            "type": "Box",
            "collider2origin": [
                [
                    -0.5076737792476501,
                    -0.800377270865557,
                    -0.3188472332422079,
                    -0.04728511627893495
                ],
                [
                    0.6777867037052764,
                    -0.5994966424272,
                    0.4256864573824844,
                    1.183253251216314
                ],
                [
                    -0.5318576107801262,
                    -5.62610873939876e-07,
                    0.8468337982478847,
                    -0.3558111697047086
                ],
                [
                    0.0,
                    0.0,
                    0.0,
                    1.0
                ]
            ],
            "size": [
                0.1202,
                0.13634,
                0.67816
            ]
        },
        "distance": 0.0
    },
    {
        "case": 18,
        "collider1": {
            "type": "Box",
            "collider2origin": [
                [
                    0.9798474486812189,
                    -0.1997472836183421,
                    0.0,
                    -0.20628161272202655
                ],
                [
                    0.19974728361834207,
                    0.9798474486812188,
                    0.0,
                    1.335871448475788
                ],
                [
                    0.0,
                    0.0,
                    1.0,
                    -0.21500000000000008
                ],
                [
                    0.0,
                    0.0,
                    0.0,
                    1.0
                ]
            ],
            "size": [
                0.2,
                0.3,
                0.22
            ]
        },
        "collider2": {
            "type": "Box",
            "collider2origin": [
                [
                    -0.5076737792476501,
                    -0.800377270865557,
                    -0.3188472332422079,
                    -0.04728511627893495
                ],
                [
                    0.6777867037052764,
                    -0.5994966424272,
                    0.4256864573824844,
                    1.183253251216314
                ],
                [
                    -0.5318576107801262,
                    -5.62610873939876e-07,
                    0.8468337982478847,
                    -0.3558111697047086
                ],
                [
                    0.0,
                    0.0,
                    0.0,
                    1.0
                ]
            ],
            "size": [
                0.1202,
                0.13634,
                0.67816
            ]
        },
        "distance": 0.0
    },
    {
        "case": 19,
        "collider1": {
            "type": "Box",
            "collider2origin": [
                [
                    0.9984065575563776,
                    -0.05643000822632935,
                    0.0,
                    -0.3111399560290343
                ],
                [
                    0.05643000822632935,
                    0.9984065575563776,
                    0.0,
                    1.3240986306775833
                ],
                [
                    0.0,
                    0.0,
                    1.0,
                    -0.21500000000000008
                ],
                [
                    0.0,
                    0.0,
                    0.0,
                    1.0
                ]
            ],
            "size": [
                0.2,
                0.3,
                0.22
            ]
        },
        "collider2": {
            "type": "Box",
            "collider2origin": [
                [
                    -0.5076737792476501,
                    -0.800377270865557,
                    -0.3188472332422079,
                    -0.04728511627893495
                ],
                [
                    0.6777867037052764,
                    -0.5994966424272,
                    0.4256864573824844,
                    1.183253251216314
                ],
                [
                    -0.5318576107801262,
                    -5.62610873939876e-07,
                    0.8468337982478847,
                    -0.3558111697047086
                ],
                [
                    0.0,
                    0.0,
                    0.0,
                    1.0
                ]
            ],
            "size": [
                0.1202,
                0.13634,
                0.67816
            ]
        },
        "distance": 0.0
    },
    {
        "case": 20,
        "collider1": {
            "type": "Cylinder",
            "collider2origin": [
                [
                    0.907778172512869,
                    0.4194505805326725,
                    0.0,
                    -0.07232761537572224
                ],
                [
                    -0.4194505805326725,
                    0.907778172512869,
                    0.0,
                    1.2000044650142188
                ],
                [
                    0.0,
                    0.0,
                    1.0,
                    -0.5800000000000001
                ],
                [
                    0.0,
                    0.0,
                    0.0,
                    1.0
                ]
            ],
            "radius": 0.04,
            "height": 0.96
        },
        "collider2": {
            "type": "Box",
            "collider2origin": [
                [
                    -0.5076737792476501,
                    -0.800377270865557,
                    -0.3188472332422079,
                    -0.04728511627893495
                ],
                [
                    0.6777867037052764,
                    -0.5994966424272,
                    0.4256864573824844,
                    1.183253251216314
                ],
                [
                    -0.5318576107801262,
                    -5.62610873939876e-07,
                    0.8468337982478847,
                    -0.3558111697047086
                ],
                [
                    0.0,
                    0.0,
                    0.0,
                    1.0
                ]
            ],
            "size": [
                0.1202,
                0.13634,
                0.67816
            ]
        },
        "distance": 0.0
    },
    {
        "case": 21,
        "collider1": {
            "type": "Box",
            "collider2origin": [
                [
                    0.9081427509232697,
                    -0.4186606548811531,
                    0.0,
                    -0.09474126814702305
                ],
                [
                    0.41866065488115317,
                    0.9081427509232698,
                    0.0,
                    1.368923948110301
                ],
                [
                    0.0,
                    0.0,
                    1.0,
                    -0.21500000000000008
                ],
                [
                    0.0,
                    0.0,
                    0.0,
                    1.0
                ]
            ],
            "size": [
                0.2,
                0.3,
                0.22
            ]
        },
        "collider2": {
            "type": "Cylinder",
            "collider2origin": [
