[
    {
        "case": 0,
        "collider1": {
            "type": "Box",
            "collider2origin": [
                [
                    0.907778172512869,
                    0.4194505805326725,
                    0.0,
                    -1.612083837096907
                ],
                [
                    -0.4194505805326725,
                    0.907778172512869,
                    0.0,
                    -0.24654756573714753
                ],
                [
                    0.0,
                    0.0,
                    1.0,
                    -0.040000000000000036
                ],
                [
                    0.0,
                    0.0,
                    0.0,
                    1.0
                ]
            ],
            "size": [
                2.0,
                2.0,
                2.0
            ]
        },
        "collider2": {
            "type": "Box",
            "collider2origin": [
                [
                    0.08393189243529377,
                    -0.7882291042846312,
                    -0.6096312956130767,
                    -0.20802468730963658
                ],
                [
                    -0.10749979085952045,
                    -0.6153818969885482,
                    0.7808642108740388,
                    1.372385766690967
                ],
                [
                    -0.9906559606631301,
                    -4.174173826145999e-06,
                    -0.1363846310446548,
                    0.23105135268959565
                ],
                [
                    0.0,
                    0.0,
                    0.0,
                    1.0
                ]
            ],
            "size": [
                0.1202,
                0.13634,
                0.67816
            ]
        },
        "distance": 0.8405451363977356
    },
    {
        "case": 1,
        "collider1": {
            "type": "Box",
            "collider2origin": [
                [
                    0.907778172512869,
                    0.4194505805326725,
                    0.0,
                    -0.2920556628501435
                ],
                [
                    -0.4194505805326725,
                    0.907778172512869,
                    0.0,
                    1.6804798391522473
                ],
                [
                    0.0,
                    0.0,
                    1.0,
                    0.18999999999999995
                ],
                [
                    0.0,
                    0.0,
                    0.0,
                    1.0
                ]
            ],
            "size": [
                0.04,
                0.04,
                0.86
            ]
        },
        "collider2": {
            "type": "Box",
            "collider2origin": [
                [
                    0.08393189243529377,
                    -0.7882291042846312,
                    -0.6096312956130767,
                    -0.20802468730963658
                ],
                [
                    -0.10749979085952045,
                    -0.6153818969885482,
                    0.7808642108740388,
                    1.372385766690967
                ],
                [
                    -0.9906559606631301,
                    -4.174173826145999e-06,
                    -0.1363846310446548,
                    0.23105135268959565
                ],
                [
                    0.0,
                    0.0,
                    0.0,
                    1.0
                ]
            ],
            "size": [
                0.1202,
                0.13634,
                0.67816
            ]
        },
        "distance": 0.028256060889244015
    },
    {
        "case": 2,
        "collider1": {
            "type": "Box",
            "collider2origin": [
                [
                    0.907778172512869,
                    0.4194505805326725,
                    0.0,
                    -0.7418785952877999
                ],
                [
                    -0.4194505805326725,
                    0.907778172512869,
                    0.0,
                    1.2791466490804724
                ],
                [
                    0.0,
                    0.0,
                    1.0,
                    0.27
                ],
                [
                    0.0,
                    0.0,
                    0.0,
                    1.0
                ]
            ],
            "size": [
                0.52,
                1.16,
                0.6
            ]
        },
        "collider2": {
            "type": "Box",
            "collider2origin": [
                [
                    0.08393189243529377,
                    -0.7882291042846312,
                    -0.6096312956130767,
                    -0.20802468730963658
                ],
                [
                    -0.10749979085952045,
                    -0.6153818969885482,
                    0.7808642108740388,
                    1.372385766690967
                ],
                [
                    -0.9906559606631301,
                    -4.174173826145999e-06,
                    -0.1363846310446548,
                    0.23105135268959565
                ],
                [
                    0.0,
                    0.0,
                    0.0,
                    1.0
                ]
            ],
            "size": [
                0.1202,
                0.13634,
                0.67816
            ]
        },
        "distance": 0.0
    },
    {
        "case": 3,
        "collider1": {
            "type": "Box",
            "collider2origin": [
                [
                    0.907778172512869,
                    0.4194505805326725,
                    0.0,
                    -0.7418785952877999
                ],
                [
                    -0.4194505805326725,
                    0.907778172512869,
                    0.0,
                    1.2791466490804724
                ],
                [
                    0.0,
                    0.0,
                    1.0,
                    0.27
                ],
                [
                    0.0,
                    0.0,
                    0.0,
                    1.0
                ]
            ],
            "size": [
                0.52,
                1.16,
                0.6
            ]
        },
        "collider2": {
            "type": "Box",
            "collider2origin": [
                [
                    0.6151708818600692,
                    -0.7882269245647154,
                    -0.016220403902345873,
                    -0.4742343255511586
                ],
                [
                    -0.7879527511170453,
                    -0.6153846889038591,
                    0.020788137717939234,
                    1.5317555627985642
                ],
                [
                    -0.0263675580701791,
                    -7.345133090158135e-06,
                    -0.9996523154714664,
                    0.18858467042612226
                ],
                [
                    0.0,
                    0.0,
                    0.0,
                    1.0
                ]
            ],
            "size": [
                0.09102,
                0.10007,
                0.11882
            ]
        },
        "distance": 0.0
    },
    {
        "case": 4,
        "collider1": {
            "type": "Box",
            "collider2origin": [
                [
                    0.907778172512869,
                    0.4194505805326725,
                    0.0,
                    -0.7418785952877999
                ],
                [
                    -0.4194505805326725,
                    0.907778172512869,
                    0.0,
                    1.2791466490804724
                ],
                [
                    0.0,
                    0.0,
                    1.0,
                    0.27
                ],
                [
                    0.0,
                    0.0,
                    0.0,
                    1.0
                ]
            ],
            "size": [
                0.52,
                1.16,
                0.6
            ]
        },
        "collider2": {
            "type": "Box",
            "collider2origin": [
                [
                    0.06675480315358902,
                    0.9844751977812275,
                    0.16233416525654262,
                    -0.4032805845165696
                ],
                [
                    0.26880363350824765,
                    -0.1744261221326985,
                    0.9472698319541862,
                    1.5190060463353312
                ],
                [
                    0.9608789741006347,
                    -0.01959879770194801,
                    -0.2762742917101567,
                    0.07373725331171954
                ],
                [
                    0.0,
                    0.0,
                    0.0,
                    1.0
                ]
            ],
            "size": [
                0.08993,
                0.0305,
                0.09007
            ]
        },
        "distance": 0.0
    },
    {
        "case": 5,
        "collider1": {
            "type": "Box",
            "collider2origin": [
                [
                    0.907778172512869,
                    0.4194505805326725,
                    0.0,
                    -0.7418785952877999
                ],
                [
                    -0.4194505805326725,
                    0.907778172512869,
                    0.0,
                    1.2791466490804724
                ],
                [
                    0.0,
                    0.0,
                    1.0,
                    0.27
                ],
                [
                    0.0,
                    0.0,
                    0.0,
                    1.0
                ]
            ],
            "size": [
                0.52,
                1.16,
                0.6
            ]
        },
        "collider2": {
            "type": "Cylinder",
            "collider2origin": [
                [
                    -0.44491975183272064,
                    -0.3930463651832693,
                    -0.8047117305254909,
                    -0.2700752578157723
                ],
                [
                    0.7778801063088726,
                    -0.6148690825797757,
                    -0.12976344437630138,
                    1.5316061032058108
                ],
                [
                    -0.4437893133436254,
                    -0.6837035659580287,
                    0.5793103479640835,
                    0.027684924692392476
                ],
                [
                    0.0,
                    0.0,
                    0.0,
                    1.0
                ]
            ],
            "radius": 0.01271,
            "height": 0.05982
        },
        "distance": 0.03281204266444484
    },
    {
        "case": 6,
        "collider1": {
            "type": "Box",
            "collider2origin": [
                [
                    0.907778172512869,
                    0.4194505805326725,
                    0.0,
                    -0.7418785952877999
                ],
                [
                    -0.4194505805326725,
                    0.907778172512869,
                    0.0,
                    1.2791466490804724
                ],
                [
                    0.0,
                    0.0,
                    1.0,
                    0.27
                ],
                [
                    0.0,
                    0.0,
                    0.0,
                    1.0
                ]
            ],
            "size": [
                0.52,
                1.16,
                0.6
            ]
        },
        "collider2": {
            "type": "Cylinder",
            "collider2origin": [
                [
                    -0.43666153349366804,
                    -0.3066241196554227,
                    -0.8457590403965514,
                    -0.2581883495939679
                ],
                [
                    0.7535630664121827,
                    -0.6381815338268151,
                    -0.15769284962204674,
                    1.5315374484850623
                ],
                [
                    -0.4913953704568514,
                    -0.7061911774639994,
                    0.5097299390516346,
                    0.01881650885551811
                ],
                [
                    0.0,
                    0.0,
                    0.0,
                    1.0
                ]
            ],
            "radius": 0.01169,
            "height": 0.05502
        },
        "distance": 0.045586733080158794
    },
    {
        "case": 7,
        "collider1": {
            "type": "Box",
            "collider2origin": [
                [
                    0.907778172512869,
                    0.4194505805326725,
                    0.0,
                    -0.7418785952877999
                ],
                [
                    -0.4194505805326725,
                    0.907778172512869,
                    0.0,
                    1.2791466490804724
                ],
                [
                    0.0,
                    0.0,
                    1.0,
                    0.27
                ],
                [
                    0.0,
                    0.0,
                    0.0,
                    1.0
                ]
            ],
            "size": [
                0.52,
                1.16,
                0.6
            ]
        },
        "collider2": {
            "type": "Box",
            "collider2origin": [
                [
                    0.1747763565849474,
                    0.9844745419136729,
                    -0.016220403902345828,
                    -0.4768872591252979
                ],
                [
                    0.9844501988609329,
                    -0.1744295252899861,
                    0.020788137717939182,
                    1.5310941227996582
                ],
                [
                    0.017636075004408575,
                    -0.01960145481779657,
                    -0.9996523154714663,
                    0.07922594425740215
                ],
                [
                    0.0,
                    0.0,
                    0.0,
                    1.0
                ]
            ],
            "size": [
                0.09126,
                0.11887,
                0.10009
            ]
        },
        "distance": 0.0
    },
    {
        "case": 8,
        "collider1": {
            "type": "Box",
            "collider2origin": [
                [
                    0.907778172512869,
                    0.4194505805326725,
                    0.0,
                    -0.7418785952877999
                ],
                [
                    -0.4194505805326725,
                    0.907778172512869,
                    0.0,
                    1.2791466490804724
                ],
                [
                    0.0,
                    0.0,
                    1.0,
                    0.27
                ],
                [
                    0.0,
                    0.0,
                    0.0,
                    1.0
                ]
            ],
            "size": [
                0.52,
                1.16,
                0.6
            ]
        },
        "collider2": {
            "type": "Box",
            "collider2origin": [
                [
                    0.2450592529440281,
                    0.9587426736615832,
                    0.14407792421725665,
                    -0.3205549360952575
                ],
                [
                    0.8618810853267748,
                    -0.14738295039126773,
                    -0.4852208370318667,
                    1.506268019219846
                ],
                [
                    -0.44396729305485433,
                    0.24308589353190313,
                    -0.8624397318441097,
                    0.07747600798375309
                ],
                [
                    0.0,
                    0.0,
                    0.0,
                    1.0
                ]
            ],
            "size": [
                0.06241,
                0.05638,
                0.02858
            ]
        },
        "distance": 0.0
    },
    {
        "case": 9,
        "collider1": {
            "type": "Box",
            "collider2origin": [
                [
                    0.907778172512869,
                    0.4194505805326725,
                    0.0,
                    -0.7418785952877999
                ],
                [
                    -0.4194505805326725,
                    0.907778172512869,
                    0.0,
                    1.2791466490804724
                ],
                [
                    0.0,
                    0.0,
                    1.0,
                    0.27
                ],
                [
                    0.0,
                    0.0,
                    0.0,
                    1.0
                ]
            ],
            "size": [
                0.52,
                1.16,
                0.6
            ]
        },
        "collider2": {
            "type": "Box",
            "collider2origin": [
                [
                    0.20942593881236105,
                    0.9587424741826621,
                    0.1922333070793618,
                    -0.27152805218727466
                ],
                [
                    0.9444210503002046,
                    -0.1473788158610319,
                    -0.2938509220425524,
                    1.5010460169027793
                ],
                [
                    -0.25339624287352686,
                    0.24308918699421186,
                    -0.9363215213077568,
                    0.09160013790646748
                ],
                [
                    0.0,
                    0.0,
                    0.0,
                    1.0
                ]
            ],
            "size": [
                0.07264,
                0.04753,
                0.03326
            ]
        },
        "distance": 0.03931112485484425
    },
    {
        "case": 10,
        "collider1": {
            "type": "Box",
            "collider2origin": [
                [
                    0.9081427509232697,
                    -0.4186606548811531,
                    0.0,
                    -0.09474126814702305
                ],
                [
                    0.41866065488115317,
                    0.9081427509232698,
                    0.0,
                    1.368923948110301
                ],
                [
                    0.0,
                    0.0,
                    1.0,
                    -0.21500000000000008
                ],
                [
                    0.0,
                    0.0,
                    0.0,
                    1.0
                ]
            ],
            "size": [
                0.2,
                0.3,
                0.22
            ]
        },
        "collider2": {
            "type": "Box",
            "collider2origin": [
                [
                    -0.3739805731847333,
                    -0.7882286601033072,
                    -0.48870656868121115,
                    0.015861690877332968
                ],
                [
                    0.4790246175748239,
                    -0.6153824659426599,
                    0.6259711146431798,
                    0.8803152458508068
                ],
                [
                    -0.7941498263159866,
                    -1.4409174787793558e-06,
                    0.607722019808573,
                    0.07967627332752514
                ],
                [
                    0.0,
                    0.0,
                    0.0,
                    1.0
                ]
            ],
            "size": [
                0.15068,
                0.17726,
                0.74884
            ]
        },
        "distance": 0.2682128197159397
    },
    {
        "case": 11,
        "collider1": {
            "type": "Box",
            "collider2origin": [
                [
                    0.9798474486812189,
                    -0.1997472836183421,
                    0.0,
                    -0.20628161272202655
                ],
                [
                    0.19974728361834207,
                    0.9798474486812188,
                    0.0,
                    1.335871448475788
                ],
                [
                    0.0,
                    0.0,
                    1.0,
                    -0.21500000000000008
                ],
                [
                    0.0,
                    0.0,
                    0.0,
                    1.0
                ]
            ],
            "size": [
                0.2,
                0.3,
                0.22
            ]
        },
        "collider2": {
            "type": "Box",
            "collider2origin": [
                [
                    -0.3739805731847333,
                    -0.7882286601033072,
                    -0.48870656868121115,
                    0.015861690877332968
                ],
                [
                    0.4790246175748239,
                    -0.6153824659426599,
                    0.6259711146431798,
                    0.8803152458508068
                ],
                [
                    -0.7941498263159866,
                    -1.4409174787793558e-06,
                    0.607722019808573,
                    0.07967627332752514
                ],
                [
                    0.0,
                    0.0,
                    0.0,
                    1.0
                ]
            ],
            "size": [
                0.15068,
                0.17726,
                0.74884
            ]
        },
        "distance": 0.26684463368388334
    },
    {
        "case": 12,
        "collider1": {
            "type": "Box",
            "collider2origin": [
                [
                    0.9984065575563776,
                    -0.05643000822632935,
                    0.0,
                    -0.3111399560290343
                ],
                [
                    0.05643000822632935,
                    0.9984065575563776,
                    0.0,
                    1.3240986306775833
                ],
                [
                    0.0,
                    0.0,
                    1.0,
                    -0.21500000000000008
                ],
                [
                    0.0,
                    0.0,
                    0.0,
                    1.0
                ]
            ],
            "size": [
                0.2,
                0.3,
                0.22
            ]
        },
        "collider2": {
            "type": "Box",
            "collider2origin": [
                [
                    -0.3739805731847333,
                    -0.7882286601033072,
                    -0.48870656868121115,
                    0.015861690877332968
                ],
                [
                    0.4790246175748239,
                    -0.6153824659426599,
                    0.6259711146431798,
                    0.8803152458508068
                ],
                [
                    -0.7941498263159866,
                    -1.4409174787793558e-06,
                    0.607722019808573,
                    0.07967627332752514
                ],
                [
                    0.0,
                    0.0,
                    0.0,
                    1.0
                ]
            ],
            "size": [
                0.15068,
                0.17726,
                0.74884
            ]
        },
        "distance": 0.29665597364140217
    },
    {
        "case": 13,
        "collider1": {
            "type": "Box",
            "collider2origin": [
                [
                    0.907778172512869,
                    0.4194505805326725,
                    0.0,
                    -0.7418785952877999
                ],
                [
                    -0.4194505805326725,
                    0.907778172512869,
                    0.0,
                    1.2791466490804724
                ],
                [
                    0.0,
                    0.0,
                    1.0,
                    0.27
                ],
                [
                    0.0,
                    0.0,
                    0.0,
                    1.0
                ]
            ],
            "size": [
                0.52,
                1.16,
                0.6
            ]
        },
        "collider2": {
            "type": "Box",
            "collider2origin": [
                [
                    -0.3739805731847333,
                    -0.7882286601033072,
                    -0.48870656868121115,
                    0.015861690877332968
                ],
                [
                    0.4790246175748239,
                    -0.6153824659426599,
                    0.6259711146431798,
                    0.8803152458508068
                ],
                [
                    -0.7941498263159866,
                    -1.4409174787793558e-06,
                    0.607722019808573,
                    0.07967627332752514
                ],
                [
                    0.0,
                    0.0,
                    0.0,
                    1.0
                ]
            ],
            "size": [
                0.15068,
                0.17726,
                0.74884
            ]
        },
        "distance": 0.24947858071522974
    },
    {
        "case": 14,
        "collider1": {
            "type": "Cylinder",
            "collider2origin": [
                [
                    0.907778172512869,
                    0.4194505805326725,
                    0.0,
                    -0.07232761537572224
                ],
                [
                    -0.4194505805326725,
                    0.907778172512869,
                    0.0,
                    1.2000044650142188
                ],
                [
                    0.0,
                    0.0,
                    1.0,
                    -0.5800000000000001
                ],
                [
                    0.0,
                    0.0,
                    0.0,
                    1.0
                ]
            ],
            "radius": 0.04,
            "height": 0.96
        },
        "collider2": {
            "type": "Box",
            "collider2origin": [
                [
                    -0.3739805731847333,
                    -0.7882286601033072,
                    -0.48870656868121115,
                    0.015861690877332968
                ],
                [
                    0.4790246175748239,
                    -0.6153824659426599,
                    0.6259711146431798,
                    0.8803152458508068
                ],
                [
                    -0.7941498263159866,
                    -1.4409174787793558e-06,
                    0.607722019808573,
                    0.07967627332752514
                ],
                [
                    0.0,
                    0.0,
                    0.0,
                    1.0
                ]
            ],
            "size": [
                0.15068,
                0.17726,
                0.74884
            ]
        },
        "distance": 0.23167824836788392
    },
    {
        "case": 15,
        "collider1": {
            "type": "Box",
            "collider2origin": [
                [
                    0.9081427509232697,
                    -0.4186606548811531,
                    0.0,
                    -0.09474126814702305
                ],
                [
                    0.41866065488115317,
                    0.9081427509232698,
                    0.0,
                    1.368923948110301
                ],
                [
                    0.0,
                    0.0,
                    1.0,
                    -0.21500000000000008
                ],
                [
                    0.0,
                    0.0,
                    0.0,
                    1.0
                ]
            ],
            "size": [
                0.2,
                0.3,
                0.22
            ]
        },
        "collider2": {
            "type": "Box",
            "collider2origin": [
                [
                    -0.3739805731847333,
                    -0.7882286601033072,
                    -0.48870656868121115,
                    0.015861690877332968
                ],
                [
                    0.4790246175748239,
                    -0.6153824659426599,
                    0.6259711146431798,
                    0.8803152458508068
                ],
                [
                    -0.7941498263159866,
                    -1.4409174787793558e-06,
                    0.607722019808573,
                    0.07967627332752514
                ],
                [
                    0.0,
                    0.0,
                    0.0,
                    1.0
                ]
            ],
            "size": [
                0.15068,
                0.17726,
                0.74884
            ]
        },
        "distance": 0.2682128197159397
    },
    {
        "case": 16,
        "collider1": {
            "type": "Box",
            "collider2origin": [
                [
                    0.9798474486812189,
                    -0.1997472836183421,
                    0.0,
                    -0.20628161272202655
                ],
                [
                    0.19974728361834207,
                    0.9798474486812188,
                    0.0,
                    1.335871448475788
                ],
                [
                    0.0,
                    0.0,
                    1.0,
                    -0.21500000000000008
                ],
                [
                    0.0,
                    0.0,
                    0.0,
                    1.0
                ]
            ],
            "size": [
                0.2,
                0.3,
                0.22
            ]
        },
        "collider2": {
            "type": "Box",
            "collider2origin": [
                [
                    -0.3739805731847333,
                    -0.7882286601033072,
                    -0.48870656868121115,
                    0.015861690877332968
                ],
                [
                    0.4790246175748239,
                    -0.6153824659426599,
                    0.6259711146431798,
                    0.8803152458508068
                ],
                [
                    -0.7941498263159866,
                    -1.4409174787793558e-06,
                    0.607722019808573,
                    0.07967627332752514
                ],
                [
                    0.0,
                    0.0,
                    0.0,
                    1.0
                ]
            ],
            "size": [
                0.15068,
                0.17726,
                0.74884
            ]
        },
        "distance": 0.26684463368388334
    },
    {
        "case": 17,
        "collider1": {
            "type": "Box",
            "collider2origin": [
                [
                    0.9984065575563776,
                    -0.05643000822632935,
                    0.0,
                    -0.3111399560290343
                ],
                [
                    0.05643000822632935,
                    0.9984065575563776,
                    0.0,
                    1.3240986306775833
                ],
                [
                    0.0,
                    0.0,
                    1.0,
                    -0.21500000000000008
                ],
                [
                    0.0,
                    0.0,
                    0.0,
                    1.0
                ]
            ],
            "size": [
                0.2,
                0.3,
                0.22
            ]
        },
        "collider2": {
            "type": "Box",
            "collider2origin": [
                [
                    -0.3739805731847333,
                    -0.7882286601033072,
                    -0.48870656868121115,
                    0.015861690877332968
                ],
                [
                    0.4790246175748239,
                    -0.6153824659426599,
                    0.6259711146431798,
                    0.8803152458508068
                ],
                [
                    -0.7941498263159866,
                    -1.4409174787793558e-06,
                    0.607722019808573,
                    0.07967627332752514
                ],
                [
                    0.0,
                    0.0,
                    0.0,
                    1.0
                ]
            ],
            "size": [
                0.15068,
                0.17726,
                0.74884
            ]
        },
        "distance": 0.29665597364140217
    },
    {
        "case": 18,
        "collider1": {
            "type": "Box",
            "collider2origin": [
                [
                    0.907778172512869,
                    0.4194505805326725,
                    0.0,
                    -0.7418785952877999
                ],
                [
                    -0.4194505805326725,
                    0.907778172512869,
                    0.0,
                    1.2791466490804724
                ],
                [
                    0.0,
                    0.0,
                    1.0,
                    0.27
                ],
                [
                    0.0,
                    0.0,
                    0.0,
                    1.0
                ]
            ],
            "size": [
                0.52,
                1.16,
                0.6
            ]
        },
        "collider2": {
            "type": "Box",
            "collider2origin": [
                [
                    -0.3739805731847333,
                    -0.7882286601033072,
                    -0.48870656868121115,
                    0.015861690877332968
                ],
                [
                    0.4790246175748239,
                    -0.6153824659426599,
                    0.6259711146431798,
                    0.8803152458508068
                ],
                [
                    -0.7941498263159866,
                    -1.4409174787793558e-06,
                    0.607722019808573,
                    0.07967627332752514
                ],
                [
                    0.0,
                    0.0,
                    0.0,
                    1.0
                ]
            ],
            "size": [
                0.15068,
                0.17726,
                0.74884
            ]
        },
        "distance": 0.24947858071522974
    },
    {
        "case": 19,
        "collider1": {
            "type": "Cylinder",
            "collider2origin": [
                [
                    0.907778172512869,
                    0.4194505805326725,
                    0.0,
                    -0.07232761537572224
                ],
                [
                    -0.4194505805326725,
                    0.907778172512869,
                    0.0,
                    1.2000044650142188
                ],
                [
                    0.0,
                    0.0,
                    1.0,
                    -0.5800000000000001
                ],
                [
                    0.0,
                    0.0,
                    0.0,
                    1.0
                ]
            ],
            "radius": 0.04,
            "height": 0.96
        },
        "collider2": {
            "type": "Box",
            "collider2origin": [
                [
                    -0.3739805731847333,
                    -0.7882286601033072,
                    -0.48870656868121115,
                    0.015861690877332968
                ],
                [
                    0.4790246175748239,
                    -0.6153824659426599,
                    0.6259711146431798,
                    0.8803152458508068
                ],
                [
                    -0.7941498263159866,
                    -1.4409174787793558e-06,
                    0.607722019808573,
                    0.07967627332752514
                ],
                [
                    0.0,
                    0.0,
                    0.0,
                    1.0
                ]
            ],
            "size": [
                0.15068,
                0.17726,
                0.74884
            ]
        },
        "distance": 0.23167824836788392
    }
]