[
    {
        "case": 0,
        "collider1": {
            "type": "Box",
            "collider2origin": [
                [
                    0.907778172512869,
                    0.4194505805326725,
                    0.0,
                    -1.612083837096907
                ],
                [
                    -0.4194505805326725,
                    0.907778172512869,
                    0.0,
                    -0.24654756573714753
                ],
                [
                    0.0,
                    0.0,
                    1.0,
                    -0.040000000000000036
                ],
                [
                    0.0,
                    0.0,
                    0.0,
                    1.0
                ]
            ],
            "size": [
                2.0,
                2.0,
                2.0
            ]
        },
        "collider2": {
            "type": "Cylinder",
            "collider2origin": [
                [
                    0.21121834802177597,
                    -0.6090336580200807,
                    0.7645029842045294,
                    -0.3633953872648689
                ],
                [
                    -0.5431740476839962,
                    0.5771231313041585,
                    0.6098285375712307,
                    0.33000526983518214
                ],
                [
                    -0.8126184611375349,
                    -0.5440651566791994,
                    -0.2089122828033393,
                    0.4597254111183924
                ],
                [
                    0.0,
                    0.0,
                    0.0,
                    1.0
                ]
            ],
            "radius": 0.0076,
            "height": 0.02993
        },
        "distance": 0.030372392728255263
    },
    {
        "case": 1,
        "collider1": {
            "type": "Box",
            "collider2origin": [
                [
                    0.907778172512869,
                    0.4194505805326725,
                    0.0,
                    -1.612083837096907
                ],
                [
                    -0.4194505805326725,
                    0.907778172512869,
                    0.0,
                    -0.24654756573714753
                ],
                [
                    0.0,
                    0.0,
                    1.0,
                    -0.040000000000000036
                ],
                [
                    0.0,
                    0.0,
                    0.0,
                    1.0
                ]
            ],
            "size": [
                2.0,
                2.0,
                2.0
            ]
        },
        "collider2": {
            "type": "Box",
            "collider2origin": [
                [
                    -0.27861505069200443,
                    -0.5172835768390714,
                    -0.8091917910239008,
                    -0.18544704170526588
                ],
                [
                    -0.16839918079093266,
                    0.8558140575550679,
                    -0.4891053207644279,
                    0.5629038281900005
                ],
                [
                    0.9455238597924616,
                    -4.8690273376826855e-06,
                    -0.32555280760493827,
                    0.35368634552505673
                ],
                [
                    0.0,
                    0.0,
                    0.0,
                    1.0
                ]
            ],
            "size": [
                0.1202,
                0.13634,
                0.67816
            ]
        },
        "distance": 0.013185146310144709
    },
    {
        "case": 2,
        "collider1": {
            "type": "Box",
            "collider2origin": [
                [
                    0.907778172512869,
                    0.4194505805326725,
                    0.0,
                    -0.7418785952877999
                ],
                [
                    -0.4194505805326725,
                    0.907778172512869,
                    0.0,
                    1.2791466490804724
                ],
                [
                    0.0,
                    0.0,
                    1.0,
                    0.27
                ],
                [
                    0.0,
                    0.0,
                    0.0,
                    1.0
                ]
            ],
            "size": [
                0.52,
                1.16,
                0.6
            ]
        },
        "collider2": {
            "type": "Box",
            "collider2origin": [
                [
                    -0.27861505069200443,
                    -0.5172835768390714,
                    -0.8091917910239008,
                    -0.18544704170526588
                ],
                [
                    -0.16839918079093266,
                    0.8558140575550679,
                    -0.4891053207644279,
                    0.5629038281900005
                ],
                [
                    0.9455238597924616,
                    -4.8690273376826855e-06,
                    -0.32555280760493827,
                    0.35368634552505673
                ],
                [
                    0.0,
                    0.0,
                    0.0,
                    1.0
                ]
            ],
            "size": [
                0.1202,
                0.13634,
                0.67816
            ]
        },
        "distance": 0.30924923624350903
    },
    {
        "case": 3,
        "collider1": {
            "type": "Box",
            "collider2origin": [
                [
                    0.907778172512869,
                    0.4194505805326725,
                    0.0,
                    -1.612083837096907
                ],
                [
                    -0.4194505805326725,
                    0.907778172512869,
                    0.0,
                    -0.24654756573714753
                ],
                [
                    0.0,
                    0.0,
                    1.0,
                    -0.040000000000000036
                ],
                [
                    0.0,
                    0.0,
                    0.0,
                    1.0
                ]
            ],
            "size": [
                2.0,
                2.0,
                2.0
            ]
        },
        "collider2": {
            "type": "Cylinder",
            "collider2origin": [
                [
                    0.21779531885566186,
                    -0.9168808158690155,
                    0.3345067541559187,
                    -0.34300227906206254
                ],
                [
                    -0.544539525656789,
                    0.1702750608885309,
                    0.8212692059470427,
                    0.3565625664165105
                ],
                [
                    -0.8099641375283474,
                    -0.3610207378126284,
                    -0.46219273337773886,
                    0.4473545689433429
                ],
                [
                    0.0,
                    0.0,
                    0.0,
                    1.0
                ]
            ],
            "radius": 0.00783,
            "height": 0.03683
        },
        "distance": 0.059861420405894546
    },
    {
        "case": 4,
        "collider1": {
            "type": "Box",
            "collider2origin": [
                [
                    0.907778172512869,
                    0.4194505805326725,
                    0.0,
                    -1.612083837096907
                ],
                [
                    -0.4194505805326725,
                    0.907778172512869,
                    0.0,
                    -0.24654756573714753
                ],
                [
                    0.0,
                    0.0,
                    1.0,
                    -0.040000000000000036
                ],
                [
                    0.0,
                    0.0,
                    0.0,
                    1.0
                ]
            ],
            "size": [
                2.0,
                2.0,
                2.0
            ]
        },
        "collider2": {
            "type": "Sphere",
            "collider2origin": [
                [
                    1.0,
                    0.0,
                    0.0,
                    -0.3653580680127992
                ],
                [
                    0.0,
                    1.0,
                    0.0,
                    0.341646862067162
                ],
                [
                    0.0,
                    0.0,
                    1.0,
                    0.4840603142578548
                ],
                [
                    0.0,
                    0.0,
                    0.0,
                    1.0
                ]
            ],
            "radius": 0.00484
        },
        "distance": 0.05204991036182034
    },
    {
        "case": 5,
        "collider1": {
            "type": "Box",
            "collider2origin": [
                [
                    0.907778172512869,
                    0.4194505805326725,
                    0.0,
                    -1.612083837096907
                ],
                [
                    -0.4194505805326725,
                    0.907778172512869,
                    0.0,
                    -0.24654756573714753
                ],
                [
                    0.0,
                    0.0,
                    1.0,
                    -0.040000000000000036
                ],
                [
                    0.0,
                    0.0,
                    0.0,
                    1.0
                ]
            ],
            "size": [
                2.0,
                2.0,
                2.0
            ]
        },
        "collider2": {
            "type": "Sphere",
            "collider2origin": [
                [
                    1.0,
                    0.0,
                    0.0,
                    -0.36486856691175334
                ],
                [
                    0.0,
                    1.0,
                    0.0,
                    0.3355531955014624
                ],
                [
                    0.0,
                    0.0,
                    1.0,
                    0.42833890844614997
                ],
                [
                    0.0,
                    0.0,
                    0.0,
                    1.0
                ]
            ],
            "radius": 0.01051
        },
        "distance": 0.041053534383911836
    },
    {
        "case": 6,
        "collider1": {
            "type": "Box",
            "collider2origin": [
                [
                    0.907778172512869,
                    0.4194505805326725,
                    0.0,
                    -1.612083837096907
                ],
                [
                    -0.4194505805326725,
                    0.907778172512869,
                    0.0,
                    -0.24654756573714753
                ],
                [
                    0.0,
                    0.0,
                    1.0,
                    -0.040000000000000036
                ],
                [
                    0.0,
                    0.0,
                    0.0,
                    1.0
                ]
            ],
            "size": [
                2.0,
                2.0,
                2.0
            ]
        },
        "collider2": {
            "type": "Sphere",
            "collider2origin": [
                [
                    1.0,
                    0.0,
                    0.0,
                    -0.3768565668515957
                ],
                [
                    0.0,
                    1.0,
                    0.0,
                    0.32090968847682083
                ],
                [
                    0.0,
                    0.0,
                    1.0,
                    0.4627268847376871
                ],
                [
                    0.0,
                    0.0,
                    0.0,
                    1.0
                ]
            ],
            "radius": 0.00487
        },
        "distance": 0.028372104803710864
    },
    {
        "case": 7,
        "collider1": {
            "type": "Box",
            "collider2origin": [
                [
                    0.907778172512869,
                    0.4194505805326725,
                    0.0,
                    -1.612083837096907
                ],
                [
                    -0.4194505805326725,
                    0.907778172512869,
                    0.0,
                    -0.24654756573714753
                ],
                [
                    0.0,
                    0.0,
                    1.0,
                    -0.040000000000000036
                ],
                [
                    0.0,
                    0.0,
                    0.0,
                    1.0
                ]
            ],
            "size": [
                2.0,
                2.0,
                2.0
            ]
        },
        "collider2": {
            "type": "Box",
            "collider2origin": [
                [
                    0.47557771918612857,
                    -0.5172779909821793,
                    0.7115119908049058,
                    -0.47774215843258877
                ],
                [
                    0.28744977677275263,
                    0.8558174338273187,
                    0.4300571424712277,
                    0.5168203893115585
                ],
                [
                    -0.8313834607730746,
                    -1.6320081634024807e-06,
                    0.555699146256607,
                    0.260326553004101
                ],
                [
                    0.0,
                    0.0,
                    0.0,
                    1.0
                ]
            ],
            "size": [
                0.09102,
                0.10007,
                0.11882
            ]
        },
        "distance": 0.0788756292313179
    },
    {
        "case": 8,
        "collider1": {
            "type": "Box",
            "collider2origin": [
                [
                    0.907778172512869,
                    0.4194505805326725,
                    0.0,
                    -1.612083837096907
                ],
                [
                    -0.4194505805326725,
                    0.907778172512869,
                    0.0,
                    -0.24654756573714753
                ],
                [
                    0.0,
                    0.0,
                    1.0,
                    -0.040000000000000036
                ],
                [
                    0.0,
                    0.0,
                    0.0,
                    1.0
                ]
            ],
            "size": [
                2.0,
                2.0,
                2.0
            ]
        },
        "collider2": {
            "type": "Sphere",
            "collider2origin": [
                [
                    1.0,
                    0.0,
                    0.0,
                    -0.3848386840250005
                ],
                [
                    0.0,
                    1.0,
                    0.0,
                    0.3099678448285662
                ],
                [
                    0.0,
                    0.0,
                    1.0,
                    0.4380073029408196
                ],
                [
                    0.0,
                    0.0,
                    0.0,
                    1.0
                ]
            ],
            "radius": 0.00563
        },
        "distance": 0.014331234290512269
    },
    {
        "case": 9,
        "collider1": {
            "type": "Box",
            "collider2origin": [
                [
                    0.907778172512869,
                    0.4194505805326725,
                    0.0,
                    -1.612083837096907
                ],
                [
                    -0.4194505805326725,
                    0.907778172512869,
                    0.0,
                    -0.24654756573714753
                ],
                [
                    0.0,
                    0.0,
                    1.0,
                    -0.040000000000000036
                ],
                [
                    0.0,
                    0.0,
                    0.0,
                    1.0
                ]
            ],
            "size": [
                2.0,
                2.0,
                2.0
            ]
        },
        "collider2": {
            "type": "Cylinder",
            "collider2origin": [
                [
                    -0.46571381511755544,
                    -0.859738182853613,
                    -0.20966854640651103,
                    -0.37431298314316247
                ],
                [
                    -0.6827485152326691,
                    0.19834278017094328,
                    0.703217325228586,
                    0.3600628539872737
                ],
                [
                    -0.5629965429345348,
                    0.4706489121390049,
                    -0.6793559406865696,
                    0.40177233841995363
                ],
                [
                    0.0,
                    0.0,
                    0.0,
                    1.0
                ]
            ],
            "radius": 0.01271,
            "height": 0.05982
        },
        "distance": 0.04277691944895231
    },
    {
        "case": 10,
        "collider1": {
            "type": "Box",
            "collider2origin": [
                [
                    0.907778172512869,
                    0.4194505805326725,
                    0.0,
                    -1.612083837096907
                ],
                [
                    -0.4194505805326725,
                    0.907778172512869,
                    0.0,
                    -0.24654756573714753
                ],
                [
                    0.0,
                    0.0,
                    1.0,
                    -0.040000000000000036
                ],
                [
                    0.0,
                    0.0,
                    0.0,
                    1.0
                ]
            ],
            "size": [
                2.0,
                2.0,
                2.0
            ]
        },
        "collider2": {
            "type": "Cylinder",
            "collider2origin": [
                [
                    -0.49656554676648124,
                    -0.8176932041295177,
                    -0.2912052226264288,
                    -0.37180949891394516
                ],
                [
                    -0.6948202213938244,
                    0.17337890661710909,
                    0.697971786451639,
                    0.3509741932357335
                ],
                [
                    -0.5202379433554818,
                    0.5489240190232694,
                    -0.6542437646875969,
                    0.41322139569369787
                ],
                [
                    0.0,
                    0.0,
                    0.0,
                    1.0
                ]
            ],
            "radius": 0.01169,
            "height": 0.05502
        },
        "distance": 0.03853549152970066
    },
    {
        "case": 11,
        "collider1": {
            "type": "Box",
            "collider2origin": [
                [
                    0.907778172512869,
                    0.4194505805326725,
                    0.0,
                    -1.612083837096907
                ],
                [
                    -0.4194505805326725,
                    0.907778172512869,
                    0.0,
                    -0.24654756573714753
                ],
                [
                    0.0,
                    0.0,
                    1.0,
                    -0.040000000000000036
                ],
                [
                    0.0,
                    0.0,
                    0.0,
                    1.0
                ]
            ],
            "size": [
                2.0,
                2.0,
                2.0
            ]
        },
        "collider2": {
            "type": "Cylinder",
            "collider2origin": [
                [
                    0.14425858943624068,
                    -0.5523788218386543,
                    0.8210158929996458,
                    -0.3668594092314729
                ],
                [
                    -0.4138570885544746,
                    0.7199657179556711,
                    0.5571101105004183,
                    0.32011237362734685
                ],
                [
                    -0.89883912332913,
                    -0.4201511658352441,
                    -0.12474465207056114,
                    0.43622202611367467
                ],
                [
                    0.0,
                    0.0,
                    0.0,
                    1.0
                ]
            ],
            "radius": 0.00813,
            "height": 0.03824
        },
        "distance": 0.016176242300163072
    },
    {
        "case": 12,
        "collider1": {
            "type": "Box",
            "collider2origin": [
                [
                    0.907778172512869,
                    0.4194505805326725,
                    0.0,
                    -1.612083837096907
                ],
                [
                    -0.4194505805326725,
                    0.907778172512869,
                    0.0,
                    -0.24654756573714753
                ],
                [
                    0.0,
                    0.0,
                    1.0,
                    -0.040000000000000036
                ],
                [
                    0.0,
                    0.0,
                    0.0,
                    1.0
                ]
            ],
            "size": [
                2.0,
                2.0,
                2.0
            ]
        },
        "collider2": {
            "type": "Box",
            "collider2origin": [
                [
                    -0.676121858680349,
                    0.19133718706898017,
                    0.7115119908049058,
                    -0.4015227161862947
                ],
                [
                    0.2036679012068512,
                    -0.8795284192267346,
                    0.4300571424712277,
                    0.5654215324765957
                ],
                [
                    0.708080940452874,
                    0.4356831883571497,
                    0.555699146256607,
                    0.321902443068522
                ],
                [
                    0.0,
                    0.0,
                    0.0,
                    1.0
                ]
            ],
            "size": [
                0.09126,
                0.11887,
                0.10009
            ]
        },
        "distance": 0.1631971696173339
    },
    {
        "case": 13,
        "collider1": {
            "type": "Box",
            "collider2origin": [
                [
                    0.907778172512869,
                    0.4194505805326725,
                    0.0,
                    -0.7418785952877999
                ],
                [
                    -0.4194505805326725,
                    0.907778172512869,
                    0.0,
                    1.2791466490804724
                ],
                [
                    0.0,
                    0.0,
                    1.0,
                    0.27
                ],
                [
                    0.0,
                    0.0,
                    0.0,
                    1.0
                ]
            ],
            "size": [
                0.52,
                1.16,
                0.6
            ]
        },
        "collider2": {
            "type": "Box",
            "collider2origin": [
                [
                    -0.676121858680349,
                    0.19133718706898017,
                    0.7115119908049058,
                    -0.4015227161862947
                ],
                [
                    0.2036679012068512,
                    -0.8795284192267346,
                    0.4300571424712277,
                    0.5654215324765957
                ],
                [
                    0.708080940452874,
                    0.4356831883571497,
                    0.555699146256607,
                    0.321902443068522
                ],
                [
                    0.0,
                    0.0,
                    0.0,
                    1.0
                ]
            ],
            "size": [
                0.09126,
                0.11887,
                0.10009
            ]
        },
        "distance": 0.2608893148812562
    },
    {
        "case": 14,
        "collider1": {
            "type": "Box",
            "collider2origin": [
                [
                    0.907778172512869,
                    0.4194505805326725,
                    0.0,
                    -1.612083837096907
                ],
                [
                    -0.4194505805326725,
                    0.907778172512869,
                    0.0,
                    -0.24654756573714753
                ],
                [
                    0.0,
                    0.0,
                    1.0,
                    -0.040000000000000036
                ],
                [
                    0.0,
                    0.0,
                    0.0,
                    1.0
                ]
            ],
            "size": [
                2.0,
                2.0,
                2.0
            ]
        },
        "collider2": {
            "type": "Box",
            "collider2origin": [
                [
                    0.9708655865657636,
                    0.19133510343535212,
                    0.1442598038807038,
                    -0.3843860336473652
                ],
                [
                    0.2348300857794567,
                    -0.8795315191032204,
                    -0.4138588379106991,
                    0.5009478982674294
                ],
                [
                    0.04769532089344964,
                    0.43567784554342937,
                    -0.8988381229495701,
                    0.35563043660906146
                ],
                [
                    0.0,
                    0.0,
                    0.0,
                    1.0
                ]
            ],
            "size": [
                0.08993,
                0.0305,
                0.09007
            ]
        },
        "distance": 0.1404759395612698
    },
    {
        "case": 15,
        "collider1": {
            "type": "Box",
            "collider2origin": [
                [
                    0.907778172512869,
                    0.4194505805326725,
                    0.0,
                    -1.612083837096907
                ],
                [
                    -0.4194505805326725,
                    0.907778172512869,
                    0.0,
                    -0.24654756573714753
                ],
                [
                    0.0,
                    0.0,
                    1.0,
                    -0.040000000000000036
                ],
                [
                    0.0,
                    0.0,
                    0.0,
                    1.0
                ]
            ],
            "size": [
                2.0,
                2.0,
                2.0
            ]
        },
        "collider2": {
            "type": "Cylinder",
            "collider2origin": [
                [
                    0.030183099659824814,
                    -0.784796257913855,
                    -0.6190184278834798,
                    -0.2745086026989109
                ],
                [
                    -0.2554841582848406,
                    -0.6047862686960286,
                    0.7542953095851924,
                    0.3351412811754349
                ],
                [
                    -0.9663419815781631,
                    0.135382431508468,
                    -0.21875733559915964,
                    0.40615088864331317
                ],
                [
                    0.0,
                    0.0,
                    0.0,
                    1.0
                ]
            ],
            "radius": 0.00796,
            "height": 0.03037
        },
        "distance": 0.07543120787398143
    },
    {
        "case": 16,
        "collider1": {
            "type": "Box",
            "collider2origin": [
                [
                    0.907778172512869,
                    0.4194505805326725,
                    0.0,
                    -1.612083837096907
                ],
                [
                    -0.4194505805326725,
                    0.907778172512869,
                    0.0,
                    -0.24654756573714753
                ],
                [
                    0.0,
                    0.0,
                    1.0,
                    -0.040000000000000036
                ],
                [
                    0.0,
                    0.0,
                    0.0,
                    1.0
                ]
            ],
            "size": [
                2.0,
                2.0,
                2.0
            ]
        },
        "collider2": {
            "type": "Box",
            "collider2origin": [
                [
                    0.17659235265097445,
                    0.4276725704688724,
                    -0.8865163920953414,
                    -0.3386010928446506
                ],
                [
                    -0.4483876468707486,
                    -0.7668342114256527,
                    -0.45925353599173335,
                    0.3896131353944465
                ],
                [
                    -0.8762212386828494,
                    0.4786036613480351,
                    0.05634604001479139,
                    0.41486458934339154
                ],
                [
                    0.0,
                    0.0,
                    0.0,
                    1.0
                ]
            ],
            "size": [
                0.07264,
                0.04753,
                0.03326
            ]
        },
        "distance": 0.07416564282239935
    },
    {
        "case": 17,
        "collider1": {
            "type": "Box",
            "collider2origin": [
                [
                    0.907778172512869,
                    0.4194505805326725,
                    0.0,
                    -1.612083837096907
                ],
                [
                    -0.4194505805326725,
                    0.907778172512869,
                    0.0,
                    -0.24654756573714753
                ],
                [
                    0.0,
                    0.0,
                    1.0,
                    -0.040000000000000036
                ],
                [
                    0.0,
                    0.0,
                    0.0,
                    1.0
                ]
            ],
            "size": [
                2.0,
                2.0,
                2.0
            ]
        },
        "collider2": {
            "type": "Cylinder",
            "collider2origin": [
                [
                    0.2858019611197258,
                    -0.9400390711251863,
                    0.18612840669337777,
                    -0.34634931461034807
                ],
                [
                    -0.6676781736206541,
                    -0.05601169979315551,
                    0.7423399126794065,
                    0.37018990619744585
                ],
                [
                    -0.6874031535356132,
                    -0.33643607750117693,
                    -0.6436518237874539,
                    0.46311243546640046
                ],
                [
                    0.0,
                    0.0,
                    0.0,
                    1.0
                ]
            ],
            "radius": 0.00783,
            "height": 0.03044
        },
        "distance": 0.07416751242931234
    },
    {
        "case": 18,
        "collider1": {
            "type": "Box",
            "collider2origin": [
                [
                    0.907778172512869,
                    0.4194505805326725,
                    0.0,
                    -1.612083837096907
                ],
                [
                    -0.4194505805326725,
                    0.907778172512869,
                    0.0,
                    -0.24654756573714753
                ],
                [
                    0.0,
                    0.0,
                    1.0,
                    -0.040000000000000036
                ],
                [
                    0.0,
                    0.0,
                    0.0,
                    1.0
                ]
            ],
            "size": [
                2.0,
                2.0,
                2.0
            ]
        },
        "collider2": {
            "type": "Box",
            "collider2origin": [
                [
                    -0.013087871623321297,
                    0.42766819082799085,
                    -0.9038410403219607,
                    -0.36281975337509115
                ],
                [
                    -0.5346670822205519,
                    -0.7668348453056628,
                    -0.35509918503821053,
                    0.42862775668782993
                ],
                [
                    -0.8449614303659856,
                    0.47860655927280493,
                    0.2386963397601943,
                    0.3920235843864033
                ],
                [
                    0.0,
                    0.0,
                    0.0,
                    1.0
                ]
            ],
            "size": [
                0.06241,
                0.05638,
                0.02858
            ]
        },
        "distance": 0.09700642500842876
    },
    {
        "case": 19,
        "collider1": {
            "type": "Box",
            "collider2origin": [
                [
                    0.907778172512869,
                    0.4194505805326725,
                    0.0,
                    -1.612083837096907
                ],
                [
                    -0.4194505805326725,
                    0.907778172512869,
                    0.0,
                    -0.24654756573714753
                ],
                [
                    0.0,
                    0.0,
                    1.0,
                    -0.040000000000000036
                ],
                [
                    0.0,
                    0.0,
                    0.0,
                    1.0
                ]
            ],
            "size": [
                2.0,
                2.0,
                2.0
            ]
        },
        "collider2": {
            "type": "Cylinder",
            "collider2origin": [
                [
                    0.030183099659824814,
                    -0.3745214517421031,
                    -0.9267268544074418,
                    -0.2951291642524723
                ],
                [
                    -0.2554841582848406,
                    -0.8992423408802437,
                    0.35509302616878574,
                    0.35190202941235765
                ],
                [
                    -0.9663419815781631,
                    0.22604622216088222,
                    -0.12282621905107027,
                    0.4010719753979153
                ],
                [
                    0.0,
                    0.0,
                    0.0,
                    1.0
                ]
            ],
            "radius": 0.00713,
            "height": 0.01426
        },
        "distance": 0.08806938207338155
    },
    {
        "case": 20,
        "collider1": {
            "type": "Box",
            "collider2origin": [
                [
                    0.907778172512869,
                    0.4194505805326725,
                    0.0,
                    -1.612083837096907
                ],
                [
                    -0.4194505805326725,
                    0.907778172512869,
                    0.0,
                    -0.24654756573714753
                ],
                [
                    0.0,
                    0.0,
                    1.0,
                    -0.040000000000000036
                ],
                [
                    0.0,
                    0.0,
                    0.0,
                    1.0
                ]
            ],
            "size": [
                2.0,
                2.0,
                2.0
            ]
        },
        "collider2": {
            "type": "Cylinder",
            "collider2origin": [
                [
                    0.14425858943624068,
                    -0.8868202791593243,
                    0.4390207874869291,
                    -0.34706900023596005
                ],
                [
                    -0.4138570885544746,
                    0.34892504420555415,
                    0.8408172356578838,
                    0.34123496934962516
                ],
                [
                    -0.89883912332913,
                    -0.30298697331391866,
                    -0.31668142410787353,
                    0.4296727237276561
                ],
                [
                    0.0,
                    0.0,
                    0.0,
                    1.0
                ]
            ],
            "radius": 0.00683,
            "height": 0.01183
        },
        "distance": 0.056397867381402254
    },
    {
        "case": 21,
        "collider1": {
            "type": "Box",
            "collider2origin": [
                [
                    0.907778172512869,
                    0.4194505805326725,
                    0.0,
                    -1.612083837096907
                ],
                [
                    -0.4194505805326725,
                    0.907778172512869,
                    0.0,
                    -0.24654756573714753
                ],
                [
                    0.0,
                    0.0,
                    1.0,
                    -0.040000000000000036
                ],
                [
                    0.0,
                    0.0,
                    0.0,
                    1.0
                ]
            ],
            "size": [
                2.0,
                2.0,
                2.0
            ]
        },
        "collider2": {
            "type": "Cylinder",
            "collider2origin": [
                [
                    0.27888086715513355,
                    -0.7959761998903883,
                    0.5372591098742362,
                    -0.3563218945289755
                ],
                [
                    -0.6688650669439952,
                    0.24044391566196835,
                    0.703424655271014,
                    0.3508461663762227
                ],
                [
                    -0.6890899681150535,
                    -0.5555255283325835,
                    -0.46534546652352626,
                    0.4774247231764561
                ],
                [
                    0.0,
                    0.0,
                    0.0,
                    1.0
                ]
            ],
            "radius": 0.0076,
