[
    {
        "case": 0,
        "collider1": {
            "type": "Box",
            "collider2origin": [
                [
                    0.907778172512869,
                    0.4194505805326725,
                    0.0,
                    -0.7418785952877999
                ],
                [
                    -0.4194505805326725,
                    0.907778172512869,
                    0.0,
                    1.2791466490804724
                ],
                [
                    0.0,
                    0.0,
                    1.0,
                    0.27
                ],
                [
                    0.0,
                    0.0,
                    0.0,
                    1.0
                ]
            ],
            "size": [
                0.52,
                1.16,
                0.6
            ]
        },
        "collider2": {
            "type": "Box",
            "collider2origin": [
                [
                    -0.5247422395586757,
                    0.25249690358468363,
                    -0.8129519639579527,
                    0.10026230407840558
                ],
                [
                    -0.13693126581328297,
                    -0.9675977023935726,
                    -0.21214267549329013,
                    0.5674916706896098
                ],
                [
                    -0.8401758211622835,
                    -1.6811741617008286e-06,
                    0.5423141059676173,
                    0.060060413274309
                ],
                [
                    0.0,
                    0.0,
                    0.0,
                    1.0
                ]
            ],
            "size": [
                0.15068,
                0.17726,
                0.74884
            ]
        },
        "distance": 0.4721366221399996
    },
    {
        "case": 1,
        "collider1": {
            "type": "Box",
            "collider2origin": [
                [
                    0.907778172512869,
                    0.4194505805326725,
                    0.0,
                    -0.7418785952877999
                ],
                [
                    -0.4194505805326725,
                    0.907778172512869,
                    0.0,
                    1.2791466490804724
                ],
                [
                    0.0,
                    0.0,
                    1.0,
                    0.27
                ],
                [
                    0.0,
                    0.0,
                    0.0,
                    1.0
                ]
            ],
            "size": [
                0.52,
                1.16,
                0.6
            ]
        },
        "collider2": {
            "type": "Box",
            "collider2origin": [
                [
                    -0.5247422395586757,
                    0.25249690358468363,
                    -0.8129519639579527,
                    0.10026230407840558
                ],
                [
                    -0.13693126581328297,
                    -0.9675977023935726,
                    -0.21214267549329013,
                    0.5674916706896098
                ],
                [
                    -0.8401758211622835,
                    -1.6811741617008286e-06,
                    0.5423141059676173,
                    0.060060413274309
                ],
                [
                    0.0,
                    0.0,
                    0.0,
                    1.0
                ]
            ],
            "size": [
                0.15068,
                0.17726,
                0.74884
            ]
        },
        "distance": 0.4721366221399996
    },
    {
        "case": 2,
        "collider1": {
            "type": "Box",
            "collider2origin": [
                [
                    0.907778172512869,
                    0.4194505805326725,
                    0.0,
                    -0.7418785952877999
                ],
                [
                    -0.4194505805326725,
                    0.907778172512869,
                    0.0,
                    1.2791466490804724
                ],
                [
                    0.0,
                    0.0,
                    1.0,
                    0.27
                ],
                [
                    0.0,
                    0.0,
                    0.0,
                    1.0
                ]
            ],
            "size": [
                0.52,
                1.16,
                0.6
            ]
        },
        "collider2": {
            "type": "Box",
            "collider2origin": [
                [
                    -0.5688050989652104,
                    0.25250276493830465,
                    0.7827535455618765,
                    0.03415903816719945
                ],
                [
                    -0.1484359786894481,
                    -0.967596172840829,
                    0.20426552948132565,
                    0.6808112808680938
                ],
                [
                    0.8089669459388825,
                    -1.5138963060879423e-06,
                    0.5878541318864952,
                    0.3939667927590298
                ],
                [
                    0.0,
                    0.0,
                    0.0,
                    1.0
                ]
            ],
            "size": [
                0.1202,
                0.13634,
                0.67816
            ]
        },
        "distance": 0.41297163259714975
    }
]