[
    {
        "case": 0,
        "collider1": {
            "type": "Box",
            "collider2origin": [
                [
                    0.9077781725128689,
                    0.4194505805326724,
                    0.0,
                    0.27063700059322826
                ],
                [
                    -0.4194505805326724,
                    0.9077781725128689,
                    0.0,
                    0.8002854543438492
                ],
                [
                    0.0,
                    0.0,
                    1.0,
                    -0.25
                ],
                [
                    0.0,
                    0.0,
                    0.0,
                    1.0
                ]
            ],
            "size": [
                0.2,
                0.2,
                0.02
            ]
        },
        "collider2": {
            "type": "Box",
            "collider2origin": [
                [
                    0.06379741841025026,
                    0.7279034451105494,
                    -0.6827052541180424,
                    0.2222521022745783
                ],
                [
                    0.06773186079617637,
                    -0.6856796442800918,
                    -0.7247453486936042,
                    0.46291262295420976
                ],
                [
                    -0.99566173193373,
                    -4.01498525287334e-06,
                    -0.09304684597881353,
                    -0.13051343444572439
                ],
                [
                    0.0,
                    0.0,
                    0.0,
                    1.0
                ]
            ],
            "size": [
                0.15068,
                0.17726,
                0.74884
            ]
        },
        "distance": 0.053116149312089224
    },
    {
        "case": 1,
        "collider1": {
            "type": "Box",
            "collider2origin": [
                [
                    0.9077781725128689,
                    0.4194505805326724,
                    0.0,
                    0.27063700059322826
                ],
                [
                    -0.4194505805326724,
                    0.9077781725128689,
                    0.0,
                    0.8002854543438492
                ],
                [
                    0.0,
                    0.0,
                    1.0,
                    -0.25
                ],
                [
                    0.0,
                    0.0,
                    0.0,
                    1.0
                ]
            ],
            "size": [
                0.2,
                0.2,
                0.02
            ]
        },
        "collider2": {
            "type": "Box",
            "collider2origin": [
                [
                    0.06379741841025026,
                    0.7279034451105494,
                    -0.6827052541180424,
                    0.2222521022745783
                ],
                [
                    0.06773186079617637,
                    -0.6856796442800918,
                    -0.7247453486936042,
                    0.46291262295420976
                ],
                [
                    -0.99566173193373,
                    -4.01498525287334e-06,
                    -0.09304684597881353,
                    -0.13051343444572439
                ],
                [
                    0.0,
                    0.0,
                    0.0,
                    1.0
                ]
            ],
            "size": [
                0.15068,
                0.17726,
                0.74884
            ]
        },
        "distance": 0.053116149312089224
    }
]