[
    {
        "case": 0,
        "collider1": {
            "type": "Box",
            "collider2origin": [
                [
                    0.907778172512869,
                    0.4194505805326725,
                    0.0,
                    0.3318610395686135
                ],
                [
                    -0.4194505805326725,
                    0.907778172512869,
                    0.0,
                    1.862570334354233
                ],
                [
                    0.0,
                    0.0,
                    1.0,
                    -0.21500000000000008
                ],
                [
                    0.0,
                    0.0,
                    0.0,
                    1.0
                ]
            ],
            "size": [
                0.3,
                0.46,
                0.22
            ]
        },
        "collider2": {
            "type": "Box",
            "collider2origin": [
                [
                    -0.5021687363032424,
                    -0.8608085354850944,
                    -0.08267542268178349,
                    0.5997143408978862
                ],
                [
                    -0.8493719172966526,
                    0.5089289392270319,
                    -0.13985235402043267,
                    1.621246021382602
                ],
                [
                    0.1624620152140582,
                    -7.297610936757177e-06,
                    -0.9867147984900866,
                    -0.17986663960496618
                ],
                [
                    0.0,
                    0.0,
                    0.0,
                    1.0
                ]
            ],
            "size": [
                0.09102,
                0.10007,
                0.11882
            ]
        },
        "distance": 0.13908951541143377
    },
    {
        "case": 1,
        "collider1": {
            "type": "Box",
            "collider2origin": [
                [
                    0.907778172512869,
                    0.4194505805326725,
                    0.0,
                    0.3318610395686135
                ],
                [
                    -0.4194505805326725,
                    0.907778172512869,
                    0.0,
                    1.862570334354233
                ],
                [
                    0.0,
                    0.0,
                    1.0,
                    -0.21500000000000008
                ],
                [
                    0.0,
                    0.0,
                    0.0,
                    1.0
                ]
            ],
            "size": [
                0.3,
                0.46,
                0.22
            ]
        },
        "collider2": {
            "type": "Box",
            "collider2origin": [
                [
                    0.5348516451313077,
                    0.840891486569297,
                    -0.08267542268178349,
                    0.5889900434656514
                ],
                [
                    0.8292037249341478,
                    -0.5411677204252651,
                    -0.13985235402043267,
                    1.6066815806677814
                ],
                [
                    -0.16234192390035332,
                    0.0062454931750744545,
                    -0.9867147984900866,
                    -0.2877260518693866
                ],
                [
                    0.0,
                    0.0,
                    0.0,
                    1.0
                ]
            ],
            "size": [
                0.09126,
                0.11887,
                0.10009
            ]
        },
        "distance": 0.12485090985870972
    },
    {
        "case": 2,
        "collider1": {
            "type": "Box",
            "collider2origin": [
                [
                    0.9077781725128689,
                    0.4194505805326724,
                    0.0,
                    0.4158817547107895
                ],
                [
                    -0.4194505805326724,
                    0.9077781725128689,
                    0.0,
                    0.733173894971941
                ],
                [
                    0.0,
                    0.0,
                    1.0,
                    -0.6599999999999999
                ],
                [
                    0.0,
                    0.0,
                    0.0,
                    1.0
                ]
            ],
            "size": [
                0.6,
                1.0,
                0.8
            ]
        },
        "collider2": {
            "type": "Box",
            "collider2origin": [
                [
                    -0.36860760631558975,
                    -0.8608069428263785,
                    0.3509128663189698,
                    0.25505336998815964
                ],
                [
                    -0.6234714706941645,
                    0.508931633072448,
                    0.593524993651208,
                    1.06693046021676
                ],
                [
                    -0.6895010933977891,
                    -6.333651145457482e-06,
                    -0.7242846416728288,
                    -0.31989611497227
                ],
                [
                    0.0,
                    0.0,
                    0.0,
                    1.0
                ]
            ],
            "size": [
                0.15068,
                0.17726,
                0.74884
            ]
        },
        "distance": 0.0
    },
    {
        "case": 3,
        "collider1": {
            "type": "Box",
            "collider2origin": [
                [
                    0.9077781725128689,
                    0.4194505805326724,
                    0.0,
                    0.27063700059322826
                ],
                [
                    -0.4194505805326724,
                    0.9077781725128689,
                    0.0,
                    0.8002854543438492
                ],
                [
                    0.0,
                    0.0,
                    1.0,
                    -0.25
                ],
                [
                    0.0,
                    0.0,
                    0.0,
                    1.0
                ]
            ],
            "size": [
                0.2,
                0.2,
                0.02
            ]
        },
        "collider2": {
            "type": "Box",
            "collider2origin": [
                [
                    -0.36860760631558975,
                    -0.8608069428263785,
                    0.3509128663189698,
                    0.25505336998815964
                ],
                [
                    -0.6234714706941645,
                    0.508931633072448,
                    0.593524993651208,
                    1.06693046021676
                ],
                [
                    -0.6895010933977891,
                    -6.333651145457482e-06,
                    -0.7242846416728288,
                    -0.31989611497227
                ],
                [
                    0.0,
                    0.0,
                    0.0,
                    1.0
                ]
            ],
            "size": [
                0.15068,
                0.17726,
                0.74884
            ]
        },
        "distance": 0.0
    },
    {
        "case": 4,
        "collider1": {
            "type": "Box",
            "collider2origin": [
                [
                    0.907778172512869,
                    0.4194505805326725,
                    0.0,
                    0.9947946797881562
                ],
                [
                    -0.4194505805326725,
                    0.907778172512869,
                    0.0,
                    0.5317739604993647
                ],
                [
                    0.0,
                    0.0,
                    1.0,
                    -0.69
                ],
                [
                    0.0,
                    0.0,
                    0.0,
                    1.0
                ]
            ],
            "size": [
                0.6,
                1.2,
                0.75
            ]
        },
        "collider2": {
            "type": "Box",
            "collider2origin": [
                [
                    -0.36860760631558975,
                    -0.8608069428263785,
                    0.3509128663189698,
                    0.25505336998815964
                ],
                [
                    -0.6234714706941645,
                    0.508931633072448,
                    0.593524993651208,
                    1.06693046021676
                ],
                [
                    -0.6895010933977891,
                    -6.333651145457482e-06,
                    -0.7242846416728288,
                    -0.31989611497227
                ],
                [
                    0.0,
                    0.0,
                    0.0,
                    1.0
                ]
            ],
            "size": [
                0.15068,
                0.17726,
                0.74884
            ]
        },
        "distance": 0.4762497031941739
    },
    {
        "case": 5,
        "collider1": {
            "type": "Box",
            "collider2origin": [
                [
                    0.718022042059392,
                    -0.6960203640101781,
                    0.0,
                    0.13748258467077087
                ],
                [
                    0.6960203640101781,
                    0.718022042059392,
                    0.0,
                    1.5384737068316263
                ],
                [
                    0.0,
                    0.0,
                    1.0,
                    -0.21500000000000008
                ],
                [
                    0.0,
                    0.0,
                    0.0,
                    1.0
                ]
            ],
            "size": [
                0.2,
                0.3,
                0.22
            ]
        },
        "collider2": {
            "type": "Box",
            "collider2origin": [
                [
                    -0.36860760631558975,
                    -0.8608069428263785,
                    0.3509128663189698,
                    0.25505336998815964
                ],
                [
                    -0.6234714706941645,
                    0.508931633072448,
                    0.593524993651208,
                    1.06693046021676
                ],
                [
                    -0.6895010933977891,
                    -6.333651145457482e-06,
                    -0.7242846416728288,
                    -0.31989611497227
                ],
                [
                    0.0,
                    0.0,
                    0.0,
                    1.0
                ]
            ],
            "size": [
                0.15068,
                0.17726,
                0.74884
            ]
        },
        "distance": 0.15295114819321035
    },
    {
        "case": 6,
        "collider1": {
            "type": "Box",
            "collider2origin": [
                [
                    0.8404842512412337,
                    -0.5418359746412772,
                    0.0,
                    0.011439976095501792
                ],
                [
                    0.5418359746412771,
                    0.8404842512412338,
                    0.0,
                    1.4325762997644957
                ],
                [
                    0.0,
                    0.0,
                    1.0,
                    -0.21500000000000008
                ],
                [
                    0.0,
                    0.0,
                    0.0,
                    1.0
                ]
            ],
            "size": [
                0.2,
                0.3,
                0.22
            ]
        },
        "collider2": {
            "type": "Box",
            "collider2origin": [
                [
                    -0.36860760631558975,
                    -0.8608069428263785,
                    0.3509128663189698,
                    0.25505336998815964
                ],
                [
                    -0.6234714706941645,
                    0.508931633072448,
                    0.593524993651208,
                    1.06693046021676
                ],
                [
                    -0.6895010933977891,
                    -6.333651145457482e-06,
                    -0.7242846416728288,
                    -0.31989611497227
                ],
                [
                    0.0,
                    0.0,
                    0.0,
                    1.0
                ]
            ],
            "size": [
                0.15068,
                0.17726,
                0.74884
            ]
        },
        "distance": 0.14880084670959268
    },
    {
        "case": 7,
        "collider1": {
            "type": "Box",
            "collider2origin": [
                [
                    0.9081427509232697,
                    -0.4186606548811531,
                    0.0,
                    -0.09474126814702305
                ],
                [
                    0.41866065488115317,
                    0.9081427509232698,
                    0.0,
                    1.368923948110301
                ],
                [
                    0.0,
                    0.0,
                    1.0,
                    -0.21500000000000008
                ],
                [
                    0.0,
                    0.0,
                    0.0,
                    1.0
                ]
            ],
            "size": [
                0.2,
                0.3,
                0.22
            ]
        },
        "collider2": {
            "type": "Box",
            "collider2origin": [
                [
                    -0.36860760631558975,
                    -0.8608069428263785,
                    0.3509128663189698,
                    0.25505336998815964
                ],
                [
                    -0.6234714706941645,
                    0.508931633072448,
                    0.593524993651208,
                    1.06693046021676
                ],
                [
                    -0.6895010933977891,
                    -6.333651145457482e-06,
                    -0.7242846416728288,
                    -0.31989611497227
                ],
                [
                    0.0,
                    0.0,
                    0.0,
                    1.0
                ]
            ],
            "size": [
                0.15068,
                0.17726,
                0.74884
            ]
        },
        "distance": 0.18591764569122274
    },
    {
        "case": 8,
        "collider1": {
            "type": "Box",
            "collider2origin": [
                [
                    0.9077781725128689,
                    0.4194505805326724,
                    0.0,
                    0.4158817547107895
                ],
                [
                    -0.4194505805326724,
                    0.9077781725128689,
                    0.0,
                    0.733173894971941
                ],
                [
                    0.0,
                    0.0,
                    1.0,
                    -0.6599999999999999
                ],
                [
                    0.0,
                    0.0,
                    0.0,
                    1.0
                ]
            ],
            "size": [
                0.6,
                1.0,
                0.8
            ]
        },
        "collider2": {
            "type": "Box",
            "collider2origin": [
                [
                    -0.36860760631558975,
                    -0.8608069428263785,
                    0.3509128663189698,
                    0.25505336998815964
                ],
                [
                    -0.6234714706941645,
                    0.508931633072448,
                    0.593524993651208,
                    1.06693046021676
                ],
                [
                    -0.6895010933977891,
                    -6.333651145457482e-06,
                    -0.7242846416728288,
                    -0.31989611497227
                ],
                [
                    0.0,
                    0.0,
                    0.0,
                    1.0
                ]
            ],
            "size": [
                0.15068,
                0.17726,
                0.74884
            ]
        },
        "distance": 0.0
    },
    {
        "case": 9,
        "collider1": {
            "type": "Box",
            "collider2origin": [
                [
                    0.9077781725128689,
                    0.4194505805326724,
                    0.0,
                    0.27063700059322826
                ],
                [
                    -0.4194505805326724,
                    0.9077781725128689,
                    0.0,
                    0.8002854543438492
                ],
                [
                    0.0,
                    0.0,
                    1.0,
                    -0.25
                ],
                [
                    0.0,
                    0.0,
                    0.0,
                    1.0
                ]
            ],
            "size": [
                0.2,
                0.2,
                0.02
            ]
        },
        "collider2": {
            "type": "Box",
            "collider2origin": [
                [
                    -0.36860760631558975,
                    -0.8608069428263785,
                    0.3509128663189698,
                    0.25505336998815964
                ],
                [
                    -0.6234714706941645,
                    0.508931633072448,
                    0.593524993651208,
                    1.06693046021676
                ],
                [
                    -0.6895010933977891,
                    -6.333651145457482e-06,
                    -0.7242846416728288,
                    -0.31989611497227
                ],
                [
                    0.0,
                    0.0,
                    0.0,
                    1.0
                ]
            ],
            "size": [
                0.15068,
                0.17726,
                0.74884
            ]
        },
        "distance": 0.0
    },
    {
        "case": 10,
        "collider1": {
            "type": "Box",
            "collider2origin": [
                [
                    0.907778172512869,
                    0.4194505805326725,
                    0.0,
                    0.9947946797881562
                ],
                [
                    -0.4194505805326725,
                    0.907778172512869,
                    0.0,
                    0.5317739604993647
                ],
                [
                    0.0,
                    0.0,
                    1.0,
                    -0.69
                ],
                [
                    0.0,
                    0.0,
                    0.0,
                    1.0
                ]
            ],
            "size": [
                0.6,
                1.2,
                0.75
            ]
        },
        "collider2": {
            "type": "Box",
            "collider2origin": [
                [
                    -0.36860760631558975,
                    -0.8608069428263785,
                    0.3509128663189698,
                    0.25505336998815964
                ],
                [
                    -0.6234714706941645,
                    0.508931633072448,
                    0.593524993651208,
                    1.06693046021676
                ],
                [
                    -0.6895010933977891,
                    -6.333651145457482e-06,
                    -0.7242846416728288,
                    -0.31989611497227
                ],
                [
                    0.0,
                    0.0,
                    0.0,
                    1.0
                ]
            ],
            "size": [
                0.15068,
                0.17726,
                0.74884
            ]
        },
        "distance": 0.4762497031941739
    },
    {
        "case": 11,
        "collider1": {
            "type": "Box",
            "collider2origin": [
                [
                    0.718022042059392,
                    -0.6960203640101781,
                    0.0,
                    0.13748258467077087
                ],
                [
                    0.6960203640101781,
                    0.718022042059392,
                    0.0,
                    1.5384737068316263
                ],
                [
                    0.0,
                    0.0,
                    1.0,
                    -0.21500000000000008
                ],
                [
                    0.0,
                    0.0,
                    0.0,
                    1.0
                ]
            ],
            "size": [
                0.2,
                0.3,
                0.22
            ]
        },
        "collider2": {
            "type": "Box",
            "collider2origin": [
                [
                    -0.36860760631558975,
                    -0.8608069428263785,
                    0.3509128663189698,
                    0.25505336998815964
                ],
                [
                    -0.6234714706941645,
                    0.508931633072448,
                    0.593524993651208,
                    1.06693046021676
                ],
                [
                    -0.6895010933977891,
                    -6.333651145457482e-06,
                    -0.7242846416728288,
                    -0.31989611497227
                ],
                [
                    0.0,
                    0.0,
                    0.0,
                    1.0
                ]
            ],
            "size": [
                0.15068,
                0.17726,
                0.74884
            ]
        },
        "distance": 0.15295114819321035
    },
    {
        "case": 12,
        "collider1": {
            "type": "Box",
            "collider2origin": [
                [
                    0.8404842512412337,
                    -0.5418359746412772,
                    0.0,
                    0.011439976095501792
                ],
                [
                    0.5418359746412771,
                    0.8404842512412338,
                    0.0,
                    1.4325762997644957
                ],
                [
                    0.0,
                    0.0,
                    1.0,
                    -0.21500000000000008
                ],
                [
                    0.0,
                    0.0,
                    0.0,
                    1.0
                ]
            ],
            "size": [
                0.2,
                0.3,
                0.22
            ]
        },
        "collider2": {
            "type": "Box",
            "collider2origin": [
                [
                    -0.36860760631558975,
                    -0.8608069428263785,
                    0.3509128663189698,
                    0.25505336998815964
                ],
                [
                    -0.6234714706941645,
                    0.508931633072448,
                    0.593524993651208,
                    1.06693046021676
                ],
                [
                    -0.6895010933977891,
                    -6.333651145457482e-06,
                    -0.7242846416728288,
                    -0.31989611497227
                ],
                [
                    0.0,
                    0.0,
                    0.0,
                    1.0
                ]
            ],
            "size": [
                0.15068,
                0.17726,
                0.74884
            ]
        },
        "distance": 0.14880084670959268
    },
    {
        "case": 13,
        "collider1": {
            "type": "Box",
            "collider2origin": [
                [
                    0.9081427509232697,
                    -0.4186606548811531,
                    0.0,
                    -0.09474126814702305
                ],
                [
                    0.41866065488115317,
                    0.9081427509232698,
                    0.0,
                    1.368923948110301
                ],
                [
                    0.0,
                    0.0,
                    1.0,
                    -0.21500000000000008
                ],
                [
                    0.0,
                    0.0,
                    0.0,
                    1.0
                ]
            ],
            "size": [
                0.2,
                0.3,
                0.22
            ]
        },
        "collider2": {
            "type": "Box",
            "collider2origin": [
                [
                    -0.36860760631558975,
                    -0.8608069428263785,
                    0.3509128663189698,
                    0.25505336998815964
                ],
                [
                    -0.6234714706941645,
                    0.508931633072448,
                    0.593524993651208,
                    1.06693046021676
                ],
                [
                    -0.6895010933977891,
                    -6.333651145457482e-06,
                    -0.7242846416728288,
                    -0.31989611497227
                ],
                [
                    0.0,
                    0.0,
                    0.0,
                    1.0
                ]
            ],
            "size": [
                0.15068,
                0.17726,
                0.74884
            ]
        },
        "distance": 0.18591764569122274
    },
    {
        "case": 14,
        "collider1": {
            "type": "Box",
            "collider2origin": [
                [
                    0.9077781725128689,
                    0.4194505805326724,
                    0.0,
                    0.4158817547107895
                ],
                [
                    -0.4194505805326724,
                    0.9077781725128689,
                    0.0,
                    0.733173894971941
                ],
                [
                    0.0,
                    0.0,
                    1.0,
                    -0.6599999999999999
                ],
                [
                    0.0,
                    0.0,
                    0.0,
                    1.0
                ]
            ],
            "size": [
                0.6,
                1.0,
                0.8
            ]
        },
        "collider2": {
            "type": "Box",
            "collider2origin": [
                [
                    0.32786520329770696,
                    -0.860806802003885,
                    0.38925063659600817,
                    0.5823834403229964
                ],
                [
                    0.5545488768229507,
                    0.5089318712972655,
                    0.6583797487713816,
                    1.372332813069264
                ],
                [
                    -0.7648398209304724,
                    -1.3068510873420512e-06,
                    0.6442204966603708,
                    -0.3652781914835558
                ],
                [
                    0.0,
                    0.0,
                    0.0,
                    1.0
                ]
            ],
            "size": [
                0.1202,
                0.13634,
                0.67816
            ]
        },
        "distance": 0.0
    },
    {
        "case": 15,
        "collider1": {
            "type": "Box",
            "collider2origin": [
                [
                    0.907778172512869,
                    0.4194505805326725,
                    0.0,
                    0.9947946797881562
                ],
                [
                    -0.4194505805326725,
                    0.907778172512869,
                    0.0,
                    0.5317739604993647
                ],
                [
                    0.0,
                    0.0,
                    1.0,
                    -0.69
                ],
                [
                    0.0,
                    0.0,
                    0.0,
                    1.0
                ]
            ],
            "size": [
                0.6,
                1.2,
                0.75
            ]
        },
        "collider2": {
            "type": "Box",
            "collider2origin": [
                [
                    0.32786520329770696,
                    -0.860806802003885,
                    0.38925063659600817,
                    0.5823834403229964
                ],
                [
                    0.5545488768229507,
                    0.5089318712972655,
                    0.6583797487713816,
                    1.372332813069264
                ],
                [
                    -0.7648398209304724,
                    -1.3068510873420512e-06,
                    0.6442204966603708,
                    -0.3652781914835558
                ],
                [
                    0.0,
                    0.0,
                    0.0,
                    1.0
                ]
            ],
            "size": [
                0.1202,
                0.13634,
                0.67816
            ]
        },
        "distance": 0.35559672848106416
    },
    {
        "case": 16,
        "collider1": {
            "type": "Box",
            "collider2origin": [
                [
                    -0.49996093967317806,
                    0.8660479541001831,
                    0.0,
                    0.23518030403224222
                ],
                [
                    -0.8660479541001831,
                    -0.49996093967317806,
                    0.0,
                    1.6545490191575776
                ],
                [
                    0.0,
                    0.0,
                    1.0,
                    -0.21500000000000008
                ],
                [
                    0.0,
                    0.0,
                    0.0,
                    1.0
                ]
            ],
            "size": [
                0.2,
                0.3,
                0.22
            ]
        },
        "collider2": {
            "type": "Box",
            "collider2origin": [
                [
                    0.32786520329770696,
                    -0.860806802003885,
                    0.38925063659600817,
                    0.5823834403229964
                ],
                [
                    0.5545488768229507,
                    0.5089318712972655,
                    0.6583797487713816,
                    1.372332813069264
                ],
                [
                    -0.7648398209304724,
                    -1.3068510873420512e-06,
                    0.6442204966603708,
                    -0.3652781914835558
                ],
                [
                    0.0,
                    0.0,
                    0.0,
                    1.0
                ]
            ],
            "size": [
                0.1202,
                0.13634,
                0.67816
            ]
        },
        "distance": 0.22330270924708462
    },
    {
        "case": 17,
        "collider1": {
            "type": "Cylinder",
            "collider2origin": [
                [
                    0.907778172512869,
                    0.4194505805326725,
                    0.0,
                    0.41976000612504893
                ],
                [
                    -0.4194505805326725,
                    0.907778172512869,
                    0.0,
                    1.6236691588060355
                ],
                [
                    0.0,
                    0.0,
                    1.0,
                    -0.18000000000000016
                ],
                [
                    0.0,
                    0.0,
                    0.0,
                    1.0
                ]
            ],
            "radius": 0.04,
            "height": 0.3
        },
        "collider2": {
            "type": "Box",
            "collider2origin": [
                [
                    0.32786520329770696,
                    -0.860806802003885,
                    0.38925063659600817,
                    0.5823834403229964
                ],
                [
                    0.5545488768229507,
                    0.5089318712972655,
                    0.6583797487713816,
                    1.372332813069264
                ],
                [
                    -0.7648398209304724,
                    -1.3068510873420512e-06,
                    0.6442204966603708,
                    -0.3652781914835558
                ],
                [
                    0.0,
                    0.0,
                    0.0,
                    1.0
                ]
            ],
            "size": [
                0.1202,
                0.13634,
                0.67816
            ]
        },
        "distance": 0.15973018534611544
    },
    {
        "case": 18,
        "collider1": {
            "type": "Box",
            "collider2origin": [
                [
                    0.907778172512869,
                    0.4194505805326725,
                    0.0,
                    0.3318610395686135
                ],
                [
                    -0.4194505805326725,
                    0.907778172512869,
                    0.0,
                    1.862570334354233
                ],
                [
                    0.0,
                    0.0,
                    1.0,
                    -0.21500000000000008
                ],
                [
                    0.0,
                    0.0,
                    0.0,
                    1.0
                ]
            ],
            "size": [
                0.3,
                0.46,
                0.22
            ]
        },
        "collider2": {
            "type": "Box",
            "collider2origin": [
                [
                    0.32786520329770696,
                    -0.860806802003885,
                    0.38925063659600817,
                    0.5823834403229964
                ],
                [
                    0.5545488768229507,
                    0.5089318712972655,
                    0.6583797487713816,
                    1.372332813069264
                ],
                [
                    -0.7648398209304724,
                    -1.3068510873420512e-06,
                    0.6442204966603708,
                    -0.3652781914835558
                ],
                [
                    0.0,
                    0.0,
                    0.0,
                    1.0
                ]
            ],
            "size": [
                0.1202,
                0.13634,
                0.67816
            ]
        },
        "distance": 0.22453047870843595
    }
]