[
    {
        "case": 0,
        "collider1": {
            "type": "Box",
            "collider2origin": [
                [
                    0.907778172512869,
                    0.4194505805326725,
                    0.0,
                    -1.612083837096907
                ],
                [
                    -0.4194505805326725,
                    0.907778172512869,
                    0.0,
                    -0.24654756573714753
                ],
                [
                    0.0,
                    0.0,
                    1.0,
                    -0.040000000000000036
                ],
                [
                    0.0,
                    0.0,
                    0.0,
                    1.0
                ]
            ],
            "size": [
                2.0,
                2.0,
                2.0
            ]
        },
        "collider2": {
            "type": "Box",
            "collider2origin": [
                [
                    -0.30739644018960444,
                    -0.7343715231505158,
                    -0.6051494811568052,
                    -0.009673915987498116
                ],
                [
                    0.3325904123519321,
                    -0.6787477189512705,
                    0.6547405223674636,
                    0.8778998276442944
                ],
                [
                    -0.8915666246390846,
                    -2.0096488592263434e-06,
                    0.4528895602965809,
                    0.033240814731842816
                ],
                [
                    0.0,
                    0.0,
                    0.0,
                    1.0
                ]
            ],
            "size": [
                0.15068,
                0.17726,
                0.74884
            ]
        },
        "distance": 0.5452201941074176
    },
    {
        "case": 1,
        "collider1": {
            "type": "Box",
            "collider2origin": [
                [
                    0.9081427509232697,
                    -0.4186606548811531,
                    0.0,
                    -0.09474126814702305
                ],
                [
                    0.41866065488115317,
                    0.9081427509232698,
                    0.0,
                    1.368923948110301
                ],
                [
                    0.0,
                    0.0,
                    1.0,
                    -0.21500000000000008
                ],
                [
                    0.0,
                    0.0,
                    0.0,
                    1.0
                ]
            ],
            "size": [
                0.2,
                0.3,
                0.22
            ]
        },
        "collider2": {
            "type": "Box",
            "collider2origin": [
                [
                    -0.30739644018960444,
                    -0.7343715231505158,
                    -0.6051494811568052,
                    -0.009673915987498116
                ],
                [
                    0.3325904123519321,
                    -0.6787477189512705,
                    0.6547405223674636,
                    0.8778998276442944
                ],
                [
                    -0.8915666246390846,
                    -2.0096488592263434e-06,
                    0.4528895602965809,
                    0.033240814731842816
                ],
                [
                    0.0,
                    0.0,
                    0.0,
                    1.0
                ]
            ],
            "size": [
                0.15068,
                0.17726,
                0.74884
            ]
        },
        "distance": 0.19114177347278508
    },
    {
        "case": 2,
        "collider1": {
            "type": "Box",
            "collider2origin": [
                [
                    0.9798474486812189,
                    -0.1997472836183421,
                    0.0,
                    -0.20628161272202655
                ],
                [
                    0.19974728361834207,
                    0.9798474486812188,
                    0.0,
                    1.335871448475788
                ],
                [
                    0.0,
                    0.0,
                    1.0,
                    -0.21500000000000008
                ],
                [
                    0.0,
                    0.0,
                    0.0,
                    1.0
                ]
            ],
            "size": [
                0.2,
                0.3,
                0.22
            ]
        },
        "collider2": {
            "type": "Box",
            "collider2origin": [
                [
                    -0.30739644018960444,
                    -0.7343715231505158,
                    -0.6051494811568052,
                    -0.009673915987498116
                ],
                [
                    0.3325904123519321,
                    -0.6787477189512705,
                    0.6547405223674636,
                    0.8778998276442944
                ],
                [
                    -0.8915666246390846,
                    -2.0096488592263434e-06,
                    0.4528895602965809,
                    0.033240814731842816
                ],
                [
                    0.0,
                    0.0,
                    0.0,
                    1.0
                ]
            ],
            "size": [
                0.15068,
                0.17726,
                0.74884
            ]
        },
        "distance": 0.19536358782074206
    },
    {
        "case": 3,
        "collider1": {
            "type": "Box",
            "collider2origin": [
                [
                    0.9984065575563776,
                    -0.05643000822632935,
                    0.0,
                    -0.3111399560290343
                ],
                [
                    0.05643000822632935,
                    0.9984065575563776,
                    0.0,
                    1.3240986306775833
                ],
                [
                    0.0,
                    0.0,
                    1.0,
                    -0.21500000000000008
                ],
                [
                    0.0,
                    0.0,
                    0.0,
                    1.0
                ]
            ],
            "size": [
                0.2,
                0.3,
                0.22
            ]
        },
        "collider2": {
            "type": "Box",
            "collider2origin": [
                [
                    -0.30739644018960444,
                    -0.7343715231505158,
                    -0.6051494811568052,
                    -0.009673915987498116
                ],
                [
                    0.3325904123519321,
                    -0.6787477189512705,
                    0.6547405223674636,
                    0.8778998276442944
                ],
                [
                    -0.8915666246390846,
                    -2.0096488592263434e-06,
                    0.4528895602965809,
                    0.033240814731842816
                ],
                [
                    0.0,
                    0.0,
                    0.0,
                    1.0
                ]
            ],
            "size": [
                0.15068,
                0.17726,
                0.74884
            ]
        },
        "distance": 0.20775704897327538
    },
    {
        "case": 4,
        "collider1": {
            "type": "Box",
            "collider2origin": [
                [
                    0.9997288002091077,
                    0.023287894547555033,
                    0.0,
                    -0.42010216954734814
                ],
                [
                    -0.02328789454755501,
                    0.9997288002091077,
                    0.0,
                    1.3190360102899432
                ],
                [
                    0.0,
                    0.0,
                    1.0,
                    -0.21500000000000008
                ],
                [
                    0.0,
                    0.0,
                    0.0,
                    1.0
                ]
            ],
            "size": [
                0.2,
                0.3,
                0.22
            ]
        },
        "collider2": {
            "type": "Box",
            "collider2origin": [
                [
                    -0.30739644018960444,
                    -0.7343715231505158,
                    -0.6051494811568052,
                    -0.009673915987498116
                ],
                [
                    0.3325904123519321,
                    -0.6787477189512705,
                    0.6547405223674636,
                    0.8778998276442944
                ],
                [
                    -0.8915666246390846,
                    -2.0096488592263434e-06,
                    0.4528895602965809,
                    0.033240814731842816
                ],
                [
                    0.0,
                    0.0,
                    0.0,
                    1.0
                ]
            ],
            "size": [
                0.15068,
                0.17726,
                0.74884
            ]
        },
        "distance": 0.24048566538313254
    },
    {
        "case": 5,
        "collider1": {
            "type": "Box",
            "collider2origin": [
                [
                    0.907778172512869,
                    0.4194505805326725,
                    0.0,
                    -0.7418785952877999
                ],
                [
                    -0.4194505805326725,
                    0.907778172512869,
                    0.0,
                    1.2791466490804724
                ],
                [
                    0.0,
                    0.0,
                    1.0,
                    0.27
                ],
                [
                    0.0,
                    0.0,
                    0.0,
                    1.0
                ]
            ],
            "size": [
                0.52,
                1.16,
                0.6
            ]
        },
        "collider2": {
            "type": "Box",
            "collider2origin": [
                [
                    -0.30739644018960444,
                    -0.7343715231505158,
                    -0.6051494811568052,
                    -0.009673915987498116
                ],
                [
                    0.3325904123519321,
                    -0.6787477189512705,
                    0.6547405223674636,
                    0.8778998276442944
                ],
                [
                    -0.8915666246390846,
                    -2.0096488592263434e-06,
                    0.4528895602965809,
                    0.033240814731842816
                ],
                [
                    0.0,
                    0.0,
                    0.0,
                    1.0
                ]
            ],
            "size": [
                0.15068,
                0.17726,
                0.74884
            ]
        },
        "distance": 0.19908515094916251
    },
    {
        "case": 6,
        "collider1": {
            "type": "Cylinder",
            "collider2origin": [
                [
                    0.907778172512869,
                    0.4194505805326725,
                    0.0,
                    -0.07232761537572224
                ],
                [
                    -0.4194505805326725,
                    0.907778172512869,
                    0.0,
                    1.2000044650142188
                ],
                [
                    0.0,
                    0.0,
                    1.0,
                    -0.5800000000000001
                ],
                [
                    0.0,
                    0.0,
                    0.0,
                    1.0
                ]
            ],
            "radius": 0.04,
            "height": 0.96
        },
        "collider2": {
            "type": "Box",
            "collider2origin": [
                [
                    -0.30739644018960444,
                    -0.7343715231505158,
                    -0.6051494811568052,
                    -0.009673915987498116
                ],
                [
                    0.3325904123519321,
                    -0.6787477189512705,
                    0.6547405223674636,
                    0.8778998276442944
                ],
                [
                    -0.8915666246390846,
                    -2.0096488592263434e-06,
                    0.4528895602965809,
                    0.033240814731842816
                ],
                [
                    0.0,
                    0.0,
                    0.0,
                    1.0
                ]
            ],
            "size": [
                0.15068,
                0.17726,
                0.74884
            ]
        },
        "distance": 0.16649497266288626
    },
    {
        "case": 7,
        "collider1": {
            "type": "Box",
            "collider2origin": [
                [
                    0.907778172512869,
                    0.4194505805326725,
                    0.0,
                    -1.612083837096907
                ],
                [
                    -0.4194505805326725,
                    0.907778172512869,
                    0.0,
                    -0.24654756573714753
                ],
                [
                    0.0,
                    0.0,
                    1.0,
                    -0.040000000000000036
                ],
                [
                    0.0,
                    0.0,
                    0.0,
                    1.0
                ]
            ],
            "size": [
                2.0,
                2.0,
                2.0
            ]
        },
        "collider2": {
            "type": "Box",
            "collider2origin": [
                [
                    -0.30739644018960444,
                    -0.7343715231505158,
                    -0.6051494811568052,
                    -0.009673915987498116
                ],
                [
                    0.3325904123519321,
                    -0.6787477189512705,
                    0.6547405223674636,
                    0.8778998276442944
                ],
                [
                    -0.8915666246390846,
                    -2.0096488592263434e-06,
                    0.4528895602965809,
                    0.033240814731842816
                ],
                [
                    0.0,
                    0.0,
                    0.0,
                    1.0
                ]
            ],
            "size": [
                0.15068,
                0.17726,
                0.74884
            ]
        },
        "distance": 0.5452201941074176
    },
    {
        "case": 8,
        "collider1": {
            "type": "Box",
            "collider2origin": [
                [
                    0.9081427509232697,
                    -0.4186606548811531,
                    0.0,
                    -0.09474126814702305
                ],
                [
                    0.41866065488115317,
                    0.9081427509232698,
                    0.0,
                    1.368923948110301
                ],
                [
                    0.0,
                    0.0,
                    1.0,
                    -0.21500000000000008
                ],
                [
                    0.0,
                    0.0,
                    0.0,
                    1.0
                ]
            ],
            "size": [
                0.2,
                0.3,
                0.22
            ]
        },
        "collider2": {
            "type": "Box",
            "collider2origin": [
                [
                    -0.30739644018960444,
                    -0.7343715231505158,
                    -0.6051494811568052,
                    -0.009673915987498116
                ],
                [
                    0.3325904123519321,
                    -0.6787477189512705,
                    0.6547405223674636,
                    0.8778998276442944
                ],
                [
                    -0.8915666246390846,
                    -2.0096488592263434e-06,
                    0.4528895602965809,
                    0.033240814731842816
                ],
                [
                    0.0,
                    0.0,
                    0.0,
                    1.0
                ]
            ],
            "size": [
                0.15068,
                0.17726,
                0.74884
            ]
        },
        "distance": 0.19114177347278508
    },
    {
        "case": 9,
        "collider1": {
            "type": "Box",
            "collider2origin": [
                [
                    0.9798474486812189,
                    -0.1997472836183421,
                    0.0,
                    -0.20628161272202655
                ],
                [
                    0.19974728361834207,
                    0.9798474486812188,
                    0.0,
                    1.335871448475788
                ],
                [
                    0.0,
                    0.0,
                    1.0,
                    -0.21500000000000008
                ],
                [
                    0.0,
                    0.0,
                    0.0,
                    1.0
                ]
            ],
            "size": [
                0.2,
                0.3,
                0.22
            ]
        },
        "collider2": {
            "type": "Box",
            "collider2origin": [
                [
                    -0.30739644018960444,
                    -0.7343715231505158,
                    -0.6051494811568052,
                    -0.009673915987498116
                ],
                [
                    0.3325904123519321,
                    -0.6787477189512705,
                    0.6547405223674636,
                    0.8778998276442944
                ],
                [
                    -0.8915666246390846,
                    -2.0096488592263434e-06,
                    0.4528895602965809,
                    0.033240814731842816
                ],
                [
                    0.0,
                    0.0,
                    0.0,
                    1.0
                ]
            ],
            "size": [
                0.15068,
                0.17726,
                0.74884
            ]
        },
        "distance": 0.19536358782074206
    },
    {
        "case": 10,
        "collider1": {
            "type": "Box",
            "collider2origin": [
                [
                    0.9984065575563776,
                    -0.05643000822632935,
                    0.0,
                    -0.3111399560290343
                ],
                [
                    0.05643000822632935,
                    0.9984065575563776,
                    0.0,
                    1.3240986306775833
                ],
                [
                    0.0,
                    0.0,
                    1.0,
                    -0.21500000000000008
                ],
                [
                    0.0,
                    0.0,
                    0.0,
                    1.0
                ]
            ],
            "size": [
                0.2,
                0.3,
                0.22
            ]
        },
        "collider2": {
            "type": "Box",
            "collider2origin": [
                [
                    -0.30739644018960444,
                    -0.7343715231505158,
                    -0.6051494811568052,
                    -0.009673915987498116
                ],
                [
                    0.3325904123519321,
                    -0.6787477189512705,
                    0.6547405223674636,
                    0.8778998276442944
                ],
                [
                    -0.8915666246390846,
                    -2.0096488592263434e-06,
                    0.4528895602965809,
                    0.033240814731842816
                ],
                [
                    0.0,
                    0.0,
                    0.0,
                    1.0
                ]
            ],
            "size": [
                0.15068,
                0.17726,
                0.74884
            ]
        },
        "distance": 0.20775704897327538
    },
    {
        "case": 11,
        "collider1": {
            "type": "Box",
            "collider2origin": [
                [
                    0.9997288002091077,
                    0.023287894547555033,
                    0.0,
                    -0.42010216954734814
                ],
                [
                    -0.02328789454755501,
                    0.9997288002091077,
                    0.0,
                    1.3190360102899432
                ],
                [
                    0.0,
                    0.0,
                    1.0,
                    -0.21500000000000008
                ],
                [
                    0.0,
                    0.0,
                    0.0,
                    1.0
                ]
            ],
            "size": [
                0.2,
                0.3,
                0.22
            ]
        },
        "collider2": {
            "type": "Box",
            "collider2origin": [
                [
                    -0.30739644018960444,
                    -0.7343715231505158,
                    -0.6051494811568052,
                    -0.009673915987498116
                ],
                [
                    0.3325904123519321,
                    -0.6787477189512705,
                    0.6547405223674636,
                    0.8778998276442944
                ],
                [
                    -0.8915666246390846,
                    -2.0096488592263434e-06,
                    0.4528895602965809,
                    0.033240814731842816
                ],
                [
                    0.0,
                    0.0,
                    0.0,
                    1.0
                ]
            ],
            "size": [
                0.15068,
                0.17726,
                0.74884
            ]
        },
        "distance": 0.24048566538313254
    },
    {
        "case": 12,
        "collider1": {
            "type": "Box",
            "collider2origin": [
                [
                    0.907778172512869,
                    0.4194505805326725,
                    0.0,
                    -0.7418785952877999
                ],
                [
                    -0.4194505805326725,
                    0.907778172512869,
                    0.0,
                    1.2791466490804724
                ],
                [
                    0.0,
                    0.0,
                    1.0,
                    0.27
                ],
                [
                    0.0,
                    0.0,
                    0.0,
                    1.0
                ]
            ],
            "size": [
                0.52,
                1.16,
                0.6
            ]
        },
        "collider2": {
            "type": "Box",
            "collider2origin": [
                [
                    -0.30739644018960444,
                    -0.7343715231505158,
                    -0.6051494811568052,
                    -0.009673915987498116
                ],
                [
                    0.3325904123519321,
                    -0.6787477189512705,
                    0.6547405223674636,
                    0.8778998276442944
                ],
                [
                    -0.8915666246390846,
                    -2.0096488592263434e-06,
                    0.4528895602965809,
                    0.033240814731842816
                ],
                [
                    0.0,
                    0.0,
                    0.0,
                    1.0
                ]
            ],
            "size": [
                0.15068,
                0.17726,
                0.74884
            ]
        },
        "distance": 0.19908515094916251
    },
    {
        "case": 13,
        "collider1": {
            "type": "Cylinder",
            "collider2origin": [
                [
                    0.907778172512869,
                    0.4194505805326725,
                    0.0,
                    -0.07232761537572224
                ],
                [
                    -0.4194505805326725,
                    0.907778172512869,
                    0.0,
                    1.2000044650142188
                ],
                [
                    0.0,
                    0.0,
                    1.0,
                    -0.5800000000000001
                ],
                [
                    0.0,
                    0.0,
                    0.0,
                    1.0
                ]
            ],
            "radius": 0.04,
            "height": 0.96
        },
        "collider2": {
            "type": "Box",
            "collider2origin": [
                [
                    -0.30739644018960444,
                    -0.7343715231505158,
                    -0.6051494811568052,
                    -0.009673915987498116
                ],
                [
                    0.3325904123519321,
                    -0.6787477189512705,
                    0.6547405223674636,
                    0.8778998276442944
                ],
                [
                    -0.8915666246390846,
                    -2.0096488592263434e-06,
                    0.4528895602965809,
                    0.033240814731842816
                ],
                [
                    0.0,
                    0.0,
                    0.0,
                    1.0
                ]
            ],
            "size": [
                0.15068,
                0.17726,
                0.74884
            ]
        },
        "distance": 0.16649497266288626
    }
]