[
    {
        "case": 0,
        "collider1": {
            "type": "Box",
            "collider2origin": [
                [
                    0.907778172512869,
                    0.4194505805326725,
                    0.0,
                    1.1611274528425521
                ],
                [
                    -0.4194505805326725,
                    0.907778172512869,
                    0.0,
                    2.3937174098575977
                ],
                [
                    0.0,
                    0.0,
                    1.0,
                    -0.040000000000000036
                ],
                [
                    0.0,
                    0.0,
                    0.0,
                    1.0
                ]
            ],
            "size": [
                0.62,
                1.2,
                2.0
            ]
        },
        "collider2": {
            "type": "Cylinder",
            "collider2origin": [
                [
                    0.4465075905860227,
                    0.12379400725746015,
                    -0.8861749349401643,
                    0.6164400225122144
                ],
                [
                    0.340648475216734,
                    0.8922852183987388,
                    0.29628652578142817,
                    1.8642682258693715
                ],
                [
                    0.8273992916854465,
                    -0.43416832311242426,
                    0.3562418831695207,
                    0.0683218393760372
                ],
                [
                    0.0,
                    0.0,
                    0.0,
                    1.0
                ]
            ],
            "radius": 0.00783,
            "height": 0.03044
        },
        "distance": 0.0997395433762005
    },
    {
        "case": 1,
        "collider1": {
            "type": "Box",
            "collider2origin": [
                [
                    0.907778172512869,
                    0.4194505805326725,
                    0.0,
                    1.1611274528425521
                ],
                [
                    -0.4194505805326725,
                    0.907778172512869,
                    0.0,
                    2.3937174098575977
                ],
                [
                    0.0,
                    0.0,
                    1.0,
                    -0.040000000000000036
                ],
                [
                    0.0,
                    0.0,
                    0.0,
                    1.0
                ]
            ],
            "size": [
                0.62,
                1.2,
                2.0
            ]
        },
        "collider2": {
            "type": "Cylinder",
            "collider2origin": [
                [
                    -0.13381513072575837,
                    -0.051754131014872785,
                    -0.9896539903985347,
                    0.6078873883732108
                ],
                [
                    0.8469169966606034,
                    0.5126010084457004,
                    -0.141321643451504,
                    1.9518637897978632
                ],
                [
                    0.5146116123410269,
                    -0.8570657594743512,
                    -0.024762317751421622,
                    0.10857526327264932
                ],
                [
                    0.0,
                    0.0,
                    0.0,
                    1.0
                ]
            ],
            "radius": 0.01271,
            "height": 0.05982
        },
        "distance": 0.006239138316120842
    },
    {
        "case": 2,
        "collider1": {
            "type": "Box",
            "collider2origin": [
                [
                    0.907778172512869,
                    0.4194505805326725,
                    0.0,
                    1.1611274528425521
                ],
                [
                    -0.4194505805326725,
                    0.907778172512869,
                    0.0,
                    2.3937174098575977
                ],
                [
                    0.0,
                    0.0,
                    1.0,
                    -0.040000000000000036
                ],
                [
                    0.0,
                    0.0,
                    0.0,
                    1.0
                ]
            ],
            "size": [
                0.62,
                1.2,
                2.0
            ]
        },
        "collider2": {
            "type": "Cylinder",
            "collider2origin": [
                [
                    -0.10516244845567234,
                    0.03342701008641028,
                    -0.993893100102567,
                    0.6225435644574449
                ],
                [
                    0.872753531290998,
                    0.48218860428815025,
                    -0.07612767902503313,
                    1.9534840791189583
                ],
                [
                    0.47669920605545446,
                    -0.8754294859617928,
                    -0.07988167533777955,
                    0.10698678440786313
                ],
                [
                    0.0,
                    0.0,
                    0.0,
                    1.0
                ]
            ],
            "radius": 0.01169,
            "height": 0.05502
        },
        "distance": 0.0019571769175391438
    },
    {
        "case": 3,
        "collider1": {
            "type": "Box",
            "collider2origin": [
                [
                    0.907778172512869,
                    0.4194505805326725,
                    0.0,
                    1.1611274528425521
                ],
                [
                    -0.4194505805326725,
                    0.907778172512869,
                    0.0,
                    2.3937174098575977
                ],
                [
                    0.0,
                    0.0,
                    1.0,
                    -0.040000000000000036
                ],
                [
                    0.0,
                    0.0,
                    0.0,
                    1.0
                ]
            ],
            "size": [
                0.62,
                1.2,
                2.0
            ]
        },
        "collider2": {
            "type": "Sphere",
            "collider2origin": [
                [
                    1.0,
                    0.0,
                    0.0,
                    0.6373262305697525
                ],
                [
                    0.0,
                    1.0,
                    0.0,
                    1.929853503387425
                ],
                [
                    0.0,
                    0.0,
                    1.0,
                    0.05026828206884737
                ],
                [
                    0.0,
                    0.0,
                    0.0,
                    1.0
                ]
            ],
            "radius": 0.00487
        },
        "distance": 0.03592425607622311
    },
    {
        "case": 4,
        "collider1": {
            "type": "Box",
            "collider2origin": [
                [
                    0.907778172512869,
                    0.4194505805326725,
                    0.0,
                    1.1611274528425521
                ],
                [
                    -0.4194505805326725,
                    0.907778172512869,
                    0.0,
                    2.3937174098575977
                ],
                [
                    0.0,
                    0.0,
                    1.0,
                    -0.040000000000000036
                ],
                [
                    0.0,
                    0.0,
                    0.0,
                    1.0
                ]
            ],
            "size": [
                0.62,
                1.2,
                2.0
            ]
        },
        "collider2": {
            "type": "Cylinder",
            "collider2origin": [
                [
                    0.2965941325327811,
                    -0.9296563115731291,
                    -0.21856592346331447,
                    0.6350524135617945
                ],
                [
                    0.4563699388563952,
                    0.3390131229408935,
                    -0.8226764743093561,
                    1.9160180550520156
                ],
                [
                    0.8389030930061809,
                    0.14425409812586598,
                    0.5248164971859742,
                    0.059006240959374345
                ],
                [
                    0.0,
                    0.0,
                    0.0,
                    1.0
                ]
            ],
            "radius": 0.0076,
            "height": 0.02993
        },
        "distance": 0.037618171223251645
    },
    {
        "case": 5,
        "collider1": {
            "type": "Box",
            "collider2origin": [
                [
                    0.907778172512869,
                    0.4194505805326725,
                    0.0,
                    1.1611274528425521
                ],
                [
                    -0.4194505805326725,
                    0.907778172512869,
                    0.0,
                    2.3937174098575977
                ],
                [
                    0.0,
                    0.0,
                    1.0,
                    -0.040000000000000036
                ],
                [
                    0.0,
                    0.0,
                    0.0,
                    1.0
                ]
            ],
            "size": [
                0.62,
                1.2,
                2.0
            ]
        },
        "collider2": {
            "type": "Cylinder",
            "collider2origin": [
                [
                    0.30158960560479625,
                    -0.676922471992872,
                    -0.6714310662325673,
                    0.6185615535248499
                ],
                [
                    0.4512480782587366,
                    0.7216960506736525,
                    -0.5249094991613791,
                    1.8909798013472663
                ],
                [
                    0.8398921845445046,
                    -0.14467472949036894,
                    0.5231159919061431,
                    0.07838003735188614
                ],
                [
                    0.0,
                    0.0,
                    0.0,
                    1.0
                ]
            ],
            "radius": 0.00783,
            "height": 0.03683
        },
        "distance": 0.06488684209750058
    },
    {
        "case": 6,
        "collider1": {
            "type": "Box",
            "collider2origin": [
                [
                    0.907778172512869,
                    0.4194505805326725,
                    0.0,
                    1.1611274528425521
                ],
                [
                    -0.4194505805326725,
                    0.907778172512869,
                    0.0,
                    2.3937174098575977
                ],
                [
                    0.0,
                    0.0,
                    1.0,
                    -0.040000000000000036
                ],
                [
                    0.0,
                    0.0,
                    0.0,
                    1.0
                ]
            ],
            "size": [
                0.62,
                1.2,
                2.0
            ]
        },
        "collider2": {
            "type": "Sphere",
            "collider2origin": [
                [
                    1.0,
                    0.0,
                    0.0,
                    0.6451413150516321
                ],
                [
                    0.0,
                    1.0,
                    0.0,
                    1.9546651571196112
                ],
                [
                    0.0,
                    0.0,
                    1.0,
                    0.10855828777702303
                ],
                [
                    0.0,
                    0.0,
                    0.0,
                    1.0
                ]
            ],
            "radius": 0.01051
        },
        "distance": 0.0044827366713607805
    },
    {
        "case": 7,
        "collider1": {
            "type": "Box",
            "collider2origin": [
                [
                    0.907778172512869,
                    0.4194505805326725,
                    0.0,
                    1.1611274528425521
                ],
                [
                    -0.4194505805326725,
                    0.907778172512869,
                    0.0,
                    2.3937174098575977
                ],
                [
                    0.0,
                    0.0,
                    1.0,
                    -0.040000000000000036
                ],
                [
                    0.0,
                    0.0,
                    0.0,
                    1.0
                ]
            ],
            "size": [
                0.62,
                1.2,
                2.0
            ]
        },
        "collider2": {
            "type": "Cylinder",
            "collider2origin": [
                [
                    0.1548045823206876,
                    0.21640828139468657,
                    -0.9639517607413325,
                    0.6375220253850435
                ],
                [
                    0.5440155723652259,
                    0.7957888480116242,
                    0.2660209886540293,
                    1.875894258512961
                ],
                [
                    0.8246712061886559,
                    -0.5655860368892865,
                    0.005462285164395385,
                    0.10821937041724627
                ],
                [
                    0.0,
                    0.0,
                    0.0,
                    1.0
                ]
            ],
            "radius": 0.00683,
            "height": 0.01183
        },
        "distance": 0.08199310947613625
    },
    {
        "case": 8,
        "collider1": {
            "type": "Box",
            "collider2origin": [
                [
                    0.907778172512869,
                    0.4194505805326725,
                    0.0,
                    0.5152274101294649
                ],
                [
                    -0.4194505805326725,
                    0.907778172512869,
                    0.0,
                    2.7362274605469636
                ],
                [
                    0.0,
                    0.0,
                    1.0,
                    -0.04999999999999982
                ],
                [
                    0.0,
                    0.0,
                    0.0,
                    1.0
                ]
            ],
            "size": [
                0.84,
                1.28,
                2.08
            ]
        },
        "collider2": {
            "type": "Box",
            "collider2origin": [
                [
                    -0.29114325684228126,
                    0.9559720365096992,
                    0.03678409176216974,
                    0.3917729362268323
                ],
                [
                    -0.9414207833439523,
                    -0.2931276019160533,
                    0.16674266905325436,
                    1.967047963645329
                ],
                [
                    0.1701837615148072,
                    0.013916695241401473,
                    0.9853140681580818,
                    0.08290704295943807
                ],
                [
                    0.0,
                    0.0,
                    0.0,
                    1.0
                ]
            ],
            "size": [
                0.09126,
                0.11887,
                0.10009
            ]
        },
        "distance": 0.04909530084014535
    },
    {
        "case": 9,
        "collider1": {
            "type": "Box",
            "collider2origin": [
                [
                    0.907778172512869,
                    0.4194505805326725,
                    0.0,
                    0.5152274101294649
                ],
                [
                    -0.4194505805326725,
                    0.907778172512869,
                    0.0,
                    2.7362274605469636
                ],
                [
                    0.0,
                    0.0,
                    1.0,
                    -0.04999999999999982
                ],
                [
                    0.0,
                    0.0,
                    0.0,
                    1.0
                ]
            ],
            "size": [
                0.84,
                1.28,
                2.08
            ]
        },
        "collider2": {
            "type": "Box",
            "collider2origin": [
                [
                    0.21226089347568947,
                    -0.9765204778672766,
                    0.03678409176216974,
                    0.3895447589386444
                ],
                [
                    0.9621793627027833,
                    0.2154245954060557,
                    0.16674266905325436,
                    1.94844496661541
                ],
                [
                    -0.17075182894999366,
                    -5.39444397894973e-08,
                    0.9853140681580818,
                    -0.02484145465752463
                ],
                [
                    0.0,
                    0.0,
                    0.0,
                    1.0
                ]
            ],
            "size": [
                0.09102,
                0.10007,
                0.11882
            ]
        },
        "distance": 0.06342805522753779
    },
    {
        "case": 10,
        "collider1": {
            "type": "Box",
            "collider2origin": [
                [
                    0.907778172512869,
                    0.4194505805326725,
                    0.0,
                    0.5152274101294649
                ],
                [
                    -0.4194505805326725,
                    0.907778172512869,
                    0.0,
                    2.7362274605469636
                ],
                [
                    0.0,
                    0.0,
                    1.0,
                    -0.04999999999999982
                ],
                [
                    0.0,
                    0.0,
                    0.0,
                    1.0
                ]
            ],
            "size": [
                0.84,
                1.28,
                2.08
            ]
        },
        "collider2": {
            "type": "Box",
            "collider2origin": [
                [
                    -0.2493035710349563,
                    0.955972470022068,
                    0.15480428298055895,
                    0.46346641081940165
                ],
                [
                    -0.7862095466970183,
                    -0.2931262161199344,
                    0.5440143105706674,
                    1.946353479921208
                ],
                [
                    0.5654398979128441,
                    0.013916105170484949,
                    0.8246720947535428,
                    0.08843435432014002
                ],
                [
                    0.0,
                    0.0,
                    0.0,
                    1.0
                ]
            ],
            "size": [
                0.08993,
                0.0305,
                0.09007
            ]
        },
        "distance": 0.034726239929588565
    },
    {
        "case": 11,
        "collider1": {
            "type": "Box",
            "collider2origin": [
                [
                    0.9077781725128689,
                    0.4194505805326724,
                    0.0,
                    0.4158817547107895
                ],
                [
                    -0.4194505805326724,
                    0.9077781725128689,
                    0.0,
                    0.733173894971941
                ],
                [
                    0.0,
                    0.0,
                    1.0,
                    -0.6599999999999999
                ],
                [
                    0.0,
                    0.0,
                    0.0,
                    1.0
                ]
            ],
            "size": [
                0.6,
                1.0,
                0.8
            ]
        },
        "collider2": {
            "type": "Box",
            "collider2origin": [
                [
                    0.07184524526070436,
                    -0.9765198669765357,
                    0.20309409182336735,
                    0.4393386378909276
                ],
                [
                    0.3256596552632722,
                    0.21542736454344721,
                    0.920617640250105,
                    1.6553688811150387
                ],
                [
                    -0.9427534405491373,
                    -2.4482258945297376e-06,
                    0.33349055507880604,
                    -0.124709382182006
                ],
                [
                    0.0,
                    0.0,
                    0.0,
                    1.0
                ]
            ],
            "size": [
                0.1202,
                0.13634,
                0.67816
            ]
        },
        "distance": 0.03880203669099797
    },
    {
        "case": 12,
        "collider1": {
            "type": "Box",
            "collider2origin": [
                [
                    -0.49996093967317806,
                    0.8660479541001831,
                    0.0,
                    0.23518030403224222
                ],
                [
                    -0.8660479541001831,
                    -0.49996093967317806,
                    0.0,
                    1.6545490191575776
                ],
                [
                    0.0,
                    0.0,
                    1.0,
                    -0.21500000000000008
                ],
                [
                    0.0,
                    0.0,
                    0.0,
                    1.0
                ]
            ],
            "size": [
                0.2,
                0.3,
                0.22
            ]
        },
        "collider2": {
            "type": "Box",
            "collider2origin": [
                [
                    0.07184524526070436,
                    -0.9765198669765357,
                    0.20309409182336735,
                    0.4393386378909276
                ],
                [
                    0.3256596552632722,
                    0.21542736454344721,
                    0.920617640250105,
                    1.6553688811150387
                ],
                [
                    -0.9427534405491373,
                    -2.4482258945297376e-06,
                    0.33349055507880604,
                    -0.124709382182006
                ],
                [
                    0.0,
                    0.0,
                    0.0,
                    1.0
                ]
            ],
            "size": [
                0.1202,
                0.13634,
                0.67816
            ]
        },
        "distance": 0.0
    },
    {
        "case": 13,
        "collider1": {
            "type": "Box",
            "collider2origin": [
                [
                    0.718022042059392,
                    -0.6960203640101781,
                    0.0,
                    0.13748258467077087
                ],
                [
                    0.6960203640101781,
                    0.718022042059392,
                    0.0,
                    1.5384737068316263
                ],
                [
                    0.0,
                    0.0,
                    1.0,
                    -0.21500000000000008
                ],
                [
                    0.0,
                    0.0,
                    0.0,
                    1.0
                ]
            ],
            "size": [
                0.2,
                0.3,
                0.22
            ]
        },
        "collider2": {
            "type": "Box",
            "collider2origin": [
                [
                    0.07184524526070436,
                    -0.9765198669765357,
                    0.20309409182336735,
                    0.4393386378909276
                ],
                [
                    0.3256596552632722,
                    0.21542736454344721,
                    0.920617640250105,
                    1.6553688811150387
                ],
                [
                    -0.9427534405491373,
                    -2.4482258945297376e-06,
                    0.33349055507880604,
                    -0.124709382182006
                ],
                [
                    0.0,
                    0.0,
                    0.0,
                    1.0
                ]
            ],
            "size": [
                0.1202,
                0.13634,
                0.67816
            ]
        },
        "distance": 0.021140020010525302
    },
    {
        "case": 14,
        "collider1": {
            "type": "Cylinder",
            "collider2origin": [
                [
                    0.907778172512869,
                    0.4194505805326725,
                    0.0,
                    0.41976000612504893
                ],
                [
                    -0.4194505805326725,
                    0.907778172512869,
                    0.0,
                    1.6236691588060355
                ],
                [
                    0.0,
                    0.0,
                    1.0,
                    -0.18000000000000016
                ],
                [
                    0.0,
                    0.0,
                    0.0,
                    1.0
                ]
            ],
            "radius": 0.04,
            "height": 0.3
        },
        "collider2": {
            "type": "Box",
            "collider2origin": [
                [
                    0.07184524526070436,
                    -0.9765198669765357,
                    0.20309409182336735,
                    0.4393386378909276
                ],
                [
                    0.3256596552632722,
                    0.21542736454344721,
                    0.920617640250105,
                    1.6553688811150387
                ],
                [
                    -0.9427534405491373,
                    -2.4482258945297376e-06,
                    0.33349055507880604,
                    -0.124709382182006
                ],
                [
                    0.0,
                    0.0,
                    0.0,
                    1.0
                ]
            ],
            "size": [
                0.1202,
                0.13634,
                0.67816
            ]
        },
        "distance": 0.0
    },
    {
        "case": 15,
        "collider1": {
            "type": "Box",
            "collider2origin": [
                [
                    0.907778172512869,
                    0.4194505805326725,
                    0.0,
                    0.5152274101294649
                ],
                [
                    -0.4194505805326725,
                    0.907778172512869,
                    0.0,
                    2.7362274605469636
                ],
                [
                    0.0,
                    0.0,
                    1.0,
                    -0.04999999999999982
                ],
                [
                    0.0,
                    0.0,
                    0.0,
                    1.0
                ]
            ],
            "size": [
                0.84,
                1.28,
                2.08
            ]
        },
        "collider2": {
            "type": "Box",
            "collider2origin": [
                [
                    0.07184524526070436,
                    -0.9765198669765357,
                    0.20309409182336735,
                    0.4393386378909276
                ],
                [
                    0.3256596552632722,
                    0.21542736454344721,
                    0.920617640250105,
                    1.6553688811150387
                ],
                [
                    -0.9427534405491373,
                    -2.4482258945297376e-06,
                    0.33349055507880604,
                    -0.124709382182006
                ],
                [
                    0.0,
                    0.0,
                    0.0,
                    1.0
                ]
            ],
            "size": [
                0.1202,
                0.13634,
                0.67816
            ]
        },
        "distance": 0.02658158108317246
    },
    {
        "case": 16,
        "collider1": {
            "type": "Box",
            "collider2origin": [
                [
                    0.907778172512869,
                    0.4194505805326725,
                    0.0,
                    0.3318610395686135
                ],
                [
                    -0.4194505805326725,
                    0.907778172512869,
                    0.0,
                    1.862570334354233
                ],
                [
                    0.0,
                    0.0,
                    1.0,
                    -0.21500000000000008
                ],
                [
                    0.0,
                    0.0,
                    0.0,
                    1.0
                ]
            ],
            "size": [
                0.3,
                0.46,
                0.22
            ]
        },
        "collider2": {
            "type": "Box",
            "collider2origin": [
                [
                    0.07184524526070436,
                    -0.9765198669765357,
                    0.20309409182336735,
                    0.4393386378909276
                ],
                [
                    0.3256596552632722,
                    0.21542736454344721,
                    0.920617640250105,
                    1.6553688811150387
                ],
                [
                    -0.9427534405491373,
                    -2.4482258945297376e-06,
                    0.33349055507880604,
                    -0.124709382182006
                ],
                [
                    0.0,
                    0.0,
                    0.0,
                    1.0
                ]
            ],
            "size": [
                0.1202,
                0.13634,
                0.67816
            ]
        },
        "distance": 0.0
    },
    {
        "case": 17,
        "collider1": {
            "type": "Box",
            "collider2origin": [
                [
                    0.907778172512869,
                    0.4194505805326725,
                    0.0,
                    1.1611274528425521
                ],
                [
                    -0.4194505805326725,
                    0.907778172512869,
                    0.0,
                    2.3937174098575977
                ],
                [
                    0.0,
                    0.0,
                    1.0,
                    -0.040000000000000036
                ],
                [
                    0.0,
                    0.0,
                    0.0,
                    1.0
                ]
            ],
            "size": [
                0.62,
                1.2,
                2.0
            ]
        },
        "collider2": {
            "type": "Sphere",
            "collider2origin": [
                [
                    1.0,
                    0.0,
                    0.0,
                    0.6514922089165882
                ],
                [
                    0.0,
                    1.0,
                    0.0,
                    1.8637654899738991
                ],
                [
                    0.0,
                    0.0,
                    1.0,
                    0.04867640263127515
                ],
                [
                    0.0,
                    0.0,
                    0.0,
                    1.0
                ]
            ],
            "radius": 0.00484
        },
        "distance": 0.090005584276366
    },
    {
        "case": 18,
        "collider1": {
            "type": "Box",
            "collider2origin": [
                [
                    0.9077781725128689,
                    0.4194505805326724,
                    0.0,
                    0.4158817547107895
                ],
                [
                    -0.4194505805326724,
                    0.9077781725128689,
                    0.0,
                    0.733173894971941
                ],
                [
                    0.0,
                    0.0,
                    1.0,
                    -0.6599999999999999
                ],
                [
                    0.0,
                    0.0,
                    0.0,
                    1.0
                ]
            ],
            "size": [
                0.6,
                1.0,
                0.8
            ]
        },
        "collider2": {
            "type": "Box",
            "collider2origin": [
                [
                    -0.040680435897194785,
                    -0.9765198359100892,
                    0.2115516773966748,
                    0.19302019619677632
                ],
                [
                    -0.18442185853509638,
                    0.21542750533546692,
                    0.9589471143078737,
                    1.1252739445564157
                ],
                [
                    -0.9820049288214775,
                    -4.36690931052348e-06,
                    -0.18885528785621797,
                    -0.15925444342342643
                ],
                [
                    0.0,
                    0.0,
                    0.0,
                    1.0
                ]
            ],
            "size": [
                0.15068,
                0.17726,
                0.74884
            ]
        },
        "distance": 0.00463733086220035
    },
    {
        "case": 19,
        "collider1": {
            "type": "Box",
            "collider2origin": [
                [
                    0.9077781725128689,
                    0.4194505805326724,
                    0.0,
                    0.27063700059322826
                ],
                [
                    -0.4194505805326724,
                    0.9077781725128689,
                    0.0,
                    0.8002854543438492
                ],
                [
                    0.0,
                    0.0,
                    1.0,
                    -0.25
                ],
                [
                    0.0,
                    0.0,
                    0.0,
                    1.0
                ]
            ],
            "size": [
                0.2,
                0.2,
                0.02
            ]
        },
        "collider2": {
            "type": "Box",
            "collider2origin": [
                [
                    -0.040680435897194785,
                    -0.9765198359100892,
                    0.2115516773966748,
                    0.19302019619677632
                ],
                [
                    -0.18442185853509638,
                    0.21542750533546692,
                    0.9589471143078737,
                    1.1252739445564157
                ],
                [
                    -0.9820049288214775,
                    -4.36690931052348e-06,
                    -0.18885528785621797,
                    -0.15925444342342643
                ],
                [
                    0.0,
                    0.0,
                    0.0,
                    1.0
                ]
            ],
            "size": [
                0.15068,
                0.17726,
                0.74884
            ]
        },
        "distance": 0.0382395690668007
    },
    {
        "case": 20,
        "collider1": {
            "type": "Box",
            "collider2origin": [
                [
                    -0.49996093967317806,
                    0.8660479541001831,
                    0.0,
                    0.23518030403224222
                ],
                [
                    -0.8660479541001831,
                    -0.49996093967317806,
                    0.0,
                    1.6545490191575776
                ],
                [
                    0.0,
                    0.0,
                    1.0,
                    -0.21500000000000008
                ],
                [
                    0.0,
                    0.0,
                    0.0,
                    1.0
                ]
            ],
            "size": [
                0.2,
                0.3,
                0.22
            ]
        },
        "collider2": {
            "type": "Box",
            "collider2origin": [
                [
                    -0.040680435897194785,
                    -0.9765198359100892,
                    0.2115516773966748,
                    0.19302019619677632
                ],
                [
                    -0.18442185853509638,
                    0.21542750533546692,
                    0.9589471143078737,
                    1.1252739445564157
                ],
                [
                    -0.9820049288214775,
                    -4.36690931052348e-06,
                    -0.18885528785621797,
                    -0.15925444342342643
                ],
                [
                    0.0,
                    0.0,
                    0.0,
                    1.0
                ]
            ],
            "size": [
                0.15068,
                0.17726,
                0.74884
            ]
        },
        "distance": 0.003429894939625461
    },
    {
        "case": 21,
        "collider1": {
            "type": "Box",
            "collider2origin": [
                [
                    0.718022042059392,
                    -0.6960203640101781,
                    0.0,
                    0.13748258467077087
                ],
                [
                    0.6960203640101781,
                    0.718022042059392,
                    0.0,
                    1.5384737068316263
                ],
                [
                    0.0,
                    0.0,
                    1.0,
                    -0.21500000000000008
                ],
                [
                    0.0,
                    0.0,
                    0.0,
                    1.0
                ]
            ],
            "size": [
                0.2,
                0.3,
                0.22
            ]
        },
        "collider2": {
            "type": "Box",
            "collider2origin": [
                [
                    -0.040680435897194785,
                    -0.9765198359100892,
                    0.2115516773966748,
                    0.19302019619677632
                ],
                [
                    -0.18442185853509638,
                    0.21542750533546692,
                    0.9589471143078737,
                    1.1252739445564157
                ],
                [
                    -0.9820049288214775,
                    -4.36690931052348e-06,
