[
    {
        "case": 0,
        "collider1": {
            "type": "Box",
            "collider2origin": [
                [
                    -3.673205103346574e-06,
                    -0.9999999999932537,
                    0.0,
                    0.42000000000000004
                ],
                [
                    0.9999999999932537,
                    -3.673205103346574e-06,
                    0.0,
                    -0.395
                ],
                [
                    0.0,
                    0.0,
                    1.0,
                    0.53989
                ],
                [
                    0.0,
                    0.0,
                    0.0,
                    1.0
                ]
            ],
            "size": [
                0.6,
                0.32,
                1.16
            ]
        },
        "collider2": {
            "type": "Box",
            "collider2origin": [
                [
                    -0.13800620560199364,
                    0.971641054750007,
                    -0.19201028081754953,
                    0.20228266405570647
                ],
                [
                    -0.5670762860628168,
                    -0.236460695934768,
                    -0.7889935519782452,
                    0.19461249206718612
                ],
                [
                    -0.8120214116638443,
                    -1.5294210624706408e-06,
                    0.583627644133756,
                    0.5377916590572824
                ],
                [
                    0.0,
                    0.0,
                    0.0,
                    1.0
                ]
            ],
            "size": [
                0.1202,
                0.13634,
                0.67816
            ]
        },
        "distance": 0.056391254047875254
    },
    {
        "case": 1,
        "collider1": {
            "type": "Box",
            "collider2origin": [
                [
                    -3.673205103346574e-06,
                    -0.9999999999932537,
                    0.0,
                    0.42000000000000004
                ],
                [
                    0.9999999999932537,
                    -3.673205103346574e-06,
                    0.0,
                    -0.395
                ],
                [
                    0.0,
                    0.0,
                    1.0,
                    0.53989
                ],
                [
                    0.0,
                    0.0,
                    0.0,
                    1.0
                ]
            ],
            "size": [
                0.6,
                0.32,
                1.16
            ]
        },
        "collider2": {
            "type": "Box",
            "collider2origin": [
                [
                    0.22369793265356117,
                    0.9716414785674767,
                    -0.076629446387993,
                    0.25457165895186495
                ],
                [
                    0.91921452919143,
                    -0.23645895431577657,
                    -0.31485204818655327,
                    -0.06316900785570412
                ],
                [
                    -0.3240430283926828,
                    -7.148212667528773e-06,
                    -0.9460423435021298,
                    0.7057148407359581
                ],
                [
                    0.0,
                    0.0,
                    0.0,
                    1.0
                ]
            ],
            "size": [
                0.09102,
                0.10007,
                0.11882
            ]
        },
        "distance": 0.0
    },
    {
        "case": 2,
        "collider1": {
            "type": "Box",
            "collider2origin": [
                [
                    -3.673205103346574e-06,
                    -0.9999999999932537,
                    0.0,
                    0.42000000000000004
                ],
                [
                    0.9999999999932537,
                    -3.673205103346574e-06,
                    0.0,
                    -0.395
                ],
                [
                    0.0,
                    0.0,
                    1.0,
                    0.53989
                ],
                [
                    0.0,
                    0.0,
                    0.0,
                    1.0
                ]
            ],
            "size": [
                0.6,
                0.32,
                1.16
            ]
        },
        "collider2": {
            "type": "Box",
            "collider2origin": [
                [
                    0.7823380179070861,
                    -0.6181222805266622,
                    -0.076629446387993,
                    0.2488084792497682
                ],
                [
                    -0.6072108577164689,
                    -0.7294951418782464,
                    -0.31485204818655327,
                    -0.09996150674647897
                ],
                [
                    0.13871625718870242,
                    0.2928509591798459,
                    -0.9460423435021298,
                    0.6028397811314052
                ],
                [
                    0.0,
                    0.0,
                    0.0,
                    1.0
                ]
            ],
            "size": [
                0.09126,
                0.11887,
                0.10009
            ]
        },
        "distance": 0.0
    }
]