[
    {
        "case": 0,
        "collider1": {
            "type": "Box",
            "collider2origin": [
                [
                    0.718022042059392,
                    -0.6960203640101781,
                    0.0,
                    0.13748258467077087
                ],
                [
                    0.6960203640101781,
                    0.718022042059392,
                    0.0,
                    1.5384737068316263
                ],
                [
                    0.0,
                    0.0,
                    1.0,
                    -0.21500000000000008
                ],
                [
                    0.0,
                    0.0,
                    0.0,
                    1.0
                ]
            ],
            "size": [
                0.2,
                0.3,
                0.22
            ]
        },
        "collider2": {
            "type": "Box",
            "collider2origin": [
                [
                    0.19330571556173917,
                    0.9578759010208661,
                    -0.21238328223904132,
                    0.4034611205355305
                ],
                [
                    -0.6447538837301161,
                    0.2871824476565769,
                    0.7083916086268311,
                    1.0626846827436884
                ],
                [
                    0.7395440012237919,
                    -1.2007405697689593e-06,
                    0.6731082158557137,
                    0.09913849109964179
                ],
                [
                    0.0,
                    0.0,
                    0.0,
                    1.0
                ]
            ],
            "size": [
                0.15068,
                0.17726,
                0.74884
            ]
        },
        "distance": 0.31703166200533034
    },
    {
        "case": 1,
        "collider1": {
            "type": "Box",
            "collider2origin": [
                [
                    0.718022042059392,
                    -0.6960203640101781,
                    0.0,
                    0.13748258467077087
                ],
                [
                    0.6960203640101781,
                    0.718022042059392,
                    0.0,
                    1.5384737068316263
                ],
                [
                    0.0,
                    0.0,
                    1.0,
                    -0.21500000000000008
                ],
                [
                    0.0,
                    0.0,
                    0.0,
                    1.0
                ]
            ],
            "size": [
                0.2,
                0.3,
                0.22
            ]
        },
        "collider2": {
            "type": "Box",
            "collider2origin": [
                [
                    0.19330571556173917,
                    0.9578759010208661,
                    -0.21238328223904132,
                    0.4034611205355305
                ],
                [
                    -0.6447538837301161,
                    0.2871824476565769,
                    0.7083916086268311,
                    1.0626846827436884
                ],
                [
                    0.7395440012237919,
                    -1.2007405697689593e-06,
                    0.6731082158557137,
                    0.09913849109964179
                ],
                [
                    0.0,
                    0.0,
                    0.0,
                    1.0
                ]
            ],
            "size": [
                0.15068,
                0.17726,
                0.74884
            ]
        },
        "distance": 0.31703166200533034
    }
]