[
    {
        "case": 0,
        "collider1": {
            "type": "Box",
            "collider2origin": [
                [
                    0.9081427509232697,
                    -0.4186606548811531,
                    0.0,
                    -0.09474126814702305
                ],
                [
                    0.41866065488115317,
                    0.9081427509232698,
                    0.0,
                    1.368923948110301
                ],
                [
                    0.0,
                    0.0,
                    1.0,
                    -0.21500000000000008
                ],
                [
                    0.0,
                    0.0,
                    0.0,
                    1.0
                ]
            ],
            "size": [
                0.2,
                0.3,
                0.22
            ]
        },
        "collider2": {
            "type": "Box",
            "collider2origin": [
                [
                    0.4933405994466402,
                    -0.83976709423567,
                    0.22672953132887025,
                    0.22138924783662636
                ],
                [
                    0.7630417227907388,
                    0.5429467998237644,
                    0.3506794859150937,
                    0.9998841699628034
                ],
                [
                    -0.4175911663555288,
                    -3.356022739953186e-07,
                    0.908635030021249,
                    0.16990390815721956
                ],
                [
                    0.0,
                    0.0,
                    0.0,
                    1.0
                ]
            ],
            "size": [
                0.15068,
                0.17726,
                0.74884
            ]
        },
        "distance": 0.2581784682917973
    },
    {
        "case": 1,
        "collider1": {
            "type": "Box",
            "collider2origin": [
                [
                    0.9081427509232697,
                    -0.4186606548811531,
                    0.0,
                    -0.09474126814702305
                ],
                [
                    0.41866065488115317,
                    0.9081427509232698,
                    0.0,
                    1.368923948110301
                ],
                [
                    0.0,
                    0.0,
                    1.0,
                    -0.21500000000000008
                ],
                [
                    0.0,
                    0.0,
                    0.0,
                    1.0
                ]
            ],
            "size": [
                0.2,
                0.3,
                0.22
            ]
        },
        "collider2": {
            "type": "Box",
            "collider2origin": [
                [
                    0.4933405994466402,
                    -0.83976709423567,
                    0.22672953132887025,
                    0.22138924783662636
                ],
                [
                    0.7630417227907388,
                    0.5429467998237644,
                    0.3506794859150937,
                    0.9998841699628034
                ],
                [
                    -0.4175911663555288,
                    -3.356022739953186e-07,
                    0.908635030021249,
                    0.16990390815721956
                ],
                [
                    0.0,
                    0.0,
                    0.0,
                    1.0
                ]
            ],
            "size": [
                0.15068,
                0.17726,
                0.74884
            ]
        },
        "distance": 0.2581784682917973
    }
]