[
    {
        "case": 0,
        "collider1": {
            "type": "Box",
            "collider2origin": [
                [
                    0.9077781725128689,
                    0.4194505805326724,
                    0.0,
                    0.4158817547107895
                ],
                [
                    -0.4194505805326724,
                    0.9077781725128689,
                    0.0,
                    0.733173894971941
                ],
                [
                    0.0,
                    0.0,
                    1.0,
                    -0.6599999999999999
                ],
                [
                    0.0,
                    0.0,
                    0.0,
                    1.0
                ]
            ],
            "size": [
                0.6,
                1.0,
                0.8
            ]
        },
        "collider2": {
            "type": "Box",
            "collider2origin": [
                [
                    -0.9431268315792576,
                    0.23000088568399477,
                    0.24002369078874028,
                    -0.027874797163289722
                ],
                [
                    -0.2228957768365238,
                    -0.9731904194886862,
                    0.056726361454595836,
                    0.6729842277927502
                ],
                [
                    0.24663586970210438,
                    -1.1347183313696948e-07,
                    0.9691082229432755,
                    -0.2784501804550672
                ],
                [
                    0.0,
                    0.0,
                    0.0,
                    1.0
                ]
            ],
            "size": [
                0.1202,
                0.13634,
                0.67816
            ]
        },
        "distance": 0.0
    },
    {
        "case": 1,
        "collider1": {
            "type": "Box",
            "collider2origin": [
                [
                    0.9077781725128689,
                    0.4194505805326724,
                    0.0,
                    0.4158817547107895
                ],
                [
                    -0.4194505805326724,
                    0.9077781725128689,
                    0.0,
                    0.733173894971941
                ],
                [
                    0.0,
                    0.0,
                    1.0,
                    -0.6599999999999999
                ],
                [
                    0.0,
                    0.0,
                    0.0,
                    1.0
                ]
            ],
            "size": [
                0.6,
                1.0,
                0.8
            ]
        },
        "collider2": {
            "type": "Box",
            "collider2origin": [
                [
                    0.7115412539576937,
                    0.22999756525699158,
                    -0.6639353612304204,
                    0.1409133934636631
                ],
                [
                    0.16816540618046155,
                    -0.9731912042016311,
                    -0.1569053097531737,
                    0.5830547184320882
                ],
                [
                    -0.6822238929270017,
                    -6.358844491503162e-06,
                    -0.7311433237601856,
                    -0.3219542335421878
                ],
                [
                    0.0,
                    0.0,
                    0.0,
                    1.0
                ]
            ],
            "size": [
                0.15068,
                0.17726,
                0.74884
            ]
        },
        "distance": 0.0
    },
    {
        "case": 2,
        "collider1": {
            "type": "Box",
            "collider2origin": [
                [
                    0.9077781725128689,
                    0.4194505805326724,
                    0.0,
                    0.27063700059322826
                ],
                [
                    -0.4194505805326724,
                    0.9077781725128689,
                    0.0,
                    0.8002854543438492
                ],
                [
                    0.0,
                    0.0,
                    1.0,
                    -0.25
                ],
                [
                    0.0,
                    0.0,
                    0.0,
                    1.0
                ]
            ],
            "size": [
                0.2,
                0.2,
                0.02
            ]
        },
        "collider2": {
            "type": "Box",
            "collider2origin": [
                [
                    0.7115412539576937,
                    0.22999756525699158,
                    -0.6639353612304204,
                    0.1409133934636631
                ],
                [
                    0.16816540618046155,
                    -0.9731912042016311,
                    -0.1569053097531737,
                    0.5830547184320882
                ],
                [
                    -0.6822238929270017,
                    -6.358844491503162e-06,
                    -0.7311433237601856,
                    -0.3219542335421878
                ],
                [
                    0.0,
                    0.0,
                    0.0,
                    1.0
                ]
            ],
            "size": [
                0.15068,
                0.17726,
                0.74884
            ]
        },
        "distance": 0.0
    },
    {
        "case": 3,
        "collider1": {
            "type": "Box",
            "collider2origin": [
                [
                    0.9077781725128689,
                    0.4194505805326724,
                    0.0,
                    0.4158817547107895
                ],
                [
                    -0.4194505805326724,
                    0.9077781725128689,
                    0.0,
                    0.733173894971941
                ],
                [
                    0.0,
                    0.0,
                    1.0,
                    -0.6599999999999999
                ],
                [
                    0.0,
                    0.0,
                    0.0,
                    1.0
                ]
            ],
            "size": [
                0.6,
                1.0,
                0.8
            ]
        },
        "collider2": {
            "type": "Box",
            "collider2origin": [
                [
                    0.7115412539576937,
                    0.22999756525699158,
                    -0.6639353612304204,
                    0.1409133934636631
                ],
                [
                    0.16816540618046155,
                    -0.9731912042016311,
                    -0.1569053097531737,
                    0.5830547184320882
                ],
                [
                    -0.6822238929270017,
                    -6.358844491503162e-06,
                    -0.7311433237601856,
                    -0.3219542335421878
                ],
                [
                    0.0,
                    0.0,
                    0.0,
                    1.0
                ]
            ],
            "size": [
                0.15068,
                0.17726,
                0.74884
            ]
        },
        "distance": 0.0
    },
    {
        "case": 4,
        "collider1": {
            "type": "Box",
            "collider2origin": [
                [
                    0.9077781725128689,
                    0.4194505805326724,
                    0.0,
                    0.27063700059322826
                ],
                [
                    -0.4194505805326724,
                    0.9077781725128689,
                    0.0,
                    0.8002854543438492
                ],
                [
                    0.0,
                    0.0,
                    1.0,
                    -0.25
                ],
                [
                    0.0,
                    0.0,
                    0.0,
                    1.0
                ]
            ],
            "size": [
                0.2,
                0.2,
                0.02
            ]
        },
        "collider2": {
            "type": "Box",
            "collider2origin": [
                [
                    0.7115412539576937,
                    0.22999756525699158,
                    -0.6639353612304204,
                    0.1409133934636631
                ],
                [
                    0.16816540618046155,
                    -0.9731912042016311,
                    -0.1569053097531737,
                    0.5830547184320882
                ],
                [
                    -0.6822238929270017,
                    -6.358844491503162e-06,
                    -0.7311433237601856,
                    -0.3219542335421878
                ],
                [
                    0.0,
                    0.0,
                    0.0,
                    1.0
                ]
            ],
            "size": [
                0.15068,
                0.17726,
                0.74884
            ]
        },
        "distance": 0.0
    }
]