[
    {
        "case": 0,
        "collider1": {
            "type": "Box",
            "collider2origin": [
                [
                    0.8404842512412337,
                    -0.5418359746412772,
                    0.0,
                    0.011439976095501792
                ],
                [
                    0.5418359746412771,
                    0.8404842512412338,
                    0.0,
                    1.4325762997644957
                ],
                [
                    0.0,
                    0.0,
                    1.0,
                    -0.21500000000000008
                ],
                [
                    0.0,
                    0.0,
                    0.0,
                    1.0
                ]
            ],
            "size": [
                0.2,
                0.3,
                0.22
            ]
        },
        "collider2": {
            "type": "Box",
            "collider2origin": [
                [
                    0.6485769709335888,
                    -0.5172785535246663,
                    0.5583644068509738,
                    0.3771417015893131
                ],
                [
                    0.39201644775310834,
                    0.8558170938130635,
                    0.33749104673812746,
                    1.0505734618753704
                ],
                [
                    -0.6524346844440794,
                    -8.894851308285664e-07,
                    0.7578449594300692,
                    0.12469463621575994
                ],
                [
                    0.0,
                    0.0,
                    0.0,
                    1.0
                ]
            ],
            "size": [
                0.15068,
                0.17726,
                0.74884
            ]
        },
        "distance": 0.27463248353018865
    },
    {
        "case": 1,
        "collider1": {
            "type": "Box",
            "collider2origin": [
                [
                    0.8404842512412337,
                    -0.5418359746412772,
                    0.0,
                    0.011439976095501792
                ],
                [
                    0.5418359746412771,
                    0.8404842512412338,
                    0.0,
                    1.4325762997644957
                ],
                [
                    0.0,
                    0.0,
                    1.0,
                    -0.21500000000000008
                ],
                [
                    0.0,
                    0.0,
                    0.0,
                    1.0
                ]
            ],
            "size": [
                0.2,
                0.3,
                0.22
            ]
        },
        "collider2": {
            "type": "Box",
            "collider2origin": [
                [
                    0.6485769709335888,
                    -0.5172785535246663,
                    0.5583644068509738,
                    0.3771417015893131
                ],
                [
                    0.39201644775310834,
                    0.8558170938130635,
                    0.33749104673812746,
                    1.0505734618753704
                ],
                [
                    -0.6524346844440794,
                    -8.894851308285664e-07,
                    0.7578449594300692,
                    0.12469463621575994
                ],
                [
                    0.0,
                    0.0,
                    0.0,
                    1.0
                ]
            ],
            "size": [
                0.15068,
                0.17726,
                0.74884
            ]
        },
        "distance": 0.27463248353018865
    }
]