[
    {
        "case": 0,
        "collider1": {
            "type": "Box",
            "collider2origin": [
                [
                    -3.673205103346574e-06,
                    -0.9999999999932537,
                    0.0,
                    0.42000000000000004
                ],
                [
                    0.9999999999932537,
                    -3.673205103346574e-06,
                    0.0,
                    -0.395
                ],
                [
                    0.0,
                    0.0,
                    1.0,
                    0.53989
                ],
                [
                    0.0,
                    0.0,
                    0.0,
                    1.0
                ]
            ],
            "size": [
                0.6,
                0.32,
                1.16
            ]
        },
        "collider2": {
            "type": "Box",
            "collider2origin": [
                [
                    -0.4770154557391353,
                    0.8785266018438573,
                    0.02544140009255262,
                    0.5397484309384961
                ],
                [
                    -0.8046857848547855,
                    -0.42491423873166245,
                    -0.4146428310916876,
                    -0.40088844052735384
                ],
                [
                    -0.35346434422530215,
                    -0.218263372043447,
                    0.9096285273591636,
                    0.1096361273526234
                ],
                [
                    0.0,
                    0.0,
                    0.0,
                    1.0
                ]
            ],
            "size": [
                0.09126,
                0.11887,
                0.10009
            ]
        },
        "distance": 0.0
    },
    {
        "case": 1,
        "collider1": {
            "type": "Box",
            "collider2origin": [
                [
                    -3.673205103346574e-06,
                    -0.9999999999932537,
                    0.0,
                    0.42000000000000004
                ],
                [
                    0.9999999999932537,
                    -3.673205103346574e-06,
                    0.0,
                    -0.395
                ],
                [
                    0.0,
                    0.0,
                    1.0,
                    0.53989
                ],
                [
                    0.0,
                    0.0,
                    0.0,
                    1.0
                ]
            ],
            "size": [
                0.6,
                0.32,
                1.16
            ]
        },
        "collider2": {
            "type": "Box",
            "collider2origin": [
                [
                    0.05570686715942636,
                    0.9981229784513592,
                    0.02544140009255262,
                    0.531108561999123
                ],
                [
                    -0.9079211434574002,
                    0.06124148828430862,
                    -0.4146428310916876,
                    -0.35465138630376325
                ],
                [
                    -0.41542260676844356,
                    -3.3195295450350447e-07,
                    0.9096285273591636,
                    0.010740469128265984
                ],
                [
                    0.0,
                    0.0,
                    0.0,
                    1.0
                ]
            ],
            "size": [
                0.09102,
                0.10007,
                0.11882
            ]
        },
        "distance": 0.0
    },
    {
        "case": 2,
        "collider1": {
            "type": "Box",
            "collider2origin": [
                [
                    1.0,
                    0.0,
                    0.0,
                    0.35
                ],
                [
                    0.0,
                    1.0,
                    0.0,
                    -0.34649
                ],
                [
                    0.0,
                    0.0,
                    1.0,
                    -0.54511
                ],
                [
                    0.0,
                    0.0,
                    0.0,
                    1.0
                ]
            ],
            "size": [
                0.7,
                0.7,
                1.1
            ]
        },
        "collider2": {
            "type": "Box",
            "collider2origin": [
                [
                    0.05570686715942636,
                    0.9981229784513592,
                    0.02544140009255262,
                    0.531108561999123
                ],
                [
                    -0.9079211434574002,
                    0.06124148828430862,
                    -0.4146428310916876,
                    -0.35465138630376325
                ],
                [
                    -0.41542260676844356,
                    -3.3195295450350447e-07,
                    0.9096285273591636,
                    0.010740469128265984
                ],
                [
                    0.0,
                    0.0,
                    0.0,
                    1.0
                ]
            ],
            "size": [
                0.09102,
                0.10007,
                0.11882
            ]
        },
        "distance": 0.0
    },
    {
        "case": 3,
        "collider1": {
            "type": "Box",
            "collider2origin": [
                [
                    -3.673205103346574e-06,
                    -0.9999999999932537,
                    0.0,
                    0.42000000000000004
                ],
                [
                    0.9999999999932537,
                    -3.673205103346574e-06,
                    0.0,
                    -0.395
                ],
                [
                    0.0,
                    0.0,
                    1.0,
                    0.53989
                ],
                [
                    0.0,
                    0.0,
                    0.0,
                    1.0
                ]
            ],
            "size": [
                0.6,
                0.32,
                1.16
            ]
        },
        "collider2": {
            "type": "Box",
            "collider2origin": [
                [
                    0.015148429119865407,
                    0.9981231029542769,
                    0.059336299548642404,
                    0.40218058097230697
                ],
                [
                    -0.24694332386775797,
                    0.061239459021808405,
                    -0.967092923899177,
                    -0.0782819848155637
                ],
                [
                    -0.968911512932086,
                    -2.7644265446236143e-06,
                    0.24740751827706028,
                    -0.06385000863750778
                ],
                [
                    0.0,
                    0.0,
                    0.0,
                    1.0
                ]
            ],
            "size": [
                0.1202,
                0.13634,
                0.67816
            ]
        },
        "distance": 0.0
    },
    {
        "case": 4,
        "collider1": {
            "type": "Box",
            "collider2origin": [
                [
                    1.0,
                    0.0,
                    0.0,
                    0.35
                ],
                [
                    0.0,
                    1.0,
                    0.0,
                    -0.34649
                ],
                [
                    0.0,
                    0.0,
                    1.0,
                    -0.54511
                ],
                [
                    0.0,
                    0.0,
                    0.0,
                    1.0
                ]
            ],
            "size": [
                0.7,
                0.7,
                1.1
            ]
        },
        "collider2": {
            "type": "Box",
            "collider2origin": [
                [
                    0.015148429119865407,
                    0.9981231029542769,
                    0.059336299548642404,
                    0.40218058097230697
                ],
                [
                    -0.24694332386775797,
                    0.061239459021808405,
                    -0.967092923899177,
                    -0.0782819848155637
                ],
                [
                    -0.968911512932086,
                    -2.7644265446236143e-06,
                    0.24740751827706028,
                    -0.06385000863750778
                ],
                [
                    0.0,
                    0.0,
                    0.0,
                    1.0
                ]
            ],
            "size": [
                0.1202,
                0.13634,
                0.67816
            ]
        },
        "distance": 0.0
    },
    {
        "case": 5,
        "collider1": {
            "type": "Box",
            "collider2origin": [
                [
                    -3.673205103346574e-06,
                    -0.9999999999932537,
                    0.0,
                    0.42000000000000004
                ],
                [
                    0.9999999999932537,
                    -3.673205103346574e-06,
                    0.0,
                    -0.395
                ],
                [
                    0.0,
                    0.0,
                    1.0,
                    0.53989
                ],
                [
                    0.0,
                    0.0,
                    0.0,
                    1.0
                ]
            ],
            "size": [
                0.6,
                0.32,
                1.16
            ]
        },
        "collider2": {
            "type": "Box",
            "collider2origin": [
                [
                    -0.4708160570554485,
                    0.8785262117043516,
                    -0.0807708844024913,
                    0.6053987724857369
                ],
                [
                    -0.6929512981589826,
                    -0.4249148551781332,
                    -0.582465333070327,
                    -0.43469905024397826
                ],
                [
                    -0.5460318111598825,
                    -0.2182637422875046,
                    0.8088326155664791,
                    0.09755062507139112
                ],
                [
                    0.0,
                    0.0,
                    0.0,
                    1.0
                ]
            ],
            "size": [
                0.08993,
                0.0305,
                0.09007
            ]
        },
        "distance": 0.0
    }
]