[
    {
        "case": 0,
        "collider1": {
            "type": "Box",
            "collider2origin": [
                [
                    0.9077781725128689,
                    0.4194505805326724,
                    0.0,
                    0.4158817547107895
                ],
                [
                    -0.4194505805326724,
                    0.9077781725128689,
                    0.0,
                    0.733173894971941
                ],
                [
                    0.0,
                    0.0,
                    1.0,
                    -0.6599999999999999
                ],
                [
                    0.0,
                    0.0,
                    0.0,
                    1.0
                ]
            ],
            "size": [
                0.6,
                1.0,
                0.8
            ]
        },
        "collider2": {
            "type": "Box",
            "collider2origin": [
                [
                    0.876487764567814,
                    0.31653942670533186,
                    0.3627285347253182,
                    0.8007366348776215
                ],
                [
                    0.29247972855574167,
                    -0.9485793542403892,
                    0.12104882111299461,
                    0.9162842162165948
                ],
                [
                    0.3823935236727685,
                    -7.067245014846687e-06,
                    -0.9239995633133046,
                    -0.8209465254289855
                ],
                [
                    0.0,
                    0.0,
                    0.0,
                    1.0
                ]
            ],
            "size": [
                0.1202,
                0.13634,
                0.67816
            ]
        },
        "distance": 0.0
    },
    {
        "case": 1,
        "collider1": {
            "type": "Box",
            "collider2origin": [
                [
                    0.907778172512869,
                    0.4194505805326725,
                    0.0,
                    0.9947946797881562
                ],
                [
                    -0.4194505805326725,
                    0.907778172512869,
                    0.0,
                    0.5317739604993647
                ],
                [
                    0.0,
                    0.0,
                    1.0,
                    -0.69
                ],
                [
                    0.0,
                    0.0,
                    0.0,
                    1.0
                ]
            ],
            "size": [
                0.6,
                1.2,
                0.75
            ]
        },
        "collider2": {
            "type": "Box",
            "collider2origin": [
                [
                    0.876487764567814,
                    0.31653942670533186,
                    0.3627285347253182,
                    0.8007366348776215
                ],
                [
                    0.29247972855574167,
                    -0.9485793542403892,
                    0.12104882111299461,
                    0.9162842162165948
                ],
                [
                    0.3823935236727685,
                    -7.067245014846687e-06,
                    -0.9239995633133046,
                    -0.8209465254289855
                ],
                [
                    0.0,
                    0.0,
                    0.0,
                    1.0
                ]
            ],
            "size": [
                0.1202,
                0.13634,
                0.67816
            ]
        },
        "distance": 0.0
    },
    {
        "case": 2,
        "collider1": {
            "type": "Box",
            "collider2origin": [
                [
                    0.9077781725128689,
                    0.4194505805326724,
                    0.0,
                    0.4158817547107895
                ],
                [
                    -0.4194505805326724,
                    0.9077781725128689,
                    0.0,
                    0.733173894971941
                ],
                [
                    0.0,
                    0.0,
                    1.0,
                    -0.6599999999999999
                ],
                [
                    0.0,
                    0.0,
                    0.0,
                    1.0
                ]
            ],
            "size": [
                0.6,
                1.0,
                0.8
            ]
        },
        "collider2": {
            "type": "Box",
            "collider2origin": [
                [
                    0.8036897004182272,
                    0.31653994514816425,
                    0.5038703489661382,
                    0.9432039414130517
                ],
                [
                    0.26818666742368824,
                    -0.948579181238739,
                    0.16814710326562196,
                    0.8460079239550743
                ],
                [
                    0.5311861979172996,
                    -6.785346900911747e-06,
                    -0.8472551109884923,
                    -1.0929450986503075
                ],
                [
                    0.0,
                    0.0,
                    0.0,
                    1.0
                ]
            ],
            "size": [
                0.09102,
                0.10007,
                0.11882
            ]
        },
        "distance": 0.04650768766986114
    },
    {
        "case": 3,
        "collider1": {
            "type": "Box",
            "collider2origin": [
                [
                    0.907778172512869,
                    0.4194505805326725,
                    0.0,
                    0.9947946797881562
                ],
                [
                    -0.4194505805326725,
                    0.907778172512869,
                    0.0,
                    0.5317739604993647
                ],
                [
                    0.0,
                    0.0,
                    1.0,
                    -0.69
                ],
                [
                    0.0,
                    0.0,
                    0.0,
                    1.0
                ]
            ],
            "size": [
                0.6,
                1.2,
                0.75
            ]
        },
        "collider2": {
            "type": "Box",
            "collider2origin": [
                [
                    0.8036897004182272,
                    0.31653994514816425,
                    0.5038703489661382,
                    0.9432039414130517
                ],
                [
                    0.26818666742368824,
                    -0.948579181238739,
                    0.16814710326562196,
                    0.8460079239550743
                ],
                [
                    0.5311861979172996,
                    -6.785346900911747e-06,
                    -0.8472551109884923,
                    -1.0929450986503075
                ],
                [
                    0.0,
                    0.0,
                    0.0,
                    1.0
                ]
            ],
            "size": [
                0.09102,
                0.10007,
                0.11882
            ]
        },
        "distance": 0.0
    },
    {
        "case": 4,
        "collider1": {
            "type": "Box",
            "collider2origin": [
                [
                    0.9077781725128689,
                    0.4194505805326724,
                    0.0,
                    0.4158817547107895
                ],
                [
                    -0.4194505805326724,
                    0.9077781725128689,
                    0.0,
                    0.733173894971941
                ],
                [
                    0.0,
                    0.0,
                    1.0,
                    -0.6599999999999999
                ],
                [
                    0.0,
                    0.0,
                    0.0,
                    1.0
                ]
            ],
            "size": [
                0.6,
                1.0,
                0.8
            ]
        },
        "collider2": {
            "type": "Box",
            "collider2origin": [
                [
                    0.7116545092194166,
                    0.31654039807599205,
                    0.6271762398987732,
                    0.543312583361097
                ],
                [
                    0.23747431033232044,
                    -0.9485790300995278,
                    0.20929351539793992,
                    0.6971921268322634
                ],
                [
                    0.6611760820234348,
                    -6.428956548126894e-06,
                    -0.750230756846724,
                    -0.3278127506226064
                ],
                [
                    0.0,
                    0.0,
                    0.0,
                    1.0
                ]
            ],
            "size": [
                0.15068,
                0.17726,
                0.74884
            ]
        },
        "distance": 0.0
    },
    {
        "case": 5,
        "collider1": {
            "type": "Box",
            "collider2origin": [
                [
                    0.9077781725128689,
                    0.4194505805326724,
                    0.0,
                    0.27063700059322826
                ],
                [
                    -0.4194505805326724,
                    0.9077781725128689,
                    0.0,
                    0.8002854543438492
                ],
                [
                    0.0,
                    0.0,
                    1.0,
                    -0.25
                ],
                [
                    0.0,
                    0.0,
                    0.0,
                    1.0
                ]
            ],
            "size": [
                0.2,
                0.2,
                0.02
            ]
        },
        "collider2": {
            "type": "Box",
            "collider2origin": [
                [
                    0.7116545092194166,
                    0.31654039807599205,
                    0.6271762398987732,
                    0.543312583361097
                ],
                [
                    0.23747431033232044,
                    -0.9485790300995278,
                    0.20929351539793992,
                    0.6971921268322634
                ],
                [
                    0.6611760820234348,
                    -6.428956548126894e-06,
                    -0.750230756846724,
                    -0.3278127506226064
                ],
                [
                    0.0,
                    0.0,
                    0.0,
                    1.0
                ]
            ],
            "size": [
                0.15068,
                0.17726,
                0.74884
            ]
        },
        "distance": 0.0004506120125932545
    },
    {
        "case": 6,
        "collider1": {
            "type": "Box",
            "collider2origin": [
                [
                    0.907778172512869,
                    0.4194505805326725,
                    0.0,
                    0.9947946797881562
                ],
                [
                    -0.4194505805326725,
                    0.907778172512869,
                    0.0,
                    0.5317739604993647
                ],
                [
                    0.0,
                    0.0,
                    1.0,
                    -0.69
                ],
                [
                    0.0,
                    0.0,
                    0.0,
                    1.0
                ]
            ],
            "size": [
                0.6,
                1.2,
                0.75
            ]
        },
        "collider2": {
            "type": "Box",
            "collider2origin": [
                [
                    0.7116545092194166,
                    0.31654039807599205,
                    0.6271762398987732,
                    0.543312583361097
                ],
                [
                    0.23747431033232044,
                    -0.9485790300995278,
                    0.20929351539793992,
                    0.6971921268322634
                ],
                [
                    0.6611760820234348,
                    -6.428956548126894e-06,
                    -0.750230756846724,
                    -0.3278127506226064
                ],
                [
                    0.0,
                    0.0,
                    0.0,
                    1.0
                ]
            ],
            "size": [
                0.15068,
                0.17726,
                0.74884
            ]
        },
        "distance": 0.0
    },
    {
        "case": 7,
        "collider1": {
            "type": "Box",
            "collider2origin": [
                [
                    0.9077781725128689,
                    0.4194505805326724,
                    0.0,
                    0.4158817547107895
                ],
                [
                    -0.4194505805326724,
                    0.9077781725128689,
                    0.0,
                    0.733173894971941
                ],
                [
                    0.0,
                    0.0,
                    1.0,
                    -0.6599999999999999
                ],
                [
                    0.0,
                    0.0,
                    0.0,
                    1.0
                ]
            ],
            "size": [
                0.6,
                1.0,
                0.8
            ]
        },
        "collider2": {
            "type": "Box",
            "collider2origin": [
                [
                    0.7116545092194166,
                    0.31654039807599205,
                    0.6271762398987732,
                    0.543312583361097
                ],
                [
                    0.23747431033232044,
                    -0.9485790300995278,
                    0.20929351539793992,
                    0.6971921268322634
                ],
                [
                    0.6611760820234348,
                    -6.428956548126894e-06,
                    -0.750230756846724,
                    -0.3278127506226064
                ],
                [
                    0.0,
                    0.0,
                    0.0,
                    1.0
                ]
            ],
            "size": [
                0.15068,
                0.17726,
                0.74884
            ]
        },
        "distance": 0.0
    },
    {
        "case": 8,
        "collider1": {
            "type": "Box",
            "collider2origin": [
                [
                    0.9077781725128689,
                    0.4194505805326724,
                    0.0,
                    0.27063700059322826
                ],
                [
                    -0.4194505805326724,
                    0.9077781725128689,
                    0.0,
                    0.8002854543438492
                ],
                [
                    0.0,
                    0.0,
                    1.0,
                    -0.25
                ],
                [
                    0.0,
                    0.0,
                    0.0,
                    1.0
                ]
            ],
            "size": [
                0.2,
                0.2,
                0.02
            ]
        },
        "collider2": {
            "type": "Box",
            "collider2origin": [
                [
                    0.7116545092194166,
                    0.31654039807599205,
                    0.6271762398987732,
                    0.543312583361097
                ],
                [
                    0.23747431033232044,
                    -0.9485790300995278,
                    0.20929351539793992,
                    0.6971921268322634
                ],
                [
                    0.6611760820234348,
                    -6.428956548126894e-06,
                    -0.750230756846724,
                    -0.3278127506226064
                ],
                [
                    0.0,
                    0.0,
                    0.0,
                    1.0
                ]
            ],
            "size": [
                0.15068,
                0.17726,
                0.74884
            ]
        },
        "distance": 0.0004506120125932545
    },
    {
        "case": 9,
        "collider1": {
            "type": "Box",
            "collider2origin": [
                [
                    0.907778172512869,
                    0.4194505805326725,
                    0.0,
                    0.9947946797881562
                ],
                [
                    -0.4194505805326725,
                    0.907778172512869,
                    0.0,
                    0.5317739604993647
                ],
                [
                    0.0,
                    0.0,
                    1.0,
                    -0.69
                ],
                [
                    0.0,
                    0.0,
                    0.0,
                    1.0
                ]
            ],
            "size": [
                0.6,
                1.2,
                0.75
            ]
        },
        "collider2": {
            "type": "Box",
            "collider2origin": [
                [
                    0.7116545092194166,
                    0.31654039807599205,
                    0.6271762398987732,
                    0.543312583361097
                ],
                [
                    0.23747431033232044,
                    -0.9485790300995278,
                    0.20929351539793992,
                    0.6971921268322634
                ],
                [
                    0.6611760820234348,
                    -6.428956548126894e-06,
                    -0.750230756846724,
                    -0.3278127506226064
                ],
                [
                    0.0,
                    0.0,
                    0.0,
                    1.0
                ]
            ],
            "size": [
                0.15068,
                0.17726,
                0.74884
            ]
        },
        "distance": 0.0
    }
]