[
    {
        "case": 0,
        "collider1": {
            "type": "Box",
            "collider2origin": [
                [
                    0.9077781725128689,
                    0.4194505805326724,
                    0.0,
                    0.4158817547107895
                ],
                [
                    -0.4194505805326724,
                    0.9077781725128689,
                    0.0,
                    0.733173894971941
                ],
                [
                    0.0,
                    0.0,
                    1.0,
                    -0.6599999999999999
                ],
                [
                    0.0,
                    0.0,
                    0.0,
                    1.0
                ]
            ],
            "size": [
                0.6,
                1.0,
                0.8
            ]
        },
        "collider2": {
            "type": "Box",
            "collider2origin": [
                [
                    -0.18463446071897974,
                    -0.9812521770177699,
                    0.05526554996468011,
                    0.14532739544786105
                ],
                [
                    -0.9400545125551802,
                    0.19272821549051775,
                    0.2813420487209169,
                    0.9181259588229256
                ],
                [
                    -0.2867187286168341,
                    -7.192189981889113e-06,
                    -0.9580148070925721,
                    -0.3900479872092758
                ],
                [
                    0.0,
                    0.0,
                    0.0,
                    1.0
                ]
            ],
            "size": [
                0.15068,
                0.17726,
                0.74884
            ]
        },
        "distance": 0.0
    },
    {
        "case": 1,
        "collider1": {
            "type": "Box",
            "collider2origin": [
                [
                    0.9077781725128689,
                    0.4194505805326724,
                    0.0,
                    0.27063700059322826
                ],
                [
                    -0.4194505805326724,
                    0.9077781725128689,
                    0.0,
                    0.8002854543438492
                ],
                [
                    0.0,
                    0.0,
                    1.0,
                    -0.25
                ],
                [
                    0.0,
                    0.0,
                    0.0,
                    1.0
                ]
            ],
            "size": [
                0.2,
                0.2,
                0.02
            ]
        },
        "collider2": {
            "type": "Box",
            "collider2origin": [
                [
                    -0.18463446071897974,
                    -0.9812521770177699,
                    0.05526554996468011,
                    0.14532739544786105
                ],
                [
                    -0.9400545125551802,
                    0.19272821549051775,
                    0.2813420487209169,
                    0.9181259588229256
                ],
                [
                    -0.2867187286168341,
                    -7.192189981889113e-06,
                    -0.9580148070925721,
                    -0.3900479872092758
                ],
                [
                    0.0,
                    0.0,
                    0.0,
                    1.0
                ]
            ],
            "size": [
                0.15068,
                0.17726,
                0.74884
            ]
        },
        "distance": 0.0
    },
    {
        "case": 2,
        "collider1": {
            "type": "Box",
            "collider2origin": [
                [
                    0.9077781725128689,
                    0.4194505805326724,
                    0.0,
                    0.4158817547107895
                ],
                [
                    -0.4194505805326724,
                    0.9077781725128689,
                    0.0,
                    0.733173894971941
                ],
                [
                    0.0,
                    0.0,
                    1.0,
                    -0.6599999999999999
                ],
                [
                    0.0,
                    0.0,
                    0.0,
                    1.0
                ]
            ],
            "size": [
                0.6,
                1.0,
                0.8
            ]
        },
        "collider2": {
            "type": "Box",
            "collider2origin": [
                [
                    -0.18463446071897974,
                    -0.9812521770177699,
                    0.05526554996468011,
                    0.14532739544786105
                ],
                [
                    -0.9400545125551802,
                    0.19272821549051775,
                    0.2813420487209169,
                    0.9181259588229256
                ],
                [
                    -0.2867187286168341,
                    -7.192189981889113e-06,
                    -0.9580148070925721,
                    -0.3900479872092758
                ],
                [
                    0.0,
                    0.0,
                    0.0,
                    1.0
                ]
            ],
            "size": [
                0.15068,
                0.17726,
                0.74884
            ]
        },
        "distance": 0.0
    },
    {
        "case": 3,
        "collider1": {
            "type": "Box",
            "collider2origin": [
                [
                    0.9077781725128689,
                    0.4194505805326724,
                    0.0,
                    0.27063700059322826
                ],
                [
                    -0.4194505805326724,
                    0.9077781725128689,
                    0.0,
                    0.8002854543438492
                ],
                [
                    0.0,
                    0.0,
                    1.0,
                    -0.25
                ],
                [
                    0.0,
                    0.0,
                    0.0,
                    1.0
                ]
            ],
            "size": [
                0.2,
                0.2,
                0.02
            ]
        },
        "collider2": {
            "type": "Box",
            "collider2origin": [
                [
                    -0.18463446071897974,
                    -0.9812521770177699,
                    0.05526554996468011,
                    0.14532739544786105
                ],
                [
                    -0.9400545125551802,
                    0.19272821549051775,
                    0.2813420487209169,
                    0.9181259588229256
                ],
                [
                    -0.2867187286168341,
                    -7.192189981889113e-06,
                    -0.9580148070925721,
                    -0.3900479872092758
                ],
                [
                    0.0,
                    0.0,
                    0.0,
                    1.0
                ]
            ],
            "size": [
                0.15068,
                0.17726,
                0.74884
            ]
        },
        "distance": 0.0
    },
    {
        "case": 4,
        "collider1": {
            "type": "Box",
            "collider2origin": [
                [
                    0.9077781725128689,
                    0.4194505805326724,
                    0.0,
                    0.4158817547107895
                ],
                [
                    -0.4194505805326724,
                    0.9077781725128689,
                    0.0,
                    0.733173894971941
                ],
                [
                    0.0,
                    0.0,
                    1.0,
                    -0.6599999999999999
                ],
                [
                    0.0,
                    0.0,
                    0.0,
                    1.0
                ]
            ],
            "size": [
                0.6,
                1.0,
                0.8
            ]
        },
        "collider2": {
            "type": "Box",
            "collider2origin": [
                [
                    -0.18768788940043865,
                    -0.9812525408331816,
                    -0.04378021563256573,
                    0.27425993049952885
                ],
                [
                    -0.9555909636431427,
                    0.19272636315734717,
                    -0.22294048342037937,
                    0.9190249274672331
                ],
                [
                    0.2271985175479339,
                    -7.250350256406947e-06,
                    -0.9738484654048869,
                    -0.9620789249082596
                ],
                [
                    0.0,
                    0.0,
                    0.0,
                    1.0
                ]
            ],
            "size": [
                0.1202,
                0.13634,
                0.67816
            ]
        },
        "distance": 0.0
    }
]