[
    {
        "case": 0,
        "collider1": {
            "type": "Box",
            "collider2origin": [
                [
                    0.9798474486812189,
                    -0.1997472836183421,
                    0.0,
                    -0.20628161272202655
                ],
                [
                    0.19974728361834207,
                    0.9798474486812188,
                    0.0,
                    1.335871448475788
                ],
                [
                    0.0,
                    0.0,
                    1.0,
                    -0.21500000000000008
                ],
                [
                    0.0,
                    0.0,
                    0.0,
                    1.0
                ]
            ],
            "size": [
                0.2,
                0.3,
                0.22
            ]
        },
        "collider2": {
            "type": "Box",
            "collider2origin": [
                [
                    -0.32638085380896537,
                    -0.9146895751386536,
                    -0.23836635542710372,
                    0.06887874926431498
                ],
                [
                    0.7386671258457175,
                    -0.40415712431203027,
                    0.5394700140532901,
                    0.8912093918366288
                ],
                [
                    -0.5897850586966049,
                    -7.068706100278633e-07,
                    0.807560266814646,
                    0.1396015410581719
                ],
                [
                    0.0,
                    0.0,
                    0.0,
                    1.0
                ]
            ],
            "size": [
                0.15068,
                0.17726,
                0.74884
            ]
        },
        "distance": 0.35161476382962864
    },
    {
        "case": 1,
        "collider1": {
            "type": "Cylinder",
            "collider2origin": [
                [
                    0.907778172512869,
                    0.4194505805326725,
                    0.0,
                    -0.07232761537572224
                ],
                [
                    -0.4194505805326725,
                    0.907778172512869,
                    0.0,
                    1.2000044650142188
                ],
                [
                    0.0,
                    0.0,
                    1.0,
                    -0.5800000000000001
                ],
                [
                    0.0,
                    0.0,
                    0.0,
                    1.0
                ]
            ],
            "radius": 0.04,
            "height": 0.96
        },
        "collider2": {
            "type": "Box",
            "collider2origin": [
                [
                    -0.32638085380896537,
                    -0.9146895751386536,
                    -0.23836635542710372,
                    0.06887874926431498
                ],
                [
                    0.7386671258457175,
                    -0.40415712431203027,
                    0.5394700140532901,
                    0.8912093918366288
                ],
                [
                    -0.5897850586966049,
                    -7.068706100278633e-07,
                    0.807560266814646,
                    0.1396015410581719
                ],
                [
                    0.0,
                    0.0,
                    0.0,
                    1.0
                ]
            ],
            "size": [
                0.15068,
                0.17726,
                0.74884
            ]
        },
        "distance": 0.3078548213180765
    },
    {
        "case": 2,
        "collider1": {
            "type": "Box",
            "collider2origin": [
                [
                    0.9798474486812189,
                    -0.1997472836183421,
                    0.0,
                    -0.20628161272202655
                ],
                [
                    0.19974728361834207,
                    0.9798474486812188,
                    0.0,
                    1.335871448475788
                ],
                [
                    0.0,
                    0.0,
                    1.0,
                    -0.21500000000000008
                ],
                [
                    0.0,
                    0.0,
                    0.0,
                    1.0
                ]
            ],
            "size": [
                0.2,
                0.3,
                0.22
            ]
        },
        "collider2": {
            "type": "Box",
            "collider2origin": [
                [
                    -0.32638085380896537,
                    -0.9146895751386536,
                    -0.23836635542710372,
                    0.06887874926431498
                ],
                [
                    0.7386671258457175,
                    -0.40415712431203027,
                    0.5394700140532901,
                    0.8912093918366288
                ],
                [
                    -0.5897850586966049,
                    -7.068706100278633e-07,
                    0.807560266814646,
                    0.1396015410581719
                ],
                [
                    0.0,
                    0.0,
                    0.0,
                    1.0
                ]
            ],
            "size": [
                0.15068,
                0.17726,
                0.74884
            ]
        },
        "distance": 0.35161476382962864
    },
    {
        "case": 3,
        "collider1": {
            "type": "Cylinder",
            "collider2origin": [
                [
                    0.907778172512869,
                    0.4194505805326725,
                    0.0,
                    -0.07232761537572224
                ],
                [
                    -0.4194505805326725,
                    0.907778172512869,
                    0.0,
                    1.2000044650142188
                ],
                [
                    0.0,
                    0.0,
                    1.0,
                    -0.5800000000000001
                ],
                [
                    0.0,
                    0.0,
                    0.0,
                    1.0
                ]
            ],
            "radius": 0.04,
            "height": 0.96
        },
        "collider2": {
            "type": "Box",
            "collider2origin": [
                [
                    -0.32638085380896537,
                    -0.9146895751386536,
                    -0.23836635542710372,
                    0.06887874926431498
                ],
                [
                    0.7386671258457175,
                    -0.40415712431203027,
                    0.5394700140532901,
                    0.8912093918366288
                ],
                [
                    -0.5897850586966049,
                    -7.068706100278633e-07,
                    0.807560266814646,
                    0.1396015410581719
                ],
                [
                    0.0,
                    0.0,
                    0.0,
                    1.0
                ]
            ],
            "size": [
                0.15068,
                0.17726,
                0.74884
            ]
        },
        "distance": 0.3078548213180765
    },
    {
        "case": 4,
        "collider1": {
            "type": "Box",
            "collider2origin": [
                [
                    0.907778172512869,
                    0.4194505805326725,
                    0.0,
                    -0.7418785952877999
                ],
                [
                    -0.4194505805326725,
                    0.907778172512869,
                    0.0,
                    1.2791466490804724
                ],
                [
                    0.0,
                    0.0,
                    1.0,
                    0.27
                ],
                [
                    0.0,
                    0.0,
                    0.0,
                    1.0
                ]
            ],
            "size": [
                0.52,
                1.16,
                0.6
            ]
        },
        "collider2": {
            "type": "Cylinder",
            "collider2origin": [
                [
                    0.5430641753900963,
                    0.03718941190631656,
                    0.8388672416121258,
                    -0.2657837026253998
                ],
                [
                    -0.28861573782577016,
                    0.9464190454135549,
                    0.14488597709157633,
                    1.1458696142726719
                ],
                [
                    -0.7885317097537425,
                    -0.3207926715505777,
                    0.5246997280276421,
                    -0.02994256933377404
                ],
                [
                    0.0,
                    0.0,
                    0.0,
                    1.0
                ]
            ],
            "radius": 0.00783,
            "height": 0.03683
        },
        "distance": 0.20967385804290767
    },
    {
        "case": 5,
        "collider1": {
            "type": "Box",
            "collider2origin": [
                [
                    0.907778172512869,
                    0.4194505805326725,
                    0.0,
                    -0.7418785952877999
                ],
                [
                    -0.4194505805326725,
                    0.907778172512869,
                    0.0,
                    1.2791466490804724
                ],
                [
                    0.0,
                    0.0,
                    1.0,
                    0.27
                ],
                [
                    0.0,
                    0.0,
                    0.0,
                    1.0
                ]
            ],
            "size": [
                0.52,
                1.16,
                0.6
            ]
        },
        "collider2": {
            "type": "Cylinder",
            "collider2origin": [
                [
                    0.4113759918395776,
                    0.47676215449871384,
                    0.7768317973511045,
                    -0.27146956868272926
                ],
                [
                    -0.441482401442005,
                    0.8498634815556636,
                    -0.28779394005969966,
                    1.167329158528454
                ],
                [
                    -0.7974102347944899,
                    -0.22456604987359582,
                    0.560095533537954,
                    -0.01851406336405459
                ],
                [
                    0.0,
                    0.0,
                    0.0,
                    1.0
                ]
            ],
            "radius": 0.00783,
            "height": 0.03044
        },
        "distance": 0.1969440520653641
    },
    {
        "case": 6,
        "collider1": {
            "type": "Box",
            "collider2origin": [
                [
                    0.9798474486812189,
                    -0.1997472836183421,
                    0.0,
                    -0.20628161272202655
                ],
                [
                    0.19974728361834207,
                    0.9798474486812188,
                    0.0,
                    1.335871448475788
                ],
                [
                    0.0,
                    0.0,
                    1.0,
                    -0.21500000000000008
                ],
                [
                    0.0,
                    0.0,
                    0.0,
                    1.0
                ]
            ],
            "size": [
                0.2,
                0.3,
                0.22
            ]
        },
        "collider2": {
            "type": "Sphere",
            "collider2origin": [
                [
                    1.0,
                    0.0,
                    0.0,
                    -0.2480870994556496
                ],
                [
                    0.0,
                    1.0,
                    0.0,
                    1.1770771802361248
                ],
                [
                    0.0,
                    0.0,
                    1.0,
                    -0.10870024234741793
                ],
                [
                    0.0,
                    0.0,
                    0.0,
                    1.0
                ]
            ],
            "radius": 0.01051
        },
        "distance": 0.0
    },
    {
        "case": 7,
        "collider1": {
            "type": "Box",
            "collider2origin": [
                [
                    0.9984065575563776,
                    -0.05643000822632935,
                    0.0,
                    -0.3111399560290343
                ],
                [
                    0.05643000822632935,
                    0.9984065575563776,
                    0.0,
                    1.3240986306775833
                ],
                [
                    0.0,
                    0.0,
                    1.0,
                    -0.21500000000000008
                ],
                [
                    0.0,
                    0.0,
                    0.0,
                    1.0
                ]
            ],
            "size": [
                0.2,
                0.3,
                0.22
            ]
        },
        "collider2": {
            "type": "Sphere",
            "collider2origin": [
                [
                    1.0,
                    0.0,
                    0.0,
                    -0.2480870994556496
                ],
                [
                    0.0,
                    1.0,
                    0.0,
                    1.1770771802361248
                ],
                [
                    0.0,
                    0.0,
                    1.0,
                    -0.10870024234741793
                ],
                [
                    0.0,
                    0.0,
                    0.0,
                    1.0
                ]
            ],
            "radius": 0.01051
        },
        "distance": 0.0
    },
    {
        "case": 8,
        "collider1": {
            "type": "Box",
            "collider2origin": [
                [
                    0.9081427509232697,
                    -0.4186606548811531,
                    0.0,
                    -0.09474126814702305
                ],
                [
                    0.41866065488115317,
                    0.9081427509232698,
                    0.0,
                    1.368923948110301
                ],
                [
                    0.0,
                    0.0,
                    1.0,
                    -0.21500000000000008
                ],
                [
                    0.0,
                    0.0,
                    0.0,
                    1.0
                ]
            ],
            "size": [
                0.2,
                0.3,
                0.22
            ]
        },
        "collider2": {
            "type": "Cylinder",
            "collider2origin": [
                [
                    0.60716560954228,
                    -0.5863472290992836,
                    0.5362339503581844,
                    -0.22679328783862057
                ],
                [
                    0.44649936724819206,
                    0.8100140401683934,
                    0.3801520350820711,
                    1.1928003765482431
                ],
                [
                    -0.6572581210119165,
                    0.008612877432584203,
                    0.7536163352172083,
                    -0.08233629566735767
                ],
                [
                    0.0,
                    0.0,
                    0.0,
                    1.0
                ]
            ],
            "radius": 0.01271,
            "height": 0.05982
        },
        "distance": 0.07448060417734993
    },
    {
        "case": 9,
        "collider1": {
            "type": "Box",
            "collider2origin": [
                [
                    0.9798474486812189,
                    -0.1997472836183421,
                    0.0,
                    -0.20628161272202655
                ],
                [
                    0.19974728361834207,
                    0.9798474486812188,
                    0.0,
                    1.335871448475788
                ],
                [
                    0.0,
                    0.0,
                    1.0,
                    -0.21500000000000008
                ],
                [
                    0.0,
                    0.0,
                    0.0,
                    1.0
                ]
            ],
            "size": [
                0.2,
                0.3,
                0.22
            ]
        },
        "collider2": {
            "type": "Cylinder",
            "collider2origin": [
                [
                    0.60716560954228,
                    -0.5863472290992836,
                    0.5362339503581844,
                    -0.22679328783862057
                ],
                [
                    0.44649936724819206,
                    0.8100140401683934,
                    0.3801520350820711,
                    1.1928003765482431
                ],
                [
                    -0.6572581210119165,
                    0.008612877432584203,
                    0.7536163352172083,
                    -0.08233629566735767
                ],
                [
                    0.0,
                    0.0,
                    0.0,
                    1.0
                ]
            ],
            "radius": 0.01271,
            "height": 0.05982
        },
        "distance": 0.0
    },
    {
        "case": 10,
        "collider1": {
            "type": "Box",
            "collider2origin": [
                [
                    0.9984065575563776,
                    -0.05643000822632935,
                    0.0,
                    -0.3111399560290343
                ],
                [
                    0.05643000822632935,
                    0.9984065575563776,
                    0.0,
                    1.3240986306775833
                ],
                [
                    0.0,
                    0.0,
                    1.0,
                    -0.21500000000000008
                ],
                [
                    0.0,
                    0.0,
                    0.0,
                    1.0
                ]
            ],
            "size": [
                0.2,
                0.3,
                0.22
            ]
        },
        "collider2": {
            "type": "Cylinder",
            "collider2origin": [
                [
                    0.60716560954228,
                    -0.5863472290992836,
                    0.5362339503581844,
                    -0.22679328783862057
                ],
                [
                    0.44649936724819206,
                    0.8100140401683934,
                    0.3801520350820711,
                    1.1928003765482431
                ],
                [
                    -0.6572581210119165,
                    0.008612877432584203,
                    0.7536163352172083,
                    -0.08233629566735767
                ],
                [
                    0.0,
                    0.0,
                    0.0,
                    1.0
                ]
            ],
            "radius": 0.01271,
            "height": 0.05982
        },
        "distance": 0.0
    },
    {
        "case": 11,
        "collider1": {
            "type": "Box",
            "collider2origin": [
                [
                    0.9081427509232697,
                    -0.4186606548811531,
                    0.0,
                    -0.09474126814702305
                ],
                [
                    0.41866065488115317,
                    0.9081427509232698,
                    0.0,
                    1.368923948110301
                ],
                [
                    0.0,
                    0.0,
                    1.0,
                    -0.21500000000000008
                ],
                [
                    0.0,
                    0.0,
                    0.0,
                    1.0
                ]
            ],
            "size": [
                0.2,
                0.3,
                0.22
            ]
        },
        "collider2": {
            "type": "Cylinder",
            "collider2origin": [
                [
                    0.5636688531179088,
                    -0.6548031467791416,
                    0.5034980268013718,
                    -0.23636725409203502
                ],
                [
                    0.46988199688154114,
                    0.755514850974809,
                    0.45651749031458494,
                    1.1877475206377754
                ],
                [
                    -0.6793293259026552,
                    -0.020740031934543966,
                    0.7335403997354186,
                    -0.09247335230755316
                ],
                [
                    0.0,
                    0.0,
                    0.0,
                    1.0
                ]
            ],
            "radius": 0.01169,
            "height": 0.05502
        },
        "distance": 0.08173363456900568
    },
    {
        "case": 12,
        "collider1": {
            "type": "Box",
            "collider2origin": [
                [
                    0.9798474486812189,
                    -0.1997472836183421,
                    0.0,
                    -0.20628161272202655
                ],
                [
                    0.19974728361834207,
                    0.9798474486812188,
                    0.0,
                    1.335871448475788
                ],
                [
                    0.0,
                    0.0,
                    1.0,
                    -0.21500000000000008
                ],
                [
                    0.0,
                    0.0,
                    0.0,
                    1.0
                ]
            ],
            "size": [
                0.2,
                0.3,
                0.22
            ]
        },
        "collider2": {
            "type": "Cylinder",
            "collider2origin": [
                [
                    0.5636688531179088,
                    -0.6548031467791416,
                    0.5034980268013718,
                    -0.23636725409203502
                ],
                [
                    0.46988199688154114,
                    0.755514850974809,
                    0.45651749031458494,
                    1.1877475206377754
                ],
                [
                    -0.6793293259026552,
                    -0.020740031934543966,
                    0.7335403997354186,
                    -0.09247335230755316
                ],
                [
                    0.0,
                    0.0,
                    0.0,
                    1.0
                ]
            ],
            "radius": 0.01169,
            "height": 0.05502
        },
        "distance": 0.0
    },
    {
        "case": 13,
        "collider1": {
            "type": "Box",
            "collider2origin": [
                [
                    0.9984065575563776,
                    -0.05643000822632935,
                    0.0,
                    -0.3111399560290343
                ],
                [
                    0.05643000822632935,
                    0.9984065575563776,
                    0.0,
                    1.3240986306775833
                ],
                [
                    0.0,
                    0.0,
                    1.0,
                    -0.21500000000000008
                ],
                [
                    0.0,
                    0.0,
                    0.0,
                    1.0
                ]
            ],
            "size": [
                0.2,
                0.3,
                0.22
            ]
        },
        "collider2": {
            "type": "Cylinder",
            "collider2origin": [
                [
                    0.5636688531179088,
                    -0.6548031467791416,
                    0.5034980268013718,
                    -0.23636725409203502
                ],
                [
                    0.46988199688154114,
                    0.755514850974809,
                    0.45651749031458494,
                    1.1877475206377754
                ],
                [
                    -0.6793293259026552,
                    -0.020740031934543966,
                    0.7335403997354186,
                    -0.09247335230755316
                ],
                [
                    0.0,
                    0.0,
                    0.0,
                    1.0
                ]
            ],
            "radius": 0.01169,
            "height": 0.05502
        },
        "distance": 0.0
    },
    {
        "case": 14,
        "collider1": {
            "type": "Box",
            "collider2origin": [
                [
                    -0.49996093967317806,
                    0.8660479541001831,
                    0.0,
                    0.23518030403224222
                ],
                [
                    -0.8660479541001831,
                    -0.49996093967317806,
                    0.0,
                    1.6545490191575776
                ],
                [
                    0.0,
                    0.0,
                    1.0,
                    -0.21500000000000008
                ],
                [
                    0.0,
                    0.0,
                    0.0,
                    1.0
                ]
            ],
            "size": [
                0.2,
                0.3,
                0.22
            ]
        },
        "collider2": {
            "type": "Box",
            "collider2origin": [
                [
                    0.3115023310192732,
                    -0.9146896454411403,
                    -0.2575056315739915,
                    0.037804574727244356
                ],
                [
                    -0.7049830562252467,
                    -0.4041569651514809,
                    0.5828001698308393,
                    1.274135477914987
                ],
                [
                    -0.6371539752719665,
                    -6.5042784898820424e-06,
                    -0.7707365384830437,
                    0.17546250672317942
                ],
                [
                    0.0,
                    0.0,
                    0.0,
                    1.0
                ]
            ],
            "size": [
                0.1202,
                0.13634,
                0.67816
            ]
        },
        "distance": 0.13149569447149667
    },
    {
        "case": 15,
        "collider1": {
            "type": "Box",
            "collider2origin": [
                [
                    0.718022042059392,
                    -0.6960203640101781,
                    0.0,
                    0.13748258467077087
                ],
                [
                    0.6960203640101781,
                    0.718022042059392,
                    0.0,
                    1.5384737068316263
                ],
                [
                    0.0,
                    0.0,
                    1.0,
                    -0.21500000000000008
                ],
                [
                    0.0,
                    0.0,
                    0.0,
                    1.0
                ]
            ],
            "size": [
                0.2,
                0.3,
                0.22
            ]
        },
        "collider2": {
            "type": "Box",
            "collider2origin": [
                [
                    0.3115023310192732,
                    -0.9146896454411403,
                    -0.2575056315739915,
                    0.037804574727244356
                ],
                [
                    -0.7049830562252467,
                    -0.4041569651514809,
                    0.5828001698308393,
                    1.274135477914987
                ],
                [
                    -0.6371539752719665,
                    -6.5042784898820424e-06,
                    -0.7707365384830437,
                    0.17546250672317942
                ],
                [
                    0.0,
                    0.0,
                    0.0,
                    1.0
                ]
            ],
            "size": [
                0.1202,
                0.13634,
                0.67816
            ]
        },
        "distance": 0.022845482394588446
    },
    {
        "case": 16,
        "collider1": {
            "type": "Box",
            "collider2origin": [
                [
                    0.8404842512412337,
                    -0.5418359746412772,
                    0.0,
                    0.011439976095501792
                ],
                [
                    0.5418359746412771,
                    0.8404842512412338,
                    0.0,
                    1.4325762997644957
                ],
                [
                    0.0,
                    0.0,
                    1.0,
                    -0.21500000000000008
                ],
                [
                    0.0,
                    0.0,
                    0.0,
                    1.0
                ]
            ],
            "size": [
                0.2,
                0.3,
                0.22
            ]
        },
        "collider2": {
            "type": "Box",
            "collider2origin": [
                [
                    0.3115023310192732,
                    -0.9146896454411403,
                    -0.2575056315739915,
                    0.037804574727244356
                ],
                [
                    -0.7049830562252467,
                    -0.4041569651514809,
                    0.5828001698308393,
                    1.274135477914987
                ],
                [
                    -0.6371539752719665,
                    -6.5042784898820424e-06,
                    -0.7707365384830437,
                    0.17546250672317942
                ],
                [
                    0.0,
                    0.0,
                    0.0,
                    1.0
                ]
            ],
            "size": [
                0.1202,
                0.13634,
                0.67816
            ]
        },
        "distance": 0.0
    },
    {
        "case": 17,
        "collider1": {
            "type": "Box",
            "collider2origin": [
                [
                    0.9081427509232697,
                    -0.4186606548811531,
                    0.0,
                    -0.09474126814702305
                ],
                [
                    0.41866065488115317,
                    0.9081427509232698,
                    0.0,
                    1.368923948110301
                ],
                [
                    0.0,
                    0.0,
                    1.0,
                    -0.21500000000000008
                ],
                [
                    0.0,
                    0.0,
                    0.0,
                    1.0
                ]
            ],
            "size": [
                0.2,
                0.3,
                0.22
            ]
        },
        "collider2": {
            "type": "Box",
            "collider2origin": [
                [
                    0.3115023310192732,
                    -0.9146896454411403,
                    -0.2575056315739915,
                    0.037804574727244356
                ],
                [
                    -0.7049830562252467,
                    -0.4041569651514809,
                    0.5828001698308393,
                    1.274135477914987
                ],
                [
                    -0.6371539752719665,
                    -6.5042784898820424e-06,
                    -0.7707365384830437,
                    0.17546250672317942
                ],
                [
                    0.0,
                    0.0,
                    0.0,
                    1.0
                ]
            ],
            "size": [
                0.1202,
                0.13634,
                0.67816
            ]
        },
        "distance": 0.0
    },
    {
        "case": 18,
        "collider1": {
            "type": "Box",
            "collider2origin": [
                [
                    0.9798474486812189,
                    -0.1997472836183421,
                    0.0,
                    -0.20628161272202655
                ],
                [
                    0.19974728361834207,
                    0.9798474486812188,
                    0.0,
                    1.335871448475788
                ],
                [
                    0.0,
                    0.0,
                    1.0,
                    -0.21500000000000008
                ],
                [
                    0.0,
                    0.0,
                    0.0,
                    1.0
                ]
            ],
            "size": [
                0.2,
                0.3,
                0.22
            ]
        },
        "collider2": {
            "type": "Box",
            "collider2origin": [
                [
                    0.3115023310192732,
                    -0.9146896454411403,
                    -0.2575056315739915,
                    0.037804574727244356
                ],
                [
                    -0.7049830562252467,
                    -0.4041569651514809,
                    0.5828001698308393,
                    1.274135477914987
                ],
                [
                    -0.6371539752719665,
                    -6.5042784898820424e-06,
                    -0.7707365384830437,
                    0.17546250672317942
                ],
                [
                    0.0,
                    0.0,
                    0.0,
                    1.0
                ]
            ],
            "size": [
                0.1202,
                0.13634,
                0.67816
            ]
        },
        "distance": 0.018480819059012485
    },
    {
        "case": 19,
        "collider1": {
            "type": "Cylinder",
            "collider2origin": [
                [
                    0.907778172512869,
                    0.4194505805326725,
                    0.0,
                    -0.07232761537572224
                ],
                [
                    -0.4194505805326725,
                    0.907778172512869,
                    0.0,
                    1.2000044650142188
                ],
                [
                    0.0,
                    0.0,
                    1.0,
                    -0.5800000000000001
                ],
                [
                    0.0,
                    0.0,
                    0.0,
                    1.0
                ]
            ],
            "radius": 0.04,
            "height": 0.96
        },
        "collider2": {
            "type": "Box",
            "collider2origin": [
                [
                    0.3115023310192732,
                    -0.9146896454411403,
                    -0.2575056315739915,
                    0.037804574727244356
                ],
                [
                    -0.7049830562252467,
                    -0.4041569651514809,
                    0.5828001698308393,
                    1.274135477914987
                ],
                [
                    -0.6371539752719665,
                    -6.5042784898820424e-06,
                    -0.7707365384830437,
                    0.17546250672317942
                ],
                [
                    0.0,
                    0.0,
                    0.0,
                    1.0
                ]
            ],
            "size": [
                0.1202,
                0.13634,
                0.67816
            ]
        },
        "distance": 0.11480871403888908
    },
    {
        "case": 20,
        "collider1": {
            "type": "Box",
            "collider2origin": [
                [
                    0.907778172512869,
                    0.4194505805326725,
                    0.0,
                    -0.7418785952877999
                ],
                [
                    -0.4194505805326725,
                    0.907778172512869,
                    0.0,
                    1.2791466490804724
                ],
                [
                    0.0,
                    0.0,
                    1.0,
                    0.27
                ],
                [
                    0.0,
                    0.0,
                    0.0,
                    1.0
                ]
            ],
            "size": [
                0.52,
                1.16,
                0.6
            ]
        },
        "collider2": {
            "type": "Cylinder",
            "collider2origin": [
                [
                    0.4139276348511347,
                    0.7382226001595708,
                    0.532626797786394,
                    -0.2884391300320139
                ],
                [
                    -0.4350909473119205,
                    0.6743859758366553,
                    -0.59657306607159,
                    1.1793427062811124
                ],
                [
                    -0.7995997628024665,
                    0.015196980242305985,
                    0.6003409623853377,
                    -0.03420427872291576
                ],
                [
                    0.0,
                    0.0,
                    0.0,
                    1.0
                ]
            ],
            "radius": 0.0076,
            "height": 0.02993
        },
        "distance": 0.17753097792519776
    },
    {
        "case": 21,
        "collider1": {
            "type": "Box",
            "collider2origin": [
                [
                    0.907778172512869,
                    0.4194505805326725,
                    0.0,
                    -0.7418785952877999
                ],
                [
                    -0.4194505805326725,
                    0.907778172512869,
                    0.0,
                    1.2791466490804724
                ],
                [
                    0.0,
                    0.0,
                    1.0,
                    0.27
                ],
                [
                    0.0,
                    0.0,
                    0.0,
                    1.0
                ]
            ],
            "size": [
                0.52,
                1.16,
                0.6
            ]
        },
        "collider2": {
            "type": "Box",
            "collider2origin": [
                [
                    0.6119840593957571,
                    -0.4626785384587012,
                    -0.641407889798068,
                    -0.22523128533157483
                ],
                [
                    -0.1877602362260463,
                    -0.8728270261909234,
                    0.4504653993849563,
                    1.1637857692493099
                ],
                [
                    -0.7682588136414902,
                    -0.15524674682720133,
                    -0.6210288583163753,
                    -0.02033643910479066
