[
    {
        "case": 0,
        "collider1": {
            "type": "Box",
            "collider2origin": [
                [
                    0.9077781725128689,
                    0.4194505805326724,
                    0.0,
                    0.4158817547107895
                ],
                [
                    -0.4194505805326724,
                    0.9077781725128689,
                    0.0,
                    0.733173894971941
                ],
                [
                    0.0,
                    0.0,
                    1.0,
                    -0.6599999999999999
                ],
                [
                    0.0,
                    0.0,
                    0.0,
                    1.0
                ]
            ],
            "size": [
                0.6,
                1.0,
                0.8
            ]
        },
        "collider2": {
            "type": "Box",
            "collider2origin": [
                [
                    0.9481495474406827,
                    -0.311580510253543,
                    -0.0626898821036577,
                    0.8066995014460276
                ],
                [
                    0.3109016817398634,
                    0.9502197564932764,
                    -0.02055623168732591,
                    1.0168737725527723
                ],
                [
                    0.06597408566515689,
                    -8.002677065814864e-09,
                    0.9978213367234869,
                    -0.051738121303674944
                ],
                [
                    0.0,
                    0.0,
                    0.0,
                    1.0
                ]
            ],
            "size": [
                0.1202,
                0.13634,
                0.67816
            ]
        },
        "distance": 0.0
    },
    {
        "case": 1,
        "collider1": {
            "type": "Box",
            "collider2origin": [
                [
                    0.907778172512869,
                    0.4194505805326725,
                    0.0,
                    0.9947946797881562
                ],
                [
                    -0.4194505805326725,
                    0.907778172512869,
                    0.0,
                    0.5317739604993647
                ],
                [
                    0.0,
                    0.0,
                    1.0,
                    -0.69
                ],
                [
                    0.0,
                    0.0,
                    0.0,
                    1.0
                ]
            ],
            "size": [
                0.6,
                1.2,
                0.75
            ]
        },
        "collider2": {
            "type": "Box",
            "collider2origin": [
                [
                    0.9481495474406827,
                    -0.311580510253543,
                    -0.0626898821036577,
                    0.8066995014460276
                ],
                [
                    0.3109016817398634,
                    0.9502197564932764,
                    -0.02055623168732591,
                    1.0168737725527723
                ],
                [
                    0.06597408566515689,
                    -8.002677065814864e-09,
                    0.9978213367234869,
                    -0.051738121303674944
                ],
                [
                    0.0,
                    0.0,
                    0.0,
                    1.0
                ]
            ],
            "size": [
                0.1202,
                0.13634,
                0.67816
            ]
        },
        "distance": 0.0
    },
    {
        "case": 2,
        "collider1": {
            "type": "Box",
            "collider2origin": [
                [
                    0.9077781725128689,
                    0.4194505805326724,
                    0.0,
                    0.4158817547107895
                ],
                [
                    -0.4194505805326724,
                    0.9077781725128689,
                    0.0,
                    0.733173894971941
                ],
                [
                    0.0,
                    0.0,
                    1.0,
                    -0.6599999999999999
                ],
                [
                    0.0,
                    0.0,
                    0.0,
                    1.0
                ]
            ],
            "size": [
                0.6,
                1.0,
                0.8
            ]
        },
        "collider2": {
            "type": "Box",
            "collider2origin": [
                [
                    -0.3552607229159661,
                    -0.31157704274367176,
                    0.8813112759906874,
                    0.5100185130278191
                ],
                [
                    -0.11649477163912458,
                    0.950220893481953,
                    0.2889796217228947,
                    1.0525491548288546
                ],
                [
                    -0.9274798040571953,
                    -5.046518262636764e-06,
                    -0.37387325799067156,
                    -0.21475967642651428
                ],
                [
                    0.0,
                    0.0,
                    0.0,
                    1.0
                ]
            ],
            "size": [
                0.15068,
                0.17726,
                0.74884
            ]
        },
        "distance": 0.0
    },
    {
        "case": 3,
        "collider1": {
            "type": "Box",
            "collider2origin": [
                [
                    0.9077781725128689,
                    0.4194505805326724,
                    0.0,
                    0.27063700059322826
                ],
                [
                    -0.4194505805326724,
                    0.9077781725128689,
                    0.0,
                    0.8002854543438492
                ],
                [
                    0.0,
                    0.0,
                    1.0,
                    -0.25
                ],
                [
                    0.0,
                    0.0,
                    0.0,
                    1.0
                ]
            ],
            "size": [
                0.2,
                0.2,
                0.02
            ]
        },
        "collider2": {
            "type": "Box",
            "collider2origin": [
                [
                    -0.3552607229159661,
                    -0.31157704274367176,
                    0.8813112759906874,
                    0.5100185130278191
                ],
                [
                    -0.11649477163912458,
                    0.950220893481953,
                    0.2889796217228947,
                    1.0525491548288546
                ],
                [
                    -0.9274798040571953,
                    -5.046518262636764e-06,
                    -0.37387325799067156,
                    -0.21475967642651428
                ],
                [
                    0.0,
                    0.0,
                    0.0,
                    1.0
                ]
            ],
            "size": [
                0.15068,
                0.17726,
                0.74884
            ]
        },
        "distance": 0.03558681080246185
    },
    {
        "case": 4,
        "collider1": {
            "type": "Box",
            "collider2origin": [
                [
                    0.907778172512869,
                    0.4194505805326725,
                    0.0,
                    0.9947946797881562
                ],
                [
                    -0.4194505805326725,
                    0.907778172512869,
                    0.0,
                    0.5317739604993647
                ],
                [
                    0.0,
                    0.0,
                    1.0,
                    -0.69
                ],
                [
                    0.0,
                    0.0,
                    0.0,
                    1.0
                ]
            ],
            "size": [
                0.6,
                1.2,
                0.75
            ]
        },
        "collider2": {
            "type": "Box",
            "collider2origin": [
                [
                    -0.3552607229159661,
                    -0.31157704274367176,
                    0.8813112759906874,
                    0.5100185130278191
                ],
                [
                    -0.11649477163912458,
                    0.950220893481953,
                    0.2889796217228947,
                    1.0525491548288546
                ],
                [
                    -0.9274798040571953,
                    -5.046518262636764e-06,
                    -0.37387325799067156,
                    -0.21475967642651428
                ],
                [
                    0.0,
                    0.0,
                    0.0,
                    1.0
                ]
            ],
            "size": [
                0.15068,
                0.17726,
                0.74884
            ]
        },
        "distance": 0.030907311284366072
    },
    {
        "case": 5,
        "collider1": {
            "type": "Box",
            "collider2origin": [
                [
                    0.8404842512412337,
                    -0.5418359746412772,
                    0.0,
                    0.011439976095501792
                ],
                [
                    0.5418359746412771,
                    0.8404842512412338,
                    0.0,
                    1.4325762997644957
                ],
                [
                    0.0,
                    0.0,
                    1.0,
                    -0.21500000000000008
                ],
                [
                    0.0,
                    0.0,
                    0.0,
                    1.0
                ]
            ],
            "size": [
                0.2,
                0.3,
                0.22
            ]
        },
        "collider2": {
            "type": "Box",
            "collider2origin": [
                [
                    -0.3552607229159661,
                    -0.31157704274367176,
                    0.8813112759906874,
                    0.5100185130278191
                ],
                [
                    -0.11649477163912458,
                    0.950220893481953,
                    0.2889796217228947,
                    1.0525491548288546
                ],
                [
                    -0.9274798040571953,
                    -5.046518262636764e-06,
                    -0.37387325799067156,
                    -0.21475967642651428
                ],
                [
                    0.0,
                    0.0,
                    0.0,
                    1.0
                ]
            ],
            "size": [
                0.15068,
                0.17726,
                0.74884
            ]
        },
        "distance": 0.2603011153853853
    },
    {
        "case": 6,
        "collider1": {
            "type": "Box",
            "collider2origin": [
                [
                    0.9077781725128689,
                    0.4194505805326724,
                    0.0,
                    0.4158817547107895
                ],
                [
                    -0.4194505805326724,
                    0.9077781725128689,
                    0.0,
                    0.733173894971941
                ],
                [
                    0.0,
                    0.0,
                    1.0,
                    -0.6599999999999999
                ],
                [
                    0.0,
                    0.0,
                    0.0,
                    1.0
                ]
            ],
            "size": [
                0.6,
                1.0,
                0.8
            ]
        },
        "collider2": {
            "type": "Box",
            "collider2origin": [
                [
                    -0.3552607229159661,
                    -0.31157704274367176,
                    0.8813112759906874,
                    0.5100185130278191
                ],
                [
                    -0.11649477163912458,
                    0.950220893481953,
                    0.2889796217228947,
                    1.0525491548288546
                ],
                [
                    -0.9274798040571953,
                    -5.046518262636764e-06,
                    -0.37387325799067156,
                    -0.21475967642651428
                ],
                [
                    0.0,
                    0.0,
                    0.0,
                    1.0
                ]
            ],
            "size": [
                0.15068,
                0.17726,
                0.74884
            ]
        },
        "distance": 0.0
    },
    {
        "case": 7,
        "collider1": {
            "type": "Box",
            "collider2origin": [
                [
                    0.9077781725128689,
                    0.4194505805326724,
                    0.0,
                    0.27063700059322826
                ],
                [
                    -0.4194505805326724,
                    0.9077781725128689,
                    0.0,
                    0.8002854543438492
                ],
                [
                    0.0,
                    0.0,
                    1.0,
                    -0.25
                ],
                [
                    0.0,
                    0.0,
                    0.0,
                    1.0
                ]
            ],
            "size": [
                0.2,
                0.2,
                0.02
            ]
        },
        "collider2": {
            "type": "Box",
            "collider2origin": [
                [
                    -0.3552607229159661,
                    -0.31157704274367176,
                    0.8813112759906874,
                    0.5100185130278191
                ],
                [
                    -0.11649477163912458,
                    0.950220893481953,
                    0.2889796217228947,
                    1.0525491548288546
                ],
                [
                    -0.9274798040571953,
                    -5.046518262636764e-06,
                    -0.37387325799067156,
                    -0.21475967642651428
                ],
                [
                    0.0,
                    0.0,
                    0.0,
                    1.0
                ]
            ],
            "size": [
                0.15068,
                0.17726,
                0.74884
            ]
        },
        "distance": 0.03558681080246185
    },
    {
        "case": 8,
        "collider1": {
            "type": "Box",
            "collider2origin": [
                [
                    0.907778172512869,
                    0.4194505805326725,
                    0.0,
                    0.9947946797881562
                ],
                [
                    -0.4194505805326725,
                    0.907778172512869,
                    0.0,
                    0.5317739604993647
                ],
                [
                    0.0,
                    0.0,
                    1.0,
                    -0.69
                ],
                [
                    0.0,
                    0.0,
                    0.0,
                    1.0
                ]
            ],
            "size": [
                0.6,
                1.2,
                0.75
            ]
        },
        "collider2": {
            "type": "Box",
            "collider2origin": [
                [
                    -0.3552607229159661,
                    -0.31157704274367176,
                    0.8813112759906874,
                    0.5100185130278191
                ],
                [
                    -0.11649477163912458,
                    0.950220893481953,
                    0.2889796217228947,
                    1.0525491548288546
                ],
                [
                    -0.9274798040571953,
                    -5.046518262636764e-06,
                    -0.37387325799067156,
                    -0.21475967642651428
                ],
                [
                    0.0,
                    0.0,
                    0.0,
                    1.0
                ]
            ],
            "size": [
                0.15068,
                0.17726,
                0.74884
            ]
        },
        "distance": 0.030907311284366072
    },
    {
        "case": 9,
        "collider1": {
            "type": "Box",
            "collider2origin": [
                [
                    0.8404842512412337,
                    -0.5418359746412772,
                    0.0,
                    0.011439976095501792
                ],
                [
                    0.5418359746412771,
                    0.8404842512412338,
                    0.0,
                    1.4325762997644957
                ],
                [
                    0.0,
                    0.0,
                    1.0,
                    -0.21500000000000008
                ],
                [
                    0.0,
                    0.0,
                    0.0,
                    1.0
                ]
            ],
            "size": [
                0.2,
                0.3,
                0.22
            ]
        },
        "collider2": {
            "type": "Box",
            "collider2origin": [
                [
                    -0.3552607229159661,
                    -0.31157704274367176,
                    0.8813112759906874,
                    0.5100185130278191
                ],
                [
                    -0.11649477163912458,
                    0.950220893481953,
                    0.2889796217228947,
                    1.0525491548288546
                ],
                [
                    -0.9274798040571953,
                    -5.046518262636764e-06,
                    -0.37387325799067156,
                    -0.21475967642651428
                ],
                [
                    0.0,
                    0.0,
                    0.0,
                    1.0
                ]
            ],
            "size": [
                0.15068,
                0.17726,
                0.74884
            ]
        },
        "distance": 0.2603011153853853
    }
]