[
    {
        "case": 0,
        "collider1": {
            "type": "Box",
            "collider2origin": [
                [
                    0.9077781725128689,
                    0.4194505805326724,
                    0.0,
                    0.27063700059322826
                ],
                [
                    -0.4194505805326724,
                    0.9077781725128689,
                    0.0,
                    0.8002854543438492
                ],
                [
                    0.0,
                    0.0,
                    1.0,
                    -0.25
                ],
                [
                    0.0,
                    0.0,
                    0.0,
                    1.0
                ]
            ],
            "size": [
                0.2,
                0.2,
                0.02
            ]
        },
        "collider2": {
            "type": "Box",
            "collider2origin": [
                [
                    0.11964686008094955,
                    0.03206854116294697,
                    -0.9922984619258715,
                    0.007926311855572576
                ],
                [
                    0.003842960142809287,
                    -0.9994856720587666,
                    -0.0318374466089306,
                    0.615998030994589
                ],
                [
                    -0.9928090755679615,
                    -4.1129191986556895e-06,
                    -0.11970856048325629,
                    -0.1385114310778488
                ],
                [
                    0.0,
                    0.0,
                    0.0,
                    1.0
                ]
            ],
            "size": [
                0.15068,
                0.17726,
                0.74884
            ]
        },
        "distance": 0.05024433903178178
    },
    {
        "case": 1,
        "collider1": {
            "type": "Box",
            "collider2origin": [
                [
                    0.907778172512869,
                    0.4194505805326725,
                    0.0,
                    -1.612083837096907
                ],
                [
                    -0.4194505805326725,
                    0.907778172512869,
                    0.0,
                    -0.24654756573714753
                ],
                [
                    0.0,
                    0.0,
                    1.0,
                    -0.040000000000000036
                ],
                [
                    0.0,
                    0.0,
                    0.0,
                    1.0
                ]
            ],
            "size": [
                2.0,
                2.0,
                2.0
            ]
        },
        "collider2": {
            "type": "Box",
            "collider2origin": [
                [
                    0.11964686008094955,
                    0.03206854116294697,
                    -0.9922984619258715,
                    0.007926311855572576
                ],
                [
                    0.003842960142809287,
                    -0.9994856720587666,
                    -0.0318374466089306,
                    0.615998030994589
                ],
                [
                    -0.9928090755679615,
                    -4.1129191986556895e-06,
                    -0.11970856048325629,
                    -0.1385114310778488
                ],
                [
                    0.0,
                    0.0,
                    0.0,
                    1.0
                ]
            ],
            "size": [
                0.15068,
                0.17726,
                0.74884
            ]
        },
        "distance": 0.21258521077195597
    },
    {
        "case": 2,
        "collider1": {
            "type": "Box",
            "collider2origin": [
                [
                    0.907778172512869,
                    0.4194505805326725,
                    0.0,
                    -0.7418785952877999
                ],
                [
                    -0.4194505805326725,
                    0.907778172512869,
                    0.0,
                    1.2791466490804724
                ],
                [
                    0.0,
                    0.0,
                    1.0,
                    0.27
                ],
                [
                    0.0,
                    0.0,
                    0.0,
                    1.0
                ]
            ],
            "size": [
                0.52,
                1.16,
                0.6
            ]
        },
        "collider2": {
            "type": "Box",
            "collider2origin": [
                [
                    0.11964686008094955,
                    0.03206854116294697,
                    -0.9922984619258715,
                    0.007926311855572576
                ],
                [
                    0.003842960142809287,
                    -0.9994856720587666,
                    -0.0318374466089306,
                    0.615998030994589
                ],
                [
                    -0.9928090755679615,
                    -4.1129191986556895e-06,
                    -0.11970856048325629,
                    -0.1385114310778488
                ],
                [
                    0.0,
                    0.0,
                    0.0,
                    1.0
                ]
            ],
            "size": [
                0.15068,
                0.17726,
                0.74884
            ]
        },
        "distance": 0.3282760504424389
    },
    {
        "case": 3,
        "collider1": {
            "type": "Box",
            "collider2origin": [
                [
                    0.9077781725128689,
                    0.4194505805326724,
                    0.0,
                    0.27063700059322826
                ],
                [
                    -0.4194505805326724,
                    0.9077781725128689,
                    0.0,
                    0.8002854543438492
                ],
                [
                    0.0,
                    0.0,
                    1.0,
                    -0.25
                ],
                [
                    0.0,
                    0.0,
                    0.0,
                    1.0
                ]
            ],
            "size": [
                0.2,
                0.2,
                0.02
            ]
        },
        "collider2": {
            "type": "Box",
            "collider2origin": [
                [
                    0.11964686008094955,
                    0.03206854116294697,
                    -0.9922984619258715,
                    0.007926311855572576
                ],
                [
                    0.003842960142809287,
                    -0.9994856720587666,
                    -0.0318374466089306,
                    0.615998030994589
                ],
                [
                    -0.9928090755679615,
                    -4.1129191986556895e-06,
                    -0.11970856048325629,
                    -0.1385114310778488
                ],
                [
                    0.0,
                    0.0,
                    0.0,
                    1.0
                ]
            ],
            "size": [
                0.15068,
                0.17726,
                0.74884
            ]
        },
        "distance": 0.05024433903178178
    },
    {
        "case": 4,
        "collider1": {
            "type": "Box",
            "collider2origin": [
                [
                    0.907778172512869,
                    0.4194505805326725,
                    0.0,
                    -1.612083837096907
                ],
                [
                    -0.4194505805326725,
                    0.907778172512869,
                    0.0,
                    -0.24654756573714753
                ],
                [
                    0.0,
                    0.0,
                    1.0,
                    -0.040000000000000036
                ],
                [
                    0.0,
                    0.0,
                    0.0,
                    1.0
                ]
            ],
            "size": [
                2.0,
                2.0,
                2.0
            ]
        },
        "collider2": {
            "type": "Box",
            "collider2origin": [
                [
                    0.11964686008094955,
                    0.03206854116294697,
                    -0.9922984619258715,
                    0.007926311855572576
                ],
                [
                    0.003842960142809287,
                    -0.9994856720587666,
                    -0.0318374466089306,
                    0.615998030994589
                ],
                [
                    -0.9928090755679615,
                    -4.1129191986556895e-06,
                    -0.11970856048325629,
                    -0.1385114310778488
                ],
                [
                    0.0,
                    0.0,
                    0.0,
                    1.0
                ]
            ],
            "size": [
                0.15068,
                0.17726,
                0.74884
            ]
        },
        "distance": 0.21258521077195597
    },
    {
        "case": 5,
        "collider1": {
            "type": "Box",
            "collider2origin": [
                [
                    0.907778172512869,
                    0.4194505805326725,
                    0.0,
                    -0.7418785952877999
                ],
                [
                    -0.4194505805326725,
                    0.907778172512869,
                    0.0,
                    1.2791466490804724
                ],
                [
                    0.0,
                    0.0,
                    1.0,
                    0.27
                ],
                [
                    0.0,
                    0.0,
                    0.0,
                    1.0
                ]
            ],
            "size": [
                0.52,
                1.16,
                0.6
            ]
        },
        "collider2": {
            "type": "Box",
            "collider2origin": [
                [
                    0.11964686008094955,
                    0.03206854116294697,
                    -0.9922984619258715,
                    0.007926311855572576
                ],
                [
                    0.003842960142809287,
                    -0.9994856720587666,
                    -0.0318374466089306,
                    0.615998030994589
                ],
                [
                    -0.9928090755679615,
                    -4.1129191986556895e-06,
                    -0.11970856048325629,
                    -0.1385114310778488
                ],
                [
                    0.0,
                    0.0,
                    0.0,
                    1.0
                ]
            ],
            "size": [
                0.15068,
                0.17726,
                0.74884
            ]
        },
        "distance": 0.3282760504424389
    },
    {
        "case": 6,
        "collider1": {
            "type": "Box",
            "collider2origin": [
                [
                    0.9077781725128689,
                    0.4194505805326724,
                    0.0,
                    0.27063700059322826
                ],
                [
                    -0.4194505805326724,
                    0.9077781725128689,
                    0.0,
                    0.8002854543438492
                ],
                [
                    0.0,
                    0.0,
                    1.0,
                    -0.25
                ],
                [
                    0.0,
                    0.0,
                    0.0,
                    1.0
                ]
            ],
            "size": [
                0.2,
                0.2,
                0.02
            ]
        },
        "collider2": {
            "type": "Box",
            "collider2origin": [
                [
                    -0.42715659119600563,
                    0.03207550521825249,
                    0.9036085483010896,
                    -0.05234814312240976
                ],
                [
                    -0.01371021967817185,
                    -0.9994854485987127,
                    0.028997722596896234,
                    0.7404686283542019
                ],
                [
                    0.9040737118588199,
                    -2.103363344335695e-06,
                    0.427376559396267,
                    -0.056194288340795984
                ],
                [
                    0.0,
                    0.0,
                    0.0,
                    1.0
                ]
            ],
            "size": [
                0.1202,
                0.13634,
                0.67816
            ]
        },
        "distance": 0.18749628797695955
    },
    {
        "case": 7,
        "collider1": {
            "type": "Box",
            "collider2origin": [
                [
                    0.907778172512869,
                    0.4194505805326725,
                    0.0,
                    -1.612083837096907
                ],
                [
                    -0.4194505805326725,
                    0.907778172512869,
                    0.0,
                    -0.24654756573714753
                ],
                [
                    0.0,
                    0.0,
                    1.0,
                    -0.040000000000000036
                ],
                [
                    0.0,
                    0.0,
                    0.0,
                    1.0
                ]
            ],
            "size": [
                2.0,
                2.0,
                2.0
            ]
        },
        "collider2": {
            "type": "Box",
            "collider2origin": [
                [
                    -0.42715659119600563,
                    0.03207550521825249,
                    0.9036085483010896,
                    -0.05234814312240976
                ],
                [
                    -0.01371021967817185,
                    -0.9994854485987127,
                    0.028997722596896234,
                    0.7404686283542019
                ],
                [
                    0.9040737118588199,
                    -2.103363344335695e-06,
                    0.427376559396267,
                    -0.056194288340795984
                ],
                [
                    0.0,
                    0.0,
                    0.0,
                    1.0
                ]
            ],
            "size": [
                0.1202,
                0.13634,
                0.67816
            ]
        },
        "distance": 0.34032981288257075
    },
    {
        "case": 8,
        "collider1": {
            "type": "Box",
            "collider2origin": [
                [
                    0.907778172512869,
                    0.4194505805326725,
                    0.0,
                    -0.7418785952877999
                ],
                [
                    -0.4194505805326725,
                    0.907778172512869,
                    0.0,
                    1.2791466490804724
                ],
                [
                    0.0,
                    0.0,
                    1.0,
                    0.27
                ],
                [
                    0.0,
                    0.0,
                    0.0,
                    1.0
                ]
            ],
            "size": [
                0.52,
                1.16,
                0.6
            ]
        },
        "collider2": {
            "type": "Box",
            "collider2origin": [
                [
                    -0.42715659119600563,
                    0.03207550521825249,
                    0.9036085483010896,
                    -0.05234814312240976
                ],
                [
                    -0.01371021967817185,
                    -0.9994854485987127,
                    0.028997722596896234,
                    0.7404686283542019
                ],
                [
                    0.9040737118588199,
                    -2.103363344335695e-06,
                    0.427376559396267,
                    -0.056194288340795984
                ],
                [
                    0.0,
                    0.0,
                    0.0,
                    1.0
                ]
            ],
            "size": [
                0.1202,
                0.13634,
                0.67816
            ]
        },
        "distance": 0.28899459190949167
    }
]