[
    {
        "case": 0,
        "collider1": {
            "type": "Box",
            "collider2origin": [
                [
                    0.907778172512869,
                    0.4194505805326725,
                    0.0,
                    -0.7418785952877999
                ],
                [
                    -0.4194505805326725,
                    0.907778172512869,
                    0.0,
                    1.2791466490804724
                ],
                [
                    0.0,
                    0.0,
                    1.0,
                    0.27
                ],
                [
                    0.0,
                    0.0,
                    0.0,
                    1.0
                ]
            ],
            "size": [
                0.52,
                1.16,
                0.6
            ]
        },
        "collider2": {
            "type": "Cylinder",
            "collider2origin": [
                [
                    0.5337086533274961,
                    -0.8402944968994961,
                    -0.09518525013768114,
                    -0.3205684052766085
                ],
                [
                    0.47906901147694936,
                    0.39317678506616105,
                    -0.7847960868451981,
                    1.5757292368991243
                ],
                [
                    0.6968844635991311,
                    0.37325215895619435,
                    0.6124009064564572,
                    0.0650245768958313
                ],
                [
                    0.0,
                    0.0,
                    0.0,
                    1.0
                ]
            ],
            "radius": 0.00783,
            "height": 0.03683
        },
        "distance": 0.0
    },
    {
        "case": 1,
        "collider1": {
            "type": "Box",
            "collider2origin": [
                [
                    0.907778172512869,
                    0.4194505805326725,
                    0.0,
                    -0.7418785952877999
                ],
                [
                    -0.4194505805326725,
                    0.907778172512869,
                    0.0,
                    1.2791466490804724
                ],
                [
                    0.0,
                    0.0,
                    1.0,
                    0.27
                ],
                [
                    0.0,
                    0.0,
                    0.0,
                    1.0
                ]
            ],
            "size": [
                0.52,
                1.16,
                0.6
            ]
        },
        "collider2": {
            "type": "Sphere",
            "collider2origin": [
                [
                    1.0,
                    0.0,
                    0.0,
                    -0.27217085303534333
                ],
                [
                    0.0,
                    1.0,
                    0.0,
                    1.6120037344611
                ],
                [
                    0.0,
                    0.0,
                    1.0,
                    0.04460035457198286
                ],
                [
                    0.0,
                    0.0,
                    0.0,
                    1.0
                ]
            ],
            "radius": 0.00563
        },
        "distance": 0.02114333817976309
    },
    {
        "case": 2,
        "collider1": {
            "type": "Box",
            "collider2origin": [
                [
                    0.907778172512869,
                    0.4194505805326725,
                    0.0,
                    -0.7418785952877999
                ],
                [
                    -0.4194505805326725,
                    0.907778172512869,
                    0.0,
                    1.2791466490804724
                ],
                [
                    0.0,
                    0.0,
                    1.0,
                    0.27
                ],
                [
                    0.0,
                    0.0,
                    0.0,
                    1.0
                ]
            ],
            "size": [
                0.52,
                1.16,
                0.6
            ]
        },
        "collider2": {
            "type": "Cylinder",
            "collider2origin": [
                [
                    0.38450973227545393,
                    -0.8765341434268237,
                    -0.2895516554821654,
                    -0.2765001845800596
                ],
                [
                    0.48256438341908636,
                    0.45825498005046084,
                    -0.7464140868943376,
                    1.595740609092982
                ],
                [
                    0.7869459204042013,
                    0.1472761646226426,
                    0.5991876581616383,
                    0.05668839170117823
                ],
                [
                    0.0,
                    0.0,
                    0.0,
                    1.0
                ]
            ],
            "radius": 0.00813,
            "height": 0.03824
        },
        "distance": 0.020584611615308297
    },
    {
        "case": 3,
        "collider1": {
            "type": "Box",
            "collider2origin": [
                [
                    0.907778172512869,
                    0.4194505805326725,
                    0.0,
                    -0.2920556628501435
                ],
                [
                    -0.4194505805326725,
                    0.907778172512869,
                    0.0,
                    1.6804798391522473
                ],
                [
                    0.0,
                    0.0,
                    1.0,
                    0.18999999999999995
                ],
                [
                    0.0,
                    0.0,
                    0.0,
                    1.0
                ]
            ],
            "size": [
                0.04,
                0.04,
                0.86
            ]
        },
        "collider2": {
            "type": "Cylinder",
            "collider2origin": [
                [
                    -0.27019699760664245,
                    -0.7892932981266497,
                    -0.5513707210368644,
                    -0.34412688863923874
                ],
                [
                    0.4695619428329929,
                    0.3919200868505655,
                    -0.7911448839283168,
                    1.6247111247031845
                ],
                [
                    0.8405386156074336,
                    -0.47266767930058506,
                    0.26472646376465303,
                    0.12251351503376884
                ],
                [
                    0.0,
                    0.0,
                    0.0,
                    1.0
                ]
            ],
            "radius": 0.01271,
            "height": 0.05982
        },
        "distance": 0.020342175963774998
    },
    {
        "case": 4,
        "collider1": {
            "type": "Box",
            "collider2origin": [
                [
                    0.907778172512869,
                    0.4194505805326725,
                    0.0,
                    -0.7418785952877999
                ],
                [
                    -0.4194505805326725,
                    0.907778172512869,
                    0.0,
                    1.2791466490804724
                ],
                [
                    0.0,
                    0.0,
                    1.0,
                    0.27
                ],
                [
                    0.0,
                    0.0,
                    0.0,
                    1.0
                ]
            ],
            "size": [
                0.52,
                1.16,
                0.6
            ]
        },
        "collider2": {
            "type": "Cylinder",
            "collider2origin": [
                [
                    -0.27019699760664245,
                    -0.7892932981266497,
                    -0.5513707210368644,
                    -0.34412688863923874
                ],
                [
                    0.4695619428329929,
                    0.3919200868505655,
                    -0.7911448839283168,
                    1.6247111247031845
                ],
                [
                    0.8405386156074336,
                    -0.47266767930058506,
                    0.26472646376465303,
                    0.12251351503376884
                ],
                [
                    0.0,
                    0.0,
                    0.0,
                    1.0
                ]
            ],
            "radius": 0.01271,
            "height": 0.05982
        },
        "distance": 0.0
    },
    {
        "case": 5,
        "collider1": {
            "type": "Box",
            "collider2origin": [
                [
                    0.718022042059392,
                    -0.6960203640101781,
                    0.0,
                    0.13748258467077087
                ],
                [
                    0.6960203640101781,
                    0.718022042059392,
                    0.0,
                    1.5384737068316263
                ],
                [
                    0.0,
                    0.0,
                    1.0,
                    -0.21500000000000008
                ],
                [
                    0.0,
                    0.0,
                    0.0,
                    1.0
                ]
            ],
            "size": [
                0.2,
                0.3,
                0.22
            ]
        },
        "collider2": {
            "type": "Box",
            "collider2origin": [
                [
                    0.2304307775404814,
                    0.5449471882644727,
                    -0.8061849780073642,
                    0.15326210222909406
                ],
                [
                    -0.14976085927700541,
                    0.8384703703742606,
                    0.5239648108728897,
                    1.103535741968484
                ],
                [
                    0.9614953675347074,
                    -2.6637306946798064e-06,
                    0.27482113856507173,
                    -0.02035763420075276
                ],
                [
                    0.0,
                    0.0,
                    0.0,
                    1.0
                ]
            ],
            "size": [
                0.15068,
                0.17726,
                0.74884
            ]
        },
        "distance": 0.14250496569222967
    },
    {
        "case": 6,
        "collider1": {
            "type": "Box",
            "collider2origin": [
                [
                    0.8404842512412337,
                    -0.5418359746412772,
                    0.0,
                    0.011439976095501792
                ],
                [
                    0.5418359746412771,
                    0.8404842512412338,
                    0.0,
                    1.4325762997644957
                ],
                [
                    0.0,
                    0.0,
                    1.0,
                    -0.21500000000000008
                ],
                [
                    0.0,
                    0.0,
                    0.0,
                    1.0
                ]
            ],
            "size": [
                0.2,
                0.3,
                0.22
            ]
        },
        "collider2": {
            "type": "Box",
            "collider2origin": [
                [
                    0.2304307775404814,
                    0.5449471882644727,
                    -0.8061849780073642,
                    0.15326210222909406
                ],
                [
                    -0.14976085927700541,
                    0.8384703703742606,
                    0.5239648108728897,
                    1.103535741968484
                ],
                [
                    0.9614953675347074,
                    -2.6637306946798064e-06,
                    0.27482113856507173,
                    -0.02035763420075276
                ],
                [
                    0.0,
                    0.0,
                    0.0,
                    1.0
                ]
            ],
            "size": [
                0.15068,
                0.17726,
                0.74884
            ]
        },
        "distance": 0.0559568708387846
    },
    {
        "case": 7,
        "collider1": {
            "type": "Box",
            "collider2origin": [
                [
                    0.9081427509232697,
                    -0.4186606548811531,
                    0.0,
                    -0.09474126814702305
                ],
                [
                    0.41866065488115317,
                    0.9081427509232698,
                    0.0,
                    1.368923948110301
                ],
                [
                    0.0,
                    0.0,
                    1.0,
                    -0.21500000000000008
                ],
                [
                    0.0,
                    0.0,
                    0.0,
                    1.0
                ]
            ],
            "size": [
                0.2,
                0.3,
                0.22
            ]
        },
        "collider2": {
            "type": "Box",
            "collider2origin": [
                [
                    0.2304307775404814,
                    0.5449471882644727,
                    -0.8061849780073642,
                    0.15326210222909406
                ],
                [
                    -0.14976085927700541,
                    0.8384703703742606,
                    0.5239648108728897,
                    1.103535741968484
                ],
                [
                    0.9614953675347074,
                    -2.6637306946798064e-06,
                    0.27482113856507173,
                    -0.02035763420075276
                ],
                [
                    0.0,
                    0.0,
                    0.0,
                    1.0
                ]
            ],
            "size": [
                0.15068,
                0.17726,
                0.74884
            ]
        },
        "distance": 0.0535118828401543
    },
    {
        "case": 8,
        "collider1": {
            "type": "Box",
            "collider2origin": [
                [
                    0.9798474486812189,
                    -0.1997472836183421,
                    0.0,
                    -0.20628161272202655
                ],
                [
                    0.19974728361834207,
                    0.9798474486812188,
                    0.0,
                    1.335871448475788
                ],
                [
                    0.0,
                    0.0,
                    1.0,
                    -0.21500000000000008
                ],
                [
                    0.0,
                    0.0,
                    0.0,
                    1.0
                ]
            ],
            "size": [
                0.2,
                0.3,
                0.22
            ]
        },
        "collider2": {
            "type": "Box",
            "collider2origin": [
                [
                    0.2304307775404814,
                    0.5449471882644727,
                    -0.8061849780073642,
                    0.15326210222909406
                ],
                [
                    -0.14976085927700541,
                    0.8384703703742606,
                    0.5239648108728897,
                    1.103535741968484
                ],
                [
                    0.9614953675347074,
                    -2.6637306946798064e-06,
                    0.27482113856507173,
                    -0.02035763420075276
                ],
                [
                    0.0,
                    0.0,
                    0.0,
                    1.0
                ]
            ],
            "size": [
                0.15068,
                0.17726,
                0.74884
            ]
        },
        "distance": 0.07518509933002626
    },
    {
        "case": 9,
        "collider1": {
            "type": "Box",
            "collider2origin": [
                [
                    0.9984065575563776,
                    -0.05643000822632935,
                    0.0,
                    -0.3111399560290343
                ],
                [
                    0.05643000822632935,
                    0.9984065575563776,
                    0.0,
                    1.3240986306775833
                ],
                [
                    0.0,
                    0.0,
                    1.0,
                    -0.21500000000000008
                ],
                [
                    0.0,
                    0.0,
                    0.0,
                    1.0
                ]
            ],
            "size": [
                0.2,
                0.3,
                0.22
            ]
        },
        "collider2": {
            "type": "Box",
            "collider2origin": [
                [
                    0.2304307775404814,
                    0.5449471882644727,
                    -0.8061849780073642,
                    0.15326210222909406
                ],
                [
                    -0.14976085927700541,
                    0.8384703703742606,
                    0.5239648108728897,
                    1.103535741968484
                ],
                [
                    0.9614953675347074,
                    -2.6637306946798064e-06,
                    0.27482113856507173,
                    -0.02035763420075276
                ],
                [
                    0.0,
                    0.0,
                    0.0,
                    1.0
                ]
            ],
            "size": [
                0.15068,
                0.17726,
                0.74884
            ]
        },
        "distance": 0.10575027783560811
    },
    {
        "case": 10,
        "collider1": {
            "type": "Cylinder",
            "collider2origin": [
                [
                    0.907778172512869,
                    0.4194505805326725,
                    0.0,
                    -0.07232761537572224
                ],
                [
                    -0.4194505805326725,
                    0.907778172512869,
                    0.0,
                    1.2000044650142188
                ],
                [
                    0.0,
                    0.0,
                    1.0,
                    -0.5800000000000001
                ],
                [
                    0.0,
                    0.0,
                    0.0,
                    1.0
                ]
            ],
            "radius": 0.04,
            "height": 0.96
        },
        "collider2": {
            "type": "Box",
            "collider2origin": [
                [
                    0.2304307775404814,
                    0.5449471882644727,
                    -0.8061849780073642,
                    0.15326210222909406
                ],
                [
                    -0.14976085927700541,
                    0.8384703703742606,
                    0.5239648108728897,
                    1.103535741968484
                ],
                [
                    0.9614953675347074,
                    -2.6637306946798064e-06,
                    0.27482113856507173,
                    -0.02035763420075276
                ],
                [
                    0.0,
                    0.0,
                    0.0,
                    1.0
                ]
            ],
            "size": [
                0.15068,
                0.17726,
                0.74884
            ]
        },
        "distance": 0.0566729731218618
    },
    {
        "case": 11,
        "collider1": {
            "type": "Box",
            "collider2origin": [
                [
                    0.718022042059392,
                    -0.6960203640101781,
                    0.0,
                    0.13748258467077087
                ],
                [
                    0.6960203640101781,
                    0.718022042059392,
                    0.0,
                    1.5384737068316263
                ],
                [
                    0.0,
                    0.0,
                    1.0,
                    -0.21500000000000008
                ],
                [
                    0.0,
                    0.0,
                    0.0,
                    1.0
                ]
            ],
            "size": [
                0.2,
                0.3,
                0.22
            ]
        },
        "collider2": {
            "type": "Box",
            "collider2origin": [
                [
                    0.2304307775404814,
                    0.5449471882644727,
                    -0.8061849780073642,
                    0.15326210222909406
                ],
                [
                    -0.14976085927700541,
                    0.8384703703742606,
                    0.5239648108728897,
                    1.103535741968484
                ],
                [
                    0.9614953675347074,
                    -2.6637306946798064e-06,
                    0.27482113856507173,
                    -0.02035763420075276
                ],
                [
                    0.0,
                    0.0,
                    0.0,
                    1.0
                ]
            ],
            "size": [
                0.15068,
                0.17726,
                0.74884
            ]
        },
        "distance": 0.14250496569222967
    },
    {
        "case": 12,
        "collider1": {
            "type": "Box",
            "collider2origin": [
                [
                    0.8404842512412337,
                    -0.5418359746412772,
                    0.0,
                    0.011439976095501792
                ],
                [
                    0.5418359746412771,
                    0.8404842512412338,
                    0.0,
                    1.4325762997644957
                ],
                [
                    0.0,
                    0.0,
                    1.0,
                    -0.21500000000000008
                ],
                [
                    0.0,
                    0.0,
                    0.0,
                    1.0
                ]
            ],
            "size": [
                0.2,
                0.3,
                0.22
            ]
        },
        "collider2": {
            "type": "Box",
            "collider2origin": [
                [
                    0.2304307775404814,
                    0.5449471882644727,
                    -0.8061849780073642,
                    0.15326210222909406
                ],
                [
                    -0.14976085927700541,
                    0.8384703703742606,
                    0.5239648108728897,
                    1.103535741968484
                ],
                [
                    0.9614953675347074,
                    -2.6637306946798064e-06,
                    0.27482113856507173,
                    -0.02035763420075276
                ],
                [
                    0.0,
                    0.0,
                    0.0,
                    1.0
                ]
            ],
            "size": [
                0.15068,
                0.17726,
                0.74884
            ]
        },
        "distance": 0.0559568708387846
    },
    {
        "case": 13,
        "collider1": {
            "type": "Box",
            "collider2origin": [
                [
                    0.9081427509232697,
                    -0.4186606548811531,
                    0.0,
                    -0.09474126814702305
                ],
                [
                    0.41866065488115317,
                    0.9081427509232698,
                    0.0,
                    1.368923948110301
                ],
                [
                    0.0,
                    0.0,
                    1.0,
                    -0.21500000000000008
                ],
                [
                    0.0,
                    0.0,
                    0.0,
                    1.0
                ]
            ],
            "size": [
                0.2,
                0.3,
                0.22
            ]
        },
        "collider2": {
            "type": "Box",
            "collider2origin": [
                [
                    0.2304307775404814,
                    0.5449471882644727,
                    -0.8061849780073642,
                    0.15326210222909406
                ],
                [
                    -0.14976085927700541,
                    0.8384703703742606,
                    0.5239648108728897,
                    1.103535741968484
                ],
                [
                    0.9614953675347074,
                    -2.6637306946798064e-06,
                    0.27482113856507173,
                    -0.02035763420075276
                ],
                [
                    0.0,
                    0.0,
                    0.0,
                    1.0
                ]
            ],
            "size": [
                0.15068,
                0.17726,
                0.74884
            ]
        },
        "distance": 0.0535118828401543
    },
    {
        "case": 14,
        "collider1": {
            "type": "Box",
            "collider2origin": [
                [
                    0.9798474486812189,
                    -0.1997472836183421,
                    0.0,
                    -0.20628161272202655
                ],
                [
                    0.19974728361834207,
                    0.9798474486812188,
                    0.0,
                    1.335871448475788
                ],
                [
                    0.0,
                    0.0,
                    1.0,
                    -0.21500000000000008
                ],
                [
                    0.0,
                    0.0,
                    0.0,
                    1.0
                ]
            ],
            "size": [
                0.2,
                0.3,
                0.22
            ]
        },
        "collider2": {
            "type": "Box",
            "collider2origin": [
                [
                    0.2304307775404814,
                    0.5449471882644727,
                    -0.8061849780073642,
                    0.15326210222909406
                ],
                [
                    -0.14976085927700541,
                    0.8384703703742606,
                    0.5239648108728897,
                    1.103535741968484
                ],
                [
                    0.9614953675347074,
                    -2.6637306946798064e-06,
                    0.27482113856507173,
                    -0.02035763420075276
                ],
                [
                    0.0,
                    0.0,
                    0.0,
                    1.0
                ]
            ],
            "size": [
                0.15068,
                0.17726,
                0.74884
            ]
        },
        "distance": 0.07518509933002626
    },
    {
        "case": 15,
        "collider1": {
            "type": "Box",
            "collider2origin": [
                [
                    0.9984065575563776,
                    -0.05643000822632935,
                    0.0,
                    -0.3111399560290343
                ],
                [
                    0.05643000822632935,
                    0.9984065575563776,
                    0.0,
                    1.3240986306775833
                ],
                [
                    0.0,
                    0.0,
                    1.0,
                    -0.21500000000000008
                ],
                [
                    0.0,
                    0.0,
                    0.0,
                    1.0
                ]
            ],
            "size": [
                0.2,
                0.3,
                0.22
            ]
        },
        "collider2": {
            "type": "Box",
            "collider2origin": [
                [
                    0.2304307775404814,
                    0.5449471882644727,
                    -0.8061849780073642,
                    0.15326210222909406
                ],
                [
                    -0.14976085927700541,
                    0.8384703703742606,
                    0.5239648108728897,
                    1.103535741968484
                ],
                [
                    0.9614953675347074,
                    -2.6637306946798064e-06,
                    0.27482113856507173,
                    -0.02035763420075276
                ],
                [
                    0.0,
                    0.0,
                    0.0,
                    1.0
                ]
            ],
            "size": [
                0.15068,
                0.17726,
                0.74884
            ]
        },
        "distance": 0.10575027783560811
    },
    {
        "case": 16,
        "collider1": {
            "type": "Cylinder",
            "collider2origin": [
                [
                    0.907778172512869,
                    0.4194505805326725,
                    0.0,
                    -0.07232761537572224
                ],
                [
                    -0.4194505805326725,
                    0.907778172512869,
                    0.0,
                    1.2000044650142188
                ],
                [
                    0.0,
                    0.0,
                    1.0,
                    -0.5800000000000001
                ],
                [
                    0.0,
                    0.0,
                    0.0,
                    1.0
                ]
            ],
            "radius": 0.04,
            "height": 0.96
        },
        "collider2": {
            "type": "Box",
            "collider2origin": [
                [
                    0.2304307775404814,
                    0.5449471882644727,
                    -0.8061849780073642,
                    0.15326210222909406
                ],
                [
                    -0.14976085927700541,
                    0.8384703703742606,
                    0.5239648108728897,
                    1.103535741968484
                ],
                [
                    0.9614953675347074,
                    -2.6637306946798064e-06,
                    0.27482113856507173,
                    -0.02035763420075276
                ],
                [
                    0.0,
                    0.0,
                    0.0,
                    1.0
                ]
            ],
            "size": [
                0.15068,
                0.17726,
                0.74884
            ]
        },
        "distance": 0.0566729731218618
    },
    {
        "case": 17,
        "collider1": {
            "type": "Box",
            "collider2origin": [
                [
                    0.907778172512869,
                    0.4194505805326725,
                    0.0,
                    -0.2920556628501435
                ],
                [
                    -0.4194505805326725,
                    0.907778172512869,
                    0.0,
                    1.6804798391522473
                ],
                [
                    0.0,
                    0.0,
                    1.0,
                    0.18999999999999995
                ],
                [
                    0.0,
                    0.0,
                    0.0,
                    1.0
                ]
            ],
            "size": [
                0.04,
                0.04,
                0.86
            ]
        },
        "collider2": {
            "type": "Sphere",
            "collider2origin": [
                [
                    1.0,
                    0.0,
                    0.0,
                    -0.3224954487183474
                ],
                [
                    0.0,
                    1.0,
                    0.0,
                    1.6527742921536719
                ],
                [
                    0.0,
                    0.0,
                    1.0,
                    0.11067111495630333
                ],
                [
                    0.0,
                    0.0,
                    0.0,
                    1.0
                ]
            ],
            "radius": 0.01051
        },
        "distance": 0.007408476676544531
    },
    {
        "case": 18,
        "collider1": {
            "type": "Box",
            "collider2origin": [
                [
                    0.907778172512869,
                    0.4194505805326725,
                    0.0,
                    -0.7418785952877999
                ],
                [
                    -0.4194505805326725,
                    0.907778172512869,
                    0.0,
                    1.2791466490804724
                ],
                [
                    0.0,
                    0.0,
                    1.0,
                    0.27
                ],
                [
                    0.0,
                    0.0,
                    0.0,
                    1.0
                ]
            ],
            "size": [
                0.52,
                1.16,
                0.6
            ]
        },
        "collider2": {
            "type": "Sphere",
            "collider2origin": [
                [
                    1.0,
                    0.0,
                    0.0,
                    -0.3224954487183474
                ],
                [
                    0.0,
                    1.0,
                    0.0,
                    1.6527742921536719
                ],
                [
                    0.0,
                    0.0,
                    1.0,
                    0.11067111495630333
                ],
                [
                    0.0,
                    0.0,
                    0.0,
                    1.0
                ]
            ],
            "radius": 0.01051
        },
        "distance": 0.0
    },
    {
        "case": 19,
        "collider1": {
            "type": "Box",
            "collider2origin": [
                [
                    0.907778172512869,
                    0.4194505805326725,
                    0.0,
                    -0.7418785952877999
                ],
                [
                    -0.4194505805326725,
                    0.907778172512869,
                    0.0,
                    1.2791466490804724
                ],
                [
                    0.0,
                    0.0,
                    1.0,
                    0.27
                ],
                [
                    0.0,
                    0.0,
                    0.0,
                    1.0
                ]
            ],
            "size": [
                0.52,
                1.16,
                0.6
            ]
        },
        "collider2": {
            "type": "Sphere",
            "collider2origin": [
                [
                    1.0,
                    0.0,
                    0.0,
                    -0.3325642658137555
                ],
                [
                    0.0,
                    1.0,
                    0.0,
                    1.6206109549179823
                ],
                [
                    0.0,
                    0.0,
                    1.0,
                    0.04276970512246381
                ],
                [
                    0.0,
                    0.0,
                    0.0,
                    1.0
                ]
            ],
            "radius": 0.00487
        },
        "distance": 0.0
    },
    {
        "case": 20,
        "collider1": {
            "type": "Box",
            "collider2origin": [
                [
                    0.907778172512869,
                    0.4194505805326725,
                    0.0,
                    -0.7418785952877999
                ],
                [
                    -0.4194505805326725,
                    0.907778172512869,
                    0.0,
                    1.2791466490804724
                ],
                [
                    0.0,
                    0.0,
                    1.0,
                    0.27
                ],
                [
                    0.0,
                    0.0,
                    0.0,
                    1.0
                ]
            ],
            "size": [
                0.52,
                1.16,
                0.6
            ]
        },
        "collider2": {
            "type": "Cylinder",
            "collider2origin": [
                [
                    0.5276128003833791,
                    -0.7698433327209566,
                    0.3591183313849333,
                    -0.3254579230447205
                ],
                [
                    0.48177937208588933,
                    -0.07700569704465487,
                    -0.8729024912641694,
                    1.6065047245341448
                ],
                [
                    0.6996523204450441,
                    0.6335703320766817,
                    0.3302654459796064,
                    0.04761284014092926
                ],
                [
                    0.0,
                    0.0,
                    0.0,
                    1.0
                ]
            ],
            "radius": 0.0076,
            "height": 0.02993
        },
        "distance": 0.0
    },
    {
        "case": 21,
        "collider1": {
            "type": "Box",
            "collider2origin": [
                [
                    0.907778172512869,
                    0.4194505805326725,
                    0.0,
                    -0.7418785952877999
                ],
                [
                    -0.4194505805326725,
                    0.907778172512869,
                    0.0,
                    1.2791466490804724
                ],
                [
                    0.0,
                    0.0,
                    1.0,
                    0.27
                ],
                [
                    0.0,
                    0.0,
                    0.0,
                    1.0
                ]
            ],
            "size": [
                0.52,
                1.16,
                0.6
            ]
        },
        "collider2": {
            "type": "Cylinder",
            "collider2origin": [
                [
                    0.38450973227545393,
                    -0.6175695159935775,
                    -0.6861196387663865,
                    -0.302209270975994
                ],
                [
                    0.48256438341908636,
                    0.7680898520897461,
                    -0.42091518738590133,
                    1.5705743614871768
                ],
                [
                    0.7869459204042013,
                    -0.16925091442060183,
                    0.5933550760943858,
                    0.08468230814975097
                ],
                [
                    0.0,
                    0.0,
                    0.0,
                    1.0
                ]
            ],
            "radius": 0.00683,
            "height": 0.01782
        },
