[
    {
        "case": 0,
        "collider1": {
            "type": "Box",
            "collider2origin": [
                [
                    0.9077781725128689,
                    0.4194505805326724,
                    0.0,
                    0.4158817547107895
                ],
                [
                    -0.4194505805326724,
                    0.9077781725128689,
                    0.0,
                    0.733173894971941
                ],
                [
                    0.0,
                    0.0,
                    1.0,
                    -0.6599999999999999
                ],
                [
                    0.0,
                    0.0,
                    0.0,
                    1.0
                ]
            ],
            "size": [
                0.6,
                1.0,
                0.8
            ]
        },
        "collider2": {
            "type": "Box",
            "collider2origin": [
                [
                    -0.0710488935483156,
                    0.9880942274479894,
                    0.1364619082730466,
                    0.5134044729802038
                ],
                [
                    0.4562773856428084,
                    0.15384991925617233,
                    -0.8764366204671237,
                    0.5639038779800181
                ],
                [
                    -0.8869966189769406,
                    -5.369402759795066e-06,
                    -0.4617759174043677,
                    -0.24113184091518547
                ],
                [
                    0.0,
                    0.0,
                    0.0,
                    1.0
                ]
            ],
            "size": [
                0.15068,
                0.17726,
                0.74884
            ]
        },
        "distance": 0.0
    },
    {
        "case": 1,
        "collider1": {
            "type": "Box",
            "collider2origin": [
                [
                    0.9077781725128689,
                    0.4194505805326724,
                    0.0,
                    0.27063700059322826
                ],
                [
                    -0.4194505805326724,
                    0.9077781725128689,
                    0.0,
                    0.8002854543438492
                ],
                [
                    0.0,
                    0.0,
                    1.0,
                    -0.25
                ],
                [
                    0.0,
                    0.0,
                    0.0,
                    1.0
                ]
            ],
            "size": [
                0.2,
                0.2,
                0.02
            ]
        },
        "collider2": {
            "type": "Box",
            "collider2origin": [
                [
                    -0.0710488935483156,
                    0.9880942274479894,
                    0.1364619082730466,
                    0.5134044729802038
                ],
                [
                    0.4562773856428084,
                    0.15384991925617233,
                    -0.8764366204671237,
                    0.5639038779800181
                ],
                [
                    -0.8869966189769406,
                    -5.369402759795066e-06,
                    -0.4617759174043677,
                    -0.24113184091518547
                ],
                [
                    0.0,
                    0.0,
                    0.0,
                    1.0
                ]
            ],
            "size": [
                0.15068,
                0.17726,
                0.74884
            ]
        },
        "distance": 0.037071316079658204
    },
    {
        "case": 2,
        "collider1": {
            "type": "Box",
            "collider2origin": [
                [
                    0.907778172512869,
                    0.4194505805326725,
                    0.0,
                    0.9947946797881562
                ],
                [
                    -0.4194505805326725,
                    0.907778172512869,
                    0.0,
                    0.5317739604993647
                ],
                [
                    0.0,
                    0.0,
                    1.0,
                    -0.69
                ],
                [
                    0.0,
                    0.0,
                    0.0,
                    1.0
                ]
            ],
            "size": [
                0.6,
                1.2,
                0.75
            ]
        },
        "collider2": {
            "type": "Box",
            "collider2origin": [
                [
                    -0.0710488935483156,
                    0.9880942274479894,
                    0.1364619082730466,
                    0.5134044729802038
                ],
                [
                    0.4562773856428084,
                    0.15384991925617233,
                    -0.8764366204671237,
                    0.5639038779800181
                ],
                [
                    -0.8869966189769406,
                    -5.369402759795066e-06,
                    -0.4617759174043677,
                    -0.24113184091518547
                ],
                [
                    0.0,
                    0.0,
                    0.0,
                    1.0
                ]
            ],
            "size": [
                0.15068,
                0.17726,
                0.74884
            ]
        },
        "distance": 0.0
    },
    {
        "case": 3,
        "collider1": {
            "type": "Box",
            "collider2origin": [
                [
                    0.9077781725128689,
                    0.4194505805326724,
                    0.0,
                    0.4158817547107895
                ],
                [
                    -0.4194505805326724,
                    0.9077781725128689,
                    0.0,
                    0.733173894971941
                ],
                [
                    0.0,
                    0.0,
                    1.0,
                    -0.6599999999999999
                ],
                [
                    0.0,
                    0.0,
                    0.0,
                    1.0
                ]
            ],
            "size": [
                0.6,
                1.0,
                0.8
            ]
        },
        "collider2": {
            "type": "Box",
            "collider2origin": [
                [
                    -0.0710488935483156,
                    0.9880942274479894,
                    0.1364619082730466,
                    0.5134044729802038
                ],
                [
                    0.4562773856428084,
                    0.15384991925617233,
                    -0.8764366204671237,
                    0.5639038779800181
                ],
                [
                    -0.8869966189769406,
                    -5.369402759795066e-06,
                    -0.4617759174043677,
                    -0.24113184091518547
                ],
                [
                    0.0,
                    0.0,
                    0.0,
                    1.0
                ]
            ],
            "size": [
                0.15068,
                0.17726,
                0.74884
            ]
        },
        "distance": 0.0
    },
    {
        "case": 4,
        "collider1": {
            "type": "Box",
            "collider2origin": [
                [
                    0.9077781725128689,
                    0.4194505805326724,
                    0.0,
                    0.27063700059322826
                ],
                [
                    -0.4194505805326724,
                    0.9077781725128689,
                    0.0,
                    0.8002854543438492
                ],
                [
                    0.0,
                    0.0,
                    1.0,
                    -0.25
                ],
                [
                    0.0,
                    0.0,
                    0.0,
                    1.0
                ]
            ],
            "size": [
                0.2,
                0.2,
                0.02
            ]
        },
        "collider2": {
            "type": "Box",
            "collider2origin": [
                [
                    -0.0710488935483156,
                    0.9880942274479894,
                    0.1364619082730466,
                    0.5134044729802038
                ],
                [
                    0.4562773856428084,
                    0.15384991925617233,
                    -0.8764366204671237,
                    0.5639038779800181
                ],
                [
                    -0.8869966189769406,
                    -5.369402759795066e-06,
                    -0.4617759174043677,
                    -0.24113184091518547
                ],
                [
                    0.0,
                    0.0,
                    0.0,
                    1.0
                ]
            ],
            "size": [
                0.15068,
                0.17726,
                0.74884
            ]
        },
        "distance": 0.037071316079658204
    },
    {
        "case": 5,
        "collider1": {
            "type": "Box",
            "collider2origin": [
                [
                    0.907778172512869,
                    0.4194505805326725,
                    0.0,
                    0.9947946797881562
                ],
                [
                    -0.4194505805326725,
                    0.907778172512869,
                    0.0,
                    0.5317739604993647
                ],
                [
                    0.0,
                    0.0,
                    1.0,
                    -0.69
                ],
                [
                    0.0,
                    0.0,
                    0.0,
                    1.0
                ]
            ],
            "size": [
                0.6,
                1.2,
                0.75
            ]
        },
        "collider2": {
            "type": "Box",
            "collider2origin": [
                [
                    -0.0710488935483156,
                    0.9880942274479894,
                    0.1364619082730466,
                    0.5134044729802038
                ],
                [
                    0.4562773856428084,
                    0.15384991925617233,
                    -0.8764366204671237,
                    0.5639038779800181
                ],
                [
                    -0.8869966189769406,
                    -5.369402759795066e-06,
                    -0.4617759174043677,
                    -0.24113184091518547
                ],
                [
                    0.0,
                    0.0,
                    0.0,
                    1.0
                ]
            ],
            "size": [
                0.15068,
                0.17726,
                0.74884
            ]
        },
        "distance": 0.0
    },
    {
        "case": 6,
        "collider1": {
            "type": "Box",
            "collider2origin": [
                [
                    0.9077781725128689,
                    0.4194505805326724,
                    0.0,
                    0.4158817547107895
                ],
                [
                    -0.4194505805326724,
                    0.9077781725128689,
                    0.0,
                    0.733173894971941
                ],
                [
                    0.0,
                    0.0,
                    1.0,
                    -0.6599999999999999
                ],
                [
                    0.0,
                    0.0,
                    0.0,
                    1.0
                ]
            ],
            "size": [
                0.6,
                1.0,
                0.8
            ]
        },
        "collider2": {
            "type": "Box",
            "collider2origin": [
                [
                    0.13357905913127818,
                    0.9880934457785607,
                    -0.07634119052682463,
                    0.40972936526242715
                ],
                [
                    -0.8578753015698629,
                    0.15385493950216922,
                    0.4902842283280186,
                    0.4085680022128776
                ],
                [
                    0.4961921018295427,
                    -4.840815594494939e-07,
                    0.8682127608378871,
                    -0.14190507865118307
                ],
                [
                    0.0,
                    0.0,
                    0.0,
                    1.0
                ]
            ],
            "size": [
                0.1202,
                0.13634,
                0.67816
            ]
        },
        "distance": 0.0
    },
    {
        "case": 7,
        "collider1": {
            "type": "Box",
            "collider2origin": [
                [
                    0.907778172512869,
                    0.4194505805326725,
                    0.0,
                    0.9947946797881562
                ],
                [
                    -0.4194505805326725,
                    0.907778172512869,
                    0.0,
                    0.5317739604993647
                ],
                [
                    0.0,
                    0.0,
                    1.0,
                    -0.69
                ],
                [
                    0.0,
                    0.0,
                    0.0,
                    1.0
                ]
            ],
            "size": [
                0.6,
                1.2,
                0.75
            ]
        },
        "collider2": {
            "type": "Box",
            "collider2origin": [
                [
                    0.13357905913127818,
                    0.9880934457785607,
                    -0.07634119052682463,
                    0.40972936526242715
                ],
                [
                    -0.8578753015698629,
                    0.15385493950216922,
                    0.4902842283280186,
                    0.4085680022128776
                ],
                [
                    0.4961921018295427,
                    -4.840815594494939e-07,
                    0.8682127608378871,
                    -0.14190507865118307
                ],
                [
                    0.0,
                    0.0,
                    0.0,
                    1.0
                ]
            ],
            "size": [
                0.1202,
                0.13634,
                0.67816
            ]
        },
        "distance": 0.0005393715422249874
    }
]