[
    {
        "case": 0,
        "collider1": {
            "type": "Box",
            "collider2origin": [
                [
                    0.907778172512869,
                    0.4194505805326725,
                    0.0,
                    1.1611274528425521
                ],
                [
                    -0.4194505805326725,
                    0.907778172512869,
                    0.0,
                    2.3937174098575977
                ],
                [
                    0.0,
                    0.0,
                    1.0,
                    -0.040000000000000036
                ],
                [
                    0.0,
                    0.0,
                    0.0,
                    1.0
                ]
            ],
            "size": [
                0.62,
                1.2,
                2.0
            ]
        },
        "collider2": {
            "type": "Cylinder",
            "collider2origin": [
                [
                    0.7388102067254825,
                    -0.6738966061047651,
                    0.004779405687868154,
                    0.9631152167848747
                ],
                [
                    0.671888319516419,
                    0.7371208278866305,
                    0.07224244730856522,
                    1.775743001350301
                ],
                [
                    -0.05220693953539159,
                    -0.050162230574486814,
                    0.9973756494361289,
                    -0.7110243226434521
                ],
                [
                    0.0,
                    0.0,
                    0.0,
                    1.0
                ]
            ],
            "radius": 0.01271,
            "height": 0.05982
        },
        "distance": 0.02933762500410201
    },
    {
        "case": 1,
        "collider1": {
            "type": "Box",
            "collider2origin": [
                [
                    0.907778172512869,
                    0.4194505805326725,
                    0.0,
                    1.1611274528425521
                ],
                [
                    -0.4194505805326725,
                    0.907778172512869,
                    0.0,
                    2.3937174098575977
                ],
                [
                    0.0,
                    0.0,
                    1.0,
                    -0.040000000000000036
                ],
                [
                    0.0,
                    0.0,
                    0.0,
                    1.0
                ]
            ],
            "size": [
                0.62,
                1.2,
                2.0
            ]
        },
        "collider2": {
            "type": "Cylinder",
            "collider2origin": [
                [
                    0.7077580257337229,
                    -0.7058392946752584,
                    -0.029486727553876883,
                    0.9610398978639123
                ],
                [
                    0.7012817306634229,
                    0.6969210707300746,
                    0.1500165171244833,
                    1.7747931461227986
                ],
                [
                    -0.08533763089761018,
                    -0.1268538973180571,
                    0.9882436832522649,
                    -0.7256784321838874
                ],
                [
                    0.0,
                    0.0,
                    0.0,
                    1.0
                ]
            ],
            "radius": 0.01169,
            "height": 0.05502
        },
        "distance": 0.030766617536390227
    },
    {
        "case": 2,
        "collider1": {
            "type": "Box",
            "collider2origin": [
                [
                    0.907778172512869,
                    0.4194505805326725,
                    0.0,
                    1.1611274528425521
                ],
                [
                    -0.4194505805326725,
                    0.907778172512869,
                    0.0,
                    2.3937174098575977
                ],
                [
                    0.0,
                    0.0,
                    1.0,
                    -0.040000000000000036
                ],
                [
                    0.0,
                    0.0,
                    0.0,
                    1.0
                ]
            ],
            "size": [
                0.62,
                1.2,
                2.0
            ]
        },
        "collider2": {
            "type": "Sphere",
            "collider2origin": [
                [
                    1.0,
                    0.0,
                    0.0,
                    0.9327105857164899
                ],
                [
                    0.0,
                    1.0,
                    0.0,
                    1.759150955095314
                ],
                [
                    0.0,
                    0.0,
                    1.0,
                    -0.7783776496660543
                ],
                [
                    0.0,
                    0.0,
                    0.0,
                    1.0
                ]
            ],
            "radius": 0.00563
        },
        "distance": 0.0662251641615573
    },
    {
        "case": 3,
        "collider1": {
            "type": "Box",
            "collider2origin": [
                [
                    0.907778172512869,
                    0.4194505805326725,
                    0.0,
                    1.1611274528425521
                ],
                [
                    -0.4194505805326725,
                    0.907778172512869,
                    0.0,
                    2.3937174098575977
                ],
                [
                    0.0,
                    0.0,
                    1.0,
                    -0.040000000000000036
                ],
                [
                    0.0,
                    0.0,
                    0.0,
                    1.0
                ]
            ],
            "size": [
                0.62,
                1.2,
                2.0
            ]
        },
        "collider2": {
            "type": "Cylinder",
            "collider2origin": [
                [
                    0.9572433796175207,
                    -0.16017033882217543,
                    0.24089536056141897,
                    0.9379822939491629
                ],
                [
                    0.2839381785294044,
                    0.6795573515043382,
                    -0.6764472756910276,
                    1.7439161340551645
                ],
                [
                    -0.055355423870031145,
                    0.7159240662095373,
                    0.69598025005755,
                    -0.7653598802648015
                ],
                [
                    0.0,
                    0.0,
                    0.0,
                    1.0
                ]
            ],
            "radius": 0.00813,
            "height": 0.03824
        },
        "distance": 0.06668623117302572
    },
    {
        "case": 4,
        "collider1": {
            "type": "Box",
            "collider2origin": [
                [
                    0.9077781725128689,
                    0.4194505805326724,
                    0.0,
                    0.4158817547107895
                ],
                [
                    -0.4194505805326724,
                    0.9077781725128689,
                    0.0,
                    0.733173894971941
                ],
                [
                    0.0,
                    0.0,
                    1.0,
                    -0.6599999999999999
                ],
                [
                    0.0,
                    0.0,
                    0.0,
                    1.0
                ]
            ],
            "size": [
                0.6,
                1.0,
                0.8
            ]
        },
        "collider2": {
            "type": "Box",
            "collider2origin": [
                [
                    0.2525828272417935,
                    0.9108198986141597,
                    0.3265103791168577,
                    0.5568936379267306
                ],
                [
                    0.5572930552866462,
                    -0.4128039634662404,
                    0.7204285795801261,
                    0.9440001255133722
                ],
                [
                    0.790965464424217,
                    -5.920695302906154e-06,
                    -0.6118607963034793,
                    -0.2863187494372589
                ],
                [
                    0.0,
                    0.0,
                    0.0,
                    1.0
                ]
            ],
            "size": [
                0.15068,
                0.17726,
                0.74884
            ]
        },
        "distance": 0.0
    },
    {
        "case": 5,
        "collider1": {
            "type": "Box",
            "collider2origin": [
                [
                    0.9077781725128689,
                    0.4194505805326724,
                    0.0,
                    0.27063700059322826
                ],
                [
                    -0.4194505805326724,
                    0.9077781725128689,
                    0.0,
                    0.8002854543438492
                ],
                [
                    0.0,
                    0.0,
                    1.0,
                    -0.25
                ],
                [
                    0.0,
                    0.0,
                    0.0,
                    1.0
                ]
            ],
            "size": [
                0.2,
                0.2,
                0.02
            ]
        },
        "collider2": {
            "type": "Box",
            "collider2origin": [
                [
                    0.2525828272417935,
                    0.9108198986141597,
                    0.3265103791168577,
                    0.5568936379267306
                ],
                [
                    0.5572930552866462,
                    -0.4128039634662404,
                    0.7204285795801261,
                    0.9440001255133722
                ],
                [
                    0.790965464424217,
                    -5.920695302906154e-06,
                    -0.6118607963034793,
                    -0.2863187494372589
                ],
                [
                    0.0,
                    0.0,
                    0.0,
                    1.0
                ]
            ],
            "size": [
                0.15068,
                0.17726,
                0.74884
            ]
        },
        "distance": 0.012044132067261872
    },
    {
        "case": 6,
        "collider1": {
            "type": "Box",
            "collider2origin": [
                [
                    0.907778172512869,
                    0.4194505805326725,
                    0.0,
                    0.9947946797881562
                ],
                [
                    -0.4194505805326725,
                    0.907778172512869,
                    0.0,
                    0.5317739604993647
                ],
                [
                    0.0,
                    0.0,
                    1.0,
                    -0.69
                ],
                [
                    0.0,
                    0.0,
                    0.0,
                    1.0
                ]
            ],
            "size": [
                0.6,
                1.2,
                0.75
            ]
        },
        "collider2": {
            "type": "Box",
            "collider2origin": [
                [
                    0.2525828272417935,
                    0.9108198986141597,
                    0.3265103791168577,
                    0.5568936379267306
                ],
                [
                    0.5572930552866462,
                    -0.4128039634662404,
                    0.7204285795801261,
                    0.9440001255133722
                ],
                [
                    0.790965464424217,
                    -5.920695302906154e-06,
                    -0.6118607963034793,
                    -0.2863187494372589
                ],
                [
                    0.0,
                    0.0,
                    0.0,
                    1.0
                ]
            ],
            "size": [
                0.15068,
                0.17726,
                0.74884
            ]
        },
        "distance": 0.18116092181107737
    },
    {
        "case": 7,
        "collider1": {
            "type": "Box",
            "collider2origin": [
                [
                    0.9077781725128689,
                    0.4194505805326724,
                    0.0,
                    0.4158817547107895
                ],
                [
                    -0.4194505805326724,
                    0.9077781725128689,
                    0.0,
                    0.733173894971941
                ],
                [
                    0.0,
                    0.0,
                    1.0,
                    -0.6599999999999999
                ],
                [
                    0.0,
                    0.0,
                    0.0,
                    1.0
                ]
            ],
            "size": [
                0.6,
                1.0,
                0.8
            ]
        },
        "collider2": {
            "type": "Box",
            "collider2origin": [
                [
                    0.2525828272417935,
                    0.9108198986141597,
                    0.3265103791168577,
                    0.5568936379267306
                ],
                [
                    0.5572930552866462,
                    -0.4128039634662404,
                    0.7204285795801261,
                    0.9440001255133722
                ],
                [
                    0.790965464424217,
                    -5.920695302906154e-06,
                    -0.6118607963034793,
                    -0.2863187494372589
                ],
                [
                    0.0,
                    0.0,
                    0.0,
                    1.0
                ]
            ],
            "size": [
                0.15068,
                0.17726,
                0.74884
            ]
        },
        "distance": 0.0
    },
    {
        "case": 8,
        "collider1": {
            "type": "Box",
            "collider2origin": [
                [
                    0.9077781725128689,
                    0.4194505805326724,
                    0.0,
                    0.27063700059322826
                ],
                [
                    -0.4194505805326724,
                    0.9077781725128689,
                    0.0,
                    0.8002854543438492
                ],
                [
                    0.0,
                    0.0,
                    1.0,
                    -0.25
                ],
                [
                    0.0,
                    0.0,
                    0.0,
                    1.0
                ]
            ],
            "size": [
                0.2,
                0.2,
                0.02
            ]
        },
        "collider2": {
            "type": "Box",
            "collider2origin": [
                [
                    0.2525828272417935,
                    0.9108198986141597,
                    0.3265103791168577,
                    0.5568936379267306
                ],
                [
                    0.5572930552866462,
                    -0.4128039634662404,
                    0.7204285795801261,
                    0.9440001255133722
                ],
                [
                    0.790965464424217,
                    -5.920695302906154e-06,
                    -0.6118607963034793,
                    -0.2863187494372589
                ],
                [
                    0.0,
                    0.0,
                    0.0,
                    1.0
                ]
            ],
            "size": [
                0.15068,
                0.17726,
                0.74884
            ]
        },
        "distance": 0.012044132067261872
    },
    {
        "case": 9,
        "collider1": {
            "type": "Box",
            "collider2origin": [
                [
                    0.907778172512869,
                    0.4194505805326725,
                    0.0,
                    0.9947946797881562
                ],
                [
                    -0.4194505805326725,
                    0.907778172512869,
                    0.0,
                    0.5317739604993647
                ],
                [
                    0.0,
                    0.0,
                    1.0,
                    -0.69
                ],
                [
                    0.0,
                    0.0,
                    0.0,
                    1.0
                ]
            ],
            "size": [
                0.6,
                1.2,
                0.75
            ]
        },
        "collider2": {
            "type": "Box",
            "collider2origin": [
                [
                    0.2525828272417935,
                    0.9108198986141597,
                    0.3265103791168577,
                    0.5568936379267306
                ],
                [
                    0.5572930552866462,
                    -0.4128039634662404,
                    0.7204285795801261,
                    0.9440001255133722
                ],
                [
                    0.790965464424217,
                    -5.920695302906154e-06,
                    -0.6118607963034793,
                    -0.2863187494372589
                ],
                [
                    0.0,
                    0.0,
                    0.0,
                    1.0
                ]
            ],
            "size": [
                0.15068,
                0.17726,
                0.74884
            ]
        },
        "distance": 0.18116092181107737
    },
    {
        "case": 10,
        "collider1": {
            "type": "Box",
            "collider2origin": [
                [
                    0.907778172512869,
                    0.4194505805326725,
                    0.0,
                    1.1611274528425521
                ],
                [
                    -0.4194505805326725,
                    0.907778172512869,
                    0.0,
                    2.3937174098575977
                ],
                [
                    0.0,
                    0.0,
                    1.0,
                    -0.040000000000000036
                ],
                [
                    0.0,
                    0.0,
                    0.0,
                    1.0
                ]
            ],
            "size": [
                0.62,
                1.2,
                2.0
            ]
        },
        "collider2": {
            "type": "Sphere",
            "collider2origin": [
                [
                    1.0,
                    0.0,
                    0.0,
                    0.9133454017032467
                ],
                [
                    0.0,
                    1.0,
                    0.0,
                    1.7204697426541284
                ],
                [
                    0.0,
                    0.0,
                    1.0,
                    -0.7795390530383781
                ],
                [
                    0.0,
                    0.0,
                    0.0,
                    1.0
                ]
            ],
            "radius": 0.00487
        },
        "distance": 0.11022186217847556
    },
    {
        "case": 11,
        "collider1": {
            "type": "Box",
            "collider2origin": [
                [
                    0.907778172512869,
                    0.4194505805326725,
                    0.0,
                    1.1611274528425521
                ],
                [
                    -0.4194505805326725,
                    0.907778172512869,
                    0.0,
                    2.3937174098575977
                ],
                [
                    0.0,
                    0.0,
                    1.0,
                    -0.040000000000000036
                ],
                [
                    0.0,
                    0.0,
                    0.0,
                    1.0
                ]
            ],
            "size": [
                0.62,
                1.2,
                2.0
            ]
        },
        "collider2": {
            "type": "Sphere",
            "collider2origin": [
                [
                    1.0,
                    0.0,
                    0.0,
                    0.979327302759329
                ],
                [
                    0.0,
                    1.0,
                    0.0,
                    1.7159307092725058
                ],
                [
                    0.0,
                    0.0,
                    1.0,
                    -0.7857679392742282
                ],
                [
                    0.0,
                    0.0,
                    0.0,
                    1.0
                ]
            ],
            "radius": 0.00663
        },
        "distance": 0.08490615090399684
    },
    {
        "case": 12,
        "collider1": {
            "type": "Box",
            "collider2origin": [
                [
                    0.907778172512869,
                    0.4194505805326725,
                    0.0,
                    1.1611274528425521
                ],
                [
                    -0.4194505805326725,
                    0.907778172512869,
                    0.0,
                    2.3937174098575977
                ],
                [
                    0.0,
                    0.0,
                    1.0,
                    -0.040000000000000036
                ],
                [
                    0.0,
                    0.0,
                    0.0,
                    1.0
                ]
            ],
            "size": [
                0.62,
                1.2,
                2.0
            ]
        },
        "collider2": {
            "type": "Cylinder",
            "collider2origin": [
                [
                    0.9585468288835293,
                    -0.22538061872389245,
                    0.17433173417644013,
                    0.9264325694570132
                ],
                [
                    0.19662655549405414,
                    0.966019541442424,
                    0.16776246071726494,
                    1.709794372827856
                ],
                [
                    -0.20621826910308708,
                    -0.12652992632181326,
                    0.9702907828239546,
                    -0.730873756170311
                ],
                [
                    0.0,
                    0.0,
                    0.0,
                    1.0
                ]
            ],
            "radius": 0.00783,
            "height": 0.03683
        },
        "distance": 0.10751382038994492
    },
    {
        "case": 13,
        "collider1": {
            "type": "Box",
            "collider2origin": [
                [
                    0.9077781725128689,
                    0.4194505805326724,
                    0.0,
                    0.4158817547107895
                ],
                [
                    -0.4194505805326724,
                    0.9077781725128689,
                    0.0,
                    0.733173894971941
                ],
                [
                    0.0,
                    0.0,
                    1.0,
                    -0.6599999999999999
                ],
                [
                    0.0,
                    0.0,
                    0.0,
                    1.0
                ]
            ],
            "size": [
                0.6,
                1.0,
                0.8
            ]
        },
        "collider2": {
            "type": "Box",
            "collider2origin": [
                [
                    -0.008908036676459037,
                    0.9108202152325372,
                    0.41270713878769466,
                    0.6594489358708553
                ],
                [
                    -0.019663635552782822,
                    -0.41280326489847236,
                    0.910607932057485,
                    1.4763316262632142
                ],
                [
                    0.9997669670075212,
                    -3.5939105103900136e-06,
                    0.021587303390317517,
                    -0.47117329630124405
                ],
                [
                    0.0,
                    0.0,
                    0.0,
                    1.0
                ]
            ],
            "size": [
                0.1202,
                0.13634,
                0.67816
            ]
        },
        "distance": 0.0
    },
    {
        "case": 14,
        "collider1": {
            "type": "Box",
            "collider2origin": [
                [
                    0.907778172512869,
                    0.4194505805326725,
                    0.0,
                    0.9947946797881562
                ],
                [
                    -0.4194505805326725,
                    0.907778172512869,
                    0.0,
                    0.5317739604993647
                ],
                [
                    0.0,
                    0.0,
                    1.0,
                    -0.69
                ],
                [
                    0.0,
                    0.0,
                    0.0,
                    1.0
                ]
            ],
            "size": [
                0.6,
                1.2,
                0.75
            ]
        },
        "collider2": {
            "type": "Box",
            "collider2origin": [
                [
                    -0.008908036676459037,
                    0.9108202152325372,
                    0.41270713878769466,
                    0.6594489358708553
                ],
                [
                    -0.019663635552782822,
                    -0.41280326489847236,
                    0.910607932057485,
                    1.4763316262632142
                ],
                [
                    0.9997669670075212,
                    -3.5939105103900136e-06,
                    0.021587303390317517,
                    -0.47117329630124405
                ],
                [
                    0.0,
                    0.0,
                    0.0,
                    1.0
                ]
            ],
            "size": [
                0.1202,
                0.13634,
                0.67816
            ]
        },
        "distance": 0.32995876511123823
    },
    {
        "case": 15,
        "collider1": {
            "type": "Box",
            "collider2origin": [
                [
                    0.907778172512869,
                    0.4194505805326725,
                    0.0,
                    1.1611274528425521
                ],
                [
                    -0.4194505805326725,
                    0.907778172512869,
                    0.0,
                    2.3937174098575977
                ],
                [
                    0.0,
                    0.0,
                    1.0,
                    -0.040000000000000036
                ],
                [
                    0.0,
                    0.0,
                    0.0,
                    1.0
                ]
            ],
            "size": [
                0.62,
                1.2,
                2.0
            ]
        },
        "collider2": {
            "type": "Box",
            "collider2origin": [
                [
                    -0.008908036676459037,
                    0.9108202152325372,
                    0.41270713878769466,
                    0.6594489358708553
                ],
                [
                    -0.019663635552782822,
                    -0.41280326489847236,
                    0.910607932057485,
                    1.4763316262632142
                ],
                [
                    0.9997669670075212,
                    -3.5939105103900136e-06,
                    0.021587303390317517,
                    -0.47117329630124405
                ],
                [
                    0.0,
                    0.0,
                    0.0,
                    1.0
                ]
            ],
            "size": [
                0.1202,
                0.13634,
                0.67816
            ]
        },
        "distance": 0.10242450807528419
    },
    {
        "case": 16,
        "collider1": {
            "type": "Box",
            "collider2origin": [
                [
                    0.907778172512869,
                    0.4194505805326725,
                    0.0,
                    1.1611274528425521
                ],
                [
                    -0.4194505805326725,
                    0.907778172512869,
                    0.0,
                    2.3937174098575977
                ],
                [
                    0.0,
                    0.0,
                    1.0,
                    -0.040000000000000036
                ],
                [
                    0.0,
                    0.0,
                    0.0,
                    1.0
                ]
            ],
            "size": [
                0.62,
                1.2,
                2.0
            ]
        },
        "collider2": {
            "type": "Sphere",
            "collider2origin": [
                [
                    1.0,
                    0.0,
                    0.0,
                    0.8890580649370479
                ],
                [
                    0.0,
                    1.0,
                    0.0,
                    1.7429958682813842
                ],
                [
                    0.0,
                    0.0,
                    1.0,
                    -0.7534253131762056
                ],
                [
                    0.0,
                    0.0,
                    0.0,
                    1.0
                ]
            ],
            "radius": 0.00484
        },
        "distance": 0.09999047452894472
    },
    {
        "case": 17,
        "collider1": {
            "type": "Box",
            "collider2origin": [
                [
                    0.907778172512869,
                    0.4194505805326725,
                    0.0,
                    1.1611274528425521
                ],
                [
                    -0.4194505805326725,
                    0.907778172512869,
                    0.0,
                    2.3937174098575977
                ],
                [
                    0.0,
                    0.0,
                    1.0,
                    -0.040000000000000036
                ],
                [
                    0.0,
                    0.0,
                    0.0,
                    1.0
                ]
            ],
            "size": [
                0.62,
                1.2,
                2.0
            ]
        },
        "collider2": {
            "type": "Box",
            "collider2origin": [
                [
                    0.09041067241443831,
                    0.9108201787716946,
                    0.40278097305591215,
                    0.8827408472363005
                ],
                [
                    0.19947390635841036,
                    -0.4128033453380057,
                    0.8887089280297952,
                    1.698271938017217
                ],
                [
                    0.9757233578200766,
                    -4.4776615840135524e-06,
                    -0.21900668707659424,
                    -0.4655634734034759
                ],
                [
                    0.0,
                    0.0,
                    0.0,
                    1.0
                ]
            ],
            "size": [
                0.09102,
                0.10007,
                0.11882
            ]
        },
        "distance": 0.07978097282648641
    },
    {
        "case": 18,
        "collider1": {
            "type": "Box",
            "collider2origin": [
                [
                    0.907778172512869,
                    0.4194505805326725,
                    0.0,
                    1.1611274528425521
                ],
                [
                    -0.4194505805326725,
                    0.907778172512869,
                    0.0,
                    2.3937174098575977
                ],
                [
                    0.0,
                    0.0,
                    1.0,
                    -0.040000000000000036
                ],
                [
                    0.0,
                    0.0,
                    0.0,
                    1.0
                ]
            ],
            "size": [
                0.62,
                1.2,
                2.0
            ]
        },
        "collider2": {
            "type": "Cylinder",
            "collider2origin": [
                [
                    0.9569201721211299,
                    -0.10730064226442135,
                    0.2697968798138884,
                    0.9182558849880817
                ],
                [
                    0.20362198383365473,
                    0.9104079704700241,
                    -0.36013249645692597,
                    1.7134116611919024
                ],
                [
                    -0.2069827816203894,
                    0.39955462639580785,
                    0.893036521447131,
                    -0.7654318761421336
                ],
                [
                    0.0,
                    0.0,
                    0.0,
                    1.0
                ]
            ],
            "radius": 0.0076,
            "height": 0.02993
        },
        "distance": 0.1088161561506241
    },
    {
        "case": 19,
        "collider1": {
            "type": "Box",
            "collider2origin": [
                [
                    0.907778172512869,
                    0.4194505805326725,
                    0.0,
                    1.1611274528425521
                ],
                [
                    -0.4194505805326725,
                    0.907778172512869,
                    0.0,
                    2.3937174098575977
                ],
                [
                    0.0,
                    0.0,
                    1.0,
                    -0.040000000000000036
                ],
                [
                    0.0,
                    0.0,
                    0.0,
                    1.0
                ]
            ],
            "size": [
                0.62,
                1.2,
                2.0
            ]
        },
        "collider2": {
            "type": "Box",
            "collider2origin": [
                [
                    0.9151368384887385,
                    0.01708960458785219,
                    0.40278097305591215,
                    0.930511136009196
                ],
                [
                    -0.3865453325637113,
                    -0.24653427168112432,
                    0.8887089280297952,
                    1.7932971709676453
                ],
                [
                    0.11448699801307705,
                    -0.9689833839141352,
                    -0.21900668707659424,
                    -0.4914040043441409
                ],
                [
                    0.0,
                    0.0,
                    0.0,
                    1.0
                ]
            ],
            "size": [
                0.09126,
                0.11887,
                0.10009
            ]
        },
        "distance": 0.0
    },
    {
        "case": 20,
        "collider1": {
            "type": "Box",
            "collider2origin": [
                [
                    0.907778172512869,
                    0.4194505805326725,
                    0.0,
                    1.1611274528425521
                ],
                [
                    -0.4194505805326725,
                    0.907778172512869,
                    0.0,
                    2.3937174098575977
                ],
                [
                    0.0,
                    0.0,
                    1.0,
                    -0.040000000000000036
                ],
                [
                    0.0,
                    0.0,
                    0.0,
                    1.0
                ]
            ],
            "size": [
                0.62,
                1.2,
                2.0
            ]
        },
        "collider2": {
            "type": "Sphere",
            "collider2origin": [
                [
                    1.0,
                    0.0,
                    0.0,
                    0.961322231127471
                ],
                [
                    0.0,
                    1.0,
                    0.0,
                    1.7709377230923833
                ],
                [
                    0.0,
                    0.0,
                    1.0,
                    -0.7480296939197454
                ],
                [
                    0.0,
                    0.0,
                    0.0,
                    1.0
                ]
            ],
            "radius": 0.01051
        },
        "distance": 0.038644222171713524
    },
    {
        "case": 21,
        "collider1": {
            "type": "Box",
            "collider2origin": [
                [
                    0.907778172512869,
                    0.4194505805326725,
                    0.0,
                    1.1611274528425521
                ],
                [
                    -0.4194505805326725,
                    0.907778172512869,
                    0.0,
                    2.3937174098575977
                ],
                [
                    0.0,
                    0.0,
                    1.0,
                    -0.040000000000000036
                ],
                [
                    0.0,
                    0.0,
                    0.0,
                    1.0
                ]
            ],
            "size": [
                0.62,
                1.2,
                2.0
            ]
        },
        "collider2": {
            "type": "Box",
            "collider2origin": [
                [
                    0.2887773040969239,
                    0.01709164124325338,
                    0.9572437225900854,
                    0.9341750640556101
                ],
                [
                    -0.9266065455592682,
                    -0.24653649313344445,
                    0.2839367311218874,
                    1.778519492928353
                ],
                [
                    0.2408484551854808,
                    -0.9689827827949652,
                    -0.05535691719823648,
                    -0.5646500313621207
                ],
                [
                    0.0,
                    0.0,
                    0.0,
                    1.0
                ]
            ],
            "size": [
                0.08993,
                0.0305,
                0.09007
            ]
        },
        "distance": 0.0
    },
    {
        "case": 22,
        "collider1": {
            "type": "Box",
