[
    {
        "case": 0,
        "collider1": {
            "type": "Box",
            "collider2origin": [
                [
                    0.9077781725128689,
                    0.4194505805326724,
                    0.0,
                    0.4158817547107895
                ],
                [
                    -0.4194505805326724,
                    0.9077781725128689,
                    0.0,
                    0.733173894971941
                ],
                [
                    0.0,
                    0.0,
                    1.0,
                    -0.6599999999999999
                ],
                [
                    0.0,
                    0.0,
                    0.0,
                    1.0
                ]
            ],
            "size": [
                0.6,
                1.0,
                0.8
            ]
        },
        "collider2": {
            "type": "Box",
            "collider2origin": [
                [
                    -0.3449096319169933,
                    0.8890475758260518,
                    -0.301051081593647,
                    0.46124161777157957
                ],
                [
                    -0.6697915055157305,
                    -0.45781481836764515,
                    -0.5846237518455533,
                    1.0078413922181249
                ],
                [
                    -0.657583975587799,
                    -9.058812335402677e-07,
                    0.7533812547769714,
                    -0.31374014315279675
                ],
                [
                    0.0,
                    0.0,
                    0.0,
                    1.0
                ]
            ],
            "size": [
                0.1202,
                0.13634,
                0.67816
            ]
        },
        "distance": 0.0
    },
    {
        "case": 1,
        "collider1": {
            "type": "Box",
            "collider2origin": [
                [
                    0.9077781725128689,
                    0.4194505805326724,
                    0.0,
                    0.27063700059322826
                ],
                [
                    -0.4194505805326724,
                    0.9077781725128689,
                    0.0,
                    0.8002854543438492
                ],
                [
                    0.0,
                    0.0,
                    1.0,
                    -0.25
                ],
                [
                    0.0,
                    0.0,
                    0.0,
                    1.0
                ]
            ],
            "size": [
                0.2,
                0.2,
                0.02
            ]
        },
        "collider2": {
            "type": "Box",
            "collider2origin": [
                [
                    -0.3449096319169933,
                    0.8890475758260518,
                    -0.301051081593647,
                    0.46124161777157957
                ],
                [
                    -0.6697915055157305,
                    -0.45781481836764515,
                    -0.5846237518455533,
                    1.0078413922181249
                ],
                [
                    -0.657583975587799,
                    -9.058812335402677e-07,
                    0.7533812547769714,
                    -0.31374014315279675
                ],
                [
                    0.0,
                    0.0,
                    0.0,
                    1.0
                ]
            ],
            "size": [
                0.1202,
                0.13634,
                0.67816
            ]
        },
        "distance": 0.017685070595388045
    },
    {
        "case": 2,
        "collider1": {
            "type": "Box",
            "collider2origin": [
                [
                    0.907778172512869,
                    0.4194505805326725,
                    0.0,
                    0.9947946797881562
                ],
                [
                    -0.4194505805326725,
                    0.907778172512869,
                    0.0,
                    0.5317739604993647
                ],
                [
                    0.0,
                    0.0,
                    1.0,
                    -0.69
                ],
                [
                    0.0,
                    0.0,
                    0.0,
                    1.0
                ]
            ],
            "size": [
                0.6,
                1.2,
                0.75
            ]
        },
        "collider2": {
            "type": "Box",
            "collider2origin": [
                [
                    -0.3449096319169933,
                    0.8890475758260518,
                    -0.301051081593647,
                    0.46124161777157957
                ],
                [
                    -0.6697915055157305,
                    -0.45781481836764515,
                    -0.5846237518455533,
                    1.0078413922181249
                ],
                [
                    -0.657583975587799,
                    -9.058812335402677e-07,
                    0.7533812547769714,
                    -0.31374014315279675
                ],
                [
                    0.0,
                    0.0,
                    0.0,
                    1.0
                ]
            ],
            "size": [
                0.1202,
                0.13634,
                0.67816
            ]
        },
        "distance": 0.3044771733032601
    },
    {
        "case": 3,
        "collider1": {
            "type": "Box",
            "collider2origin": [
                [
                    0.9077781725128689,
                    0.4194505805326724,
                    0.0,
                    0.4158817547107895
                ],
                [
                    -0.4194505805326724,
                    0.9077781725128689,
                    0.0,
                    0.733173894971941
                ],
                [
                    0.0,
                    0.0,
                    1.0,
                    -0.6599999999999999
                ],
                [
                    0.0,
                    0.0,
                    0.0,
                    1.0
                ]
            ],
            "size": [
                0.6,
                1.0,
                0.8
            ]
        },
        "collider2": {
            "type": "Box",
            "collider2origin": [
                [
                    0.3159286518970632,
                    0.8890498986903353,
                    0.33132969162030856,
                    0.5545332594516119
                ],
                [
                    0.6135114007840293,
                    -0.45781030744202916,
                    0.6434387954637588,
                    0.9130445325457294
                ],
                [
                    0.7237353439058523,
                    -6.208001819567549e-06,
                    -0.6900776419671472,
                    -0.3097748077252662
                ],
                [
                    0.0,
                    0.0,
                    0.0,
                    1.0
                ]
            ],
            "size": [
                0.15068,
                0.17726,
                0.74884
            ]
        },
        "distance": 0.0
    },
    {
        "case": 4,
        "collider1": {
            "type": "Box",
            "collider2origin": [
                [
                    0.9077781725128689,
                    0.4194505805326724,
                    0.0,
                    0.27063700059322826
                ],
                [
                    -0.4194505805326724,
                    0.9077781725128689,
                    0.0,
                    0.8002854543438492
                ],
                [
                    0.0,
                    0.0,
                    1.0,
                    -0.25
                ],
                [
                    0.0,
                    0.0,
                    0.0,
                    1.0
                ]
            ],
            "size": [
                0.2,
                0.2,
                0.02
            ]
        },
        "collider2": {
            "type": "Box",
            "collider2origin": [
                [
                    0.3159286518970632,
                    0.8890498986903353,
                    0.33132969162030856,
                    0.5545332594516119
                ],
                [
                    0.6135114007840293,
                    -0.45781030744202916,
                    0.6434387954637588,
                    0.9130445325457294
                ],
                [
                    0.7237353439058523,
                    -6.208001819567549e-06,
                    -0.6900776419671472,
                    -0.3097748077252662
                ],
                [
                    0.0,
                    0.0,
                    0.0,
                    1.0
                ]
            ],
            "size": [
                0.15068,
                0.17726,
                0.74884
            ]
        },
        "distance": 0.014072634134429449
    },
    {
        "case": 5,
        "collider1": {
            "type": "Box",
            "collider2origin": [
                [
                    0.907778172512869,
                    0.4194505805326725,
                    0.0,
                    0.9947946797881562
                ],
                [
                    -0.4194505805326725,
                    0.907778172512869,
                    0.0,
                    0.5317739604993647
                ],
                [
                    0.0,
                    0.0,
                    1.0,
                    -0.69
                ],
                [
                    0.0,
                    0.0,
                    0.0,
                    1.0
                ]
            ],
            "size": [
                0.6,
                1.2,
                0.75
            ]
        },
        "collider2": {
            "type": "Box",
            "collider2origin": [
                [
                    0.3159286518970632,
                    0.8890498986903353,
                    0.33132969162030856,
                    0.5545332594516119
                ],
                [
                    0.6135114007840293,
                    -0.45781030744202916,
                    0.6434387954637588,
                    0.9130445325457294
                ],
                [
                    0.7237353439058523,
                    -6.208001819567549e-06,
                    -0.6900776419671472,
                    -0.3097748077252662
                ],
                [
                    0.0,
                    0.0,
                    0.0,
                    1.0
                ]
            ],
            "size": [
                0.15068,
                0.17726,
                0.74884
            ]
        },
        "distance": 0.15725220555354244
    },
    {
        "case": 6,
        "collider1": {
            "type": "Box",
            "collider2origin": [
                [
                    0.9077781725128689,
                    0.4194505805326724,
                    0.0,
                    0.4158817547107895
                ],
                [
                    -0.4194505805326724,
                    0.9077781725128689,
                    0.0,
                    0.733173894971941
                ],
                [
                    0.0,
                    0.0,
                    1.0,
                    -0.6599999999999999
                ],
                [
                    0.0,
                    0.0,
                    0.0,
                    1.0
                ]
            ],
            "size": [
                0.6,
                1.0,
                0.8
            ]
        },
        "collider2": {
            "type": "Box",
            "collider2origin": [
                [
                    0.3159286518970632,
                    0.8890498986903353,
                    0.33132969162030856,
                    0.5545332594516119
                ],
                [
                    0.6135114007840293,
                    -0.45781030744202916,
                    0.6434387954637588,
                    0.9130445325457294
                ],
                [
                    0.7237353439058523,
                    -6.208001819567549e-06,
                    -0.6900776419671472,
                    -0.3097748077252662
                ],
                [
                    0.0,
                    0.0,
                    0.0,
                    1.0
                ]
            ],
            "size": [
                0.15068,
                0.17726,
                0.74884
            ]
        },
        "distance": 0.0
    },
    {
        "case": 7,
        "collider1": {
            "type": "Box",
            "collider2origin": [
                [
                    0.9077781725128689,
                    0.4194505805326724,
                    0.0,
                    0.27063700059322826
                ],
                [
                    -0.4194505805326724,
                    0.9077781725128689,
                    0.0,
                    0.8002854543438492
                ],
                [
                    0.0,
                    0.0,
                    1.0,
                    -0.25
                ],
                [
                    0.0,
                    0.0,
                    0.0,
                    1.0
                ]
            ],
            "size": [
                0.2,
                0.2,
                0.02
            ]
        },
        "collider2": {
            "type": "Box",
            "collider2origin": [
                [
                    0.3159286518970632,
                    0.8890498986903353,
                    0.33132969162030856,
                    0.5545332594516119
                ],
                [
                    0.6135114007840293,
                    -0.45781030744202916,
                    0.6434387954637588,
                    0.9130445325457294
                ],
                [
                    0.7237353439058523,
                    -6.208001819567549e-06,
                    -0.6900776419671472,
                    -0.3097748077252662
                ],
                [
                    0.0,
                    0.0,
                    0.0,
                    1.0
                ]
            ],
            "size": [
                0.15068,
                0.17726,
                0.74884
            ]
        },
        "distance": 0.014072634134429449
    },
    {
        "case": 8,
        "collider1": {
            "type": "Box",
            "collider2origin": [
                [
                    0.907778172512869,
                    0.4194505805326725,
                    0.0,
                    0.9947946797881562
                ],
                [
                    -0.4194505805326725,
                    0.907778172512869,
                    0.0,
                    0.5317739604993647
                ],
                [
                    0.0,
                    0.0,
                    1.0,
                    -0.69
                ],
                [
                    0.0,
                    0.0,
                    0.0,
                    1.0
                ]
            ],
            "size": [
                0.6,
                1.2,
                0.75
            ]
        },
        "collider2": {
            "type": "Box",
            "collider2origin": [
                [
                    0.3159286518970632,
                    0.8890498986903353,
                    0.33132969162030856,
                    0.5545332594516119
                ],
                [
                    0.6135114007840293,
                    -0.45781030744202916,
                    0.6434387954637588,
                    0.9130445325457294
                ],
                [
                    0.7237353439058523,
                    -6.208001819567549e-06,
                    -0.6900776419671472,
                    -0.3097748077252662
                ],
                [
                    0.0,
                    0.0,
                    0.0,
                    1.0
                ]
            ],
            "size": [
                0.15068,
                0.17726,
                0.74884
            ]
        },
        "distance": 0.15725220555354244
    }
]