[
    {
        "case": 0,
        "collider1": {
            "type": "Box",
            "collider2origin": [
                [
                    0.9077781725128689,
                    0.4194505805326724,
                    0.0,
                    0.4158817547107895
                ],
                [
                    -0.4194505805326724,
                    0.9077781725128689,
                    0.0,
                    0.733173894971941
                ],
                [
                    0.0,
                    0.0,
                    1.0,
                    -0.6599999999999999
                ],
                [
                    0.0,
                    0.0,
                    0.0,
                    1.0
                ]
            ],
            "size": [
                0.6,
                1.0,
                0.8
            ]
        },
        "collider2": {
            "type": "Box",
            "collider2origin": [
                [
                    -0.5649693819314794,
                    -0.5955297474134272,
                    -0.5710988683456321,
                    0.19399590129238145
                ],
                [
                    0.4188259924465323,
                    -0.8033332558437448,
                    0.4233680055302545,
                    0.8185848576958289
                ],
                [
                    -0.7109109547131336,
                    -1.0899059597158657e-06,
                    0.7032820305309049,
                    -0.5087180341958417
                ],
                [
                    0.0,
                    0.0,
                    0.0,
                    1.0
                ]
            ],
            "size": [
                0.1202,
                0.13634,
                0.67816
            ]
        },
        "distance": 0.0
    },
    {
        "case": 1,
        "collider1": {
            "type": "Box",
            "collider2origin": [
                [
                    0.9077781725128689,
                    0.4194505805326724,
                    0.0,
                    0.27063700059322826
                ],
                [
                    -0.4194505805326724,
                    0.9077781725128689,
                    0.0,
                    0.8002854543438492
                ],
                [
                    0.0,
                    0.0,
                    1.0,
                    -0.25
                ],
                [
                    0.0,
                    0.0,
                    0.0,
                    1.0
                ]
            ],
            "size": [
                0.2,
                0.2,
                0.02
            ]
        },
        "collider2": {
            "type": "Box",
            "collider2origin": [
                [
                    -0.5649693819314794,
                    -0.5955297474134272,
                    -0.5710988683456321,
                    0.19399590129238145
                ],
                [
                    0.4188259924465323,
                    -0.8033332558437448,
                    0.4233680055302545,
                    0.8185848576958289
                ],
                [
                    -0.7109109547131336,
                    -1.0899059597158657e-06,
                    0.7032820305309049,
                    -0.5087180341958417
                ],
                [
                    0.0,
                    0.0,
                    0.0,
                    1.0
                ]
            ],
            "size": [
                0.1202,
                0.13634,
                0.67816
            ]
        },
        "distance": 0.08944876153801339
    },
    {
        "case": 2,
        "collider1": {
            "type": "Box",
            "collider2origin": [
                [
                    0.9077781725128689,
                    0.4194505805326724,
                    0.0,
                    0.4158817547107895
                ],
                [
                    -0.4194505805326724,
                    0.9077781725128689,
                    0.0,
                    0.733173894971941
                ],
                [
                    0.0,
                    0.0,
                    1.0,
                    -0.6599999999999999
                ],
                [
                    0.0,
                    0.0,
                    0.0,
                    1.0
                ]
            ],
            "size": [
                0.6,
                1.0,
                0.8
            ]
        },
        "collider2": {
            "type": "Box",
            "collider2origin": [
                [
                    -0.5023308142150512,
                    0.4786454068276081,
                    -0.7201127186856772,
                    -0.12128164486921073
                ],
                [
                    -0.8417687700936629,
                    -0.08027709850923247,
                    0.5338360470687051,
                    0.9087629253218534
                ],
                [
                    0.1977096122727612,
                    0.8743306937182136,
                    0.44323441567322114,
                    -0.25195982775456394
                ],
                [
                    0.0,
                    0.0,
                    0.0,
                    1.0
                ]
            ],
            "size": [
                0.09126,
                0.11887,
                0.10009
            ]
        },
        "distance": 0.18706385749887944
    },
    {
        "case": 3,
        "collider1": {
            "type": "Box",
            "collider2origin": [
                [
                    0.9077781725128689,
                    0.4194505805326724,
                    0.0,
                    0.4158817547107895
                ],
                [
                    -0.4194505805326724,
                    0.9077781725128689,
                    0.0,
                    0.733173894971941
                ],
                [
                    0.0,
                    0.0,
                    1.0,
                    -0.6599999999999999
                ],
                [
                    0.0,
                    0.0,
                    0.0,
                    1.0
                ]
            ],
            "size": [
                0.6,
                1.0,
                0.8
            ]
        },
        "collider2": {
            "type": "Box",
            "collider2origin": [
                [
                    -0.3560636746370808,
                    -0.5955302947718628,
                    -0.7201127186856772,
                    -0.041104416410318145
                ],
                [
                    0.26396099493164416,
                    -0.8033328500719709,
                    0.5338360470687051,
                    0.8537482546609038
                ],
                [
                    -0.8964057411455125,
                    -2.045114185730658e-06,
                    0.44323441567322114,
                    -0.3021466551187022
                ],
                [
                    0.0,
                    0.0,
                    0.0,
                    1.0
                ]
            ],
            "size": [
                0.09102,
                0.10007,
                0.11882
            ]
        },
        "distance": 0.08333909299300975
    },
    {
        "case": 4,
        "collider1": {
            "type": "Box",
            "collider2origin": [
                [
                    0.9077781725128689,
                    0.4194505805326724,
                    0.0,
                    0.4158817547107895
                ],
                [
                    -0.4194505805326724,
                    0.9077781725128689,
                    0.0,
                    0.733173894971941
                ],
                [
                    0.0,
                    0.0,
                    1.0,
                    -0.6599999999999999
                ],
                [
                    0.0,
                    0.0,
                    0.0,
                    1.0
                ]
            ],
            "size": [
                0.6,
                1.0,
                0.8
            ]
        },
        "collider2": {
            "type": "Box",
            "collider2origin": [
                [
                    0.7918626587341874,
                    -0.5955271527354108,
                    0.13528096709174772,
                    0.2365578658450853
                ],
                [
                    -0.5870238910504451,
                    -0.8033351793004292,
                    -0.10027732063803049,
                    0.6297629246076549
                ],
                [
                    0.16839382719808677,
                    -7.293956093530033e-06,
                    -0.9857197973604765,
                    -0.3984036629393197
                ],
                [
                    0.0,
                    0.0,
                    0.0,
                    1.0
                ]
            ],
            "size": [
                0.15068,
                0.17726,
                0.74884
            ]
        },
        "distance": 0.0
    },
    {
        "case": 5,
        "collider1": {
            "type": "Box",
            "collider2origin": [
                [
                    0.9077781725128689,
                    0.4194505805326724,
                    0.0,
                    0.27063700059322826
                ],
                [
                    -0.4194505805326724,
                    0.9077781725128689,
                    0.0,
                    0.8002854543438492
                ],
                [
                    0.0,
                    0.0,
                    1.0,
                    -0.25
                ],
                [
                    0.0,
                    0.0,
                    0.0,
                    1.0
                ]
            ],
            "size": [
                0.2,
                0.2,
                0.02
            ]
        },
        "collider2": {
            "type": "Box",
            "collider2origin": [
                [
                    0.7918626587341874,
                    -0.5955271527354108,
                    0.13528096709174772,
                    0.2365578658450853
                ],
                [
                    -0.5870238910504451,
                    -0.8033351793004292,
                    -0.10027732063803049,
                    0.6297629246076549
                ],
                [
                    0.16839382719808677,
                    -7.293956093530033e-06,
                    -0.9857197973604765,
                    -0.3984036629393197
                ],
                [
                    0.0,
                    0.0,
                    0.0,
                    1.0
                ]
            ],
            "size": [
                0.15068,
                0.17726,
                0.74884
            ]
        },
        "distance": 0.0
    },
    {
        "case": 6,
        "collider1": {
            "type": "Box",
            "collider2origin": [
                [
                    0.9077781725128689,
                    0.4194505805326724,
                    0.0,
                    0.4158817547107895
                ],
                [
                    -0.4194505805326724,
                    0.9077781725128689,
                    0.0,
                    0.733173894971941
                ],
                [
                    0.0,
                    0.0,
                    1.0,
                    -0.6599999999999999
                ],
                [
                    0.0,
                    0.0,
                    0.0,
                    1.0
                ]
            ],
            "size": [
                0.6,
                1.0,
                0.8
            ]
        },
        "collider2": {
            "type": "Box",
            "collider2origin": [
                [
                    0.7918626587341874,
                    -0.5955271527354108,
                    0.13528096709174772,
                    0.2365578658450853
                ],
                [
                    -0.5870238910504451,
                    -0.8033351793004292,
                    -0.10027732063803049,
                    0.6297629246076549
                ],
                [
                    0.16839382719808677,
                    -7.293956093530033e-06,
                    -0.9857197973604765,
                    -0.3984036629393197
                ],
                [
                    0.0,
                    0.0,
                    0.0,
                    1.0
                ]
            ],
            "size": [
                0.15068,
                0.17726,
                0.74884
            ]
        },
        "distance": 0.0
    },
    {
        "case": 7,
        "collider1": {
            "type": "Box",
            "collider2origin": [
                [
                    0.9077781725128689,
                    0.4194505805326724,
                    0.0,
                    0.27063700059322826
                ],
                [
                    -0.4194505805326724,
                    0.9077781725128689,
                    0.0,
                    0.8002854543438492
                ],
                [
                    0.0,
                    0.0,
                    1.0,
                    -0.25
                ],
                [
                    0.0,
                    0.0,
                    0.0,
                    1.0
                ]
            ],
            "size": [
                0.2,
                0.2,
                0.02
            ]
        },
        "collider2": {
            "type": "Box",
            "collider2origin": [
                [
                    0.7918626587341874,
                    -0.5955271527354108,
                    0.13528096709174772,
                    0.2365578658450853
                ],
                [
                    -0.5870238910504451,
                    -0.8033351793004292,
                    -0.10027732063803049,
                    0.6297629246076549
                ],
                [
                    0.16839382719808677,
                    -7.293956093530033e-06,
                    -0.9857197973604765,
                    -0.3984036629393197
                ],
                [
                    0.0,
                    0.0,
                    0.0,
                    1.0
                ]
            ],
            "size": [
                0.15068,
                0.17726,
                0.74884
            ]
        },
        "distance": 0.0
    }
]