[
    {
        "case": 0,
        "collider1": {
            "type": "Box",
            "collider2origin": [
                [
                    0.9077781725128689,
                    0.4194505805326724,
                    0.0,
                    0.4158817547107895
                ],
                [
                    -0.4194505805326724,
                    0.9077781725128689,
                    0.0,
                    0.733173894971941
                ],
                [
                    0.0,
                    0.0,
                    1.0,
                    -0.6599999999999999
                ],
                [
                    0.0,
                    0.0,
                    0.0,
                    1.0
                ]
            ],
            "size": [
                0.6,
                1.0,
                0.8
            ]
        },
        "collider2": {
            "type": "Cylinder",
            "collider2origin": [
                [
                    -0.7052338490696105,
                    -0.11404733995665199,
                    0.6997416826052835,
                    0.03150988391885978
                ],
                [
                    -0.023312731355809396,
                    0.9901734784039505,
                    0.13788763259318282,
                    1.2676703791868578
                ],
                [
                    -0.7085913735596795,
                    0.08093013600774734,
                    -0.7009626084197169,
                    -0.6609420448021764
                ],
                [
                    0.0,
                    0.0,
                    0.0,
                    1.0
                ]
            ],
            "radius": 0.00783,
            "height": 0.03683
        },
        "distance": 0.2560938865654746
    },
    {
        "case": 1,
        "collider1": {
            "type": "Box",
            "collider2origin": [
                [
                    0.9077781725128689,
                    0.4194505805326724,
                    0.0,
                    0.4158817547107895
                ],
                [
                    -0.4194505805326724,
                    0.9077781725128689,
                    0.0,
                    0.733173894971941
                ],
                [
                    0.0,
                    0.0,
                    1.0,
                    -0.6599999999999999
                ],
                [
                    0.0,
                    0.0,
                    0.0,
                    1.0
                ]
            ],
            "size": [
                0.6,
                1.0,
                0.8
            ]
        },
        "collider2": {
            "type": "Sphere",
            "collider2origin": [
                [
                    1.0,
                    0.0,
                    0.0,
                    0.03271502366641421
                ],
                [
                    0.0,
                    1.0,
                    0.0,
                    1.2418744511911162
                ],
                [
                    0.0,
                    0.0,
                    1.0,
                    -0.6212569178970097
                ],
                [
                    0.0,
                    0.0,
                    0.0,
                    1.0
                ]
            ],
            "radius": 0.00484
        },
        "distance": 0.2563651384986194
    },
    {
        "case": 2,
        "collider1": {
            "type": "Box",
            "collider2origin": [
                [
                    0.9077781725128689,
                    0.4194505805326724,
                    0.0,
                    0.4158817547107895
                ],
                [
                    -0.4194505805326724,
                    0.9077781725128689,
                    0.0,
                    0.733173894971941
                ],
                [
                    0.0,
                    0.0,
                    1.0,
                    -0.6599999999999999
                ],
                [
                    0.0,
                    0.0,
                    0.0,
                    1.0
                ]
            ],
            "size": [
                0.6,
                1.0,
                0.8
            ]
        },
        "collider2": {
            "type": "Sphere",
            "collider2origin": [
                [
                    1.0,
                    0.0,
                    0.0,
                    0.02387979686875652
                ],
                [
                    0.0,
                    1.0,
                    0.0,
                    1.2011418319731597
                ],
                [
                    0.0,
                    0.0,
                    1.0,
                    -0.7385926836265974
                ],
                [
                    0.0,
                    0.0,
                    0.0,
                    1.0
                ]
            ],
            "radius": 0.00663
        },
        "distance": 0.2455102437571457
    },
    {
        "case": 3,
        "collider1": {
            "type": "Box",
            "collider2origin": [
                [
                    0.9077781725128689,
                    0.4194505805326724,
                    0.0,
                    0.4158817547107895
                ],
                [
                    -0.4194505805326724,
                    0.9077781725128689,
                    0.0,
                    0.733173894971941
                ],
                [
                    0.0,
                    0.0,
                    1.0,
                    -0.6599999999999999
                ],
                [
                    0.0,
                    0.0,
                    0.0,
                    1.0
                ]
            ],
            "size": [
                0.6,
                1.0,
                0.8
            ]
        },
        "collider2": {
            "type": "Sphere",
            "collider2origin": [
                [
                    1.0,
                    0.0,
                    0.0,
                    -0.015743697676586066
                ],
                [
                    0.0,
                    1.0,
                    0.0,
                    1.318180353610623
                ],
                [
                    0.0,
                    0.0,
                    1.0,
                    -0.6682761776465915
                ],
                [
                    0.0,
                    0.0,
                    0.0,
                    1.0
                ]
            ],
            "radius": 0.01051
        },
        "distance": 0.3266914630696101
    },
    {
        "case": 4,
        "collider1": {
            "type": "Box",
            "collider2origin": [
                [
                    0.9077781725128689,
                    0.4194505805326724,
                    0.0,
                    0.4158817547107895
                ],
                [
                    -0.4194505805326724,
                    0.9077781725128689,
                    0.0,
                    0.733173894971941
                ],
                [
                    0.0,
                    0.0,
                    1.0,
                    -0.6599999999999999
                ],
                [
                    0.0,
                    0.0,
                    0.0,
                    1.0
                ]
            ],
            "size": [
                0.6,
                1.0,
                0.8
            ]
        },
        "collider2": {
            "type": "Sphere",
            "collider2origin": [
                [
                    1.0,
                    0.0,
                    0.0,
                    -0.003800525628970375
                ],
                [
                    0.0,
                    1.0,
                    0.0,
                    1.2803303038717564
                ],
                [
                    0.0,
                    0.0,
                    1.0,
                    -0.6256369476554868
                ],
                [
                    0.0,
                    0.0,
                    0.0,
                    1.0
                ]
            ],
            "radius": 0.00487
        },
        "distance": 0.30561348683806067
    },
    {
        "case": 5,
        "collider1": {
            "type": "Box",
            "collider2origin": [
                [
                    0.9077781725128689,
                    0.4194505805326724,
                    0.0,
                    0.4158817547107895
                ],
                [
                    -0.4194505805326724,
                    0.9077781725128689,
                    0.0,
                    0.733173894971941
                ],
                [
                    0.0,
                    0.0,
                    1.0,
                    -0.6599999999999999
                ],
                [
                    0.0,
                    0.0,
                    0.0,
                    1.0
                ]
            ],
            "size": [
                0.6,
                1.0,
                0.8
            ]
        },
        "collider2": {
            "type": "Cylinder",
            "collider2origin": [
                [
                    -0.7059353014564136,
                    0.2721679437976387,
                    0.6538959860150602,
                    0.006366321729431634
                ],
                [
                    -0.016141576225995553,
                    0.9167996061636148,
                    -0.3990212170488942,
                    1.272548392798244
                ],
                [
                    -0.7080923666264046,
                    -0.29223807504705096,
                    -0.6428079867411503,
                    -0.636078158065918
                ],
                [
                    0.0,
                    0.0,
                    0.0,
                    1.0
                ]
            ],
            "radius": 0.0076,
            "height": 0.02993
        },
        "distance": 0.28167146713397745
    },
    {
        "case": 6,
        "collider1": {
            "type": "Box",
            "collider2origin": [
                [
                    0.9077781725128689,
                    0.4194505805326724,
                    0.0,
                    0.4158817547107895
                ],
                [
                    -0.4194505805326724,
                    0.9077781725128689,
                    0.0,
                    0.733173894971941
                ],
                [
                    0.0,
                    0.0,
                    1.0,
                    -0.6599999999999999
                ],
                [
                    0.0,
                    0.0,
                    0.0,
                    1.0
                ]
            ],
            "size": [
                0.6,
                1.0,
                0.8
            ]
        },
        "collider2": {
            "type": "Cylinder",
            "collider2origin": [
                [
                    -0.5863815061690605,
                    0.2991790464474802,
                    0.752760670724554,
                    0.010912904674797608
                ],
                [
                    0.6974689476755971,
                    0.6590660767212759,
                    0.28136981633345154,
                    1.3308083317136241
                ],
                [
                    -0.41193906861476337,
                    0.6900172495539526,
                    -0.5951322534250679,
                    -0.6912035132988283
                ],
                [
                    0.0,
                    0.0,
                    0.0,
                    1.0
                ]
            ],
            "radius": 0.01271,
            "height": 0.05982
        },
        "distance": 0.2909071754921057
    },
    {
        "case": 7,
        "collider1": {
            "type": "Box",
            "collider2origin": [
                [
                    0.9077781725128689,
                    0.4194505805326724,
                    0.0,
                    0.4158817547107895
                ],
                [
                    -0.4194505805326724,
                    0.9077781725128689,
                    0.0,
                    0.733173894971941
                ],
                [
                    0.0,
                    0.0,
                    1.0,
                    -0.6599999999999999
                ],
                [
                    0.0,
                    0.0,
                    0.0,
                    1.0
                ]
            ],
            "size": [
                0.6,
                1.0,
                0.8
            ]
        },
        "collider2": {
            "type": "Cylinder",
            "collider2origin": [
                [
                    -0.595670992857989,
                    0.26535344651146814,
                    0.7581316618451329,
                    0.0011052586161401368
                ],
                [
                    0.7168733565546584,
                    0.601371059675199,
                    0.35276825147281254,
                    1.3266376524694894
                ],
                [
                    -0.36231016950899225,
                    0.7536182037408686,
                    -0.5484441120668099,
                    -0.6808900457233404
                ],
                [
                    0.0,
                    0.0,
                    0.0,
                    1.0
                ]
            ],
            "radius": 0.01169,
            "height": 0.05502
        },
        "distance": 0.30075437082140394
    },
    {
        "case": 8,
        "collider1": {
            "type": "Box",
            "collider2origin": [
                [
                    0.9077781725128689,
                    0.4194505805326724,
                    0.0,
                    0.4158817547107895
                ],
                [
                    -0.4194505805326724,
                    0.9077781725128689,
                    0.0,
                    0.733173894971941
                ],
                [
                    0.0,
                    0.0,
                    1.0,
                    -0.6599999999999999
                ],
                [
                    0.0,
                    0.0,
                    0.0,
                    1.0
                ]
            ],
            "size": [
                0.6,
                1.0,
                0.8
            ]
        },
        "collider2": {
            "type": "Cylinder",
            "collider2origin": [
                [
                    -0.6188296902528048,
                    -0.12204955400489324,
                    0.7759856447311533,
                    0.011422564477237662
                ],
                [
                    0.11144261547517982,
                    0.9642231946335652,
                    0.24052894708681535,
                    1.2648075297665864
                ],
                [
                    -0.777579808069672,
                    0.2353243236426006,
                    -0.5830884193537748,
                    -0.6733367380874943
                ],
                [
                    0.0,
                    0.0,
                    0.0,
                    1.0
                ]
            ],
            "radius": 0.00683,
            "height": 0.01183
        },
        "distance": 0.28113754507208644
    },
    {
        "case": 9,
        "collider1": {
            "type": "Box",
            "collider2origin": [
                [
                    0.9077781725128689,
                    0.4194505805326724,
                    0.0,
                    0.4158817547107895
                ],
                [
                    -0.4194505805326724,
                    0.9077781725128689,
                    0.0,
                    0.733173894971941
                ],
                [
                    0.0,
                    0.0,
                    1.0,
                    -0.6599999999999999
                ],
                [
                    0.0,
                    0.0,
                    0.0,
                    1.0
                ]
            ],
            "size": [
                0.6,
                1.0,
                0.8
            ]
        },
        "collider2": {
            "type": "Box",
            "collider2origin": [
                [
                    -0.08252248211766215,
                    -0.9964789948875244,
                    0.014820684636326319,
                    0.13052737085638483
                ],
                [
                    -0.9808024295963133,
                    0.08384278558603173,
                    0.1760595961688651,
                    0.8675434959740547
                ],
                [
                    -0.1766822969148558,
                    -7.288623101630788e-06,
                    -0.984267934001594,
                    -0.39793402009719936
                ],
                [
                    0.0,
                    0.0,
                    0.0,
                    1.0
                ]
            ],
            "size": [
                0.15068,
                0.17726,
                0.74884
            ]
        },
        "distance": 0.0
    },
    {
        "case": 10,
        "collider1": {
            "type": "Box",
            "collider2origin": [
                [
                    0.9077781725128689,
                    0.4194505805326724,
                    0.0,
                    0.27063700059322826
                ],
                [
                    -0.4194505805326724,
                    0.9077781725128689,
                    0.0,
                    0.8002854543438492
                ],
                [
                    0.0,
                    0.0,
                    1.0,
                    -0.25
                ],
                [
                    0.0,
                    0.0,
                    0.0,
                    1.0
                ]
            ],
            "size": [
                0.2,
                0.2,
                0.02
            ]
        },
        "collider2": {
            "type": "Box",
            "collider2origin": [
                [
                    -0.08252248211766215,
                    -0.9964789948875244,
                    0.014820684636326319,
                    0.13052737085638483
                ],
                [
                    -0.9808024295963133,
                    0.08384278558603173,
                    0.1760595961688651,
                    0.8675434959740547
                ],
                [
                    -0.1766822969148558,
                    -7.288623101630788e-06,
                    -0.984267934001594,
                    -0.39793402009719936
                ],
                [
                    0.0,
                    0.0,
                    0.0,
                    1.0
                ]
            ],
            "size": [
                0.15068,
                0.17726,
                0.74884
            ]
        },
        "distance": 0.0
    },
    {
        "case": 11,
        "collider1": {
            "type": "Box",
            "collider2origin": [
                [
                    0.9077781725128689,
                    0.4194505805326724,
                    0.0,
                    0.4158817547107895
                ],
                [
                    -0.4194505805326724,
                    0.9077781725128689,
                    0.0,
                    0.733173894971941
                ],
                [
                    0.0,
                    0.0,
                    1.0,
                    -0.6599999999999999
                ],
                [
                    0.0,
                    0.0,
                    0.0,
                    1.0
                ]
            ],
            "size": [
                0.6,
                1.0,
                0.8
            ]
        },
        "collider2": {
            "type": "Box",
            "collider2origin": [
                [
                    -0.08252248211766215,
                    -0.9964789948875244,
                    0.014820684636326319,
                    0.13052737085638483
                ],
                [
                    -0.9808024295963133,
                    0.08384278558603173,
                    0.1760595961688651,
                    0.8675434959740547
                ],
                [
                    -0.1766822969148558,
                    -7.288623101630788e-06,
                    -0.984267934001594,
                    -0.39793402009719936
                ],
                [
                    0.0,
                    0.0,
                    0.0,
                    1.0
                ]
            ],
            "size": [
                0.15068,
                0.17726,
                0.74884
            ]
        },
        "distance": 0.0
    },
    {
        "case": 12,
        "collider1": {
            "type": "Box",
            "collider2origin": [
                [
                    0.9077781725128689,
                    0.4194505805326724,
                    0.0,
                    0.27063700059322826
                ],
                [
                    -0.4194505805326724,
                    0.9077781725128689,
                    0.0,
                    0.8002854543438492
                ],
                [
                    0.0,
                    0.0,
                    1.0,
                    -0.25
                ],
                [
                    0.0,
                    0.0,
                    0.0,
                    1.0
                ]
            ],
            "size": [
                0.2,
                0.2,
                0.02
            ]
        },
        "collider2": {
            "type": "Box",
            "collider2origin": [
                [
                    -0.08252248211766215,
                    -0.9964789948875244,
                    0.014820684636326319,
                    0.13052737085638483
                ],
                [
                    -0.9808024295963133,
                    0.08384278558603173,
                    0.1760595961688651,
                    0.8675434959740547
                ],
                [
                    -0.1766822969148558,
                    -7.288623101630788e-06,
                    -0.984267934001594,
                    -0.39793402009719936
                ],
                [
                    0.0,
                    0.0,
                    0.0,
                    1.0
                ]
            ],
            "size": [
                0.15068,
                0.17726,
                0.74884
            ]
        },
        "distance": 0.0
    },
    {
        "case": 13,
        "collider1": {
            "type": "Box",
            "collider2origin": [
                [
                    0.9077781725128689,
                    0.4194505805326724,
                    0.0,
                    0.4158817547107895
                ],
                [
                    -0.4194505805326724,
                    0.9077781725128689,
                    0.0,
                    0.733173894971941
                ],
                [
                    0.0,
                    0.0,
                    1.0,
                    -0.6599999999999999
                ],
                [
                    0.0,
                    0.0,
                    0.0,
                    1.0
                ]
            ],
            "size": [
                0.6,
                1.0,
                0.8
            ]
        },
        "collider2": {
            "type": "Cylinder",
            "collider2origin": [
                [
                    -0.5017499469345358,
                    -0.8141610020425316,
                    0.2922137120401623,
                    0.030233854478061206
                ],
                [
                    0.304297556694213,
                    0.15009051186571465,
                    0.9406783909699529,
                    1.2203337052123557
                ],
                [
                    -0.8097221670061414,
                    0.5609052513580061,
                    0.17243929731325483,
                    -0.7367313525254041
                ],
                [
                    0.0,
                    0.0,
                    0.0,
                    1.0
                ]
            ],
            "radius": 0.00796,
            "height": 0.03037
        },
        "distance": 0.2445655703048447
    },
    {
        "case": 14,
        "collider1": {
            "type": "Box",
            "collider2origin": [
                [
                    0.9077781725128689,
                    0.4194505805326724,
                    0.0,
                    0.4158817547107895
                ],
                [
                    -0.4194505805326724,
                    0.9077781725128689,
                    0.0,
                    0.733173894971941
                ],
                [
                    0.0,
                    0.0,
                    1.0,
                    -0.6599999999999999
                ],
                [
                    0.0,
                    0.0,
                    0.0,
                    1.0
                ]
            ],
            "size": [
                0.6,
                1.0,
                0.8
            ]
        },
        "collider2": {
            "type": "Cylinder",
            "collider2origin": [
                [
                    -0.7740361024223504,
                    -0.32468421924529317,
                    0.5435515338216707,
                    0.04024268880276416
                ],
                [
                    -0.15241887889953148,
                    0.9288081567579333,
                    0.3377630727224935,
                    1.2453973834464556
                ],
                [
                    -0.614521437788647,
                    0.17859329694309575,
                    -0.7684190502487355,
                    -0.6331411051186616
                ],
                [
                    0.0,
                    0.0,
                    0.0,
                    1.0
                ]
            ],
            "radius": 0.0076,
            "height": 0.02993
        },
        "distance": 0.2434711398502962
    },
    {
        "case": 15,
        "collider1": {
            "type": "Box",
            "collider2origin": [
                [
                    0.9077781725128689,
                    0.4194505805326724,
                    0.0,
                    0.4158817547107895
                ],
                [
                    -0.4194505805326724,
                    0.9077781725128689,
                    0.0,
                    0.733173894971941
                ],
                [
                    0.0,
                    0.0,
                    1.0,
                    -0.6599999999999999
                ],
                [
                    0.0,
                    0.0,
                    0.0,
                    1.0
                ]
            ],
            "size": [
                0.6,
                1.0,
                0.8
            ]
        },
        "collider2": {
            "type": "Box",
            "collider2origin": [
                [
                    -0.6397501929694223,
                    -0.5196683023763037,
                    -0.5662725016287807,
                    0.05428039629425793
                ],
                [
                    0.06481679153716997,
                    -0.770629102448617,
                    0.6339791558040891,
                    1.2862686236677945
                ],
                [
                    -0.7658449413101935,
                    0.36888432057295295,
                    0.526693349022955,
                    -0.6973086253072172
                ],
                [
                    0.0,
                    0.0,
                    0.0,
                    1.0
                ]
            ],
            "size": [
                0.07264,
                0.04753,
                0.03326
            ]
        },
        "distance": 0.22166927793712457
    },
    {
        "case": 16,
        "collider1": {
            "type": "Box",
            "collider2origin": [
                [
                    0.9077781725128689,
                    0.4194505805326724,
                    0.0,
                    0.4158817547107895
                ],
                [
                    -0.4194505805326724,
                    0.9077781725128689,
                    0.0,
                    0.733173894971941
                ],
                [
                    0.0,
                    0.0,
                    1.0,
                    -0.6599999999999999
                ],
                [
                    0.0,
                    0.0,
                    0.0,
                    1.0
                ]
            ],
            "size": [
                0.6,
                1.0,
                0.8
            ]
        },
        "collider2": {
            "type": "Box",
            "collider2origin": [
                [
                    0.002251898603772311,
                    -0.996478741455225,
                    0.08381555213973961,
                    0.284537404291872
                ],
                [
                    0.026720428718318288,
                    0.08384579783765282,
                    0.9961204248855039,
                    1.1910880972128461
                ],
                [
                    -0.9996404091681104,
                    -3.5747075523444228e-06,
                    0.026815151415456626,
                    -0.6974849042702841
                ],
                [
                    0.0,
                    0.0,
                    0.0,
                    1.0
                ]
            ],
            "size": [
                0.1202,
                0.13634,
                0.67816
            ]
        },
        "distance": 0.0
    },
    {
        "case": 17,
        "collider1": {
            "type": "Box",
            "collider2origin": [
                [
                    0.9077781725128689,
                    0.4194505805326724,
                    0.0,
                    0.4158817547107895
                ],
                [
                    -0.4194505805326724,
                    0.9077781725128689,
                    0.0,
                    0.733173894971941
                ],
                [
                    0.0,
                    0.0,
                    1.0,
                    -0.6599999999999999
                ],
                [
                    0.0,
                    0.0,
                    0.0,
                    1.0
                ]
            ],
            "size": [
                0.6,
                1.0,
                0.8
            ]
        },
        "collider2": {
            "type": "Box",
            "collider2origin": [
                [
                    -0.7442056496913433,
                    -0.5196688208790275,
                    -0.41964540694935104,
                    0.08073205188517588
                ],
                [
                    0.19622035512054045,
                    -0.770626549148351,
                    0.6063268870700628,
                    1.3270528766086558
                ],
                [
                    -0.6384790702942846,
                    0.3688889241410004,
                    0.6754742322563015,
                    -0.7136594763112264
                ],
                [
                    0.0,
                    0.0,
                    0.0,
                    1.0
                ]
            ],
            "size": [
                0.06241,
                0.05638,
                0.02858
            ]
        },
        "distance": 0.2164305427310404
    },
    {
        "case": 18,
        "collider1": {
            "type": "Box",
            "collider2origin": [
                [
                    0.9077781725128689,
                    0.4194505805326724,
                    0.0,
                    0.4158817547107895
                ],
                [
                    -0.4194505805326724,
                    0.9077781725128689,
                    0.0,
                    0.733173894971941
                ],
                [
                    0.0,
                    0.0,
                    1.0,
                    -0.6599999999999999
                ],
                [
                    0.0,
                    0.0,
                    0.0,
                    1.0
                ]
            ],
            "size": [
                0.6,
                1.0,
                0.8
            ]
        },
        "collider2": {
            "type": "Cylinder",
            "collider2origin": [
                [
                    -0.5017499469345358,
                    -0.8519082541690794,
                    -0.14999772408200482,
                    0.03361824653390166
                ],
                [
                    0.304297556694213,
                    -0.3361549468002794,
                    0.891292796297397,
                    1.2460840607619663
                ],
                [
                    -0.8097221670061414,
                    0.4015621722975062,
                    0.4278993269901052,
                    -0.7291556888923623
                ],
                [
                    0.0,
                    0.0,
                    0.0,
                    1.0
                ]
            ],
            "radius": 0.00713,
            "height": 0.01426
        },
        "distance": 0.2523815401215007
    },
    {
        "case": 19,
        "collider1": {
            "type": "Box",
            "collider2origin": [
                [
                    0.9077781725128689,
                    0.4194505805326724,
                    0.0,
                    0.4158817547107895
                ],
                [
                    -0.4194505805326724,
                    0.9077781725128689,
                    0.0,
                    0.733173894971941
                ],
                [
                    0.0,
                    0.0,
                    1.0,
                    -0.6599999999999999
                ],
                [
                    0.0,
                    0.0,
                    0.0,
                    1.0
                ]
            ],
            "size": [
                0.6,
                1.0,
                0.8
            ]
        },
        "collider2": {
            "type": "Sphere",
            "collider2origin": [
                [
                    1.0,
                    0.0,
                    0.0,
                    -0.026341665387580537
                ],
                [
                    0.0,
                    1.0,
                    0.0,
                    1.2732029156063374
                ],
                [
                    0.0,
                    0.0,
                    1.0,
                    -0.6420792951447505
                ],
                [
                    0.0,
                    0.0,
                    0.0,
                    1.0
                ]
            ],
            "radius": 0.00563
        },
        "distance": 0.3223262543488772
    },
    {
        "case": 20,
        "collider1": {
            "type": "Box",
            "collider2origin": [
                [
                    0.9077781725128689,
                    0.4194505805326724,
                    0.0,
                    0.4158817547107895
                ],
                [
                    -0.4194505805326724,
                    0.9077781725128689,
                    0.0,
                    0.733173894971941
                ],
                [
                    0.0,
                    0.0,
                    1.0,
                    -0.6599999999999999
                ],
                [
                    0.0,
                    0.0,
                    0.0,
                    1.0
                ]
            ],
            "size": [
                0.6,
                1.0,
                0.8
            ]
        },
        "collider2": {
            "type": "Cylinder",
            "collider2origin": [
                [
                    -0.6188296902528048,
                    0.2788325887227143,
                    0.7343719779020755,
                    -0.01171096476856709
                ],
                [
                    0.11144261547517982,
                    0.956587650178247,
                    -0.26929651127058885,
                    1.26584975562628
                ],
                [
                    -0.777579808069672,
                    -0.08480834270665125,
                    -0.6230386722264372,
                    -0.6547768003211417
                ],
                [
                    0.0,
                    0.0,
                    0.0,
                    1.0
                ]
            ],
            "radius": 0.00813,
            "height": 0.03824
        },
        "distance": 0.2915929153506995
    },
    {
        "case": 21,
        "collider1": {
            "type": "Box",
            "collider2origin": [
                [
                    0.9077781725128689,
                    0.4194505805326724,
                    0.0,
                    0.4158817547107895
                ],
                [
                    -0.4194505805326724,
                    0.9077781725128689,
                    0.0,
                    0.733173894971941
                ],
                [
                    0.0,
                    0.0,
                    1.0,
                    -0.6599999999999999
                ],
                [
                    0.0,
                    0.0,
                    0.0,
                    1.0
                ]
            ],
            "size": [
                0.6,
                1.0,
                0.8
            ]
        },
        "collider2": {
            "type": "Cylinder",
            "collider2origin": [
                [
                    -0.7699673333843254,
                    -0.5156173886030436,
                    0.3758843094506716,
                    0.052884944933079436
                ],
                [
                    -0.15686421235265152,
                    0.7239620921835173,
                    0.6717681951121578,
                    1.2584293968611653
                ],
                [
                    -0.6185013535991757,
                    0.4582767697052094,
                    -0.6383090771284275,
                    -0.6518176729589882
                ],
                [
                    0.0,
                    0.0,
                    0.0,
                    1.0
                ]
            ],
            "radius": 0.00783,
            "height": 0.03044
        },
        "distance": 0.24111838468169425
    },
    {
        "case": 22,
        "collider1": {
            "type": "Box",
            "collider2origin": [
                [
                    0.9077781725128689,
                    0.4194505805326724,
                    0.0,
                    0.4158817547107895
