[
    {
        "case": 0,
        "collider1": {
            "type": "Box",
            "collider2origin": [
                [
                    0.9077781725128689,
                    0.4194505805326724,
                    0.0,
                    0.4158817547107895
                ],
                [
                    -0.4194505805326724,
                    0.9077781725128689,
                    0.0,
                    0.733173894971941
                ],
                [
                    0.0,
                    0.0,
                    1.0,
                    -0.6599999999999999
                ],
                [
                    0.0,
                    0.0,
                    0.0,
                    1.0
                ]
            ],
            "size": [
                0.6,
                1.0,
                0.8
            ]
        },
        "collider2": {
            "type": "Box",
            "collider2origin": [
                [
                    0.8087222051154547,
                    -0.5037384928759483,
                    0.3036707522107859,
                    -0.018735813704937265
                ],
                [
                    -0.47159122752894184,
                    -0.8638561979545484,
                    -0.1770711251821081,
                    0.9300671780698798
                ],
                [
                    0.3515254031658908,
                    -7.1119801724599104e-06,
                    -0.9361783435214024,
                    0.06081529827244836
                ],
                [
                    0.0,
                    0.0,
                    0.0,
                    1.0
                ]
            ],
            "size": [
                0.1202,
                0.13634,
                0.67816
            ]
        },
        "distance": 0.02150913110134295
    },
    {
        "case": 1,
        "collider1": {
            "type": "Box",
            "collider2origin": [
                [
                    0.9077781725128689,
                    0.4194505805326724,
                    0.0,
                    0.27063700059322826
                ],
                [
                    -0.4194505805326724,
                    0.9077781725128689,
                    0.0,
                    0.8002854543438492
                ],
                [
                    0.0,
                    0.0,
                    1.0,
                    -0.25
                ],
                [
                    0.0,
                    0.0,
                    0.0,
                    1.0
                ]
            ],
            "size": [
                0.2,
                0.2,
                0.02
            ]
        },
        "collider2": {
            "type": "Box",
            "collider2origin": [
                [
                    0.8087222051154547,
                    -0.5037384928759483,
                    0.3036707522107859,
                    -0.018735813704937265
                ],
                [
                    -0.47159122752894184,
                    -0.8638561979545484,
                    -0.1770711251821081,
                    0.9300671780698798
                ],
                [
                    0.3515254031658908,
                    -7.1119801724599104e-06,
                    -0.9361783435214024,
                    0.06081529827244836
                ],
                [
                    0.0,
                    0.0,
                    0.0,
                    1.0
                ]
            ],
            "size": [
                0.1202,
                0.13634,
                0.67816
            ]
        },
        "distance": 0.03626486281813419
    },
    {
        "case": 2,
        "collider1": {
            "type": "Box",
            "collider2origin": [
                [
                    0.9077781725128689,
                    0.4194505805326724,
                    0.0,
                    0.4158817547107895
                ],
                [
                    -0.4194505805326724,
                    0.9077781725128689,
                    0.0,
                    0.733173894971941
                ],
                [
                    0.0,
                    0.0,
                    1.0,
                    -0.6599999999999999
                ],
                [
                    0.0,
                    0.0,
                    0.0,
                    1.0
                ]
            ],
            "size": [
                0.6,
                1.0,
                0.8
            ]
        },
        "collider2": {
            "type": "Box",
            "collider2origin": [
                [
                    -0.5692064616461905,
                    -0.18122217196009988,
                    -0.8019741444774187,
                    -0.07853026923347639
                ],
                [
                    -0.7870105456339336,
                    0.4023779195063079,
                    0.46766057237568487,
                    0.8315406047010313
                ],
                [
                    0.2379462230866498,
                    0.8973575286828761,
                    -0.37165987224202585,
                    -0.2520933797126982
                ],
                [
                    0.0,
                    0.0,
                    0.0,
                    1.0
                ]
            ],
            "size": [
                0.09126,
                0.11887,
                0.10009
            ]
        },
        "distance": 0.1155025378650076
    },
    {
        "case": 3,
        "collider1": {
            "type": "Box",
            "collider2origin": [
                [
                    0.9077781725128689,
                    0.4194505805326724,
                    0.0,
                    0.4158817547107895
                ],
                [
                    -0.4194505805326724,
                    0.9077781725128689,
                    0.0,
                    0.733173894971941
                ],
                [
                    0.0,
                    0.0,
                    1.0,
                    -0.6599999999999999
                ],
                [
                    0.0,
                    0.0,
                    0.0,
                    1.0
                ]
            ],
            "size": [
                0.6,
                1.0,
                0.8
            ]
        },
        "collider2": {
            "type": "Box",
            "collider2origin": [
                [
                    0.3210621602459917,
                    -0.5037425541364253,
                    -0.8019741444774187,
                    0.011526384181144989
                ],
                [
                    -0.18721685265627552,
                    -0.8638538297227866,
                    0.46766057237568487,
                    0.7830480826936881
                ],
                [
                    -0.9283689672429035,
                    -5.038388042809108e-06,
                    -0.37165987224202585,
                    -0.21321687384152743
                ],
                [
                    0.0,
                    0.0,
                    0.0,
                    1.0
                ]
            ],
            "size": [
                0.09102,
                0.10007,
                0.11882
            ]
        },
        "distance": 0.028988483343710725
    },
    {
        "case": 4,
        "collider1": {
            "type": "Box",
            "collider2origin": [
                [
                    0.907778172512869,
                    0.4194505805326725,
                    0.0,
                    -1.612083837096907
                ],
                [
                    -0.4194505805326725,
                    0.907778172512869,
                    0.0,
                    -0.24654756573714753
                ],
                [
                    0.0,
                    0.0,
                    1.0,
                    -0.040000000000000036
                ],
                [
                    0.0,
                    0.0,
                    0.0,
                    1.0
                ]
            ],
            "size": [
                2.0,
                2.0,
                2.0
            ]
        },
        "collider2": {
            "type": "Box",
            "collider2origin": [
                [
                    -0.6013612373618695,
                    -0.503741886326429,
                    -0.6201683434027346,
                    0.026104309032836615
                ],
                [
                    0.3506744988277867,
                    -0.8638542191591387,
                    0.36163971561878444,
                    0.7576680854619832
                ],
                [
                    -0.7179081125537458,
                    -1.1161479058473326e-06,
                    0.6961378756598955,
                    0.10619083747538127
                ],
                [
                    0.0,
                    0.0,
                    0.0,
                    1.0
                ]
            ],
            "size": [
                0.15068,
                0.17726,
                0.74884
            ]
        },
        "distance": 0.5136652212113627
    },
    {
        "case": 5,
        "collider1": {
            "type": "Box",
            "collider2origin": [
                [
                    0.907778172512869,
                    0.4194505805326725,
                    0.0,
                    -0.7418785952877999
                ],
                [
                    -0.4194505805326725,
                    0.907778172512869,
                    0.0,
                    1.2791466490804724
                ],
                [
                    0.0,
                    0.0,
                    1.0,
                    0.27
                ],
                [
                    0.0,
                    0.0,
                    0.0,
                    1.0
                ]
            ],
            "size": [
                0.52,
                1.16,
                0.6
            ]
        },
        "collider2": {
            "type": "Box",
            "collider2origin": [
                [
                    -0.6013612373618695,
                    -0.503741886326429,
                    -0.6201683434027346,
                    0.026104309032836615
                ],
                [
                    0.3506744988277867,
                    -0.8638542191591387,
                    0.36163971561878444,
                    0.7576680854619832
                ],
                [
                    -0.7179081125537458,
                    -1.1161479058473326e-06,
                    0.6961378756598955,
                    0.10619083747538127
                ],
                [
                    0.0,
                    0.0,
                    0.0,
                    1.0
                ]
            ],
            "size": [
                0.15068,
                0.17726,
                0.74884
            ]
        },
        "distance": 0.3276828359951149
    },
    {
        "case": 6,
        "collider1": {
            "type": "Box",
            "collider2origin": [
                [
                    0.907778172512869,
                    0.4194505805326725,
                    0.0,
                    -1.612083837096907
                ],
                [
                    -0.4194505805326725,
                    0.907778172512869,
                    0.0,
                    -0.24654756573714753
                ],
                [
                    0.0,
                    0.0,
                    1.0,
                    -0.040000000000000036
                ],
                [
                    0.0,
                    0.0,
                    0.0,
                    1.0
                ]
            ],
            "size": [
                2.0,
                2.0,
                2.0
            ]
        },
        "collider2": {
            "type": "Box",
            "collider2origin": [
                [
                    -0.6013612373618695,
                    -0.503741886326429,
                    -0.6201683434027346,
                    0.026104309032836615
                ],
                [
                    0.3506744988277867,
                    -0.8638542191591387,
                    0.36163971561878444,
                    0.7576680854619832
                ],
                [
                    -0.7179081125537458,
                    -1.1161479058473326e-06,
                    0.6961378756598955,
                    0.10619083747538127
                ],
                [
                    0.0,
                    0.0,
                    0.0,
                    1.0
                ]
            ],
            "size": [
                0.15068,
                0.17726,
                0.74884
            ]
        },
        "distance": 0.5136652212113627
    },
    {
        "case": 7,
        "collider1": {
            "type": "Box",
            "collider2origin": [
                [
                    0.907778172512869,
                    0.4194505805326725,
                    0.0,
                    -0.7418785952877999
                ],
                [
                    -0.4194505805326725,
                    0.907778172512869,
                    0.0,
                    1.2791466490804724
                ],
                [
                    0.0,
                    0.0,
                    1.0,
                    0.27
                ],
                [
                    0.0,
                    0.0,
                    0.0,
                    1.0
                ]
            ],
            "size": [
                0.52,
                1.16,
                0.6
            ]
        },
        "collider2": {
            "type": "Box",
            "collider2origin": [
                [
                    -0.6013612373618695,
                    -0.503741886326429,
                    -0.6201683434027346,
                    0.026104309032836615
                ],
                [
                    0.3506744988277867,
                    -0.8638542191591387,
                    0.36163971561878444,
                    0.7576680854619832
                ],
                [
                    -0.7179081125537458,
                    -1.1161479058473326e-06,
                    0.6961378756598955,
                    0.10619083747538127
                ],
                [
                    0.0,
                    0.0,
                    0.0,
                    1.0
                ]
            ],
            "size": [
                0.15068,
                0.17726,
                0.74884
            ]
        },
        "distance": 0.3276828359951149
    }
]