[
    {
        "case": 0,
        "collider1": {
            "type": "Box",
            "collider2origin": [
                [
                    0.9077781725128689,
                    0.4194505805326724,
                    0.0,
                    0.4158817547107895
                ],
                [
                    -0.4194505805326724,
                    0.9077781725128689,
                    0.0,
                    0.733173894971941
                ],
                [
                    0.0,
                    0.0,
                    1.0,
                    -0.6599999999999999
                ],
                [
                    0.0,
                    0.0,
                    0.0,
                    1.0
                ]
            ],
            "size": [
                0.6,
                1.0,
                0.8
            ]
        },
        "collider2": {
            "type": "Box",
            "collider2origin": [
                [
                    -0.7842813316580941,
                    -0.4411268098770967,
                    0.4362452640662846,
                    0.3539430168544834
                ],
                [
                    -0.38550657884131817,
                    0.8974447824575487,
                    0.21442373961337807,
                    1.020999678844872
                ],
                [
                    -0.4860940963256693,
                    -6.883242832302858e-06,
                    -0.8739064763863188,
                    -0.3647982933616706
                ],
                [
                    0.0,
                    0.0,
                    0.0,
                    1.0
                ]
            ],
            "size": [
                0.15068,
                0.17726,
                0.74884
            ]
        },
        "distance": 0.0
    },
    {
        "case": 1,
        "collider1": {
            "type": "Box",
            "collider2origin": [
                [
                    0.9077781725128689,
                    0.4194505805326724,
                    0.0,
                    0.27063700059322826
                ],
                [
                    -0.4194505805326724,
                    0.9077781725128689,
                    0.0,
                    0.8002854543438492
                ],
                [
                    0.0,
                    0.0,
                    1.0,
                    -0.25
                ],
                [
                    0.0,
                    0.0,
                    0.0,
                    1.0
                ]
            ],
            "size": [
                0.2,
                0.2,
                0.02
            ]
        },
        "collider2": {
            "type": "Box",
            "collider2origin": [
                [
                    -0.7842813316580941,
                    -0.4411268098770967,
                    0.4362452640662846,
                    0.3539430168544834
                ],
                [
                    -0.38550657884131817,
                    0.8974447824575487,
                    0.21442373961337807,
                    1.020999678844872
                ],
                [
                    -0.4860940963256693,
                    -6.883242832302858e-06,
                    -0.8739064763863188,
                    -0.3647982933616706
                ],
                [
                    0.0,
                    0.0,
                    0.0,
                    1.0
                ]
            ],
            "size": [
                0.15068,
                0.17726,
                0.74884
            ]
        },
        "distance": 0.0
    },
    {
        "case": 2,
        "collider1": {
            "type": "Box",
            "collider2origin": [
                [
                    0.907778172512869,
                    0.4194505805326725,
                    0.0,
                    0.9947946797881562
                ],
                [
                    -0.4194505805326725,
                    0.907778172512869,
                    0.0,
                    0.5317739604993647
                ],
                [
                    0.0,
                    0.0,
                    1.0,
                    -0.69
                ],
                [
                    0.0,
                    0.0,
                    0.0,
                    1.0
                ]
            ],
            "size": [
                0.6,
                1.2,
                0.75
            ]
        },
        "collider2": {
            "type": "Box",
            "collider2origin": [
                [
                    -0.7842813316580941,
                    -0.4411268098770967,
                    0.4362452640662846,
                    0.3539430168544834
                ],
                [
                    -0.38550657884131817,
                    0.8974447824575487,
                    0.21442373961337807,
                    1.020999678844872
                ],
                [
                    -0.4860940963256693,
                    -6.883242832302858e-06,
                    -0.8739064763863188,
                    -0.3647982933616706
                ],
                [
                    0.0,
                    0.0,
                    0.0,
                    1.0
                ]
            ],
            "size": [
                0.15068,
                0.17726,
                0.74884
            ]
        },
        "distance": 0.26204621088322155
    },
    {
        "case": 3,
        "collider1": {
            "type": "Box",
            "collider2origin": [
                [
                    0.9077781725128689,
                    0.4194505805326724,
                    0.0,
                    0.4158817547107895
                ],
                [
                    -0.4194505805326724,
                    0.9077781725128689,
                    0.0,
                    0.733173894971941
                ],
                [
                    0.0,
                    0.0,
                    1.0,
                    -0.6599999999999999
                ],
                [
                    0.0,
                    0.0,
                    0.0,
                    1.0
                ]
            ],
            "size": [
                0.6,
                1.0,
                0.8
            ]
        },
        "collider2": {
            "type": "Box",
            "collider2origin": [
                [
                    -0.7842813316580941,
                    -0.4411268098770967,
                    0.4362452640662846,
                    0.3539430168544834
                ],
                [
                    -0.38550657884131817,
                    0.8974447824575487,
                    0.21442373961337807,
                    1.020999678844872
                ],
                [
                    -0.4860940963256693,
                    -6.883242832302858e-06,
                    -0.8739064763863188,
                    -0.3647982933616706
                ],
                [
                    0.0,
                    0.0,
                    0.0,
                    1.0
                ]
            ],
            "size": [
                0.15068,
                0.17726,
                0.74884
            ]
        },
        "distance": 0.0
    },
    {
        "case": 4,
        "collider1": {
            "type": "Box",
            "collider2origin": [
                [
                    0.9077781725128689,
                    0.4194505805326724,
                    0.0,
                    0.27063700059322826
                ],
                [
                    -0.4194505805326724,
                    0.9077781725128689,
                    0.0,
                    0.8002854543438492
                ],
                [
                    0.0,
                    0.0,
                    1.0,
                    -0.25
                ],
                [
                    0.0,
                    0.0,
                    0.0,
                    1.0
                ]
            ],
            "size": [
                0.2,
                0.2,
                0.02
            ]
        },
        "collider2": {
            "type": "Box",
            "collider2origin": [
                [
                    -0.7842813316580941,
                    -0.4411268098770967,
                    0.4362452640662846,
                    0.3539430168544834
                ],
                [
                    -0.38550657884131817,
                    0.8974447824575487,
                    0.21442373961337807,
                    1.020999678844872
                ],
                [
                    -0.4860940963256693,
                    -6.883242832302858e-06,
                    -0.8739064763863188,
                    -0.3647982933616706
                ],
                [
                    0.0,
                    0.0,
                    0.0,
                    1.0
                ]
            ],
            "size": [
                0.15068,
                0.17726,
                0.74884
            ]
        },
        "distance": 0.0
    },
    {
        "case": 5,
        "collider1": {
            "type": "Box",
            "collider2origin": [
                [
                    0.907778172512869,
                    0.4194505805326725,
                    0.0,
                    0.9947946797881562
                ],
                [
                    -0.4194505805326725,
                    0.907778172512869,
                    0.0,
                    0.5317739604993647
                ],
                [
                    0.0,
                    0.0,
                    1.0,
                    -0.69
                ],
                [
                    0.0,
                    0.0,
                    0.0,
                    1.0
                ]
            ],
            "size": [
                0.6,
                1.2,
                0.75
            ]
        },
        "collider2": {
            "type": "Box",
            "collider2origin": [
                [
                    -0.7842813316580941,
                    -0.4411268098770967,
                    0.4362452640662846,
                    0.3539430168544834
                ],
                [
                    -0.38550657884131817,
                    0.8974447824575487,
                    0.21442373961337807,
                    1.020999678844872
                ],
                [
                    -0.4860940963256693,
                    -6.883242832302858e-06,
                    -0.8739064763863188,
                    -0.3647982933616706
                ],
                [
                    0.0,
                    0.0,
                    0.0,
                    1.0
                ]
            ],
            "size": [
                0.15068,
                0.17726,
                0.74884
            ]
        },
        "distance": 0.26204621088322155
    },
    {
        "case": 6,
        "collider1": {
            "type": "Box",
            "collider2origin": [
                [
                    0.9077781725128689,
                    0.4194505805326724,
                    0.0,
                    0.4158817547107895
                ],
                [
                    -0.4194505805326724,
                    0.9077781725128689,
                    0.0,
                    0.733173894971941
                ],
                [
                    0.0,
                    0.0,
                    1.0,
                    -0.6599999999999999
                ],
                [
                    0.0,
                    0.0,
                    0.0,
                    1.0
                ]
            ],
            "size": [
                0.6,
                1.0,
                0.8
            ]
        },
        "collider2": {
            "type": "Box",
            "collider2origin": [
                [
                    -0.6072399551569393,
                    -0.4411259850113048,
                    0.6608082189325467,
                    0.7310424011403555
                ],
                [
                    -0.2984849232875235,
                    0.8974451879139347,
                    0.3248059193736527,
                    1.0655791226774707
                ],
                [
                    -0.7363194873361967,
                    -6.158620680848268e-06,
                    -0.676634031460901,
                    -0.8272026655979247
                ],
                [
                    0.0,
                    0.0,
                    0.0,
                    1.0
                ]
            ],
            "size": [
                0.1202,
                0.13634,
                0.67816
            ]
        },
        "distance": 0.0
    },
    {
        "case": 7,
        "collider1": {
            "type": "Box",
            "collider2origin": [
                [
                    0.907778172512869,
                    0.4194505805326725,
                    0.0,
                    0.9947946797881562
                ],
                [
                    -0.4194505805326725,
                    0.907778172512869,
                    0.0,
                    0.5317739604993647
                ],
                [
                    0.0,
                    0.0,
                    1.0,
                    -0.69
                ],
                [
                    0.0,
                    0.0,
                    0.0,
                    1.0
                ]
            ],
            "size": [
                0.6,
                1.2,
                0.75
            ]
        },
        "collider2": {
            "type": "Box",
            "collider2origin": [
                [
                    -0.6072399551569393,
                    -0.4411259850113048,
                    0.6608082189325467,
                    0.7310424011403555
                ],
                [
                    -0.2984849232875235,
                    0.8974451879139347,
                    0.3248059193736527,
                    1.0655791226774707
                ],
                [
                    -0.7363194873361967,
                    -6.158620680848268e-06,
                    -0.676634031460901,
                    -0.8272026655979247
                ],
                [
                    0.0,
                    0.0,
                    0.0,
                    1.0
                ]
            ],
            "size": [
                0.1202,
                0.13634,
                0.67816
            ]
        },
        "distance": 0.0
    },
    {
        "case": 8,
        "collider1": {
            "type": "Box",
            "collider2origin": [
                [
                    0.9077781725128689,
                    0.4194505805326724,
                    0.0,
                    0.4158817547107895
                ],
                [
                    -0.4194505805326724,
                    0.9077781725128689,
                    0.0,
                    0.733173894971941
                ],
                [
                    0.0,
                    0.0,
                    1.0,
                    -0.6599999999999999
                ],
                [
                    0.0,
                    0.0,
                    0.0,
                    1.0
                ]
            ],
            "size": [
                0.6,
                1.0,
                0.8
            ]
        },
        "collider2": {
            "type": "Box",
            "collider2origin": [
                [
                    -0.6033632253392589,
                    -0.17304105635381406,
                    0.7784661913815928,
                    0.9595764759611829
                ],
                [
                    0.2376327459054621,
                    0.8928142230484217,
                    0.38264009355512296,
                    1.3090166086027701
                ],
                [
                    -0.7612381338199214,
                    0.4158600196441097,
                    -0.49757104787152134,
                    -1.0796095699325656
                ],
                [
                    0.0,
                    0.0,
                    0.0,
                    1.0
                ]
            ],
            "size": [
                0.09126,
                0.11887,
                0.10009
            ]
        },
        "distance": 0.17395340072372734
    },
    {
        "case": 9,
        "collider1": {
            "type": "Box",
            "collider2origin": [
                [
                    0.9077781725128689,
                    0.4194505805326724,
                    0.0,
                    0.4158817547107895
                ],
                [
                    -0.4194505805326724,
                    0.9077781725128689,
                    0.0,
                    0.733173894971941
                ],
                [
                    0.0,
                    0.0,
                    1.0,
                    -0.6599999999999999
                ],
                [
                    0.0,
                    0.0,
                    0.0,
                    1.0
                ]
            ],
            "size": [
                0.6,
                1.0,
                0.8
            ]
        },
        "collider2": {
            "type": "Box",
            "collider2origin": [
                [
                    -0.44654074340059735,
                    -0.4411255528294399,
                    0.7784661913815928,
                    0.8767003172839765
                ],
                [
                    -0.21949558581772313,
                    0.8974454003507185,
                    0.38264009355512296,
                    1.2617062531642422
                ],
                [
                    -0.8674232255881648,
                    -5.50088561570286e-06,
                    -0.49757104787152134,
                    -1.0258868723171752
                ],
                [
                    0.0,
                    0.0,
                    0.0,
                    1.0
                ]
            ],
            "size": [
                0.09102,
                0.10007,
                0.11882
            ]
        },
        "distance": 0.08394880793145061
    },
    {
        "case": 10,
        "collider1": {
            "type": "Box",
            "collider2origin": [
                [
                    0.907778172512869,
                    0.4194505805326725,
                    0.0,
                    0.9947946797881562
                ],
                [
                    -0.4194505805326725,
                    0.907778172512869,
                    0.0,
                    0.5317739604993647
                ],
                [
                    0.0,
                    0.0,
                    1.0,
                    -0.69
                ],
                [
                    0.0,
                    0.0,
                    0.0,
                    1.0
                ]
            ],
            "size": [
                0.6,
                1.2,
                0.75
            ]
        },
        "collider2": {
            "type": "Box",
            "collider2origin": [
                [
                    -0.44654074340059735,
                    -0.4411255528294399,
                    0.7784661913815928,
                    0.8767003172839765
                ],
                [
                    -0.21949558581772313,
                    0.8974454003507185,
                    0.38264009355512296,
                    1.2617062531642422
                ],
                [
                    -0.8674232255881648,
                    -5.50088561570286e-06,
                    -0.49757104787152134,
                    -1.0258868723171752
                ],
                [
                    0.0,
                    0.0,
                    0.0,
                    1.0
                ]
            ],
            "size": [
                0.09102,
                0.10007,
                0.11882
            ]
        },
        "distance": 0.046279721420928996
    }
]