[
    {
        "case": 0,
        "collider1": {
            "type": "Box",
            "collider2origin": [
                [
                    0.9077781725128689,
                    0.4194505805326724,
                    0.0,
                    0.4158817547107895
                ],
                [
                    -0.4194505805326724,
                    0.9077781725128689,
                    0.0,
                    0.733173894971941
                ],
                [
                    0.0,
                    0.0,
                    1.0,
                    -0.6599999999999999
                ],
                [
                    0.0,
                    0.0,
                    0.0,
                    1.0
                ]
            ],
            "size": [
                0.6,
                1.0,
                0.8
            ]
        },
        "collider2": {
            "type": "Box",
            "collider2origin": [
                [
                    0.104469516943291,
                    0.6172632015932131,
                    -0.7797898819480359,
                    0.17381439626442885
                ],
                [
                    0.08196855621665054,
                    -0.7867567222093388,
                    -0.6117965477592817,
                    0.4791502898612515
                ],
                [
                    -0.9911444273270132,
                    -4.160963647649504e-06,
                    -0.13278826816135958,
                    -0.14243511562548328
                ],
                [
                    0.0,
                    0.0,
                    0.0,
                    1.0
                ]
            ],
            "size": [
                0.15068,
                0.17726,
                0.74884
            ]
        },
        "distance": 0.010106360584297796
    },
    {
        "case": 1,
        "collider1": {
            "type": "Box",
            "collider2origin": [
                [
                    0.9077781725128689,
                    0.4194505805326724,
                    0.0,
                    0.27063700059322826
                ],
                [
                    -0.4194505805326724,
                    0.9077781725128689,
                    0.0,
                    0.8002854543438492
                ],
                [
                    0.0,
                    0.0,
                    1.0,
                    -0.25
                ],
                [
                    0.0,
                    0.0,
                    0.0,
                    1.0
                ]
            ],
            "size": [
                0.2,
                0.2,
                0.02
            ]
        },
        "collider2": {
            "type": "Box",
            "collider2origin": [
                [
                    0.104469516943291,
                    0.6172632015932131,
                    -0.7797898819480359,
                    0.17381439626442885
                ],
                [
                    0.08196855621665054,
                    -0.7867567222093388,
                    -0.6117965477592817,
                    0.4791502898612515
                ],
                [
                    -0.9911444273270132,
                    -4.160963647649504e-06,
                    -0.13278826816135958,
                    -0.14243511562548328
                ],
                [
                    0.0,
                    0.0,
                    0.0,
                    1.0
                ]
            ],
            "size": [
                0.15068,
                0.17726,
                0.74884
            ]
        },
        "distance": 0.04984897056831963
    },
    {
        "case": 2,
        "collider1": {
            "type": "Box",
            "collider2origin": [
                [
                    0.9077781725128689,
                    0.4194505805326724,
                    0.0,
                    0.4158817547107895
                ],
                [
                    -0.4194505805326724,
                    0.9077781725128689,
                    0.0,
                    0.733173894971941
                ],
                [
                    0.0,
                    0.0,
                    1.0,
                    -0.6599999999999999
                ],
                [
                    0.0,
                    0.0,
                    0.0,
                    1.0
                ]
            ],
            "size": [
                0.6,
                1.0,
                0.8
            ]
        },
        "collider2": {
            "type": "Box",
            "collider2origin": [
                [
                    0.104469516943291,
                    0.6172632015932131,
                    -0.7797898819480359,
                    0.17381439626442885
                ],
                [
                    0.08196855621665054,
                    -0.7867567222093388,
                    -0.6117965477592817,
                    0.4791502898612515
                ],
                [
                    -0.9911444273270132,
                    -4.160963647649504e-06,
                    -0.13278826816135958,
                    -0.14243511562548328
                ],
                [
                    0.0,
                    0.0,
                    0.0,
                    1.0
                ]
            ],
            "size": [
                0.15068,
                0.17726,
                0.74884
            ]
        },
        "distance": 0.010106360584297796
    },
    {
        "case": 3,
        "collider1": {
            "type": "Box",
            "collider2origin": [
                [
                    0.9077781725128689,
                    0.4194505805326724,
                    0.0,
                    0.27063700059322826
                ],
                [
                    -0.4194505805326724,
                    0.9077781725128689,
                    0.0,
                    0.8002854543438492
                ],
                [
                    0.0,
                    0.0,
                    1.0,
                    -0.25
                ],
                [
                    0.0,
                    0.0,
                    0.0,
                    1.0
                ]
            ],
            "size": [
                0.2,
                0.2,
                0.02
            ]
        },
        "collider2": {
            "type": "Box",
            "collider2origin": [
                [
                    0.104469516943291,
                    0.6172632015932131,
                    -0.7797898819480359,
                    0.17381439626442885
                ],
                [
                    0.08196855621665054,
                    -0.7867567222093388,
                    -0.6117965477592817,
                    0.4791502898612515
                ],
                [
                    -0.9911444273270132,
                    -4.160963647649504e-06,
                    -0.13278826816135958,
                    -0.14243511562548328
                ],
                [
                    0.0,
                    0.0,
                    0.0,
                    1.0
                ]
            ],
            "size": [
                0.15068,
                0.17726,
                0.74884
            ]
        },
        "distance": 0.04984897056831963
    },
    {
        "case": 4,
        "collider1": {
            "type": "Box",
            "collider2origin": [
                [
                    0.9077781725128689,
                    0.4194505805326724,
                    0.0,
                    0.27063700059322826
                ],
                [
                    -0.4194505805326724,
                    0.9077781725128689,
                    0.0,
                    0.8002854543438492
                ],
                [
                    0.0,
                    0.0,
                    1.0,
                    -0.25
                ],
                [
                    0.0,
                    0.0,
                    0.0,
                    1.0
                ]
            ],
            "size": [
                0.2,
                0.2,
                0.02
            ]
        },
        "collider2": {
            "type": "Box",
            "collider2origin": [
                [
                    -0.12904884806693037,
                    0.6172689166823063,
                    0.776096308012382,
                    0.07014161933976101
                ],
                [
                    -0.10125280598566361,
                    -0.7867522383116698,
                    0.6089078623171217,
                    0.5583952115016798
                ],
                [
                    0.9864554040059933,
                    -3.070690445948055e-06,
                    0.1640296799300144,
                    -0.13804457916999469
                ],
                [
                    0.0,
                    0.0,
                    0.0,
                    1.0
                ]
            ],
            "size": [
                0.1202,
                0.13634,
                0.67816
            ]
        },
        "distance": 0.0720281491273495
    }
]