[
    {
        "case": 0,
        "collider1": {
            "type": "Box",
            "collider2origin": [
                [
                    -0.49996093967317806,
                    0.8660479541001831,
                    0.0,
                    0.23518030403224222
                ],
                [
                    -0.8660479541001831,
                    -0.49996093967317806,
                    0.0,
                    1.6545490191575776
                ],
                [
                    0.0,
                    0.0,
                    1.0,
                    -0.21500000000000008
                ],
                [
                    0.0,
                    0.0,
                    0.0,
                    1.0
                ]
            ],
            "size": [
                0.2,
                0.3,
                0.22
            ]
        },
        "collider2": {
            "type": "Box",
            "collider2origin": [
                [
                    0.14889317613531508,
                    0.8998875100486007,
                    -0.40991863992610483,
                    0.3340896005256018
                ],
                [
                    -0.30721864734370785,
                    0.43612208067544245,
                    0.845821632184721,
                    1.1298721848972526
                ],
                [
                    0.9399188926841722,
                    -2.419180868930864e-06,
                    0.34139782537313706,
                    -0.00038449156106490356
                ],
                [
                    0.0,
                    0.0,
                    0.0,
                    1.0
                ]
            ],
            "size": [
                0.15068,
                0.17726,
                0.74884
            ]
        },
        "distance": 0.1470969614181619
    },
    {
        "case": 1,
        "collider1": {
            "type": "Box",
            "collider2origin": [
                [
                    0.718022042059392,
                    -0.6960203640101781,
                    0.0,
                    0.13748258467077087
                ],
                [
                    0.6960203640101781,
                    0.718022042059392,
                    0.0,
                    1.5384737068316263
                ],
                [
                    0.0,
                    0.0,
                    1.0,
                    -0.21500000000000008
                ],
                [
                    0.0,
                    0.0,
                    0.0,
                    1.0
                ]
            ],
            "size": [
                0.2,
                0.3,
                0.22
            ]
        },
        "collider2": {
            "type": "Box",
            "collider2origin": [
                [
                    0.14889317613531508,
                    0.8998875100486007,
                    -0.40991863992610483,
                    0.3340896005256018
                ],
                [
                    -0.30721864734370785,
                    0.43612208067544245,
                    0.845821632184721,
                    1.1298721848972526
                ],
                [
                    0.9399188926841722,
                    -2.419180868930864e-06,
                    0.34139782537313706,
                    -0.00038449156106490356
                ],
                [
                    0.0,
                    0.0,
                    0.0,
                    1.0
                ]
            ],
            "size": [
                0.15068,
                0.17726,
                0.74884
            ]
        },
        "distance": 0.11846799104761882
    },
    {
        "case": 2,
        "collider1": {
            "type": "Box",
            "collider2origin": [
                [
                    0.8404842512412337,
                    -0.5418359746412772,
                    0.0,
                    0.011439976095501792
                ],
                [
                    0.5418359746412771,
                    0.8404842512412338,
                    0.0,
                    1.4325762997644957
                ],
                [
                    0.0,
                    0.0,
                    1.0,
                    -0.21500000000000008
                ],
                [
                    0.0,
                    0.0,
                    0.0,
                    1.0
                ]
            ],
            "size": [
                0.2,
                0.3,
                0.22
            ]
        },
        "collider2": {
            "type": "Box",
            "collider2origin": [
                [
                    0.14889317613531508,
                    0.8998875100486007,
                    -0.40991863992610483,
                    0.3340896005256018
                ],
                [
                    -0.30721864734370785,
                    0.43612208067544245,
                    0.845821632184721,
                    1.1298721848972526
                ],
                [
                    0.9399188926841722,
                    -2.419180868930864e-06,
                    0.34139782537313706,
                    -0.00038449156106490356
                ],
                [
                    0.0,
                    0.0,
                    0.0,
                    1.0
                ]
            ],
            "size": [
                0.15068,
                0.17726,
                0.74884
            ]
        },
        "distance": 0.11523942093609787
    },
    {
        "case": 3,
        "collider1": {
            "type": "Box",
            "collider2origin": [
                [
                    -0.49996093967317806,
                    0.8660479541001831,
                    0.0,
                    0.23518030403224222
                ],
                [
                    -0.8660479541001831,
                    -0.49996093967317806,
                    0.0,
                    1.6545490191575776
                ],
                [
                    0.0,
                    0.0,
                    1.0,
                    -0.21500000000000008
                ],
                [
                    0.0,
                    0.0,
                    0.0,
                    1.0
                ]
            ],
            "size": [
                0.2,
                0.3,
                0.22
            ]
        },
        "collider2": {
            "type": "Box",
            "collider2origin": [
                [
                    0.14889317613531508,
                    0.8998875100486007,
                    -0.40991863992610483,
                    0.3340896005256018
                ],
                [
                    -0.30721864734370785,
                    0.43612208067544245,
                    0.845821632184721,
                    1.1298721848972526
                ],
                [
                    0.9399188926841722,
                    -2.419180868930864e-06,
                    0.34139782537313706,
                    -0.00038449156106490356
                ],
                [
                    0.0,
                    0.0,
                    0.0,
                    1.0
                ]
            ],
            "size": [
                0.15068,
                0.17726,
                0.74884
            ]
        },
        "distance": 0.1470969614181619
    },
    {
        "case": 4,
        "collider1": {
            "type": "Box",
            "collider2origin": [
                [
                    0.718022042059392,
                    -0.6960203640101781,
                    0.0,
                    0.13748258467077087
                ],
                [
                    0.6960203640101781,
                    0.718022042059392,
                    0.0,
                    1.5384737068316263
                ],
                [
                    0.0,
                    0.0,
                    1.0,
                    -0.21500000000000008
                ],
                [
                    0.0,
                    0.0,
                    0.0,
                    1.0
                ]
            ],
            "size": [
                0.2,
                0.3,
                0.22
            ]
        },
        "collider2": {
            "type": "Box",
            "collider2origin": [
                [
                    0.14889317613531508,
                    0.8998875100486007,
                    -0.40991863992610483,
                    0.3340896005256018
                ],
                [
                    -0.30721864734370785,
                    0.43612208067544245,
                    0.845821632184721,
                    1.1298721848972526
                ],
                [
                    0.9399188926841722,
                    -2.419180868930864e-06,
                    0.34139782537313706,
                    -0.00038449156106490356
                ],
                [
                    0.0,
                    0.0,
                    0.0,
                    1.0
                ]
            ],
            "size": [
                0.15068,
                0.17726,
                0.74884
            ]
        },
        "distance": 0.11846799104761882
    },
    {
        "case": 5,
        "collider1": {
            "type": "Box",
            "collider2origin": [
                [
                    0.8404842512412337,
                    -0.5418359746412772,
                    0.0,
                    0.011439976095501792
                ],
                [
                    0.5418359746412771,
                    0.8404842512412338,
                    0.0,
                    1.4325762997644957
                ],
                [
                    0.0,
                    0.0,
                    1.0,
                    -0.21500000000000008
                ],
                [
                    0.0,
                    0.0,
                    0.0,
                    1.0
                ]
            ],
            "size": [
                0.2,
                0.3,
                0.22
            ]
        },
        "collider2": {
            "type": "Box",
            "collider2origin": [
                [
                    0.14889317613531508,
                    0.8998875100486007,
                    -0.40991863992610483,
                    0.3340896005256018
                ],
                [
                    -0.30721864734370785,
                    0.43612208067544245,
                    0.845821632184721,
                    1.1298721848972526
                ],
                [
                    0.9399188926841722,
                    -2.419180868930864e-06,
                    0.34139782537313706,
                    -0.00038449156106490356
                ],
                [
                    0.0,
                    0.0,
                    0.0,
                    1.0
                ]
            ],
            "size": [
                0.15068,
                0.17726,
                0.74884
            ]
        },
        "distance": 0.11523942093609787
    }
]