[
    {
        "case": 0,
        "collider1": {
            "type": "Box",
            "collider2origin": [
                [
                    0.9077781725128689,
                    0.4194505805326724,
                    0.0,
                    0.4158817547107895
                ],
                [
                    -0.4194505805326724,
                    0.9077781725128689,
                    0.0,
                    0.733173894971941
                ],
                [
                    0.0,
                    0.0,
                    1.0,
                    -0.6599999999999999
                ],
                [
                    0.0,
                    0.0,
                    0.0,
                    1.0
                ]
            ],
            "size": [
                0.6,
                1.0,
                0.8
            ]
        },
        "collider2": {
            "type": "Box",
            "collider2origin": [
                [
                    0.059822371680045526,
                    0.9649517403063033,
                    -0.2555179499103946,
                    0.435192625751437
                ],
                [
                    0.21998500948073937,
                    -0.2624273973111247,
                    -0.9395416205492272,
                    1.1134416310155681
                ],
                [
                    -0.9736672324004404,
                    -4.510600169077004e-06,
                    -0.22797394704071114,
                    -0.13082966244699823
                ],
                [
                    0.0,
                    0.0,
                    0.0,
                    1.0
                ]
            ],
            "size": [
                0.1202,
                0.13634,
                0.67816
            ]
        },
        "distance": 0.0
    },
    {
        "case": 1,
        "collider1": {
            "type": "Box",
            "collider2origin": [
                [
                    0.9077781725128689,
                    0.4194505805326724,
                    0.0,
                    0.27063700059322826
                ],
                [
                    -0.4194505805326724,
                    0.9077781725128689,
                    0.0,
                    0.8002854543438492
                ],
                [
                    0.0,
                    0.0,
                    1.0,
                    -0.25
                ],
                [
                    0.0,
                    0.0,
                    0.0,
                    1.0
                ]
            ],
            "size": [
                0.2,
                0.2,
                0.02
            ]
        },
        "collider2": {
            "type": "Box",
            "collider2origin": [
                [
                    0.059822371680045526,
                    0.9649517403063033,
                    -0.2555179499103946,
                    0.435192625751437
                ],
                [
                    0.21998500948073937,
                    -0.2624273973111247,
                    -0.9395416205492272,
                    1.1134416310155681
                ],
                [
                    -0.9736672324004404,
                    -4.510600169077004e-06,
                    -0.22797394704071114,
                    -0.13082966244699823
                ],
                [
                    0.0,
                    0.0,
                    0.0,
                    1.0
                ]
            ],
            "size": [
                0.1202,
                0.13634,
                0.67816
            ]
        },
        "distance": 0.0
    },
    {
        "case": 2,
        "collider1": {
            "type": "Box",
            "collider2origin": [
                [
                    0.718022042059392,
                    -0.6960203640101781,
                    0.0,
                    0.13748258467077087
                ],
                [
                    0.6960203640101781,
                    0.718022042059392,
                    0.0,
                    1.5384737068316263
                ],
                [
                    0.0,
                    0.0,
                    1.0,
                    -0.21500000000000008
                ],
                [
                    0.0,
                    0.0,
                    0.0,
                    1.0
                ]
            ],
            "size": [
                0.2,
                0.3,
                0.22
            ]
        },
        "collider2": {
            "type": "Box",
            "collider2origin": [
                [
                    0.059822371680045526,
                    0.9649517403063033,
                    -0.2555179499103946,
                    0.435192625751437
                ],
                [
                    0.21998500948073937,
                    -0.2624273973111247,
                    -0.9395416205492272,
                    1.1134416310155681
                ],
                [
                    -0.9736672324004404,
                    -4.510600169077004e-06,
                    -0.22797394704071114,
                    -0.13082966244699823
                ],
                [
                    0.0,
                    0.0,
                    0.0,
                    1.0
                ]
            ],
            "size": [
                0.1202,
                0.13634,
                0.67816
            ]
        },
        "distance": 0.15061757767214254
    },
    {
        "case": 3,
        "collider1": {
            "type": "Box",
            "collider2origin": [
                [
                    0.9077781725128689,
                    0.4194505805326724,
                    0.0,
                    0.4158817547107895
                ],
                [
                    -0.4194505805326724,
                    0.9077781725128689,
                    0.0,
                    0.733173894971941
                ],
                [
                    0.0,
                    0.0,
                    1.0,
                    -0.6599999999999999
                ],
                [
                    0.0,
                    0.0,
                    0.0,
                    1.0
                ]
            ],
            "size": [
                0.6,
                1.0,
                0.8
            ]
        },
        "collider2": {
            "type": "Box",
            "collider2origin": [
                [
                    -0.21927655710688515,
                    0.9649532084180197,
                    0.14416343873229595,
                    0.468870026623429
                ],
                [
                    -0.8063041584758102,
                    -0.26242199900809526,
                    0.5301021585140083,
                    0.8114011129488864
                ],
                [
                    0.5493554364234204,
                    -6.039161428842889e-07,
                    0.835588777133626,
                    -0.19539284466128737
                ],
                [
                    0.0,
                    0.0,
                    0.0,
                    1.0
                ]
            ],
            "size": [
                0.09102,
                0.10007,
                0.11882
            ]
        },
        "distance": 0.0
    },
    {
        "case": 4,
        "collider1": {
            "type": "Box",
            "collider2origin": [
                [
                    0.9077781725128689,
                    0.4194505805326724,
                    0.0,
                    0.27063700059322826
                ],
                [
                    -0.4194505805326724,
                    0.9077781725128689,
                    0.0,
                    0.8002854543438492
                ],
                [
                    0.0,
                    0.0,
                    1.0,
                    -0.25
                ],
                [
                    0.0,
                    0.0,
                    0.0,
                    1.0
                ]
            ],
            "size": [
                0.2,
                0.2,
                0.02
            ]
        },
        "collider2": {
            "type": "Box",
            "collider2origin": [
                [
                    -0.21927655710688515,
                    0.9649532084180197,
                    0.14416343873229595,
                    0.468870026623429
                ],
                [
                    -0.8063041584758102,
                    -0.26242199900809526,
                    0.5301021585140083,
                    0.8114011129488864
                ],
                [
                    0.5493554364234204,
                    -6.039161428842889e-07,
                    0.835588777133626,
                    -0.19539284466128737
                ],
                [
                    0.0,
                    0.0,
                    0.0,
                    1.0
                ]
            ],
            "size": [
                0.09102,
                0.10007,
                0.11882
            ]
        },
        "distance": 0.023076994671426494
    }
]