[
    {
        "case": 0,
        "collider1": {
            "type": "Box",
            "collider2origin": [
                [
                    0.907778172512869,
                    0.4194505805326725,
                    0.0,
                    -0.7418785952877999
                ],
                [
                    -0.4194505805326725,
                    0.907778172512869,
                    0.0,
                    1.2791466490804724
                ],
                [
                    0.0,
                    0.0,
                    1.0,
                    0.27
                ],
                [
                    0.0,
                    0.0,
                    0.0,
                    1.0
                ]
            ],
            "size": [
                0.52,
                1.16,
                0.6
            ]
        },
        "collider2": {
            "type": "Box",
            "collider2origin": [
                [
                    -0.8548886857780582,
                    -0.4923053487453696,
                    0.16370943322046116,
                    -0.1426783491958687
                ],
                [
                    0.4835194727787614,
                    -0.8704225661118258,
                    -0.0925930658691727,
                    0.9949985550552339
                ],
                [
                    0.18808044654459236,
                    -6.555339100136181e-08,
                    0.9821536262864288,
                    0.47143738164347426
                ],
                [
                    0.0,
                    0.0,
                    0.0,
                    1.0
                ]
            ],
            "size": [
                0.1202,
                0.13634,
                0.67816
            ]
        },
        "distance": 0.275160191121362
    },
    {
        "case": 1,
        "collider1": {
            "type": "Box",
            "collider2origin": [
                [
                    0.907778172512869,
                    0.4194505805326725,
                    0.0,
                    -1.612083837096907
                ],
                [
                    -0.4194505805326725,
                    0.907778172512869,
                    0.0,
                    -0.24654756573714753
                ],
                [
                    0.0,
                    0.0,
                    1.0,
                    -0.040000000000000036
                ],
                [
                    0.0,
                    0.0,
                    0.0,
                    1.0
                ]
            ],
            "size": [
                2.0,
                2.0,
                2.0
            ]
        },
        "collider2": {
            "type": "Box",
            "collider2origin": [
                [
                    -0.42492153806767236,
                    -0.49230874044765555,
                    -0.7596537306990908,
                    -0.013758928898397527
                ],
                [
                    0.2403369319211097,
                    -0.870420647776297,
                    0.4296580676298764,
                    0.7769363074264869
                ],
                [
                    -0.8727427144588211,
                    -1.8800181733088326e-06,
                    0.4881804526560991,
                    0.04382516207602305
                ],
                [
                    0.0,
                    0.0,
                    0.0,
                    1.0
                ]
            ],
            "size": [
                0.15068,
                0.17726,
                0.74884
            ]
        },
        "distance": 0.510643950233632
    },
    {
        "case": 2,
        "collider1": {
            "type": "Box",
            "collider2origin": [
                [
                    0.907778172512869,
                    0.4194505805326725,
                    0.0,
                    -0.7418785952877999
                ],
                [
                    -0.4194505805326725,
                    0.907778172512869,
                    0.0,
                    1.2791466490804724
                ],
                [
                    0.0,
                    0.0,
                    1.0,
                    0.27
                ],
                [
                    0.0,
                    0.0,
                    0.0,
                    1.0
                ]
            ],
            "size": [
                0.52,
                1.16,
                0.6
            ]
        },
        "collider2": {
            "type": "Box",
            "collider2origin": [
                [
                    -0.42492153806767236,
                    -0.49230874044765555,
                    -0.7596537306990908,
                    -0.013758928898397527
                ],
                [
                    0.2403369319211097,
                    -0.870420647776297,
                    0.4296580676298764,
                    0.7769363074264869
                ],
                [
                    -0.8727427144588211,
                    -1.8800181733088326e-06,
                    0.4881804526560991,
                    0.04382516207602305
                ],
                [
                    0.0,
                    0.0,
                    0.0,
                    1.0
                ]
            ],
            "size": [
                0.15068,
                0.17726,
                0.74884
            ]
        },
        "distance": 0.24203960237633895
    },
    {
        "case": 3,
        "collider1": {
            "type": "Box",
            "collider2origin": [
                [
                    0.907778172512869,
                    0.4194505805326725,
                    0.0,
                    -1.612083837096907
                ],
                [
                    -0.4194505805326725,
                    0.907778172512869,
                    0.0,
                    -0.24654756573714753
                ],
                [
                    0.0,
                    0.0,
                    1.0,
                    -0.040000000000000036
                ],
                [
                    0.0,
                    0.0,
                    0.0,
                    1.0
                ]
            ],
            "size": [
                2.0,
                2.0,
                2.0
            ]
        },
        "collider2": {
            "type": "Box",
            "collider2origin": [
                [
                    -0.42492153806767236,
                    -0.49230874044765555,
                    -0.7596537306990908,
                    -0.013758928898397527
                ],
                [
                    0.2403369319211097,
                    -0.870420647776297,
                    0.4296580676298764,
                    0.7769363074264869
                ],
                [
                    -0.8727427144588211,
                    -1.8800181733088326e-06,
                    0.4881804526560991,
                    0.04382516207602305
                ],
                [
                    0.0,
                    0.0,
                    0.0,
                    1.0
                ]
            ],
            "size": [
                0.15068,
                0.17726,
                0.74884
            ]
        },
        "distance": 0.510643950233632
    },
    {
        "case": 4,
        "collider1": {
            "type": "Box",
            "collider2origin": [
                [
                    0.907778172512869,
                    0.4194505805326725,
                    0.0,
                    -0.7418785952877999
                ],
                [
                    -0.4194505805326725,
                    0.907778172512869,
                    0.0,
                    1.2791466490804724
                ],
                [
                    0.0,
                    0.0,
                    1.0,
                    0.27
                ],
                [
                    0.0,
                    0.0,
                    0.0,
                    1.0
                ]
            ],
            "size": [
                0.52,
                1.16,
                0.6
            ]
        },
        "collider2": {
            "type": "Box",
            "collider2origin": [
                [
                    -0.42492153806767236,
                    -0.49230874044765555,
                    -0.7596537306990908,
                    -0.013758928898397527
                ],
                [
                    0.2403369319211097,
                    -0.870420647776297,
                    0.4296580676298764,
                    0.7769363074264869
                ],
                [
                    -0.8727427144588211,
                    -1.8800181733088326e-06,
                    0.4881804526560991,
                    0.04382516207602305
                ],
                [
                    0.0,
                    0.0,
                    0.0,
                    1.0
                ]
            ],
            "size": [
                0.15068,
                0.17726,
                0.74884
            ]
        },
        "distance": 0.24203960237633895
    }
]