[
    {
        "case": 0,
        "collider1": {
            "type": "Box",
            "collider2origin": [
                [
                    0.718022042059392,
                    -0.6960203640101781,
                    0.0,
                    0.13748258467077087
                ],
                [
                    0.6960203640101781,
                    0.718022042059392,
                    0.0,
                    1.5384737068316263
                ],
                [
                    0.0,
                    0.0,
                    1.0,
                    -0.21500000000000008
                ],
                [
                    0.0,
                    0.0,
                    0.0,
                    1.0
                ]
            ],
            "size": [
                0.2,
                0.3,
                0.22
            ]
        },
        "collider2": {
            "type": "Box",
            "collider2origin": [
                [
                    0.08608369449199728,
                    -0.983129964709264,
                    0.16138485069352004,
                    0.17680540943363177
                ],
                [
                    0.4626892853359573,
                    0.1829083718340422,
                    0.8674463399820883,
                    1.092086592425098
                ],
                [
                    -0.8823311298928024,
                    -1.944487784328418e-06,
                    0.47062912916468463,
                    0.03856123983839144
                ],
                [
                    0.0,
                    0.0,
                    0.0,
                    1.0
                ]
            ],
            "size": [
                0.15068,
                0.17726,
                0.74884
            ]
        },
        "distance": 0.175251151210838
    },
    {
        "case": 1,
        "collider1": {
            "type": "Box",
            "collider2origin": [
                [
                    0.8404842512412337,
                    -0.5418359746412772,
                    0.0,
                    0.011439976095501792
                ],
                [
                    0.5418359746412771,
                    0.8404842512412338,
                    0.0,
                    1.4325762997644957
                ],
                [
                    0.0,
                    0.0,
                    1.0,
                    -0.21500000000000008
                ],
                [
                    0.0,
                    0.0,
                    0.0,
                    1.0
                ]
            ],
            "size": [
                0.2,
                0.3,
                0.22
            ]
        },
        "collider2": {
            "type": "Box",
            "collider2origin": [
                [
                    0.08608369449199728,
                    -0.983129964709264,
                    0.16138485069352004,
                    0.17680540943363177
                ],
                [
                    0.4626892853359573,
                    0.1829083718340422,
                    0.8674463399820883,
                    1.092086592425098
                ],
                [
                    -0.8823311298928024,
                    -1.944487784328418e-06,
                    0.47062912916468463,
                    0.03856123983839144
                ],
                [
                    0.0,
                    0.0,
                    0.0,
                    1.0
                ]
            ],
            "size": [
                0.15068,
                0.17726,
                0.74884
            ]
        },
        "distance": 0.14446057519350264
    },
    {
        "case": 2,
        "collider1": {
            "type": "Box",
            "collider2origin": [
                [
                    0.9081427509232697,
                    -0.4186606548811531,
                    0.0,
                    -0.09474126814702305
                ],
                [
                    0.41866065488115317,
                    0.9081427509232698,
                    0.0,
                    1.368923948110301
                ],
                [
                    0.0,
                    0.0,
                    1.0,
                    -0.21500000000000008
                ],
                [
                    0.0,
                    0.0,
                    0.0,
                    1.0
                ]
            ],
            "size": [
                0.2,
                0.3,
                0.22
            ]
        },
        "collider2": {
            "type": "Box",
            "collider2origin": [
                [
                    0.08608369449199728,
                    -0.983129964709264,
                    0.16138485069352004,
                    0.17680540943363177
                ],
                [
                    0.4626892853359573,
                    0.1829083718340422,
                    0.8674463399820883,
                    1.092086592425098
                ],
                [
                    -0.8823311298928024,
                    -1.944487784328418e-06,
                    0.47062912916468463,
                    0.03856123983839144
                ],
                [
                    0.0,
                    0.0,
                    0.0,
                    1.0
                ]
            ],
            "size": [
                0.15068,
                0.17726,
                0.74884
            ]
        },
        "distance": 0.13950288301611782
    },
    {
        "case": 3,
        "collider1": {
            "type": "Box",
            "collider2origin": [
                [
                    0.718022042059392,
                    -0.6960203640101781,
                    0.0,
                    0.13748258467077087
                ],
                [
                    0.6960203640101781,
                    0.718022042059392,
                    0.0,
                    1.5384737068316263
                ],
                [
                    0.0,
                    0.0,
                    1.0,
                    -0.21500000000000008
                ],
                [
                    0.0,
                    0.0,
                    0.0,
                    1.0
                ]
            ],
            "size": [
                0.2,
                0.3,
                0.22
            ]
        },
        "collider2": {
            "type": "Box",
            "collider2origin": [
                [
                    0.08608369449199728,
                    -0.983129964709264,
                    0.16138485069352004,
                    0.17680540943363177
                ],
                [
                    0.4626892853359573,
                    0.1829083718340422,
                    0.8674463399820883,
                    1.092086592425098
                ],
                [
                    -0.8823311298928024,
                    -1.944487784328418e-06,
                    0.47062912916468463,
                    0.03856123983839144
                ],
                [
                    0.0,
                    0.0,
                    0.0,
                    1.0
                ]
            ],
            "size": [
                0.15068,
                0.17726,
                0.74884
            ]
        },
        "distance": 0.175251151210838
    },
    {
        "case": 4,
        "collider1": {
            "type": "Box",
            "collider2origin": [
                [
                    0.8404842512412337,
                    -0.5418359746412772,
                    0.0,
                    0.011439976095501792
                ],
                [
                    0.5418359746412771,
                    0.8404842512412338,
                    0.0,
                    1.4325762997644957
                ],
                [
                    0.0,
                    0.0,
                    1.0,
                    -0.21500000000000008
                ],
                [
                    0.0,
                    0.0,
                    0.0,
                    1.0
                ]
            ],
            "size": [
                0.2,
                0.3,
                0.22
            ]
        },
        "collider2": {
            "type": "Box",
            "collider2origin": [
                [
                    0.08608369449199728,
                    -0.983129964709264,
                    0.16138485069352004,
                    0.17680540943363177
                ],
                [
                    0.4626892853359573,
                    0.1829083718340422,
                    0.8674463399820883,
                    1.092086592425098
                ],
                [
                    -0.8823311298928024,
                    -1.944487784328418e-06,
                    0.47062912916468463,
                    0.03856123983839144
                ],
                [
                    0.0,
                    0.0,
                    0.0,
                    1.0
                ]
            ],
            "size": [
                0.15068,
                0.17726,
                0.74884
            ]
        },
        "distance": 0.14446057519350264
    },
    {
        "case": 5,
        "collider1": {
            "type": "Box",
            "collider2origin": [
                [
                    0.9081427509232697,
                    -0.4186606548811531,
                    0.0,
                    -0.09474126814702305
                ],
                [
                    0.41866065488115317,
                    0.9081427509232698,
                    0.0,
                    1.368923948110301
                ],
                [
                    0.0,
                    0.0,
                    1.0,
                    -0.21500000000000008
                ],
                [
                    0.0,
                    0.0,
                    0.0,
                    1.0
                ]
            ],
            "size": [
                0.2,
                0.3,
                0.22
            ]
        },
        "collider2": {
            "type": "Box",
            "collider2origin": [
                [
                    0.08608369449199728,
                    -0.983129964709264,
                    0.16138485069352004,
                    0.17680540943363177
                ],
                [
                    0.4626892853359573,
                    0.1829083718340422,
                    0.8674463399820883,
                    1.092086592425098
                ],
                [
                    -0.8823311298928024,
                    -1.944487784328418e-06,
                    0.47062912916468463,
                    0.03856123983839144
                ],
                [
                    0.0,
                    0.0,
                    0.0,
                    1.0
                ]
            ],
            "size": [
                0.15068,
                0.17726,
                0.74884
            ]
        },
        "distance": 0.13950288301611782
    }
]