[
    {
        "case": 0,
        "collider1": {
            "type": "Box",
            "collider2origin": [
                [
                    0.8404842512412337,
                    -0.5418359746412772,
                    0.0,
                    0.011439976095501792
                ],
                [
                    0.5418359746412771,
                    0.8404842512412338,
                    0.0,
                    1.4325762997644957
                ],
                [
                    0.0,
                    0.0,
                    1.0,
                    -0.21500000000000008
                ],
                [
                    0.0,
                    0.0,
                    0.0,
                    1.0
                ]
            ],
            "size": [
                0.2,
                0.3,
                0.22
            ]
        },
        "collider2": {
            "type": "Box",
            "collider2origin": [
                [
                    0.6719138527797719,
                    -0.47666166226261947,
                    0.5668557437052918,
                    0.38677585144480686
                ],
                [
                    0.3643269399443824,
                    0.8790868328716378,
                    0.30736333727768383,
                    1.0456003365091993
                ],
                [
                    -0.6448237396943488,
                    -8.656594509613803e-07,
                    0.7643313056036926,
                    0.12663959277149894
                ],
                [
                    0.0,
                    0.0,
                    0.0,
                    1.0
                ]
            ],
            "size": [
                0.15068,
                0.17726,
                0.74884
            ]
        },
        "distance": 0.2733248104219843
    },
    {
        "case": 1,
        "collider1": {
            "type": "Box",
            "collider2origin": [
                [
                    0.8404842512412337,
                    -0.5418359746412772,
                    0.0,
                    0.011439976095501792
                ],
                [
                    0.5418359746412771,
                    0.8404842512412338,
                    0.0,
                    1.4325762997644957
                ],
                [
                    0.0,
                    0.0,
                    1.0,
                    -0.21500000000000008
                ],
                [
                    0.0,
                    0.0,
                    0.0,
                    1.0
                ]
            ],
            "size": [
                0.2,
                0.3,
                0.22
            ]
        },
        "collider2": {
            "type": "Box",
            "collider2origin": [
                [
                    0.6719138527797719,
                    -0.47666166226261947,
                    0.5668557437052918,
                    0.38677585144480686
                ],
                [
                    0.3643269399443824,
                    0.8790868328716378,
                    0.30736333727768383,
                    1.0456003365091993
                ],
                [
                    -0.6448237396943488,
                    -8.656594509613803e-07,
                    0.7643313056036926,
                    0.12663959277149894
                ],
                [
                    0.0,
                    0.0,
                    0.0,
                    1.0
                ]
            ],
            "size": [
                0.15068,
                0.17726,
                0.74884
            ]
        },
        "distance": 0.2733248104219843
    }
]