[
    {
        "case": 0,
        "collider1": {
            "type": "Box",
            "collider2origin": [
                [
                    1.0,
                    0.0,
                    0.0,
                    -0.26
                ],
                [
                    0.0,
                    1.0,
                    0.0,
                    -0.4608599999999999
                ],
                [
                    0.0,
                    0.0,
                    1.0,
                    -1.143
                ],
                [
                    0.0,
                    0.0,
                    0.0,
                    1.0
                ]
            ],
            "size": [
                1.48,
                0.272,
                0.945
            ]
        },
        "collider2": {
            "type": "Box",
            "collider2origin": [
                [
                    -0.6511250697181681,
                    0.7578299334184462,
                    -0.041592494509277586,
                    0.2653399972917494
                ],
                [
                    0.7563394375386487,
                    0.6524519276846431,
                    0.0475093389168254,
                    -0.4065936948255223
                ],
                [
                    0.06314110236788323,
                    -0.0005235222884943331,
                    -0.9980044724930753,
                    -1.078082920777652
                ],
                [
                    0.0,
                    0.0,
                    0.0,
                    1.0
                ]
            ],
            "size": [
                0.09126,
                0.11887,
                0.10009
            ]
        },
        "distance": 0.0
    },
    {
        "case": 1,
        "collider1": {
            "type": "Box",
            "collider2origin": [
                [
                    1.0,
                    0.0,
                    0.0,
                    -0.26
                ],
                [
                    0.0,
                    1.0,
                    0.0,
                    -0.4608599999999999
                ],
                [
                    0.0,
                    0.0,
                    1.0,
                    -1.143
                ],
                [
                    0.0,
                    0.0,
                    0.0,
                    1.0
                ]
            ],
            "size": [
                1.48,
                0.272,
                0.945
            ]
        },
        "collider2": {
            "type": "Box",
            "collider2origin": [
                [
                    0.5535524151636249,
                    0.7578288176091752,
                    -0.3453624282802016,
                    0.3214793575881495
                ],
                [
                    -0.6425352262834034,
                    0.6524532291127387,
                    0.4018124771647784,
                    -0.3573420217642116
                ],
                [
                    0.5298379060160318,
                    -0.0005167411726369154,
                    0.8480987715632575,
                    -1.0810635527828176
                ],
                [
                    0.0,
                    0.0,
                    0.0,
                    1.0
                ]
            ],
            "size": [
                0.08993,
                0.0305,
                0.09007
            ]
        },
        "distance": 0.0
    },
    {
        "case": 2,
        "collider1": {
            "type": "Box",
            "collider2origin": [
                [
                    1.0,
                    0.0,
                    0.0,
                    -0.26
                ],
                [
                    0.0,
                    1.0,
                    0.0,
                    -0.4608599999999999
                ],
                [
                    0.0,
                    0.0,
                    1.0,
                    -1.143
                ],
                [
                    0.0,
                    0.0,
                    0.0,
                    1.0
                ]
            ],
            "size": [
                1.48,
                0.272,
                0.945
            ]
        },
        "collider2": {
            "type": "Box",
            "collider2origin": [
                [
                    0.6574733216753358,
                    -0.7523289810220634,
                    -0.041592494509277586,
                    0.2711468668104745
                ],
                [
                    -0.7508273825955234,
                    -0.6587876017810609,
                    0.0475093389168254,
                    -0.41046353963498206
                ],
                [
                    -0.06314327224618606,
                    -7.339080224920355e-06,
                    -0.9980044724930753,
                    -0.9689405146814161
                ],
                [
                    0.0,
                    0.0,
                    0.0,
                    1.0
                ]
            ],
            "size": [
                0.09102,
                0.10007,
                0.11882
            ]
        },
        "distance": 0.0
    },
    {
        "case": 3,
        "collider1": {
            "type": "Box",
            "collider2origin": [
                [
                    1.0,
                    0.0,
                    0.0,
                    -0.26
                ],
                [
                    0.0,
                    1.0,
                    0.0,
                    -0.4608599999999999
                ],
                [
                    0.0,
                    0.0,
                    1.0,
                    -1.143
                ],
                [
                    0.0,
                    0.0,
                    0.0,
                    1.0
                ]
            ],
            "size": [
                1.48,
                0.272,
                0.945
            ]
        },
        "collider2": {
            "type": "Box",
            "collider2origin": [
                [
                    -0.3614137875806211,
                    0.8916081653043852,
                    -0.27279104404136356,
                    0.38786241642686414
                ],
                [
                    0.5730545055809351,
                    0.4431938013475762,
                    0.6893386599346324,
                    -0.30632747766830826
                ],
                [
                    0.7355192776399672,
                    0.09281235914269446,
                    -0.6711164267177099,
                    -1.0778117351492558
                ],
                [
                    0.0,
                    0.0,
                    0.0,
                    1.0
                ]
            ],
            "size": [
                0.06241,
                0.05638,
                0.02858
            ]
        },
        "distance": 0.0
    },
    {
        "case": 4,
        "collider1": {
            "type": "Box",
            "collider2origin": [
                [
                    1.0,
                    0.0,
                    0.0,
                    0.5199999999999999
                ],
                [
                    0.0,
                    1.0,
                    0.0,
                    -0.43085999999999997
                ],
                [
                    0.0,
                    0.0,
                    1.0,
                    -0.80301
                ],
                [
                    0.0,
                    0.0,
                    0.0,
                    1.0
                ]
            ],
            "size": [
                0.2,
                0.08,
                0.04
            ]
        },
        "collider2": {
            "type": "Box",
            "collider2origin": [
                [
                    0.5434248190248434,
                    -0.752330196180314,
                    -0.37240937418801134,
                    0.4641385676194386
                ],
                [
                    -0.6205823720110923,
                    -0.6587862140864498,
                    0.4252978293839844,
                    -0.46121450285534116
                ],
                [
                    -0.5653025611271387,
                    -6.7031718879257924e-06,
                    -0.8248836368471403,
                    -0.72553594168847
                ],
                [
                    0.0,
                    0.0,
                    0.0,
                    1.0
                ]
            ],
            "size": [
                0.1202,
                0.13634,
                0.67816
            ]
        },
        "distance": 0.0
    },
    {
        "case": 5,
        "collider1": {
            "type": "Cylinder",
            "collider2origin": [
                [
                    1.0,
                    0.0,
                    0.0,
                    0.4849999999999999
                ],
                [
                    0.0,
                    -3.673205103346574e-06,
                    -0.9999999999932537,
                    -0.46086
                ],
                [
                    0.0,
                    0.9999999999932537,
                    -3.673205103346574e-06,
                    -0.70001
                ],
                [
                    0.0,
                    0.0,
                    0.0,
                    1.0
                ]
            ],
            "radius": 0.026,
            "height": 0.272
        },
        "collider2": {
            "type": "Box",
            "collider2origin": [
                [
                    0.5434248190248434,
                    -0.752330196180314,
                    -0.37240937418801134,
                    0.4641385676194386
                ],
                [
                    -0.6205823720110923,
                    -0.6587862140864498,
                    0.4252978293839844,
                    -0.46121450285534116
                ],
                [
                    -0.5653025611271387,
                    -6.7031718879257924e-06,
                    -0.8248836368471403,
                    -0.72553594168847
                ],
                [
                    0.0,
                    0.0,
                    0.0,
                    1.0
                ]
            ],
            "size": [
                0.1202,
                0.13634,
                0.67816
            ]
        },
        "distance": 0.0
    },
    {
        "case": 6,
        "collider1": {
            "type": "Box",
            "collider2origin": [
                [
                    1.0,
                    0.0,
                    0.0,
                    0.246
                ],
                [
                    0.0,
                    1.0,
                    0.0,
                    -0.24786000000000002
                ],
                [
                    0.0,
                    0.0,
                    1.0,
                    -0.71801
                ],
                [
                    0.0,
                    0.0,
                    0.0,
                    1.0
                ]
            ],
            "size": [
                0.12,
                0.16,
                0.08
            ]
        },
        "collider2": {
            "type": "Box",
            "collider2origin": [
                [
                    0.5434248190248434,
                    -0.752330196180314,
                    -0.37240937418801134,
                    0.4641385676194386
                ],
                [
                    -0.6205823720110923,
                    -0.6587862140864498,
                    0.4252978293839844,
                    -0.46121450285534116
                ],
                [
                    -0.5653025611271387,
                    -6.7031718879257924e-06,
                    -0.8248836368471403,
                    -0.72553594168847
                ],
                [
                    0.0,
                    0.0,
                    0.0,
                    1.0
                ]
            ],
            "size": [
                0.1202,
                0.13634,
                0.67816
            ]
        },
        "distance": 0.09023620785606896
    },
    {
        "case": 7,
        "collider1": {
            "type": "Box",
            "collider2origin": [
                [
                    1.0,
                    0.0,
                    0.0,
                    -0.26
                ],
                [
                    0.0,
                    1.0,
                    0.0,
                    -0.4608599999999999
                ],
                [
                    0.0,
                    0.0,
                    1.0,
                    -1.143
                ],
                [
                    0.0,
                    0.0,
                    0.0,
                    1.0
                ]
            ],
            "size": [
                1.48,
                0.272,
                0.945
            ]
        },
        "collider2": {
            "type": "Box",
            "collider2origin": [
                [
                    0.5434248190248434,
                    -0.752330196180314,
                    -0.37240937418801134,
                    0.4641385676194386
                ],
                [
                    -0.6205823720110923,
                    -0.6587862140864498,
                    0.4252978293839844,
                    -0.46121450285534116
                ],
                [
                    -0.5653025611271387,
                    -6.7031718879257924e-06,
                    -0.8248836368471403,
                    -0.72553594168847
                ],
                [
                    0.0,
                    0.0,
                    0.0,
                    1.0
                ]
            ],
            "size": [
                0.1202,
                0.13634,
                0.67816
            ]
        },
        "distance": 0.0
    }
]