[
    {
        "case": 0,
        "collider1": {
            "type": "Box",
            "collider2origin": [
                [
                    1.0,
                    0.0,
                    0.0,
                    1.2009999999999998
                ],
                [
                    0.0,
                    1.0,
                    0.0,
                    0.02914
                ],
                [
                    0.0,
                    0.0,
                    1.0,
                    -1.22801
                ],
                [
                    0.0,
                    0.0,
                    0.0,
                    1.0
                ]
            ],
            "size": [
                0.41,
                0.6,
                0.82
            ]
        },
        "collider2": {
            "type": "Sphere",
            "collider2origin": [
                [
                    1.0,
                    0.0,
                    0.0,
                    1.3023146036407276
                ],
                [
                    0.0,
                    1.0,
                    0.0,
                    -0.11906002778391755
                ],
                [
                    0.0,
                    0.0,
                    1.0,
                    -0.8742233957176864
                ],
                [
                    0.0,
                    0.0,
                    0.0,
                    1.0
                ]
            ],
            "radius": 0.00487
        },
        "distance": 0.0
    },
    {
        "case": 1,
        "collider1": {
            "type": "Box",
            "collider2origin": [
                [
                    1.0,
                    0.0,
                    0.0,
                    1.2009999999999998
                ],
                [
                    0.0,
                    1.0,
                    0.0,
                    0.02914
                ],
                [
                    0.0,
                    0.0,
                    1.0,
                    -1.22801
                ],
                [
                    0.0,
                    0.0,
                    0.0,
                    1.0
                ]
            ],
            "size": [
                0.41,
                0.6,
                0.82
            ]
        },
        "collider2": {
            "type": "Cylinder",
            "collider2origin": [
                [
                    -0.682555633493344,
                    -0.05992369094395783,
                    0.7283728155622999,
                    1.314152743402598
                ],
                [
                    0.14195940738322482,
                    -0.9885212618543462,
                    0.05170339947521596,
                    -0.11685927490494552
                ],
                [
                    0.7169137562091433,
                    0.13868981983384043,
                    0.6832274877612533,
                    -0.8629115906564188
                ],
                [
                    0.0,
                    0.0,
                    0.0,
                    1.0
                ]
            ],
            "radius": 0.0076,
            "height": 0.02993
        },
        "distance": 0.0
    },
    {
        "case": 2,
        "collider1": {
            "type": "Box",
            "collider2origin": [
                [
                    1.0,
                    0.0,
                    0.0,
                    1.2009999999999998
                ],
                [
                    0.0,
                    1.0,
                    0.0,
                    0.02914
                ],
                [
                    0.0,
                    0.0,
                    1.0,
                    -1.22801
                ],
                [
                    0.0,
                    0.0,
                    0.0,
                    1.0
                ]
            ],
            "size": [
                0.41,
                0.6,
                0.82
            ]
        },
        "collider2": {
            "type": "Sphere",
            "collider2origin": [
                [
                    1.0,
                    0.0,
                    0.0,
                    1.3250570690518124
                ],
                [
                    0.0,
                    1.0,
                    0.0,
                    -0.1449315453915958
                ],
                [
                    0.0,
                    0.0,
                    1.0,
                    -0.8833751275270859
                ],
                [
                    0.0,
                    0.0,
                    0.0,
                    1.0
                ]
            ],
            "radius": 0.00484
        },
        "distance": 0.0
    },
    {
        "case": 3,
        "collider1": {
            "type": "Box",
            "collider2origin": [
                [
                    1.0,
                    0.0,
                    0.0,
                    1.2009999999999998
                ],
                [
                    0.0,
                    1.0,
                    0.0,
                    0.02914
                ],
                [
                    0.0,
                    0.0,
                    1.0,
                    -1.22801
                ],
                [
                    0.0,
                    0.0,
                    0.0,
                    1.0
                ]
            ],
            "size": [
                0.41,
                0.6,
                0.82
            ]
        },
        "collider2": {
            "type": "Cylinder",
            "collider2origin": [
                [
                    -0.4627016765241823,
                    0.24060945532264658,
                    0.8532375100469096,
                    1.2999554413336487
                ],
                [
                    -0.6728615971452833,
                    -0.7219708162109233,
                    -0.1612929373123067,
                    -0.19832573284503996
                ],
                [
                    0.5772039757562392,
                    -0.6487412662603426,
                    0.4959539694589792,
                    -0.8065631233297595
                ],
                [
                    0.0,
                    0.0,
                    0.0,
                    1.0
                ]
            ],
            "radius": 0.01169,
            "height": 0.05502
        },
        "distance": 0.0
    },
    {
        "case": 4,
        "collider1": {
            "type": "Box",
            "collider2origin": [
                [
                    1.0,
                    0.0,
                    0.0,
                    1.28
                ],
                [
                    0.0,
                    1.0,
                    0.0,
                    -0.23086
                ],
                [
                    0.0,
                    0.0,
                    1.0,
                    -0.67301
                ],
                [
                    0.0,
                    0.0,
                    0.0,
                    1.0
                ]
            ],
            "size": [
                0.06,
                0.06,
                0.33
            ]
        },
        "collider2": {
            "type": "Cylinder",
            "collider2origin": [
                [
                    -0.4627016765241823,
                    0.24060945532264658,
                    0.8532375100469096,
                    1.2999554413336487
                ],
                [
                    -0.6728615971452833,
                    -0.7219708162109233,
                    -0.1612929373123067,
                    -0.19832573284503996
                ],
                [
                    0.5772039757562392,
                    -0.6487412662603426,
                    0.4959539694589792,
                    -0.8065631233297595
                ],
                [
                    0.0,
                    0.0,
                    0.0,
                    1.0
                ]
            ],
            "radius": 0.01169,
            "height": 0.05502
        },
        "distance": 0.0
    },
    {
        "case": 5,
        "collider1": {
            "type": "Box",
            "collider2origin": [
                [
                    1.0,
                    0.0,
                    0.0,
                    1.2009999999999998
                ],
                [
                    0.0,
                    1.0,
                    0.0,
                    0.02914
                ],
                [
                    0.0,
                    0.0,
                    1.0,
                    -1.22801
                ],
                [
                    0.0,
                    0.0,
                    0.0,
                    1.0
                ]
            ],
            "size": [
                0.41,
                0.6,
                0.82
            ]
        },
        "collider2": {
            "type": "Sphere",
            "collider2origin": [
                [
                    1.0,
                    0.0,
                    0.0,
                    1.2808718823167105
                ],
                [
                    0.0,
                    1.0,
                    0.0,
                    -0.19423029358744381
                ],
                [
                    0.0,
                    0.0,
                    1.0,
                    -0.8181202878840251
                ],
                [
                    0.0,
                    0.0,
                    0.0,
                    1.0
                ]
            ],
            "radius": 0.01051
        },
        "distance": 0.0
    },
    {
        "case": 6,
        "collider1": {
            "type": "Box",
            "collider2origin": [
                [
                    1.0,
                    0.0,
                    0.0,
                    1.28
                ],
                [
                    0.0,
                    1.0,
                    0.0,
                    -0.23086
                ],
                [
                    0.0,
                    0.0,
                    1.0,
                    -0.67301
                ],
                [
                    0.0,
                    0.0,
                    0.0,
                    1.0
                ]
            ],
            "size": [
                0.06,
                0.06,
                0.33
            ]
        },
        "collider2": {
            "type": "Sphere",
            "collider2origin": [
                [
                    1.0,
                    0.0,
                    0.0,
                    1.2808718823167105
                ],
                [
                    0.0,
                    1.0,
                    0.0,
                    -0.19423029358744381
                ],
                [
                    0.0,
                    0.0,
                    1.0,
                    -0.8181202878840251
                ],
                [
                    0.0,
                    0.0,
                    0.0,
                    1.0
                ]
            ],
            "radius": 0.01051
        },
        "distance": 0.0
    },
    {
        "case": 7,
        "collider1": {
            "type": "Box",
            "collider2origin": [
                [
                    1.0,
                    0.0,
                    0.0,
                    1.2009999999999998
                ],
                [
                    0.0,
                    1.0,
                    0.0,
                    0.02914
                ],
                [
                    0.0,
                    0.0,
                    1.0,
                    -1.22801
                ],
                [
                    0.0,
                    0.0,
                    0.0,
                    1.0
                ]
            ],
            "size": [
                0.41,
                0.6,
                0.82
            ]
        },
        "collider2": {
            "type": "Sphere",
            "collider2origin": [
                [
                    1.0,
                    0.0,
                    0.0,
                    1.2935199000129252
                ],
                [
                    0.0,
                    1.0,
                    0.0,
                    -0.20524505090911482
                ],
                [
                    0.0,
                    0.0,
                    1.0,
                    -0.8269394734780168
                ],
                [
                    0.0,
                    0.0,
                    0.0,
                    1.0
                ]
            ],
            "radius": 0.00663
        },
        "distance": 0.0
    },
    {
        "case": 8,
        "collider1": {
            "type": "Box",
            "collider2origin": [
                [
                    1.0,
                    0.0,
                    0.0,
                    1.28
                ],
                [
                    0.0,
                    1.0,
                    0.0,
                    -0.23086
                ],
                [
                    0.0,
                    0.0,
                    1.0,
                    -0.67301
                ],
                [
                    0.0,
                    0.0,
                    0.0,
                    1.0
                ]
            ],
            "size": [
                0.06,
                0.06,
                0.33
            ]
        },
        "collider2": {
            "type": "Sphere",
            "collider2origin": [
                [
                    1.0,
                    0.0,
                    0.0,
                    1.2935199000129252
                ],
                [
                    0.0,
                    1.0,
                    0.0,
                    -0.20524505090911482
                ],
                [
                    0.0,
                    0.0,
                    1.0,
                    -0.8269394734780168
                ],
                [
                    0.0,
                    0.0,
                    0.0,
                    1.0
                ]
            ],
            "radius": 0.00663
        },
        "distance": 0.0
    },
    {
        "case": 9,
        "collider1": {
            "type": "Box",
            "collider2origin": [
                [
                    1.0,
                    0.0,
                    0.0,
                    1.2009999999999998
                ],
                [
                    0.0,
                    1.0,
                    0.0,
                    0.02914
                ],
                [
                    0.0,
                    0.0,
                    1.0,
                    -1.22801
                ],
                [
                    0.0,
                    0.0,
                    0.0,
                    1.0
                ]
            ],
            "size": [
                0.41,
                0.6,
                0.82
            ]
        },
        "collider2": {
            "type": "Cylinder",
            "collider2origin": [
                [
                    -0.679512117899988,
                    -0.4360402096453399,
                    0.5900273020797596,
                    1.338654121927739
                ],
                [
                    0.1483101195668911,
                    -0.8692557031233075,
                    -0.4715915934594867,
                    -0.12461810505086646
                ],
                [
                    0.718517494610345,
                    -0.23294518273630654,
                    0.6553389594544347,
                    -0.8381388313201135
                ],
                [
                    0.0,
                    0.0,
                    0.0,
                    1.0
                ]
            ],
            "radius": 0.00783,
            "height": 0.03683
        },
        "distance": 0.0
    },
    {
        "case": 10,
        "collider1": {
            "type": "Box",
            "collider2origin": [
                [
                    1.0,
                    0.0,
                    0.0,
                    1.2009999999999998
                ],
                [
                    0.0,
                    1.0,
                    0.0,
                    0.02914
                ],
                [
                    0.0,
                    0.0,
                    1.0,
                    -1.22801
                ],
                [
                    0.0,
                    0.0,
                    0.0,
                    1.0
                ]
            ],
            "size": [
                0.41,
                0.6,
                0.82
            ]
        },
        "collider2": {
            "type": "Sphere",
            "collider2origin": [
                [
                    1.0,
                    0.0,
                    0.0,
                    1.2798716180148983
                ],
                [
                    0.0,
                    1.0,
                    0.0,
                    -0.16680942605295845
                ],
                [
                    0.0,
                    0.0,
                    1.0,
                    -0.8526054743628654
                ],
                [
                    0.0,
                    0.0,
                    0.0,
                    1.0
                ]
            ],
            "radius": 0.00563
        },
        "distance": 0.0
    },
    {
        "case": 11,
        "collider1": {
            "type": "Box",
            "collider2origin": [
                [
                    1.0,
                    0.0,
                    0.0,
                    1.2009999999999998
                ],
                [
                    0.0,
                    1.0,
                    0.0,
                    0.02914
                ],
                [
                    0.0,
                    0.0,
                    1.0,
                    -1.22801
                ],
                [
                    0.0,
                    0.0,
                    0.0,
                    1.0
                ]
            ],
            "size": [
                0.41,
                0.6,
                0.82
            ]
        },
        "collider2": {
            "type": "Cylinder",
            "collider2origin": [
                [
                    -0.5975389127954837,
                    0.4638770124627245,
                    0.6540377397397249,
                    1.29249713886802
                ],
                [
                    0.018851748419924895,
                    -0.807318474518897,
                    0.5898147948992057,
                    -0.15312245026028792
                ],
                [
                    0.8016182752886204,
                    0.36476704622147227,
                    0.4736593108069966,
                    -0.8435161445284802
                ],
                [
                    0.0,
                    0.0,
                    0.0,
                    1.0
                ]
            ],
            "radius": 0.00813,
            "height": 0.03824
        },
        "distance": 0.0
    },
    {
        "case": 12,
        "collider1": {
            "type": "Box",
            "collider2origin": [
                [
                    1.0,
                    0.0,
                    0.0,
                    1.2009999999999998
                ],
                [
                    0.0,
                    1.0,
                    0.0,
                    0.02914
                ],
                [
                    0.0,
                    0.0,
                    1.0,
                    -1.22801
                ],
                [
                    0.0,
                    0.0,
                    0.0,
                    1.0
                ]
            ],
            "size": [
                0.41,
                0.6,
                0.82
            ]
        },
        "collider2": {
            "type": "Cylinder",
            "collider2origin": [
                [
                    -0.4498460794559755,
                    0.2881169587146877,
                    0.8453562106586113,
                    1.3113315869152296
                ],
                [
                    -0.6426514619442486,
                    -0.761718195268814,
                    -0.08236801234302367,
                    -0.1993479961214979
                ],
                [
                    0.6201915859305153,
                    -0.5803223320684978,
                    0.5278147285208821,
                    -0.7971031873098763
                ],
                [
                    0.0,
                    0.0,
                    0.0,
                    1.0
                ]
            ],
            "radius": 0.01271,
            "height": 0.05982
        },
        "distance": 0.0
    },
    {
        "case": 13,
        "collider1": {
            "type": "Box",
            "collider2origin": [
                [
                    1.0,
                    0.0,
                    0.0,
                    1.28
                ],
                [
                    0.0,
                    1.0,
                    0.0,
                    -0.23086
                ],
                [
                    0.0,
                    0.0,
                    1.0,
                    -0.67301
                ],
                [
                    0.0,
                    0.0,
                    0.0,
                    1.0
                ]
            ],
            "size": [
                0.06,
                0.06,
                0.33
            ]
        },
        "collider2": {
            "type": "Cylinder",
            "collider2origin": [
                [
                    -0.4498460794559755,
                    0.2881169587146877,
                    0.8453562106586113,
                    1.3113315869152296
                ],
                [
                    -0.6426514619442486,
                    -0.761718195268814,
                    -0.08236801234302367,
                    -0.1993479961214979
                ],
                [
                    0.6201915859305153,
                    -0.5803223320684978,
                    0.5278147285208821,
                    -0.7971031873098763
                ],
                [
                    0.0,
                    0.0,
                    0.0,
                    1.0
                ]
            ],
            "radius": 0.01271,
            "height": 0.05982
        },
        "distance": 0.0
    },
    {
        "case": 14,
        "collider1": {
            "type": "Box",
            "collider2origin": [
                [
                    1.0,
                    0.0,
                    0.0,
                    1.2009999999999998
                ],
                [
                    0.0,
                    1.0,
                    0.0,
                    0.02914
                ],
                [
                    0.0,
                    0.0,
                    1.0,
                    -1.22801
                ],
                [
                    0.0,
                    0.0,
                    0.0,
                    1.0
                ]
            ],
            "size": [
                0.41,
                0.6,
                0.82
            ]
        },
        "collider2": {
            "type": "Cylinder",
            "collider2origin": [
                [
                    -0.594395886390311,
                    0.7639786819718627,
                    0.25105796887334825,
                    1.296964689979943
                ],
                [
                    -0.12632384973172744,
                    -0.39702239248564214,
                    0.9090739820575287,
                    -0.18650234744236383
                ],
                [
                    0.7941887780819065,
                    0.508635226225545,
                    0.3324972051179622,
                    -0.8199386814627821
                ],
                [
                    0.0,
                    0.0,
                    0.0,
                    1.0
                ]
            ],
            "radius": 0.00796,
            "height": 0.03037
        },
        "distance": 0.0
    },
    {
        "case": 15,
        "collider1": {
            "type": "Box",
            "collider2origin": [
                [
                    1.0,
                    0.0,
                    0.0,
                    1.28
                ],
                [
                    0.0,
                    1.0,
                    0.0,
                    -0.23086
                ],
                [
                    0.0,
                    0.0,
                    1.0,
                    -0.67301
                ],
                [
                    0.0,
                    0.0,
                    0.0,
                    1.0
                ]
            ],
            "size": [
                0.06,
                0.06,
                0.33
            ]
        },
        "collider2": {
            "type": "Cylinder",
            "collider2origin": [
                [
                    -0.594395886390311,
                    0.7639786819718627,
                    0.25105796887334825,
                    1.296964689979943
                ],
                [
                    -0.12632384973172744,
                    -0.39702239248564214,
                    0.9090739820575287,
                    -0.18650234744236383
                ],
                [
                    0.7941887780819065,
                    0.508635226225545,
                    0.3324972051179622,
                    -0.8199386814627821
                ],
                [
                    0.0,
                    0.0,
                    0.0,
                    1.0
                ]
            ],
            "radius": 0.00796,
            "height": 0.03037
        },
        "distance": 0.0
    },
    {
        "case": 16,
        "collider1": {
            "type": "Box",
            "collider2origin": [
                [
                    1.0,
                    0.0,
                    0.0,
                    1.2009999999999998
                ],
                [
                    0.0,
                    1.0,
                    0.0,
                    0.02914
                ],
                [
                    0.0,
                    0.0,
                    1.0,
                    -1.22801
                ],
                [
                    0.0,
                    0.0,
                    0.0,
                    1.0
                ]
            ],
            "size": [
                0.41,
                0.6,
                0.82
            ]
        },
        "collider2": {
            "type": "Cylinder",
            "collider2origin": [
                [
                    -0.747071558876105,
                    -0.33669413048689056,
                    0.5731676442491347,
                    1.3505606533300862
                ],
                [
                    0.27954157533946977,
                    -0.9414165830392835,
                    -0.18865663210013756,
                    -0.1402310139803713
                ],
                [
                    0.6031091058632374,
                    0.019284181971650435,
                    0.7974255618868322,
                    -0.8526778329652996
                ],
                [
                    0.0,
                    0.0,
                    0.0,
                    1.0
                ]
            ],
            "radius": 0.00783,
            "height": 0.03044
        },
        "distance": 0.0
    },
    {
        "case": 17,
        "collider1": {
            "type": "Box",
            "collider2origin": [
                [
                    1.0,
                    0.0,
                    0.0,
                    1.2009999999999998
                ],
                [
                    0.0,
                    1.0,
                    0.0,
                    0.02914
                ],
                [
                    0.0,
                    0.0,
                    1.0,
                    -1.22801
                ],
                [
                    0.0,
                    0.0,
                    0.0,
                    1.0
                ]
            ],
            "size": [
                0.41,
                0.6,
                0.82
            ]
        },
        "collider2": {
            "type": "Box",
            "collider2origin": [
                [
                    -0.6165418764600573,
                    -0.4934280174884547,
                    -0.6135184643745649,
                    1.3577428347838698
                ],
                [
                    0.064685402020251,
                    0.7448667410341826,
                    -0.6640702800657428,
                    -0.15072751052688327
                ],
                [
                    0.7846603808888213,
                    -0.4491128250880045,
                    -0.4273239485506065,
                    -0.8017859121439401
                ],
                [
                    0.0,
                    0.0,
                    0.0,
                    1.0
                ]
            ],
            "size": [
                0.07264,
                0.04753,
                0.03326
            ]
        },
        "distance": 0.0
    },
    {
        "case": 18,
        "collider1": {
            "type": "Box",
            "collider2origin": [
                [
                    1.0,
                    0.0,
                    0.0,
                    1.2009999999999998
                ],
                [
                    0.0,
                    1.0,
                    0.0,
                    0.02914
                ],
                [
                    0.0,
                    0.0,
                    1.0,
                    -1.22801
                ],
                [
                    0.0,
                    0.0,
                    0.0,
                    1.0
                ]
            ],
            "size": [
                0.41,
                0.6,
                0.82
            ]
        },
        "collider2": {
            "type": "Cylinder",
            "collider2origin": [
                [
                    -0.594395886390311,
                    0.538918473373254,
                    0.5968755392033728,
                    1.3077141234426386
                ],
                [
                    -0.12632384973172744,
                    -0.7955813171976915,
                    0.5925307187943434,
                    -0.1645233743655985
                ],
                [
                    0.7941887780819065,
                    0.2767982058883812,
                    0.5409685184793483,
                    -0.8083931185608747
                ],
                [
                    0.0,
                    0.0,
                    0.0,
                    1.0
                ]
            ],
            "radius": 0.00713,
            "height": 0.01426
        },
        "distance": 0.0
    },
    {
        "case": 19,
        "collider1": {
            "type": "Box",
            "collider2origin": [
                [
                    1.0,
                    0.0,
                    0.0,
                    1.2009999999999998
                ],
                [
                    0.0,
                    1.0,
                    0.0,
                    0.02914
                ],
                [
                    0.0,
                    0.0,
                    1.0,
                    -1.22801
                ],
                [
                    0.0,
                    0.0,
                    0.0,
                    1.0
                ]
            ],
            "size": [
                0.41,
                0.6,
                0.82
            ]
        },
        "collider2": {
            "type": "Cylinder",
            "collider2origin": [
                [
                    -0.7500771680495624,
                    -0.08338863583732634,
                    0.6560720824604095,
                    1.3339167330216757
                ],
                [
                    0.27301691460510097,
                    -0.9425872548791104,
                    0.19233052612358106,
                    -0.1406827758453949
                ],
                [
                    0.6023670030058584,
                    0.32338151207614246,
                    0.7297796868487696,
                    -0.8727090592878338
                ],
                [
                    0.0,
                    0.0,
                    0.0,
                    1.0
                ]
            ],
            "radius": 0.0076,
            "height": 0.02993
        },
        "distance": 0.0
    },
    {
        "case": 20,
        "collider1": {
            "type": "Box",
            "collider2origin": [
                [
                    1.0,
                    0.0,
                    0.0,
                    1.2009999999999998
                ],
                [
                    0.0,
                    1.0,
                    0.0,
                    0.02914
                ],
                [
                    0.0,
                    0.0,
                    1.0,
                    -1.22801
                ],
                [
                    0.0,
                    0.0,
                    0.0,
                    1.0
                ]
            ],
            "size": [
                0.41,
                0.6,
                0.82
            ]
        },
        "collider2": {
            "type": "Cylinder",
            "collider2origin": [
                [
                    -0.5975389127954837,
                    0.07847680440382516,
                    0.797990375171126,
                    1.3146147914455548
                ],
                [
                    0.018851748419924895,
                    -0.993549092155473,
                    0.11182492145557882,
                    -0.14178979515661205
                ],
                [
                    0.8016182752886204,
                    0.0818632557842545,
                    0.5922048193621007,
                    -0.8272958463573431
                ],
                [
                    0.0,
                    0.0,
                    0.0,
                    1.0
                ]
            ],
            "radius": 0.00683,
            "height": 0.01183
        },
        "distance": 0.0
    },
    {
        "case": 21,
        "collider1": {
            "type": "Box",
            "collider2origin": [
                [
                    1.0,
                    0.0,
                    0.0,
                    1.2009999999999998
                ],
                [
                    0.0,
                    1.0,
                    0.0,
                    0.02914
                ],
                [
                    0.0,
                    0.0,
                    1.0,
                    -1.22801
                ],
                [
                    0.0,
                    0.0,
                    0.0,
                    1.0
                ]
            ],
            "size": [
                0.41,
                0.6,
                0.82
            ]
        },
        "collider2": {
            "type": "Cylinder",
            "collider2origin": [
                [
                    -0.5975389127954837,
                    0.07847680440382516,
                    0.797990375171126,
                    1.3276384110435475
                ],
                [
                    0.018851748419924895,
                    -0.993549092155473,
                    0.11182492145557882,
                    -0.13996997042433212
                ],
                [
                    0.8016182752886204,
                    0.0818632557842545,
                    0.5922048193621007,
                    -0.8176306318997866
                ],
                [
                    0.0,
                    0.0,
                    0.0,
                    1.0
                ]
            ],
            "radius": 0.00683,
            "height": 0.01782
        },
        "distance": 0.0
    },
    {
        "case": 22,
        "collider1": {
            "type": "Box",
            "collider2origin": [
                [
                    1.0,
                    0.0,
                    0.0,
                    1.2009999999999998
                ],
                [
                    0.0,
                    1.0,
                    0.0,
                    0.02914
                ],
                [
                    0.0,
                    0.0,
                    1.0,
                    -1.22801
                ],
                [
                    0.0,
                    0.0,
                    0.0,
                    1.0
                ]
            ],
            "size": [
                0.41,
                0.6,
                0.82
            ]
        },
        "collider2": {
            "type": "Box",
            "collider2origin": [
                [
                    -0.7314124280273472,
                    -0.49342881118261545,
                    -0.4707057131818681,
                    1.382702986127891
                ],
                [
                    -0.07589845501986603,
                    0.744863665042636,
                    -0.6628857707213578,
                    -0.190488221333585
                ],
                [
                    0.6776985204740658,
                    -0.4491170546685598,
                    -0.582253026229233,
                    -0.7811347034376832
                ],
                [
                    0.0,
                    0.0,
                    0.0,
                    1.0
                ]
            ],
            "size": [
                0.06241,
                0.05638,
                0.02858
            ]
        },
        "distance": 0.0
    }
]