[
    {
        "case": 0,
        "collider1": {
            "type": "Box",
            "collider2origin": [
                [
                    1.0,
                    0.0,
                    0.0,
                    -0.06
                ],
                [
                    0.0,
                    1.0,
                    0.0,
                    -0.37086
                ],
                [
                    0.0,
                    0.0,
                    1.0,
                    -0.40301
                ],
                [
                    0.0,
                    0.0,
                    0.0,
                    1.0
                ]
            ],
            "size": [
                0.1,
                1.0,
                1.64
            ]
        },
        "collider2": {
            "type": "Box",
            "collider2origin": [
                [
                    0.186478854502239,
                    0.09304426863237301,
                    -0.9780431487916058,
                    0.1759611854879266
                ],
                [
                    -0.01742343956633991,
                    0.9956619727928524,
                    0.09139835714017507,
                    -0.8745797055011266
                ],
                [
                    0.9823044642966918,
                    -2.985246643046274e-06,
                    0.18729105534936097,
                    -0.06601475226010112
                ],
                [
                    0.0,
                    0.0,
                    0.0,
                    1.0
                ]
            ],
            "size": [
                0.1202,
                0.13634,
                0.67816
            ]
        },
        "distance": 0.0
    },
    {
        "case": 1,
        "collider1": {
            "type": "Box",
            "collider2origin": [
                [
                    1.0,
                    0.0,
                    0.0,
                    -0.06
                ],
                [
                    0.0,
                    1.0,
                    0.0,
                    -0.37086
                ],
                [
                    0.0,
                    0.0,
                    1.0,
                    -0.40301
                ],
                [
                    0.0,
                    0.0,
                    0.0,
                    1.0
                ]
            ],
            "size": [
                0.1,
                1.0,
                1.64
            ]
        },
        "collider2": {
            "type": "Box",
            "collider2origin": [
                [
                    -0.9868440428268435,
                    0.09304834683874438,
                    0.13221512881568334,
                    -0.09858720073989313
                ],
                [
                    0.09222333804798968,
                    0.9956615916550581,
                    -0.012363285251191734,
                    -0.7366750933674184
                ],
                [
                    -0.132791908851621,
                    -7.31388008027116e-06,
                    -0.9911439395416033,
                    -0.013813720700414756
                ],
                [
                    0.0,
                    0.0,
                    0.0,
                    1.0
                ]
            ],
            "size": [
                0.09102,
                0.10007,
                0.11882
            ]
        },
        "distance": 0.0
    },
    {
        "case": 2,
        "collider1": {
            "type": "Box",
            "collider2origin": [
                [
                    1.0,
                    0.0,
                    0.0,
                    -0.06
                ],
                [
                    0.0,
                    1.0,
                    0.0,
                    -0.37086
                ],
                [
                    0.0,
                    0.0,
                    1.0,
                    -0.40301
                ],
                [
                    0.0,
                    0.0,
                    0.0,
                    1.0
                ]
            ],
            "size": [
                0.1,
                1.0,
                1.64
            ]
        },
        "collider2": {
            "type": "Box",
            "collider2origin": [
                [
                    0.9174467876170221,
                    0.3974287177069757,
                    -0.018488002406843625,
                    -0.007115334069985657
                ],
                [
                    0.36392509240260834,
                    -0.8570696164558683,
                    -0.36467821386524213,
                    -0.8742227977310719
                ],
                [
                    -0.16077910004400203,
                    0.32784460784032954,
                    -0.9309500491965507,
                    -0.10843483788677055
                ],
                [
                    0.0,
                    0.0,
                    0.0,
                    1.0
                ]
            ],
            "size": [
                0.06241,
                0.05638,
                0.02858
            ]
        },
        "distance": 0.0
    },
    {
        "case": 3,
        "collider1": {
            "type": "Box",
            "collider2origin": [
                [
                    1.0,
                    0.0,
                    0.0,
                    -0.06
                ],
                [
                    0.0,
                    1.0,
                    0.0,
                    -0.37086
                ],
                [
                    0.0,
                    0.0,
                    1.0,
                    -0.40301
                ],
                [
                    0.0,
                    0.0,
                    0.0,
                    1.0
                ]
            ],
            "size": [
                0.1,
                1.0,
                1.64
            ]
        },
        "collider2": {
            "type": "Box",
            "collider2origin": [
                [
                    -0.04374704840037377,
                    0.4703376195410041,
                    0.8814015653496178,
                    -0.04647266133202299
                ],
                [
                    0.060193063031151496,
                    -0.8794024927511185,
                    0.47225845773902914,
                    -0.8012119729115948
                ],
                [
                    0.9972276525042727,
                    0.07371417358704035,
                    0.010160201434839181,
                    -0.12027497209156524
                ],
                [
                    0.0,
                    0.0,
                    0.0,
                    1.0
                ]
            ],
            "size": [
                0.08993,
                0.0305,
                0.09007
            ]
        },
        "distance": 0.0
    },
    {
        "case": 4,
        "collider1": {
            "type": "Box",
            "collider2origin": [
                [
                    1.0,
                    0.0,
                    0.0,
                    -0.06
                ],
                [
                    0.0,
                    1.0,
                    0.0,
                    -0.37086
                ],
                [
                    0.0,
                    0.0,
                    1.0,
                    -0.40301
                ],
                [
                    0.0,
                    0.0,
                    0.0,
                    1.0
                ]
            ],
            "size": [
                0.1,
                1.0,
                1.64
            ]
        },
        "collider2": {
            "type": "Box",
            "collider2origin": [
                [
                    0.8725275193413082,
                    0.47033486762556226,
                    0.1322151288156834,
                    -0.08289692637563384
                ],
                [
                    0.4759151962718841,
                    -0.8794042728661782,
                    -0.01236328525119174,
                    -0.7359211444223672
                ],
                [
                    0.11045566508602774,
                    0.07371049559155969,
                    -0.9911439395416032,
                    -0.12205714603896611
                ],
                [
                    0.0,
                    0.0,
                    0.0,
                    1.0
                ]
            ],
            "size": [
                0.09126,
                0.11887,
                0.10009
            ]
        },
        "distance": 0.0
    }
]