[
    {
        "case": 0,
        "collider1": {
            "type": "Box",
            "collider2origin": [
                [
                    1.0,
                    0.0,
                    0.0,
                    1.2009999999999998
                ],
                [
                    0.0,
                    1.0,
                    0.0,
                    0.02914
                ],
                [
                    0.0,
                    0.0,
                    1.0,
                    -1.22801
                ],
                [
                    0.0,
                    0.0,
                    0.0,
                    1.0
                ]
            ],
            "size": [
                0.41,
                0.6,
                0.82
            ]
        },
        "collider2": {
            "type": "Box",
            "collider2origin": [
                [
                    0.5806270241804465,
                    0.7479583896368543,
                    -0.3216061351454644,
                    1.3774974645258347
                ],
                [
                    -0.7856087345171509,
                    0.41098879961081597,
                    -0.4625009436150609,
                    -0.17148496515981404
                ],
                [
                    -0.21375494156093833,
                    0.5211971354164413,
                    0.8262338476436168,
                    -0.8339861420578325
                ],
                [
                    0.0,
                    0.0,
                    0.0,
                    1.0
                ]
            ],
            "size": [
                0.09126,
                0.11887,
                0.10009
            ]
        },
        "distance": 0.0
    },
    {
        "case": 1,
        "collider1": {
            "type": "Box",
            "collider2origin": [
                [
                    1.0,
                    0.0,
                    0.0,
                    1.28
                ],
                [
                    0.0,
                    1.0,
                    0.0,
                    -0.23086
                ],
                [
                    0.0,
                    0.0,
                    1.0,
                    -0.67301
                ],
                [
                    0.0,
                    0.0,
                    0.0,
                    1.0
                ]
            ],
            "size": [
                0.06,
                0.06,
                0.33
            ]
        },
        "collider2": {
            "type": "Box",
            "collider2origin": [
                [
                    0.5806270241804465,
                    0.7479583896368543,
                    -0.3216061351454644,
                    1.3774974645258347
                ],
                [
                    -0.7856087345171509,
                    0.41098879961081597,
                    -0.4625009436150609,
                    -0.17148496515981404
                ],
                [
                    -0.21375494156093833,
                    0.5211971354164413,
                    0.8262338476436168,
                    -0.8339861420578325
                ],
                [
                    0.0,
                    0.0,
                    0.0,
                    1.0
                ]
            ],
            "size": [
                0.09126,
                0.11887,
                0.10009
            ]
        },
        "distance": 0.0
    },
    {
        "case": 2,
        "collider1": {
            "type": "Box",
            "collider2origin": [
                [
                    1.0,
                    0.0,
                    0.0,
                    1.2009999999999998
                ],
                [
                    0.0,
                    1.0,
                    0.0,
                    0.02914
                ],
                [
                    0.0,
                    0.0,
                    1.0,
                    -1.22801
                ],
                [
                    0.0,
                    0.0,
                    0.0,
                    1.0
                ]
            ],
            "size": [
                0.41,
                0.6,
                0.82
            ]
        },
        "collider2": {
            "type": "Box",
            "collider2origin": [
                [
                    0.31528296285785323,
                    0.7479574254948287,
                    -0.5840859037664932,
                    1.431555988669373
                ],
                [
                    -0.9109842767752425,
                    0.4109906254154684,
                    0.034559416790369835,
                    -0.14245889232121933
                ],
                [
                    0.2659028032944779,
                    0.5211970792970255,
                    0.8109557964108698,
                    -0.7911672469517569
                ],
                [
                    0.0,
                    0.0,
                    0.0,
                    1.0
                ]
            ],
            "size": [
                0.08993,
                0.0305,
                0.09007
            ]
        },
        "distance": 0.0040329562323896066
    },
    {
        "case": 3,
        "collider1": {
            "type": "Box",
            "collider2origin": [
                [
                    1.0,
                    0.0,
                    0.0,
                    1.2009999999999998
                ],
                [
                    0.0,
                    1.0,
                    0.0,
                    0.02914
                ],
                [
                    0.0,
                    0.0,
                    1.0,
                    -1.22801
                ],
                [
                    0.0,
                    0.0,
                    0.0,
                    1.0
                ]
            ],
            "size": [
                0.41,
                0.6,
                0.82
            ]
        },
        "collider2": {
            "type": "Box",
            "collider2origin": [
                [
                    0.47169977015321846,
                    -0.8210169429885099,
                    -0.3216061351454644,
                    1.4141941178213118
                ],
                [
                    0.6783521930603482,
                    0.570903826686592,
                    -0.4625009436150609,
                    -0.124167053973538
                ],
                [
                    0.5633272840965693,
                    -6.382787176286704e-07,
                    0.8262338476436168,
                    -0.9255625621996508
                ],
                [
                    0.0,
                    0.0,
                    0.0,
                    1.0
                ]
            ],
            "size": [
                0.09102,
                0.10007,
                0.11882
            ]
        },
        "distance": 0.0
    },
    {
        "case": 4,
        "collider1": {
            "type": "Box",
            "collider2origin": [
                [
                    1.0,
                    0.0,
                    0.0,
                    1.2009999999999998
                ],
                [
                    0.0,
                    1.0,
                    0.0,
                    0.02914
                ],
                [
                    0.0,
                    0.0,
                    1.0,
                    -1.22801
                ],
                [
                    0.0,
                    0.0,
                    0.0,
                    1.0
                ]
            ],
            "size": [
                0.41,
                0.6,
                0.82
            ]
        },
        "collider2": {
            "type": "Box",
            "collider2origin": [
                [
                    -0.44833062859168477,
                    -0.8210144633273211,
                    0.35346131114159535,
                    1.403731999949297
                ],
                [
                    -0.6447455317444855,
                    0.5709073926341701,
                    0.5082990737067836,
                    -0.3349702841703005
                ],
                [
                    -0.6191145667500526,
                    -6.557775557570725e-06,
                    -0.7853006769352041,
                    -0.6983083096222739
                ],
                [
                    0.0,
                    0.0,
                    0.0,
                    1.0
                ]
            ],
            "size": [
                0.1202,
                0.13634,
                0.67816
            ]
        },
        "distance": 0.0
    },
    {
        "case": 5,
        "collider1": {
            "type": "Box",
            "collider2origin": [
                [
                    1.0,
                    0.0,
                    0.0,
                    1.23
                ],
                [
                    0.0,
                    1.0,
                    0.0,
                    -0.23086
                ],
                [
                    0.0,
                    0.0,
                    1.0,
                    -0.54301
                ],
                [
                    0.0,
                    0.0,
                    0.0,
                    1.0
                ]
            ],
            "size": [
                0.1,
                0.16,
                0.1
            ]
        },
        "collider2": {
            "type": "Box",
            "collider2origin": [
                [
                    -0.44833062859168477,
                    -0.8210144633273211,
                    0.35346131114159535,
                    1.403731999949297
                ],
                [
                    -0.6447455317444855,
                    0.5709073926341701,
                    0.5082990737067836,
                    -0.3349702841703005
                ],
                [
                    -0.6191145667500526,
                    -6.557775557570725e-06,
                    -0.7853006769352041,
                    -0.6983083096222739
                ],
                [
                    0.0,
                    0.0,
                    0.0,
                    1.0
                ]
            ],
            "size": [
                0.1202,
                0.13634,
                0.67816
            ]
        },
        "distance": 0.04717944149008854
    },
    {
        "case": 6,
        "collider1": {
            "type": "Box",
            "collider2origin": [
                [
                    1.0,
                    0.0,
                    0.0,
                    1.28
                ],
                [
                    0.0,
                    1.0,
                    0.0,
                    -0.23086
                ],
                [
                    0.0,
                    0.0,
                    1.0,
                    -0.67301
                ],
                [
                    0.0,
                    0.0,
                    0.0,
                    1.0
                ]
            ],
            "size": [
                0.06,
                0.06,
                0.33
            ]
        },
        "collider2": {
            "type": "Box",
            "collider2origin": [
                [
                    -0.44833062859168477,
                    -0.8210144633273211,
                    0.35346131114159535,
                    1.403731999949297
                ],
                [
                    -0.6447455317444855,
                    0.5709073926341701,
                    0.5082990737067836,
                    -0.3349702841703005
                ],
                [
                    -0.6191145667500526,
                    -6.557775557570725e-06,
                    -0.7853006769352041,
                    -0.6983083096222739
                ],
                [
                    0.0,
                    0.0,
                    0.0,
                    1.0
                ]
            ],
            "size": [
                0.1202,
                0.13634,
                0.67816
            ]
        },
        "distance": 0.05109486114894939
    },
    {
        "case": 7,
        "collider1": {
            "type": "Box",
            "collider2origin": [
                [
                    1.0,
                    0.0,
                    0.0,
                    1.23
                ],
                [
                    0.0,
                    1.0,
                    0.0,
                    -0.23086
                ],
                [
                    0.0,
                    0.0,
                    1.0,
                    -0.54301
                ],
                [
                    0.0,
                    0.0,
                    0.0,
                    1.0
                ]
            ],
            "size": [
                0.1,
                0.16,
                0.1
            ]
        },
        "collider2": {
            "type": "Box",
            "collider2origin": [
                [
                    -0.09837390378148844,
                    -0.8210136959658988,
                    0.5623691724225331,
                    1.0254026141780734
                ],
                [
                    -0.14147725006334666,
                    0.5709084961864479,
                    0.8087321415009061,
                    -0.6577441478974095
                ],
                [
                    -0.9850415030694409,
                    -4.3061617328043535e-06,
                    -0.17231725744147983,
                    -0.42429323012227127
                ],
                [
                    0.0,
                    0.0,
                    0.0,
                    1.0
                ]
            ],
            "size": [
                0.15068,
                0.17726,
                0.74884
            ]
        },
        "distance": 0.004898249030720591
    },
    {
        "case": 8,
        "collider1": {
            "type": "Box",
            "collider2origin": [
                [
                    1.0,
                    0.0,
                    0.0,
                    1.23
                ],
                [
                    0.0,
                    1.0,
                    0.0,
                    -0.23086
                ],
                [
                    0.0,
                    0.0,
                    1.0,
                    -0.54301
                ],
                [
                    0.0,
                    0.0,
                    0.0,
                    1.0
                ]
            ],
            "size": [
                0.1,
                0.16,
                0.1
            ]
        },
        "collider2": {
            "type": "Box",
            "collider2origin": [
                [
                    -0.09837390378148844,
                    -0.8210136959658988,
                    0.5623691724225331,
                    1.0254026141780734
                ],
                [
                    -0.14147725006334666,
                    0.5709084961864479,
                    0.8087321415009061,
                    -0.6577441478974095
                ],
                [
                    -0.9850415030694409,
                    -4.3061617328043535e-06,
                    -0.17231725744147983,
                    -0.42429323012227127
                ],
                [
                    0.0,
                    0.0,
                    0.0,
                    1.0
                ]
            ],
            "size": [
                0.15068,
                0.17726,
                0.74884
            ]
        },
        "distance": 0.004898249030720591
    }
]