[
    {
        "case": 0,
        "collider1": {
            "type": "Box",
            "collider2origin": [
                [
                    1.0,
                    0.0,
                    0.0,
                    0.205
                ],
                [
                    0.0,
                    1.0,
                    0.0,
                    -0.17586
                ],
                [
                    0.0,
                    0.0,
                    1.0,
                    -0.10301
                ],
                [
                    0.0,
                    0.0,
                    0.0,
                    1.0
                ]
            ],
            "size": [
                0.05,
                0.05,
                1.2
            ]
        },
        "collider2": {
            "type": "Box",
            "collider2origin": [
                [
                    0.43468884866054236,
                    -0.8368985601714128,
                    -0.3326355435505773,
                    0.2768895313608144
                ],
                [
                    -0.6646225222180703,
                    -0.547358018064579,
                    0.5086021067798546,
                    -0.18662741436718544
                ],
                [
                    -0.6077191027198854,
                    -6.590288497798088e-06,
                    -0.7941520585794041,
                    0.09026382378853448
                ],
                [
                    0.0,
                    0.0,
                    0.0,
                    1.0
                ]
            ],
            "size": [
                0.09102,
                0.10007,
                0.11882
            ]
        },
        "distance": 0.0
    },
    {
        "case": 1,
        "collider1": {
            "type": "Box",
            "collider2origin": [
                [
                    1.0,
                    0.0,
                    0.0,
                    0.205
                ],
                [
                    0.0,
                    1.0,
                    0.0,
                    -0.17586
                ],
                [
                    0.0,
                    0.0,
                    1.0,
                    -0.10301
                ],
                [
                    0.0,
                    0.0,
                    0.0,
                    1.0
                ]
            ],
            "size": [
                0.05,
                0.05,
                1.2
            ]
        },
        "collider2": {
            "type": "Box",
            "collider2origin": [
                [
                    -0.7320857727255085,
                    0.017212367704609252,
                    -0.680994974849959,
                    0.23668978645775074
                ],
                [
                    0.3602250627955804,
                    -0.8386939346533312,
                    -0.40844875824224697,
                    -0.196248142507624
                ],
                [
                    -0.5781767251514152,
                    -0.5443309823753508,
                    0.6077955709936278,
                    -0.04092762536133421
                ],
                [
                    0.0,
                    0.0,
                    0.0,
                    1.0
                ]
            ],
            "size": [
                0.08993,
                0.0305,
                0.09007
            ]
        },
        "distance": 0.0
    },
    {
        "case": 2,
        "collider1": {
            "type": "Box",
            "collider2origin": [
                [
                    1.0,
                    0.0,
                    0.0,
                    0.205
                ],
                [
                    0.0,
                    1.0,
                    0.0,
                    -0.17586
                ],
                [
                    0.0,
                    0.0,
                    1.0,
                    -0.10301
                ],
                [
                    0.0,
                    0.0,
                    0.0,
                    1.0
                ]
            ],
            "size": [
                0.05,
                0.05,
                1.2
            ]
        },
        "collider2": {
            "type": "Box",
            "collider2origin": [
                [
                    0.9428983431491618,
                    0.017213647300250146,
                    -0.3326355435505773,
                    0.23735589972087046
                ],
                [
                    0.19473579858669346,
                    -0.838690566137414,
                    0.5086021067798546,
                    -0.13512525309013057
                ],
                [
                    -0.2702233950555875,
                    -0.5443361320165385,
                    -0.7941520585794041,
                    0.002112460525935944
                ],
                [
                    0.0,
                    0.0,
                    0.0,
                    1.0
                ]
            ],
            "size": [
                0.09126,
                0.11887,
                0.10009
            ]
        },
        "distance": 0.0
    }
]