[
    {
        "case": 0,
        "collider1": {
            "type": "Cylinder",
            "collider2origin": [
                [
                    1.0,
                    0.0,
                    0.0,
                    0.4849999999999999
                ],
                [
                    0.0,
                    -3.673205103346574e-06,
                    -0.9999999999932537,
                    -0.46086
                ],
                [
                    0.0,
                    0.9999999999932537,
                    -3.673205103346574e-06,
                    -0.70001
                ],
                [
                    0.0,
                    0.0,
                    0.0,
                    1.0
                ]
            ],
            "radius": 0.026,
            "height": 0.272
        },
        "collider2": {
            "type": "Box",
            "collider2origin": [
                [
                    0.5977650176588055,
                    0.4996372816529508,
                    -0.6269286805098471,
                    0.385172978449396
                ],
                [
                    -0.34478514695317314,
                    0.8662347180650022,
                    0.3616083733257914,
                    -0.5897277361852757
                ],
                [
                    0.723740413479755,
                    -1.138427917049667e-06,
                    0.690072325118793,
                    -0.4771741430370491
                ],
                [
                    0.0,
                    0.0,
                    0.0,
                    1.0
                ]
            ],
            "size": [
                0.1202,
                0.13634,
                0.67816
            ]
        },
        "distance": 0.014637729110821044
    },
    {
        "case": 1,
        "collider1": {
            "type": "Box",
            "collider2origin": [
                [
                    1.0,
                    0.0,
                    0.0,
                    -0.26
                ],
                [
                    0.0,
                    1.0,
                    0.0,
                    -0.4608599999999999
                ],
                [
                    0.0,
                    0.0,
                    1.0,
                    -1.143
                ],
                [
                    0.0,
                    0.0,
                    0.0,
                    1.0
                ]
            ],
            "size": [
                1.48,
                0.272,
                0.945
            ]
        },
        "collider2": {
            "type": "Box",
            "collider2origin": [
                [
                    0.5977650176588055,
                    0.4996372816529508,
                    -0.6269286805098471,
                    0.385172978449396
                ],
                [
                    -0.34478514695317314,
                    0.8662347180650022,
                    0.3616083733257914,
                    -0.5897277361852757
                ],
                [
                    0.723740413479755,
                    -1.138427917049667e-06,
                    0.690072325118793,
                    -0.4771741430370491
                ],
                [
                    0.0,
                    0.0,
                    0.0,
                    1.0
                ]
            ],
            "size": [
                0.1202,
                0.13634,
                0.67816
            ]
        },
        "distance": 0.020674360815496916
    },
    {
        "case": 2,
        "collider1": {
            "type": "Cylinder",
            "collider2origin": [
                [
                    1.0,
                    0.0,
                    0.0,
                    0.4849999999999999
                ],
                [
                    0.0,
                    -3.673205103346574e-06,
                    -0.9999999999932537,
                    -0.46086
                ],
                [
                    0.0,
                    0.9999999999932537,
                    -3.673205103346574e-06,
                    -0.70001
                ],
                [
                    0.0,
                    0.0,
                    0.0,
                    1.0
                ]
            ],
            "radius": 0.026,
            "height": 0.272
        },
        "collider2": {
            "type": "Box",
            "collider2origin": [
                [
                    -0.42167202503717766,
                    0.4996368050712373,
                    -0.7566741480447525,
                    0.8602698017206346
                ],
                [
                    0.24322226143184655,
                    0.8662349929368939,
                    0.43643999422096696,
                    -0.7179118186889303
                ],
                [
                    0.8735191096049498,
                    -5.461284091305331e-06,
                    -0.48678985725377444,
                    -0.5188093842072516
                ],
                [
                    0.0,
                    0.0,
                    0.0,
                    1.0
                ]
            ],
            "size": [
                0.15068,
                0.17726,
                0.74884
            ]
        },
        "distance": 0.027182587538466304
    },
    {
        "case": 3,
        "collider1": {
            "type": "Cylinder",
            "collider2origin": [
                [
                    1.0,
                    0.0,
                    0.0,
                    0.4849999999999999
                ],
                [
                    0.0,
                    -3.673205103346574e-06,
                    -0.9999999999932537,
                    -0.46086
                ],
                [
                    0.0,
                    0.9999999999932537,
                    -3.673205103346574e-06,
                    -0.70001
                ],
                [
                    0.0,
                    0.0,
                    0.0,
                    1.0
                ]
            ],
            "radius": 0.026,
            "height": 0.272
        },
        "collider2": {
            "type": "Box",
            "collider2origin": [
                [
                    -0.42167202503717766,
                    0.4996368050712373,
                    -0.7566741480447525,
                    0.8602698017206346
                ],
                [
                    0.24322226143184655,
                    0.8662349929368939,
                    0.43643999422096696,
                    -0.7179118186889303
                ],
                [
                    0.8735191096049498,
                    -5.461284091305331e-06,
                    -0.48678985725377444,
                    -0.5188093842072516
                ],
                [
                    0.0,
                    0.0,
                    0.0,
                    1.0
                ]
            ],
            "size": [
                0.15068,
                0.17726,
                0.74884
            ]
        },
        "distance": 0.027182587538466304
    }
]