[
    {
        "case": 0,
        "collider1": {
            "type": "Box",
            "collider2origin": [
                [
                    1.0,
                    0.0,
                    0.0,
                    1.23
                ],
                [
                    0.0,
                    1.0,
                    0.0,
                    -0.23086
                ],
                [
                    0.0,
                    0.0,
                    1.0,
                    -0.54301
                ],
                [
                    0.0,
                    0.0,
                    0.0,
                    1.0
                ]
            ],
            "size": [
                0.1,
                0.16,
                0.1
            ]
        },
        "collider2": {
            "type": "Box",
            "collider2origin": [
                [
                    -0.146983561794111,
                    0.8016162258936165,
                    -0.5794887910446509,
                    0.9661006343929663
                ],
                [
                    0.19709127556896647,
                    0.5978389635705685,
                    0.777009396810274,
                    -0.6625930096454746
                ],
                [
                    0.9693043183938232,
                    -4.576314240647707e-06,
                    -0.24586406472305558,
                    -0.4465483471131335
                ],
                [
                    0.0,
                    0.0,
                    0.0,
                    1.0
                ]
            ],
            "size": [
                0.15068,
                0.17726,
                0.74884
            ]
        },
        "distance": 0.2931151127420802
    },
    {
        "case": 1,
        "collider1": {
            "type": "Box",
            "collider2origin": [
                [
                    1.0,
                    0.0,
                    0.0,
                    1.23
                ],
                [
                    0.0,
                    1.0,
                    0.0,
                    -0.23086
                ],
                [
                    0.0,
                    0.0,
                    1.0,
                    -0.54301
                ],
                [
                    0.0,
                    0.0,
                    0.0,
                    1.0
                ]
            ],
            "size": [
                0.1,
                0.16,
                0.1
            ]
        },
        "collider2": {
            "type": "Box",
            "collider2origin": [
                [
                    -0.146983561794111,
                    0.8016162258936165,
                    -0.5794887910446509,
                    0.9661006343929663
                ],
                [
                    0.19709127556896647,
                    0.5978389635705685,
                    0.777009396810274,
                    -0.6625930096454746
                ],
                [
                    0.9693043183938232,
                    -4.576314240647707e-06,
                    -0.24586406472305558,
                    -0.4465483471131335
                ],
                [
                    0.0,
                    0.0,
                    0.0,
                    1.0
                ]
            ],
            "size": [
                0.15068,
                0.17726,
                0.74884
            ]
        },
        "distance": 0.2931151127420802
    },
    {
        "case": 2,
        "collider1": {
            "type": "Box",
            "collider2origin": [
                [
                    1.0,
                    0.0,
                    0.0,
                    0.5199999999999999
                ],
                [
                    0.0,
                    1.0,
                    0.0,
                    -0.43085999999999997
                ],
                [
                    0.0,
                    0.0,
                    1.0,
                    -0.80301
                ],
                [
                    0.0,
                    0.0,
                    0.0,
                    1.0
                ]
            ],
            "size": [
                0.2,
                0.08,
                0.04
            ]
        },
        "collider2": {
            "type": "Box",
            "collider2origin": [
                [
                    -0.5715553066828238,
                    0.801618998402562,
                    0.1753040581469131,
                    0.7331860869152955
                ],
                [
                    0.7663775072380906,
                    0.5978352459904398,
                    -0.23507134034390617,
                    -0.5616166562390447
                ],
                [
                    -0.29324059712501205,
                    -7.184931251182756e-06,
                    -0.9560386771183176,
                    -0.7912102657719616
                ],
                [
                    0.0,
                    0.0,
                    0.0,
                    1.0
                ]
            ],
            "size": [
                0.1202,
                0.13634,
                0.67816
            ]
        },
        "distance": 0.07174131776129011
    }
]