[
    {
        "case": 0,
        "collider1": {
            "type": "Box",
            "collider2origin": [
                [
                    1.0,
                    0.0,
                    0.0,
                    1.2009999999999998
                ],
                [
                    0.0,
                    1.0,
                    0.0,
                    0.02914
                ],
                [
                    0.0,
                    0.0,
                    1.0,
                    -1.22801
                ],
                [
                    0.0,
                    0.0,
                    0.0,
                    1.0
                ]
            ],
            "size": [
                0.41,
                0.6,
                0.82
            ]
        },
        "collider2": {
            "type": "Box",
            "collider2origin": [
                [
                    0.0266457184203607,
                    0.9996187401671912,
                    -0.0072374026017892204,
                    1.134252816445587
                ],
                [
                    -0.9646663932055022,
                    0.027611126498950367,
                    0.2620236163275105,
                    -0.0671660124357979
                ],
                [
                    0.26212355008611943,
                    -1.28436103347367e-07,
                    0.965034322959672,
                    -1.0984370670819383
                ],
                [
                    0.0,
                    0.0,
                    0.0,
                    1.0
                ]
            ],
            "size": [
                0.09102,
                0.10007,
                0.11882
            ]
        },
        "distance": 0.0
    },
    {
        "case": 1,
        "collider1": {
            "type": "Box",
            "collider2origin": [
                [
                    1.0,
                    0.0,
                    0.0,
                    1.2009999999999998
                ],
                [
                    0.0,
                    1.0,
                    0.0,
                    0.02914
                ],
                [
                    0.0,
                    0.0,
                    1.0,
                    -1.22801
                ],
                [
                    0.0,
                    0.0,
                    0.0,
                    1.0
                ]
            ],
            "size": [
                0.41,
                0.6,
                0.82
            ]
        },
        "collider2": {
            "type": "Box",
            "collider2origin": [
                [
                    0.5128037658190258,
                    -0.8551346519620033,
                    -0.07600674164604748,
                    1.0716369238479329
                ],
                [
                    0.8537377683815717,
                    0.4986352345499801,
                    0.14998241798337614,
                    0.000847608162252822
                ],
                [
                    -0.09035552335457732,
                    -0.14180137474336962,
                    0.9857627754790754,
                    -0.999179261995906
                ],
                [
                    0.0,
                    0.0,
                    0.0,
                    1.0
                ]
            ],
            "size": [
                0.08993,
                0.0305,
                0.09007
            ]
        },
        "distance": 0.0
    },
    {
        "case": 2,
        "collider1": {
            "type": "Box",
            "collider2origin": [
                [
                    1.0,
                    0.0,
                    0.0,
                    1.2009999999999998
                ],
                [
                    0.0,
                    1.0,
                    0.0,
                    0.02914
                ],
                [
                    0.0,
                    0.0,
                    1.0,
                    -1.22801
                ],
                [
                    0.0,
                    0.0,
                    0.0,
                    1.0
                ]
            ],
            "size": [
                0.41,
                0.6,
                0.82
            ]
        },
        "collider2": {
            "type": "Box",
            "collider2origin": [
                [
                    0.5183558420988552,
                    -0.8551343993581162,
                    -0.0072374026017892204,
                    1.1356244611137318
                ],
                [
                    0.8262603203136455,
                    0.49863564610028166,
                    0.2620236163275105,
                    -0.037478397333018165
                ],
                [
                    -0.22045658084343622,
                    -0.1418014508832272,
                    0.965034322959672,
                    -0.9931754677393768
                ],
                [
                    0.0,
                    0.0,
                    0.0,
                    1.0
                ]
            ],
            "size": [
                0.09126,
                0.11887,
                0.10009
            ]
        },
        "distance": 0.0
    },
    {
        "case": 3,
        "collider1": {
            "type": "Box",
            "collider2origin": [
                [
                    1.0,
                    0.0,
                    0.0,
                    1.2009999999999998
                ],
                [
                    0.0,
                    1.0,
                    0.0,
                    0.02914
                ],
                [
                    0.0,
                    0.0,
                    1.0,
                    -1.22801
                ],
                [
                    0.0,
                    0.0,
                    0.0,
                    1.0
                ]
            ],
            "size": [
                0.41,
                0.6,
                0.82
            ]
        },
        "collider2": {
            "type": "Box",
            "collider2origin": [
                [
                    -0.251158477141704,
                    -0.6888661225257392,
                    -0.6799874150278171,
                    1.0030494732644644
                ],
                [
                    0.04404222392713716,
                    0.6936449823556265,
                    -0.7189693463315484,
                    0.04743641879966143
                ],
                [
                    0.9669434843212974,
                    -0.21052340413648835,
                    -0.1438756214213259,
                    -1.0112213911212278
                ],
                [
                    0.0,
                    0.0,
                    0.0,
                    1.0
                ]
            ],
            "size": [
                0.06241,
                0.05638,
                0.02858
            ]
        },
        "distance": 0.0
    },
    {
        "case": 4,
        "collider1": {
            "type": "Box",
            "collider2origin": [
                [
                    1.0,
                    0.0,
                    0.0,
                    0.7
                ],
                [
                    0.0,
                    1.0,
                    0.0,
                    -0.15085999999999994
                ],
                [
                    0.0,
                    0.0,
                    1.0,
                    -1.03301
                ],
                [
                    0.0,
                    0.0,
                    0.0,
                    1.0
                ]
            ],
            "size": [
                0.6,
                0.06,
                0.06
            ]
        },
        "collider2": {
            "type": "Box",
            "collider2origin": [
                [
                    -0.01898674462096368,
                    0.9996186931066942,
                    -0.0200492374010337,
                    1.0284123380592507
                ],
                [
                    0.6875066989562537,
                    0.027612829504247493,
                    0.7256528581470925,
                    -0.2829975169604092
                ],
                [
                    0.7259297778841788,
                    -6.199521063706314e-06,
                    -0.6877688256548068,
                    -0.9001686664862203
                ],
                [
                    0.0,
                    0.0,
                    0.0,
                    1.0
                ]
            ],
            "size": [
                0.1202,
                0.13634,
                0.67816
            ]
        },
        "distance": 0.0
    },
    {
        "case": 5,
        "collider1": {
            "type": "Box",
            "collider2origin": [
                [
                    1.0,
                    0.0,
                    0.0,
                    1.2009999999999998
                ],
                [
                    0.0,
                    1.0,
                    0.0,
                    0.02914
                ],
                [
                    0.0,
                    0.0,
                    1.0,
                    -1.22801
                ],
                [
                    0.0,
                    0.0,
                    0.0,
                    1.0
                ]
            ],
            "size": [
                0.41,
                0.6,
                0.82
            ]
        },
        "collider2": {
            "type": "Box",
            "collider2origin": [
                [
                    -0.01898674462096368,
                    0.9996186931066942,
                    -0.0200492374010337,
                    1.0284123380592507
                ],
                [
                    0.6875066989562537,
                    0.027612829504247493,
                    0.7256528581470925,
                    -0.2829975169604092
                ],
                [
                    0.7259297778841788,
                    -6.199521063706314e-06,
                    -0.6877688256548068,
                    -0.9001686664862203
                ],
                [
                    0.0,
                    0.0,
                    0.0,
                    1.0
                ]
            ],
            "size": [
                0.1202,
                0.13634,
                0.67816
            ]
        },
        "distance": 0.0
    },
    {
        "case": 6,
        "collider1": {
            "type": "Box",
            "collider2origin": [
                [
                    1.0,
                    0.0,
                    0.0,
                    1.2009999999999998
                ],
                [
                    0.0,
                    1.0,
                    0.0,
                    0.02914
                ],
                [
                    0.0,
                    0.0,
                    1.0,
                    -1.22801
                ],
                [
                    0.0,
                    0.0,
                    0.0,
                    1.0
                ]
            ],
            "size": [
                0.41,
                0.6,
                0.82
            ]
        },
        "collider2": {
            "type": "Box",
            "collider2origin": [
                [
                    -0.103096033320161,
                    -0.6888633228418748,
                    -0.7175224946696088,
                    0.9692192502369151
                ],
                [
                    0.19371531849709123,
                    0.693648577939116,
                    -0.6937766396345526,
                    0.08486836595353986
                ],
                [
                    0.9756257393556294,
                    -0.2105207181402639,
                    0.06193096108158494,
                    -1.0204279671501082
                ],
                [
                    0.0,
                    0.0,
                    0.0,
                    1.0
                ]
            ],
            "size": [
                0.07264,
                0.04753,
                0.03326
            ]
        },
        "distance": 0.0
    }
]