[
    {
        "case": 0,
        "collider1": {
            "type": "Box",
            "collider2origin": [
                [
                    1.0,
                    0.0,
                    0.0,
                    1.2009999999999998
                ],
                [
                    0.0,
                    1.0,
                    0.0,
                    0.02914
                ],
                [
                    0.0,
                    0.0,
                    1.0,
                    -1.22801
                ],
                [
                    0.0,
                    0.0,
                    0.0,
                    1.0
                ]
            ],
            "size": [
                0.41,
                0.6,
                0.82
            ]
        },
        "collider2": {
            "type": "Box",
            "collider2origin": [
                [
                    0.2163478163739091,
                    0.8873650876992131,
                    0.40715700102394037,
                    1.4158862969129198
                ],
                [
                    0.4163701641204622,
                    -0.4610674583002391,
                    0.7836151385258304,
                    -0.3041327773609189
                ],
                [
                    0.8830795597116606,
                    -5.396758468470242e-06,
                    -0.4692232850044148,
                    -0.7473812784917406
                ],
                [
                    0.0,
                    0.0,
                    0.0,
                    1.0
                ]
            ],
            "size": [
                0.1202,
                0.13634,
                0.67816
            ]
        },
        "distance": 0.0
    },
    {
        "case": 1,
        "collider1": {
            "type": "Box",
            "collider2origin": [
                [
                    1.0,
                    0.0,
                    0.0,
                    1.23
                ],
                [
                    0.0,
                    1.0,
                    0.0,
                    -0.23086
                ],
                [
                    0.0,
                    0.0,
                    1.0,
                    -0.54301
                ],
                [
                    0.0,
                    0.0,
                    0.0,
                    1.0
                ]
            ],
            "size": [
                0.1,
                0.16,
                0.1
            ]
        },
        "collider2": {
            "type": "Box",
            "collider2origin": [
                [
                    0.2163478163739091,
                    0.8873650876992131,
                    0.40715700102394037,
                    1.4158862969129198
                ],
                [
                    0.4163701641204622,
                    -0.4610674583002391,
                    0.7836151385258304,
                    -0.3041327773609189
                ],
                [
                    0.8830795597116606,
                    -5.396758468470242e-06,
                    -0.4692232850044148,
                    -0.7473812784917406
                ],
                [
                    0.0,
                    0.0,
                    0.0,
                    1.0
                ]
            ],
            "size": [
                0.1202,
                0.13634,
                0.67816
            ]
        },
        "distance": 0.06610171480797933
    },
    {
        "case": 2,
        "collider1": {
            "type": "Box",
            "collider2origin": [
                [
                    1.0,
                    0.0,
                    0.0,
                    1.28
                ],
                [
                    0.0,
                    1.0,
                    0.0,
                    -0.23086
                ],
                [
                    0.0,
                    0.0,
                    1.0,
                    -0.67301
                ],
                [
                    0.0,
                    0.0,
                    0.0,
                    1.0
                ]
            ],
            "size": [
                0.06,
                0.06,
                0.33
            ]
        },
        "collider2": {
            "type": "Box",
            "collider2origin": [
                [
                    0.2163478163739091,
                    0.8873650876992131,
                    0.40715700102394037,
                    1.4158862969129198
                ],
                [
                    0.4163701641204622,
                    -0.4610674583002391,
                    0.7836151385258304,
                    -0.3041327773609189
                ],
                [
                    0.8830795597116606,
                    -5.396758468470242e-06,
                    -0.4692232850044148,
                    -0.7473812784917406
                ],
                [
                    0.0,
                    0.0,
                    0.0,
                    1.0
                ]
            ],
            "size": [
                0.1202,
                0.13634,
                0.67816
            ]
        },
        "distance": 0.045741135217035406
    }
]