[
    {
        "case": 0,
        "collider1": {
            "type": "Cylinder",
            "collider2origin": [
                [
                    1.0,
                    0.0,
                    0.0,
                    0.4849999999999999
                ],
                [
                    0.0,
                    -3.673205103346574e-06,
                    -0.9999999999932537,
                    -0.46086
                ],
                [
                    0.0,
                    0.9999999999932537,
                    -3.673205103346574e-06,
                    -0.70001
                ],
                [
                    0.0,
                    0.0,
                    0.0,
                    1.0
                ]
            ],
            "radius": 0.026,
            "height": 0.272
        },
        "collider2": {
            "type": "Box",
            "collider2origin": [
                [
                    -0.4913605575222412,
                    0.28594666045214606,
                    -0.8226781326179133,
                    0.803179807531311
                ],
                [
                    0.1466301441541187,
                    0.958245536042505,
                    0.2454894976978739,
                    -0.7591219424208554
                ],
                [
                    0.8585245502236815,
                    -5.5567235235276435e-06,
                    -0.5127724608755312,
                    -0.5266019028910511
                ],
                [
                    0.0,
                    0.0,
                    0.0,
                    1.0
                ]
            ],
            "size": [
                0.15068,
                0.17726,
                0.74884
            ]
        },
        "distance": 0.0
    },
    {
        "case": 1,
        "collider1": {
            "type": "Box",
            "collider2origin": [
                [
                    1.0,
                    0.0,
                    0.0,
                    -0.26
                ],
                [
                    0.0,
                    1.0,
                    0.0,
                    -0.4608599999999999
                ],
                [
                    0.0,
                    0.0,
                    1.0,
                    -1.143
                ],
                [
                    0.0,
                    0.0,
                    0.0,
                    1.0
                ]
            ],
            "size": [
                1.48,
                0.272,
                0.945
            ]
        },
        "collider2": {
            "type": "Box",
            "collider2origin": [
                [
                    -0.4913605575222412,
                    0.28594666045214606,
                    -0.8226781326179133,
                    0.803179807531311
                ],
                [
                    0.1466301441541187,
                    0.958245536042505,
                    0.2454894976978739,
                    -0.7591219424208554
                ],
                [
                    0.8585245502236815,
                    -5.5567235235276435e-06,
                    -0.5127724608755312,
                    -0.5266019028910511
                ],
                [
                    0.0,
                    0.0,
                    0.0,
                    1.0
                ]
            ],
            "size": [
                0.15068,
                0.17726,
                0.74884
            ]
        },
        "distance": 0.005073544669914887
    },
    {
        "case": 2,
        "collider1": {
            "type": "Cylinder",
            "collider2origin": [
                [
                    1.0,
                    0.0,
                    0.0,
                    0.4849999999999999
                ],
                [
                    0.0,
                    -3.673205103346574e-06,
                    -0.9999999999932537,
                    -0.46086
                ],
                [
                    0.0,
                    0.9999999999932537,
                    -3.673205103346574e-06,
                    -0.70001
                ],
                [
                    0.0,
                    0.0,
                    0.0,
                    1.0
                ]
            ],
            "radius": 0.026,
            "height": 0.272
        },
        "collider2": {
            "type": "Box",
            "collider2origin": [
                [
                    -0.4913605575222412,
                    0.28594666045214606,
                    -0.8226781326179133,
                    0.803179807531311
                ],
                [
                    0.1466301441541187,
                    0.958245536042505,
                    0.2454894976978739,
                    -0.7591219424208554
                ],
                [
                    0.8585245502236815,
                    -5.5567235235276435e-06,
                    -0.5127724608755312,
                    -0.5266019028910511
                ],
                [
                    0.0,
                    0.0,
                    0.0,
                    1.0
                ]
            ],
            "size": [
                0.15068,
                0.17726,
                0.74884
            ]
        },
        "distance": 0.0
    },
    {
        "case": 3,
        "collider1": {
            "type": "Box",
            "collider2origin": [
                [
                    1.0,
                    0.0,
                    0.0,
                    -0.26
                ],
                [
                    0.0,
                    1.0,
                    0.0,
                    -0.4608599999999999
                ],
                [
                    0.0,
                    0.0,
                    1.0,
                    -1.143
                ],
                [
                    0.0,
                    0.0,
                    0.0,
                    1.0
                ]
            ],
            "size": [
                1.48,
                0.272,
                0.945
            ]
        },
        "collider2": {
            "type": "Box",
            "collider2origin": [
                [
                    -0.4913605575222412,
                    0.28594666045214606,
                    -0.8226781326179133,
                    0.803179807531311
                ],
                [
                    0.1466301441541187,
                    0.958245536042505,
                    0.2454894976978739,
                    -0.7591219424208554
                ],
                [
                    0.8585245502236815,
                    -5.5567235235276435e-06,
                    -0.5127724608755312,
                    -0.5266019028910511
                ],
                [
                    0.0,
                    0.0,
                    0.0,
                    1.0
                ]
            ],
            "size": [
                0.15068,
                0.17726,
                0.74884
            ]
        },
        "distance": 0.005073544669914887
    }
]