[
    {
        "case": 0,
        "collider1": {
            "type": "Box",
            "collider2origin": [
                [
                    1.0,
                    0.0,
                    0.0,
                    -0.06
                ],
                [
                    0.0,
                    1.0,
                    0.0,
                    -0.37086
                ],
                [
                    0.0,
                    0.0,
                    1.0,
                    -0.40301
                ],
                [
                    0.0,
                    0.0,
                    0.0,
                    1.0
                ]
            ],
            "size": [
                0.1,
                1.0,
                1.64
            ]
        },
        "collider2": {
            "type": "Sphere",
            "collider2origin": [
                [
                    1.0,
                    0.0,
                    0.0,
                    -0.037134659573861084
                ],
                [
                    0.0,
                    1.0,
                    0.0,
                    -0.1961950186296415
                ],
                [
                    0.0,
                    0.0,
                    1.0,
                    -0.29529841631075016
                ],
                [
                    0.0,
                    0.0,
                    0.0,
                    1.0
                ]
            ],
            "radius": 0.00663
        },
        "distance": 0.0
    },
    {
        "case": 1,
        "collider1": {
            "type": "Box",
            "collider2origin": [
                [
                    1.0,
                    0.0,
                    0.0,
                    -0.06
                ],
                [
                    0.0,
                    1.0,
                    0.0,
                    -0.37086
                ],
                [
                    0.0,
                    0.0,
                    1.0,
                    -0.40301
                ],
                [
                    0.0,
                    0.0,
                    0.0,
                    1.0
                ]
            ],
            "size": [
                0.1,
                1.0,
                1.64
            ]
        },
        "collider2": {
            "type": "Box",
            "collider2origin": [
                [
                    -0.8492500967203324,
                    -0.03536190027594681,
                    -0.5268052858783597,
                    0.03404951699659953
                ],
                [
                    -0.17059962874231757,
                    0.9626141313393706,
                    0.21040389924792768,
                    -0.435634197605411
                ],
                [
                    0.49966993094791046,
                    0.2685583179769763,
                    -0.8235328712030185,
                    -0.4385529915831967
                ],
                [
                    0.0,
                    0.0,
                    0.0,
                    1.0
                ]
            ],
            "size": [
                0.09126,
                0.11887,
                0.10009
            ]
        },
        "distance": 0.0
    },
    {
        "case": 2,
        "collider1": {
            "type": "Box",
            "collider2origin": [
                [
                    1.0,
                    0.0,
                    0.0,
                    -0.06
                ],
                [
                    0.0,
                    1.0,
                    0.0,
                    -0.37086
                ],
                [
                    0.0,
                    0.0,
                    1.0,
                    -0.40301
                ],
                [
                    0.0,
                    0.0,
                    0.0,
                    1.0
                ]
            ],
            "size": [
                0.1,
                1.0,
                1.64
            ]
        },
        "collider2": {
            "type": "Box",
            "collider2origin": [
                [
                    -0.9835983070336133,
                    -0.036720706873406256,
                    0.17659547017782593,
                    0.02008302402278994
                ],
                [
                    0.05957548352915639,
                    0.8579739501098178,
                    0.5102268737485534,
                    -0.24110752987016237
                ],
                [
                    -0.17025020458982493,
                    0.512379049747033,
                    -0.8417140709394431,
                    -0.36623479444264206
                ],
                [
                    0.0,
                    0.0,
                    0.0,
                    1.0
                ]
            ],
            "size": [
                0.07264,
                0.04753,
                0.03326
            ]
        },
        "distance": 0.0
    },
    {
        "case": 3,
        "collider1": {
            "type": "Box",
            "collider2origin": [
                [
                    1.0,
                    0.0,
                    0.0,
                    -0.06
                ],
                [
                    0.0,
                    1.0,
                    0.0,
                    -0.37086
                ],
                [
                    0.0,
                    0.0,
                    1.0,
                    -0.40301
                ],
                [
                    0.0,
                    0.0,
                    0.0,
                    1.0
                ]
            ],
            "size": [
                0.1,
                1.0,
                1.64
            ]
        },
        "collider2": {
            "type": "Box",
            "collider2origin": [
                [
                    -0.20399820484451373,
                    -0.03536355882739556,
                    -0.978332331637505,
                    0.028531136028273174
                ],
                [
                    -0.27002358333360243,
                    0.9626134374894344,
                    0.0215089378737162,
                    -0.36292586178839914
                ],
                [
                    0.9409952161748203,
                    0.26856058659422777,
                    -0.20592040808105325,
                    -0.4218162525977356
                ],
                [
                    0.0,
                    0.0,
                    0.0,
                    1.0
                ]
            ],
            "size": [
                0.08993,
                0.0305,
                0.09007
            ]
        },
        "distance": 0.0
    },
    {
        "case": 4,
        "collider1": {
            "type": "Box",
            "collider2origin": [
                [
                    1.0,
                    0.0,
                    0.0,
                    -0.06
                ],
                [
                    0.0,
                    1.0,
                    0.0,
                    -0.37086
                ],
                [
                    0.0,
                    0.0,
                    1.0,
                    -0.40301
                ],
                [
                    0.0,
                    0.0,
                    0.0,
                    1.0
                ]
            ],
            "size": [
                0.1,
                1.0,
                1.64
            ]
        },
        "collider2": {
            "type": "Cylinder",
            "collider2origin": [
                [
                    -0.6364448729676352,
                    0.6669237832792553,
                    0.38749269795661395,
                    -0.017240755620907544
                ],
                [
                    -0.5138066292658977,
                    0.008108686793871871,
                    -0.8578677036238712,
                    -0.21806445162367327
                ],
                [
                    -0.5752744313765616,
                    -0.7450818186581682,
                    0.33750912892751433,
                    -0.436429221084335
                ],
                [
                    0.0,
                    0.0,
                    0.0,
                    1.0
                ]
            ],
            "radius": 0.01169,
            "height": 0.05502
        },
        "distance": 0.0
    },
    {
        "case": 5,
        "collider1": {
            "type": "Box",
            "collider2origin": [
                [
                    1.0,
                    0.0,
                    0.0,
                    -0.06
                ],
                [
                    0.0,
                    1.0,
                    0.0,
                    -0.37086
                ],
                [
                    0.0,
                    0.0,
                    1.0,
                    -0.40301
                ],
                [
                    0.0,
                    0.0,
                    0.0,
                    1.0
                ]
            ],
            "size": [
                0.1,
                1.0,
                1.64
            ]
        },
        "collider2": {
            "type": "Cylinder",
            "collider2origin": [
                [
                    -0.9309239619868348,
                    0.0981599651342698,
                    0.35177435700115073,
                    -0.031206108624107776
                ],
                [
                    -0.14692842407024623,
                    0.7811552065967795,
                    -0.6068019293039334,
                    -0.20961488737777012
                ],
                [
                    -0.334354026742565,
                    -0.6165721080713764,
                    -0.7127736108677498,
                    -0.30933144899863274
                ],
                [
                    0.0,
                    0.0,
                    0.0,
                    1.0
                ]
            ],
            "radius": 0.00796,
            "height": 0.03037
        },
        "distance": 0.0
    },
    {
        "case": 6,
        "collider1": {
            "type": "Box",
            "collider2origin": [
                [
                    1.0,
                    0.0,
                    0.0,
                    -0.06
                ],
                [
                    0.0,
                    1.0,
                    0.0,
                    -0.37086
                ],
                [
                    0.0,
                    0.0,
                    1.0,
                    -0.40301
                ],
                [
                    0.0,
                    0.0,
                    0.0,
                    1.0
                ]
            ],
            "size": [
                0.1,
                1.0,
                1.64
            ]
        },
        "collider2": {
            "type": "Sphere",
            "collider2origin": [
                [
                    1.0,
                    0.0,
                    0.0,
                    -0.025681503916797688
                ],
                [
                    0.0,
                    1.0,
                    0.0,
                    -0.19830605522430145
                ],
                [
                    0.0,
                    0.0,
                    1.0,
                    -0.44370125243263825
                ],
                [
                    0.0,
                    0.0,
                    0.0,
                    1.0
                ]
            ],
            "radius": 0.01051
        },
        "distance": 0.0
    },
    {
        "case": 7,
        "collider1": {
            "type": "Box",
            "collider2origin": [
                [
                    1.0,
                    0.0,
                    0.0,
                    -0.06
                ],
                [
                    0.0,
                    1.0,
                    0.0,
                    -0.37086
                ],
                [
                    0.0,
                    0.0,
                    1.0,
                    -0.40301
                ],
                [
                    0.0,
                    0.0,
                    0.0,
                    1.0
                ]
            ],
            "size": [
                0.1,
                1.0,
                1.64
            ]
        },
        "collider2": {
            "type": "Cylinder",
            "collider2origin": [
                [
                    -0.6559725857266936,
                    0.6672578458396657,
                    0.35279871589965406,
                    -0.013935732686718882
                ],
                [
                    -0.5369522400277283,
                    -0.08404734194832435,
                    -0.8394154729575964,
                    -0.23103368174463879
                ],
                [
                    -0.5304547659360218,
                    -0.7400695990762156,
                    0.41341834722098286,
                    -0.4300395424168326
                ],
                [
                    0.0,
                    0.0,
                    0.0,
                    1.0
                ]
            ],
            "radius": 0.01271,
            "height": 0.05982
        },
        "distance": 0.0
    },
    {
        "case": 8,
        "collider1": {
            "type": "Box",
            "collider2origin": [
                [
                    1.0,
                    0.0,
                    0.0,
                    -0.06
                ],
                [
                    0.0,
                    1.0,
                    0.0,
                    -0.37086
                ],
                [
                    0.0,
                    0.0,
                    1.0,
                    -0.40301
                ],
                [
                    0.0,
                    0.0,
                    0.0,
                    1.0
                ]
            ],
            "size": [
                0.1,
                1.0,
                1.64
            ]
        },
        "collider2": {
            "type": "Cylinder",
            "collider2origin": [
                [
                    -0.9309239619868348,
                    -0.08920799815608121,
                    0.3541504059911815,
                    -0.021354939351902802
                ],
                [
                    -0.14692842407024623,
                    0.9792536143058206,
                    -0.13955069712910825,
                    -0.2215206821964475
                ],
                [
                    -0.334354026742565,
                    -0.1819458489055763,
                    -0.924717845003037,
                    -0.33153802716155356
                ],
                [
                    0.0,
                    0.0,
                    0.0,
                    1.0
                ]
            ],
            "radius": 0.00713,
            "height": 0.01426
        },
        "distance": 0.0
    },
    {
        "case": 9,
        "collider1": {
            "type": "Box",
            "collider2origin": [
                [
                    1.0,
                    0.0,
                    0.0,
                    -0.06
                ],
                [
                    0.0,
                    1.0,
                    0.0,
                    -0.37086
                ],
                [
                    0.0,
                    0.0,
                    1.0,
                    -0.40301
                ],
                [
                    0.0,
                    0.0,
                    0.0,
                    1.0
                ]
            ],
            "size": [
                0.1,
                1.0,
                1.64
            ]
        },
        "collider2": {
            "type": "Box",
            "collider2origin": [
                [
                    -0.4357503296735478,
                    0.3709149927666162,
                    -0.8200876284460918,
                    0.2896310888074385
                ],
                [
                    0.17404637717819435,
                    0.9286668229843338,
                    0.3275450968635154,
                    -0.6643687349084779
                ],
                [
                    0.8830795597116605,
                    -5.396758468470244e-06,
                    -0.46922328500441535,
                    -0.21006315974330558
                ],
                [
                    0.0,
                    0.0,
                    0.0,
                    1.0
                ]
            ],
            "size": [
                0.1202,
                0.13634,
                0.67816
            ]
        },
        "distance": 0.0
    },
    {
        "case": 10,
        "collider1": {
            "type": "Box",
            "collider2origin": [
                [
                    1.0,
                    0.0,
                    0.0,
                    -0.06
                ],
                [
                    0.0,
                    1.0,
                    0.0,
                    -0.37086
                ],
                [
                    0.0,
                    0.0,
                    1.0,
                    -0.40301
                ],
                [
                    0.0,
                    0.0,
                    0.0,
                    1.0
                ]
            ],
            "size": [
                0.1,
                1.0,
                1.64
            ]
        },
        "collider2": {
            "type": "Box",
            "collider2origin": [
                [
                    -0.9247587093424918,
                    -0.03671696223521872,
                    0.3787785555960447,
                    0.024091406920896508
                ],
                [
                    0.16516767714221905,
                    0.8579759825438031,
                    0.4864122241529692,
                    -0.2839906358692247
                ],
                [
                    -0.3428424826690125,
                    0.5123759147951944,
                    -0.7873563068999542,
                    -0.3940802211123009
                ],
                [
                    0.0,
                    0.0,
                    0.0,
                    1.0
                ]
            ],
            "size": [
                0.06241,
                0.05638,
                0.02858
            ]
        },
        "distance": 0.0
    },
    {
        "case": 11,
        "collider1": {
            "type": "Box",
            "collider2origin": [
                [
                    1.0,
                    0.0,
                    0.0,
                    -0.06
                ],
                [
                    0.0,
                    1.0,
                    0.0,
                    -0.37086
                ],
                [
                    0.0,
                    0.0,
                    1.0,
                    -0.40301
                ],
                [
                    0.0,
                    0.0,
                    0.0,
                    1.0
                ]
            ],
            "size": [
                0.1,
                1.0,
                1.64
            ]
        },
        "collider2": {
            "type": "Cylinder",
            "collider2origin": [
                [
                    -0.9211039562582961,
                    -0.10902060422330084,
                    0.37374056459006544,
                    -0.01599574914427282
                ],
                [
                    -0.17403433936995416,
                    0.974037023760274,
                    -0.14478924360701162,
                    -0.22371840970360857
                ],
                [
                    -0.34825213636872066,
                    -0.19840963736425027,
                    -0.9161626849613599,
                    -0.3459001730200235
                ],
                [
                    0.0,
                    0.0,
                    0.0,
                    1.0
                ]
            ],
            "radius": 0.00713,
            "height": 0.01697
        },
        "distance": 0.0
    }
]