[
    {
        "case": 0,
        "collider1": {
            "type": "Box",
            "collider2origin": [
                [
                    1.0,
                    0.0,
                    0.0,
                    -0.26
                ],
                [
                    0.0,
                    1.0,
                    0.0,
                    -0.4608599999999999
                ],
                [
                    0.0,
                    0.0,
                    1.0,
                    -1.143
                ],
                [
                    0.0,
                    0.0,
                    0.0,
                    1.0
                ]
            ],
            "size": [
                1.48,
                0.272,
                0.945
            ]
        },
        "collider2": {
            "type": "Box",
            "collider2origin": [
                [
                    -0.019927483614448283,
                    0.5563618692707466,
                    0.8307011290580725,
                    0.4895634338466618
                ],
                [
                    0.013338063313503228,
                    0.8309401124072742,
                    -0.5562019648110131,
                    -0.4657348283077064
                ],
                [
                    -0.9997124543906818,
                    -3.761286120215345e-06,
                    -0.023979335312136005,
                    -1.034582051195835
                ],
                [
                    0.0,
                    0.0,
                    0.0,
                    1.0
                ]
            ],
            "size": [
                0.09102,
                0.10007,
                0.11882
            ]
        },
        "distance": 0.0
    },
    {
        "case": 1,
        "collider1": {
            "type": "Box",
            "collider2origin": [
                [
                    1.0,
                    0.0,
                    0.0,
                    0.5199999999999999
                ],
                [
                    0.0,
                    1.0,
                    0.0,
                    -0.43085999999999997
                ],
                [
                    0.0,
                    0.0,
                    1.0,
                    -0.80301
                ],
                [
                    0.0,
                    0.0,
                    0.0,
                    1.0
                ]
            ],
            "size": [
                0.2,
                0.08,
                0.04
            ]
        },
        "collider2": {
            "type": "Box",
            "collider2origin": [
                [
                    -0.8122711956017662,
                    0.5563581745358763,
                    -0.17516017362055997,
                    0.47641740526175536
                ],
                [
                    0.5438585749273841,
                    0.830942586208183,
                    0.11727006823401814,
                    -0.5914295506159293
                ],
                [
                    0.21079220875931845,
                    -7.263876564304534e-06,
                    -0.9775308919280269,
                    -0.7493834157510835
                ],
                [
                    0.0,
                    0.0,
                    0.0,
                    1.0
                ]
            ],
            "size": [
                0.1202,
                0.13634,
                0.67816
            ]
        },
        "distance": 0.02073721040565477
    },
    {
        "case": 2,
        "collider1": {
            "type": "Cylinder",
            "collider2origin": [
                [
                    1.0,
                    0.0,
                    0.0,
                    0.4849999999999999
                ],
                [
                    0.0,
                    -3.673205103346574e-06,
                    -0.9999999999932537,
                    -0.46086
                ],
                [
                    0.0,
                    0.9999999999932537,
                    -3.673205103346574e-06,
                    -0.70001
                ],
                [
                    0.0,
                    0.0,
                    0.0,
                    1.0
                ]
            ],
            "radius": 0.026,
            "height": 0.272
        },
        "collider2": {
            "type": "Box",
            "collider2origin": [
                [
                    -0.8122711956017662,
                    0.5563581745358763,
                    -0.17516017362055997,
                    0.47641740526175536
                ],
                [
                    0.5438585749273841,
                    0.830942586208183,
                    0.11727006823401814,
                    -0.5914295506159293
                ],
                [
                    0.21079220875931845,
                    -7.263876564304534e-06,
                    -0.9775308919280269,
                    -0.7493834157510835
                ],
                [
                    0.0,
                    0.0,
                    0.0,
                    1.0
                ]
            ],
            "size": [
                0.1202,
                0.13634,
                0.67816
            ]
        },
        "distance": 0.0
    },
    {
        "case": 3,
        "collider1": {
            "type": "Box",
            "collider2origin": [
                [
                    1.0,
                    0.0,
                    0.0,
                    -0.26
                ],
                [
                    0.0,
                    1.0,
                    0.0,
                    -0.4608599999999999
                ],
                [
                    0.0,
                    0.0,
                    1.0,
                    -1.143
                ],
                [
                    0.0,
                    0.0,
                    0.0,
                    1.0
                ]
            ],
            "size": [
                1.48,
                0.272,
                0.945
            ]
        },
        "collider2": {
            "type": "Box",
            "collider2origin": [
                [
                    -0.8122711956017662,
                    0.5563581745358763,
                    -0.17516017362055997,
                    0.47641740526175536
                ],
                [
                    0.5438585749273841,
                    0.830942586208183,
                    0.11727006823401814,
                    -0.5914295506159293
                ],
                [
                    0.21079220875931845,
                    -7.263876564304534e-06,
                    -0.9775308919280269,
                    -0.7493834157510835
                ],
                [
                    0.0,
                    0.0,
                    0.0,
                    1.0
                ]
            ],
            "size": [
                0.1202,
                0.13634,
                0.67816
            ]
        },
        "distance": 0.0
    }
]