[
    {
        "case": 0,
        "collider1": {
            "type": "Box",
            "collider2origin": [
                [
                    1.0,
                    0.0,
                    0.0,
                    0.205
                ],
                [
                    0.0,
                    1.0,
                    0.0,
                    -0.17586
                ],
                [
                    0.0,
                    0.0,
                    1.0,
                    -0.10301
                ],
                [
                    0.0,
                    0.0,
                    0.0,
                    1.0
                ]
            ],
            "size": [
                0.05,
                0.05,
                1.2
            ]
        },
        "collider2": {
            "type": "Box",
            "collider2origin": [
                [
                    0.7543664498661499,
                    0.15459516075875082,
                    -0.6379902785985985,
                    0.11914123349713479
                ],
                [
                    0.6538890708067236,
                    -0.26278152790675285,
                    0.7094892188543191,
                    -0.26573675405512776
                ],
                [
                    -0.05796846035441068,
                    -0.9523897337020012,
                    -0.2993216543171755,
                    -0.30705103797385624
                ],
                [
                    0.0,
                    0.0,
                    0.0,
                    1.0
                ]
            ],
            "size": [
                0.09126,
                0.11887,
                0.10009
            ]
        },
        "distance": 0.039476380701191895
    },
    {
        "case": 1,
        "collider1": {
            "type": "Cylinder",
            "collider2origin": [
                [
                    1.0,
                    0.0,
                    0.0,
                    0.4849999999999999
                ],
                [
                    0.0,
                    -3.673205103346574e-06,
                    -0.9999999999932537,
                    -0.46086
                ],
                [
                    0.0,
                    0.9999999999932537,
                    -3.673205103346574e-06,
                    -0.70001
                ],
                [
                    0.0,
                    0.0,
                    0.0,
                    1.0
                ]
            ],
            "radius": 0.026,
            "height": 0.272
        },
        "collider2": {
            "type": "Box",
            "collider2origin": [
                [
                    -0.3922083895130802,
                    -0.743579353800792,
                    -0.5415370013182408,
                    0.43435691995185244
                ],
                [
                    0.4361628574187095,
                    -0.6686476984174028,
                    0.6022227305652419,
                    -0.443057357998079
                ],
                [
                    -0.8098978583771552,
                    -1.5186097601851093e-06,
                    0.5865709326192284,
                    -0.4426528461300836
                ],
                [
                    0.0,
                    0.0,
                    0.0,
                    1.0
                ]
            ],
            "size": [
                0.1202,
                0.13634,
                0.67816
            ]
        },
        "distance": 0.03799117275907809
    },
    {
        "case": 2,
        "collider1": {
            "type": "Box",
            "collider2origin": [
                [
                    1.0,
                    0.0,
                    0.0,
                    0.246
                ],
                [
                    0.0,
                    1.0,
                    0.0,
                    -0.24786000000000002
                ],
                [
                    0.0,
                    0.0,
                    1.0,
                    -0.71801
                ],
                [
                    0.0,
                    0.0,
                    0.0,
                    1.0
                ]
            ],
            "size": [
                0.12,
                0.16,
                0.08
            ]
        },
        "collider2": {
            "type": "Box",
            "collider2origin": [
                [
                    -0.3922083895130802,
                    -0.743579353800792,
                    -0.5415370013182408,
                    0.43435691995185244
                ],
                [
                    0.4361628574187095,
                    -0.6686476984174028,
                    0.6022227305652419,
                    -0.443057357998079
                ],
                [
                    -0.8098978583771552,
                    -1.5186097601851093e-06,
                    0.5865709326192284,
                    -0.4426528461300836
                ],
                [
                    0.0,
                    0.0,
                    0.0,
                    1.0
                ]
            ],
            "size": [
                0.1202,
                0.13634,
                0.67816
            ]
        },
        "distance": 0.2311027245616914
    },
    {
        "case": 3,
        "collider1": {
            "type": "Box",
            "collider2origin": [
                [
                    1.0,
                    0.0,
                    0.0,
                    0.28600000000000003
                ],
                [
                    0.0,
                    1.0,
                    0.0,
                    -0.19785999999999998
                ],
                [
                    0.0,
                    0.0,
                    1.0,
                    -0.70601
                ],
                [
                    0.0,
                    0.0,
                    0.0,
                    1.0
                ]
            ],
            "size": [
                0.04,
                0.04,
                0.12
            ]
        },
        "collider2": {
            "type": "Box",
            "collider2origin": [
                [
                    -0.3922083895130802,
                    -0.743579353800792,
                    -0.5415370013182408,
                    0.43435691995185244
                ],
                [
                    0.4361628574187095,
                    -0.6686476984174028,
                    0.6022227305652419,
                    -0.443057357998079
                ],
                [
                    -0.8098978583771552,
                    -1.5186097601851093e-06,
                    0.5865709326192284,
                    -0.4426528461300836
                ],
                [
                    0.0,
                    0.0,
                    0.0,
                    1.0
                ]
            ],
            "size": [
                0.1202,
                0.13634,
                0.67816
            ]
        },
        "distance": 0.25316390740968037
    },
    {
        "case": 4,
        "collider1": {
            "type": "Box",
            "collider2origin": [
                [
                    0.9999999999999999,
                    0.0,
                    6.177235058912196e-23,
                    0.2860000183661401
                ],
                [
                    0.0,
                    1.0,
                    0.0,
                    -0.10086
                ],
                [
                    6.177235058912196e-23,
                    0.0,
                    0.9999999999999999,
                    -0.626009937555547
                ],
                [
                    0.0,
                    0.0,
                    0.0,
                    1.0
                ]
            ],
            "size": [
                0.04,
                0.234,
                0.044
            ]
        },
        "collider2": {
            "type": "Box",
            "collider2origin": [
                [
                    -0.3922083895130802,
                    -0.743579353800792,
                    -0.5415370013182408,
                    0.43435691995185244
                ],
                [
                    0.4361628574187095,
                    -0.6686476984174028,
                    0.6022227305652419,
                    -0.443057357998079
                ],
                [
                    -0.8098978583771552,
                    -1.5186097601851093e-06,
                    0.5865709326192284,
                    -0.4426528461300836
                ],
                [
                    0.0,
                    0.0,
                    0.0,
                    1.0
                ]
            ],
            "size": [
                0.1202,
                0.13634,
                0.67816
            ]
        },
        "distance": 0.21914813958085697
    },
    {
        "case": 5,
        "collider1": {
            "type": "Box",
            "collider2origin": [
                [
                    1.0,
                    0.0,
                    0.0,
                    0.205
                ],
                [
                    0.0,
                    1.0,
                    0.0,
                    -0.17586
                ],
                [
                    0.0,
                    0.0,
                    1.0,
                    -0.10301
                ],
                [
                    0.0,
                    0.0,
                    0.0,
                    1.0
                ]
            ],
            "size": [
                0.05,
                0.05,
                1.2
            ]
        },
        "collider2": {
            "type": "Box",
            "collider2origin": [
                [
                    -0.3922083895130802,
                    -0.743579353800792,
                    -0.5415370013182408,
                    0.43435691995185244
                ],
                [
                    0.4361628574187095,
                    -0.6686476984174028,
                    0.6022227305652419,
                    -0.443057357998079
                ],
                [
                    -0.8098978583771552,
                    -1.5186097601851093e-06,
                    0.5865709326192284,
                    -0.4426528461300836
                ],
                [
                    0.0,
                    0.0,
                    0.0,
                    1.0
                ]
            ],
            "size": [
                0.1202,
                0.13634,
                0.67816
            ]
        },
        "distance": 0.0068626602650129
    },
    {
        "case": 6,
        "collider1": {
            "type": "Box",
            "collider2origin": [
                [
                    1.0,
                    0.0,
                    0.0,
                    -0.26
                ],
                [
                    0.0,
                    1.0,
                    0.0,
                    -0.4608599999999999
                ],
                [
                    0.0,
                    0.0,
                    1.0,
                    -1.143
                ],
                [
                    0.0,
                    0.0,
                    0.0,
                    1.0
                ]
            ],
            "size": [
                1.48,
                0.272,
                0.945
            ]
        },
        "collider2": {
            "type": "Box",
            "collider2origin": [
                [
                    -0.3922083895130802,
                    -0.743579353800792,
                    -0.5415370013182408,
                    0.43435691995185244
                ],
                [
                    0.4361628574187095,
                    -0.6686476984174028,
                    0.6022227305652419,
                    -0.443057357998079
                ],
                [
                    -0.8098978583771552,
                    -1.5186097601851093e-06,
                    0.5865709326192284,
                    -0.4426528461300836
                ],
                [
                    0.0,
                    0.0,
                    0.0,
                    1.0
                ]
            ],
            "size": [
                0.1202,
                0.13634,
                0.67816
            ]
        },
        "distance": 0.03945509328160597
    },
    {
        "case": 7,
        "collider1": {
            "type": "Box",
            "collider2origin": [
                [
                    1.0,
                    0.0,
                    0.0,
                    -0.08500000000000019
                ],
                [
                    0.0,
                    1.0,
                    0.0,
                    -0.03585999999999995
                ],
                [
                    0.0,
                    0.0,
                    1.0,
                    -0.81301
                ],
                [
                    0.0,
                    0.0,
                    0.0,
                    1.0
                ]
            ],
            "size": [
                1.01,
                0.28,
                0.27
            ]
        },
        "collider2": {
            "type": "Box",
            "collider2origin": [
                [
                    -0.3922083895130802,
                    -0.743579353800792,
                    -0.5415370013182408,
                    0.43435691995185244
                ],
                [
                    0.4361628574187095,
                    -0.6686476984174028,
                    0.6022227305652419,
                    -0.443057357998079
                ],
                [
                    -0.8098978583771552,
                    -1.5186097601851093e-06,
                    0.5865709326192284,
                    -0.4426528461300836
                ],
                [
                    0.0,
                    0.0,
                    0.0,
                    1.0
                ]
            ],
            "size": [
                0.1202,
                0.13634,
                0.67816
            ]
        },
        "distance": 0.2716875515409939
    },
    {
        "case": 8,
        "collider1": {
            "type": "Cylinder",
            "collider2origin": [
                [
                    1.0,
                    0.0,
                    0.0,
                    0.4849999999999999
                ],
                [
                    0.0,
                    -3.673205103346574e-06,
                    -0.9999999999932537,
                    -0.46086
                ],
                [
                    0.0,
                    0.9999999999932537,
                    -3.673205103346574e-06,
                    -0.70001
                ],
                [
                    0.0,
                    0.0,
                    0.0,
                    1.0
                ]
            ],
            "radius": 0.026,
            "height": 0.272
        },
        "collider2": {
            "type": "Box",
            "collider2origin": [
                [
                    0.25618183351540874,
                    -0.7435796332862985,
                    -0.6176246409741902,
                    0.6849209877786846
                ],
                [
                    -0.28488393809226165,
                    -0.6686473875937916,
                    0.6868419125832684,
                    -0.9106467488675988
                ],
                [
                    -0.9236947601852724,
                    -5.080517265245061e-06,
                    -0.3831292079448661,
                    -0.4875365580715054
                ],
                [
                    0.0,
                    0.0,
                    0.0,
                    1.0
                ]
            ],
            "size": [
                0.15068,
                0.17726,
                0.74884
            ]
        },
        "distance": 0.02708597944824658
    },
    {
        "case": 9,
        "collider1": {
            "type": "Box",
            "collider2origin": [
                [
                    1.0,
                    0.0,
                    0.0,
                    -0.26
                ],
                [
                    0.0,
                    1.0,
                    0.0,
                    -0.4608599999999999
                ],
                [
                    0.0,
                    0.0,
                    1.0,
                    -1.143
                ],
                [
                    0.0,
                    0.0,
                    0.0,
                    1.0
                ]
            ],
            "size": [
                1.48,
                0.272,
                0.945
            ]
        },
        "collider2": {
            "type": "Box",
            "collider2origin": [
                [
                    0.25618183351540874,
                    -0.7435796332862985,
                    -0.6176246409741902,
                    0.6849209877786846
                ],
                [
                    -0.28488393809226165,
                    -0.6686473875937916,
                    0.6868419125832684,
                    -0.9106467488675988
                ],
                [
                    -0.9236947601852724,
                    -5.080517265245061e-06,
                    -0.3831292079448661,
                    -0.4875365580715054
                ],
                [
                    0.0,
                    0.0,
                    0.0,
                    1.0
                ]
            ],
            "size": [
                0.15068,
                0.17726,
                0.74884
            ]
        },
        "distance": 0.03776478082932456
    },
    {
        "case": 10,
        "collider1": {
            "type": "Cylinder",
            "collider2origin": [
                [
                    1.0,
                    0.0,
                    0.0,
                    0.4849999999999999
                ],
                [
                    0.0,
                    -3.673205103346574e-06,
                    -0.9999999999932537,
                    -0.46086
                ],
                [
                    0.0,
                    0.9999999999932537,
                    -3.673205103346574e-06,
                    -0.70001
                ],
                [
                    0.0,
                    0.0,
                    0.0,
                    1.0
                ]
            ],
            "radius": 0.026,
            "height": 0.272
        },
        "collider2": {
            "type": "Box",
            "collider2origin": [
                [
                    0.25618183351540874,
                    -0.7435796332862985,
                    -0.6176246409741902,
                    0.6849209877786846
                ],
                [
                    -0.28488393809226165,
                    -0.6686473875937916,
                    0.6868419125832684,
                    -0.9106467488675988
                ],
                [
                    -0.9236947601852724,
                    -5.080517265245061e-06,
                    -0.3831292079448661,
                    -0.4875365580715054
                ],
                [
                    0.0,
                    0.0,
                    0.0,
                    1.0
                ]
            ],
            "size": [
                0.15068,
                0.17726,
                0.74884
            ]
        },
        "distance": 0.02708597944824658
    },
    {
        "case": 11,
        "collider1": {
            "type": "Box",
            "collider2origin": [
                [
                    1.0,
                    0.0,
                    0.0,
                    -0.26
                ],
                [
                    0.0,
                    1.0,
                    0.0,
                    -0.4608599999999999
                ],
                [
                    0.0,
                    0.0,
                    1.0,
                    -1.143
                ],
                [
                    0.0,
                    0.0,
                    0.0,
                    1.0
                ]
            ],
            "size": [
                1.48,
                0.272,
                0.945
            ]
        },
        "collider2": {
            "type": "Box",
            "collider2origin": [
                [
                    0.25618183351540874,
                    -0.7435796332862985,
                    -0.6176246409741902,
                    0.6849209877786846
                ],
                [
                    -0.28488393809226165,
                    -0.6686473875937916,
                    0.6868419125832684,
                    -0.9106467488675988
                ],
                [
                    -0.9236947601852724,
                    -5.080517265245061e-06,
                    -0.3831292079448661,
                    -0.4875365580715054
                ],
                [
                    0.0,
                    0.0,
                    0.0,
                    1.0
                ]
            ],
            "size": [
                0.15068,
                0.17726,
                0.74884
            ]
        },
        "distance": 0.03776478082932456
    }
]