[
    {
        "case": 0,
        "collider1": {
            "type": "Box",
            "collider2origin": [
                [
                    1.0,
                    0.0,
                    0.0,
                    0.7
                ],
                [
                    0.0,
                    1.0,
                    0.0,
                    -0.15085999999999994
                ],
                [
                    0.0,
                    0.0,
                    1.0,
                    -1.03301
                ],
                [
                    0.0,
                    0.0,
                    0.0,
                    1.0
                ]
            ],
            "size": [
                0.6,
                0.06,
                0.06
            ]
        },
        "collider2": {
            "type": "Box",
            "collider2origin": [
                [
                    -0.08190237059394265,
                    -0.9799079226498345,
                    0.18185836472149947,
                    1.1042873331484813
                ],
                [
                    -0.4024133586362995,
                    0.1994504026098616,
                    0.8934668576336879,
                    -0.24596376644154816
                ],
                [
                    -0.911786976481977,
                    -5.18165636402464e-06,
                    -0.41066349909750305,
                    -0.8349515834363844
                ],
                [
                    0.0,
                    0.0,
                    0.0,
                    1.0
                ]
            ],
            "size": [
                0.1202,
                0.13634,
                0.67816
            ]
        },
        "distance": 0.07818534803254983
    },
    {
        "case": 1,
        "collider1": {
            "type": "Box",
            "collider2origin": [
                [
                    1.0,
                    0.0,
                    0.0,
                    1.2009999999999998
                ],
                [
                    0.0,
                    1.0,
                    0.0,
                    0.02914
                ],
                [
                    0.0,
                    0.0,
                    1.0,
                    -1.22801
                ],
                [
                    0.0,
                    0.0,
                    0.0,
                    1.0
                ]
            ],
            "size": [
                0.41,
                0.6,
                0.82
            ]
        },
        "collider2": {
            "type": "Box",
            "collider2origin": [
                [
                    -0.08190237059394265,
                    -0.9799079226498345,
                    0.18185836472149947,
                    1.1042873331484813
                ],
                [
                    -0.4024133586362995,
                    0.1994504026098616,
                    0.8934668576336879,
                    -0.24596376644154816
                ],
                [
                    -0.911786976481977,
                    -5.18165636402464e-06,
                    -0.41066349909750305,
                    -0.8349515834363844
                ],
                [
                    0.0,
                    0.0,
                    0.0,
                    1.0
                ]
            ],
            "size": [
                0.1202,
                0.13634,
                0.67816
            ]
        },
        "distance": 0.0
    },
    {
        "case": 2,
        "collider1": {
            "type": "Box",
            "collider2origin": [
                [
                    1.0,
                    0.0,
                    0.0,
                    1.2009999999999998
                ],
                [
                    0.0,
                    1.0,
                    0.0,
                    0.02914
                ],
                [
                    0.0,
                    0.0,
                    1.0,
                    -1.22801
                ],
                [
                    0.0,
                    0.0,
                    0.0,
                    1.0
                ]
            ],
            "size": [
                0.41,
                0.6,
                0.82
            ]
        },
        "collider2": {
            "type": "Cylinder",
            "collider2origin": [
                [
                    -0.7612005524760121,
                    -0.3518334826041099,
                    -0.5447815336709538,
                    1.2016164280750385
                ],
                [
                    -0.6419830141417014,
                    0.28986488596158094,
                    0.7098141710617049,
                    -0.06037779938605625
                ],
                [
                    -0.09182335467488316,
                    0.8900514302022907,
                    -0.44651643097550986,
                    -0.7998094979480763
                ],
                [
                    0.0,
                    0.0,
                    0.0,
                    1.0
                ]
            ],
            "radius": 0.01271,
            "height": 0.05982
        },
        "distance": 0.0
    },
    {
        "case": 3,
        "collider1": {
            "type": "Box",
            "collider2origin": [
                [
                    1.0,
                    0.0,
                    0.0,
                    1.2009999999999998
                ],
                [
                    0.0,
                    1.0,
                    0.0,
                    0.02914
                ],
                [
                    0.0,
                    0.0,
                    1.0,
                    -1.22801
                ],
                [
                    0.0,
                    0.0,
                    0.0,
                    1.0
                ]
            ],
            "size": [
                0.41,
                0.6,
                0.82
            ]
        },
        "collider2": {
            "type": "Box",
            "collider2origin": [
                [
                    -0.5751322455354955,
                    0.8120018760518009,
                    0.09937732856971951,
                    1.056801165527398
                ],
                [
                    -0.6828651764270793,
                    -0.5434209601782355,
                    0.48825076637131687,
                    0.09135070994635419
                ],
                [
                    0.4504642615885439,
                    0.2129474426409488,
                    0.8670267214475961,
                    -0.8573561323535538
                ],
                [
                    0.0,
                    0.0,
                    0.0,
                    1.0
                ]
            ],
            "size": [
                0.09126,
                0.11887,
                0.10009
            ]
        },
        "distance": 0.0
    },
    {
        "case": 4,
        "collider1": {
            "type": "Box",
            "collider2origin": [
                [
                    1.0,
                    0.0,
                    0.0,
                    1.2009999999999998
                ],
                [
                    0.0,
                    1.0,
                    0.0,
                    0.02914
                ],
                [
                    0.0,
                    0.0,
                    1.0,
                    -1.22801
                ],
                [
                    0.0,
                    0.0,
                    0.0,
                    1.0
                ]
            ],
            "size": [
                0.41,
                0.6,
                0.82
            ]
        },
        "collider2": {
            "type": "Box",
            "collider2origin": [
                [
                    0.45284242656413604,
                    0.8120001584533953,
                    -0.3682247674656956,
                    1.1174903936922136
                ],
                [
                    0.3564048570232178,
                    -0.5434255454145928,
                    -0.7600422715093629,
                    0.05190838383096996
                ],
                [
                    -0.8172571899920883,
                    0.21294229092059896,
                    -0.5354869430188959,
                    -0.8387297378739225
                ],
                [
                    0.0,
                    0.0,
                    0.0,
                    1.0
                ]
            ],
            "size": [
                0.08993,
                0.0305,
                0.09007
            ]
        },
        "distance": 0.0
    },
    {
        "case": 5,
        "collider1": {
            "type": "Box",
            "collider2origin": [
                [
                    1.0,
                    0.0,
                    0.0,
                    1.2009999999999998
                ],
                [
                    0.0,
                    1.0,
                    0.0,
                    0.02914
                ],
                [
                    0.0,
                    0.0,
                    1.0,
                    -1.22801
                ],
                [
                    0.0,
                    0.0,
                    0.0,
                    1.0
                ]
            ],
            "size": [
                0.41,
                0.6,
                0.82
            ]
        },
        "collider2": {
            "type": "Cylinder",
            "collider2origin": [
                [
                    -0.47921944881038786,
                    -0.8110530215039518,
                    -0.3354723776873107,
                    1.2504399836962512
                ],
                [
                    -0.7358725446563927,
                    0.162955486575604,
                    0.6572192232549448,
                    -0.06699143556780862
                ],
                [
                    -0.47837257227269264,
                    0.561817146146518,
                    -0.674923089242759,
                    -0.8133085533233703
                ],
                [
                    0.0,
                    0.0,
                    0.0,
                    1.0
                ]
            ],
            "radius": 0.00713,
            "height": 0.01426
        },
        "distance": 0.0
    },
    {
        "case": 6,
        "collider1": {
            "type": "Box",
            "collider2origin": [
                [
                    1.0,
                    0.0,
                    0.0,
                    1.2009999999999998
                ],
                [
                    0.0,
                    1.0,
                    0.0,
                    0.02914
                ],
                [
                    0.0,
                    0.0,
                    1.0,
                    -1.22801
                ],
                [
                    0.0,
                    0.0,
                    0.0,
                    1.0
                ]
            ],
            "size": [
                0.41,
                0.6,
                0.82
            ]
        },
        "collider2": {
            "type": "Box",
            "collider2origin": [
                [
                    -0.31900269594364117,
                    0.9190627019839357,
                    -0.23143255994495607,
                    1.2348475276785305
                ],
                [
                    -0.775535146241609,
                    -0.3934966299854614,
                    -0.4936655134137798,
                    -0.01213284238490242
                ],
                [
                    -0.5447774930416042,
                    0.022003454548583896,
                    0.8382919127984194,
                    -0.8274869835080884
                ],
                [
                    0.0,
                    0.0,
                    0.0,
                    1.0
                ]
            ],
            "size": [
                0.07264,
                0.04753,
                0.03326
            ]
        },
        "distance": 0.0
    },
    {
        "case": 7,
        "collider1": {
            "type": "Box",
            "collider2origin": [
                [
                    1.0,
                    0.0,
                    0.0,
                    1.2009999999999998
                ],
                [
                    0.0,
                    1.0,
                    0.0,
                    0.02914
                ],
                [
                    0.0,
                    0.0,
                    1.0,
                    -1.22801
                ],
                [
                    0.0,
                    0.0,
                    0.0,
                    1.0
                ]
            ],
            "size": [
                0.41,
                0.6,
                0.82
            ]
        },
        "collider2": {
            "type": "Cylinder",
            "collider2origin": [
                [
                    -0.3682271365055197,
                    -0.9097334543785791,
                    -0.1918171471098511,
                    1.253178596164731
                ],
                [
                    -0.760040893504015,
                    0.17571472755430906,
                    0.6256693813206239,
                    -0.03776318726662309
                ],
                [
                    -0.5354872698230675,
                    0.376177320561636,
                    -0.7561375584855606,
                    -0.8139662631216138
                ],
                [
                    0.0,
                    0.0,
                    0.0,
                    1.0
                ]
            ],
            "radius": 0.00683,
            "height": 0.01782
        },
        "distance": 0.0
    },
    {
        "case": 8,
        "collider1": {
            "type": "Box",
            "collider2origin": [
                [
                    1.0,
                    0.0,
                    0.0,
                    1.2009999999999998
                ],
                [
                    0.0,
                    1.0,
                    0.0,
                    0.02914
                ],
                [
                    0.0,
                    0.0,
                    1.0,
                    -1.22801
                ],
                [
                    0.0,
                    0.0,
                    0.0,
                    1.0
                ]
            ],
            "size": [
                0.41,
                0.6,
                0.82
            ]
        },
        "collider2": {
            "type": "Box",
            "collider2origin": [
                [
                    0.1729277766276941,
                    -0.9799082256195976,
                    0.09937732856971951,
                    1.048074944972401
                ],
                [
                    0.8496065676388153,
                    0.19944891416804725,
                    0.48825076637131687,
                    0.03820461745654735
                ],
                [
                    -0.49826164240847787,
                    -4.884381253907099e-07,
                    0.8670267214475961,
                    -0.9525483270843298
                ],
                [
                    0.0,
                    0.0,
                    0.0,
                    1.0
                ]
            ],
            "size": [
                0.09102,
                0.10007,
                0.11882
            ]
        },
        "distance": 0.0
    },
    {
        "case": 9,
        "collider1": {
            "type": "Box",
            "collider2origin": [
                [
                    1.0,
                    0.0,
                    0.0,
                    1.2009999999999998
                ],
                [
                    0.0,
                    1.0,
                    0.0,
                    0.02914
                ],
                [
                    0.0,
                    0.0,
                    1.0,
                    -1.22801
                ],
                [
                    0.0,
                    0.0,
                    0.0,
                    1.0
                ]
            ],
            "size": [
                0.41,
                0.6,
                0.82
            ]
        },
        "collider2": {
            "type": "Box",
            "collider2origin": [
                [
                    -0.3604133738678412,
                    0.9190626643141204,
                    -0.15945538247744917,
                    1.1878209674526237
                ],
                [
                    -0.8617618467918303,
                    -0.39349642237931237,
                    -0.32019850872328465,
                    0.008260954845181079
                ],
                [
                    -0.357027617070631,
                    0.022008740048253966,
                    0.9338345121114098,
                    -0.825757426380551
                ],
                [
                    0.0,
                    0.0,
                    0.0,
                    1.0
                ]
            ],
            "size": [
                0.06241,
                0.05638,
                0.02858
            ]
        },
        "distance": 0.0
    },
    {
        "case": 10,
        "collider1": {
            "type": "Box",
            "collider2origin": [
                [
                    1.0,
                    0.0,
                    0.0,
                    1.2009999999999998
                ],
                [
                    0.0,
                    1.0,
                    0.0,
                    0.02914
                ],
                [
                    0.0,
                    0.0,
                    1.0,
                    -1.22801
                ],
                [
                    0.0,
                    0.0,
                    0.0,
                    1.0
                ]
            ],
            "size": [
                0.41,
                0.6,
                0.82
            ]
        },
        "collider2": {
            "type": "Cylinder",
            "collider2origin": [
                [
                    -0.46553328439039343,
                    -0.8256145777874875,
                    -0.31880923774175846,
                    1.245193701428514
                ],
                [
                    -0.7263336165805931,
                    0.15058465326088075,
                    0.6706442720453635,
                    -0.05691683707299655
                ],
                [
                    -0.5056859089886213,
                    0.5437690972711565,
                    -0.6697737903973718,
                    -0.8238347657035574
                ],
                [
                    0.0,
                    0.0,
                    0.0,
                    1.0
                ]
            ],
            "radius": 0.00713,
            "height": 0.01697
        },
        "distance": 0.0
    }
]