[
    {
        "case": 0,
        "collider1": {
            "type": "Box",
            "collider2origin": [
                [
                    1.0,
                    0.0,
                    0.0,
                    1.2009999999999998
                ],
                [
                    0.0,
                    1.0,
                    0.0,
                    0.02914
                ],
                [
                    0.0,
                    0.0,
                    1.0,
                    -1.22801
                ],
                [
                    0.0,
                    0.0,
                    0.0,
                    1.0
                ]
            ],
            "size": [
                0.41,
                0.6,
                0.82
            ]
        },
        "collider2": {
            "type": "Box",
            "collider2origin": [
                [
                    0.17224646826290696,
                    0.9825379412298157,
                    -0.07035871100887257,
                    0.9798559820952306
                ],
                [
                    0.9032649005365504,
                    -0.12904550327969821,
                    0.40921849608978395,
                    -0.303362734576067
                ],
                [
                    0.39299322338896725,
                    -0.13403899480063267,
                    -0.9097196679434741,
                    -1.0511092064978027
                ],
                [
                    0.0,
                    0.0,
                    0.0,
                    1.0
                ]
            ],
            "size": [
                0.08993,
                0.0305,
                0.09007
            ]
        },
        "distance": 0.0
    },
    {
        "case": 1,
        "collider1": {
            "type": "Box",
            "collider2origin": [
                [
                    1.0,
                    0.0,
                    0.0,
                    1.2009999999999998
                ],
                [
                    0.0,
                    1.0,
                    0.0,
                    0.02914
                ],
                [
                    0.0,
                    0.0,
                    1.0,
                    -1.22801
                ],
                [
                    0.0,
                    0.0,
                    0.0,
                    1.0
                ]
            ],
            "size": [
                0.41,
                0.6,
                0.82
            ]
        },
        "collider2": {
            "type": "Box",
            "collider2origin": [
                [
                    -0.02046712019860792,
                    0.9959840782274376,
                    0.08715969772903243,
                    1.1137113753200893
                ],
                [
                    0.42467141807158626,
                    0.08758323615276169,
                    -0.9011011948821713,
                    -0.3016018347593502
                ],
                [
                    -0.9051161713635679,
                    0.018571285966516433,
                    -0.42475854749928954,
                    -1.060053926443071
                ],
                [
                    0.0,
                    0.0,
                    0.0,
                    1.0
                ]
            ],
            "size": [
                0.07264,
                0.04753,
                0.03326
            ]
        },
        "distance": 0.0
    },
    {
        "case": 2,
        "collider1": {
            "type": "Box",
            "collider2origin": [
                [
                    1.0,
                    0.0,
                    0.0,
                    0.7
                ],
                [
                    0.0,
                    1.0,
                    0.0,
                    -0.15085999999999994
                ],
                [
                    0.0,
                    0.0,
                    1.0,
                    -1.03301
                ],
                [
                    0.0,
                    0.0,
                    0.0,
                    1.0
                ]
            ],
            "size": [
                0.6,
                0.06,
                0.06
            ]
        },
        "collider2": {
            "type": "Box",
            "collider2origin": [
                [
                    0.023086001006541103,
                    -0.995240432137999,
                    -0.09467586173515836,
                    0.9190909583491578
                ],
                [
                    0.23580163417772543,
                    0.09744989599744323,
                    -0.9669028426316688,
                    -0.18490796945036347
                ],
                [
                    0.9715269558157611,
                    -2.8029161125680697e-06,
                    0.23692904869496997,
                    -1.066929991259964
                ],
                [
                    0.0,
                    0.0,
                    0.0,
                    1.0
                ]
            ],
            "size": [
                0.09102,
                0.10007,
                0.11882
            ]
        },
        "distance": 0.0
    },
    {
        "case": 3,
        "collider1": {
            "type": "Box",
            "collider2origin": [
                [
                    1.0,
                    0.0,
                    0.0,
                    0.7
                ],
                [
                    0.0,
                    1.0,
                    0.0,
                    -0.15085999999999994
                ],
                [
                    0.0,
                    0.0,
                    1.0,
                    -1.03301
                ],
                [
                    0.0,
                    0.0,
                    0.0,
                    1.0
                ]
            ],
            "size": [
                0.6,
                0.06,
                0.06
            ]
        },
        "collider2": {
            "type": "Box",
            "collider2origin": [
                [
                    -0.02316104180561078,
                    -0.9952397366507516,
                    0.09466484423386154,
                    1.002937925921258
                ],
                [
                    -0.23656797874587793,
                    0.0974569985720547,
                    0.9667149139541689,
                    -0.47542497035565334
                ],
                [
                    -0.9713388479694242,
                    -4.5463224980658476e-06,
                    -0.23769905848522474,
                    -0.9978931542493717
                ],
                [
                    0.0,
                    0.0,
                    0.0,
                    1.0
                ]
            ],
            "size": [
                0.1202,
                0.13634,
                0.67816
            ]
        },
        "distance": 0.0
    },
    {
        "case": 4,
        "collider1": {
            "type": "Box",
            "collider2origin": [
                [
                    1.0,
                    0.0,
                    0.0,
                    1.2009999999999998
                ],
                [
                    0.0,
                    1.0,
                    0.0,
                    0.02914
                ],
                [
                    0.0,
                    0.0,
                    1.0,
                    -1.22801
                ],
                [
                    0.0,
                    0.0,
                    0.0,
                    1.0
                ]
            ],
            "size": [
                0.41,
                0.6,
                0.82
            ]
        },
        "collider2": {
            "type": "Box",
            "collider2origin": [
                [
                    -0.02316104180561078,
                    -0.9952397366507516,
                    0.09466484423386154,
                    1.002937925921258
                ],
                [
                    -0.23656797874587793,
                    0.0974569985720547,
                    0.9667149139541689,
                    -0.47542497035565334
                ],
                [
                    -0.9713388479694242,
                    -4.5463224980658476e-06,
                    -0.23769905848522474,
                    -0.9978931542493717
                ],
                [
                    0.0,
                    0.0,
                    0.0,
                    1.0
                ]
            ],
            "size": [
                0.1202,
                0.13634,
                0.67816
            ]
        },
        "distance": 0.0
    }
]