[
    {
        "case": 0,
        "collider1": {
            "type": "Box",
            "collider2origin": [
                [
                    1.0,
                    0.0,
                    0.0,
                    1.2009999999999998
                ],
                [
                    0.0,
                    1.0,
                    0.0,
                    0.02914
                ],
                [
                    0.0,
                    0.0,
                    1.0,
                    -1.22801
                ],
                [
                    0.0,
                    0.0,
                    0.0,
                    1.0
                ]
            ],
            "size": [
                0.41,
                0.6,
                0.82
            ]
        },
        "collider2": {
            "type": "Cylinder",
            "collider2origin": [
                [
                    0.10913232794510637,
                    0.19048472441079167,
                    0.9756053017298676,
                    1.0032015079031145
                ],
                [
                    -0.6407796237671299,
                    0.7638078574376953,
                    -0.07745340974606861,
                    -0.18770480233287845
                ],
                [
                    -0.7599286866293027,
                    -0.6166953272748071,
                    0.2054148596262721,
                    -1.3981512187052312
                ],
                [
                    0.0,
                    0.0,
                    0.0,
                    1.0
                ]
            ],
            "radius": 0.01271,
            "height": 0.05982
        },
        "distance": 0.0
    },
    {
        "case": 1,
        "collider1": {
            "type": "Box",
            "collider2origin": [
                [
                    1.0,
                    0.0,
                    0.0,
                    1.2009999999999998
                ],
                [
                    0.0,
                    1.0,
                    0.0,
                    0.02914
                ],
                [
                    0.0,
                    0.0,
                    1.0,
                    -1.22801
                ],
                [
                    0.0,
                    0.0,
                    0.0,
                    1.0
                ]
            ],
            "size": [
                0.41,
                0.6,
                0.82
            ]
        },
        "collider2": {
            "type": "Cylinder",
            "collider2origin": [
                [
                    0.08709166357467846,
                    0.10698061999126424,
                    0.9904393919276835,
                    0.9889853471029209
                ],
                [
                    -0.6036340019452756,
                    0.7965798649647445,
                    -0.03296225763324123,
                    -0.1845705840968025
                ],
                [
                    -0.7924903998354336,
                    -0.5949921559810968,
                    0.13395260538578596,
                    -1.400984864440267
                ],
                [
                    0.0,
                    0.0,
                    0.0,
                    1.0
                ]
            ],
            "radius": 0.01169,
            "height": 0.05502
        },
        "distance": 0.0
    },
    {
        "case": 2,
        "collider1": {
            "type": "Box",
            "collider2origin": [
                [
                    1.0,
                    0.0,
                    0.0,
                    1.2009999999999998
                ],
                [
                    0.0,
                    1.0,
                    0.0,
                    0.02914
                ],
                [
                    0.0,
                    0.0,
                    1.0,
                    -1.22801
                ],
                [
                    0.0,
                    0.0,
                    0.0,
                    1.0
                ]
            ],
            "size": [
                0.41,
                0.6,
                0.82
            ]
        },
        "collider2": {
            "type": "Box",
            "collider2origin": [
                [
                    0.06643968071891244,
                    -0.9949613699357169,
                    -0.07508422711602014,
                    1.00557102085951
                ],
                [
                    -0.8765777905718136,
                    -0.0941507525239399,
                    0.47196081709757787,
                    -0.17733362445983714
                ],
                [
                    -0.47665201762103837,
                    0.03446023991235309,
                    -0.8784163852996913,
                    -1.3463091548718014
                ],
                [
                    0.0,
                    0.0,
                    0.0,
                    1.0
                ]
            ],
            "size": [
                0.07264,
                0.04753,
                0.03326
            ]
        },
        "distance": 0.0
    },
    {
        "case": 3,
        "collider1": {
            "type": "Box",
            "collider2origin": [
                [
                    1.0,
                    0.0,
                    0.0,
                    1.2009999999999998
                ],
                [
                    0.0,
                    1.0,
                    0.0,
                    0.02914
                ],
                [
                    0.0,
                    0.0,
                    1.0,
                    -1.22801
                ],
                [
                    0.0,
                    0.0,
                    0.0,
                    1.0
                ]
            ],
            "size": [
                0.41,
                0.6,
                0.82
            ]
        },
        "collider2": {
            "type": "Box",
            "collider2origin": [
                [
                    0.03996761907049835,
                    0.9982482916196505,
                    0.04362267419914467,
                    1.0789353240550574
                ],
                [
                    0.6742824013954052,
                    -0.05916374092781329,
                    0.736099785985482,
                    -0.4828206295758045
                ],
                [
                    0.7373912344164942,
                    -6.154329854448829e-06,
                    -0.6754658891223472,
                    -1.0873130275349931
                ],
                [
                    0.0,
                    0.0,
                    0.0,
                    1.0
                ]
            ],
            "size": [
                0.1202,
                0.13634,
                0.67816
            ]
        },
        "distance": 0.0
    },
    {
        "case": 4,
        "collider1": {
            "type": "Box",
            "collider2origin": [
                [
                    1.0,
                    0.0,
                    0.0,
                    1.2009999999999998
                ],
                [
                    0.0,
                    1.0,
                    0.0,
                    0.02914
                ],
                [
                    0.0,
                    0.0,
                    1.0,
                    -1.22801
                ],
                [
                    0.0,
                    0.0,
                    0.0,
                    1.0
                ]
            ],
            "size": [
                0.41,
                0.6,
                0.82
            ]
        },
        "collider2": {
            "type": "Box",
            "collider2origin": [
                [
                    0.017533388040611077,
                    0.9982483389396956,
                    0.056505168860519955,
                    1.2033801921940768
                ],
                [
                    0.29576162019016977,
                    -0.059162942636979965,
                    0.953427926086193,
                    -0.2721000983409235
                ],
                [
                    0.9551008555782488,
                    -4.76150551776771e-06,
                    -0.2962808729078287,
                    -1.2853946651576513
                ],
                [
                    0.0,
                    0.0,
                    0.0,
                    1.0
                ]
            ],
            "size": [
                0.09102,
                0.10007,
                0.11882
            ]
        },
        "distance": 0.0
    },
    {
        "case": 5,
        "collider1": {
            "type": "Box",
            "collider2origin": [
                [
                    1.0,
                    0.0,
                    0.0,
                    1.2009999999999998
                ],
                [
                    0.0,
                    1.0,
                    0.0,
                    0.02914
                ],
                [
                    0.0,
                    0.0,
                    1.0,
                    -1.22801
                ],
                [
                    0.0,
                    0.0,
                    0.0,
                    1.0
                ]
            ],
            "size": [
                0.41,
                0.6,
                0.82
            ]
        },
        "collider2": {
            "type": "Box",
            "collider2origin": [
                [
                    0.04922952220573073,
                    -0.9949618967703325,
                    -0.08733428947771316,
                    1.0562333683136655
                ],
                [
                    -0.7582232678158909,
                    -0.09414605098108345,
                    0.6451619930120329,
                    -0.16990322590339646
                ],
                [
                    -0.6501337787609464,
                    0.03445787369889127,
                    -0.7590380258288537,
                    -1.3492265899999318
                ],
                [
                    0.0,
                    0.0,
                    0.0,
                    1.0
                ]
            ],
            "size": [
                0.06241,
                0.05638,
                0.02858
            ]
        },
        "distance": 0.0
    },
    {
        "case": 6,
        "collider1": {
            "type": "Box",
            "collider2origin": [
                [
                    1.0,
                    0.0,
                    0.0,
                    1.2009999999999998
                ],
                [
                    0.0,
                    1.0,
                    0.0,
                    0.02914
                ],
                [
                    0.0,
                    0.0,
                    1.0,
                    -1.22801
                ],
                [
                    0.0,
                    0.0,
                    0.0,
                    1.0
                ]
            ],
            "size": [
                0.41,
                0.6,
                0.82
            ]
        },
        "collider2": {
            "type": "Box",
            "collider2origin": [
                [
                    0.20895188399695142,
                    -0.9762921059120414,
                    0.056505168860519955,
                    1.2114376380433092
                ],
                [
                    -0.3014762324132461,
                    -0.009341897499718747,
                    0.953427926086193,
                    -0.1680543616413004
                ],
                [
                    -0.9302962922983403,
                    -0.21625552683096,
                    -0.2962808729078287,
                    -1.318115599812685
                ],
                [
                    0.0,
                    0.0,
                    0.0,
                    1.0
                ]
            ],
            "size": [
                0.09126,
                0.11887,
                0.10009
            ]
        },
        "distance": 0.0
    },
    {
        "case": 7,
        "collider1": {
            "type": "Box",
            "collider2origin": [
                [
                    1.0,
                    0.0,
                    0.0,
                    1.2009999999999998
                ],
                [
                    0.0,
                    1.0,
                    0.0,
                    0.02914
                ],
                [
                    0.0,
                    0.0,
                    1.0,
                    -1.22801
                ],
                [
                    0.0,
                    0.0,
                    0.0,
                    1.0
                ]
            ],
            "size": [
                0.41,
                0.6,
                0.82
            ]
        },
        "collider2": {
            "type": "Box",
            "collider2origin": [
                [
                    -0.18252577596837283,
                    -0.9762918860712055,
                    0.11635503555356508,
                    1.1388418559939135
                ],
                [
                    -0.5014838163462645,
                    -0.009348577386443733,
                    -0.8651165158772749,
                    -0.1659825098282639
                ],
                [
                    0.8456939890113495,
                    -0.2162562306440619,
                    -0.4878882245532198,
                    -1.3358014539984036
                ],
                [
                    0.0,
                    0.0,
                    0.0,
                    1.0
                ]
            ],
            "size": [
                0.08993,
                0.0305,
                0.09007
            ]
        },
        "distance": 0.0
    }
]