[
    {
        "case": 0,
        "collider1": {
            "type": "Box",
            "collider2origin": [
                [
                    1.0,
                    0.0,
                    0.0,
                    1.23
                ],
                [
                    0.0,
                    1.0,
                    0.0,
                    -0.23086
                ],
                [
                    0.0,
                    0.0,
                    1.0,
                    -0.54301
                ],
                [
                    0.0,
                    0.0,
                    0.0,
                    1.0
                ]
            ],
            "size": [
                0.1,
                0.16,
                0.1
            ]
        },
        "collider2": {
            "type": "Box",
            "collider2origin": [
                [
                    -0.3656017260169962,
                    -0.9168035783725415,
                    0.1606442548511967,
                    1.2247041875654645
                ],
                [
                    -0.8393576926844747,
                    0.39933845123378237,
                    0.36879189944682755,
                    -0.36342078455992743
                ],
                [
                    -0.40226116101954007,
                    -7.036116070548415e-06,
                    -0.9155249632236713,
                    -0.3836409669545706
                ],
                [
                    0.0,
                    0.0,
                    0.0,
                    1.0
                ]
            ],
            "size": [
                0.1202,
                0.13634,
                0.67816
            ]
        },
        "distance": 0.0
    },
    {
        "case": 1,
        "collider1": {
            "type": "Box",
            "collider2origin": [
                [
                    1.0,
                    0.0,
                    0.0,
                    1.28
                ],
                [
                    0.0,
                    1.0,
                    0.0,
                    -0.23086
                ],
                [
                    0.0,
                    0.0,
                    1.0,
                    -0.67301
                ],
                [
                    0.0,
                    0.0,
                    0.0,
                    1.0
                ]
            ],
            "size": [
                0.06,
                0.06,
                0.33
            ]
        },
        "collider2": {
            "type": "Box",
            "collider2origin": [
                [
                    -0.3656017260169962,
                    -0.9168035783725415,
                    0.1606442548511967,
                    1.2247041875654645
                ],
                [
                    -0.8393576926844747,
                    0.39933845123378237,
                    0.36879189944682755,
                    -0.36342078455992743
                ],
                [
                    -0.40226116101954007,
                    -7.036116070548415e-06,
                    -0.9155249632236713,
                    -0.3836409669545706
                ],
                [
                    0.0,
                    0.0,
                    0.0,
                    1.0
                ]
            ],
            "size": [
                0.1202,
                0.13634,
                0.67816
            ]
        },
        "distance": 0.0
    },
    {
        "case": 2,
        "collider1": {
            "type": "Box",
            "collider2origin": [
                [
                    1.0,
                    0.0,
                    0.0,
                    1.23
                ],
                [
                    0.0,
                    1.0,
                    0.0,
                    -0.23086
                ],
                [
                    0.0,
                    0.0,
                    1.0,
                    -0.54301
                ],
                [
                    0.0,
                    0.0,
                    0.0,
                    1.0
                ]
            ],
            "size": [
                0.1,
                0.16,
                0.1
            ]
        },
        "collider2": {
            "type": "Box",
            "collider2origin": [
                [
                    -0.46003744120889756,
                    0.8857016929160234,
                    0.06243447646661092,
                    1.314150163670466
                ],
                [
                    -0.010450151417946993,
                    -0.07571319921383649,
                    0.9970748747211251,
                    -0.2657013267654922
                ],
                [
                    0.8878380184590613,
                    0.458039324327612,
                    0.04408662323417733,
                    -0.46206716615821986
                ],
                [
                    0.0,
                    0.0,
                    0.0,
                    1.0
                ]
            ],
            "size": [
                0.07264,
                0.04753,
                0.03326
            ]
        },
        "distance": 0.019601151154481758
    },
    {
        "case": 3,
        "collider1": {
            "type": "Box",
            "collider2origin": [
                [
                    1.0,
                    0.0,
                    0.0,
                    1.23
                ],
                [
                    0.0,
                    1.0,
                    0.0,
                    -0.23086
                ],
                [
                    0.0,
                    0.0,
                    1.0,
                    -0.54301
                ],
                [
                    0.0,
                    0.0,
                    0.0,
                    1.0
                ]
            ],
            "size": [
                0.1,
                0.16,
                0.1
            ]
        },
        "collider2": {
            "type": "Box",
            "collider2origin": [
                [
                    0.44843270828331344,
                    0.8493378982709543,
                    -0.2784479138050253,
                    1.136147112719036
                ],
                [
                    -0.7465077052405182,
                    0.1845622996483569,
                    -0.6392675524106051,
                    -0.2808048034983994
                ],
                [
                    -0.4915631720930976,
                    0.4945319930087317,
                    0.7168010572903637,
                    -0.5696385521800212
                ],
                [
                    0.0,
                    0.0,
                    0.0,
                    1.0
                ]
            ],
            "size": [
                0.09126,
                0.11887,
                0.10009
            ]
        },
        "distance": 0.0
    },
    {
        "case": 4,
        "collider1": {
            "type": "Box",
            "collider2origin": [
                [
                    1.0,
                    0.0,
                    0.0,
                    1.23
                ],
                [
                    0.0,
                    1.0,
                    0.0,
                    -0.23086
                ],
                [
                    0.0,
                    0.0,
                    1.0,
                    -0.54301
                ],
                [
                    0.0,
                    0.0,
                    0.0,
                    1.0
                ]
            ],
            "size": [
                0.1,
                0.16,
                0.1
            ]
        },
        "collider2": {
            "type": "Box",
            "collider2origin": [
                [
                    0.15697005578663442,
                    0.8493370698777671,
                    -0.5039711731019836,
                    1.1980224561293495
                ],
                [
                    -0.9828079912635386,
                    0.18456466592982446,
                    0.004933193564059792,
                    -0.26938331112354563
                ],
                [
                    0.09720521536866766,
                    0.49453253262213287,
                    0.8637063854594742,
                    -0.5291579524919432
                ],
                [
                    0.0,
                    0.0,
                    0.0,
                    1.0
                ]
            ],
            "size": [
                0.08993,
                0.0305,
                0.09007
            ]
        },
        "distance": 0.0
    },
    {
        "case": 5,
        "collider1": {
            "type": "Box",
            "collider2origin": [
                [
                    1.0,
                    0.0,
                    0.0,
                    1.23
                ],
                [
                    0.0,
                    1.0,
                    0.0,
                    -0.23086
                ],
                [
                    0.0,
                    0.0,
                    1.0,
                    -0.54301
                ],
                [
                    0.0,
                    0.0,
                    0.0,
                    1.0
                ]
            ],
            "size": [
                0.1,
                0.16,
                0.1
            ]
        },
        "collider2": {
            "type": "Box",
            "collider2origin": [
                [
                    -0.43674028593679953,
                    0.8857033568654579,
                    0.15744042135710082,
                    1.269745483027483
                ],
                [
                    0.1987088851700802,
                    -0.07570884323010812,
                    0.977129955538782,
                    -0.2595468990314106
                ],
                [
                    0.8773669138931022,
                    0.45803682678799706,
                    -0.14293202479387113,
                    -0.4869818818150491
                ],
                [
                    0.0,
                    0.0,
                    0.0,
                    1.0
                ]
            ],
            "size": [
                0.06241,
                0.05638,
                0.02858
            ]
        },
        "distance": 0.0
    },
    {
        "case": 6,
        "collider1": {
            "type": "Box",
            "collider2origin": [
                [
                    1.0,
                    0.0,
                    0.0,
                    1.28
                ],
                [
                    0.0,
                    1.0,
                    0.0,
                    -0.23086
                ],
                [
                    0.0,
                    0.0,
                    1.0,
                    -0.67301
                ],
                [
                    0.0,
                    0.0,
                    0.0,
                    1.0
                ]
            ],
            "size": [
                0.06,
                0.06,
                0.33
            ]
        },
        "collider2": {
            "type": "Box",
            "collider2origin": [
                [
                    -0.43674028593679953,
                    0.8857033568654579,
                    0.15744042135710082,
                    1.269745483027483
                ],
                [
                    0.1987088851700802,
                    -0.07570884323010812,
                    0.977129955538782,
                    -0.2595468990314106
                ],
                [
                    0.8773669138931022,
                    0.45803682678799706,
                    -0.14293202479387113,
                    -0.4869818818150491
                ],
                [
                    0.0,
                    0.0,
                    0.0,
                    1.0
                ]
            ],
            "size": [
                0.06241,
                0.05638,
                0.02858
            ]
        },
        "distance": 0.0
    },
    {
        "case": 7,
        "collider1": {
            "type": "Box",
            "collider2origin": [
                [
                    1.0,
                    0.0,
                    0.0,
                    1.23
                ],
                [
                    0.0,
                    1.0,
                    0.0,
                    -0.23086
                ],
                [
                    0.0,
                    0.0,
                    1.0,
                    -0.54301
                ],
                [
                    0.0,
                    0.0,
                    0.0,
                    1.0
                ]
            ],
            "size": [
                0.1,
                0.16,
                0.1
            ]
        },
        "collider2": {
            "type": "Box",
            "collider2origin": [
                [
                    0.2862429048869112,
                    -0.9168051912481363,
                    -0.2784479138050253,
                    1.1683304135179235
                ],
                [
                    0.6571672200707885,
                    0.3993347484246593,
                    -0.6392675524106051,
                    -0.21298318682727524
                ],
                [
                    0.6972777382552339,
                    -1.0402478016304071e-06,
                    0.7168010572903637,
                    -0.6492037996683323
                ],
                [
                    0.0,
                    0.0,
                    0.0,
                    1.0
                ]
            ],
            "size": [
                0.09102,
                0.10007,
                0.11882
            ]
        },
        "distance": 0.0
    }
]