[
    {
        "case": 0,
        "collider1": {
            "type": "Box",
            "collider2origin": [
                [
                    1.0,
                    0.0,
                    0.0,
                    1.2009999999999998
                ],
                [
                    0.0,
                    1.0,
                    0.0,
                    0.02914
                ],
                [
                    0.0,
                    0.0,
                    1.0,
                    -1.22801
                ],
                [
                    0.0,
                    0.0,
                    0.0,
                    1.0
                ]
            ],
            "size": [
                0.41,
                0.6,
                0.82
            ]
        },
        "collider2": {
            "type": "Box",
            "collider2origin": [
                [
                    -0.40265927515835226,
                    -0.914061720060297,
                    -0.04854564912905619,
                    1.2994052839799872
                ],
                [
                    -0.9074880140008231,
                    0.40557511248451716,
                    -0.1094272935698081,
                    0.06918001656443185
                ],
                [
                    0.11971220728811274,
                    -7.319994851162162e-06,
                    -0.9928086358269781,
                    -0.8137974860773217
                ],
                [
                    0.0,
                    0.0,
                    0.0,
                    1.0
                ]
            ],
            "size": [
                0.09102,
                0.10007,
                0.11882
            ]
        },
        "distance": 0.0
    },
    {
        "case": 1,
        "collider1": {
            "type": "Box",
            "collider2origin": [
                [
                    1.0,
                    0.0,
                    0.0,
                    1.2009999999999998
                ],
                [
                    0.0,
                    1.0,
                    0.0,
                    0.02914
                ],
                [
                    0.0,
                    0.0,
                    1.0,
                    -1.22801
                ],
                [
                    0.0,
                    0.0,
                    0.0,
                    1.0
                ]
            ],
            "size": [
                0.41,
                0.6,
                0.82
            ]
        },
        "collider2": {
            "type": "Box",
            "collider2origin": [
                [
                    -0.30151368412020196,
                    0.9522251930288872,
                    -0.04854564912905619,
                    1.2924196714184406
                ],
                [
                    0.9492161002582782,
                    0.2949821391753297,
                    -0.1094272935698081,
                    0.05933162568974093
                ],
                [
                    -0.0898793263143953,
                    -0.07907413817832515,
                    -0.9928086358269781,
                    -0.922512476689965
                ],
                [
                    0.0,
                    0.0,
                    0.0,
                    1.0
                ]
            ],
            "size": [
                0.09126,
                0.11887,
                0.10009
            ]
        },
        "distance": 0.0
    },
    {
        "case": 2,
        "collider1": {
            "type": "Box",
            "collider2origin": [
                [
                    1.0,
                    0.0,
                    0.0,
                    1.2009999999999998
                ],
                [
                    0.0,
                    1.0,
                    0.0,
                    0.02914
                ],
                [
                    0.0,
                    0.0,
                    1.0,
                    -1.22801
                ],
                [
                    0.0,
                    0.0,
                    0.0,
                    1.0
                ]
            ],
            "size": [
                0.41,
                0.6,
                0.82
            ]
        },
        "collider2": {
            "type": "Box",
            "collider2origin": [
                [
                    -0.049008252092487464,
                    0.9522242640895566,
                    -0.3014417723308117,
                    1.3630750093948216
                ],
                [
                    0.40315285343861146,
                    0.2949857231698831,
                    0.8662858649950641,
                    0.08173361371120547
                ],
                [
                    0.9138194394907259,
                    -0.0790719546049224,
                    -0.39834866386598106,
                    -0.9325286708443532
                ],
                [
                    0.0,
                    0.0,
                    0.0,
                    1.0
                ]
            ],
            "size": [
                0.08993,
                0.0305,
                0.09007
            ]
        },
        "distance": 0.0
    },
    {
        "case": 3,
        "collider1": {
            "type": "Box",
            "collider2origin": [
                [
                    1.0,
                    0.0,
                    0.0,
                    1.2009999999999998
                ],
                [
                    0.0,
                    1.0,
                    0.0,
                    0.02914
                ],
                [
                    0.0,
                    0.0,
                    1.0,
                    -1.22801
                ],
                [
                    0.0,
                    0.0,
                    0.0,
                    1.0
                ]
            ],
            "size": [
                0.41,
                0.6,
                0.82
            ]
        },
        "collider2": {
            "type": "Box",
            "collider2origin": [
                [
                    -0.19145997777267426,
                    0.921479021781143,
                    0.3379637396652987,
                    1.4422930079370333
                ],
                [
                    0.8053817754460807,
                    0.3443040133098516,
                    -0.48250900737504154,
                    0.10897151980832276
                ],
                [
                    -0.5609842000365122,
                    0.17980867286089475,
                    -0.8080628493337614,
                    -0.93406935459834
                ],
                [
                    0.0,
                    0.0,
                    0.0,
                    1.0
                ]
            ],
            "size": [
                0.06241,
                0.05638,
                0.02858
            ]
        },
        "distance": 0.0
    },
    {
        "case": 4,
        "collider1": {
            "type": "Box",
            "collider2origin": [
                [
                    1.0,
                    0.0,
                    0.0,
                    1.2009999999999998
                ],
                [
                    0.0,
                    1.0,
                    0.0,
                    0.02914
                ],
                [
                    0.0,
                    0.0,
                    1.0,
                    -1.22801
                ],
                [
                    0.0,
                    0.0,
                    0.0,
                    1.0
                ]
            ],
            "size": [
                0.41,
                0.6,
                0.82
            ]
        },
        "collider2": {
            "type": "Box",
            "collider2origin": [
                [
                    -0.132640844061561,
                    -0.914060133890879,
                    0.3832759816607672,
                    1.2897343274293873
                ],
                [
                    -0.29894646325785057,
                    0.405578687319276,
                    0.8637921859440472,
                    -0.228173952556172
                ],
                [
                    -0.9450065706608918,
                    -4.8745317679349755e-06,
                    -0.32705134365108435,
                    -0.7156650373677825
                ],
                [
                    0.0,
                    0.0,
                    0.0,
                    1.0
                ]
            ],
            "size": [
                0.1202,
                0.13634,
                0.67816
            ]
        },
        "distance": 0.0
    },
    {
        "case": 5,
        "collider1": {
            "type": "Box",
            "collider2origin": [
                [
                    1.0,
                    0.0,
                    0.0,
                    1.23
                ],
                [
                    0.0,
                    1.0,
                    0.0,
                    -0.23086
                ],
                [
                    0.0,
                    0.0,
                    1.0,
                    -0.54301
                ],
                [
                    0.0,
                    0.0,
                    0.0,
                    1.0
                ]
            ],
            "size": [
                0.1,
                0.16,
                0.1
            ]
        },
        "collider2": {
            "type": "Box",
            "collider2origin": [
                [
                    -0.132640844061561,
                    -0.914060133890879,
                    0.3832759816607672,
                    1.2897343274293873
                ],
                [
                    -0.29894646325785057,
                    0.405578687319276,
                    0.8637921859440472,
                    -0.228173952556172
                ],
                [
                    -0.9450065706608918,
                    -4.8745317679349755e-06,
                    -0.32705134365108435,
                    -0.7156650373677825
                ],
                [
                    0.0,
                    0.0,
                    0.0,
                    1.0
                ]
            ],
            "size": [
                0.1202,
                0.13634,
                0.67816
            ]
        },
        "distance": 0.01653586098034681
    },
    {
        "case": 6,
        "collider1": {
            "type": "Box",
            "collider2origin": [
                [
                    1.0,
                    0.0,
                    0.0,
                    1.28
                ],
                [
                    0.0,
                    1.0,
                    0.0,
                    -0.23086
                ],
                [
                    0.0,
                    0.0,
                    1.0,
                    -0.67301
                ],
                [
                    0.0,
                    0.0,
                    0.0,
                    1.0
                ]
            ],
            "size": [
                0.06,
                0.06,
                0.33
            ]
        },
        "collider2": {
            "type": "Box",
            "collider2origin": [
                [
                    -0.132640844061561,
                    -0.914060133890879,
                    0.3832759816607672,
                    1.2897343274293873
                ],
                [
                    -0.29894646325785057,
                    0.405578687319276,
                    0.8637921859440472,
                    -0.228173952556172
                ],
                [
                    -0.9450065706608918,
                    -4.8745317679349755e-06,
                    -0.32705134365108435,
                    -0.7156650373677825
                ],
                [
                    0.0,
                    0.0,
                    0.0,
                    1.0
                ]
            ],
            "size": [
                0.1202,
                0.13634,
                0.67816
            ]
        },
        "distance": 0.0
    },
    {
        "case": 7,
        "collider1": {
            "type": "Box",
            "collider2origin": [
                [
                    1.0,
                    0.0,
                    0.0,
                    1.23
                ],
                [
                    0.0,
                    1.0,
                    0.0,
                    -0.23086
                ],
                [
                    0.0,
                    0.0,
                    1.0,
                    -0.54301
                ],
                [
                    0.0,
                    0.0,
                    0.0,
                    1.0
                ]
            ],
            "size": [
                0.1,
                0.16,
                0.1
            ]
        },
        "collider2": {
            "type": "Box",
            "collider2origin": [
                [
                    -0.16655199855605357,
                    -0.9140601833791385,
                    0.3698032083931665,
                    0.9514050315873147
                ],
                [
                    -0.37537306948533083,
                    0.40557857578285106,
                    0.8334273079106029,
                    -0.6791700892656385
                ],
                [
                    -0.9117869764819768,
                    -5.181656364024641e-06,
                    -0.41066349909750327,
                    -0.49579719705643877
                ],
                [
                    0.0,
                    0.0,
                    0.0,
                    1.0
                ]
            ],
            "size": [
                0.15068,
                0.17726,
                0.74884
            ]
        },
        "distance": 0.0570401416988572
    },
    {
        "case": 8,
        "collider1": {
            "type": "Box",
            "collider2origin": [
                [
                    1.0,
                    0.0,
                    0.0,
                    1.23
                ],
                [
                    0.0,
                    1.0,
                    0.0,
                    -0.23086
                ],
                [
                    0.0,
                    0.0,
                    1.0,
                    -0.54301
                ],
                [
                    0.0,
                    0.0,
                    0.0,
                    1.0
                ]
            ],
            "size": [
                0.1,
                0.16,
                0.1
            ]
        },
        "collider2": {
            "type": "Box",
            "collider2origin": [
                [
                    -0.16655199855605357,
                    -0.9140601833791385,
                    0.3698032083931665,
                    0.9514050315873147
                ],
                [
                    -0.37537306948533083,
                    0.40557857578285106,
                    0.8334273079106029,
                    -0.6791700892656385
                ],
                [
                    -0.9117869764819768,
                    -5.181656364024641e-06,
                    -0.41066349909750327,
                    -0.49579719705643877
                ],
                [
                    0.0,
                    0.0,
                    0.0,
                    1.0
                ]
            ],
            "size": [
                0.15068,
                0.17726,
                0.74884
            ]
        },
        "distance": 0.0570401416988572
    }
]