[
    {
        "case": 0,
        "collider1": {
            "type": "Box",
            "collider2origin": [
                [
                    0.8746175172834064,
                    0.0,
                    0.48481357083007715,
                    -0.095
                ],
                [
                    0.0,
                    1.0,
                    0.0,
                    0.12914
                ],
                [
                    -0.48481357083007715,
                    0.0,
                    0.8746175172834064,
                    -0.05301
                ],
                [
                    0.0,
                    0.0,
                    0.0,
                    1.0
                ]
            ],
            "size": [
                0.05,
                0.05,
                1.4
            ]
        },
        "collider2": {
            "type": "Box",
            "collider2origin": [
                [
                    -0.4237055709986563,
                    0.8152290540052447,
                    -0.39481030712282056,
                    0.29325253312618005
                ],
                [
                    -0.6251269378190765,
                    0.05225218011173398,
                    0.778772124107248,
                    0.03502660411781622
                ],
                [
                    0.6555073612993577,
                    0.5767766458337961,
                    0.48748210234127437,
                    -0.5778424970247695
                ],
                [
                    0.0,
                    0.0,
                    0.0,
                    1.0
                ]
            ],
            "size": [
                0.09126,
                0.11887,
                0.10009
            ]
        },
        "distance": 0.48667685238759056
    },
    {
        "case": 1,
        "collider1": {
            "type": "Box",
            "collider2origin": [
                [
                    0.9999999999999999,
                    0.0,
                    6.177235058912196e-23,
                    0.2860000183661401
                ],
                [
                    0.0,
                    1.0,
                    0.0,
                    -0.10086
                ],
                [
                    6.177235058912196e-23,
                    0.0,
                    0.9999999999999999,
                    -0.626009937555547
                ],
                [
                    0.0,
                    0.0,
                    0.0,
                    1.0
                ]
            ],
            "size": [
                0.04,
                0.234,
                0.044
            ]
        },
        "collider2": {
            "type": "Box",
            "collider2origin": [
                [
                    -0.4237055709986563,
                    0.8152290540052447,
                    -0.39481030712282056,
                    0.29325253312618005
                ],
                [
                    -0.6251269378190765,
                    0.05225218011173398,
                    0.778772124107248,
                    0.03502660411781622
                ],
                [
                    0.6555073612993577,
                    0.5767766458337961,
                    0.48748210234127437,
                    -0.5778424970247695
                ],
                [
                    0.0,
                    0.0,
                    0.0,
                    1.0
                ]
            ],
            "size": [
                0.09126,
                0.11887,
                0.10009
            ]
        },
        "distance": 0.0
    },
    {
        "case": 2,
        "collider1": {
            "type": "Cylinder",
            "collider2origin": [
                [
                    0.9999999999999999,
                    0.0,
                    6.177235058912196e-23,
                    0.2850002314120429
                ],
                [
                    0.0,
                    1.0,
                    0.0,
                    -0.0028599999999999737
                ],
                [
                    6.177235058912196e-23,
                    0.0,
                    0.9999999999999999,
                    -0.5680099338827331
                ],
                [
                    0.0,
                    0.0,
                    0.0,
                    1.0
                ]
            ],
            "radius": 0.015,
            "height": 0.14
        },
        "collider2": {
            "type": "Box",
            "collider2origin": [
                [
                    -0.4237055709986563,
                    0.8152290540052447,
                    -0.39481030712282056,
                    0.29325253312618005
                ],
                [
                    -0.6251269378190765,
                    0.05225218011173398,
                    0.778772124107248,
                    0.03502660411781622
                ],
                [
                    0.6555073612993577,
                    0.5767766458337961,
                    0.48748210234127437,
                    -0.5778424970247695
                ],
                [
                    0.0,
                    0.0,
                    0.0,
                    1.0
                ]
            ],
            "size": [
                0.09126,
                0.11887,
                0.10009
            ]
        },
        "distance": 0.0
    },
    {
        "case": 3,
        "collider1": {
            "type": "Box",
            "collider2origin": [
                [
                    0.9999999999999999,
                    0.0,
                    6.177235058912196e-23,
                    0.3420001028494408
                ],
                [
                    0.0,
                    1.0,
                    0.0,
                    -0.0028599999999999737
                ],
                [
                    6.177235058912196e-23,
                    0.0,
                    0.9999999999999999,
                    -0.6330101644495814
                ],
                [
                    0.0,
                    0.0,
                    0.0,
                    1.0
                ]
            ],
            "size": [
                0.03,
                0.09,
                0.06
            ]
        },
        "collider2": {
            "type": "Box",
            "collider2origin": [
                [
                    -0.4237055709986563,
                    0.8152290540052447,
                    -0.39481030712282056,
                    0.29325253312618005
                ],
                [
                    -0.6251269378190765,
                    0.05225218011173398,
                    0.778772124107248,
                    0.03502660411781622
                ],
                [
                    0.6555073612993577,
                    0.5767766458337961,
                    0.48748210234127437,
                    -0.5778424970247695
                ],
                [
                    0.0,
                    0.0,
                    0.0,
                    1.0
                ]
            ],
            "size": [
                0.09126,
                0.11887,
                0.10009
            ]
        },
        "distance": 0.0
    },
    {
        "case": 4,
        "collider1": {
            "type": "Box",
            "collider2origin": [
                [
                    1.0,
                    0.0,
                    0.0,
                    0.44499999999999995
                ],
                [
                    0.0,
                    1.0,
                    0.0,
                    -0.025859999999999994
                ],
                [
                    0.0,
                    0.0,
                    1.0,
                    -0.67801
                ],
                [
                    0.0,
                    0.0,
                    0.0,
                    1.0
                ]
            ],
            "size": [
                0.06,
                0.09,
                0.004
            ]
        },
        "collider2": {
            "type": "Box",
            "collider2origin": [
                [
                    -0.22042607933740638,
                    -0.8919289012794254,
                    -0.39481030712282056,
                    0.33827965777797764
                ],
                [
                    0.434800119197951,
                    -0.4521756683623438,
                    0.778772124107248,
                    -0.04850083762524815
                ],
                [
                    -0.873132979501626,
                    -1.8825833572491874e-06,
                    0.48748210234127437,
                    -0.6322526366224431
                ],
                [
                    0.0,
                    0.0,
                    0.0,
                    1.0
                ]
            ],
            "size": [
                0.09102,
                0.10007,
                0.11882
            ]
        },
        "distance": 0.011995981796735325
    },
    {
        "case": 5,
        "collider1": {
            "type": "Box",
            "collider2origin": [
                [
                    0.9999999999999999,
                    0.0,
                    6.177235058912196e-23,
                    0.2860000183661401
                ],
                [
                    0.0,
                    1.0,
                    0.0,
                    -0.10086
                ],
                [
                    6.177235058912196e-23,
                    0.0,
                    0.9999999999999999,
                    -0.626009937555547
                ],
                [
                    0.0,
                    0.0,
                    0.0,
                    1.0
                ]
            ],
            "size": [
                0.04,
                0.234,
                0.044
            ]
        },
        "collider2": {
            "type": "Box",
            "collider2origin": [
                [
                    -0.22042607933740638,
                    -0.8919289012794254,
                    -0.39481030712282056,
                    0.33827965777797764
                ],
                [
                    0.434800119197951,
                    -0.4521756683623438,
                    0.778772124107248,
                    -0.04850083762524815
                ],
                [
                    -0.873132979501626,
                    -1.8825833572491874e-06,
                    0.48748210234127437,
                    -0.6322526366224431
                ],
                [
                    0.0,
                    0.0,
                    0.0,
                    1.0
                ]
            ],
            "size": [
                0.09102,
                0.10007,
                0.11882
            ]
        },
        "distance": 0.0
    },
    {
        "case": 6,
        "collider1": {
            "type": "Cylinder",
            "collider2origin": [
                [
                    0.9999999999999999,
                    0.0,
                    6.177235058912196e-23,
                    0.2850002314120429
                ],
                [
                    0.0,
                    1.0,
                    0.0,
                    -0.0028599999999999737
                ],
                [
                    6.177235058912196e-23,
                    0.0,
                    0.9999999999999999,
                    -0.5680099338827331
                ],
                [
                    0.0,
                    0.0,
                    0.0,
                    1.0
                ]
            ],
            "radius": 0.015,
            "height": 0.14
        },
        "collider2": {
            "type": "Box",
            "collider2origin": [
                [
                    -0.22042607933740638,
                    -0.8919289012794254,
                    -0.39481030712282056,
                    0.33827965777797764
                ],
                [
                    0.434800119197951,
                    -0.4521756683623438,
                    0.778772124107248,
                    -0.04850083762524815
                ],
                [
                    -0.873132979501626,
                    -1.8825833572491874e-06,
                    0.48748210234127437,
                    -0.6322526366224431
                ],
                [
                    0.0,
                    0.0,
                    0.0,
                    1.0
                ]
            ],
            "size": [
                0.09102,
                0.10007,
                0.11882
            ]
        },
        "distance": 0.0
    },
    {
        "case": 7,
        "collider1": {
            "type": "Box",
            "collider2origin": [
                [
                    0.9999999999999999,
                    0.0,
                    6.177235058912196e-23,
                    0.3420001028494408
                ],
                [
                    0.0,
                    1.0,
                    0.0,
                    -0.0028599999999999737
                ],
                [
                    6.177235058912196e-23,
                    0.0,
                    0.9999999999999999,
                    -0.6330101644495814
                ],
                [
                    0.0,
                    0.0,
                    0.0,
                    1.0
                ]
            ],
            "size": [
                0.03,
                0.09,
                0.06
            ]
        },
        "collider2": {
            "type": "Box",
            "collider2origin": [
                [
                    -0.22042607933740638,
                    -0.8919289012794254,
                    -0.39481030712282056,
                    0.33827965777797764
                ],
                [
                    0.434800119197951,
                    -0.4521756683623438,
                    0.778772124107248,
                    -0.04850083762524815
                ],
                [
                    -0.873132979501626,
                    -1.8825833572491874e-06,
                    0.48748210234127437,
                    -0.6322526366224431
                ],
                [
                    0.0,
                    0.0,
                    0.0,
                    1.0
                ]
            ],
            "size": [
                0.09102,
                0.10007,
                0.11882
            ]
        },
        "distance": 0.0
    },
    {
        "case": 8,
        "collider1": {
            "type": "Box",
            "collider2origin": [
                [
                    1.0,
                    0.0,
                    0.0,
                    0.4
                ],
                [
                    0.0,
                    1.0,
                    0.0,
                    0.04114000000000001
                ],
                [
                    0.0,
                    0.0,
                    1.0,
                    -0.66301
                ],
                [
                    0.0,
                    0.0,
                    0.0,
                    1.0
                ]
            ],
            "size": [
                0.03,
                0.03,
                0.03
            ]
        },
        "collider2": {
            "type": "Box",
            "collider2origin": [
                [
                    -0.22042607933740638,
                    -0.8919289012794254,
                    -0.39481030712282056,
                    0.33827965777797764
                ],
                [
                    0.434800119197951,
                    -0.4521756683623438,
                    0.778772124107248,
                    -0.04850083762524815
                ],
                [
                    -0.873132979501626,
                    -1.8825833572491874e-06,
                    0.48748210234127437,
                    -0.6322526366224431
                ],
                [
                    0.0,
                    0.0,
                    0.0,
                    1.0
                ]
            ],
            "size": [
                0.09102,
                0.10007,
                0.11882
            ]
        },
        "distance": 0.02538694379046242
    },
    {
        "case": 9,
        "collider1": {
            "type": "Box",
            "collider2origin": [
                [
                    1.0,
                    0.0,
                    0.0,
                    -0.08500000000000019
                ],
                [
                    0.0,
                    1.0,
                    0.0,
                    -0.03585999999999995
                ],
                [
                    0.0,
                    0.0,
                    1.0,
                    -0.81301
                ],
                [
                    0.0,
                    0.0,
                    0.0,
                    1.0
                ]
            ],
            "size": [
                1.01,
                0.28,
                0.27
            ]
        },
        "collider2": {
            "type": "Box",
            "collider2origin": [
                [
                    -0.22042607933740638,
                    -0.8919289012794254,
                    -0.39481030712282056,
                    0.33827965777797764
                ],
                [
                    0.434800119197951,
                    -0.4521756683623438,
                    0.778772124107248,
                    -0.04850083762524815
                ],
                [
                    -0.873132979501626,
                    -1.8825833572491874e-06,
                    0.48748210234127437,
                    -0.6322526366224431
                ],
                [
                    0.0,
                    0.0,
                    0.0,
                    1.0
                ]
            ],
            "size": [
                0.09102,
                0.10007,
                0.11882
            ]
        },
        "distance": 0.0
    },
    {
        "case": 10,
        "collider1": {
            "type": "Box",
            "collider2origin": [
                [
                    1.0,
                    0.0,
                    0.0,
                    0.44499999999999995
                ],
                [
                    0.0,
                    1.0,
                    0.0,
                    -0.025859999999999994
                ],
                [
                    0.0,
                    0.0,
                    1.0,
                    -0.67801
                ],
                [
                    0.0,
                    0.0,
                    0.0,
                    1.0
                ]
            ],
            "size": [
                0.06,
                0.09,
                0.004
            ]
        },
        "collider2": {
            "type": "Box",
            "collider2origin": [
                [
                    0.15640475723433594,
                    -0.8919290094699728,
                    -0.42426429731993903,
                    0.562776782922142
                ],
                [
                    -0.30850259585121115,
                    -0.4521754549303543,
                    0.8368772349105879,
                    -0.24416584331476676
                ],
                [
                    -0.9382769848331207,
                    -4.943710941593695e-06,
                    -0.34588480699219365,
                    -0.5326555119698575
                ],
                [
                    0.0,
                    0.0,
                    0.0,
                    1.0
                ]
            ],
            "size": [
                0.1202,
                0.13634,
                0.67816
            ]
        },
        "distance": 0.0
    },
    {
        "case": 11,
        "collider1": {
            "type": "Cylinder",
            "collider2origin": [
                [
                    1.0,
                    0.0,
                    0.0,
                    0.4849999999999999
                ],
                [
                    0.0,
                    -3.673205103346574e-06,
                    -0.9999999999932537,
                    -0.46086
                ],
                [
                    0.0,
                    0.9999999999932537,
                    -3.673205103346574e-06,
                    -0.70001
                ],
                [
                    0.0,
                    0.0,
                    0.0,
                    1.0
                ]
            ],
            "radius": 0.026,
            "height": 0.272
        },
        "collider2": {
            "type": "Box",
            "collider2origin": [
                [
                    0.15640475723433594,
                    -0.8919290094699728,
                    -0.42426429731993903,
                    0.562776782922142
                ],
                [
                    -0.30850259585121115,
                    -0.4521754549303543,
                    0.8368772349105879,
                    -0.24416584331476676
                ],
                [
                    -0.9382769848331207,
                    -4.943710941593695e-06,
                    -0.34588480699219365,
                    -0.5326555119698575
                ],
                [
                    0.0,
                    0.0,
                    0.0,
                    1.0
                ]
            ],
            "size": [
                0.1202,
                0.13634,
                0.67816
            ]
        },
        "distance": 0.09265989608391235
    },
    {
        "case": 12,
        "collider1": {
            "type": "Box",
            "collider2origin": [
                [
                    0.9999999999999999,
                    0.0,
                    6.177235058912196e-23,
                    0.3420001028494408
                ],
                [
                    0.0,
                    1.0,
                    0.0,
                    -0.0028599999999999737
                ],
                [
                    6.177235058912196e-23,
                    0.0,
                    0.9999999999999999,
                    -0.6330101644495814
                ],
                [
                    0.0,
                    0.0,
                    0.0,
                    1.0
                ]
            ],
            "size": [
                0.03,
                0.09,
                0.06
            ]
        },
        "collider2": {
            "type": "Box",
            "collider2origin": [
                [
                    0.15640475723433594,
                    -0.8919290094699728,
                    -0.42426429731993903,
                    0.562776782922142
                ],
                [
                    -0.30850259585121115,
                    -0.4521754549303543,
                    0.8368772349105879,
                    -0.24416584331476676
                ],
                [
                    -0.9382769848331207,
                    -4.943710941593695e-06,
                    -0.34588480699219365,
                    -0.5326555119698575
                ],
                [
                    0.0,
                    0.0,
                    0.0,
                    1.0
                ]
            ],
            "size": [
                0.1202,
                0.13634,
                0.67816
            ]
        },
        "distance": 0.0
    },
    {
        "case": 13,
        "collider1": {
            "type": "Box",
            "collider2origin": [
                [
                    1.0,
                    0.0,
                    0.0,
                    0.4
                ],
                [
                    0.0,
                    1.0,
                    0.0,
                    0.04114000000000001
                ],
                [
                    0.0,
                    0.0,
                    1.0,
                    -0.66301
                ],
                [
                    0.0,
                    0.0,
                    0.0,
                    1.0
                ]
            ],
            "size": [
                0.03,
                0.03,
                0.03
            ]
        },
        "collider2": {
            "type": "Box",
            "collider2origin": [
                [
                    0.15640475723433594,
                    -0.8919290094699728,
                    -0.42426429731993903,
                    0.562776782922142
                ],
                [
                    -0.30850259585121115,
                    -0.4521754549303543,
                    0.8368772349105879,
                    -0.24416584331476676
                ],
                [
                    -0.9382769848331207,
                    -4.943710941593695e-06,
                    -0.34588480699219365,
                    -0.5326555119698575
                ],
                [
                    0.0,
                    0.0,
                    0.0,
                    1.0
                ]
            ],
            "size": [
                0.1202,
                0.13634,
                0.67816
            ]
        },
        "distance": 0.0
    },
    {
        "case": 14,
        "collider1": {
            "type": "Box",
            "collider2origin": [
                [
                    1.0,
                    0.0,
                    0.0,
                    -0.26
                ],
                [
                    0.0,
                    1.0,
                    0.0,
                    -0.4608599999999999
                ],
                [
                    0.0,
                    0.0,
                    1.0,
                    -1.143
                ],
                [
                    0.0,
                    0.0,
                    0.0,
                    1.0
                ]
            ],
            "size": [
                1.48,
                0.272,
                0.945
            ]
        },
        "collider2": {
            "type": "Box",
            "collider2origin": [
                [
                    0.15640475723433594,
                    -0.8919290094699728,
                    -0.42426429731993903,
                    0.562776782922142
                ],
                [
                    -0.30850259585121115,
                    -0.4521754549303543,
                    0.8368772349105879,
                    -0.24416584331476676
                ],
                [
                    -0.9382769848331207,
                    -4.943710941593695e-06,
                    -0.34588480699219365,
                    -0.5326555119698575
                ],
                [
                    0.0,
                    0.0,
                    0.0,
                    1.0
                ]
            ],
            "size": [
                0.1202,
                0.13634,
                0.67816
            ]
        },
        "distance": 0.09147365312147084
    },
    {
        "case": 15,
        "collider1": {
            "type": "Box",
            "collider2origin": [
                [
                    1.0,
                    0.0,
                    0.0,
                    -0.08500000000000019
                ],
                [
                    0.0,
                    1.0,
                    0.0,
                    -0.03585999999999995
                ],
                [
                    0.0,
                    0.0,
                    1.0,
                    -0.81301
                ],
                [
                    0.0,
                    0.0,
                    0.0,
                    1.0
                ]
            ],
            "size": [
                1.01,
                0.28,
                0.27
            ]
        },
        "collider2": {
            "type": "Box",
            "collider2origin": [
                [
                    0.15640475723433594,
                    -0.8919290094699728,
                    -0.42426429731993903,
                    0.562776782922142
                ],
                [
                    -0.30850259585121115,
                    -0.4521754549303543,
                    0.8368772349105879,
                    -0.24416584331476676
                ],
                [
                    -0.9382769848331207,
                    -4.943710941593695e-06,
                    -0.34588480699219365,
                    -0.5326555119698575
                ],
                [
                    0.0,
                    0.0,
                    0.0,
                    1.0
                ]
            ],
            "size": [
                0.1202,
                0.13634,
                0.67816
            ]
        },
        "distance": 0.0
    }
]