[
    {
        "case": 0,
        "collider1": {
            "type": "Box",
            "collider2origin": [
                [
                    1.0,
                    0.0,
                    0.0,
                    -0.06
                ],
                [
                    0.0,
                    1.0,
                    0.0,
                    -0.37086
                ],
                [
                    0.0,
                    0.0,
                    1.0,
                    -0.40301
                ],
                [
                    0.0,
                    0.0,
                    0.0,
                    1.0
                ]
            ],
            "size": [
                0.1,
                1.0,
                1.64
            ]
        },
        "collider2": {
            "type": "Box",
            "collider2origin": [
                [
                    0.6015954047057214,
                    -0.29399304789010017,
                    0.7427321568568634,
                    -0.017239034537358977
                ],
                [
                    -0.18504720543881376,
                    -0.9558075579092619,
                    -0.22845009083565357,
                    -0.8544664740437355
                ],
                [
                    0.7770717475215816,
                    -5.985164571424409e-06,
                    -0.629412026551712,
                    0.1874429560099582
                ],
                [
                    0.0,
                    0.0,
                    0.0,
                    1.0
                ]
            ],
            "size": [
                0.09102,
                0.10007,
                0.11882
            ]
        },
        "distance": 0.0
    },
    {
        "case": 1,
        "collider1": {
            "type": "Box",
            "collider2origin": [
                [
                    1.0,
                    0.0,
                    0.0,
                    -0.06
                ],
                [
                    0.0,
                    1.0,
                    0.0,
                    -0.37086
                ],
                [
                    0.0,
                    0.0,
                    1.0,
                    -0.40301
                ],
                [
                    0.0,
                    0.0,
                    0.0,
                    1.0
                ]
            ],
            "size": [
                0.1,
                1.0,
                1.64
            ]
        },
        "collider2": {
            "type": "Box",
            "collider2origin": [
                [
                    0.5815379902729895,
                    0.3319073802132212,
                    0.7427321568568634,
                    0.06367481740010406
                ],
                [
                    0.6860287195188471,
                    -0.6907786562948456,
                    -0.22845009083565357,
                    -0.8847467892351286
                ],
                [
                    0.4372392501418224,
                    0.6423879972162335,
                    -0.629412026551712,
                    0.1201815706711642
                ],
                [
                    0.0,
                    0.0,
                    0.0,
                    1.0
                ]
            ],
            "size": [
                0.09126,
                0.11887,
                0.10009
            ]
        },
        "distance": 0.0
    },
    {
        "case": 2,
        "collider1": {
            "type": "Box",
            "collider2origin": [
                [
                    1.0,
                    0.0,
                    0.0,
                    -0.06
                ],
                [
                    0.0,
                    1.0,
                    0.0,
                    -0.37086
                ],
                [
                    0.0,
                    0.0,
                    1.0,
                    -0.40301
                ],
                [
                    0.0,
                    0.0,
                    0.0,
                    1.0
                ]
            ],
            "size": [
                0.1,
                1.0,
                1.64
            ]
        },
        "collider2": {
            "type": "Box",
            "collider2origin": [
                [
                    -0.28536963953258204,
                    -0.2939991268352941,
                    -0.9122108759783172,
                    0.280118652659611
                ],
                [
                    0.08778027258988973,
                    -0.955805688104777,
                    0.28058886351849116,
                    -0.8290027387272505
                ],
                [
                    -0.9543892248852606,
                    -2.576513710095e-06,
                    0.29856524817244345,
                    0.10214260709747247
                ],
                [
                    0.0,
                    0.0,
                    0.0,
                    1.0
                ]
            ],
            "size": [
                0.1202,
                0.13634,
                0.67816
            ]
        },
        "distance": 0.0
    }
]