[
    {
        "case": 0,
        "collider1": {
            "type": "Box",
            "collider2origin": [
                [
                    1.0,
                    0.0,
                    0.0,
                    0.44499999999999995
                ],
                [
                    0.0,
                    1.0,
                    0.0,
                    -0.025859999999999994
                ],
                [
                    0.0,
                    0.0,
                    1.0,
                    -0.67801
                ],
                [
                    0.0,
                    0.0,
                    0.0,
                    1.0
                ]
            ],
            "size": [
                0.06,
                0.09,
                0.004
            ]
        },
        "collider2": {
            "type": "Box",
            "collider2origin": [
                [
                    -0.05488292100025167,
                    0.7833229857247522,
                    -0.6191873424237122,
                    0.5040508389819486
                ],
                [
                    0.06916667307578239,
                    0.6216149129640304,
                    0.7802633345969479,
                    -0.29748998351663125
                ],
                [
                    0.9960942908771778,
                    -3.9975340062061926e-06,
                    -0.08829588702715288,
                    -0.5949181325275303
                ],
                [
                    0.0,
                    0.0,
                    0.0,
                    1.0
                ]
            ],
            "size": [
                0.1202,
                0.13634,
                0.67816
            ]
        },
        "distance": 0.0029534772524033664
    },
    {
        "case": 1,
        "collider1": {
            "type": "Cylinder",
            "collider2origin": [
                [
                    1.0,
                    0.0,
                    0.0,
                    0.4849999999999999
                ],
                [
                    0.0,
                    -3.673205103346574e-06,
                    -0.9999999999932537,
                    -0.46086
                ],
                [
                    0.0,
                    0.9999999999932537,
                    -3.673205103346574e-06,
                    -0.70001
                ],
                [
                    0.0,
                    0.0,
                    0.0,
                    1.0
                ]
            ],
            "radius": 0.026,
            "height": 0.272
        },
        "collider2": {
            "type": "Box",
            "collider2origin": [
                [
                    -0.05488292100025167,
                    0.7833229857247522,
                    -0.6191873424237122,
                    0.5040508389819486
                ],
                [
                    0.06916667307578239,
                    0.6216149129640304,
                    0.7802633345969479,
                    -0.29748998351663125
                ],
                [
                    0.9960942908771778,
                    -3.9975340062061926e-06,
                    -0.08829588702715288,
                    -0.5949181325275303
                ],
                [
                    0.0,
                    0.0,
                    0.0,
                    1.0
                ]
            ],
            "size": [
                0.1202,
                0.13634,
                0.67816
            ]
        },
        "distance": 0.019490712423022916
    },
    {
        "case": 2,
        "collider1": {
            "type": "Box",
            "collider2origin": [
                [
                    1.0,
                    0.0,
                    0.0,
                    0.246
                ],
                [
                    0.0,
                    1.0,
                    0.0,
                    -0.24786000000000002
                ],
                [
                    0.0,
                    0.0,
                    1.0,
                    -0.71801
                ],
                [
                    0.0,
                    0.0,
                    0.0,
                    1.0
                ]
            ],
            "size": [
                0.12,
                0.16,
                0.08
            ]
        },
        "collider2": {
            "type": "Box",
            "collider2origin": [
                [
                    -0.05488292100025167,
                    0.7833229857247522,
                    -0.6191873424237122,
                    0.5040508389819486
                ],
                [
                    0.06916667307578239,
                    0.6216149129640304,
                    0.7802633345969479,
                    -0.29748998351663125
                ],
                [
                    0.9960942908771778,
                    -3.9975340062061926e-06,
                    -0.08829588702715288,
                    -0.5949181325275303
                ],
                [
                    0.0,
                    0.0,
                    0.0,
                    1.0
                ]
            ],
            "size": [
                0.1202,
                0.13634,
                0.67816
            ]
        },
        "distance": 0.0069870274725352685
    },
    {
        "case": 3,
        "collider1": {
            "type": "Box",
            "collider2origin": [
                [
                    1.0,
                    0.0,
                    0.0,
                    0.28600000000000003
                ],
                [
                    0.0,
                    1.0,
                    0.0,
                    -0.19785999999999998
                ],
                [
                    0.0,
                    0.0,
                    1.0,
                    -0.70601
                ],
                [
                    0.0,
                    0.0,
                    0.0,
                    1.0
                ]
            ],
            "size": [
                0.04,
                0.04,
                0.12
            ]
        },
        "collider2": {
            "type": "Box",
            "collider2origin": [
                [
                    -0.05488292100025167,
                    0.7833229857247522,
                    -0.6191873424237122,
                    0.5040508389819486
                ],
                [
                    0.06916667307578239,
                    0.6216149129640304,
                    0.7802633345969479,
                    -0.29748998351663125
                ],
                [
                    0.9960942908771778,
                    -3.9975340062061926e-06,
                    -0.08829588702715288,
                    -0.5949181325275303
                ],
                [
                    0.0,
                    0.0,
                    0.0,
                    1.0
                ]
            ],
            "size": [
                0.1202,
                0.13634,
                0.67816
            ]
        },
        "distance": 0.012603674702196338
    },
    {
        "case": 4,
        "collider1": {
            "type": "Box",
            "collider2origin": [
                [
                    0.9999999999999999,
                    0.0,
                    6.177235058912196e-23,
                    0.2860000183661401
                ],
                [
                    0.0,
                    1.0,
                    0.0,
                    -0.10086
                ],
                [
                    6.177235058912196e-23,
                    0.0,
                    0.9999999999999999,
                    -0.626009937555547
                ],
                [
                    0.0,
                    0.0,
                    0.0,
                    1.0
                ]
            ],
            "size": [
                0.04,
                0.234,
                0.044
            ]
        },
        "collider2": {
            "type": "Box",
            "collider2origin": [
                [
                    -0.05488292100025167,
                    0.7833229857247522,
                    -0.6191873424237122,
                    0.5040508389819486
                ],
                [
                    0.06916667307578239,
                    0.6216149129640304,
                    0.7802633345969479,
                    -0.29748998351663125
                ],
                [
                    0.9960942908771778,
                    -3.9975340062061926e-06,
                    -0.08829588702715288,
                    -0.5949181325275303
                ],
                [
                    0.0,
                    0.0,
                    0.0,
                    1.0
                ]
            ],
            "size": [
                0.1202,
                0.13634,
                0.67816
            ]
        },
        "distance": 0.0
    },
    {
        "case": 5,
        "collider1": {
            "type": "Cylinder",
            "collider2origin": [
                [
                    0.9999999999999999,
                    0.0,
                    6.177235058912196e-23,
                    0.2850002314120429
                ],
                [
                    0.0,
                    1.0,
                    0.0,
                    -0.0028599999999999737
                ],
                [
                    6.177235058912196e-23,
                    0.0,
                    0.9999999999999999,
                    -0.5680099338827331
                ],
                [
                    0.0,
                    0.0,
                    0.0,
                    1.0
                ]
            ],
            "radius": 0.015,
            "height": 0.14
        },
        "collider2": {
            "type": "Box",
            "collider2origin": [
                [
                    -0.05488292100025167,
                    0.7833229857247522,
                    -0.6191873424237122,
                    0.5040508389819486
                ],
                [
                    0.06916667307578239,
                    0.6216149129640304,
                    0.7802633345969479,
                    -0.29748998351663125
                ],
                [
                    0.9960942908771778,
                    -3.9975340062061926e-06,
                    -0.08829588702715288,
                    -0.5949181325275303
                ],
                [
                    0.0,
                    0.0,
                    0.0,
                    1.0
                ]
            ],
            "size": [
                0.1202,
                0.13634,
                0.67816
            ]
        },
        "distance": 0.00889332777079264
    },
    {
        "case": 6,
        "collider1": {
            "type": "Box",
            "collider2origin": [
                [
                    0.9999999999999999,
                    0.0,
                    6.177235058912196e-23,
                    0.3420001028494408
                ],
                [
                    0.0,
                    1.0,
                    0.0,
                    -0.0028599999999999737
                ],
                [
                    6.177235058912196e-23,
                    0.0,
                    0.9999999999999999,
                    -0.6330101644495814
                ],
                [
                    0.0,
                    0.0,
                    0.0,
                    1.0
                ]
            ],
            "size": [
                0.03,
                0.09,
                0.06
            ]
        },
        "collider2": {
            "type": "Box",
            "collider2origin": [
                [
                    -0.05488292100025167,
                    0.7833229857247522,
                    -0.6191873424237122,
                    0.5040508389819486
                ],
                [
                    0.06916667307578239,
                    0.6216149129640304,
                    0.7802633345969479,
                    -0.29748998351663125
                ],
                [
                    0.9960942908771778,
                    -3.9975340062061926e-06,
                    -0.08829588702715288,
                    -0.5949181325275303
                ],
                [
                    0.0,
                    0.0,
                    0.0,
                    1.0
                ]
            ],
            "size": [
                0.1202,
                0.13634,
                0.67816
            ]
        },
        "distance": 0.0
    },
    {
        "case": 7,
        "collider1": {
            "type": "Box",
            "collider2origin": [
                [
                    1.0,
                    0.0,
                    0.0,
                    -0.26
                ],
                [
                    0.0,
                    1.0,
                    0.0,
                    -0.4608599999999999
                ],
                [
                    0.0,
                    0.0,
                    1.0,
                    -1.143
                ],
                [
                    0.0,
                    0.0,
                    0.0,
                    1.0
                ]
            ],
            "size": [
                1.48,
                0.272,
                0.945
            ]
        },
        "collider2": {
            "type": "Box",
            "collider2origin": [
                [
                    -0.05488292100025167,
                    0.7833229857247522,
                    -0.6191873424237122,
                    0.5040508389819486
                ],
                [
                    0.06916667307578239,
                    0.6216149129640304,
                    0.7802633345969479,
                    -0.29748998351663125
                ],
                [
                    0.9960942908771778,
                    -3.9975340062061926e-06,
                    -0.08829588702715288,
                    -0.5949181325275303
                ],
                [
                    0.0,
                    0.0,
                    0.0,
                    1.0
                ]
            ],
            "size": [
                0.1202,
                0.13634,
                0.67816
            ]
        },
        "distance": 0.013462502272250572
    },
    {
        "case": 8,
        "collider1": {
            "type": "Box",
            "collider2origin": [
                [
                    1.0,
                    0.0,
                    0.0,
                    -0.08500000000000019
                ],
                [
                    0.0,
                    1.0,
                    0.0,
                    -0.03585999999999995
                ],
                [
                    0.0,
                    0.0,
                    1.0,
                    -0.81301
                ],
                [
                    0.0,
                    0.0,
                    0.0,
                    1.0
                ]
            ],
            "size": [
                1.01,
                0.28,
                0.27
            ]
        },
        "collider2": {
            "type": "Box",
            "collider2origin": [
                [
                    -0.05488292100025167,
                    0.7833229857247522,
                    -0.6191873424237122,
                    0.5040508389819486
                ],
                [
                    0.06916667307578239,
                    0.6216149129640304,
                    0.7802633345969479,
                    -0.29748998351663125
                ],
                [
                    0.9960942908771778,
                    -3.9975340062061926e-06,
                    -0.08829588702715288,
                    -0.5949181325275303
                ],
                [
                    0.0,
                    0.0,
                    0.0,
                    1.0
                ]
            ],
            "size": [
                0.1202,
                0.13634,
                0.67816
            ]
        },
        "distance": 0.0
    },
    {
        "case": 9,
        "collider1": {
            "type": "Box",
            "collider2origin": [
                [
                    0.9999999999999999,
                    0.0,
                    6.177235058912196e-23,
                    0.3420001028494408
                ],
                [
                    0.0,
                    1.0,
                    0.0,
                    -0.0028599999999999737
                ],
                [
                    6.177235058912196e-23,
                    0.0,
                    0.9999999999999999,
                    -0.6330101644495814
                ],
                [
                    0.0,
                    0.0,
                    0.0,
                    1.0
                ]
            ],
            "size": [
                0.03,
                0.09,
                0.06
            ]
        },
        "collider2": {
            "type": "Box",
            "collider2origin": [
                [
                    0.07812451091337916,
                    0.7833275253199538,
                    0.6166802647001624,
                    0.41242681678548854
                ],
                [
                    -0.09845457020389496,
                    0.6216091923916529,
                    -0.777115634600259,
                    -0.0022394016688134233
                ],
                [
                    -0.9920701882430051,
                    -3.2115379931523174e-06,
                    0.12568508896911518,
                    -0.6200982623324343
                ],
                [
                    0.0,
                    0.0,
                    0.0,
                    1.0
                ]
            ],
            "size": [
                0.09102,
                0.10007,
                0.11882
            ]
        },
        "distance": 0.0
    },
    {
        "case": 10,
        "collider1": {
            "type": "Box",
            "collider2origin": [
                [
                    1.0,
                    0.0,
                    0.0,
                    0.4
                ],
                [
                    0.0,
                    1.0,
                    0.0,
                    0.04114000000000001
                ],
                [
                    0.0,
                    0.0,
                    1.0,
                    -0.66301
                ],
                [
                    0.0,
                    0.0,
                    0.0,
                    1.0
                ]
            ],
            "size": [
                0.03,
                0.03,
                0.03
            ]
        },
        "collider2": {
            "type": "Box",
            "collider2origin": [
                [
                    0.07812451091337916,
                    0.7833275253199538,
                    0.6166802647001624,
                    0.41242681678548854
                ],
                [
                    -0.09845457020389496,
                    0.6216091923916529,
                    -0.777115634600259,
                    -0.0022394016688134233
                ],
                [
                    -0.9920701882430051,
                    -3.2115379931523174e-06,
                    0.12568508896911518,
                    -0.6200982623324343
                ],
                [
                    0.0,
                    0.0,
                    0.0,
                    1.0
                ]
            ],
            "size": [
                0.09102,
                0.10007,
                0.11882
            ]
        },
        "distance": 0.0
    },
    {
        "case": 11,
        "collider1": {
            "type": "Box",
            "collider2origin": [
                [
                    0.9999999999999999,
                    0.0,
                    6.177235058912196e-23,
                    0.2860000183661401
                ],
                [
                    0.0,
                    1.0,
                    0.0,
                    -0.10086
                ],
                [
                    6.177235058912196e-23,
                    0.0,
                    0.9999999999999999,
                    -0.626009937555547
                ],
                [
                    0.0,
                    0.0,
                    0.0,
                    1.0
                ]
            ],
            "size": [
                0.04,
                0.234,
                0.044
            ]
        },
        "collider2": {
            "type": "Box",
            "collider2origin": [
                [
                    0.23293552483217778,
                    -0.913444065372523,
                    0.3337079272460804,
                    0.30962091205706854
                ],
                [
                    -0.08275532562586214,
                    -0.36052083427103165,
                    -0.9290728088460432,
                    -0.19471830027749015
                ],
                [
                    0.9689647038730128,
                    0.18879795415267772,
                    -0.15957047081477196,
                    -0.5620168237095242
                ],
                [
                    0.0,
                    0.0,
                    0.0,
                    1.0
                ]
            ],
            "size": [
                0.07264,
                0.04753,
                0.03326
            ]
        },
        "distance": 0.004204585995065665
    }
]