[
    {
        "case": 0,
        "collider1": {
            "type": "Cylinder",
            "collider2origin": [
                [
                    1.0,
                    0.0,
                    0.0,
                    0.4849999999999999
                ],
                [
                    0.0,
                    -3.673205103346574e-06,
                    -0.9999999999932537,
                    -0.46086
                ],
                [
                    0.0,
                    0.9999999999932537,
                    -3.673205103346574e-06,
                    -0.70001
                ],
                [
                    0.0,
                    0.0,
                    0.0,
                    1.0
                ]
            ],
            "radius": 0.026,
            "height": 0.272
        },
        "collider2": {
            "type": "Box",
            "collider2origin": [
                [
                    0.15704055782279638,
                    -0.9239984247023308,
                    -0.3486619772018676,
                    0.7341208559308983
                ],
                [
                    -0.3794506196022871,
                    -0.3823962749828522,
                    0.842490543663654,
                    -0.8139849916648387
                ],
                [
                    -0.9117869764819768,
                    -5.181656364024641e-06,
                    -0.41066349909750327,
                    -0.49579719705643877
                ],
                [
                    0.0,
                    0.0,
                    0.0,
                    1.0
                ]
            ],
            "size": [
                0.15068,
                0.17726,
                0.74884
            ]
        },
        "distance": 0.01871207283785851
    },
    {
        "case": 1,
        "collider1": {
            "type": "Cylinder",
            "collider2origin": [
                [
                    1.0,
                    0.0,
                    0.0,
                    0.4849999999999999
                ],
                [
                    0.0,
                    -3.673205103346574e-06,
                    -0.9999999999932537,
                    -0.46086
                ],
                [
                    0.0,
                    0.9999999999932537,
                    -3.673205103346574e-06,
                    -0.70001
                ],
                [
                    0.0,
                    0.0,
                    0.0,
                    1.0
                ]
            ],
            "radius": 0.026,
            "height": 0.272
        },
        "collider2": {
            "type": "Box",
            "collider2origin": [
                [
                    0.15704055782279638,
                    -0.9239984247023308,
                    -0.3486619772018676,
                    0.7341208559308983
                ],
                [
                    -0.3794506196022871,
                    -0.3823962749828522,
                    0.842490543663654,
                    -0.8139849916648387
                ],
                [
                    -0.9117869764819768,
                    -5.181656364024641e-06,
                    -0.41066349909750327,
                    -0.49579719705643877
                ],
                [
                    0.0,
                    0.0,
                    0.0,
                    1.0
                ]
            ],
            "size": [
                0.15068,
                0.17726,
                0.74884
            ]
        },
        "distance": 0.01871207283785851
    },
    {
        "case": 2,
        "collider1": {
            "type": "Box",
            "collider2origin": [
                [
                    1.0,
                    0.0,
                    0.0,
                    0.5199999999999999
                ],
                [
                    0.0,
                    1.0,
                    0.0,
                    -0.43085999999999997
                ],
                [
                    0.0,
                    0.0,
                    1.0,
                    -0.80301
                ],
                [
                    0.0,
                    0.0,
                    0.0,
                    1.0
                ]
            ],
            "size": [
                0.2,
                0.08,
                0.04
            ]
        },
        "collider2": {
            "type": "Box",
            "collider2origin": [
                [
                    0.37073694390925926,
                    -0.9239974882348676,
                    -0.09371638147345558,
                    0.7157768258618268
                ],
                [
                    -0.8958147012886342,
                    -0.38239853776305066,
                    0.22646717040629885,
                    -0.43926862900695374
                ],
                [
                    -0.24509210386297153,
                    -7.234376713364136e-06,
                    -0.9694997991602091,
                    -0.8958494331229587
                ],
                [
                    0.0,
                    0.0,
                    0.0,
                    1.0
                ]
            ],
            "size": [
                0.1202,
                0.13634,
                0.67816
            ]
        },
        "distance": 0.016048993354527405
    }
]