[
    {
        "case": 0,
        "collider1": {
            "type": "Box",
            "collider2origin": [
                [
                    1.0,
                    0.0,
                    0.0,
                    1.2009999999999998
                ],
                [
                    0.0,
                    1.0,
                    0.0,
                    0.02914
                ],
                [
                    0.0,
                    0.0,
                    1.0,
                    -1.22801
                ],
                [
                    0.0,
                    0.0,
                    0.0,
                    1.0
                ]
            ],
            "size": [
                0.41,
                0.6,
                0.82
            ]
        },
        "collider2": {
            "type": "Cylinder",
            "collider2origin": [
                [
                    -0.006772261409325765,
                    -0.7988961743955179,
                    -0.6014308264560517,
                    1.408534629632752
                ],
                [
                    -0.07528252273039672,
                    -0.5993304653526044,
                    0.7969539102555289,
                    -0.1244501472008549
                ],
                [
                    -0.9971392471699982,
                    0.05067441007487364,
                    -0.05608409682621693,
                    -0.8151237222766525
                ],
                [
                    0.0,
                    0.0,
                    0.0,
                    1.0
                ]
            ],
            "radius": 0.0076,
            "height": 0.02993
        },
        "distance": 0.0
    },
    {
        "case": 1,
        "collider1": {
            "type": "Box",
            "collider2origin": [
                [
                    1.0,
                    0.0,
                    0.0,
                    1.2009999999999998
                ],
                [
                    0.0,
                    1.0,
                    0.0,
                    0.02914
                ],
                [
                    0.0,
                    0.0,
                    1.0,
                    -1.22801
                ],
                [
                    0.0,
                    0.0,
                    0.0,
                    1.0
                ]
            ],
            "size": [
                0.41,
                0.6,
                0.82
            ]
        },
        "collider2": {
            "type": "Box",
            "collider2origin": [
                [
                    0.3441407722695175,
                    0.8830059876279471,
                    0.319166969899665,
                    1.15484760350615
                ],
                [
                    0.010271213418074798,
                    -0.3434507608325959,
                    0.9391145175421531,
                    -0.04130055721510584
                ],
                [
                    0.9388618807027261,
                    -0.3199093632526323,
                    -0.1272649530178475,
                    -0.769161655887861
                ],
                [
                    0.0,
                    0.0,
                    0.0,
                    1.0
                ]
            ],
            "size": [
                0.09126,
                0.11887,
                0.10009
            ]
        },
        "distance": 0.0
    },
    {
        "case": 2,
        "collider1": {
            "type": "Box",
            "collider2origin": [
                [
                    1.0,
                    0.0,
                    0.0,
                    1.2009999999999998
                ],
                [
                    0.0,
                    1.0,
                    0.0,
                    0.02914
                ],
                [
                    0.0,
                    0.0,
                    1.0,
                    -1.22801
                ],
                [
                    0.0,
                    0.0,
                    0.0,
                    1.0
                ]
            ],
            "size": [
                0.41,
                0.6,
                0.82
            ]
        },
        "collider2": {
            "type": "Box",
            "collider2origin": [
                [
                    -0.3130594417372345,
                    0.9496952082411653,
                    -0.008532138239638155,
                    1.2970861843257633
                ],
                [
                    -0.23867238698834548,
                    -0.08736550976365041,
                    -0.967162219792017,
                    -0.08683646865106098
                ],
                [
                    -0.9192547403350478,
                    -0.3007428787976644,
                    0.2540166199760101,
                    -0.8224050998271503
                ],
                [
                    0.0,
                    0.0,
                    0.0,
                    1.0
                ]
            ],
            "size": [
                0.06241,
                0.05638,
                0.02858
            ]
        },
        "distance": 0.0
    },
    {
        "case": 3,
        "collider1": {
            "type": "Box",
            "collider2origin": [
                [
                    1.0,
                    0.0,
                    0.0,
                    1.2009999999999998
                ],
                [
                    0.0,
                    1.0,
                    0.0,
                    0.02914
                ],
                [
                    0.0,
                    0.0,
                    1.0,
                    -1.22801
                ],
                [
                    0.0,
                    0.0,
                    0.0,
                    1.0
                ]
            ],
            "size": [
                0.41,
                0.6,
                0.82
            ]
        },
        "collider2": {
            "type": "Box",
            "collider2origin": [
                [
                    -0.30432458785679356,
                    0.9496946073016211,
                    -0.0739371225299708,
                    1.34535027646007
                ],
                [
                    -0.030714309367514417,
                    -0.08736128439455627,
                    -0.9957030868632523,
                    -0.08910805011955258
                ],
                [
                    -0.952073094056265,
                    -0.30074600388226697,
                    0.05575540084133567,
                    -0.8396043157419284
                ],
                [
                    0.0,
                    0.0,
                    0.0,
                    1.0
                ]
            ],
            "size": [
                0.07264,
                0.04753,
                0.03326
            ]
        },
        "distance": 0.0
    },
    {
        "case": 4,
        "collider1": {
            "type": "Box",
            "collider2origin": [
                [
                    1.0,
                    0.0,
                    0.0,
                    1.2009999999999998
                ],
                [
                    0.0,
                    1.0,
                    0.0,
                    0.02914
                ],
                [
                    0.0,
                    0.0,
                    1.0,
                    -1.22801
                ],
                [
                    0.0,
                    0.0,
                    0.0,
                    1.0
                ]
            ],
            "size": [
                0.41,
                0.6,
                0.82
            ]
        },
        "collider2": {
            "type": "Cylinder",
            "collider2origin": [
                [
                    -0.3533195667508872,
                    -0.9108837699333364,
                    -0.21320422468374556,
                    1.3685227164936842
                ],
                [
                    -0.03768605736547619,
                    -0.21385971977306742,
                    0.9761371734233003,
                    -0.1281552510957349
                ],
                [
                    -0.9347433042451874,
                    0.3529231898453497,
                    0.04123320552869735,
                    -0.8526621001534039
                ],
                [
                    0.0,
                    0.0,
                    0.0,
                    1.0
                ]
            ],
            "radius": 0.00683,
            "height": 0.01183
        },
        "distance": 0.0
    },
    {
        "case": 5,
        "collider1": {
            "type": "Box",
            "collider2origin": [
                [
                    1.0,
                    0.0,
                    0.0,
                    1.2009999999999998
                ],
                [
                    0.0,
                    1.0,
                    0.0,
                    0.02914
                ],
                [
                    0.0,
                    0.0,
                    1.0,
                    -1.22801
                ],
                [
                    0.0,
                    0.0,
                    0.0,
                    1.0
                ]
            ],
            "size": [
                0.41,
                0.6,
                0.82
            ]
        },
        "collider2": {
            "type": "Box",
            "collider2origin": [
                [
                    0.3089853739967269,
                    0.8830035174567901,
                    -0.3533168929092389,
                    1.2216341883345678
                ],
                [
                    0.9384129064094399,
                    -0.34345434882576237,
                    -0.03768723068705355,
                    -0.06345503097616145
                ],
                [
                    -0.154626180643158,
                    -0.3199123292897714,
                    -0.9347442676091157,
                    -0.7944753092583245
                ],
                [
                    0.0,
                    0.0,
                    0.0,
                    1.0
                ]
            ],
            "size": [
                0.08993,
                0.0305,
                0.09007
            ]
        },
        "distance": 0.0
    },
    {
        "case": 6,
        "collider1": {
            "type": "Box",
            "collider2origin": [
                [
                    1.0,
                    0.0,
                    0.0,
                    1.2009999999999998
                ],
                [
                    0.0,
                    1.0,
                    0.0,
                    0.02914
                ],
                [
                    0.0,
                    0.0,
                    1.0,
                    -1.22801
                ],
                [
                    0.0,
                    0.0,
                    0.0,
                    1.0
                ]
            ],
            "size": [
                0.41,
                0.6,
                0.82
            ]
        },
        "collider2": {
            "type": "Cylinder",
            "collider2origin": [
                [
                    -0.494480638837768,
                    -0.5136001706319011,
                    -0.7012159172048752,
                    1.403874943752239
                ],
                [
                    -0.04425992043653593,
                    -0.7908226441296461,
                    0.610442958002421,
                    -0.11173875891519114
                ],
                [
                    -0.8680610331408407,
                    0.33288798455137436,
                    0.3683145835882413,
                    -0.9008424105520115
                ],
                [
                    0.0,
                    0.0,
                    0.0,
                    1.0
                ]
            ],
            "radius": 0.00796,
            "height": 0.03037
        },
        "distance": 0.0
    },
    {
        "case": 7,
        "collider1": {
            "type": "Box",
            "collider2origin": [
                [
                    1.0,
                    0.0,
                    0.0,
                    1.2009999999999998
                ],
                [
                    0.0,
                    1.0,
                    0.0,
                    0.02914
                ],
                [
                    0.0,
                    0.0,
                    1.0,
                    -1.22801
                ],
                [
                    0.0,
                    0.0,
                    0.0,
                    1.0
                ]
            ],
            "size": [
                0.41,
                0.6,
                0.82
            ]
        },
        "collider2": {
            "type": "Sphere",
            "collider2origin": [
                [
                    1.0,
                    0.0,
                    0.0,
                    1.3712318343543852
                ],
                [
                    0.0,
                    1.0,
                    0.0,
                    -0.14888146590387807
                ],
                [
                    0.0,
                    0.0,
                    1.0,
                    -0.8476987231789433
                ],
                [
                    0.0,
                    0.0,
                    0.0,
                    1.0
                ]
            ],
            "radius": 0.01051
        },
        "distance": 0.0
    },
    {
        "case": 8,
        "collider1": {
            "type": "Box",
            "collider2origin": [
                [
                    1.0,
                    0.0,
                    0.0,
                    1.2009999999999998
                ],
                [
                    0.0,
                    1.0,
                    0.0,
                    0.02914
                ],
                [
                    0.0,
                    0.0,
                    1.0,
                    -1.22801
                ],
                [
                    0.0,
                    0.0,
                    0.0,
                    1.0
                ]
            ],
            "size": [
                0.41,
                0.6,
                0.82
            ]
        },
        "collider2": {
            "type": "Cylinder",
            "collider2origin": [
                [
                    -0.18977453381945042,
                    -0.8732161616359309,
                    -0.44886430173430064,
                    1.4142687831053955
                ],
                [
                    -0.05858269971311928,
                    -0.44628697322771715,
                    0.8929703269546893,
                    -0.13249979776367793
                ],
                [
                    -0.9800784119691303,
                    0.19575871011286783,
                    0.033538542112223076,
                    -0.8408874237317149
                ],
                [
                    0.0,
                    0.0,
                    0.0,
                    1.0
                ]
            ],
            "radius": 0.0076,
            "height": 0.02993
        },
        "distance": 0.0
    },
    {
        "case": 9,
        "collider1": {
            "type": "Box",
            "collider2origin": [
                [
                    1.0,
                    0.0,
                    0.0,
                    1.2009999999999998
                ],
                [
                    0.0,
                    1.0,
                    0.0,
                    0.02914
                ],
                [
                    0.0,
                    0.0,
                    1.0,
                    -1.22801
                ],
                [
                    0.0,
                    0.0,
                    0.0,
                    1.0
                ]
            ],
            "size": [
                0.41,
                0.6,
                0.82
            ]
        },
        "collider2": {
            "type": "Cylinder",
            "collider2origin": [
                [
                    -0.004116721916005901,
                    -0.5030885545609279,
                    -0.8642250626257387,
                    1.3893989888833687
                ],
                [
                    -0.06858504765249215,
                    -0.862055273024148,
                    0.5021521656726841,
                    -0.10680138048130006
                ],
                [
                    -0.9976367795140529,
                    0.06134013792825878,
                    -0.030955510652717837,
                    -0.8160306326301381
                ],
                [
                    0.0,
                    0.0,
                    0.0,
                    1.0
                ]
            ],
            "radius": 0.00783,
            "height": 0.03044
        },
        "distance": 0.0
    },
    {
        "case": 10,
        "collider1": {
            "type": "Box",
            "collider2origin": [
                [
                    1.0,
                    0.0,
                    0.0,
                    1.2009999999999998
                ],
                [
                    0.0,
                    1.0,
                    0.0,
                    0.02914
                ],
                [
                    0.0,
                    0.0,
                    1.0,
                    -1.22801
                ],
                [
                    0.0,
                    0.0,
                    0.0,
                    1.0
                ]
            ],
            "size": [
                0.41,
                0.6,
                0.82
            ]
        },
        "collider2": {
            "type": "Cylinder",
            "collider2origin": [
                [
                    -0.18595692541985298,
                    -0.5121393248893032,
                    -0.8385304608601425,
                    1.390438046725456
                ],
                [
                    -0.05254613316534484,
                    -0.8470110490833431,
                    0.5289718202514224,
                    -0.10610522458205529
                ],
                [
                    -0.9811518362505185,
                    0.1424275065872527,
                    0.1305966293193395,
                    -0.8377843429803024
                ],
                [
                    0.0,
                    0.0,
                    0.0,
                    1.0
                ]
            ],
            "radius": 0.00783,
            "height": 0.03683
        },
        "distance": 0.0
    },
    {
        "case": 11,
        "collider1": {
            "type": "Box",
            "collider2origin": [
                [
                    1.0,
                    0.0,
                    0.0,
                    1.2009999999999998
                ],
                [
                    0.0,
                    1.0,
                    0.0,
                    0.02914
                ],
                [
                    0.0,
                    0.0,
                    1.0,
                    -1.22801
                ],
                [
                    0.0,
                    0.0,
                    0.0,
                    1.0
                ]
            ],
            "size": [
                0.41,
                0.6,
                0.82
            ]
        },
        "collider2": {
            "type": "Cylinder",
            "collider2origin": [
                [
                    -0.494480638837768,
                    -0.09825912944453095,
                    -0.863616837084245,
                    1.3825260913129702
                ],
                [
                    -0.04425992043653593,
                    -0.9894541915192745,
                    0.13791831759374817,
                    -0.09978887876191755
                ],
                [
                    -0.8680610331408407,
                    0.10642155028818821,
                    0.48491699947177996,
                    -0.8892945768223152
                ],
                [
                    0.0,
                    0.0,
                    0.0,
                    1.0
                ]
            ],
            "radius": 0.00713,
            "height": 0.01426
        },
        "distance": 0.0
    },
    {
        "case": 12,
        "collider1": {
            "type": "Box",
            "collider2origin": [
                [
                    1.0,
                    0.0,
                    0.0,
                    1.2009999999999998
                ],
                [
                    0.0,
                    1.0,
                    0.0,
                    0.02914
                ],
                [
                    0.0,
                    0.0,
                    1.0,
                    -1.22801
                ],
                [
                    0.0,
                    0.0,
                    0.0,
                    1.0
                ]
            ],
            "size": [
                0.41,
                0.6,
                0.82
            ]
        },
        "collider2": {
            "type": "Sphere",
            "collider2origin": [
                [
                    1.0,
                    0.0,
                    0.0,
                    1.3599537133629935
                ],
                [
                    0.0,
                    1.0,
                    0.0,
                    -0.17687022899283233
                ],
                [
                    0.0,
                    0.0,
                    1.0,
                    -0.8474591765683893
                ],
                [
                    0.0,
                    0.0,
                    0.0,
                    1.0
                ]
            ],
            "radius": 0.00563
        },
        "distance": 0.0
    },
    {
        "case": 13,
        "collider1": {
            "type": "Box",
            "collider2origin": [
                [
                    1.0,
                    0.0,
                    0.0,
                    1.2009999999999998
                ],
                [
                    0.0,
                    1.0,
                    0.0,
                    0.02914
                ],
                [
                    0.0,
                    0.0,
                    1.0,
                    -1.22801
                ],
                [
                    0.0,
                    0.0,
                    0.0,
                    1.0
                ]
            ],
            "size": [
                0.41,
                0.6,
                0.82
            ]
        },
        "collider2": {
            "type": "Cylinder",
            "collider2origin": [
                [
                    -0.3533195667508872,
                    -0.8967184748764782,
                    0.2665731805080314,
                    1.3671382777009644
                ],
                [
                    -0.03768605736547619,
                    0.29836364113205277,
                    0.9537079735069159,
                    -0.15775009622541458
                ],
                [
                    -0.9347433042451874,
                    0.3269175958336073,
                    -0.13921149630387136,
                    -0.850945658782581
                ],
                [
                    0.0,
                    0.0,
                    0.0,
                    1.0
                ]
            ],
            "radius": 0.00813,
            "height": 0.03824
        },
        "distance": 0.0
    },
    {
        "case": 14,
        "collider1": {
            "type": "Box",
            "collider2origin": [
                [
                    1.0,
                    0.0,
                    0.0,
                    1.2009999999999998
                ],
                [
                    0.0,
                    1.0,
                    0.0,
                    0.02914
                ],
                [
                    0.0,
                    0.0,
                    1.0,
                    -1.22801
                ],
                [
                    0.0,
                    0.0,
                    0.0,
                    1.0
                ]
            ],
            "size": [
                0.41,
                0.6,
                0.82
            ]
        },
        "collider2": {
            "type": "Cylinder",
            "collider2origin": [
                [
                    -0.3139185058165314,
                    -0.10926005966107459,
                    -0.9431423069021846,
                    1.3352115440795227
                ],
                [
                    -0.8429212269655622,
                    -0.42510116109580176,
                    0.32980722849245087,
                    -0.13900412075314483
                ],
                [
                    -0.4369656472044309,
                    0.8985272629129621,
                    0.04134949776422305,
                    -0.8468742589359716
                ],
                [
                    0.0,
                    0.0,
                    0.0,
                    1.0
                ]
            ],
            "radius": 0.01271,
            "height": 0.05982
        },
        "distance": 0.0
    },
    {
        "case": 15,
        "collider1": {
            "type": "Box",
            "collider2origin": [
                [
                    1.0,
                    0.0,
                    0.0,
                    1.2009999999999998
                ],
                [
                    0.0,
                    1.0,
                    0.0,
                    0.02914
                ],
                [
                    0.0,
                    0.0,
                    1.0,
                    -1.22801
                ],
                [
                    0.0,
                    0.0,
                    0.0,
                    1.0
                ]
            ],
            "size": [
                0.41,
                0.6,
                0.82
            ]
        },
        "collider2": {
            "type": "Cylinder",
            "collider2origin": [
                [
                    -0.28899229155767997,
                    -0.019140068941414384,
                    -0.957140069781408,
                    1.3493551357879854
                ],
                [
                    -0.8707473598087462,
                    -0.4102411421247425,
                    0.2711111224097682,
                    -0.14327424406520428
                ],
                [
                    -0.3978473209741878,
                    0.9117762132612941,
                    0.10189036325657518,
                    -0.845579283845821
                ],
                [
                    0.0,
                    0.0,
                    0.0,
                    1.0
                ]
            ],
            "radius": 0.01169,
            "height": 0.05502
        },
        "distance": 0.0
    },
    {
        "case": 16,
        "collider1": {
            "type": "Box",
            "collider2origin": [
                [
                    1.0,
                    0.0,
                    0.0,
                    1.2009999999999998
                ],
                [
                    0.0,
                    1.0,
                    0.0,
                    0.02914
                ],
                [
                    0.0,
                    0.0,
                    1.0,
                    -1.22801
                ],
                [
                    0.0,
                    0.0,
                    0.0,
                    1.0
                ]
            ],
            "size": [
                0.41,
                0.6,
                0.82
            ]
        },
        "collider2": {
            "type": "Box",
            "collider2origin": [
                [
                    -0.2896318551395726,
                    -0.9468141144784362,
                    0.14020135916896279,
                    1.1858757018086075
                ],
                [
                    -0.8522272663648364,
                    0.3217810320321913,
                    0.41251139849538243,
                    -0.30328257180316587
                ],
                [
                    -0.43568575252437153,
                    -6.979452762587024e-06,
                    -0.9000988417938105,
                    -0.49149231293282325
                ],
                [
                    0.0,
                    0.0,
                    0.0,
                    1.0
                ]
            ],
            "size": [
                0.1202,
                0.13634,
                0.67816
            ]
        },
        "distance": 0.0
    },
    {
        "case": 17,
        "collider1": {
            "type": "Box",
            "collider2origin": [
                [
                    1.0,
                    0.0,
                    0.0,
                    1.23
                ],
                [
                    0.0,
                    1.0,
                    0.0,
                    -0.23086
                ],
                [
                    0.0,
                    0.0,
                    1.0,
                    -0.54301
                ],
                [
                    0.0,
                    0.0,
                    0.0,
                    1.0
                ]
            ],
            "size": [
                0.1,
                0.16,
                0.1
            ]
        },
        "collider2": {
            "type": "Box",
            "collider2origin": [
                [
                    -0.2896318551395726,
                    -0.9468141144784362,
                    0.14020135916896279,
                    1.1858757018086075
                ],
                [
                    -0.8522272663648364,
                    0.3217810320321913,
                    0.41251139849538243,
                    -0.30328257180316587
                ],
                [
                    -0.43568575252437153,
                    -6.979452762587024e-06,
                    -0.9000988417938105,
                    -0.49149231293282325
                ],
                [
                    0.0,
                    0.0,
                    0.0,
                    1.0
                ]
            ],
            "size": [
                0.1202,
                0.13634,
                0.67816
            ]
        },
        "distance": 0.0
    },
    {
        "case": 18,
        "collider1": {
            "type": "Box",
            "collider2origin": [
                [
                    1.0,
                    0.0,
                    0.0,
                    1.28
                ],
                [
                    0.0,
                    1.0,
                    0.0,
                    -0.23086
                ],
                [
                    0.0,
                    0.0,
                    1.0,
                    -0.67301
                ],
                [
                    0.0,
                    0.0,
                    0.0,
                    1.0
                ]
            ],
            "size": [
                0.06,
                0.06,
                0.33
            ]
        },
        "collider2": {
            "type": "Box",
            "collider2origin": [
                [
                    -0.2896318551395726,
                    -0.9468141144784362,
                    0.14020135916896279,
                    1.1858757018086075
                ],
                [
                    -0.8522272663648364,
                    0.3217810320321913,
                    0.41251139849538243,
                    -0.30328257180316587
                ],
                [
                    -0.43568575252437153,
                    -6.979452762587024e-06,
                    -0.9000988417938105,
                    -0.49149231293282325
                ],
                [
                    0.0,
                    0.0,
                    0.0,
                    1.0
                ]
            ],
            "size": [
                0.1202,
                0.13634,
                0.67816
            ]
        },
        "distance": 0.0
    },
    {
        "case": 19,
        "collider1": {
            "type": "Box",
            "collider2origin": [
                [
                    1.0,
                    0.0,
                    0.0,
                    1.2009999999999998
                ],
                [
                    0.0,
                    1.0,
                    0.0,
                    0.02914
                ],
                [
                    0.0,
                    0.0,
                    1.0,
                    -1.22801
                ],
                [
                    0.0,
                    0.0,
                    0.0,
                    1.0
                ]
            ],
            "size": [
                0.41,
                0.6,
                0.82
            ]
        },
        "collider2": {
            "type": "Cylinder",
            "collider2origin": [
                [
                    -0.3533195667508872,
                    -0.9108837699333364,
                    -0.21320422468374556,
                    1.3650384911348503
                ],
                [
                    -0.03768605736547619,
                    -0.21385971977306742,
                    0.9761371734233003,
                    -0.1122257917889612
                ],
                [
                    -0.9347433042451874,
                    0.3529231898453497,
                    0.04123320552869735,
                    -0.85198734105365
                ],
                [
                    0.0,
                    0.0,
                    0.0,
                    1.0
                ]
            ],
            "radius": 0.00683,
            "height": 0.01782
        },
        "distance": 0.0
    },
    {
        "case": 20,
        "collider1": {
            "type": "Box",
            "collider2origin": [
                [
                    1.0,
                    0.0,
                    0.0,
                    1.2009999999999998
                ],
                [
                    0.0,
                    1.0,
                    0.0,
                    0.02914
                ],
                [
                    0.0,
                    0.0,
                    1.0,
                    -1.22801
                ],
                [
                    0.0,
                    0.0,
                    0.0,
                    1.0
                ]
            ],
            "size": [
                0.41,
                0.6,
                0.82
            ]
        },
        "collider2": {
            "type": "Cylinder",
            "collider2origin": [
                [
                    -0.5091508964623498,
                    -0.11816340956781411,
                    -0.8525272859392207,
                    1.369086931387724
                ],
                [
                    -0.0168350154658754,
                    -0.9889739278390189,
                    0.1471297125292036,
                    -0.09764224767369911
                ],
                [
                    -0.8605126070464326,
                    0.08926353507435947,
                    0.5015476791095531,
                    -0.8819051847626117
                ],
                [
                    0.0,
                    0.0,
                    0.0,
                    1.0
                ]
            ],
            "radius": 0.00713,
            "height": 0.01697
        },
        "distance": 0.0
    }
]