[
    {
        "case": 0,
        "collider1": {
            "type": "Box",
            "collider2origin": [
                [
                    1.0,
                    0.0,
                    0.0,
                    1.2009999999999998
                ],
                [
                    0.0,
                    1.0,
                    0.0,
                    0.02914
                ],
                [
                    0.0,
                    0.0,
                    1.0,
                    -1.22801
                ],
                [
                    0.0,
                    0.0,
                    0.0,
                    1.0
                ]
            ],
            "size": [
                0.41,
                0.6,
                0.82
            ]
        },
        "collider2": {
            "type": "Box",
            "collider2origin": [
                [
                    0.09125361008794078,
                    -0.8834542109657452,
                    0.4595448136719755,
                    1.2080658819998058
                ],
                [
                    0.1720650418368986,
                    0.46851750993761593,
                    0.8665361875072053,
                    -0.266244250926013
                ],
                [
                    -0.9808498356137826,
                    -2.9577914750236335e-06,
                    0.19476549994202533,
                    -0.9035410976145419
                ],
                [
                    0.0,
                    0.0,
                    0.0,
                    1.0
                ]
            ],
            "size": [
                0.09102,
                0.10007,
                0.11882
            ]
        },
        "distance": 0.0
    },
    {
        "case": 1,
        "collider1": {
            "type": "Box",
            "collider2origin": [
                [
                    1.0,
                    0.0,
                    0.0,
                    1.2009999999999998
                ],
                [
                    0.0,
                    1.0,
                    0.0,
                    0.02914
                ],
                [
                    0.0,
                    0.0,
                    1.0,
                    -1.22801
                ],
                [
                    0.0,
                    0.0,
                    0.0,
                    1.0
                ]
            ],
            "size": [
                0.41,
                0.6,
                0.82
            ]
        },
        "collider2": {
            "type": "Box",
            "collider2origin": [
                [
                    -0.7429364208759159,
                    0.624278578223972,
                    -0.24149892609852336,
                    1.304284678043604
                ],
                [
                    -0.6046437826710002,
                    -0.4711319089920695,
                    0.6422154003189214,
                    -0.20191618662949917
                ],
                [
                    0.2871434669523034,
                    0.6231460351315287,
                    0.7274872152048222,
                    -0.8331265646118681
                ],
                [
                    0.0,
                    0.0,
                    0.0,
                    1.0
                ]
            ],
            "size": [
                0.08993,
                0.0305,
                0.09007
            ]
        },
        "distance": 0.0
    },
    {
        "case": 2,
        "collider1": {
            "type": "Box",
            "collider2origin": [
                [
                    1.0,
                    0.0,
                    0.0,
                    1.28
                ],
                [
                    0.0,
                    1.0,
                    0.0,
                    -0.23086
                ],
                [
                    0.0,
                    0.0,
                    1.0,
                    -0.67301
                ],
                [
                    0.0,
                    0.0,
                    0.0,
                    1.0
                ]
            ],
            "size": [
                0.06,
                0.06,
                0.33
            ]
        },
        "collider2": {
            "type": "Box",
            "collider2origin": [
                [
                    -0.7429364208759159,
                    0.624278578223972,
                    -0.24149892609852336,
                    1.304284678043604
                ],
                [
                    -0.6046437826710002,
                    -0.4711319089920695,
                    0.6422154003189214,
                    -0.20191618662949917
                ],
                [
                    0.2871434669523034,
                    0.6231460351315287,
                    0.7274872152048222,
                    -0.8331265646118681
                ],
                [
                    0.0,
                    0.0,
                    0.0,
                    1.0
                ]
            ],
            "size": [
                0.08993,
                0.0305,
                0.09007
            ]
        },
        "distance": 0.0
    },
    {
        "case": 3,
        "collider1": {
            "type": "Box",
            "collider2origin": [
                [
                    1.0,
                    0.0,
                    0.0,
                    1.2009999999999998
                ],
                [
                    0.0,
                    1.0,
                    0.0,
                    0.02914
                ],
                [
                    0.0,
                    0.0,
                    1.0,
                    -1.22801
                ],
                [
                    0.0,
                    0.0,
                    0.0,
                    1.0
                ]
            ],
            "size": [
                0.41,
                0.6,
                0.82
            ]
        },
        "collider2": {
            "type": "Box",
            "collider2origin": [
                [
                    -0.6317369752197863,
                    0.6242811533014148,
                    0.4595448136719755,
                    1.2561356970067798
                ],
                [
                    0.16477419844230456,
                    -0.47113108501580925,
                    0.8665361875072053,
                    -0.17059862856887975
                ],
                [
                    0.7574680571930746,
                    0.6231440783354053,
                    0.19476549994202533,
                    -0.8810558101716739
                ],
                [
                    0.0,
                    0.0,
                    0.0,
                    1.0
                ]
            ],
            "size": [
                0.09126,
                0.11887,
                0.10009
            ]
        },
        "distance": 0.0
    },
    {
        "case": 4,
        "collider1": {
            "type": "Box",
            "collider2origin": [
                [
                    1.0,
                    0.0,
                    0.0,
                    1.28
                ],
                [
                    0.0,
                    1.0,
                    0.0,
                    -0.23086
                ],
                [
                    0.0,
                    0.0,
                    1.0,
                    -0.67301
                ],
                [
                    0.0,
                    0.0,
                    0.0,
                    1.0
                ]
            ],
            "size": [
                0.06,
                0.06,
                0.33
            ]
        },
        "collider2": {
            "type": "Box",
            "collider2origin": [
                [
                    -0.6317369752197863,
                    0.6242811533014148,
                    0.4595448136719755,
                    1.2561356970067798
                ],
                [
                    0.16477419844230456,
                    -0.47113108501580925,
                    0.8665361875072053,
                    -0.17059862856887975
                ],
                [
                    0.7574680571930746,
                    0.6231440783354053,
                    0.19476549994202533,
                    -0.8810558101716739
                ],
                [
                    0.0,
                    0.0,
                    0.0,
                    1.0
                ]
            ],
            "size": [
                0.09126,
                0.11887,
                0.10009
            ]
        },
        "distance": 0.0
    },
    {
        "case": 5,
        "collider1": {
            "type": "Box",
            "collider2origin": [
                [
                    1.0,
                    0.0,
                    0.0,
                    1.2009999999999998
                ],
                [
                    0.0,
                    1.0,
                    0.0,
                    0.02914
                ],
                [
                    0.0,
                    0.0,
                    1.0,
                    -1.22801
                ],
                [
                    0.0,
                    0.0,
                    0.0,
                    1.0
                ]
            ],
            "size": [
                0.41,
                0.6,
                0.82
            ]
        },
        "collider2": {
            "type": "Box",
            "collider2origin": [
                [
                    0.045293187586912156,
                    -0.8834541860677302,
                    0.46632309430010116,
                    1.1695023051829188
                ],
                [
                    0.08539947542835255,
                    0.46851755688383157,
                    0.8793169101570649,
                    -0.5775033031952598
                ],
                [
                    -0.9953167620183931,
                    -3.318126733110375e-06,
                    0.09666717764686748,
                    -0.9323886761101211
                ],
                [
                    0.0,
                    0.0,
                    0.0,
                    1.0
                ]
            ],
            "size": [
                0.1202,
                0.13634,
                0.67816
            ]
        },
        "distance": 0.0
    },
    {
        "case": 6,
        "collider1": {
            "type": "Box",
            "collider2origin": [
                [
                    1.0,
                    0.0,
                    0.0,
                    1.2009999999999998
                ],
                [
                    0.0,
                    1.0,
                    0.0,
                    0.02914
                ],
                [
                    0.0,
                    0.0,
                    1.0,
                    -1.22801
                ],
                [
                    0.0,
                    0.0,
                    0.0,
                    1.0
                ]
            ],
            "size": [
                0.41,
                0.6,
                0.82
            ]
        },
        "collider2": {
            "type": "Box",
            "collider2origin": [
                [
                    -0.041543977304684766,
                    0.4230059026270087,
                    0.9051740740279831,
                    1.3521604957784128
                ],
                [
                    0.6896790929285367,
                    -0.6433610532233732,
                    0.33230904888760165,
                    -0.24452708455432104
                ],
                [
                    0.7229224347929579,
                    0.6380850739031757,
                    -0.2650105502333825,
                    -0.7791637442418872
                ],
                [
                    0.0,
                    0.0,
                    0.0,
                    1.0
                ]
            ],
            "size": [
                0.06241,
                0.05638,
                0.02858
            ]
        },
        "distance": 0.0
    }
]