[
    {
        "case": 0,
        "collider1": {
            "type": "Box",
            "collider2origin": [
                [
                    1.0,
                    0.0,
                    0.0,
                    1.2009999999999998
                ],
                [
                    0.0,
                    1.0,
                    0.0,
                    0.02914
                ],
                [
                    0.0,
                    0.0,
                    1.0,
                    -1.22801
                ],
                [
                    0.0,
                    0.0,
                    0.0,
                    1.0
                ]
            ],
            "size": [
                0.41,
                0.6,
                0.82
            ]
        },
        "collider2": {
            "type": "Box",
            "collider2origin": [
                [
                    -0.13750866910236223,
                    -0.9901048298801253,
                    0.027996281355659597,
                    1.0444715387190933
                ],
                [
                    -0.9702111826318227,
                    0.14032970389464025,
                    0.1974786958155288,
                    -0.3427583020519498
                ],
                [
                    -0.19945332039817398,
                    -7.272605704150524e-06,
                    -0.9799073287455566,
                    -0.7630242806265586
                ],
                [
                    0.0,
                    0.0,
                    0.0,
                    1.0
                ]
            ],
            "size": [
                0.1202,
                0.13634,
                0.67816
            ]
        },
        "distance": 0.0
    },
    {
        "case": 1,
        "collider1": {
            "type": "Box",
            "collider2origin": [
                [
                    1.0,
                    0.0,
                    0.0,
                    0.7
                ],
                [
                    0.0,
                    1.0,
                    0.0,
                    -0.15085999999999994
                ],
                [
                    0.0,
                    0.0,
                    1.0,
                    -1.03301
                ],
                [
                    0.0,
                    0.0,
                    0.0,
                    1.0
                ]
            ],
            "size": [
                0.6,
                0.06,
                0.06
            ]
        },
        "collider2": {
            "type": "Box",
            "collider2origin": [
                [
                    -0.25251047516125713,
                    -0.9644241094760537,
                    0.07825980446663797,
                    0.9447025537327044
                ],
                [
                    0.8164355511270079,
                    -0.16895697443844243,
                    0.5521653118809134,
                    -0.20745410529055142
                ],
                [
                    -0.5192989994114904,
                    0.2033216118614247,
                    0.8300535352375153,
                    -0.9557542269795025
                ],
                [
                    0.0,
                    0.0,
                    0.0,
                    1.0
                ]
            ],
            "size": [
                0.09126,
                0.11887,
                0.10009
            ]
        },
        "distance": 0.0
    },
    {
        "case": 2,
        "collider1": {
            "type": "Box",
            "collider2origin": [
                [
                    1.0,
                    0.0,
                    0.0,
                    1.2009999999999998
                ],
                [
                    0.0,
                    1.0,
                    0.0,
                    0.02914
                ],
                [
                    0.0,
                    0.0,
                    1.0,
                    -1.22801
                ],
                [
                    0.0,
                    0.0,
                    0.0,
                    1.0
                ]
            ],
            "size": [
                0.41,
                0.6,
                0.82
            ]
        },
        "collider2": {
            "type": "Box",
            "collider2origin": [
                [
                    -0.25251047516125713,
                    -0.9644241094760537,
                    0.07825980446663797,
                    0.9447025537327044
                ],
                [
                    0.8164355511270079,
                    -0.16895697443844243,
                    0.5521653118809134,
                    -0.20745410529055142
                ],
                [
                    -0.5192989994114904,
                    0.2033216118614247,
                    0.8300535352375153,
                    -0.9557542269795025
                ],
                [
                    0.0,
                    0.0,
                    0.0,
                    1.0
                ]
            ],
            "size": [
                0.09126,
                0.11887,
                0.10009
            ]
        },
        "distance": 0.0
    },
    {
        "case": 3,
        "collider1": {
            "type": "Box",
            "collider2origin": [
                [
                    1.0,
                    0.0,
                    0.0,
                    1.2009999999999998
                ],
                [
                    0.0,
                    1.0,
                    0.0,
                    0.02914
                ],
                [
                    0.0,
                    0.0,
                    1.0,
                    -1.22801
                ],
                [
                    0.0,
                    0.0,
                    0.0,
                    1.0
                ]
            ],
            "size": [
                0.41,
                0.6,
                0.82
            ]
        },
        "collider2": {
            "type": "Box",
            "collider2origin": [
                [
                    0.11648259292899282,
                    -0.9901046452518956,
                    0.07825980446663797,
                    0.9421583581931062
                ],
                [
                    0.8218398121928784,
                    0.1403310067313285,
                    0.5521653118809134,
                    -0.26823219245819907
                ],
                [
                    -0.5576837173876543,
                    -6.242482216654783e-07,
                    0.8300535352375153,
                    -1.0468222394256483
                ],
                [
                    0.0,
                    0.0,
                    0.0,
                    1.0
                ]
            ],
            "size": [
                0.09102,
                0.10007,
                0.11882
            ]
        },
        "distance": 0.0
    }
]