[
    {
        "case": 0,
        "collider1": {
            "type": "Box",
            "collider2origin": [
                [
                    1.0,
                    0.0,
                    0.0,
                    -0.06
                ],
                [
                    0.0,
                    1.0,
                    0.0,
                    -0.37086
                ],
                [
                    0.0,
                    0.0,
                    1.0,
                    -0.40301
                ],
                [
                    0.0,
                    0.0,
                    0.0,
                    1.0
                ]
            ],
            "size": [
                0.1,
                1.0,
                1.64
            ]
        },
        "collider2": {
            "type": "Box",
            "collider2origin": [
                [
                    -0.5744536309904686,
                    0.231072322164091,
                    -0.785244298146482,
                    0.19863634533292052
                ],
                [
                    0.13643751574650628,
                    0.9729365765020686,
                    0.18649188293691538,
                    -0.7601337994090658
                ],
                [
                    0.8070860116113947,
                    -5.841989854467563e-06,
                    -0.590433882688894,
                    -0.6003754059752981
                ],
                [
                    0.0,
                    0.0,
                    0.0,
                    1.0
                ]
            ],
            "size": [
                0.1202,
                0.13634,
                0.67816
            ]
        },
        "distance": 0.0
    },
    {
        "case": 1,
        "collider1": {
            "type": "Box",
            "collider2origin": [
                [
                    1.0,
                    0.0,
                    0.0,
                    -0.26
                ],
                [
                    0.0,
                    1.0,
                    0.0,
                    -0.4608599999999999
                ],
                [
                    0.0,
                    0.0,
                    1.0,
                    -1.143
                ],
                [
                    0.0,
                    0.0,
                    0.0,
                    1.0
                ]
            ],
            "size": [
                1.48,
                0.272,
                0.945
            ]
        },
        "collider2": {
            "type": "Box",
            "collider2origin": [
                [
                    -0.4091057907400943,
                    0.23107196402512972,
                    -0.8827446966277913,
                    -0.007004417803627261
                ],
                [
                    0.0971672836916495,
                    0.9729366615635081,
                    0.20964916304541292,
                    -0.5964253313997261
                ],
                [
                    0.9072987220110632,
                    -5.217738839051077e-06,
                    -0.4204866573505828,
                    -0.7739425298125252
                ],
                [
                    0.0,
                    0.0,
                    0.0,
                    1.0
                ]
            ],
            "size": [
                0.09102,
                0.10007,
                0.11882
            ]
        },
        "distance": 0.0
    },
    {
        "case": 2,
        "collider1": {
            "type": "Box",
            "collider2origin": [
                [
                    1.0,
                    0.0,
                    0.0,
                    -0.06
                ],
                [
                    0.0,
                    1.0,
                    0.0,
                    -0.37086
                ],
                [
                    0.0,
                    0.0,
                    1.0,
                    -0.40301
                ],
                [
                    0.0,
                    0.0,
                    0.0,
                    1.0
                ]
            ],
            "size": [
                0.1,
                1.0,
                1.64
            ]
        },
        "collider2": {
            "type": "Box",
            "collider2origin": [
                [
                    -0.4091057907400943,
                    0.23107196402512972,
                    -0.8827446966277913,
                    -0.007004417803627261
                ],
                [
                    0.0971672836916495,
                    0.9729366615635081,
                    0.20964916304541292,
                    -0.5964253313997261
                ],
                [
                    0.9072987220110632,
                    -5.217738839051077e-06,
                    -0.4204866573505828,
                    -0.7739425298125252
                ],
                [
                    0.0,
                    0.0,
                    0.0,
                    1.0
                ]
            ],
            "size": [
                0.09102,
                0.10007,
                0.11882
            ]
        },
        "distance": 0.0
    },
    {
        "case": 3,
        "collider1": {
            "type": "Box",
            "collider2origin": [
                [
                    1.0,
                    0.0,
                    0.0,
                    -0.26
                ],
                [
                    0.0,
                    1.0,
                    0.0,
                    -0.4608599999999999
                ],
                [
                    0.0,
                    0.0,
                    1.0,
                    -1.143
                ],
                [
                    0.0,
                    0.0,
                    0.0,
                    1.0
                ]
            ],
            "size": [
                1.48,
                0.272,
                0.945
            ]
        },
        "collider2": {
            "type": "Box",
            "collider2origin": [
                [
                    0.8172140890913435,
                    -0.45693989896602827,
                    0.3512364749332299,
                    -0.14078819079663618
                ],
                [
                    0.30471069197975487,
                    -0.17473156358457687,
                    -0.9362800194816228,
                    -0.5831446595457164
                ],
                [
                    0.4891957959588619,
                    0.8721667325805339,
                    -0.003558622763178368,
                    -0.7543085933746159
                ],
                [
                    0.0,
                    0.0,
                    0.0,
                    1.0
                ]
            ],
            "size": [
                0.08993,
                0.0305,
                0.09007
            ]
        },
        "distance": 0.0
    },
    {
        "case": 4,
        "collider1": {
            "type": "Box",
            "collider2origin": [
                [
                    1.0,
                    0.0,
                    0.0,
                    -0.06
                ],
                [
                    0.0,
                    1.0,
                    0.0,
                    -0.37086
                ],
                [
                    0.0,
                    0.0,
                    1.0,
                    -0.40301
                ],
                [
                    0.0,
                    0.0,
                    0.0,
                    1.0
                ]
            ],
            "size": [
                0.1,
                1.0,
                1.64
            ]
        },
        "collider2": {
            "type": "Box",
            "collider2origin": [
                [
                    0.8172140890913435,
                    -0.45693989896602827,
                    0.3512364749332299,
                    -0.14078819079663618
                ],
                [
                    0.30471069197975487,
                    -0.17473156358457687,
                    -0.9362800194816228,
                    -0.5831446595457164
                ],
                [
                    0.4891957959588619,
                    0.8721667325805339,
                    -0.003558622763178368,
                    -0.7543085933746159
                ],
                [
                    0.0,
                    0.0,
                    0.0,
                    1.0
                ]
            ],
            "size": [
                0.08993,
                0.0305,
                0.09007
            ]
        },
        "distance": 0.0
    },
    {
        "case": 5,
        "collider1": {
            "type": "Box",
            "collider2origin": [
                [
                    1.0,
                    0.0,
                    0.0,
                    -0.26
                ],
                [
                    0.0,
                    1.0,
                    0.0,
                    -0.4608599999999999
                ],
                [
                    0.0,
                    0.0,
                    1.0,
                    -1.143
                ],
                [
                    0.0,
                    0.0,
                    0.0,
                    1.0
                ]
            ],
            "size": [
                1.48,
                0.272,
                0.945
            ]
        },
        "collider2": {
            "type": "Box",
            "collider2origin": [
                [
                    -0.10937818327275785,
                    -0.45694443163196513,
                    -0.8827446966277913,
                    -0.10368706509195813
                ],
                [
                    -0.9620382425224212,
                    -0.17472735435165548,
                    0.20964916304541292,
                    -0.5700335858815413
                ],
                [
                    -0.2500376630596321,
                    0.8721652011183497,
                    -0.4204866573505828,
                    -0.81786992571935
                ],
                [
                    0.0,
                    0.0,
                    0.0,
                    1.0
                ]
            ],
            "size": [
                0.09126,
                0.11887,
                0.10009
            ]
        },
        "distance": 0.0
    },
    {
        "case": 6,
        "collider1": {
            "type": "Box",
            "collider2origin": [
                [
                    1.0,
                    0.0,
                    0.0,
                    -0.06
                ],
                [
                    0.0,
                    1.0,
                    0.0,
                    -0.37086
                ],
                [
                    0.0,
                    0.0,
                    1.0,
                    -0.40301
                ],
                [
                    0.0,
                    0.0,
                    0.0,
                    1.0
                ]
            ],
            "size": [
                0.1,
                1.0,
                1.64
            ]
        },
        "collider2": {
            "type": "Box",
            "collider2origin": [
                [
                    -0.10937818327275785,
                    -0.45694443163196513,
                    -0.8827446966277913,
                    -0.10368706509195813
                ],
                [
                    -0.9620382425224212,
                    -0.17472735435165548,
                    0.20964916304541292,
                    -0.5700335858815413
                ],
                [
                    -0.2500376630596321,
                    0.8721652011183497,
                    -0.4204866573505828,
                    -0.81786992571935
                ],
                [
                    0.0,
                    0.0,
                    0.0,
                    1.0
                ]
            ],
            "size": [
                0.09126,
                0.11887,
                0.10009
            ]
        },
        "distance": 0.0
    },
    {
        "case": 7,
        "collider1": {
            "type": "Box",
            "collider2origin": [
                [
                    1.0,
                    0.0,
                    0.0,
                    -0.26
                ],
                [
                    0.0,
                    1.0,
                    0.0,
                    -0.4608599999999999
                ],
                [
                    0.0,
                    0.0,
                    1.0,
                    -1.143
                ],
                [
                    0.0,
                    0.0,
                    0.0,
                    1.0
                ]
            ],
            "size": [
                1.48,
                0.272,
                0.945
            ]
        },
        "collider2": {
            "type": "Box",
            "collider2origin": [
                [
                    0.15237026935490564,
                    -0.248007847739176,
                    -0.9567002709712664,
                    -0.17421727725667213
                ],
                [
                    -0.988315589211895,
                    -0.04210329625835771,
                    -0.14649098458582713,
                    -0.596325315436333
                ],
                [
                    -0.0039493211388305005,
                    0.9678426627835549,
                    -0.25152531275913304,
                    -0.6786215071791517
                ],
                [
                    0.0,
                    0.0,
                    0.0,
                    1.0
                ]
            ],
            "size": [
                0.06241,
                0.05638,
                0.02858
            ]
        },
        "distance": 0.0
    }
]