[
    {
        "case": 0,
        "collider1": {
            "type": "Box",
            "collider2origin": [
                [
                    1.0,
                    0.0,
                    0.0,
                    0.205
                ],
                [
                    0.0,
                    1.0,
                    0.0,
                    -0.17586
                ],
                [
                    0.0,
                    0.0,
                    1.0,
                    -0.10301
                ],
                [
                    0.0,
                    0.0,
                    0.0,
                    1.0
                ]
            ],
            "size": [
                0.05,
                0.05,
                1.2
            ]
        },
        "collider2": {
            "type": "Box",
            "collider2origin": [
                [
                    0.03359758074549089,
                    0.5891396482689877,
                    -0.8073324454061929,
                    0.31821340145608046
                ],
                [
                    -0.024491812487807445,
                    0.8080312338177897,
                    0.5886303392588276,
                    -0.4432513235863642
                ],
                [
                    0.9991353029941,
                    -3.5204842826401616e-06,
                    0.041576992417608725,
                    -0.48773532123267915
                ],
                [
                    0.0,
                    0.0,
                    0.0,
                    1.0
                ]
            ],
            "size": [
                0.1202,
                0.13634,
                0.67816
            ]
        },
        "distance": 0.04626251650001689
    },
    {
        "case": 1,
        "collider1": {
            "type": "Box",
            "collider2origin": [
                [
                    1.0,
                    0.0,
                    0.0,
                    0.205
                ],
                [
                    0.0,
                    1.0,
                    0.0,
                    -0.17586
                ],
                [
                    0.0,
                    0.0,
                    1.0,
                    -0.10301
                ],
                [
                    0.0,
                    0.0,
                    0.0,
                    1.0
                ]
            ],
            "size": [
                0.05,
                0.05,
                1.2
            ]
        },
        "collider2": {
            "type": "Box",
            "collider2origin": [
                [
                    -0.840246476492528,
                    0.23206649111650982,
                    0.4900316341245354,
                    0.20604901600382397
                ],
                [
                    -0.4364343627595831,
                    -0.825754305730114,
                    -0.35728822198725485,
                    -0.21970378211826447
                ],
                [
                    0.3217311078284602,
                    -0.5140768135882497,
                    0.7951189370065483,
                    -0.3876167012924858
                ],
                [
                    0.0,
                    0.0,
                    0.0,
                    1.0
                ]
            ],
            "size": [
                0.09126,
                0.11887,
                0.10009
            ]
        },
        "distance": 0.0
    },
    {
        "case": 2,
        "collider1": {
            "type": "Box",
            "collider2origin": [
                [
                    1.0,
                    0.0,
                    0.0,
                    0.205
                ],
                [
                    0.0,
                    1.0,
                    0.0,
                    -0.17586
                ],
                [
                    0.0,
                    0.0,
                    1.0,
                    -0.10301
                ],
                [
                    0.0,
                    0.0,
                    0.0,
                    1.0
                ]
            ],
            "size": [
                0.05,
                0.05,
                1.2
            ]
        },
        "collider2": {
            "type": "Box",
            "collider2origin": [
                [
                    0.6424779041340367,
                    0.5891444137533456,
                    0.4900316341245354,
                    0.149531277556591
                ],
                [
                    -0.46844024879009477,
                    0.8080277592649032,
                    -0.35728822198725485,
                    -0.18195146739746082
                ],
                [
                    -0.6064535233742235,
                    -7.525701661716941e-07,
                    0.7951189370065483,
                    -0.47334733236724214
                ],
                [
                    0.0,
                    0.0,
                    0.0,
                    1.0
                ]
            ],
            "size": [
                0.09102,
                0.10007,
                0.11882
            ]
        },
        "distance": 0.0
    }
]