[
    {
        "case": 0,
        "collider1": {
            "type": "Box",
            "collider2origin": [
                [
                    1.0,
                    0.0,
                    0.0,
                    0.0
                ],
                [
                    0.0,
                    1.0,
                    0.0,
                    -0.37086
                ],
                [
                    0.0,
                    0.0,
                    1.0,
                    0.39699
                ],
                [
                    0.0,
                    0.0,
                    0.0,
                    1.0
                ]
            ],
            "size": [
                0.6,
                1.6,
                0.1
            ]
        },
        "collider2": {
            "type": "Box",
            "collider2origin": [
                [
                    -0.26422959402594925,
                    -0.3773269241385998,
                    0.8875849897113997,
                    0.35691234611724454
                ],
                [
                    0.9554915445369846,
                    0.02279691836164442,
                    0.2941363779465906,
                    -1.0400319187350677
                ],
                [
                    -0.13121977731732745,
                    0.9257994884602798,
                    0.35450906505684043,
                    0.49147915706965994
                ],
                [
                    0.0,
                    0.0,
                    0.0,
                    1.0
                ]
            ],
            "size": [
                0.09126,
                0.11887,
                0.10009
            ]
        },
        "distance": 0.00823950175563948
    },
    {
        "case": 1,
        "collider1": {
            "type": "Box",
            "collider2origin": [
                [
                    1.0,
                    0.0,
                    0.0,
                    0.0
                ],
                [
                    0.0,
                    1.0,
                    0.0,
                    -0.37086
                ],
                [
                    0.0,
                    0.0,
                    1.0,
                    0.39699
                ],
                [
                    0.0,
                    0.0,
                    0.0,
                    1.0
                ]
            ],
            "size": [
                0.6,
                1.6,
                0.1
            ]
        },
        "collider2": {
            "type": "Box",
            "collider2origin": [
                [
                    0.33651334508573527,
                    -0.31456581921471305,
                    0.8875849897113997,
                    0.2618679780908114
                ],
                [
                    0.11151432998635538,
                    0.9492356637717287,
                    0.2941363779465906,
                    -1.0760933984767438
                ],
                [
                    -0.9350525775521411,
                    -2.37102059641316e-06,
                    0.35450906505684043,
                    0.4509074500356087
                ],
                [
                    0.0,
                    0.0,
                    0.0,
                    1.0
                ]
            ],
            "size": [
                0.09102,
                0.10007,
                0.11882
            ]
        },
        "distance": 0.0
    },
    {
        "case": 2,
        "collider1": {
            "type": "Box",
            "collider2origin": [
                [
                    1.0,
                    0.0,
                    0.0,
                    0.0
                ],
                [
                    0.0,
                    1.0,
                    0.0,
                    -0.37086
                ],
                [
                    0.0,
                    0.0,
                    1.0,
                    0.39699
                ],
                [
                    0.0,
                    0.0,
                    0.0,
                    1.0
                ]
            ],
            "size": [
                0.6,
                1.6,
                0.1
            ]
        },
        "collider2": {
            "type": "Box",
            "collider2origin": [
                [
                    0.41151832357867474,
                    -0.3145722215299356,
                    -0.8553928844693052,
                    0.5444615054028994
                ],
                [
                    0.13637751151096322,
                    0.9492335420945633,
                    -0.2834728504049119,
                    -1.1001815256740466
                ],
                [
                    0.9011403019025805,
                    -2.0807694109137714e-06,
                    0.4335275726901302,
                    0.32318759186587753
                ],
                [
                    0.0,
                    0.0,
                    0.0,
                    1.0
                ]
            ],
            "size": [
                0.1202,
                0.13634,
                0.67816
            ]
        },
        "distance": 0.0
    }
]