[
    {
        "case": 0,
        "collider1": {
            "type": "Box",
            "collider2origin": [
                [
                    1.0,
                    0.0,
                    0.0,
                    0.5199999999999999
                ],
                [
                    0.0,
                    1.0,
                    0.0,
                    -0.43085999999999997
                ],
                [
                    0.0,
                    0.0,
                    1.0,
                    -0.80301
                ],
                [
                    0.0,
                    0.0,
                    0.0,
                    1.0
                ]
            ],
            "size": [
                0.2,
                0.08,
                0.04
            ]
        },
        "collider2": {
            "type": "Box",
            "collider2origin": [
                [
                    0.19730809803531343,
                    -0.9092949766610929,
                    0.3664043666068808,
                    0.5448739546956234
                ],
                [
                    -0.4311308076838978,
                    -0.4161521901775627,
                    -0.8005895210882087,
                    -0.3899154430732261
                ],
                [
                    0.8804520095470945,
                    -5.414801214631308e-06,
                    -0.4741352748479729,
                    -0.8603337539858043
                ],
                [
                    0.0,
                    0.0,
                    0.0,
                    1.0
                ]
            ],
            "size": [
                0.09102,
                0.10007,
                0.11882
            ]
        },
        "distance": 0.0
    },
    {
        "case": 1,
        "collider1": {
            "type": "Box",
            "collider2origin": [
                [
                    1.0,
                    0.0,
                    0.0,
                    -0.26
                ],
                [
                    0.0,
                    1.0,
                    0.0,
                    -0.4608599999999999
                ],
                [
                    0.0,
                    0.0,
                    1.0,
                    -1.143
                ],
                [
                    0.0,
                    0.0,
                    0.0,
                    1.0
                ]
            ],
            "size": [
                1.48,
                0.272,
                0.945
            ]
        },
        "collider2": {
            "type": "Box",
            "collider2origin": [
                [
                    0.19730809803531343,
                    -0.9092949766610929,
                    0.3664043666068808,
                    0.5448739546956234
                ],
                [
                    -0.4311308076838978,
                    -0.4161521901775627,
                    -0.8005895210882087,
                    -0.3899154430732261
                ],
                [
                    0.8804520095470945,
                    -5.414801214631308e-06,
                    -0.4741352748479729,
                    -0.8603337539858043
                ],
                [
                    0.0,
                    0.0,
                    0.0,
                    1.0
                ]
            ],
            "size": [
                0.09102,
                0.10007,
                0.11882
            ]
        },
        "distance": 0.0
    },
    {
        "case": 2,
        "collider1": {
            "type": "Box",
            "collider2origin": [
                [
                    1.0,
                    0.0,
                    0.0,
                    0.5199999999999999
                ],
                [
                    0.0,
                    1.0,
                    0.0,
                    -0.43085999999999997
                ],
                [
                    0.0,
                    0.0,
                    1.0,
                    -0.80301
                ],
                [
                    0.0,
                    0.0,
                    0.0,
                    1.0
                ]
            ],
            "size": [
                0.2,
                0.08,
                0.04
            ]
        },
        "collider2": {
            "type": "Box",
            "collider2origin": [
                [
                    -0.6154306209035182,
                    -0.043829860746813644,
                    -0.7869714697250627,
                    0.5786150040144082
                ],
                [
                    -0.6565924449955358,
                    -0.523852020354574,
                    0.5426466824234855,
                    -0.5219450714515863
                ],
                [
                    -0.4360407229022244,
                    0.8506809061436288,
                    0.29361621871681365,
                    -0.848139167193395
                ],
                [
                    0.0,
                    0.0,
                    0.0,
                    1.0
                ]
            ],
            "size": [
                0.08993,
                0.0305,
                0.09007
            ]
        },
        "distance": 0.0
    },
    {
        "case": 3,
        "collider1": {
            "type": "Box",
            "collider2origin": [
                [
                    1.0,
                    0.0,
                    0.0,
                    0.5199999999999999
                ],
                [
                    0.0,
                    1.0,
                    0.0,
                    -0.43085999999999997
                ],
                [
                    0.0,
                    0.0,
                    1.0,
                    -0.80301
                ],
                [
                    0.0,
                    0.0,
                    0.0,
                    1.0
                ]
            ],
            "size": [
                0.2,
                0.08,
                0.04
            ]
        },
        "collider2": {
            "type": "Box",
            "collider2origin": [
                [
                    0.40382494137293856,
                    -0.9092966917823487,
                    -0.10052334574027458,
                    0.6749034387353352
                ],
                [
                    -0.8823652746805565,
                    -0.41614844257943934,
                    0.2196633692189322,
                    -0.4054780744549453
                ],
                [
                    -0.24157180870922948,
                    -7.2376206915124115e-06,
                    -0.9703829456377353,
                    -0.5756475882382055
                ],
                [
                    0.0,
                    0.0,
                    0.0,
                    1.0
                ]
            ],
            "size": [
                0.1202,
                0.13634,
                0.67816
            ]
        },
        "distance": 0.0
    }
]