[
    {
        "case": 0,
        "collider1": {
            "type": "Box",
            "collider2origin": [
                [
                    1.0,
                    0.0,
                    0.0,
                    -0.26
                ],
                [
                    0.0,
                    1.0,
                    0.0,
                    -0.4608599999999999
                ],
                [
                    0.0,
                    0.0,
                    1.0,
                    -1.143
                ],
                [
                    0.0,
                    0.0,
                    0.0,
                    1.0
                ]
            ],
            "size": [
                1.48,
                0.272,
                0.945
            ]
        },
        "collider2": {
            "type": "Box",
            "collider2origin": [
                [
                    -0.9036843794345726,
                    -0.1670831258823147,
                    -0.39425597194125805,
                    0.43189474066433187
                ],
                [
                    0.08101251335088154,
                    -0.9708146591675364,
                    0.22573406970591087,
                    -0.4881444391631431
                ],
                [
                    -0.42046583100951834,
                    0.17205268550887068,
                    0.8908458667820492,
                    -0.9532944515773231
                ],
                [
                    0.0,
                    0.0,
                    0.0,
                    1.0
                ]
            ],
            "size": [
                0.09126,
                0.11887,
                0.10009
            ]
        },
        "distance": 0.0
    },
    {
        "case": 1,
        "collider1": {
            "type": "Box",
            "collider2origin": [
                [
                    1.0,
                    0.0,
                    0.0,
                    -0.26
                ],
                [
                    0.0,
                    1.0,
                    0.0,
                    -0.4608599999999999
                ],
                [
                    0.0,
                    0.0,
                    1.0,
                    -1.143
                ],
                [
                    0.0,
                    0.0,
                    0.0,
                    1.0
                ]
            ],
            "size": [
                1.48,
                0.272,
                0.945
            ]
        },
        "collider2": {
            "type": "Box",
            "collider2origin": [
                [
                    0.7622689907452481,
                    -0.16708397463912686,
                    -0.6253230614386557,
                    0.4173794216156428
                ],
                [
                    -0.23787126175368759,
                    -0.9708156006133898,
                    -0.030566851937541488,
                    -0.5598295032986598
                ],
                [
                    -0.6019661523540419,
                    0.17204654900478084,
                    -0.7797671039455406,
                    -0.9378234788240434
                ],
                [
                    0.0,
                    0.0,
                    0.0,
                    1.0
                ]
            ],
            "size": [
                0.08993,
                0.0305,
                0.09007
            ]
        },
        "distance": 0.0
    },
    {
        "case": 2,
        "collider1": {
            "type": "Box",
            "collider2origin": [
                [
                    1.0,
                    0.0,
                    0.0,
                    -0.26
                ],
                [
                    0.0,
                    1.0,
                    0.0,
                    -0.4608599999999999
                ],
                [
                    0.0,
                    0.0,
                    1.0,
                    -1.143
                ],
                [
                    0.0,
                    0.0,
                    0.0,
                    1.0
                ]
            ],
            "size": [
                1.48,
                0.272,
                0.945
            ]
        },
        "collider2": {
            "type": "Box",
            "collider2origin": [
                [
                    0.7730951330894226,
                    0.49687638682282154,
                    -0.39425597194125805,
                    0.4732803157164295
                ],
                [
                    -0.44264011742754394,
                    0.8678213273581936,
                    0.2257340697059109,
                    -0.5141013087656008
                ],
                [
                    0.4543056698272413,
                    -4.0094551919025276e-07,
                    0.8908458667820495,
                    -1.0511499041328514
                ],
                [
                    0.0,
                    0.0,
                    0.0,
                    1.0
                ]
            ],
            "size": [
                0.09102,
                0.10007,
                0.11882
            ]
        },
        "distance": 0.0
    },
    {
        "case": 3,
        "collider1": {
            "type": "Cylinder",
            "collider2origin": [
                [
                    1.0,
                    0.0,
                    0.0,
                    0.4849999999999999
                ],
                [
                    0.0,
                    -3.673205103346574e-06,
                    -0.9999999999932537,
                    -0.46086
                ],
                [
                    0.0,
                    0.9999999999932537,
                    -3.673205103346574e-06,
                    -0.70001
                ],
                [
                    0.0,
                    0.0,
                    0.0,
                    1.0
                ]
            ],
            "radius": 0.026,
            "height": 0.272
        },
        "collider2": {
            "type": "Box",
            "collider2origin": [
                [
                    -0.8554275383036799,
                    0.49687729820647036,
                    -0.1461392392163876,
                    0.46164475580639897
                ],
                [
                    0.48978285563429746,
                    0.8678208055087389,
                    0.08366483044192712,
                    -0.6362204562793619
                ],
                [
                    0.16839382719808701,
                    -7.293956093530033e-06,
                    -0.9857197973604765,
                    -0.7656364256058409
                ],
                [
                    0.0,
                    0.0,
                    0.0,
                    1.0
                ]
            ],
            "size": [
                0.1202,
                0.13634,
                0.67816
            ]
        },
        "distance": 0.0
    },
    {
        "case": 4,
        "collider1": {
            "type": "Box",
            "collider2origin": [
                [
                    1.0,
                    0.0,
                    0.0,
                    -0.26
                ],
                [
                    0.0,
                    1.0,
                    0.0,
                    -0.4608599999999999
                ],
                [
                    0.0,
                    0.0,
                    1.0,
                    -1.143
                ],
                [
                    0.0,
                    0.0,
                    0.0,
                    1.0
                ]
            ],
            "size": [
                1.48,
                0.272,
                0.945
            ]
        },
        "collider2": {
            "type": "Box",
            "collider2origin": [
                [
                    -0.8554275383036799,
                    0.49687729820647036,
                    -0.1461392392163876,
                    0.46164475580639897
                ],
                [
                    0.48978285563429746,
                    0.8678208055087389,
                    0.08366483044192712,
                    -0.6362204562793619
                ],
                [
                    0.16839382719808701,
                    -7.293956093530033e-06,
                    -0.9857197973604765,
                    -0.7656364256058409
                ],
                [
                    0.0,
                    0.0,
                    0.0,
                    1.0
                ]
            ],
            "size": [
                0.1202,
                0.13634,
                0.67816
            ]
        },
        "distance": 0.0
    }
]