[
    {
        "case": 0,
        "collider1": {
            "type": "Box",
            "collider2origin": [
                [
                    1.0,
                    0.0,
                    0.0,
                    -0.06
                ],
                [
                    0.0,
                    1.0,
                    0.0,
                    -0.37086
                ],
                [
                    0.0,
                    0.0,
                    1.0,
                    -0.40301
                ],
                [
                    0.0,
                    0.0,
                    0.0,
                    1.0
                ]
            ],
            "size": [
                0.1,
                1.0,
                1.64
            ]
        },
        "collider2": {
            "type": "Cylinder",
            "collider2origin": [
                [
                    -0.25016982448411507,
                    -0.6366334462128365,
                    0.7294607008473822,
                    -0.0002150517980594735
                ],
                [
                    -0.30789028389027606,
                    0.7666184284881493,
                    0.5634711689060276,
                    -0.48752618393271685
                ],
                [
                    -0.9179426082297041,
                    -0.08363037884362026,
                    -0.3877980501896835,
                    0.12520099119850459
                ],
                [
                    0.0,
                    0.0,
                    0.0,
                    1.0
                ]
            ],
            "radius": 0.0076,
            "height": 0.02993
        },
        "distance": 0.0
    },
    {
        "case": 1,
        "collider1": {
            "type": "Box",
            "collider2origin": [
                [
                    1.0,
                    0.0,
                    0.0,
                    -0.06
                ],
                [
                    0.0,
                    1.0,
                    0.0,
                    -0.37086
                ],
                [
                    0.0,
                    0.0,
                    1.0,
                    -0.40301
                ],
                [
                    0.0,
                    0.0,
                    0.0,
                    1.0
                ]
            ],
            "size": [
                0.1,
                1.0,
                1.64
            ]
        },
        "collider2": {
            "type": "Sphere",
            "collider2origin": [
                [
                    1.0,
                    0.0,
                    0.0,
                    -0.012977875728942045
                ],
                [
                    0.0,
                    1.0,
                    0.0,
                    -0.4956895357011245
                ],
                [
                    0.0,
                    0.0,
                    1.0,
                    0.1317897553629379
                ],
                [
                    0.0,
                    0.0,
                    0.0,
                    1.0
                ]
            ],
            "radius": 0.00487
        },
        "distance": 0.0
    },
    {
        "case": 2,
        "collider1": {
            "type": "Box",
            "collider2origin": [
                [
                    1.0,
                    0.0,
                    0.0,
                    -0.06
                ],
                [
                    0.0,
                    1.0,
                    0.0,
                    -0.37086
                ],
                [
                    0.0,
                    0.0,
                    1.0,
                    -0.40301
                ],
                [
                    0.0,
                    0.0,
                    0.0,
                    1.0
                ]
            ],
            "size": [
                0.1,
                1.0,
                1.64
            ]
        },
        "collider2": {
            "type": "Sphere",
            "collider2origin": [
                [
                    1.0,
                    0.0,
                    0.0,
                    -0.0356244666610388
                ],
                [
                    0.0,
                    1.0,
                    0.0,
                    -0.4966339078023767
                ],
                [
                    0.0,
                    0.0,
                    1.0,
                    0.10542842763596627
                ],
                [
                    0.0,
                    0.0,
                    0.0,
                    1.0
                ]
            ],
            "radius": 0.00563
        },
        "distance": 0.0
    },
    {
        "case": 3,
        "collider1": {
            "type": "Box",
            "collider2origin": [
                [
                    1.0,
                    0.0,
                    0.0,
                    -0.06
                ],
                [
                    0.0,
                    1.0,
                    0.0,
                    -0.37086
                ],
                [
                    0.0,
                    0.0,
                    1.0,
                    -0.40301
                ],
                [
                    0.0,
                    0.0,
                    0.0,
                    1.0
                ]
            ],
            "size": [
                0.1,
                1.0,
                1.64
            ]
        },
        "collider2": {
            "type": "Cylinder",
            "collider2origin": [
                [
                    -0.22524940853029873,
                    -0.48171906785804885,
                    0.8468821899288724,
                    -0.017244078079121872
                ],
                [
                    -0.14318280888946372,
                    0.8761493426942201,
                    0.4602836218409343,
                    -0.48878070882627167
                ],
                [
                    -0.9637226713091649,
                    -0.01758035717662218,
                    -0.2663260104576126,
                    0.09996568277468754
                ],
                [
                    0.0,
                    0.0,
                    0.0,
                    1.0
                ]
            ],
            "radius": 0.00813,
            "height": 0.03824
        },
        "distance": 0.0
    },
    {
        "case": 4,
        "collider1": {
            "type": "Box",
            "collider2origin": [
                [
                    1.0,
                    0.0,
                    0.0,
                    -0.06
                ],
                [
                    0.0,
                    1.0,
                    0.0,
                    -0.37086
                ],
                [
                    0.0,
                    0.0,
                    1.0,
                    -0.40301
                ],
                [
                    0.0,
                    0.0,
                    0.0,
                    1.0
                ]
            ],
            "size": [
                0.1,
                1.0,
                1.64
            ]
        },
        "collider2": {
            "type": "Cylinder",
            "collider2origin": [
                [
                    -0.7473970349510106,
                    -0.46379455164592376,
                    0.47570188775113537,
                    -0.02758202987703484
                ],
                [
                    0.1489270168851322,
                    0.5808349857684766,
                    0.8002821146002386,
                    -0.41287019705604167
                ],
                [
                    -0.6474707837332374,
                    0.668973342645946,
                    -0.36504280713496706,
                    0.07130266343936764
                ],
                [
                    0.0,
                    0.0,
                    0.0,
                    1.0
                ]
            ],
            "radius": 0.01271,
            "height": 0.05982
        },
        "distance": 0.0
    },
    {
        "case": 5,
        "collider1": {
            "type": "Box",
            "collider2origin": [
                [
                    1.0,
                    0.0,
                    0.0,
                    -0.06
                ],
                [
                    0.0,
                    1.0,
                    0.0,
                    -0.37086
                ],
                [
                    0.0,
                    0.0,
                    1.0,
                    -0.40301
                ],
                [
                    0.0,
                    0.0,
                    0.0,
                    1.0
                ]
            ],
            "size": [
                0.1,
                1.0,
                1.64
            ]
        },
        "collider2": {
            "type": "Sphere",
            "collider2origin": [
                [
                    1.0,
                    0.0,
                    0.0,
                    -0.05908660546553279
                ],
                [
                    0.0,
                    1.0,
                    0.0,
                    -0.4694637334142159
                ],
                [
                    0.0,
                    0.0,
                    1.0,
                    0.08355157562100368
                ],
                [
                    0.0,
                    0.0,
                    0.0,
                    1.0
                ]
            ],
            "radius": 0.00663
        },
        "distance": 0.0
    },
    {
        "case": 6,
        "collider1": {
            "type": "Box",
            "collider2origin": [
                [
                    1.0,
                    0.0,
                    0.0,
                    -0.06
                ],
                [
                    0.0,
                    1.0,
                    0.0,
                    -0.37086
                ],
                [
                    0.0,
                    0.0,
                    1.0,
                    -0.40301
                ],
                [
                    0.0,
                    0.0,
                    0.0,
                    1.0
                ]
            ],
            "size": [
                0.1,
                1.0,
                1.64
            ]
        },
        "collider2": {
            "type": "Sphere",
            "collider2origin": [
                [
                    1.0,
                    0.0,
                    0.0,
                    -0.024547669691882046
                ],
                [
                    0.0,
                    1.0,
                    0.0,
                    -0.4521942632599034
                ],
                [
                    0.0,
                    0.0,
                    1.0,
                    0.14725469036569638
                ],
                [
                    0.0,
                    0.0,
                    0.0,
                    1.0
                ]
            ],
            "radius": 0.00484
        },
        "distance": 0.0
    },
    {
        "case": 7,
        "collider1": {
            "type": "Box",
            "collider2origin": [
                [
                    1.0,
                    0.0,
                    0.0,
                    0.205
                ],
                [
                    0.0,
                    1.0,
                    0.0,
                    -0.17586
                ],
                [
                    0.0,
                    0.0,
                    1.0,
                    -0.10301
                ],
                [
                    0.0,
                    0.0,
                    0.0,
                    1.0
                ]
            ],
            "size": [
                0.05,
                0.05,
                1.2
            ]
        },
        "collider2": {
            "type": "Box",
            "collider2origin": [
                [
                    -0.5914732094833747,
                    -0.7457045708380916,
                    -0.3067313735088304,
                    0.12343196111133714
                ],
                [
                    0.6619838872132432,
                    -0.6662767390739431,
                    0.34329672302402886,
                    -0.25902003522837236
                ],
                [
                    -0.46036591482589173,
                    -4.1239348532004964e-07,
                    0.8877292517802651,
                    -0.057822841615049914
                ],
                [
                    0.0,
                    0.0,
                    0.0,
                    1.0
                ]
            ],
            "size": [
                0.09102,
                0.10007,
                0.11882
            ]
        },
        "distance": 0.03089869496539075
    },
    {
        "case": 8,
        "collider1": {
            "type": "Box",
            "collider2origin": [
                [
                    1.0,
                    0.0,
                    0.0,
                    -0.06
                ],
                [
                    0.0,
                    1.0,
                    0.0,
                    -0.37086
                ],
                [
                    0.0,
                    0.0,
                    1.0,
                    -0.40301
                ],
                [
                    0.0,
                    0.0,
                    0.0,
                    1.0
                ]
            ],
            "size": [
                0.1,
                1.0,
                1.64
            ]
        },
        "collider2": {
            "type": "Cylinder",
            "collider2origin": [
                [
                    -0.7816080220399616,
                    -0.4648272015261095,
                    0.4159622249726338,
                    -0.03418577001280809
                ],
                [
                    0.14954990265822618,
                    0.5077602028363397,
                    0.8484187663120817,
                    -0.42400653605972005
                ],
                [
                    -0.6055771845914385,
                    0.7253380240529268,
                    -0.3273545850683959,
                    0.07853624276182836
                ],
                [
                    0.0,
                    0.0,
                    0.0,
                    1.0
                ]
            ],
            "radius": 0.01169,
            "height": 0.05502
        },
        "distance": 0.0
    },
    {
        "case": 9,
        "collider1": {
            "type": "Box",
            "collider2origin": [
                [
                    1.0,
                    0.0,
                    0.0,
                    -0.06
                ],
                [
                    0.0,
                    1.0,
                    0.0,
                    -0.37086
                ],
                [
                    0.0,
                    0.0,
                    1.0,
                    -0.40301
                ],
                [
                    0.0,
                    0.0,
                    0.0,
                    1.0
                ]
            ],
            "size": [
                0.1,
                1.0,
                1.64
            ]
        },
        "collider2": {
            "type": "Sphere",
            "collider2origin": [
                [
                    1.0,
                    0.0,
                    0.0,
                    -0.043127915052525445
                ],
                [
                    0.0,
                    1.0,
                    0.0,
                    -0.4433596315757601
                ],
                [
                    0.0,
                    0.0,
                    1.0,
                    0.08628341231177972
                ],
                [
                    0.0,
                    0.0,
                    0.0,
                    1.0
                ]
            ],
            "radius": 0.01051
        },
        "distance": 0.0
    },
    {
        "case": 10,
        "collider1": {
            "type": "Box",
            "collider2origin": [
                [
                    1.0,
                    0.0,
                    0.0,
                    -0.06
                ],
                [
                    0.0,
                    1.0,
                    0.0,
                    -0.37086
                ],
                [
                    0.0,
                    0.0,
                    1.0,
                    -0.40301
                ],
                [
                    0.0,
                    0.0,
                    0.0,
                    1.0
                ]
            ],
            "size": [
                0.1,
                1.0,
                1.64
            ]
        },
        "collider2": {
            "type": "Cylinder",
            "collider2origin": [
                [
                    -0.25915803008149735,
                    -0.10033900076711613,
                    0.9606087655072347,
                    -0.03982381843054017
                ],
                [
                    -0.020852009299146032,
                    0.9949384117283616,
                    0.0982992908195845,
                    -0.46874125872537786
                ],
                [
                    -0.9656098120630635,
                    0.0054444276560135126,
                    -0.25993854861299864,
                    0.07718057366145947
                ],
                [
                    0.0,
                    0.0,
                    0.0,
                    1.0
                ]
            ],
            "radius": 0.00796,
            "height": 0.03037
        },
        "distance": 0.0
    },
    {
        "case": 11,
        "collider1": {
            "type": "Box",
            "collider2origin": [
                [
                    1.0,
                    0.0,
                    0.0,
                    0.205
                ],
                [
                    0.0,
                    1.0,
                    0.0,
                    -0.17586
                ],
                [
                    0.0,
                    0.0,
                    1.0,
                    -0.10301
                ],
                [
                    0.0,
                    0.0,
                    0.0,
                    1.0
                ]
            ],
            "size": [
                0.05,
                0.05,
                1.2
            ]
        },
        "collider2": {
            "type": "Box",
            "collider2origin": [
                [
                    -0.10614992805952031,
                    -0.7457058602570678,
                    -0.6577651273450312,
                    0.3994644867837954
                ],
                [
                    0.11880925563773018,
                    -0.6662752959315923,
                    0.736180406426358,
                    -0.400219693214919
                ],
                [
                    -0.987226698153857,
                    -3.0879833336375434e-06,
                    0.15932183291280957,
                    -0.10665119482531926
                ],
                [
                    0.0,
                    0.0,
                    0.0,
                    1.0
                ]
            ],
            "size": [
                0.1202,
                0.13634,
                0.67816
            ]
        },
        "distance": 0.0
    },
    {
        "case": 12,
        "collider1": {
            "type": "Box",
            "collider2origin": [
                [
                    1.0,
                    0.0,
                    0.0,
                    -0.06
                ],
                [
                    0.0,
                    1.0,
                    0.0,
                    -0.37086
                ],
                [
                    0.0,
                    0.0,
                    1.0,
                    -0.40301
                ],
                [
                    0.0,
                    0.0,
                    0.0,
                    1.0
                ]
            ],
            "size": [
                0.1,
                1.0,
                1.64
            ]
        },
        "collider2": {
            "type": "Cylinder",
            "collider2origin": [
                [
                    -0.25915803008149735,
                    -0.5635053397118833,
                    0.7844098721717314,
                    -0.014888871610007737
                ],
                [
                    -0.020852009299146032,
                    0.815232391763454,
                    0.5787584479969392,
                    -0.4608030694317097
                ],
                [
                    -0.9656098120630635,
                    0.1336333773270443,
                    -0.22302423929183482,
                    0.07031331964001097
                ],
                [
                    0.0,
                    0.0,
                    0.0,
                    1.0
                ]
            ],
            "radius": 0.00713,
            "height": 0.01426
        },
        "distance": 0.0
    },
    {
        "case": 13,
        "collider1": {
            "type": "Box",
            "collider2origin": [
                [
                    1.0,
                    0.0,
                    0.0,
                    -0.06
                ],
                [
                    0.0,
                    1.0,
                    0.0,
                    -0.37086
                ],
                [
                    0.0,
                    0.0,
                    1.0,
                    -0.40301
                ],
                [
                    0.0,
                    0.0,
                    0.0,
                    1.0
                ]
            ],
            "size": [
                0.1,
                1.0,
                1.64
            ]
        },
        "collider2": {
            "type": "Cylinder",
            "collider2origin": [
                [
                    -0.2668937058762356,
                    -0.3722994530682341,
                    0.8889099318877829,
                    -0.011504072696593592
                ],
                [
                    -0.47723403324643726,
                    0.8523925348877789,
                    0.21371626980397385,
                    -0.45066552613935607
                ],
                [
                    -0.8372666404885524,
                    -0.36717854473359446,
                    -0.4051721720606336,
                    0.14110341080443733
                ],
                [
                    0.0,
                    0.0,
                    0.0,
                    1.0
                ]
            ],
            "radius": 0.0076,
            "height": 0.02993
        },
        "distance": 0.0
    },
    {
        "case": 14,
        "collider1": {
            "type": "Box",
            "collider2origin": [
                [
                    1.0,
                    0.0,
                    0.0,
                    -0.06
                ],
                [
                    0.0,
                    1.0,
                    0.0,
                    -0.37086
                ],
                [
                    0.0,
                    0.0,
                    1.0,
                    -0.40301
                ],
                [
                    0.0,
                    0.0,
                    0.0,
                    1.0
                ]
            ],
            "size": [
                0.1,
                1.0,
                1.64
            ]
        },
        "collider2": {
            "type": "Cylinder",
            "collider2origin": [
                [
                    -0.22922291455862093,
                    -0.5627066050192362,
                    0.7942406008943235,
                    -0.002767431646228724
                ],
                [
                    -0.02949305775518412,
                    0.8196070540121697,
                    0.5721664413068467,
                    -0.45185741649946765
                ],
                [
                    -0.9729270347695655,
                    0.10772907537530094,
                    -0.2044686561145305,
                    0.06672609977532051
                ],
                [
                    0.0,
                    0.0,
                    0.0,
                    1.0
                ]
            ],
            "radius": 0.00713,
            "height": 0.01697
        },
        "distance": 0.0
    }
]