[
    {
        "case": 0,
        "collider1": {
            "type": "Box",
            "collider2origin": [
                [
                    1.0,
                    0.0,
                    0.0,
                    1.2009999999999998
                ],
                [
                    0.0,
                    1.0,
                    0.0,
                    0.02914
                ],
                [
                    0.0,
                    0.0,
                    1.0,
                    -1.22801
                ],
                [
                    0.0,
                    0.0,
                    0.0,
                    1.0
                ]
            ],
            "size": [
                0.41,
                0.6,
                0.82
            ]
        },
        "collider2": {
            "type": "Box",
            "collider2origin": [
                [
                    -0.19537611220523343,
                    -0.8414705681999196,
                    0.5037414591165515,
                    1.2848863821813608
                ],
                [
                    -0.3042883807158397,
                    0.540302954672922,
                    0.7845261617900594,
                    -0.467107616151755
                ],
                [
                    -0.9323286738811052,
                    -5.001480174079655e-06,
                    -0.36161200731458704,
                    -0.9822926558399228
                ],
                [
                    0.0,
                    0.0,
                    0.0,
                    1.0
                ]
            ],
            "size": [
                0.1202,
                0.13634,
                0.67816
            ]
        },
        "distance": 0.0
    },
    {
        "case": 1,
        "collider1": {
            "type": "Box",
            "collider2origin": [
                [
                    1.0,
                    0.0,
                    0.0,
                    1.28
                ],
                [
                    0.0,
                    1.0,
                    0.0,
                    -0.23086
                ],
                [
                    0.0,
                    0.0,
                    1.0,
                    -0.67301
                ],
                [
                    0.0,
                    0.0,
                    0.0,
                    1.0
                ]
            ],
            "size": [
                0.06,
                0.06,
                0.33
            ]
        },
        "collider2": {
            "type": "Box",
            "collider2origin": [
                [
                    -0.19537611220523343,
                    -0.8414705681999196,
                    0.5037414591165515,
                    1.2848863821813608
                ],
                [
                    -0.3042883807158397,
                    0.540302954672922,
                    0.7845261617900594,
                    -0.467107616151755
                ],
                [
                    -0.9323286738811052,
                    -5.001480174079655e-06,
                    -0.36161200731458704,
                    -0.9822926558399228
                ],
                [
                    0.0,
                    0.0,
                    0.0,
                    1.0
                ]
            ],
            "size": [
                0.1202,
                0.13634,
                0.67816
            ]
        },
        "distance": 0.14340837086631947
    },
    {
        "case": 2,
        "collider1": {
            "type": "Box",
            "collider2origin": [
                [
                    1.0,
                    0.0,
                    0.0,
                    1.2009999999999998
                ],
                [
                    0.0,
                    1.0,
                    0.0,
                    0.02914
                ],
                [
                    0.0,
                    0.0,
                    1.0,
                    -1.22801
                ],
                [
                    0.0,
                    0.0,
                    0.0,
                    1.0
                ]
            ],
            "size": [
                0.41,
                0.6,
                0.82
            ]
        },
        "collider2": {
            "type": "Box",
            "collider2origin": [
                [
                    -0.17548453285081836,
                    -0.8414705414964546,
                    0.5110112587055137,
                    1.3392344138638994
                ],
                [
                    -0.27330899203544967,
                    0.5403029962622667,
                    0.7958485201987772,
                    -0.17561778083143031
                ],
                [
                    -0.9457839994431586,
                    -4.866248472862262e-06,
                    -0.32479628442090136,
                    -1.088569555592499
                ],
                [
                    0.0,
                    0.0,
                    0.0,
                    1.0
                ]
            ],
            "size": [
                0.09102,
                0.10007,
                0.11882
            ]
        },
        "distance": 0.0
    },
    {
        "case": 3,
        "collider1": {
            "type": "Box",
            "collider2origin": [
                [
                    1.0,
                    0.0,
                    0.0,
                    1.2009999999999998
                ],
                [
                    0.0,
                    1.0,
                    0.0,
                    0.02914
                ],
                [
                    0.0,
                    0.0,
                    1.0,
                    -1.22801
                ],
                [
                    0.0,
                    0.0,
                    0.0,
                    1.0
                ]
            ],
            "size": [
                0.41,
                0.6,
                0.82
            ]
        },
        "collider2": {
            "type": "Box",
            "collider2origin": [
                [
                    0.15151300128668221,
                    0.8461154199737223,
                    0.5110112587055137,
                    1.3935641732167983
                ],
                [
                    0.2885452325101612,
                    -0.5323220657581962,
                    0.7958485201987772,
                    -0.08763117657375286
                ],
                [
                    0.9454022737632688,
                    0.026868464593611096,
                    -0.32479628442090136,
                    -1.124169894717733
                ],
                [
                    0.0,
                    0.0,
                    0.0,
                    1.0
                ]
            ],
            "size": [
                0.09126,
                0.11887,
                0.10009
            ]
        },
        "distance": 0.0
    }
]