[
    {
        "case": 0,
        "collider1": {
            "type": "Box",
            "collider2origin": [
                [
                    1.0,
                    0.0,
                    0.0,
                    0.5199999999999999
                ],
                [
                    0.0,
                    1.0,
                    0.0,
                    -0.43085999999999997
                ],
                [
                    0.0,
                    0.0,
                    1.0,
                    -0.80301
                ],
                [
                    0.0,
                    0.0,
                    0.0,
                    1.0
                ]
            ],
            "size": [
                0.2,
                0.08,
                0.04
            ]
        },
        "collider2": {
            "type": "Box",
            "collider2origin": [
                [
                    -0.2586825462808057,
                    0.9219865916367959,
                    -0.2881389683670764,
                    0.728438534804019
                ],
                [
                    0.6159425850768713,
                    0.38722180311085624,
                    0.6860568541195391,
                    -0.22892436077097478
                ],
                [
                    0.7441089114763376,
                    -6.127120358220137e-06,
                    -0.6680583266631427,
                    -0.6342998447590938
                ],
                [
                    0.0,
                    0.0,
                    0.0,
                    1.0
                ]
            ],
            "size": [
                0.1202,
                0.13634,
                0.67816
            ]
        },
        "distance": 0.15452309284588467
    },
    {
        "case": 1,
        "collider1": {
            "type": "Box",
            "collider2origin": [
                [
                    1.0,
                    0.0,
                    0.0,
                    1.23
                ],
                [
                    0.0,
                    1.0,
                    0.0,
                    -0.23086
                ],
                [
                    0.0,
                    0.0,
                    1.0,
                    -0.54301
                ],
                [
                    0.0,
                    0.0,
                    0.0,
                    1.0
                ]
            ],
            "size": [
                0.1,
                0.16,
                0.1
            ]
        },
        "collider2": {
            "type": "Box",
            "collider2origin": [
                [
                    -0.04696513744618599,
                    0.9219862381826716,
                    -0.38436395833431986,
                    1.045631728370946
                ],
                [
                    0.11183565664831617,
                    0.3872226447210982,
                    0.9151783483656276,
                    -0.6578993305170051
                ],
                [
                    0.9926162711575408,
                    -4.118753499513065e-06,
                    -0.12129690109947192,
                    -0.40918424050418123
                ],
                [
                    0.0,
                    0.0,
                    0.0,
                    1.0
                ]
            ],
            "size": [
                0.15068,
                0.17726,
                0.74884
            ]
        },
        "distance": 0.16963752993305317
    },
    {
        "case": 2,
        "collider1": {
            "type": "Box",
            "collider2origin": [
                [
                    1.0,
                    0.0,
                    0.0,
                    1.23
                ],
                [
                    0.0,
                    1.0,
                    0.0,
                    -0.23086
                ],
                [
                    0.0,
                    0.0,
                    1.0,
                    -0.54301
                ],
                [
                    0.0,
                    0.0,
                    0.0,
                    1.0
                ]
            ],
            "size": [
                0.1,
                0.16,
                0.1
            ]
        },
        "collider2": {
            "type": "Box",
            "collider2origin": [
                [
                    -0.04696513744618599,
                    0.9219862381826716,
                    -0.38436395833431986,
                    1.045631728370946
                ],
                [
                    0.11183565664831617,
                    0.3872226447210982,
                    0.9151783483656276,
                    -0.6578993305170051
                ],
                [
                    0.9926162711575408,
                    -4.118753499513065e-06,
                    -0.12129690109947192,
                    -0.40918424050418123
                ],
                [
                    0.0,
                    0.0,
                    0.0,
                    1.0
                ]
            ],
            "size": [
                0.15068,
                0.17726,
                0.74884
            ]
        },
        "distance": 0.16963752993305317
    }
]