[
    {
        "case": 0,
        "collider1": {
            "type": "Box",
            "collider2origin": [
                [
                    1.0,
                    0.0,
                    0.0,
                    -0.06
                ],
                [
                    0.0,
                    1.0,
                    0.0,
                    -0.37086
                ],
                [
                    0.0,
                    0.0,
                    1.0,
                    -0.40301
                ],
                [
                    0.0,
                    0.0,
                    0.0,
                    1.0
                ]
            ],
            "size": [
                0.1,
                1.0,
                1.64
            ]
        },
        "collider2": {
            "type": "Cylinder",
            "collider2origin": [
                [
                    -0.1382502439023192,
                    -0.599901708428592,
                    0.7880385842618396,
                    -0.04769633643607607
                ],
                [
                    0.6877373188641674,
                    0.5144080023671311,
                    0.5122516835913602,
                    -0.18507049707756695
                ],
                [
                    -0.7126740140502352,
                    0.6127824632976314,
                    0.34145776074415257,
                    -0.5571817907468763
                ],
                [
                    0.0,
                    0.0,
                    0.0,
                    1.0
                ]
            ],
            "radius": 0.00783,
            "height": 0.03683
        },
        "distance": 0.0
    },
    {
        "case": 1,
        "collider1": {
            "type": "Box",
            "collider2origin": [
                [
                    1.0,
                    0.0,
                    0.0,
                    -0.06
                ],
                [
                    0.0,
                    1.0,
                    0.0,
                    -0.37086
                ],
                [
                    0.0,
                    0.0,
                    1.0,
                    -0.40301
                ],
                [
                    0.0,
                    0.0,
                    0.0,
                    1.0
                ]
            ],
            "size": [
                0.1,
                1.0,
                1.64
            ]
        },
        "collider2": {
            "type": "Cylinder",
            "collider2origin": [
                [
                    -0.14246178902786205,
                    -0.09978558918458919,
                    0.9847575716175347,
                    -0.08059046473947351
                ],
                [
                    0.6915098692717371,
                    0.7017985000023491,
                    0.17115188019486458,
                    -0.1976714993521007
                ],
                [
                    -0.7081798778324372,
                    0.7053521826616374,
                    -0.03097675011516607,
                    -0.5629608620249283
                ],
                [
                    0.0,
                    0.0,
                    0.0,
                    1.0
                ]
            ],
            "radius": 0.0076,
            "height": 0.02993
        },
        "distance": 0.0
    },
    {
        "case": 2,
        "collider1": {
            "type": "Box",
            "collider2origin": [
                [
                    1.0,
                    0.0,
                    0.0,
                    0.205
                ],
                [
                    0.0,
                    1.0,
                    0.0,
                    -0.17586
                ],
                [
                    0.0,
                    0.0,
                    1.0,
                    -0.10301
                ],
                [
                    0.0,
                    0.0,
                    0.0,
                    1.0
                ]
            ],
            "size": [
                0.05,
                0.05,
                1.2
            ]
        },
        "collider2": {
            "type": "Box",
            "collider2origin": [
                [
                    0.4313624832371162,
                    0.6442133376703126,
                    -0.631597643775833,
                    0.20295258780461356
                ],
                [
                    -0.3633256847874645,
                    0.7648458508517324,
                    0.5319823974612405,
                    -0.11951970882012442
                ],
                [
                    0.8257849931000371,
                    -1.601572311660601e-06,
                    0.5639850575752928,
                    -0.4940917552235651
                ],
                [
                    0.0,
                    0.0,
                    0.0,
                    1.0
                ]
            ],
            "size": [
                0.09102,
                0.10007,
                0.11882
            ]
        },
        "distance": 0.0
    },
    {
        "case": 3,
        "collider1": {
            "type": "Box",
            "collider2origin": [
                [
                    1.0,
                    0.0,
                    0.0,
                    -0.06
                ],
                [
                    0.0,
                    1.0,
                    0.0,
                    -0.37086
                ],
                [
                    0.0,
                    0.0,
                    1.0,
                    -0.40301
                ],
                [
                    0.0,
                    0.0,
                    0.0,
                    1.0
                ]
            ],
            "size": [
                0.1,
                1.0,
                1.64
            ]
        },
        "collider2": {
            "type": "Sphere",
            "collider2origin": [
                [
                    1.0,
                    0.0,
                    0.0,
                    -0.08760387478170828
                ],
                [
                    0.0,
                    1.0,
                    0.0,
                    -0.18375599824361555
                ],
                [
                    0.0,
                    0.0,
                    1.0,
                    -0.5144631134981885
                ],
                [
                    0.0,
                    0.0,
                    0.0,
                    1.0
                ]
            ],
            "radius": 0.00484
        },
        "distance": 0.0
    },
    {
        "case": 4,
        "collider1": {
            "type": "Box",
            "collider2origin": [
                [
                    1.0,
                    0.0,
                    0.0,
                    -0.06
                ],
                [
                    0.0,
                    1.0,
                    0.0,
                    -0.37086
                ],
                [
                    0.0,
                    0.0,
                    1.0,
                    -0.40301
                ],
                [
                    0.0,
                    0.0,
                    0.0,
                    1.0
                ]
            ],
            "size": [
                0.1,
                1.0,
                1.64
            ]
        },
        "collider2": {
            "type": "Cylinder",
            "collider2origin": [
                [
                    -0.11229007677592777,
                    -0.25144916634133124,
                    0.9613346219729658,
                    -0.05475467688953839
                ],
                [
                    0.9933807154838408,
                    -0.004844082588939541,
                    0.11476623618766499,
                    -0.10136907003226137
                ],
                [
                    -0.02420109010907686,
                    0.9678583840676901,
                    0.250328695173788,
                    -0.5316554109112626
                ],
                [
                    0.0,
                    0.0,
                    0.0,
                    1.0
                ]
            ],
            "radius": 0.01271,
            "height": 0.05982
        },
        "distance": 0.0
    },
    {
        "case": 5,
        "collider1": {
            "type": "Box",
            "collider2origin": [
                [
                    1.0,
                    0.0,
                    0.0,
                    -0.06
                ],
                [
                    0.0,
                    1.0,
                    0.0,
                    -0.37086
                ],
                [
                    0.0,
                    0.0,
                    1.0,
                    -0.40301
                ],
                [
                    0.0,
                    0.0,
                    0.0,
                    1.0
                ]
            ],
            "size": [
                0.1,
                1.0,
                1.64
            ]
        },
        "collider2": {
            "type": "Sphere",
            "collider2origin": [
                [
                    1.0,
                    0.0,
                    0.0,
                    -0.11071954969068853
                ],
                [
                    0.0,
                    1.0,
                    0.0,
                    -0.1405760761150141
                ],
                [
                    0.0,
                    0.0,
                    1.0,
                    -0.5740704819510041
                ],
                [
                    0.0,
                    0.0,
                    0.0,
                    1.0
                ]
            ],
            "radius": 0.00663
        },
        "distance": 0.0
    },
    {
        "case": 6,
        "collider1": {
            "type": "Box",
            "collider2origin": [
                [
                    1.0,
                    0.0,
                    0.0,
                    -0.06
                ],
                [
                    0.0,
                    1.0,
                    0.0,
                    -0.37086
                ],
                [
                    0.0,
                    0.0,
                    1.0,
                    -0.40301
                ],
                [
                    0.0,
                    0.0,
                    0.0,
                    1.0
                ]
            ],
            "size": [
                0.1,
                1.0,
                1.64
            ]
        },
        "collider2": {
            "type": "Cylinder",
            "collider2origin": [
                [
                    -0.1531209482967909,
                    -0.3216163882657993,
                    0.9344072313459233,
                    -0.0690832305571012
                ],
                [
                    0.9881474623775334,
                    -0.06024978349012103,
                    0.1411897878255882,
                    -0.10445951860913882
                ],
                [
                    0.010888883759714843,
                    0.9449512486833674,
                    0.3270299219065608,
                    -0.5339123507397576
                ],
                [
                    0.0,
                    0.0,
                    0.0,
                    1.0
                ]
            ],
            "radius": 0.01169,
            "height": 0.05502
        },
        "distance": 0.0
    },
    {
        "case": 7,
        "collider1": {
            "type": "Box",
            "collider2origin": [
                [
                    1.0,
                    0.0,
                    0.0,
                    -0.06
                ],
                [
                    0.0,
                    1.0,
                    0.0,
                    -0.37086
                ],
                [
                    0.0,
                    0.0,
                    1.0,
                    -0.40301
                ],
                [
                    0.0,
                    0.0,
                    0.0,
                    1.0
                ]
            ],
            "size": [
                0.1,
                1.0,
                1.64
            ]
        },
        "collider2": {
            "type": "Sphere",
            "collider2origin": [
                [
                    1.0,
                    0.0,
                    0.0,
                    -0.09109188165377335
                ],
                [
                    0.0,
                    1.0,
                    0.0,
                    -0.12444084992930615
                ],
                [
                    0.0,
                    0.0,
                    1.0,
                    -0.5136676374385316
                ],
                [
                    0.0,
                    0.0,
                    0.0,
                    1.0
                ]
            ],
            "radius": 0.00563
        },
        "distance": 0.0
    },
    {
        "case": 8,
        "collider1": {
            "type": "Box",
            "collider2origin": [
                [
                    1.0,
                    0.0,
                    0.0,
                    -0.06
                ],
                [
                    0.0,
                    1.0,
                    0.0,
                    -0.37086
                ],
                [
                    0.0,
                    0.0,
                    1.0,
                    -0.40301
                ],
                [
                    0.0,
                    0.0,
                    0.0,
                    1.0
                ]
            ],
            "size": [
                0.1,
                1.0,
                1.64
            ]
        },
        "collider2": {
            "type": "Sphere",
            "collider2origin": [
                [
                    1.0,
                    0.0,
                    0.0,
                    -0.0901634006067642
                ],
                [
                    0.0,
                    1.0,
                    0.0,
                    -0.10824740038622138
                ],
                [
                    0.0,
                    0.0,
                    1.0,
                    -0.5413823763300838
                ],
                [
                    0.0,
                    0.0,
                    0.0,
                    1.0
                ]
            ],
            "radius": 0.01051
        },
        "distance": 0.0
    },
    {
        "case": 9,
        "collider1": {
            "type": "Box",
            "collider2origin": [
                [
                    1.0,
                    0.0,
                    0.0,
                    -0.06
                ],
                [
                    0.0,
                    1.0,
                    0.0,
                    -0.37086
                ],
                [
                    0.0,
                    0.0,
                    1.0,
                    -0.40301
                ],
                [
                    0.0,
                    0.0,
                    0.0,
                    1.0
                ]
            ],
            "size": [
                0.1,
                1.0,
                1.64
            ]
        },
        "collider2": {
            "type": "Cylinder",
            "collider2origin": [
                [
                    -0.03719580978053835,
                    0.8353193452836883,
                    0.5485052990898076,
                    -0.08134151938342371
                ],
                [
                    0.7890807636284373,
                    0.36133973954698007,
                    -0.49677473878578204,
                    -0.13537056724234742
                ],
                [
                    -0.6131623114692646,
                    0.41433704157237733,
                    -0.6725747510683979,
                    -0.5283245373513351
                ],
                [
                    0.0,
                    0.0,
                    0.0,
                    1.0
                ]
            ],
            "radius": 0.00813,
            "height": 0.03824
        },
        "distance": 0.0
    },
    {
        "case": 10,
        "collider1": {
            "type": "Box",
            "collider2origin": [
                [
                    1.0,
                    0.0,
                    0.0,
                    -0.06
                ],
                [
                    0.0,
                    1.0,
                    0.0,
                    -0.37086
                ],
                [
                    0.0,
                    0.0,
                    1.0,
                    -0.40301
                ],
                [
                    0.0,
                    0.0,
                    0.0,
                    1.0
                ]
            ],
            "size": [
                0.1,
                1.0,
                1.64
            ]
        },
        "collider2": {
            "type": "Sphere",
            "collider2origin": [
                [
                    1.0,
                    0.0,
                    0.0,
                    -0.09688702771555913
                ],
                [
                    0.0,
                    1.0,
                    0.0,
                    -0.19980227065300094
                ],
                [
                    0.0,
                    0.0,
                    1.0,
                    -0.5612804903905129
                ],
                [
                    0.0,
                    0.0,
                    0.0,
                    1.0
                ]
            ],
            "radius": 0.00487
        },
        "distance": 0.0
    },
    {
        "case": 11,
        "collider1": {
            "type": "Box",
            "collider2origin": [
                [
                    1.0,
                    0.0,
                    0.0,
                    -0.06
                ],
                [
                    0.0,
                    1.0,
                    0.0,
                    -0.37086
                ],
                [
                    0.0,
                    0.0,
                    1.0,
                    -0.40301
                ],
                [
                    0.0,
                    0.0,
                    0.0,
                    1.0
                ]
            ],
            "size": [
                0.1,
                1.0,
                1.64
            ]
        },
        "collider2": {
            "type": "Cylinder",
            "collider2origin": [
                [
                    -0.0004472598227648157,
                    0.2042664798150756,
                    0.9789152185877015,
                    -0.09117060290924783
                ],
                [
                    0.8595497254810971,
                    0.5003551349544079,
                    -0.10401446221620404,
                    -0.14232123098494076
                ],
                [
                    -0.5110519243521356,
                    0.8413797859163914,
                    -0.17580098539901723,
                    -0.579262756425295
                ],
                [
                    0.0,
                    0.0,
                    0.0,
                    1.0
                ]
            ],
            "radius": 0.00796,
            "height": 0.03037
        },
        "distance": 0.0
    },
    {
        "case": 12,
        "collider1": {
            "type": "Box",
            "collider2origin": [
                [
                    1.0,
                    0.0,
                    0.0,
                    0.205
                ],
                [
                    0.0,
                    1.0,
                    0.0,
                    -0.17586
                ],
                [
                    0.0,
                    0.0,
                    1.0,
                    -0.10301
                ],
                [
                    0.0,
                    0.0,
                    0.0,
                    1.0
                ]
            ],
            "size": [
                0.05,
                0.05,
                1.2
            ]
        },
        "collider2": {
            "type": "Box",
            "collider2origin": [
                [
                    -0.13812838908584835,
                    0.6442128944156515,
                    -0.7522700943126458,
                    0.35228143954538627
                ],
                [
                    0.116348034150682,
                    0.7648462241848373,
                    0.6336192770895382,
                    -0.39141806177410254
                ],
                [
                    0.9835566496536027,
                    -4.336585506771118e-06,
                    -0.18059988068482713,
                    -0.4427379014578996
                ],
                [
                    0.0,
                    0.0,
                    0.0,
                    1.0
                ]
            ],
            "size": [
                0.1202,
                0.13634,
                0.67816
            ]
        },
        "distance": 0.0
    },
    {
        "case": 13,
        "collider1": {
            "type": "Box",
            "collider2origin": [
                [
                    1.0,
                    0.0,
                    0.0,
                    -0.06
                ],
                [
                    0.0,
                    1.0,
                    0.0,
                    -0.37086
                ],
                [
                    0.0,
                    0.0,
                    1.0,
                    -0.40301
                ],
                [
                    0.0,
                    0.0,
                    0.0,
                    1.0
                ]
            ],
            "size": [
                0.1,
                1.0,
                1.64
            ]
        },
        "collider2": {
            "type": "Cylinder",
            "collider2origin": [
                [
                    -0.2550117766636106,
                    0.2850083140764445,
                    0.9239801159495646,
                    -0.07489446054174831
                ],
                [
                    0.5592112418027689,
                    0.8230287858136611,
                    -0.09953092365438608,
                    -0.18573059992987617
                ],
                [
                    -0.7888293736951442,
                    0.4913185103671472,
                    -0.36926188615443817,
                    -0.5211625491354426
                ],
                [
                    0.0,
                    0.0,
                    0.0,
                    1.0
                ]
            ],
            "radius": 0.0076,
            "height": 0.02993
        },
        "distance": 0.0
    },
    {
        "case": 14,
        "collider1": {
            "type": "Box",
            "collider2origin": [
                [
                    1.0,
                    0.0,
                    0.0,
                    -0.06
                ],
                [
                    0.0,
                    1.0,
                    0.0,
                    -0.37086
                ],
                [
                    0.0,
                    0.0,
                    1.0,
                    -0.40301
                ],
                [
                    0.0,
                    0.0,
                    0.0,
                    1.0
                ]
            ],
            "size": [
                0.1,
                1.0,
                1.64
            ]
        },
        "collider2": {
            "type": "Cylinder",
            "collider2origin": [
                [
                    -0.0004472598227648157,
                    -0.30807182669065747,
                    0.9513629956846819,
                    -0.06411702474930148
                ],
                [
                    0.8595497254810971,
                    0.4860775511706516,
                    0.1578064753846065,
                    -0.1423952764592935
                ],
                [
                    -0.5110519243521356,
                    0.817814382269854,
                    0.2645856511010284,
                    -0.5794177596878313
                ],
                [
                    0.0,
                    0.0,
                    0.0,
                    1.0
                ]
            ],
            "radius": 0.00713,
            "height": 0.01426
        },
        "distance": 0.0
    },
    {
        "case": 15,
        "collider1": {
            "type": "Box",
            "collider2origin": [
                [
                    1.0,
                    0.0,
                    0.0,
                    -0.06
                ],
                [
                    0.0,
                    1.0,
                    0.0,
                    -0.37086
                ],
                [
                    0.0,
                    0.0,
                    1.0,
                    -0.40301
                ],
                [
                    0.0,
                    0.0,
                    0.0,
                    1.0
                ]
            ],
            "size": [
                0.1,
                1.0,
                1.64
            ]
        },
        "collider2": {
            "type": "Box",
            "collider2origin": [
                [
                    -0.05773931627205074,
                    -0.5829599773886185,
                    -0.8104466892519808,
                    -0.014729740877656772
                ],
                [
                    0.7578184921250471,
                    -0.554068973549696,
                    0.3445558090395602,
                    -0.15159083850179178
                ],
                [
                    -0.6499056118774139,
                    -0.5942770711651653,
                    0.4737694147342108,
                    -0.5442857612145217
                ],
                [
                    0.0,
                    0.0,
                    0.0,
                    1.0
                ]
            ],
            "size": [
                0.07264,
                0.04753,
                0.03326
            ]
        },
        "distance": 0.0
    },
    {
        "case": 16,
        "collider1": {
            "type": "Box",
            "collider2origin": [
                [
                    1.0,
                    0.0,
                    0.0,
                    -0.06
                ],
                [
                    0.0,
                    1.0,
                    0.0,
                    -0.37086
                ],
                [
                    0.0,
                    0.0,
                    1.0,
                    -0.40301
                ],
                [
                    0.0,
                    0.0,
                    0.0,
                    1.0
                ]
            ],
            "size": [
                0.1,
                1.0,
                1.64
            ]
        },
        "collider2": {
            "type": "Cylinder",
            "collider2origin": [
                [
                    -0.25327909198857446,
                    -0.0975329217325758,
                    0.9624640412710228,
                    -0.04981314292531569
                ],
                [
                    0.553751146090017,
                    0.8011684999894284,
                    0.2269112223506833,
                    -0.18460729022924982
                ],
                [
                    -0.7932271867286413,
                    0.5904374342832571,
                    -0.14891026301624882,
                    -0.5281008401310773
                ],
                [
                    0.0,
                    0.0,
                    0.0,
                    1.0
                ]
            ],
            "radius": 0.00783,
            "height": 0.03044
        },
        "distance": 0.0
    },
    {
        "case": 17,
        "collider1": {
            "type": "Box",
            "collider2origin": [
                [
                    1.0,
                    0.0,
                    0.0,
                    -0.06
                ],
                [
                    0.0,
                    1.0,
                    0.0,
                    -0.37086
                ],
                [
                    0.0,
                    0.0,
                    1.0,
                    -0.40301
                ],
                [
                    0.0,
                    0.0,
                    0.0,
                    1.0
                ]
            ],
            "size": [
                0.1,
                1.0,
                1.64
            ]
        },
        "collider2": {
            "type": "Cylinder",
            "collider2origin": [
                [
                    -0.03719580978053835,
                    0.45336246029275407,
                    0.8905498028364666,
                    -0.059656395650828475
                ],
                [
                    0.7890807636284373,
                    0.5601329493308728,
                    -0.25219561365229803,
                    -0.14715472589056688
                ],
                [
                    -0.6131623114692646,
                    0.6933350983984565,
                    -0.3785741950033968,
                    -0.5448050322970475
                ],
                [
                    0.0,
                    0.0,
                    0.0,
                    1.0
                ]
            ],
            "radius": 0.00683,
            "height": 0.01183
        },
        "distance": 0.0
    },
    {
        "case": 18,
        "collider1": {
            "type": "Box",
            "collider2origin": [
                [
                    1.0,
                    0.0,
                    0.0,
                    -0.06
                ],
                [
                    0.0,
                    1.0,
                    0.0,
                    -0.37086
                ],
                [
                    0.0,
                    0.0,
                    1.0,
                    -0.40301
                ],
                [
                    0.0,
                    0.0,
                    0.0,
                    1.0
                ]
            ],
            "size": [
                0.1,
                1.0,
                1.64
            ]
        },
        "collider2": {
            "type": "Box",
            "collider2origin": [
                [
                    -0.22627980751682286,
                    -0.5829633174469602,
                    -0.780353265656897,
                    0.013387257233339889
                ],
                [
                    0.8131920898867928,
                    -0.5540697741813061,
                    0.17811600232496255,
                    -0.12376916717910547
                ],
                [
                    -0.5362052532899125,
                    -0.5942730482277572,
                    0.5994359602946668,
                    -0.5116394027340018
                ],
                [
                    0.0,
                    0.0,
                    0.0,
                    1.0
                ]
            ],
            "size": [
                0.06241,
                0.05638,
                0.02858
            ]
        },
        "distance": 0.0
    },
    {
        "case": 19,
        "collider1": {
            "type": "Box",
            "collider2origin": [
                [
                    1.0,
                    0.0,
                    0.0,
                    -0.06
                ],
                [
                    0.0,
                    1.0,
                    0.0,
                    -0.37086
                ],
                [
                    0.0,
                    0.0,
                    1.0,
                    -0.40301
                ],
                [
                    0.0,
                    0.0,
                    0.0,
                    1.0
                ]
            ],
            "size": [
                0.1,
                1.0,
                1.64
            ]
        },
        "collider2": {
            "type": "Cylinder",
            "collider2origin": [
                [
                    -0.03719580978053835,
                    0.45336246029275407,
                    0.8905498028364666,
                    -0.045120258485224385
                ],
                [
                    0.7890807636284373,
                    0.5601329493308728,
                    -0.25219561365229803,
                    -0.15126765260935593
                ],
                [
                    -0.6131623114692646,
                    0.6933350983984565,
                    -0.3785741950033968,
                    -0.5509797671179615
                ],
                [
                    0.0,
                    0.0,
                    0.0,
                    1.0
                ]
            ],
            "radius": 0.00683,
            "height": 0.01782
        },
        "distance": 0.0
    },
    {
        "case": 20,
        "collider1": {
            "type": "Box",
            "collider2origin": [
                [
                    1.0,
                    0.0,
                    0.0,
                    -0.06
                ],
                [
                    0.0,
                    1.0,
                    0.0,
                    -0.37086
                ],
                [
                    0.0,
                    0.0,
                    1.0,
                    -0.40301
                ],
                [
                    0.0,
                    0.0,
                    0.0,
                    1.0
                ]
            ],
            "size": [
                0.1,
                1.0,
                1.64
            ]
        },
        "collider2": {
            "type": "Cylinder",
            "collider2origin": [
                [
                    0.026355189075679436,
                    -0.29947538160474746,
                    0.9537399539819411,
                    -0.049379409113529116
                ],
                [
                    0.8501844391458006,
                    0.5085637369206749,
                    0.1361959798364775,
                    -0.1398429970816768
                ],
                [
                    -0.5258248980821704,
                    0.8072653970671406,
                    0.26801260279118555,
                    -0.575403944185334
                ],
                [
                    0.0,
                    0.0,
                    0.0,
                    1.0
                ]
            ],
            "radius": 0.00713,
            "height": 0.01697
        },
        "distance": 0.0
    }
]