[
    {
        "case": 0,
        "collider1": {
            "type": "Box",
            "collider2origin": [
                [
                    1.0,
                    0.0,
                    0.0,
                    1.2009999999999998
                ],
                [
                    0.0,
                    1.0,
                    0.0,
                    0.02914
                ],
                [
                    0.0,
                    0.0,
                    1.0,
                    -1.22801
                ],
                [
                    0.0,
                    0.0,
                    0.0,
                    1.0
                ]
            ],
            "size": [
                0.41,
                0.6,
                0.82
            ]
        },
        "collider2": {
            "type": "Box",
            "collider2origin": [
                [
                    0.5100399116588682,
                    0.8123812818514878,
                    0.2826587012853972,
                    1.3056369750832755
                ],
                [
                    -0.8368200022374942,
                    0.3926305630857163,
                    0.3815409870331539,
                    -0.3136393638275523
                ],
                [
                    0.19897631107811267,
                    -0.43113558636272054,
                    0.8800741638074709,
                    -0.8698740309926063
                ],
                [
                    0.0,
                    0.0,
                    0.0,
                    1.0
                ]
            ],
            "size": [
                0.09126,
                0.11887,
                0.10009
            ]
        },
        "distance": 0.0
    },
    {
        "case": 1,
        "collider1": {
            "type": "Box",
            "collider2origin": [
                [
                    1.0,
                    0.0,
                    0.0,
                    1.28
                ],
                [
                    0.0,
                    1.0,
                    0.0,
                    -0.23086
                ],
                [
                    0.0,
                    0.0,
                    1.0,
                    -0.67301
                ],
                [
                    0.0,
                    0.0,
                    0.0,
                    1.0
                ]
            ],
            "size": [
                0.06,
                0.06,
                0.33
            ]
        },
        "collider2": {
            "type": "Box",
            "collider2origin": [
                [
                    0.5100399116588682,
                    0.8123812818514878,
                    0.2826587012853972,
                    1.3056369750832755
                ],
                [
                    -0.8368200022374942,
                    0.3926305630857163,
                    0.3815409870331539,
                    -0.3136393638275523
                ],
                [
                    0.19897631107811267,
                    -0.43113558636272054,
                    0.8800741638074709,
                    -0.8698740309926063
                ],
                [
                    0.0,
                    0.0,
                    0.0,
                    1.0
                ]
            ],
            "size": [
                0.09126,
                0.11887,
                0.10009
            ]
        },
        "distance": 0.0
    },
    {
        "case": 2,
        "collider1": {
            "type": "Box",
            "collider2origin": [
                [
                    1.0,
                    0.0,
                    0.0,
                    1.2009999999999998
                ],
                [
                    0.0,
                    1.0,
                    0.0,
                    0.02914
                ],
                [
                    0.0,
                    0.0,
                    1.0,
                    -1.22801
                ],
                [
                    0.0,
                    0.0,
                    0.0,
                    1.0
                ]
            ],
            "size": [
                0.41,
                0.6,
                0.82
            ]
        },
        "collider2": {
            "type": "Box",
            "collider2origin": [
                [
                    -0.5286900139401707,
                    0.8123811472543486,
                    0.24601573271978006,
                    1.3675790978490947
                ],
                [
                    0.18399382431069464,
                    0.39262585166190866,
                    -0.9011055505445996,
                    -0.2837063166822167
                ],
                [
                    -0.8286332975300156,
                    -0.43114013057527945,
                    -0.35705048106964304,
                    -0.8991148268698377
                ],
                [
                    0.0,
                    0.0,
                    0.0,
                    1.0
                ]
            ],
            "size": [
                0.08993,
                0.0305,
                0.09007
            ]
        },
        "distance": 0.0
    },
    {
        "case": 3,
        "collider1": {
            "type": "Box",
            "collider2origin": [
                [
                    1.0,
                    0.0,
                    0.0,
                    1.2009999999999998
                ],
                [
                    0.0,
                    1.0,
                    0.0,
                    0.02914
                ],
                [
                    0.0,
                    0.0,
                    1.0,
                    -1.22801
                ],
                [
                    0.0,
                    0.0,
                    0.0,
                    1.0
                ]
            ],
            "size": [
                0.41,
                0.6,
                0.82
            ]
        },
        "collider2": {
            "type": "Box",
            "collider2origin": [
                [
                    0.41615308532084616,
                    0.6348263701484106,
                    0.6510085171041413,
                    1.432558471843259
                ],
                [
                    -0.8758077475740842,
                    0.4723453912213813,
                    0.09925029310349233,
                    -0.250136982525055
                ],
                [
                    -0.24449416939295107,
                    -0.6114616187105397,
                    0.7525538452341711,
                    -0.9399871804549984
                ],
                [
                    0.0,
                    0.0,
                    0.0,
                    1.0
                ]
            ],
            "size": [
                0.06241,
                0.05638,
                0.02858
            ]
        },
        "distance": 0.0
    }
]