[
    {
        "case": 0,
        "collider1": {
            "type": "Box",
            "collider2origin": [
                [
                    1.0,
                    0.0,
                    0.0,
                    -0.26
                ],
                [
                    0.0,
                    1.0,
                    0.0,
                    -0.4608599999999999
                ],
                [
                    0.0,
                    0.0,
                    1.0,
                    -1.143
                ],
                [
                    0.0,
                    0.0,
                    0.0,
                    1.0
                ]
            ],
            "size": [
                1.48,
                0.272,
                0.945
            ]
        },
        "collider2": {
            "type": "Box",
            "collider2origin": [
                [
                    0.8172384671170827,
                    -0.09019508239864071,
                    0.5691977995172008,
                    0.3683523069624165
                ],
                [
                    0.28239043103812533,
                    -0.798302918800103,
                    -0.531947454447653,
                    -0.6359228694251732
                ],
                [
                    0.5023713092148304,
                    0.5954639342112489,
                    -0.6269336254592175,
                    -0.6519682676313193
                ],
                [
                    0.0,
                    0.0,
                    0.0,
                    1.0
                ]
            ],
            "size": [
                0.09126,
                0.11887,
                0.10009
            ]
        },
        "distance": 0.0
    },
    {
        "case": 1,
        "collider1": {
            "type": "Box",
            "collider2origin": [
                [
                    1.0,
                    0.0,
                    0.0,
                    0.5199999999999999
                ],
                [
                    0.0,
                    1.0,
                    0.0,
                    -0.43085999999999997
                ],
                [
                    0.0,
                    0.0,
                    1.0,
                    -0.80301
                ],
                [
                    0.0,
                    0.0,
                    0.0,
                    1.0
                ]
            ],
            "size": [
                0.2,
                0.08,
                0.04
            ]
        },
        "collider2": {
            "type": "Box",
            "collider2origin": [
                [
                    -0.39844006094068923,
                    -0.6828035326534527,
                    -0.612392728266384,
                    0.562610586751357
                ],
                [
                    0.3723746545195515,
                    -0.7306020365377969,
                    0.5723266382742185,
                    -0.6571995740134997
                ],
                [
                    -0.8382020248776689,
                    -1.6699865208742804e-06,
                    0.5453598495380702,
                    -0.7422366337565325
                ],
                [
                    0.0,
                    0.0,
                    0.0,
                    1.0
                ]
            ],
            "size": [
                0.1202,
                0.13634,
                0.67816
            ]
        },
        "distance": 0.07179734241425981
    },
    {
        "case": 2,
        "collider1": {
            "type": "Cylinder",
            "collider2origin": [
                [
                    1.0,
                    0.0,
                    0.0,
                    0.4849999999999999
                ],
                [
                    0.0,
                    -3.673205103346574e-06,
                    -0.9999999999932537,
                    -0.46086
                ],
                [
                    0.0,
                    0.9999999999932537,
                    -3.673205103346574e-06,
                    -0.70001
                ],
                [
                    0.0,
                    0.0,
                    0.0,
                    1.0
                ]
            ],
            "radius": 0.026,
            "height": 0.272
        },
        "collider2": {
            "type": "Box",
            "collider2origin": [
                [
                    -0.39844006094068923,
                    -0.6828035326534527,
                    -0.612392728266384,
                    0.562610586751357
                ],
                [
                    0.3723746545195515,
                    -0.7306020365377969,
                    0.5723266382742185,
                    -0.6571995740134997
                ],
                [
                    -0.8382020248776689,
                    -1.6699865208742804e-06,
                    0.5453598495380702,
                    -0.7422366337565325
                ],
                [
                    0.0,
                    0.0,
                    0.0,
                    1.0
                ]
            ],
            "size": [
                0.1202,
                0.13634,
                0.67816
            ]
        },
        "distance": 0.0
    },
    {
        "case": 3,
        "collider1": {
            "type": "Box",
            "collider2origin": [
                [
                    1.0,
                    0.0,
                    0.0,
                    -0.26
                ],
                [
                    0.0,
                    1.0,
                    0.0,
                    -0.4608599999999999
                ],
                [
                    0.0,
                    0.0,
                    1.0,
                    -1.143
                ],
                [
                    0.0,
                    0.0,
                    0.0,
                    1.0
                ]
            ],
            "size": [
                1.48,
                0.272,
                0.945
            ]
        },
        "collider2": {
            "type": "Box",
            "collider2origin": [
                [
                    -0.39844006094068923,
                    -0.6828035326534527,
                    -0.612392728266384,
                    0.562610586751357
                ],
                [
                    0.3723746545195515,
                    -0.7306020365377969,
                    0.5723266382742185,
                    -0.6571995740134997
                ],
                [
                    -0.8382020248776689,
                    -1.6699865208742804e-06,
                    0.5453598495380702,
                    -0.7422366337565325
                ],
                [
                    0.0,
                    0.0,
                    0.0,
                    1.0
                ]
            ],
            "size": [
                0.1202,
                0.13634,
                0.67816
            ]
        },
        "distance": 0.0
    }
]