[
    {
        "case": 0,
        "collider1": {
            "type": "Box",
            "collider2origin": [
                [
                    1.0,
                    0.0,
                    0.0,
                    -0.06
                ],
                [
                    0.0,
                    1.0,
                    0.0,
                    -0.37086
                ],
                [
                    0.0,
                    0.0,
                    1.0,
                    -0.40301
                ],
                [
                    0.0,
                    0.0,
                    0.0,
                    1.0
                ]
            ],
            "size": [
                0.1,
                1.0,
                1.64
            ]
        },
        "collider2": {
            "type": "Cylinder",
            "collider2origin": [
                [
                    -0.6408638763919633,
                    -0.5871468574707832,
                    -0.49452205178136444,
                    0.007032223071119059
                ],
                [
                    -0.1289635133537766,
                    0.717390038103026,
                    -0.6846312477925535,
                    -0.7886073435131817
                ],
                [
                    0.7567442792379183,
                    -0.37498013413075965,
                    -0.5354698822977452,
                    -0.3598866689402951
                ],
                [
                    0.0,
                    0.0,
                    0.0,
                    1.0
                ]
            ],
            "radius": 0.01271,
            "height": 0.05982
        },
        "distance": 0.0
    },
    {
        "case": 1,
        "collider1": {
            "type": "Box",
            "collider2origin": [
                [
                    1.0,
                    0.0,
                    0.0,
                    -0.06
                ],
                [
                    0.0,
                    1.0,
                    0.0,
                    -0.37086
                ],
                [
                    0.0,
                    0.0,
                    1.0,
                    -0.40301
                ],
                [
                    0.0,
                    0.0,
                    0.0,
                    1.0
                ]
            ],
            "size": [
                0.1,
                1.0,
                1.64
            ]
        },
        "collider2": {
            "type": "Cylinder",
            "collider2origin": [
                [
                    -0.6505459913337672,
                    -0.5154405877193192,
                    -0.5577731740511801,
                    0.014358485970991541
                ],
                [
                    -0.07575660361947968,
                    0.7748055904870618,
                    -0.6276441937579254,
                    -0.7773375041320736
                ],
                [
                    0.7556790655877705,
                    -0.3660564129769585,
                    -0.5430946992475955,
                    -0.35362019527115907
                ],
                [
                    0.0,
                    0.0,
                    0.0,
                    1.0
                ]
            ],
            "radius": 0.01169,
            "height": 0.05502
        },
        "distance": 0.0
    },
    {
        "case": 2,
        "collider1": {
            "type": "Box",
            "collider2origin": [
                [
                    1.0,
                    0.0,
                    0.0,
                    -0.06
                ],
                [
                    0.0,
                    1.0,
                    0.0,
                    -0.37086
                ],
                [
                    0.0,
                    0.0,
                    1.0,
                    -0.40301
                ],
                [
                    0.0,
                    0.0,
                    0.0,
                    1.0
                ]
            ],
            "size": [
                0.1,
                1.0,
                1.64
            ]
        },
        "collider2": {
            "type": "Box",
            "collider2origin": [
                [
                    -0.3092626484710616,
                    0.48186805362859114,
                    0.8198535193269939,
                    -0.07722089515254371
                ],
                [
                    0.8728872808444154,
                    0.4859662485871456,
                    0.043641725151271536,
                    -0.8921389558786055
                ],
                [
                    -0.3773915860226711,
                    0.7291364646801928,
                    -0.5709077041632589,
                    -0.5351236547330864
                ],
                [
                    0.0,
                    0.0,
                    0.0,
                    1.0
                ]
            ],
            "size": [
                0.09126,
                0.11887,
                0.10009
            ]
        },
        "distance": 0.0
    },
    {
        "case": 3,
        "collider1": {
            "type": "Box",
            "collider2origin": [
                [
                    1.0,
                    0.0,
                    0.0,
                    -0.06
                ],
                [
                    0.0,
                    1.0,
                    0.0,
                    -0.37086
                ],
                [
                    0.0,
                    0.0,
                    1.0,
                    -0.40301
                ],
                [
                    0.0,
                    0.0,
                    0.0,
                    1.0
                ]
            ],
            "size": [
                0.1,
                1.0,
                1.64
            ]
        },
        "collider2": {
            "type": "Sphere",
            "collider2origin": [
                [
                    1.0,
                    0.0,
                    0.0,
                    -0.009360853844750938
                ],
                [
                    0.0,
                    1.0,
                    0.0,
                    -0.7584828499796381
                ],
                [
                    0.0,
                    0.0,
                    1.0,
                    -0.33809653908688353
                ],
                [
                    0.0,
                    0.0,
                    0.0,
                    1.0
                ]
            ],
            "radius": 0.00563
        },
        "distance": 0.0
    },
    {
        "case": 4,
        "collider1": {
            "type": "Box",
            "collider2origin": [
                [
                    1.0,
                    0.0,
                    0.0,
                    -0.06
                ],
                [
                    0.0,
                    1.0,
                    0.0,
                    -0.37086
                ],
                [
                    0.0,
                    0.0,
                    1.0,
                    -0.40301
                ],
                [
                    0.0,
                    0.0,
                    0.0,
                    1.0
                ]
            ],
            "size": [
                0.1,
                1.0,
                1.64
            ]
        },
        "collider2": {
            "type": "Cylinder",
            "collider2origin": [
                [
                    -0.09765588206337668,
                    -0.3995105174963795,
                    0.9115123011282941,
                    0.010198857443156406
                ],
                [
                    -0.7971540432218449,
                    -0.5169320368005105,
                    -0.3119722755379707,
                    -0.7639499713973936
                ],
                [
                    0.5958261156356676,
                    -0.7570816440378473,
                    -0.267989970311319,
                    -0.34220522229896444
                ],
                [
                    0.0,
                    0.0,
                    0.0,
                    1.0
                ]
            ],
            "radius": 0.00813,
            "height": 0.03824
        },
        "distance": 0.0
    },
    {
        "case": 5,
        "collider1": {
            "type": "Box",
            "collider2origin": [
                [
                    1.0,
                    0.0,
                    0.0,
                    -0.06
                ],
                [
                    0.0,
                    1.0,
                    0.0,
                    -0.37086
                ],
                [
                    0.0,
                    0.0,
                    1.0,
                    -0.40301
                ],
                [
                    0.0,
                    0.0,
                    0.0,
                    1.0
                ]
            ],
            "size": [
                0.1,
                1.0,
                1.64
            ]
        },
        "collider2": {
            "type": "Box",
            "collider2origin": [
                [
                    -0.5701001969217814,
                    -0.05315987506464138,
                    0.8198535193269939,
                    -0.1675716189392038
                ],
                [
                    -0.030354112999808218,
                    0.9985860141469113,
                    0.043641725151271536,
                    -0.9019732257492699
                ],
                [
                    -0.8210142467057079,
                    -5.770266195857859e-06,
                    -0.5709077041632589,
                    -0.4740867449965829
                ],
                [
                    0.0,
                    0.0,
                    0.0,
                    1.0
                ]
            ],
            "size": [
                0.09102,
                0.10007,
                0.11882
            ]
        },
        "distance": 0.0
    },
    {
        "case": 6,
        "collider1": {
            "type": "Box",
            "collider2origin": [
                [
                    1.0,
                    0.0,
                    0.0,
                    -0.06
                ],
                [
                    0.0,
                    1.0,
                    0.0,
                    -0.37086
                ],
                [
                    0.0,
                    0.0,
                    1.0,
                    -0.40301
                ],
                [
                    0.0,
                    0.0,
                    0.0,
                    1.0
                ]
            ],
            "size": [
                0.1,
                1.0,
                1.64
            ]
        },
        "collider2": {
            "type": "Box",
            "collider2origin": [
                [
                    0.8707869829112306,
                    0.4818646834324012,
                    -0.09765478612412178,
                    -0.03823057718141931
                ],
                [
                    -0.358312905929449,
                    0.4859631601785202,
                    -0.7971522241038405,
                    -0.8564918098707495
                ],
                [
                    -0.33666287564379577,
                    0.7291407503424133,
                    0.5958287290432986,
                    -0.48222752099887534
                ],
                [
                    0.0,
                    0.0,
                    0.0,
                    1.0
                ]
            ],
            "size": [
                0.08993,
                0.0305,
                0.09007
            ]
        },
        "distance": 0.0
    },
    {
        "case": 7,
        "collider1": {
            "type": "Box",
            "collider2origin": [
                [
                    1.0,
                    0.0,
                    0.0,
                    -0.06
                ],
                [
                    0.0,
                    1.0,
                    0.0,
                    -0.37086
                ],
                [
                    0.0,
                    0.0,
                    1.0,
                    -0.40301
                ],
                [
                    0.0,
                    0.0,
                    0.0,
                    1.0
                ]
            ],
            "size": [
                0.1,
                1.0,
                1.64
            ]
        },
        "collider2": {
            "type": "Box",
            "collider2origin": [
                [
                    -0.20307801624995425,
                    0.6945251995100841,
                    -0.6902130588169575,
                    0.006971705507843762
                ],
                [
                    -0.6679163150244828,
                    0.4171886235417201,
                    0.616312784640624,
                    -0.818172278122141
                ],
                [
                    0.7159937956715119,
                    0.5861641405211024,
                    0.3791628738775177,
                    -0.42299800425032874
                ],
                [
                    0.0,
                    0.0,
                    0.0,
                    1.0
                ]
            ],
            "size": [
                0.06241,
                0.05638,
                0.02858
            ]
        },
        "distance": 0.0
    }
]