[
    {
        "case": 0,
        "collider1": {
            "type": "Box",
            "collider2origin": [
                [
                    1.0,
                    0.0,
                    0.0,
                    0.5199999999999999
                ],
                [
                    0.0,
                    1.0,
                    0.0,
                    -0.43085999999999997
                ],
                [
                    0.0,
                    0.0,
                    1.0,
                    -0.80301
                ],
                [
                    0.0,
                    0.0,
                    0.0,
                    1.0
                ]
            ],
            "size": [
                0.2,
                0.08,
                0.04
            ]
        },
        "collider2": {
            "type": "Box",
            "collider2origin": [
                [
                    0.2582459421822031,
                    0.5563559168538044,
                    -0.7897956236446165,
                    0.5147651351909204
                ],
                [
                    -0.17290483444258792,
                    0.8309440978642024,
                    0.5288060367006298,
                    -0.48260758063110476
                ],
                [
                    0.9504803793728765,
                    -2.5316296379262253e-06,
                    0.310784569148443,
                    -0.7874992388535226
                ],
                [
                    0.0,
                    0.0,
                    0.0,
                    1.0
                ]
            ],
            "size": [
                0.09102,
                0.10007,
                0.11882
            ]
        },
        "distance": 0.0
    },
    {
        "case": 1,
        "collider1": {
            "type": "Cylinder",
            "collider2origin": [
                [
                    1.0,
                    0.0,
                    0.0,
                    0.4849999999999999
                ],
                [
                    0.0,
                    -3.673205103346574e-06,
                    -0.9999999999932537,
                    -0.46086
                ],
                [
                    0.0,
                    0.9999999999932537,
                    -3.673205103346574e-06,
                    -0.70001
                ],
                [
                    0.0,
                    0.0,
                    0.0,
                    1.0
                ]
            ],
            "radius": 0.026,
            "height": 0.272
        },
        "collider2": {
            "type": "Box",
            "collider2origin": [
                [
                    0.2582459421822031,
                    0.5563559168538044,
                    -0.7897956236446165,
                    0.5147651351909204
                ],
                [
                    -0.17290483444258792,
                    0.8309440978642024,
                    0.5288060367006298,
                    -0.48260758063110476
                ],
                [
                    0.9504803793728765,
                    -2.5316296379262253e-06,
                    0.310784569148443,
                    -0.7874992388535226
                ],
                [
                    0.0,
                    0.0,
                    0.0,
                    1.0
                ]
            ],
            "size": [
                0.09102,
                0.10007,
                0.11882
            ]
        },
        "distance": 0.0
    },
    {
        "case": 2,
        "collider1": {
            "type": "Box",
            "collider2origin": [
                [
                    1.0,
                    0.0,
                    0.0,
                    -0.26
                ],
                [
                    0.0,
                    1.0,
                    0.0,
                    -0.4608599999999999
                ],
                [
                    0.0,
                    0.0,
                    1.0,
                    -1.143
                ],
                [
                    0.0,
                    0.0,
                    0.0,
                    1.0
                ]
            ],
            "size": [
                1.48,
                0.272,
                0.945
            ]
        },
        "collider2": {
            "type": "Box",
            "collider2origin": [
                [
                    0.2582459421822031,
                    0.5563559168538044,
                    -0.7897956236446165,
                    0.5147651351909204
                ],
                [
                    -0.17290483444258792,
                    0.8309440978642024,
                    0.5288060367006298,
                    -0.48260758063110476
                ],
                [
                    0.9504803793728765,
                    -2.5316296379262253e-06,
                    0.310784569148443,
                    -0.7874992388535226
                ],
                [
                    0.0,
                    0.0,
                    0.0,
                    1.0
                ]
            ],
            "size": [
                0.09102,
                0.10007,
                0.11882
            ]
        },
        "distance": 0.0
    },
    {
        "case": 3,
        "collider1": {
            "type": "Box",
            "collider2origin": [
                [
                    1.0,
                    0.0,
                    0.0,
                    -0.26
                ],
                [
                    0.0,
                    1.0,
                    0.0,
                    -0.4608599999999999
                ],
                [
                    0.0,
                    0.0,
                    1.0,
                    -1.143
                ],
                [
                    0.0,
                    0.0,
                    0.0,
                    1.0
                ]
            ],
            "size": [
                1.48,
                0.272,
                0.945
            ]
        },
        "collider2": {
            "type": "Cylinder",
            "collider2origin": [
                [
                    -0.5976378303570807,
                    0.5533098284950567,
                    0.5802389657863833,
                    0.27818147266960547
                ],
                [
                    0.6040712911801964,
                    -0.1651158176767331,
                    0.7796375067458169,
                    -0.5822212243327718
                ],
                [
                    0.5271877264295621,
                    0.8164465692522166,
                    -0.23555912348774394,
                    -0.7218783132685861
                ],
                [
                    0.0,
                    0.0,
                    0.0,
                    1.0
                ]
            ],
            "radius": 0.01271,
            "height": 0.05982
        },
        "distance": 0.0
    },
    {
        "case": 4,
        "collider1": {
            "type": "Box",
            "collider2origin": [
                [
                    1.0,
                    0.0,
                    0.0,
                    -0.26
                ],
                [
                    0.0,
                    1.0,
                    0.0,
                    -0.4608599999999999
                ],
                [
                    0.0,
                    0.0,
                    1.0,
                    -1.143
                ],
                [
                    0.0,
                    0.0,
                    0.0,
                    1.0
                ]
            ],
            "size": [
                1.48,
                0.272,
                0.945
            ]
        },
        "collider2": {
            "type": "Cylinder",
            "collider2origin": [
                [
                    -0.5903044279010181,
                    0.5326501142525543,
                    0.606485398164863,
                    0.27128901468261624
                ],
                [
                    0.57165815685692,
                    -0.2545836114809545,
                    0.7799962413141892,
                    -0.5947636322014407
                ],
                [
                    0.5698663300278412,
                    0.8071375598694779,
                    -0.15421194943500308,
                    -0.7179880526406153
                ],
                [
                    0.0,
                    0.0,
                    0.0,
                    1.0
                ]
            ],
            "radius": 0.01169,
            "height": 0.05502
        },
        "distance": 0.0
    },
    {
        "case": 5,
        "collider1": {
            "type": "Box",
            "collider2origin": [
                [
                    1.0,
                    0.0,
                    0.0,
                    0.5199999999999999
                ],
                [
                    0.0,
                    1.0,
                    0.0,
                    -0.43085999999999997
                ],
                [
                    0.0,
                    0.0,
                    1.0,
                    -0.80301
                ],
                [
                    0.0,
                    0.0,
                    0.0,
                    1.0
                ]
            ],
            "size": [
                0.2,
                0.08,
                0.04
            ]
        },
        "collider2": {
            "type": "Box",
            "collider2origin": [
                [
                    -0.25735953278240464,
                    -0.5567665073959042,
                    -0.7897956236446165,
                    0.42945168854983173
                ],
                [
                    0.17422802069304902,
                    -0.8306676666118372,
                    0.5288060367006298,
                    -0.4232952572278361
                ],
                [
                    -0.9504791779367944,
                    -0.0015112537218445888,
                    0.310784569148443,
                    -0.7533756530288471
                ],
                [
                    0.0,
                    0.0,
                    0.0,
                    1.0
                ]
            ],
            "size": [
                0.09126,
                0.11887,
                0.10009
            ]
        },
        "distance": 0.0
    },
    {
        "case": 6,
        "collider1": {
            "type": "Cylinder",
            "collider2origin": [
                [
                    1.0,
                    0.0,
                    0.0,
                    0.4849999999999999
                ],
                [
                    0.0,
                    -3.673205103346574e-06,
                    -0.9999999999932537,
                    -0.46086
                ],
                [
                    0.0,
                    0.9999999999932537,
                    -3.673205103346574e-06,
                    -0.70001
                ],
                [
                    0.0,
                    0.0,
                    0.0,
                    1.0
                ]
            ],
            "radius": 0.026,
            "height": 0.272
        },
        "collider2": {
            "type": "Box",
            "collider2origin": [
                [
                    -0.25735953278240464,
                    -0.5567665073959042,
                    -0.7897956236446165,
                    0.42945168854983173
                ],
                [
                    0.17422802069304902,
                    -0.8306676666118372,
                    0.5288060367006298,
                    -0.4232952572278361
                ],
                [
                    -0.9504791779367944,
                    -0.0015112537218445888,
                    0.310784569148443,
                    -0.7533756530288471
                ],
                [
                    0.0,
                    0.0,
                    0.0,
                    1.0
                ]
            ],
            "size": [
                0.09126,
                0.11887,
                0.10009
            ]
        },
        "distance": 0.0
    },
    {
        "case": 7,
        "collider1": {
            "type": "Box",
            "collider2origin": [
                [
                    1.0,
                    0.0,
                    0.0,
                    -0.26
                ],
                [
                    0.0,
                    1.0,
                    0.0,
                    -0.4608599999999999
                ],
                [
                    0.0,
                    0.0,
                    1.0,
                    -1.143
                ],
                [
                    0.0,
                    0.0,
                    0.0,
                    1.0
                ]
            ],
            "size": [
                1.48,
                0.272,
                0.945
            ]
        },
        "collider2": {
            "type": "Box",
            "collider2origin": [
                [
                    -0.25735953278240464,
                    -0.5567665073959042,
                    -0.7897956236446165,
                    0.42945168854983173
                ],
                [
                    0.17422802069304902,
                    -0.8306676666118372,
                    0.5288060367006298,
                    -0.4232952572278361
                ],
                [
                    -0.9504791779367944,
                    -0.0015112537218445888,
                    0.310784569148443,
                    -0.7533756530288471
                ],
                [
                    0.0,
                    0.0,
                    0.0,
                    1.0
                ]
            ],
            "size": [
                0.09126,
                0.11887,
                0.10009
            ]
        },
        "distance": 0.0
    },
    {
        "case": 8,
        "collider1": {
            "type": "Box",
            "collider2origin": [
                [
                    1.0,
                    0.0,
                    0.0,
                    0.5199999999999999
                ],
                [
                    0.0,
                    1.0,
                    0.0,
                    -0.43085999999999997
                ],
                [
                    0.0,
                    0.0,
                    1.0,
                    -0.80301
                ],
                [
                    0.0,
                    0.0,
                    0.0,
                    1.0
                ]
            ],
            "size": [
                0.2,
                0.08,
                0.04
            ]
        },
        "collider2": {
            "type": "Box",
            "collider2origin": [
                [
                    -0.09269195942104604,
                    -0.5567666384761215,
                    -0.8254811390569058,
                    0.38412309379177156
                ],
                [
                    0.06393671487894209,
                    -0.8306675774287141,
                    0.5530854113961058,
                    -0.4828189303722974
                ],
                [
                    -0.9936399232866883,
                    -0.0015119817163253362,
                    0.1125940351977558,
                    -0.7521643317148431
                ],
                [
                    0.0,
                    0.0,
                    0.0,
                    1.0
                ]
            ],
            "size": [
                0.08993,
                0.0305,
                0.09007
            ]
        },
        "distance": 0.014586625082066436
    },
    {
        "case": 9,
        "collider1": {
            "type": "Box",
            "collider2origin": [
                [
                    1.0,
                    0.0,
                    0.0,
                    -0.26
                ],
                [
                    0.0,
                    1.0,
                    0.0,
                    -0.4608599999999999
                ],
                [
                    0.0,
                    0.0,
                    1.0,
                    -1.143
                ],
                [
                    0.0,
                    0.0,
                    0.0,
                    1.0
                ]
            ],
            "size": [
                1.48,
                0.272,
                0.945
            ]
        },
        "collider2": {
            "type": "Box",
            "collider2origin": [
                [
                    -0.09269195942104604,
                    -0.5567666384761215,
                    -0.8254811390569058,
                    0.38412309379177156
                ],
                [
                    0.06393671487894209,
                    -0.8306675774287141,
                    0.5530854113961058,
                    -0.4828189303722974
                ],
                [
                    -0.9936399232866883,
                    -0.0015119817163253362,
                    0.1125940351977558,
                    -0.7521643317148431
                ],
                [
                    0.0,
                    0.0,
                    0.0,
                    1.0
                ]
            ],
            "size": [
                0.08993,
                0.0305,
                0.09007
            ]
        },
        "distance": 0.0
    },
    {
        "case": 10,
        "collider1": {
            "type": "Box",
            "collider2origin": [
                [
                    1.0,
                    0.0,
                    0.0,
                    -0.26
                ],
                [
                    0.0,
                    1.0,
                    0.0,
                    -0.4608599999999999
                ],
                [
                    0.0,
                    0.0,
                    1.0,
                    -1.143
                ],
                [
                    0.0,
                    0.0,
                    0.0,
                    1.0
                ]
            ],
            "size": [
                1.48,
                0.272,
                0.945
            ]
        },
        "collider2": {
            "type": "Box",
            "collider2origin": [
                [
                    -0.8524436040081182,
                    -0.5188730345561745,
                    -0.06411455369974094,
                    0.3088608902386709
                ],
                [
                    0.5153320867121564,
                    -0.8132145798637042,
                    -0.2703976469978854,
                    -0.591832548474865
                ],
                [
                    0.0881631577845583,
                    -0.26353903146889857,
                    0.9606114909274661,
                    -0.7734247847430489
                ],
                [
                    0.0,
                    0.0,
                    0.0,
                    1.0
                ]
            ],
            "size": [
                0.07264,
                0.04753,
                0.03326
            ]
        },
        "distance": 0.0
    },
    {
        "case": 11,
        "collider1": {
            "type": "Box",
            "collider2origin": [
                [
                    1.0,
                    0.0,
                    0.0,
                    -0.26
                ],
                [
                    0.0,
                    1.0,
                    0.0,
                    -0.4608599999999999
                ],
                [
                    0.0,
                    0.0,
                    1.0,
                    -1.143
                ],
                [
                    0.0,
                    0.0,
                    0.0,
                    1.0
                ]
            ],
            "size": [
                1.48,
                0.272,
                0.945
            ]
        },
        "collider2": {
            "type": "Box",
            "collider2origin": [
                [
                    -0.8469550337586702,
                    -0.5188707310660878,
                    0.11593245979359133,
                    0.33678317488963927
                ],
                [
                    0.44723091189381114,
                    -0.8132173132098034,
                    -0.3723736200947347,
                    -0.5517080361066036
                ],
                [
                    0.28749205595542876,
                    -0.2635351322665939,
                    0.9208135271724394,
                    -0.7579081734158442
                ],
                [
                    0.0,
                    0.0,
                    0.0,
                    1.0
                ]
            ],
            "size": [
                0.06241,
                0.05638,
                0.02858
            ]
        },
        "distance": 0.0
    },
    {
        "case": 12,
        "collider1": {
            "type": "Cylinder",
            "collider2origin": [
                [
                    1.0,
                    0.0,
                    0.0,
                    0.4849999999999999
                ],
                [
                    0.0,
                    -3.673205103346574e-06,
                    -0.9999999999932537,
                    -0.46086
                ],
                [
                    0.0,
                    0.9999999999932537,
                    -3.673205103346574e-06,
                    -0.70001
                ],
                [
                    0.0,
                    0.0,
                    0.0,
                    1.0
                ]
            ],
            "radius": 0.026,
            "height": 0.272
        },
        "collider2": {
            "type": "Box",
            "collider2origin": [
                [
                    0.2601291060231987,
                    0.5563559191247347,
                    -0.7891773814893855,
                    0.6850333729745132
                ],
                [
                    -0.17416571347564577,
                    0.8309440963437339,
                    0.5283921015694828,
                    -0.7311093232897012
                ],
                [
                    0.9497363594435513,
                    -2.523305048096664e-06,
                    0.3130508705379083,
                    -0.8795638437241098
                ],
                [
                    0.0,
                    0.0,
                    0.0,
                    1.0
                ]
            ],
            "size": [
                0.1202,
                0.13634,
                0.67816
            ]
        },
        "distance": 0.0
    },
    {
        "case": 13,
        "collider1": {
            "type": "Box",
            "collider2origin": [
                [
                    1.0,
                    0.0,
                    0.0,
                    -0.26
                ],
                [
                    0.0,
                    1.0,
                    0.0,
                    -0.4608599999999999
                ],
                [
                    0.0,
                    0.0,
                    1.0,
                    -1.143
                ],
                [
                    0.0,
                    0.0,
                    0.0,
                    1.0
                ]
            ],
            "size": [
                1.48,
                0.272,
                0.945
            ]
        },
        "collider2": {
            "type": "Box",
            "collider2origin": [
                [
                    0.2601291060231987,
                    0.5563559191247347,
                    -0.7891773814893855,
                    0.6850333729745132
                ],
                [
                    -0.17416571347564577,
                    0.8309440963437339,
                    0.5283921015694828,
                    -0.7311093232897012
                ],
                [
                    0.9497363594435513,
                    -2.523305048096664e-06,
                    0.3130508705379083,
                    -0.8795638437241098
                ],
                [
                    0.0,
                    0.0,
                    0.0,
                    1.0
                ]
            ],
            "size": [
                0.1202,
                0.13634,
                0.67816
            ]
        },
        "distance": 0.0
    },
    {
        "case": 14,
        "collider1": {
            "type": "Box",
            "collider2origin": [
                [
                    1.0,
                    0.0,
                    0.0,
                    -0.26
                ],
                [
                    0.0,
                    1.0,
                    0.0,
                    -0.4608599999999999
                ],
                [
                    0.0,
                    0.0,
                    1.0,
                    -1.143
                ],
                [
                    0.0,
                    0.0,
                    0.0,
                    1.0
                ]
            ],
            "size": [
                1.48,
                0.272,
                0.945
            ]
        },
        "collider2": {
            "type": "Cylinder",
            "collider2origin": [
                [
                    -0.6901326153879154,
                    -0.3006193485994662,
                    0.6582894351464769,
                    0.26269555416433255
                ],
                [
                    0.7043569706370704,
                    -0.48784122670206165,
                    0.5156473557042603,
                    -0.6007520695056046
                ],
                [
                    0.1661271533880126,
                    0.8195358105522049,
                    0.5484184753723521,
                    -0.7842377300355114
                ],
                [
                    0.0,
                    0.0,
                    0.0,
                    1.0
                ]
            ],
            "radius": 0.00713,
            "height": 0.01697
        },
        "distance": 0.0
    }
]