[
    {
        "case": 0,
        "collider1": {
            "type": "Box",
            "collider2origin": [
                [
                    1.0,
                    0.0,
                    0.0,
                    1.2009999999999998
                ],
                [
                    0.0,
                    1.0,
                    0.0,
                    0.02914
                ],
                [
                    0.0,
                    0.0,
                    1.0,
                    -1.22801
                ],
                [
                    0.0,
                    0.0,
                    0.0,
                    1.0
                ]
            ],
            "size": [
                0.41,
                0.6,
                0.82
            ]
        },
        "collider2": {
            "type": "Box",
            "collider2origin": [
                [
                    0.18211685372386022,
                    0.982154988698367,
                    0.046957744458526754,
                    1.175576685426516
                ],
                [
                    0.9510395189110769,
                    -0.18807333176885205,
                    0.24525956728892478,
                    -0.33938570854149674
                ],
                [
                    0.2497144069914858,
                    -7.230041347800011e-06,
                    -0.9683195313989162,
                    -0.6554891733732782
                ],
                [
                    0.0,
                    0.0,
                    0.0,
                    1.0
                ]
            ],
            "size": [
                0.1202,
                0.13634,
                0.67816
            ]
        },
        "distance": 0.0
    },
    {
        "case": 1,
        "collider1": {
            "type": "Box",
            "collider2origin": [
                [
                    1.0,
                    0.0,
                    0.0,
                    1.23
                ],
                [
                    0.0,
                    1.0,
                    0.0,
                    -0.23086
                ],
                [
                    0.0,
                    0.0,
                    1.0,
                    -0.54301
                ],
                [
                    0.0,
                    0.0,
                    0.0,
                    1.0
                ]
            ],
            "size": [
                0.1,
                0.16,
                0.1
            ]
        },
        "collider2": {
            "type": "Box",
            "collider2origin": [
                [
                    0.18211685372386022,
                    0.982154988698367,
                    0.046957744458526754,
                    1.175576685426516
                ],
                [
                    0.9510395189110769,
                    -0.18807333176885205,
                    0.24525956728892478,
                    -0.33938570854149674
                ],
                [
                    0.2497144069914858,
                    -7.230041347800011e-06,
                    -0.9683195313989162,
                    -0.6554891733732782
                ],
                [
                    0.0,
                    0.0,
                    0.0,
                    1.0
                ]
            ],
            "size": [
                0.1202,
                0.13634,
                0.67816
            ]
        },
        "distance": 0.0
    },
    {
        "case": 2,
        "collider1": {
            "type": "Box",
            "collider2origin": [
                [
                    1.0,
                    0.0,
                    0.0,
                    1.28
                ],
                [
                    0.0,
                    1.0,
                    0.0,
                    -0.23086
                ],
                [
                    0.0,
                    0.0,
                    1.0,
                    -0.67301
                ],
                [
                    0.0,
                    0.0,
                    0.0,
                    1.0
                ]
            ],
            "size": [
                0.06,
                0.06,
                0.33
            ]
        },
        "collider2": {
            "type": "Box",
            "collider2origin": [
                [
                    0.18211685372386022,
                    0.982154988698367,
                    0.046957744458526754,
                    1.175576685426516
                ],
                [
                    0.9510395189110769,
                    -0.18807333176885205,
                    0.24525956728892478,
                    -0.33938570854149674
                ],
                [
                    0.2497144069914858,
                    -7.230041347800011e-06,
                    -0.9683195313989162,
                    -0.6554891733732782
                ],
                [
                    0.0,
                    0.0,
                    0.0,
                    1.0
                ]
            ],
            "size": [
                0.1202,
                0.13634,
                0.67816
            ]
        },
        "distance": 0.0
    },
    {
        "case": 3,
        "collider1": {
            "type": "Box",
            "collider2origin": [
                [
                    1.0,
                    0.0,
                    0.0,
                    1.2009999999999998
                ],
                [
                    0.0,
                    1.0,
                    0.0,
                    0.02914
                ],
                [
                    0.0,
                    0.0,
                    1.0,
                    -1.22801
                ],
                [
                    0.0,
                    0.0,
                    0.0,
                    1.0
                ]
            ],
            "size": [
                0.41,
                0.6,
                0.82
            ]
        },
        "collider2": {
            "type": "Box",
            "collider2origin": [
                [
                    -0.23757150972940855,
                    0.9591016695818199,
                    0.15389530587465886,
                    1.3222599545679854
                ],
                [
                    -0.5345924919339645,
                    -0.2613755961308669,
                    0.8036750993498977,
                    -0.2001202993726401
                ],
                [
                    0.811030606902553,
                    0.10865903162001403,
                    0.5748239465390051,
                    -0.8735129572989575
                ],
                [
                    0.0,
                    0.0,
                    0.0,
                    1.0
                ]
            ],
            "size": [
                0.09126,
                0.11887,
                0.10009
            ]
        },
        "distance": 0.0
    },
    {
        "case": 4,
        "collider1": {
            "type": "Box",
            "collider2origin": [
                [
                    1.0,
                    0.0,
                    0.0,
                    1.28
                ],
                [
                    0.0,
                    1.0,
                    0.0,
                    -0.23086
                ],
                [
                    0.0,
                    0.0,
                    1.0,
                    -0.67301
                ],
                [
                    0.0,
                    0.0,
                    0.0,
                    1.0
                ]
            ],
            "size": [
                0.06,
                0.06,
                0.33
            ]
        },
        "collider2": {
            "type": "Box",
            "collider2origin": [
                [
                    -0.23757150972940855,
                    0.9591016695818199,
                    0.15389530587465886,
                    1.3222599545679854
                ],
                [
                    -0.5345924919339645,
                    -0.2613755961308669,
                    0.8036750993498977,
                    -0.2001202993726401
                ],
                [
                    0.811030606902553,
                    0.10865903162001403,
                    0.5748239465390051,
                    -0.8735129572989575
                ],
                [
                    0.0,
                    0.0,
                    0.0,
                    1.0
                ]
            ],
            "size": [
                0.09126,
                0.11887,
                0.10009
            ]
        },
        "distance": 0.0
    },
    {
        "case": 5,
        "collider1": {
            "type": "Box",
            "collider2origin": [
                [
                    1.0,
                    0.0,
                    0.0,
                    1.2009999999999998
                ],
                [
                    0.0,
                    1.0,
                    0.0,
                    0.02914
                ],
                [
                    0.0,
                    0.0,
                    1.0,
                    -1.22801
                ],
                [
                    0.0,
                    0.0,
                    0.0,
                    1.0
                ]
            ],
            "size": [
                0.41,
                0.6,
                0.82
            ]
        },
        "collider2": {
            "type": "Box",
            "collider2origin": [
                [
                    -0.009180446716408408,
                    0.9591000650757232,
                    -0.28291833551367884,
                    1.394204602640831
                ],
                [
                    -0.4123813367502739,
                    -0.2613817538339445,
                    -0.8727091221379253,
                    -0.217429037228824
                ],
                [
                    -0.9109650665630071,
                    0.10865838179558258,
                    0.3979145681769155,
                    -0.8628954835085009
                ],
                [
                    0.0,
                    0.0,
                    0.0,
                    1.0
                ]
            ],
            "size": [
                0.08993,
                0.0305,
                0.09007
            ]
        },
        "distance": 0.0
    },
    {
        "case": 6,
        "collider1": {
            "type": "Box",
            "collider2origin": [
                [
                    1.0,
                    0.0,
                    0.0,
                    1.2009999999999998
                ],
                [
                    0.0,
                    1.0,
                    0.0,
                    0.02914
                ],
                [
                    0.0,
                    0.0,
                    1.0,
                    -1.22801
                ],
                [
                    0.0,
                    0.0,
                    0.0,
                    1.0
                ]
            ],
            "size": [
                0.41,
                0.6,
                0.82
            ]
        },
        "collider2": {
            "type": "Box",
            "collider2origin": [
                [
                    -0.10810662059502942,
                    0.9821553815019635,
                    0.15389530587465886,
                    1.299483958933302
                ],
                [
                    -0.5645666728568368,
                    -0.18807128059406988,
                    0.8036750993498977,
                    -0.28654934365400886
                ],
                [
                    0.8182771110588903,
                    -1.5617588494042174e-06,
                    0.5748239465390051,
                    -0.93680885169341
                ],
                [
                    0.0,
                    0.0,
                    0.0,
                    1.0
                ]
            ],
            "size": [
                0.09102,
                0.10007,
                0.11882
            ]
        },
        "distance": 0.0
    }
]