[
    {
        "case": 0,
        "collider1": {
            "type": "Box",
            "collider2origin": [
                [
                    1.0,
                    0.0,
                    0.0,
                    1.23
                ],
                [
                    0.0,
                    1.0,
                    0.0,
                    -0.23086
                ],
                [
                    0.0,
                    0.0,
                    1.0,
                    -0.54301
                ],
                [
                    0.0,
                    0.0,
                    0.0,
                    1.0
                ]
            ],
            "size": [
                0.1,
                0.16,
                0.1
            ]
        },
        "collider2": {
            "type": "Box",
            "collider2origin": [
                [
                    0.2893405548638047,
                    0.9463014752626225,
                    0.14420666152050546,
                    1.2766267987516096
                ],
                [
                    0.8469302968102018,
                    -0.3232855051921331,
                    0.42213215285932726,
                    -0.3393718794382943
                ],
                [
                    0.44608420242829583,
                    -6.9606906001703315e-06,
                    -0.8949909967678218,
                    -0.4594986461569808
                ],
                [
                    0.0,
                    0.0,
                    0.0,
                    1.0
                ]
            ],
            "size": [
                0.1202,
                0.13634,
                0.67816
            ]
        },
        "distance": 0.0
    },
    {
        "case": 1,
        "collider1": {
            "type": "Box",
            "collider2origin": [
                [
                    1.0,
                    0.0,
                    0.0,
                    1.28
                ],
                [
                    0.0,
                    1.0,
                    0.0,
                    -0.23086
                ],
                [
                    0.0,
                    0.0,
                    1.0,
                    -0.67301
                ],
                [
                    0.0,
                    0.0,
                    0.0,
                    1.0
                ]
            ],
            "size": [
                0.06,
                0.06,
                0.33
            ]
        },
        "collider2": {
            "type": "Box",
            "collider2origin": [
                [
                    0.2893405548638047,
                    0.9463014752626225,
                    0.14420666152050546,
                    1.2766267987516096
                ],
                [
                    0.8469302968102018,
                    -0.3232855051921331,
                    0.42213215285932726,
                    -0.3393718794382943
                ],
                [
                    0.44608420242829583,
                    -6.9606906001703315e-06,
                    -0.8949909967678218,
                    -0.4594986461569808
                ],
                [
                    0.0,
                    0.0,
                    0.0,
                    1.0
                ]
            ],
            "size": [
                0.1202,
                0.13634,
                0.67816
            ]
        },
        "distance": 0.0
    },
    {
        "case": 2,
        "collider1": {
            "type": "Box",
            "collider2origin": [
                [
                    1.0,
                    0.0,
                    0.0,
                    1.2009999999999998
                ],
                [
                    0.0,
                    1.0,
                    0.0,
                    0.02914
                ],
                [
                    0.0,
                    0.0,
                    1.0,
                    -1.22801
                ],
                [
                    0.0,
                    0.0,
                    0.0,
                    1.0
                ]
            ],
            "size": [
                0.41,
                0.6,
                0.82
            ]
        },
        "collider2": {
            "type": "Box",
            "collider2origin": [
                [
                    -0.1957571247773988,
                    -0.7977904080920074,
                    0.5702715255518843,
                    1.3620414874777276
                ],
                [
                    0.4432864371446397,
                    -0.590707184837384,
                    -0.6742122487949204,
                    -0.3155582062251785
                ],
                [
                    0.8747435525584037,
                    0.12081178145313527,
                    0.46928480768039194,
                    -0.8254462722747427
                ],
                [
                    0.0,
                    0.0,
                    0.0,
                    1.0
                ]
            ],
            "size": [
                0.08993,
                0.0305,
                0.09007
            ]
        },
        "distance": 0.0
    },
    {
        "case": 3,
        "collider1": {
            "type": "Box",
            "collider2origin": [
                [
                    1.0,
                    0.0,
                    0.0,
                    1.2009999999999998
                ],
                [
                    0.0,
                    1.0,
                    0.0,
                    0.02914
                ],
                [
                    0.0,
                    0.0,
                    1.0,
                    -1.22801
                ],
                [
                    0.0,
                    0.0,
                    0.0,
                    1.0
                ]
            ],
            "size": [
                0.41,
                0.6,
                0.82
            ]
        },
        "collider2": {
            "type": "Box",
            "collider2origin": [
                [
                    0.6010736781929769,
                    -0.7977926765584448,
                    -0.0472998796328059,
                    1.4212810906119073
                ],
                [
                    -0.7949242059801022,
                    -0.5907052167991437,
                    -0.13842995916051098,
                    -0.27031633654629905
                ],
                [
                    0.08249812198147026,
                    0.12080642398477452,
                    -0.9892420673392032,
                    -0.8311948789665663
                ],
                [
                    0.0,
                    0.0,
                    0.0,
                    1.0
                ]
            ],
            "size": [
                0.09126,
                0.11887,
                0.10009
            ]
        },
        "distance": 0.0
    }
]