[
    {
        "case": 0,
        "collider1": {
            "type": "Box",
            "collider2origin": [
                [
                    1.0,
                    0.0,
                    0.0,
                    0.0
                ],
                [
                    0.0,
                    1.0,
                    0.0,
                    -0.37086
                ],
                [
                    0.0,
                    0.0,
                    1.0,
                    0.39699
                ],
                [
                    0.0,
                    0.0,
                    0.0,
                    1.0
                ]
            ],
            "size": [
                0.6,
                1.6,
                0.1
            ]
        },
        "collider2": {
            "type": "Box",
            "collider2origin": [
                [
                    0.486043314139728,
                    0.11970639289691665,
                    -0.8656975662895667,
                    0.2989104213850472
                ],
                [
                    -0.0586022460481368,
                    0.9928093369303561,
                    0.1043810196444737,
                    -0.8669138826728116
                ],
                [
                    0.8719677021187098,
                    -1.8749383096664417e-06,
                    0.4895634039205762,
                    0.15951458520339923
                ],
                [
                    0.0,
                    0.0,
                    0.0,
                    1.0
                ]
            ],
            "size": [
                0.1202,
                0.13634,
                0.67816
            ]
        },
        "distance": 0.0
    },
    {
        "case": 1,
        "collider1": {
            "type": "Box",
            "collider2origin": [
                [
                    1.0,
                    0.0,
                    0.0,
                    -0.06
                ],
                [
                    0.0,
                    1.0,
                    0.0,
                    -0.37086
                ],
                [
                    0.0,
                    0.0,
                    1.0,
                    -0.40301
                ],
                [
                    0.0,
                    0.0,
                    0.0,
                    1.0
                ]
            ],
            "size": [
                0.1,
                1.0,
                1.64
            ]
        },
        "collider2": {
            "type": "Box",
            "collider2origin": [
                [
                    0.486043314139728,
                    0.11970639289691665,
                    -0.8656975662895667,
                    0.2989104213850472
                ],
                [
                    -0.0586022460481368,
                    0.9928093369303561,
                    0.1043810196444737,
                    -0.8669138826728116
                ],
                [
                    0.8719677021187098,
                    -1.8749383096664417e-06,
                    0.4895634039205762,
                    0.15951458520339923
                ],
                [
                    0.0,
                    0.0,
                    0.0,
                    1.0
                ]
            ],
            "size": [
                0.1202,
                0.13634,
                0.67816
            ]
        },
        "distance": 0.0
    },
    {
        "case": 2,
        "collider1": {
            "type": "Box",
            "collider2origin": [
                [
                    1.0,
                    0.0,
                    0.0,
                    -0.06
                ],
                [
                    0.0,
                    1.0,
                    0.0,
                    -0.37086
                ],
                [
                    0.0,
                    0.0,
                    1.0,
                    -0.40301
                ],
                [
                    0.0,
                    0.0,
                    0.0,
                    1.0
                ]
            ],
            "size": [
                0.1,
                1.0,
                1.64
            ]
        },
        "collider2": {
            "type": "Box",
            "collider2origin": [
                [
                    0.818473433805734,
                    0.5308604488021424,
                    -0.21974626743551026,
                    0.036683739472932575
                ],
                [
                    0.5489666590427213,
                    -0.8354244084694448,
                    0.02648895983142134,
                    -0.7203508837264506
                ],
                [
                    -0.16951945438126925,
                    -0.142313884182346,
                    -0.9751973712819424,
                    0.19300511817152266
                ],
                [
                    0.0,
                    0.0,
                    0.0,
                    1.0
                ]
            ],
            "size": [
                0.09126,
                0.11887,
                0.10009
            ]
        },
        "distance": 0.0
    },
    {
        "case": 3,
        "collider1": {
            "type": "Box",
            "collider2origin": [
                [
                    1.0,
                    0.0,
                    0.0,
                    0.0
                ],
                [
                    0.0,
                    1.0,
                    0.0,
                    -0.37086
                ],
                [
                    0.0,
                    0.0,
                    1.0,
                    0.39699
                ],
                [
                    0.0,
                    0.0,
                    0.0,
                    1.0
                ]
            ],
            "size": [
                0.6,
                1.6,
                0.1
            ]
        },
        "collider2": {
            "type": "Box",
            "collider2origin": [
                [
                    -0.9681845843560227,
                    0.11970876560852413,
                    -0.21974626743551026,
                    0.059242554656791735
                ],
                [
                    0.11674126786704592,
                    0.9928090508168445,
                    0.02648895983142134,
                    -0.7254455234717615
                ],
                [
                    0.2213370438768666,
                    -7.255305064358514e-06,
                    -0.9751973712819424,
                    0.29991457189660764
                ],
                [
                    0.0,
                    0.0,
                    0.0,
                    1.0
                ]
            ],
            "size": [
                0.09102,
                0.10007,
                0.11882
            ]
        },
        "distance": 0.0
    }
]