[
    {
        "case": 0,
        "collider1": {
            "type": "Box",
            "collider2origin": [
                [
                    1.0,
                    0.0,
                    0.0,
                    0.0
                ],
                [
                    0.0,
                    1.0,
                    0.0,
                    -0.37086
                ],
                [
                    0.0,
                    0.0,
                    1.0,
                    0.39699
                ],
                [
                    0.0,
                    0.0,
                    0.0,
                    1.0
                ]
            ],
            "size": [
                0.6,
                1.6,
                0.1
            ]
        },
        "collider2": {
            "type": "Box",
            "collider2origin": [
                [
                    0.8615237761342045,
                    0.07795644581839312,
                    0.5016966969303517,
                    0.3039267581076497
                ],
                [
                    0.3579716294171653,
                    -0.7940037086453073,
                    -0.4913394175006898,
                    -0.6243585978121378
                ],
                [
                    0.3600459632989669,
                    0.6028937744021425,
                    -0.7119592692698488,
                    0.3095376859250618
                ],
                [
                    0.0,
                    0.0,
                    0.0,
                    1.0
                ]
            ],
            "size": [
                0.07264,
                0.04753,
                0.03326
            ]
        },
        "distance": 0.009423373256194889
    },
    {
        "case": 1,
        "collider1": {
            "type": "Box",
            "collider2origin": [
                [
                    1.0,
                    0.0,
                    0.0,
                    0.0
                ],
                [
                    0.0,
                    1.0,
                    0.0,
                    -0.37086
                ],
                [
                    0.0,
                    0.0,
                    1.0,
                    0.39699
                ],
                [
                    0.0,
                    0.0,
                    0.0,
                    1.0
                ]
            ],
            "size": [
                0.6,
                1.6,
                0.1
            ]
        },
        "collider2": {
            "type": "Box",
            "collider2origin": [
                [
                    -0.45417664214210285,
                    -0.7322315009520967,
                    -0.5075042923424032,
                    0.4586708110982295
                ],
                [
                    0.48830557903204197,
                    -0.6810558193070095,
                    0.5456378217043243,
                    -0.48877249641758747
                ],
                [
                    -0.7451719527858697,
                    -1.223646102574662e-06,
                    0.6668723721821112,
                    0.1131000372074269
                ],
                [
                    0.0,
                    0.0,
                    0.0,
                    1.0
                ]
            ],
            "size": [
                0.1202,
                0.13634,
                0.67816
            ]
        },
        "distance": 0.0
    },
    {
        "case": 2,
        "collider1": {
            "type": "Box",
            "collider2origin": [
                [
                    1.0,
                    0.0,
                    0.0,
                    0.0
                ],
                [
                    0.0,
                    1.0,
                    0.0,
                    -0.37086
                ],
                [
                    0.0,
                    0.0,
                    1.0,
                    0.39699
                ],
                [
                    0.0,
                    0.0,
                    0.0,
                    1.0
                ]
            ],
            "size": [
                0.6,
                1.6,
                0.1
            ]
        },
        "collider2": {
            "type": "Box",
            "collider2origin": [
                [
                    0.6062227716938594,
                    -0.7322284966974981,
                    0.31037941250014767,
                    0.22934081571893317
                ],
                [
                    -0.6517742525646151,
                    -0.6810590492577858,
                    -0.3336898187207968,
                    -0.40631031592968203
                ],
                [
                    0.4557239019117305,
                    -6.942802785192488e-06,
                    -0.8901211856697632,
                    0.3053168209831596
                ],
                [
                    0.0,
                    0.0,
                    0.0,
                    1.0
                ]
            ],
            "size": [
                0.09102,
                0.10007,
                0.11882
            ]
        },
        "distance": 0.0
    }
]