[
    {
        "case": 0,
        "collider1": {
            "type": "Cylinder",
            "collider2origin": [
                [
                    1.0,
                    0.0,
                    0.0,
                    0.4849999999999999
                ],
                [
                    0.0,
                    -3.673205103346574e-06,
                    -0.9999999999932537,
                    -0.46086
                ],
                [
                    0.0,
                    0.9999999999932537,
                    -3.673205103346574e-06,
                    -0.70001
                ],
                [
                    0.0,
                    0.0,
                    0.0,
                    1.0
                ]
            ],
            "radius": 0.026,
            "height": 0.272
        },
        "collider2": {
            "type": "Box",
            "collider2origin": [
                [
                    0.4754682447836447,
                    0.7707356301974888,
                    -0.4241421183358708,
                    0.5894236577395462
                ],
                [
                    -0.5751499308818508,
                    0.6371550740151181,
                    0.5130652674498553,
                    -0.2522903868691162
                ],
                [
                    0.6656819850416279,
                    -9.321288759780597e-07,
                    0.746235549133227,
                    -0.6152108500815345
                ],
                [
                    0.0,
                    0.0,
                    0.0,
                    1.0
                ]
            ],
            "size": [
                0.09102,
                0.10007,
                0.11882
            ]
        },
        "distance": 0.05721809912754915
    },
    {
        "case": 1,
        "collider1": {
            "type": "Box",
            "collider2origin": [
                [
                    1.0,
                    0.0,
                    0.0,
                    0.5199999999999999
                ],
                [
                    0.0,
                    1.0,
                    0.0,
                    -0.43085999999999997
                ],
                [
                    0.0,
                    0.0,
                    1.0,
                    -0.80301
                ],
                [
                    0.0,
                    0.0,
                    0.0,
                    1.0
                ]
            ],
            "size": [
                0.2,
                0.08,
                0.04
            ]
        },
        "collider2": {
            "type": "Box",
            "collider2origin": [
                [
                    0.3007561974659337,
                    0.7707351248989465,
                    -0.5617055073015019,
                    0.6684249366488861
                ],
                [
                    -0.36380693303619416,
                    0.6371556852475257,
                    0.679468283462557,
                    -0.5232609154686199
                ],
                [
                    0.8815839297313842,
                    -1.939352004834865e-06,
                    0.47202730306160084,
                    -0.7548621993000683
                ],
                [
                    0.0,
                    0.0,
                    0.0,
                    1.0
                ]
            ],
            "size": [
                0.1202,
                0.13634,
                0.67816
            ]
        },
        "distance": 0.0
    },
    {
        "case": 2,
        "collider1": {
            "type": "Cylinder",
            "collider2origin": [
                [
                    1.0,
                    0.0,
                    0.0,
                    0.4849999999999999
                ],
                [
                    0.0,
                    -3.673205103346574e-06,
                    -0.9999999999932537,
                    -0.46086
                ],
                [
                    0.0,
                    0.9999999999932537,
                    -3.673205103346574e-06,
                    -0.70001
                ],
                [
                    0.0,
                    0.0,
                    0.0,
                    1.0
                ]
            ],
            "radius": 0.026,
            "height": 0.272
        },
        "collider2": {
            "type": "Box",
            "collider2origin": [
                [
                    0.3007561974659337,
                    0.7707351248989465,
                    -0.5617055073015019,
                    0.6684249366488861
                ],
                [
                    -0.36380693303619416,
                    0.6371556852475257,
                    0.679468283462557,
                    -0.5232609154686199
                ],
                [
                    0.8815839297313842,
                    -1.939352004834865e-06,
                    0.47202730306160084,
                    -0.7548621993000683
                ],
                [
                    0.0,
                    0.0,
                    0.0,
                    1.0
                ]
            ],
            "size": [
                0.1202,
                0.13634,
                0.67816
            ]
        },
        "distance": 0.0
    },
    {
        "case": 3,
        "collider1": {
            "type": "Box",
            "collider2origin": [
                [
                    1.0,
                    0.0,
                    0.0,
                    -0.26
                ],
                [
                    0.0,
                    1.0,
                    0.0,
                    -0.4608599999999999
                ],
                [
                    0.0,
                    0.0,
                    1.0,
                    -1.143
                ],
                [
                    0.0,
                    0.0,
                    0.0,
                    1.0
                ]
            ],
            "size": [
                1.48,
                0.272,
                0.945
            ]
        },
        "collider2": {
            "type": "Box",
            "collider2origin": [
                [
                    0.3007561974659337,
                    0.7707351248989465,
                    -0.5617055073015019,
                    0.6684249366488861
                ],
                [
                    -0.36380693303619416,
                    0.6371556852475257,
                    0.679468283462557,
                    -0.5232609154686199
                ],
                [
                    0.8815839297313842,
                    -1.939352004834865e-06,
                    0.47202730306160084,
                    -0.7548621993000683
                ],
                [
                    0.0,
                    0.0,
                    0.0,
                    1.0
                ]
            ],
            "size": [
                0.1202,
                0.13634,
                0.67816
            ]
        },
        "distance": 0.0
    }
]