[
    {
        "case": 0,
        "collider1": {
            "type": "Box",
            "collider2origin": [
                [
                    1.0,
                    0.0,
                    0.0,
                    1.2009999999999998
                ],
                [
                    0.0,
                    1.0,
                    0.0,
                    0.02914
                ],
                [
                    0.0,
                    0.0,
                    1.0,
                    -1.22801
                ],
                [
                    0.0,
                    0.0,
                    0.0,
                    1.0
                ]
            ],
            "size": [
                0.41,
                0.6,
                0.82
            ]
        },
        "collider2": {
            "type": "Box",
            "collider2origin": [
                [
                    -0.18056286985883635,
                    -0.9831970218419326,
                    0.026845228058166772,
                    1.2766194397625417
                ],
                [
                    0.9685943243002817,
                    -0.1730048820868551,
                    0.1785898813130076,
                    -0.24876970657541575
                ],
                [
                    -0.17094468392325535,
                    0.058248837029312626,
                    0.9835573130342281,
                    -0.9223825605841072
                ],
                [
                    0.0,
                    0.0,
                    0.0,
                    1.0
                ]
            ],
            "size": [
                0.09126,
                0.11887,
                0.10009
            ]
        },
        "distance": 0.0
    },
    {
        "case": 1,
        "collider1": {
            "type": "Box",
            "collider2origin": [
                [
                    1.0,
                    0.0,
                    0.0,
                    1.2009999999999998
                ],
                [
                    0.0,
                    1.0,
                    0.0,
                    0.02914
                ],
                [
                    0.0,
                    0.0,
                    1.0,
                    -1.22801
                ],
                [
                    0.0,
                    0.0,
                    0.0,
                    1.0
                ]
            ],
            "size": [
                0.41,
                0.6,
                0.82
            ]
        },
        "collider2": {
            "type": "Box",
            "collider2origin": [
                [
                    -0.004370979026425165,
                    -0.9959435373072532,
                    -0.08987416223957792,
                    1.1202300588817555
                ],
                [
                    -0.22276262265286093,
                    0.08858642153063215,
                    -0.9708394614297544,
                    -0.2699650357581329
                ],
                [
                    0.9748629177946863,
                    0.015777085165281705,
                    -0.22224620377526752,
                    -0.9079366489238708
                ],
                [
                    0.0,
                    0.0,
                    0.0,
                    1.0
                ]
            ],
            "size": [
                0.06241,
                0.05638,
                0.02858
            ]
        },
        "distance": 0.0
    },
    {
        "case": 2,
        "collider1": {
            "type": "Box",
            "collider2origin": [
                [
                    1.0,
                    0.0,
                    0.0,
                    1.2009999999999998
                ],
                [
                    0.0,
                    1.0,
                    0.0,
                    0.02914
                ],
                [
                    0.0,
                    0.0,
                    1.0,
                    -1.22801
                ],
                [
                    0.0,
                    0.0,
                    0.0,
                    1.0
                ]
            ],
            "size": [
                0.41,
                0.6,
                0.82
            ]
        },
        "collider2": {
            "type": "Box",
            "collider2origin": [
                [
                    -0.1707962851124997,
                    -0.9831968837485336,
                    0.06444002466589785,
                    1.2033661128435496
                ],
                [
                    0.9844521038292111,
                    -0.17300564968552276,
                    -0.03038256807990472,
                    -0.26109580073146266
                ],
                [
                    0.041020534589514726,
                    0.058248888092924056,
                    0.9974589629543302,
                    -0.9133681984009888
                ],
                [
                    0.0,
                    0.0,
                    0.0,
                    1.0
                ]
            ],
            "size": [
                0.08993,
                0.0305,
                0.09007
            ]
        },
        "distance": 0.0
    },
    {
        "case": 3,
        "collider1": {
            "type": "Box",
            "collider2origin": [
                [
                    1.0,
                    0.0,
                    0.0,
                    1.2009999999999998
                ],
                [
                    0.0,
                    1.0,
                    0.0,
                    0.02914
                ],
                [
                    0.0,
                    0.0,
                    1.0,
                    -1.22801
                ],
                [
                    0.0,
                    0.0,
                    0.0,
                    1.0
                ]
            ],
            "size": [
                0.41,
                0.6,
                0.82
            ]
        },
        "collider2": {
            "type": "Box",
            "collider2origin": [
                [
                    0.014561316285050948,
                    -0.9959431080996005,
                    -0.08879917509162545,
                    1.069457376139461
                ],
                [
                    -0.014387744200043144,
                    0.0885906974781659,
                    -0.995964196714503,
                    -0.2631973373905513
                ],
                [
                    0.9997904584886177,
                    0.01578016949333972,
                    -0.013039377511240123,
                    -0.905342685555633
                ],
                [
                    0.0,
                    0.0,
                    0.0,
                    1.0
                ]
            ],
            "size": [
                0.07264,
                0.04753,
                0.03326
            ]
        },
        "distance": 0.0
    },
    {
        "case": 4,
        "collider1": {
            "type": "Box",
            "collider2origin": [
                [
                    1.0,
                    0.0,
                    0.0,
                    1.2009999999999998
                ],
                [
                    0.0,
                    1.0,
                    0.0,
                    0.02914
                ],
                [
                    0.0,
                    0.0,
                    1.0,
                    -1.22801
                ],
                [
                    0.0,
                    0.0,
                    0.0,
                    1.0
                ]
            ],
            "size": [
                0.41,
                0.6,
                0.82
            ]
        },
        "collider2": {
            "type": "Box",
            "collider2origin": [
                [
                    -0.14620324638137355,
                    0.9888902590672294,
                    0.026845228058166772,
                    1.2719096947353523
                ],
                [
                    -0.9726302477152671,
                    -0.14864742016578678,
                    0.1785898813130076,
                    -0.2671870421156267
                ],
                [
                    0.18059626789301453,
                    -6.039736167581062e-08,
                    0.9835573130342281,
                    -1.0300879276516337
                ],
                [
                    0.0,
                    0.0,
                    0.0,
                    1.0
                ]
            ],
            "size": [
                0.09102,
                0.10007,
                0.11882
            ]
        },
        "distance": 0.0
    },
    {
        "case": 5,
        "collider1": {
            "type": "Box",
            "collider2origin": [
                [
                    1.0,
                    0.0,
                    0.0,
                    1.2009999999999998
                ],
                [
                    0.0,
                    1.0,
                    0.0,
                    0.02914
                ],
                [
                    0.0,
                    0.0,
                    1.0,
                    -1.22801
                ],
                [
                    0.0,
                    0.0,
                    0.0,
                    1.0
                ]
            ],
            "size": [
                0.41,
                0.6,
                0.82
            ]
        },
        "collider2": {
            "type": "Cylinder",
            "collider2origin": [
                [
                    0.0644426122651942,
                    0.8095495545843826,
                    0.5835037861031106,
                    1.0393469034438627
                ],
                [
                    -0.030382648338329335,
                    -0.5828564507562652,
                    0.8120069288446725,
                    -0.2796564557376304
                ],
                [
                    0.9974587933365396,
                    -0.07005623800944295,
                    -0.012964532832964773,
                    -0.8983947607738642
                ],
                [
                    0.0,
                    0.0,
                    0.0,
                    1.0
                ]
            ],
            "radius": 0.00683,
            "height": 0.01782
        },
        "distance": 0.0
    },
    {
        "case": 6,
        "collider1": {
            "type": "Box",
            "collider2origin": [
                [
                    1.0,
                    0.0,
                    0.0,
                    1.2009999999999998
                ],
                [
                    0.0,
                    1.0,
                    0.0,
                    0.02914
                ],
                [
                    0.0,
                    0.0,
                    1.0,
                    -1.22801
                ],
                [
                    0.0,
                    0.0,
                    0.0,
                    1.0
                ]
            ],
            "size": [
                0.41,
                0.6,
                0.82
            ]
        },
        "collider2": {
            "type": "Cylinder",
            "collider2origin": [
                [
                    0.20009570735524806,
                    0.18175372612241888,
                    0.9627706325696784,
                    1.0188808076355316
                ],
                [
                    -0.06967841322136649,
                    -0.9775154465837895,
                    0.19901876901700938,
                    -0.27353849078490455
                ],
                [
                    0.9772955676912458,
                    -0.10690713133701565,
                    -0.18293233350158375,
                    -0.8696150775040047
                ],
                [
                    0.0,
                    0.0,
                    0.0,
                    1.0
                ]
            ],
            "radius": 0.00713,
            "height": 0.01426
        },
        "distance": 0.0
    },
    {
        "case": 7,
        "collider1": {
            "type": "Box",
            "collider2origin": [
                [
                    1.0,
                    0.0,
                    0.0,
                    1.2009999999999998
                ],
                [
                    0.0,
                    1.0,
                    0.0,
                    0.02914
                ],
                [
                    0.0,
                    0.0,
                    1.0,
                    -1.22801
                ],
                [
                    0.0,
                    0.0,
                    0.0,
                    1.0
                ]
            ],
            "size": [
                0.41,
                0.6,
                0.82
            ]
        },
        "collider2": {
            "type": "Box",
            "collider2origin": [
                [
                    0.02098135429998012,
                    0.9888907009943184,
                    0.14715625796650256,
                    1.118333616455372
                ],
                [
                    0.13955524290820595,
                    -0.1486444801174796,
                    0.9789939492700841,
                    -0.5370190881486876
                ],
                [
                    0.9899919782243541,
                    -4.191581194514748e-06,
                    -0.14112364448900933,
                    -0.9914737692436774
                ],
                [
                    0.0,
                    0.0,
                    0.0,
                    1.0
                ]
            ],
            "size": [
                0.1202,
                0.13634,
                0.67816
            ]
        },
        "distance": 0.0
    },
    {
        "case": 8,
        "collider1": {
            "type": "Box",
            "collider2origin": [
                [
                    1.0,
                    0.0,
                    0.0,
                    1.2009999999999998
                ],
                [
                    0.0,
                    1.0,
                    0.0,
                    0.02914
                ],
                [
                    0.0,
                    0.0,
                    1.0,
                    -1.22801
                ],
                [
                    0.0,
                    0.0,
                    0.0,
                    1.0
                ]
            ],
            "size": [
                0.41,
                0.6,
                0.82
            ]
        },
        "collider2": {
            "type": "Cylinder",
            "collider2origin": [
                [
                    -0.10912400500951185,
                    0.9060574734668669,
                    0.40884203099182564,
                    1.0386161381122632
                ],
                [
                    -0.014692162230173729,
                    -0.4127234753091522,
                    0.9107378729896639,
                    -0.28882997142775646
                ],
                [
                    0.9939195600750019,
                    0.09337659076863074,
                    0.05834998197721566,
                    -0.9184414040066378
                ],
                [
                    0.0,
                    0.0,
                    0.0,
                    1.0
                ]
            ],
            "radius": 0.00783,
            "height": 0.03683
        },
        "distance": 0.0
    },
    {
        "case": 9,
        "collider1": {
            "type": "Box",
            "collider2origin": [
                [
                    1.0,
                    0.0,
                    0.0,
                    1.2009999999999998
                ],
                [
                    0.0,
                    1.0,
                    0.0,
                    0.02914
                ],
                [
                    0.0,
                    0.0,
                    1.0,
                    -1.22801
                ],
                [
                    0.0,
                    0.0,
                    0.0,
                    1.0
                ]
            ],
            "size": [
                0.41,
                0.6,
                0.82
            ]
        },
        "collider2": {
            "type": "Cylinder",
            "collider2origin": [
                [
                    -0.2889920044460532,
                    0.3677983008172339,
                    0.8838597350723739,
                    1.0317185768704833
                ],
                [
                    -0.00014587494071018308,
                    -0.9232704775374888,
                    0.38415049658720773,
                    -0.2758439398397776
                ],
                [
                    0.9573314995793013,
                    0.11088748903123422,
                    0.2668714385047489,
                    -0.9402053706015795
                ],
                [
                    0.0,
                    0.0,
                    0.0,
                    1.0
                ]
            ],
            "radius": 0.00783,
            "height": 0.03044
        },
        "distance": 0.0
    },
    {
        "case": 10,
        "collider1": {
            "type": "Box",
            "collider2origin": [
                [
                    1.0,
                    0.0,
                    0.0,
                    1.2009999999999998
                ],
                [
                    0.0,
                    1.0,
                    0.0,
                    0.02914
                ],
                [
                    0.0,
                    0.0,
                    1.0,
                    -1.22801
                ],
                [
                    0.0,
                    0.0,
                    0.0,
                    1.0
                ]
            ],
            "size": [
                0.41,
                0.6,
                0.82
            ]
        },
        "collider2": {
            "type": "Cylinder",
            "collider2origin": [
                [
                    0.214832687603593,
                    0.19523938393147652,
                    0.9569370404049964,
                    1.0338139739031702
                ],
                [
                    -0.04130878899378473,
                    -0.9771215554505778,
                    0.2086313730619377,
                    -0.27044934300066437
                ],
                [
                    0.9757768701341936,
                    -0.08435074887575077,
                    -0.20185254735874905,
                    -0.8723132010607453
                ],
                [
                    0.0,
                    0.0,
                    0.0,
                    1.0
                ]
            ],
            "radius": 0.00713,
            "height": 0.01697
        },
        "distance": 0.0
    }
]