[
    {
        "case": 0,
        "collider1": {
            "type": "Box",
            "collider2origin": [
                [
                    1.0,
                    0.0,
                    0.0,
                    0.0
                ],
                [
                    0.0,
                    1.0,
                    0.0,
                    -0.37086
                ],
                [
                    0.0,
                    0.0,
                    1.0,
                    0.39699
                ],
                [
                    0.0,
                    0.0,
                    0.0,
                    1.0
                ]
            ],
            "size": [
                0.6,
                1.6,
                0.1
            ]
        },
        "collider2": {
            "type": "Box",
            "collider2origin": [
                [
                    0.429863874993879,
                    0.307196890501422,
                    -0.8490271606029478,
                    0.2862412612399665
                ],
                [
                    -0.8638191932491893,
                    0.41356473791133475,
                    -0.28771619511360197,
                    -0.6085855023971507
                ],
                [
                    0.2627421746685639,
                    0.8570847554487164,
                    0.44313911092099223,
                    0.4686254056998429
                ],
                [
                    0.0,
                    0.0,
                    0.0,
                    1.0
                ]
            ],
            "size": [
                0.08993,
                0.0305,
                0.09007
            ]
        },
        "distance": 0.0
    },
    {
        "case": 1,
        "collider1": {
            "type": "Box",
            "collider2origin": [
                [
                    1.0,
                    0.0,
                    0.0,
                    0.0
                ],
                [
                    0.0,
                    1.0,
                    0.0,
                    -0.37086
                ],
                [
                    0.0,
                    0.0,
                    1.0,
                    0.39699
                ],
                [
                    0.0,
                    0.0,
                    0.0,
                    1.0
                ]
            ],
            "size": [
                0.6,
                1.6,
                0.1
            ]
        },
        "collider2": {
            "type": "Box",
            "collider2origin": [
                [
                    -0.11818202187638625,
                    0.30719654062097446,
                    -0.9442792463756235,
                    0.26765952271919213
                ],
                [
                    -0.8770819661959357,
                    0.41356669217100933,
                    0.24431499278718147,
                    -0.6401569491351077
                ],
                [
                    0.4655751650153606,
                    0.8570839378714521,
                    0.22056039799493501,
                    0.4033869198683919
                ],
                [
                    0.0,
                    0.0,
                    0.0,
                    1.0
                ]
            ],
            "size": [
                0.09126,
                0.11887,
                0.10009
            ]
        },
        "distance": 0.0
    },
    {
        "case": 2,
        "collider1": {
            "type": "Box",
            "collider2origin": [
                [
                    1.0,
                    0.0,
                    0.0,
                    0.0
                ],
                [
                    0.0,
                    1.0,
                    0.0,
                    -0.37086
                ],
                [
                    0.0,
                    0.0,
                    1.0,
                    0.39699
                ],
                [
                    0.0,
                    0.0,
                    0.0,
                    1.0
                ]
            ],
            "size": [
                0.6,
                1.6,
                0.1
            ]
        },
        "collider2": {
            "type": "Box",
            "collider2origin": [
                [
                    0.2135298552353627,
                    0.25048294510295444,
                    -0.9442792463756235,
                    0.3692190769159841
                ],
                [
                    -0.05524391455215862,
                    0.9681210121696321,
                    0.24431499278718147,
                    -0.6715647150580175
                ],
                [
                    0.9753733186980863,
                    -2.8630415238547413e-06,
                    0.22056039799493501,
                    0.3771990002405672
                ],
                [
                    0.0,
                    0.0,
                    0.0,
                    1.0
                ]
            ],
            "size": [
                0.09102,
                0.10007,
                0.11882
            ]
        },
        "distance": 0.0
    },
    {
        "case": 3,
        "collider1": {
            "type": "Box",
            "collider2origin": [
                [
                    1.0,
                    0.0,
                    0.0,
                    0.0
                ],
                [
                    0.0,
                    1.0,
                    0.0,
                    -0.37086
                ],
                [
                    0.0,
                    0.0,
                    1.0,
                    0.39699
                ],
                [
                    0.0,
                    0.0,
                    0.0,
                    1.0
                ]
            ],
            "size": [
                0.6,
                1.6,
                0.1
            ]
        },
        "collider2": {
            "type": "Box",
            "collider2origin": [
                [
                    0.2597112206165591,
                    0.2504829878740464,
                    -0.93263516697128,
                    0.6159399066728763
                ],
                [
                    -0.06719268887693902,
                    0.968121001103925,
                    0.24130244462711303,
                    -0.8508405119823849
                ],
                [
                    0.9633458488244727,
                    -2.687821873874441e-06,
                    0.2682625123744123,
                    0.2984462569241564
                ],
                [
                    0.0,
                    0.0,
                    0.0,
                    1.0
                ]
            ],
            "size": [
                0.1202,
                0.13634,
                0.67816
            ]
        },
        "distance": 0.0
    }
]