[
    {
        "case": 0,
        "collider1": {
            "type": "Box",
            "collider2origin": [
                [
                    1.0,
                    0.0,
                    0.0,
                    1.2009999999999998
                ],
                [
                    0.0,
                    1.0,
                    0.0,
                    0.02914
                ],
                [
                    0.0,
                    0.0,
                    1.0,
                    -1.22801
                ],
                [
                    0.0,
                    0.0,
                    0.0,
                    1.0
                ]
            ],
            "size": [
                0.41,
                0.6,
                0.82
            ]
        },
        "collider2": {
            "type": "Box",
            "collider2origin": [
                [
                    0.06402722490838779,
                    0.9350547990251658,
                    0.3486732529038294,
                    1.2129688983205165
                ],
                [
                    0.1688692730863447,
                    -0.35450320562894927,
                    0.9196796430312506,
                    -0.5742261551856801
                ],
                [
                    0.9835566496536027,
                    -4.336585506771118e-06,
                    -0.18059988068482705,
                    -1.0025420672757108
                ],
                [
                    0.0,
                    0.0,
                    0.0,
                    1.0
                ]
            ],
            "size": [
                0.1202,
                0.13634,
                0.67816
            ]
        },
        "distance": 0.0
    },
    {
        "case": 1,
        "collider1": {
            "type": "Box",
            "collider2origin": [
                [
                    1.0,
                    0.0,
                    0.0,
                    1.2009999999999998
                ],
                [
                    0.0,
                    1.0,
                    0.0,
                    0.02914
                ],
                [
                    0.0,
                    0.0,
                    1.0,
                    -1.22801
                ],
                [
                    0.0,
                    0.0,
                    0.0,
                    1.0
                ]
            ],
            "size": [
                0.41,
                0.6,
                0.82
            ]
        },
        "collider2": {
            "type": "Box",
            "collider2origin": [
                [
                    0.26417152217052364,
                    0.9350543866360053,
                    0.23640368209245938,
                    1.4514751064691154
                ],
                [
                    0.6967770782611491,
                    -0.35450429333319944,
                    0.623561070961125,
                    -0.27771105583086264
                ],
                [
                    0.666869634999199,
                    -6.410383520879738e-06,
                    -0.7451744023213236,
                    -1.1385729929238777
                ],
                [
                    0.0,
                    0.0,
                    0.0,
                    1.0
                ]
            ],
            "size": [
                0.09126,
                0.11887,
                0.10009
            ]
        },
        "distance": 0.0
    },
    {
        "case": 2,
        "collider1": {
            "type": "Box",
            "collider2origin": [
                [
                    1.0,
                    0.0,
                    0.0,
                    1.2009999999999998
                ],
                [
                    0.0,
                    1.0,
                    0.0,
                    0.02914
                ],
                [
                    0.0,
                    0.0,
                    1.0,
                    -1.22801
                ],
                [
                    0.0,
                    0.0,
                    0.0,
                    1.0
                ]
            ],
            "size": [
                0.41,
                0.6,
                0.82
            ]
        },
        "collider2": {
            "type": "Box",
            "collider2origin": [
                [
                    0.26417152217052364,
                    0.9350543866360053,
                    0.23640368209245938,
                    1.4198167019812218
                ],
                [
                    0.6967770782611491,
                    -0.35450429333319944,
                    0.623561070961125,
                    -0.34389484044432617
                ],
                [
                    0.666869634999199,
                    -6.410383520879738e-06,
                    -0.7451744023213236,
                    -1.0572548609709111
                ],
                [
                    0.0,
                    0.0,
                    0.0,
                    1.0
                ]
            ],
            "size": [
                0.09102,
                0.10007,
                0.11882
            ]
        },
        "distance": 0.0
    }
]