[
    {
        "case": 0,
        "collider1": {
            "type": "Box",
            "collider2origin": [
                [
                    1.0,
                    0.0,
                    0.0,
                    0.5199999999999999
                ],
                [
                    0.0,
                    1.0,
                    0.0,
                    -0.43085999999999997
                ],
                [
                    0.0,
                    0.0,
                    1.0,
                    -0.80301
                ],
                [
                    0.0,
                    0.0,
                    0.0,
                    1.0
                ]
            ],
            "size": [
                0.2,
                0.08,
                0.04
            ]
        },
        "collider2": {
            "type": "Box",
            "collider2origin": [
                [
                    -0.550135365450842,
                    -0.7044105297208835,
                    -0.4485051675272123,
                    0.621624979679874
                ],
                [
                    0.5459645003388092,
                    -0.709792790621081,
                    0.4451033124479446,
                    -0.692401262741347
                ],
                [
                    -0.6318811945690921,
                    -8.262314379967813e-07,
                    0.7750652591551592,
                    -0.6841115856335299
                ],
                [
                    0.0,
                    0.0,
                    0.0,
                    1.0
                ]
            ],
            "size": [
                0.1202,
                0.13634,
                0.67816
            ]
        },
        "distance": 0.15220980263447176
    },
    {
        "case": 1,
        "collider1": {
            "type": "Cylinder",
            "collider2origin": [
                [
                    1.0,
                    0.0,
                    0.0,
                    0.4849999999999999
                ],
                [
                    0.0,
                    -3.673205103346574e-06,
                    -0.9999999999932537,
                    -0.46086
                ],
                [
                    0.0,
                    0.9999999999932537,
                    -3.673205103346574e-06,
                    -0.70001
                ],
                [
                    0.0,
                    0.0,
                    0.0,
                    1.0
                ]
            ],
            "radius": 0.026,
            "height": 0.272
        },
        "collider2": {
            "type": "Box",
            "collider2origin": [
                [
                    -0.550135365450842,
                    -0.7044105297208835,
                    -0.4485051675272123,
                    0.621624979679874
                ],
                [
                    0.5459645003388092,
                    -0.709792790621081,
                    0.4451033124479446,
                    -0.692401262741347
                ],
                [
                    -0.6318811945690921,
                    -8.262314379967813e-07,
                    0.7750652591551592,
                    -0.6841115856335299
                ],
                [
                    0.0,
                    0.0,
                    0.0,
                    1.0
                ]
            ],
            "size": [
                0.1202,
                0.13634,
                0.67816
            ]
        },
        "distance": 0.05548754023593761
    },
    {
        "case": 2,
        "collider1": {
            "type": "Box",
            "collider2origin": [
                [
                    1.0,
                    0.0,
                    0.0,
                    -0.26
                ],
                [
                    0.0,
                    1.0,
                    0.0,
                    -0.4608599999999999
                ],
                [
                    0.0,
                    0.0,
                    1.0,
                    -1.143
                ],
                [
                    0.0,
                    0.0,
                    0.0,
                    1.0
                ]
            ],
            "size": [
                1.48,
                0.272,
                0.945
            ]
        },
        "collider2": {
            "type": "Box",
            "collider2origin": [
                [
                    -0.550135365450842,
                    -0.7044105297208835,
                    -0.4485051675272123,
                    0.621624979679874
                ],
                [
                    0.5459645003388092,
                    -0.709792790621081,
                    0.4451033124479446,
                    -0.692401262741347
                ],
                [
                    -0.6318811945690921,
                    -8.262314379967813e-07,
                    0.7750652591551592,
                    -0.6841115856335299
                ],
                [
                    0.0,
                    0.0,
                    0.0,
                    1.0
                ]
            ],
            "size": [
                0.1202,
                0.13634,
                0.67816
            ]
        },
        "distance": 0.06137414273737958
    }
]