[
    {
        "case": 0,
        "collider1": {
            "type": "Box",
            "collider2origin": [
                [
                    1.0,
                    0.0,
                    0.0,
                    1.23
                ],
                [
                    0.0,
                    1.0,
                    0.0,
                    -0.23086
                ],
                [
                    0.0,
                    0.0,
                    1.0,
                    -0.54301
                ],
                [
                    0.0,
                    0.0,
                    0.0,
                    1.0
                ]
            ],
            "size": [
                0.1,
                0.16,
                0.1
            ]
        },
        "collider2": {
            "type": "Box",
            "collider2origin": [
                [
                    0.05547221088238946,
                    0.9940438359717435,
                    0.0938066414834294,
                    1.2446498072847252
                ],
                [
                    0.5059327096205606,
                    -0.10898097143932518,
                    0.8556607044852172,
                    -0.23627949366568712
                ],
                [
                    0.8607873878930946,
                    -5.542736861989028e-06,
                    -0.5089647068446502,
                    -0.6053231236493485
                ],
                [
                    0.0,
                    0.0,
                    0.0,
                    1.0
                ]
            ],
            "size": [
                0.09102,
                0.10007,
                0.11882
            ]
        },
        "distance": 0.0
    },
    {
        "case": 1,
        "collider1": {
            "type": "Box",
            "collider2origin": [
                [
                    1.0,
                    0.0,
                    0.0,
                    1.28
                ],
                [
                    0.0,
                    1.0,
                    0.0,
                    -0.23086
                ],
                [
                    0.0,
                    0.0,
                    1.0,
                    -0.67301
                ],
                [
                    0.0,
                    0.0,
                    0.0,
                    1.0
                ]
            ],
            "size": [
                0.06,
                0.06,
                0.33
            ]
        },
        "collider2": {
            "type": "Box",
            "collider2origin": [
                [
                    0.05547221088238946,
                    0.9940438359717435,
                    0.0938066414834294,
                    1.2446498072847252
                ],
                [
                    0.5059327096205606,
                    -0.10898097143932518,
                    0.8556607044852172,
                    -0.23627949366568712
                ],
                [
                    0.8607873878930946,
                    -5.542736861989028e-06,
                    -0.5089647068446502,
                    -0.6053231236493485
                ],
                [
                    0.0,
                    0.0,
                    0.0,
                    1.0
                ]
            ],
            "size": [
                0.09102,
                0.10007,
                0.11882
            ]
        },
        "distance": 0.0
    },
    {
        "case": 2,
        "collider1": {
            "type": "Box",
            "collider2origin": [
                [
                    1.0,
                    0.0,
                    0.0,
                    1.23
                ],
                [
                    0.0,
                    1.0,
                    0.0,
                    -0.23086
                ],
                [
                    0.0,
                    0.0,
                    1.0,
                    -0.54301
                ],
                [
                    0.0,
                    0.0,
                    0.0,
                    1.0
                ]
            ],
            "size": [
                0.1,
                0.16,
                0.1
            ]
        },
        "collider2": {
            "type": "Box",
            "collider2origin": [
                [
                    0.3186052429059381,
                    0.9432343363165099,
                    0.0938066414834294,
                    1.260928680498965
                ],
                [
                    0.45853456996807573,
                    -0.23998084703586928,
                    0.8556607044852172,
                    -0.14354104304459403
                ],
                [
                    0.8296003539880149,
                    -0.22960439858482512,
                    -0.5089647068446502,
                    -0.661260736969747
                ],
                [
                    0.0,
                    0.0,
                    0.0,
                    1.0
                ]
            ],
            "size": [
                0.09126,
                0.11887,
                0.10009
            ]
        },
        "distance": 0.0
    },
    {
        "case": 3,
        "collider1": {
            "type": "Box",
            "collider2origin": [
                [
                    1.0,
                    0.0,
                    0.0,
                    1.28
                ],
                [
                    0.0,
                    1.0,
                    0.0,
                    -0.23086
                ],
                [
                    0.0,
                    0.0,
                    1.0,
                    -0.67301
                ],
                [
                    0.0,
                    0.0,
                    0.0,
                    1.0
                ]
            ],
            "size": [
                0.06,
                0.06,
                0.33
            ]
        },
        "collider2": {
            "type": "Box",
            "collider2origin": [
                [
                    0.3186052429059381,
                    0.9432343363165099,
                    0.0938066414834294,
                    1.260928680498965
                ],
                [
                    0.45853456996807573,
                    -0.23998084703586928,
                    0.8556607044852172,
                    -0.14354104304459403
                ],
                [
                    0.8296003539880149,
                    -0.22960439858482512,
                    -0.5089647068446502,
                    -0.661260736969747
                ],
                [
                    0.0,
                    0.0,
                    0.0,
                    1.0
                ]
            ],
            "size": [
                0.09126,
                0.11887,
                0.10009
            ]
        },
        "distance": 0.0
    },
    {
        "case": 4,
        "collider1": {
            "type": "Box",
            "collider2origin": [
                [
                    1.0,
                    0.0,
                    0.0,
                    1.28
                ],
                [
                    0.0,
                    1.0,
                    0.0,
                    -0.23086
                ],
                [
                    0.0,
                    0.0,
                    1.0,
                    -0.67301
                ],
                [
                    0.0,
                    0.0,
                    0.0,
                    1.0
                ]
            ],
            "size": [
                0.06,
                0.06,
                0.33
            ]
        },
        "collider2": {
            "type": "Box",
            "collider2origin": [
                [
                    0.22569707935774025,
                    0.9432330967175615,
                    -0.24366401791398018,
                    1.3314722946065283
                ],
                [
                    0.9703060561934319,
                    -0.23998410109021565,
                    -0.03022893544716889,
                    -0.1582974275284258
                ],
                [
                    -0.08698842269942504,
                    -0.22960608981584027,
                    -0.9693884968554899,
                    -0.6812934232541582
                ],
                [
                    0.0,
                    0.0,
                    0.0,
                    1.0
                ]
            ],
            "size": [
                0.08993,
                0.0305,
                0.09007
            ]
        },
        "distance": 0.0
    },
    {
        "case": 5,
        "collider1": {
            "type": "Box",
            "collider2origin": [
                [
                    1.0,
                    0.0,
                    0.0,
                    1.2009999999999998
                ],
                [
                    0.0,
                    1.0,
                    0.0,
                    0.02914
                ],
                [
                    0.0,
                    0.0,
                    1.0,
                    -1.22801
                ],
                [
                    0.0,
                    0.0,
                    0.0,
                    1.0
                ]
            ],
            "size": [
                0.41,
                0.6,
                0.82
            ]
        },
        "collider2": {
            "type": "Box",
            "collider2origin": [
                [
                    -0.05774028641487813,
                    0.9940438309074399,
                    0.09242792629713396,
                    1.1063460344020373
                ],
                [
                    -0.5266774101990616,
                    -0.1089810177594153,
                    0.8430504393890861,
                    -0.4722717072214794
                ],
                [
                    0.8481019778957817,
                    -1.7270197295606914e-06,
                    0.529833025665898,
                    -0.7585561719573702
                ],
                [
                    0.0,
                    0.0,
                    0.0,
                    1.0
                ]
            ],
            "size": [
                0.1202,
                0.13634,
                0.67816
            ]
        },
        "distance": 0.09355945324817272
    },
    {
        "case": 6,
        "collider1": {
            "type": "Box",
            "collider2origin": [
                [
                    1.0,
                    0.0,
                    0.0,
                    1.23
                ],
                [
                    0.0,
                    1.0,
                    0.0,
                    -0.23086
                ],
                [
                    0.0,
                    0.0,
                    1.0,
                    -0.54301
                ],
                [
                    0.0,
                    0.0,
                    0.0,
                    1.0
                ]
            ],
            "size": [
                0.1,
                0.16,
                0.1
            ]
        },
        "collider2": {
            "type": "Box",
            "collider2origin": [
                [
                    -0.05774028641487813,
                    0.9940438309074399,
                    0.09242792629713396,
                    1.1063460344020373
                ],
                [
                    -0.5266774101990616,
                    -0.1089810177594153,
                    0.8430504393890861,
                    -0.4722717072214794
                ],
                [
                    0.8481019778957817,
                    -1.7270197295606914e-06,
                    0.529833025665898,
                    -0.7585561719573702
                ],
                [
                    0.0,
                    0.0,
                    0.0,
                    1.0
                ]
            ],
            "size": [
                0.1202,
                0.13634,
                0.67816
            ]
        },
        "distance": 0.0
    }
]