[
    {
        "case": 0,
        "collider1": {
            "type": "Box",
            "collider2origin": [
                [
                    1.0,
                    0.0,
                    0.0,
                    -0.06
                ],
                [
                    0.0,
                    1.0,
                    0.0,
                    -0.37086
                ],
                [
                    0.0,
                    0.0,
                    1.0,
                    -0.40301
                ],
                [
                    0.0,
                    0.0,
                    0.0,
                    1.0
                ]
            ],
            "size": [
                0.1,
                1.0,
                1.64
            ]
        },
        "collider2": {
            "type": "Box",
            "collider2origin": [
                [
                    -0.07661659304579874,
                    -0.2844266787741288,
                    -0.9556313944568653,
                    0.32238024053438286
                ],
                [
                    0.022734142108663875,
                    -0.958697796174632,
                    0.2835166562875744,
                    -0.84924460951128
                ],
                [
                    -0.9968014127461081,
                    -3.3796485923228503e-06,
                    0.07991835543816235,
                    0.10139087922907031
                ],
                [
                    0.0,
                    0.0,
                    0.0,
                    1.0
                ]
            ],
            "size": [
                0.1202,
                0.13634,
                0.67816
            ]
        },
        "distance": 0.0
    },
    {
        "case": 1,
        "collider1": {
            "type": "Box",
            "collider2origin": [
                [
                    1.0,
                    0.0,
                    0.0,
                    -0.06
                ],
                [
                    0.0,
                    1.0,
                    0.0,
                    -0.37086
                ],
                [
                    0.0,
                    0.0,
                    1.0,
                    -0.40301
                ],
                [
                    0.0,
                    0.0,
                    0.0,
                    1.0
                ]
            ],
            "size": [
                0.1,
                1.0,
                1.64
            ]
        },
        "collider2": {
            "type": "Box",
            "collider2origin": [
                [
                    0.5859842352903941,
                    -0.2844259556435482,
                    -0.7587650174773388,
                    0.009546595875003727
                ],
                [
                    -0.1738445685005222,
                    -0.9586980107005684,
                    0.2251137274393546,
                    -0.8730090523822538
                ],
                [
                    -0.7914546999001262,
                    -5.91837028125286e-06,
                    -0.6112278282039957,
                    0.12322380177349679
                ],
                [
                    0.0,
                    0.0,
                    0.0,
                    1.0
                ]
            ],
            "size": [
                0.09102,
                0.10007,
                0.11882
            ]
        },
        "distance": 0.0
    },
    {
        "case": 2,
        "collider1": {
            "type": "Box",
            "collider2origin": [
                [
                    1.0,
                    0.0,
                    0.0,
                    -0.06
                ],
                [
                    0.0,
                    1.0,
                    0.0,
                    -0.37086
                ],
                [
                    0.0,
                    0.0,
                    1.0,
                    -0.40301
                ],
                [
                    0.0,
                    0.0,
                    0.0,
                    1.0
                ]
            ],
            "size": [
                0.1,
                1.0,
                1.64
            ]
        },
        "collider2": {
            "type": "Box",
            "collider2origin": [
                [
                    0.9463915545320514,
                    0.16197264372632525,
                    -0.27947788498325205,
                    -0.06511473912991783
                ],
                [
                    0.27970491081115556,
                    -0.8436975396149399,
                    0.4581916897061973,
                    -0.9157871382573977
                ],
                [
                    -0.161580284622012,
                    -0.5118000823876461,
                    -0.8437727699383688,
                    0.013792805719269108
                ],
                [
                    0.0,
                    0.0,
                    0.0,
                    1.0
                ]
            ],
            "size": [
                0.08993,
                0.0305,
                0.09007
            ]
        },
        "distance": 0.0
    },
    {
        "case": 3,
        "collider1": {
            "type": "Box",
            "collider2origin": [
                [
                    1.0,
                    0.0,
                    0.0,
                    -0.06
                ],
                [
                    0.0,
                    1.0,
                    0.0,
                    -0.37086
                ],
                [
                    0.0,
                    0.0,
                    1.0,
                    -0.40301
                ],
                [
                    0.0,
                    0.0,
                    0.0,
                    1.0
                ]
            ],
            "size": [
                0.1,
                1.0,
                1.64
            ]
        },
        "collider2": {
            "type": "Box",
            "collider2origin": [
                [
                    0.6309049700596417,
                    0.16197088320638425,
                    -0.7587650174773388,
                    -0.07405788196529883
                ],
                [
                    0.4873364615063884,
                    -0.8436983957581005,
                    0.2251137274393546,
                    -0.8540416766022092
                ],
                [
                    -0.6037069587477643,
                    -0.5117992282023796,
                    -0.6112278282039957,
                    0.05509206151720658
                ],
                [
                    0.0,
                    0.0,
                    0.0,
                    1.0
                ]
            ],
            "size": [
                0.09126,
                0.11887,
                0.10009
            ]
        },
        "distance": 0.0
    }
]