[
    {
        "case": 0,
        "collider1": {
            "type": "Box",
            "collider2origin": [
                [
                    1.0,
                    0.0,
                    0.0,
                    -0.06
                ],
                [
                    0.0,
                    1.0,
                    0.0,
                    -0.37086
                ],
                [
                    0.0,
                    0.0,
                    1.0,
                    -0.40301
                ],
                [
                    0.0,
                    0.0,
                    0.0,
                    1.0
                ]
            ],
            "size": [
                0.1,
                1.0,
                1.64
            ]
        },
        "collider2": {
            "type": "Box",
            "collider2origin": [
                [
                    0.4835088477236534,
                    -0.12571347032718025,
                    -0.8662651542981756,
                    -0.0787765500319717
                ],
                [
                    0.6856702347251816,
                    0.669569245293201,
                    0.28554046117740867,
                    -0.8156327541878137
                ],
                [
                    0.5441282232937924,
                    -0.7320335710442453,
                    0.40994063897026667,
                    0.019758460859228943
                ],
                [
                    0.0,
                    0.0,
                    0.0,
                    1.0
                ]
            ],
            "size": [
                0.09126,
                0.11887,
                0.10009
            ]
        },
        "distance": 0.0
    },
    {
        "case": 1,
        "collider1": {
            "type": "Box",
            "collider2origin": [
                [
                    1.0,
                    0.0,
                    0.0,
                    -0.06
                ],
                [
                    0.0,
                    1.0,
                    0.0,
                    -0.37086
                ],
                [
                    0.0,
                    0.0,
                    1.0,
                    -0.40301
                ],
                [
                    0.0,
                    0.0,
                    0.0,
                    1.0
                ]
            ],
            "size": [
                0.1,
                1.0,
                1.64
            ]
        },
        "collider2": {
            "type": "Box",
            "collider2origin": [
                [
                    0.8792839063255053,
                    -0.12570860085199068,
                    0.45940957733681903,
                    -0.09100518054266171
                ],
                [
                    -0.2665044342460829,
                    0.6695707430392521,
                    0.6932895546545029,
                    -0.7639243978830859
                ],
                [
                    -0.39475967195767986,
                    -0.7320330373266621,
                    0.5552408789508986,
                    -0.03286258404360254
                ],
                [
                    0.0,
                    0.0,
                    0.0,
                    1.0
                ]
            ],
            "size": [
                0.08993,
                0.0305,
                0.09007
            ]
        },
        "distance": 0.0
    },
    {
        "case": 2,
        "collider1": {
            "type": "Box",
            "collider2origin": [
                [
                    1.0,
                    0.0,
                    0.0,
                    -0.06
                ],
                [
                    0.0,
                    1.0,
                    0.0,
                    -0.37086
                ],
                [
                    0.0,
                    0.0,
                    1.0,
                    -0.40301
                ],
                [
                    0.0,
                    0.0,
                    0.0,
                    1.0
                ]
            ],
            "size": [
                0.1,
                1.0,
                1.64
            ]
        },
        "collider2": {
            "type": "Cylinder",
            "collider2origin": [
                [
                    0.47086539548773304,
                    -0.32049750493901696,
                    0.8219289073028426,
                    -0.11809547033116008
                ],
                [
                    0.7830843017294041,
                    -0.27722262852589324,
                    -0.5567105088088113,
                    -0.6628286107823181
                ],
                [
                    0.40628162119046435,
                    0.9057753383488966,
                    0.12044202224219305,
                    -0.16347973473893518
                ],
                [
                    0.0,
                    0.0,
                    0.0,
                    1.0
                ]
            ],
            "radius": 0.00783,
            "height": 0.03683
        },
        "distance": 0.0
    },
    {
        "case": 3,
        "collider1": {
            "type": "Box",
            "collider2origin": [
                [
                    1.0,
                    0.0,
                    0.0,
                    -0.06
                ],
                [
                    0.0,
                    1.0,
                    0.0,
                    -0.37086
                ],
                [
                    0.0,
                    0.0,
                    1.0,
                    -0.40301
                ],
                [
                    0.0,
                    0.0,
                    0.0,
                    1.0
                ]
            ],
            "size": [
                0.1,
                1.0,
                1.64
            ]
        },
        "collider2": {
            "type": "Cylinder",
            "collider2origin": [
                [
                    0.4594097562604291,
                    -0.4524936265269064,
                    0.7643246651817939,
                    -0.11409778433223705
                ],
                [
                    0.6932877092416352,
                    -0.3552416617150874,
                    -0.6270211431813034,
                    -0.6430783341206892
                ],
                [
                    0.555243035136163,
                    0.817956526799824,
                    0.15050678455920094,
                    -0.1557685424774009
                ],
                [
                    0.0,
                    0.0,
                    0.0,
                    1.0
                ]
            ],
            "radius": 0.00683,
            "height": 0.01183
        },
        "distance": 0.0
    },
    {
        "case": 4,
        "collider1": {
            "type": "Box",
            "collider2origin": [
                [
                    1.0,
                    0.0,
                    0.0,
                    -0.06
                ],
                [
                    0.0,
                    1.0,
                    0.0,
                    -0.37086
                ],
                [
                    0.0,
                    0.0,
                    1.0,
                    -0.40301
                ],
                [
                    0.0,
                    0.0,
                    0.0,
                    1.0
                ]
            ],
            "size": [
                0.1,
                1.0,
                1.64
            ]
        },
        "collider2": {
            "type": "Box",
            "collider2origin": [
                [
                    -0.3893343503477781,
                    -0.3130550208637955,
                    -0.8662651542981756,
                    0.017520853499172873
                ],
                [
                    0.12833585283669505,
                    -0.9497349914093252,
                    0.28554046117740867,
                    -0.844582479836968
                ],
                [
                    -0.9121122039069272,
                    -2.167409056226456e-06,
                    0.40994063897026667,
                    -0.02333212484852787
                ],
                [
                    0.0,
                    0.0,
                    0.0,
                    1.0
                ]
            ],
            "size": [
                0.09102,
                0.10007,
                0.11882
            ]
        },
        "distance": 0.0
    },
    {
        "case": 5,
        "collider1": {
            "type": "Box",
            "collider2origin": [
                [
                    1.0,
                    0.0,
                    0.0,
                    -0.06
                ],
                [
                    0.0,
                    1.0,
                    0.0,
                    -0.37086
                ],
                [
                    0.0,
                    0.0,
                    1.0,
                    -0.40301
                ],
                [
                    0.0,
                    0.0,
                    0.0,
                    1.0
                ]
            ],
            "size": [
                0.1,
                1.0,
                1.64
            ]
        },
        "collider2": {
            "type": "Cylinder",
            "collider2origin": [
                [
                    0.012586714587296708,
                    -0.8950153676255251,
                    0.4458576749704378,
                    -0.12410678682148579
                ],
                [
                    0.3930038680664227,
                    -0.4055810846041508,
                    -0.8252587130689079,
                    -0.6401330933124485
                ],
                [
                    0.9194506698571313,
                    0.18561108675256194,
                    0.3466395681018042,
                    -0.09665945166706491
                ],
                [
                    0.0,
                    0.0,
                    0.0,
                    1.0
                ]
            ],
            "radius": 0.01271,
            "height": 0.05982
        },
        "distance": 0.0
    },
    {
        "case": 6,
        "collider1": {
            "type": "Box",
            "collider2origin": [
                [
                    1.0,
                    0.0,
                    0.0,
                    -0.06
                ],
                [
                    0.0,
                    1.0,
                    0.0,
                    -0.37086
                ],
                [
                    0.0,
                    0.0,
                    1.0,
                    -0.40301
                ],
                [
                    0.0,
                    0.0,
                    0.0,
                    1.0
                ]
            ],
            "size": [
                0.1,
                1.0,
                1.64
            ]
        },
        "collider2": {
            "type": "Cylinder",
            "collider2origin": [
                [
                    0.4610851106780207,
                    -0.6601879835399841,
                    0.5929184995431049,
                    -0.12460823991011982
                ],
                [
                    0.8531764830360817,
                    0.14616785045353484,
                    -0.5007243236432352,
                    -0.6689714500044512
                ],
                [
                    0.2439065589630992,
                    0.7367406503534352,
                    0.6306526814432627,
                    -0.20601845470368163
                ],
                [
                    0.0,
                    0.0,
                    0.0,
                    1.0
                ]
            ],
            "radius": 0.0076,
            "height": 0.02993
        },
        "distance": 0.0
    },
    {
        "case": 7,
        "collider1": {
            "type": "Box",
            "collider2origin": [
                [
                    1.0,
                    0.0,
                    0.0,
                    -0.06
                ],
                [
                    0.0,
                    1.0,
                    0.0,
                    -0.37086
                ],
                [
                    0.0,
                    0.0,
                    1.0,
                    -0.40301
                ],
                [
                    0.0,
                    0.0,
                    0.0,
                    1.0
                ]
            ],
            "size": [
                0.1,
                1.0,
                1.64
            ]
        },
        "collider2": {
            "type": "Cylinder",
            "collider2origin": [
                [
                    0.3695654850042297,
                    -0.4024708850571649,
                    0.8375192767780875,
                    -0.11078795619534376
                ],
                [
                    0.6618145662825714,
                    -0.5186684786508254,
                    -0.541280416337271,
                    -0.6306202498476536
                ],
                [
                    0.6522444573546023,
                    0.7543210165011581,
                    0.07467912636647188,
                    -0.13748577897526837
                ],
                [
                    0.0,
                    0.0,
                    0.0,
                    1.0
                ]
            ],
            "radius": 0.00713,
            "height": 0.01426
        },
        "distance": 0.0
    },
    {
        "case": 8,
        "collider1": {
            "type": "Box",
            "collider2origin": [
                [
                    1.0,
                    0.0,
                    0.0,
                    -0.06
                ],
                [
                    0.0,
                    1.0,
                    0.0,
                    -0.37086
                ],
                [
                    0.0,
                    0.0,
                    1.0,
                    -0.40301
                ],
                [
                    0.0,
                    0.0,
                    0.0,
                    1.0
                ]
            ],
            "size": [
                0.1,
                1.0,
                1.64
            ]
        },
        "collider2": {
            "type": "Box",
            "collider2origin": [
                [
                    0.16705135344611072,
                    -0.31305527307626735,
                    -0.9349279337526323,
                    0.3275765657265136
                ],
                [
                    -0.055059632604296145,
                    -0.9497349082667685,
                    0.30817534112416023,
                    -0.8291083857535202
                ],
                [
                    -0.9844096109695915,
                    -4.319289594174366e-06,
                    -0.17589121016139841,
                    0.02683848429146196
                ],
                [
                    0.0,
                    0.0,
                    0.0,
                    1.0
                ]
            ],
            "size": [
                0.1202,
                0.13634,
                0.67816
            ]
        },
        "distance": 0.0
    },
    {
        "case": 9,
        "collider1": {
            "type": "Box",
            "collider2origin": [
                [
                    1.0,
                    0.0,
                    0.0,
                    -0.06
                ],
                [
                    0.0,
                    1.0,
                    0.0,
                    -0.37086
                ],
                [
                    0.0,
                    0.0,
                    1.0,
                    -0.40301
                ],
                [
                    0.0,
                    0.0,
                    0.0,
                    1.0
                ]
            ],
            "size": [
                0.1,
                1.0,
                1.64
            ]
        },
        "collider2": {
            "type": "Box",
            "collider2origin": [
                [
                    0.28017225424498077,
                    0.08204493380117747,
                    -0.9564372100607784,
                    -0.09635775360654164
                ],
                [
                    0.7929333246112253,
                    0.5418054775396562,
                    0.2787535959032882,
                    -0.7092429206393538
                ],
                [
                    0.5410732396564024,
                    -0.836489960098497,
                    0.08674269987808815,
                    -0.0961164735371196
                ],
                [
                    0.0,
                    0.0,
                    0.0,
                    1.0
                ]
            ],
            "size": [
                0.06241,
                0.05638,
                0.02858
            ]
        },
        "distance": 0.0
    },
    {
        "case": 10,
        "collider1": {
            "type": "Box",
            "collider2origin": [
                [
                    1.0,
                    0.0,
                    0.0,
                    -0.06
                ],
                [
                    0.0,
                    1.0,
                    0.0,
                    -0.37086
                ],
                [
                    0.0,
                    0.0,
                    1.0,
                    -0.40301
                ],
                [
                    0.0,
                    0.0,
                    0.0,
                    1.0
                ]
            ],
            "size": [
                0.1,
                1.0,
                1.64
            ]
        },
        "collider2": {
            "type": "Cylinder",
            "collider2origin": [
                [
                    0.46737464545700314,
                    -0.8351743235511432,
                    0.2899047948289762,
                    -0.11262978212501706
                ],
                [
                    0.8503668266837989,
                    0.3350354548492134,
                    -0.40574315036696074,
                    -0.6813721879655164
                ],
                [
                    0.24173787634474234,
                    0.4361594814685002,
                    0.866791616171651,
                    -0.18649379216853146
                ],
                [
                    0.0,
                    0.0,
                    0.0,
                    1.0
                ]
            ],
            "radius": 0.00783,
            "height": 0.03044
        },
        "distance": 0.0
    },
    {
        "case": 11,
        "collider1": {
            "type": "Box",
            "collider2origin": [
                [
                    1.0,
                    0.0,
                    0.0,
                    -0.06
                ],
                [
                    0.0,
                    1.0,
                    0.0,
                    -0.37086
                ],
                [
                    0.0,
                    0.0,
                    1.0,
                    -0.40301
                ],
                [
                    0.0,
                    0.0,
                    0.0,
                    1.0
                ]
            ],
            "size": [
                0.1,
                1.0,
                1.64
            ]
        },
        "collider2": {
            "type": "Box",
            "collider2origin": [
                [
                    0.47436417273887277,
                    0.08205017175670579,
                    -0.8764966633915157,
                    -0.08933704165278522
                ],
                [
                    0.7169185372412245,
                    0.5418057459370342,
                    0.4387189813873077,
                    -0.6812331147994843
                ],
                [
                    0.5108878962959177,
                    -0.8364892724860903,
                    0.1981899453403801,
                    -0.1385022739952353
                ],
                [
                    0.0,
                    0.0,
                    0.0,
                    1.0
                ]
            ],
            "size": [
                0.07264,
                0.04753,
                0.03326
            ]
        },
        "distance": 0.0
    },
    {
        "case": 12,
        "collider1": {
            "type": "Box",
            "collider2origin": [
                [
                    1.0,
                    0.0,
                    0.0,
                    -0.06
                ],
                [
                    0.0,
                    1.0,
                    0.0,
                    -0.37086
                ],
                [
                    0.0,
                    0.0,
                    1.0,
                    -0.40301
                ],
                [
                    0.0,
                    0.0,
                    0.0,
                    1.0
                ]
            ],
            "size": [
                0.1,
                1.0,
                1.64
            ]
        },
        "collider2": {
            "type": "Cylinder",
            "collider2origin": [
                [
                    0.4594097562604291,
                    -0.4524936265269064,
                    0.7643246651817939,
                    -0.1016263467859726
                ],
                [
                    0.6932877092416352,
                    -0.3552416617150874,
                    -0.6270211431813034,
                    -0.6533131710793013
                ],
                [
                    0.555243035136163,
                    0.817956526799824,
                    0.15050678455920094,
                    -0.1533080226217085
                ],
                [
                    0.0,
                    0.0,
                    0.0,
                    1.0
                ]
            ],
            "radius": 0.00683,
            "height": 0.01782
        },
        "distance": 0.0
    },
    {
        "case": 13,
        "collider1": {
            "type": "Box",
            "collider2origin": [
                [
                    1.0,
                    0.0,
                    0.0,
                    -0.06
                ],
                [
                    0.0,
                    1.0,
                    0.0,
                    -0.37086
                ],
                [
                    0.0,
                    0.0,
                    1.0,
                    -0.40301
                ],
                [
                    0.0,
                    0.0,
                    0.0,
                    1.0
                ]
            ],
            "size": [
                0.1,
                1.0,
                1.64
            ]
        },
        "collider2": {
            "type": "Cylinder",
            "collider2origin": [
                [
                    0.39623845217781495,
                    -0.3857141571544231,
                    0.8331984625444179,
                    -0.09776136100124755
                ],
                [
                    0.663499367943968,
                    -0.5069691466025205,
                    -0.5502280192166399,
                    -0.6389034597813029
                ],
                [
                    0.6346366501815698,
                    0.7708481519493735,
                    0.055040429527309837,
                    -0.1362535410187451
                ],
                [
                    0.0,
                    0.0,
                    0.0,
                    1.0
                ]
            ],
            "radius": 0.00713,
            "height": 0.01697
        },
        "distance": 0.0
    }
]