[
    {
        "case": 0,
        "collider1": {
            "type": "Box",
            "collider2origin": [
                [
                    0.9999999999999999,
                    0.0,
                    6.177235058912196e-23,
                    0.2860000183661401
                ],
                [
                    0.0,
                    1.0,
                    0.0,
                    -0.10086
                ],
                [
                    6.177235058912196e-23,
                    0.0,
                    0.9999999999999999,
                    -0.626009937555547
                ],
                [
                    0.0,
                    0.0,
                    0.0,
                    1.0
                ]
            ],
            "size": [
                0.04,
                0.234,
                0.044
            ]
        },
        "collider2": {
            "type": "Box",
            "collider2origin": [
                [
                    0.10938803414541429,
                    0.7333109319941055,
                    -0.6710360161747937,
                    0.44948233687845374
                ],
                [
                    -0.11797790002421778,
                    0.6798934306260328,
                    0.7237583423335717,
                    -0.3353322318136802
                ],
                [
                    0.9869728836658468,
                    -3.082235293972498e-06,
                    0.1608866896260298,
                    -0.507584196892667
                ],
                [
                    0.0,
                    0.0,
                    0.0,
                    1.0
                ]
            ],
            "size": [
                0.1202,
                0.13634,
                0.67816
            ]
        },
        "distance": 0.06462396729888208
    },
    {
        "case": 1,
        "collider1": {
            "type": "Box",
            "collider2origin": [
                [
                    0.9999999999999999,
                    0.0,
                    6.177235058912196e-23,
                    0.3420001028494408
                ],
                [
                    0.0,
                    1.0,
                    0.0,
                    -0.0028599999999999737
                ],
                [
                    6.177235058912196e-23,
                    0.0,
                    0.9999999999999999,
                    -0.6330101644495814
                ],
                [
                    0.0,
                    0.0,
                    0.0,
                    1.0
                ]
            ],
            "size": [
                0.03,
                0.09,
                0.06
            ]
        },
        "collider2": {
            "type": "Box",
            "collider2origin": [
                [
                    0.10938803414541429,
                    0.7333109319941055,
                    -0.6710360161747937,
                    0.44948233687845374
                ],
                [
                    -0.11797790002421778,
                    0.6798934306260328,
                    0.7237583423335717,
                    -0.3353322318136802
                ],
                [
                    0.9869728836658468,
                    -3.082235293972498e-06,
                    0.1608866896260298,
                    -0.507584196892667
                ],
                [
                    0.0,
                    0.0,
                    0.0,
                    1.0
                ]
            ],
            "size": [
                0.1202,
                0.13634,
                0.67816
            ]
        },
        "distance": 0.08960385411774194
    },
    {
        "case": 2,
        "collider1": {
            "type": "Box",
            "collider2origin": [
                [
                    1.0,
                    0.0,
                    0.0,
                    0.205
                ],
                [
                    0.0,
                    1.0,
                    0.0,
                    -0.17586
                ],
                [
                    0.0,
                    0.0,
                    1.0,
                    -0.10301
                ],
                [
                    0.0,
                    0.0,
                    0.0,
                    1.0
                ]
            ],
            "size": [
                0.05,
                0.05,
                1.2
            ]
        },
        "collider2": {
            "type": "Box",
            "collider2origin": [
                [
                    0.10938803414541429,
                    0.7333109319941055,
                    -0.6710360161747937,
                    0.44948233687845374
                ],
                [
                    -0.11797790002421778,
                    0.6798934306260328,
                    0.7237583423335717,
                    -0.3353322318136802
                ],
                [
                    0.9869728836658468,
                    -3.082235293972498e-06,
                    0.1608866896260298,
                    -0.507584196892667
                ],
                [
                    0.0,
                    0.0,
                    0.0,
                    1.0
                ]
            ],
            "size": [
                0.1202,
                0.13634,
                0.67816
            ]
        },
        "distance": 0.0
    },
    {
        "case": 3,
        "collider1": {
            "type": "Cylinder",
            "collider2origin": [
                [
                    0.9999999999999999,
                    0.0,
                    6.177235058912196e-23,
                    0.2850002314120429
                ],
                [
                    0.0,
                    1.0,
                    0.0,
                    -0.0028599999999999737
                ],
                [
                    6.177235058912196e-23,
                    0.0,
                    0.9999999999999999,
                    -0.5680099338827331
                ],
                [
                    0.0,
                    0.0,
                    0.0,
                    1.0
                ]
            ],
            "radius": 0.015,
            "height": 0.14
        },
        "collider2": {
            "type": "Box",
            "collider2origin": [
                [
                    0.4998799917159294,
                    0.7333150895888015,
                    0.46083508250072536,
                    0.3366574733873122
                ],
                [
                    -0.5391618764461741,
                    0.6798889463584639,
                    -0.4970467700394184,
                    -0.04926250983380165
                ],
                [
                    -0.6778085753877143,
                    -9.725235846198752e-07,
                    0.7352384206024133,
                    -0.45851019828333217
                ],
                [
                    0.0,
                    0.0,
                    0.0,
                    1.0
                ]
            ],
            "size": [
                0.09102,
                0.10007,
                0.11882
            ]
        },
        "distance": 0.0063342815875369485
    }
]