[
    {
        "case": 0,
        "collider1": {
            "type": "Box",
            "collider2origin": [
                [
                    1.0,
                    0.0,
                    0.0,
                    1.2009999999999998
                ],
                [
                    0.0,
                    1.0,
                    0.0,
                    0.02914
                ],
                [
                    0.0,
                    0.0,
                    1.0,
                    -1.22801
                ],
                [
                    0.0,
                    0.0,
                    0.0,
                    1.0
                ]
            ],
            "size": [
                0.41,
                0.6,
                0.82
            ]
        },
        "collider2": {
            "type": "Box",
            "collider2origin": [
                [
                    0.5046098244774578,
                    0.8351533091298099,
                    0.21883298492310724,
                    1.4377960607389297
                ],
                [
                    0.7662010235437625,
                    -0.5500172271846779,
                    0.3322905977011215,
                    -0.42287878805028745
                ],
                [
                    0.397875503846768,
                    -7.043148250976447e-06,
                    -0.9174394167404593,
                    -0.6003547295081127
                ],
                [
                    0.0,
                    0.0,
                    0.0,
                    1.0
                ]
            ],
            "size": [
                0.1202,
                0.13634,
                0.67816
            ]
        },
        "distance": 0.04199526890179085
    },
    {
        "case": 1,
        "collider1": {
            "type": "Box",
            "collider2origin": [
                [
                    1.0,
                    0.0,
                    0.0,
                    1.23
                ],
                [
                    0.0,
                    1.0,
                    0.0,
                    -0.23086
                ],
                [
                    0.0,
                    0.0,
                    1.0,
                    -0.54301
                ],
                [
                    0.0,
                    0.0,
                    0.0,
                    1.0
                ]
            ],
            "size": [
                0.1,
                0.16,
                0.1
            ]
        },
        "collider2": {
            "type": "Box",
            "collider2origin": [
                [
                    0.5046098244774578,
                    0.8351533091298099,
                    0.21883298492310724,
                    1.4377960607389297
                ],
                [
                    0.7662010235437625,
                    -0.5500172271846779,
                    0.3322905977011215,
                    -0.42287878805028745
                ],
                [
                    0.397875503846768,
                    -7.043148250976447e-06,
                    -0.9174394167404593,
                    -0.6003547295081127
                ],
                [
                    0.0,
                    0.0,
                    0.0,
                    1.0
                ]
            ],
            "size": [
                0.1202,
                0.13634,
                0.67816
            ]
        },
        "distance": 0.12522621721979166
    },
    {
        "case": 2,
        "collider1": {
            "type": "Box",
            "collider2origin": [
                [
                    1.0,
                    0.0,
                    0.0,
                    1.28
                ],
                [
                    0.0,
                    1.0,
                    0.0,
                    -0.23086
                ],
                [
                    0.0,
                    0.0,
                    1.0,
                    -0.67301
                ],
                [
                    0.0,
                    0.0,
                    0.0,
                    1.0
                ]
            ],
            "size": [
                0.06,
                0.06,
                0.33
            ]
        },
        "collider2": {
            "type": "Box",
            "collider2origin": [
                [
                    0.5046098244774578,
                    0.8351533091298099,
                    0.21883298492310724,
                    1.4377960607389297
                ],
                [
                    0.7662010235437625,
                    -0.5500172271846779,
                    0.3322905977011215,
                    -0.42287878805028745
                ],
                [
                    0.397875503846768,
                    -7.043148250976447e-06,
                    -0.9174394167404593,
                    -0.6003547295081127
                ],
                [
                    0.0,
                    0.0,
                    0.0,
                    1.0
                ]
            ],
            "size": [
                0.1202,
                0.13634,
                0.67816
            ]
        },
        "distance": 0.1276707537338099
    }
]