[
    {
        "case": 0,
        "collider1": {
            "type": "Box",
            "collider2origin": [
                [
                    1.0,
                    0.0,
                    0.0,
                    0.5199999999999999
                ],
                [
                    0.0,
                    1.0,
                    0.0,
                    -0.43085999999999997
                ],
                [
                    0.0,
                    0.0,
                    1.0,
                    -0.80301
                ],
                [
                    0.0,
                    0.0,
                    0.0,
                    1.0
                ]
            ],
            "size": [
                0.2,
                0.08,
                0.04
            ]
        },
        "collider2": {
            "type": "Box",
            "collider2origin": [
                [
                    -0.5799698195796893,
                    0.6912232704991053,
                    -0.43109789920298086,
                    0.5184999988154126
                ],
                [
                    0.5547601662529634,
                    0.7226412597386618,
                    0.4123478721447515,
                    -0.4727346197292025
                ],
                [
                    0.5965535737179746,
                    -6.6212212886184e-06,
                    -0.8025732574914718,
                    -0.8758099072026863
                ],
                [
                    0.0,
                    0.0,
                    0.0,
                    1.0
                ]
            ],
            "size": [
                0.1202,
                0.13634,
                0.67816
            ]
        },
        "distance": 0.0
    },
    {
        "case": 1,
        "collider1": {
            "type": "Cylinder",
            "collider2origin": [
                [
                    1.0,
                    0.0,
                    0.0,
                    0.4849999999999999
                ],
                [
                    0.0,
                    -3.673205103346574e-06,
                    -0.9999999999932537,
                    -0.46086
                ],
                [
                    0.0,
                    0.9999999999932537,
                    -3.673205103346574e-06,
                    -0.70001
                ],
                [
                    0.0,
                    0.0,
                    0.0,
                    1.0
                ]
            ],
            "radius": 0.026,
            "height": 0.272
        },
        "collider2": {
            "type": "Box",
            "collider2origin": [
                [
                    -0.5799698195796893,
                    0.6912232704991053,
                    -0.43109789920298086,
                    0.5184999988154126
                ],
                [
                    0.5547601662529634,
                    0.7226412597386618,
                    0.4123478721447515,
                    -0.4727346197292025
                ],
                [
                    0.5965535737179746,
                    -6.6212212886184e-06,
                    -0.8025732574914718,
                    -0.8758099072026863
                ],
                [
                    0.0,
                    0.0,
                    0.0,
                    1.0
                ]
            ],
            "size": [
                0.1202,
                0.13634,
                0.67816
            ]
        },
        "distance": 0.0
    },
    {
        "case": 2,
        "collider1": {
            "type": "Box",
            "collider2origin": [
                [
                    1.0,
                    0.0,
                    0.0,
                    0.246
                ],
                [
                    0.0,
                    1.0,
                    0.0,
                    -0.24786000000000002
                ],
                [
                    0.0,
                    0.0,
                    1.0,
                    -0.71801
                ],
                [
                    0.0,
                    0.0,
                    0.0,
                    1.0
                ]
            ],
            "size": [
                0.12,
                0.16,
                0.08
            ]
        },
        "collider2": {
            "type": "Box",
            "collider2origin": [
                [
                    -0.5799698195796893,
                    0.6912232704991053,
                    -0.43109789920298086,
                    0.5184999988154126
                ],
                [
                    0.5547601662529634,
                    0.7226412597386618,
                    0.4123478721447515,
                    -0.4727346197292025
                ],
                [
                    0.5965535737179746,
                    -6.6212212886184e-06,
                    -0.8025732574914718,
                    -0.8758099072026863
                ],
                [
                    0.0,
                    0.0,
                    0.0,
                    1.0
                ]
            ],
            "size": [
                0.1202,
                0.13634,
                0.67816
            ]
        },
        "distance": 0.2137882097258745
    },
    {
        "case": 3,
        "collider1": {
            "type": "Box",
            "collider2origin": [
                [
                    1.0,
                    0.0,
                    0.0,
                    -0.26
                ],
                [
                    0.0,
                    1.0,
                    0.0,
                    -0.4608599999999999
                ],
                [
                    0.0,
                    0.0,
                    1.0,
                    -1.143
                ],
                [
                    0.0,
                    0.0,
                    0.0,
                    1.0
                ]
            ],
            "size": [
                1.48,
                0.272,
                0.945
            ]
        },
        "collider2": {
            "type": "Box",
            "collider2origin": [
                [
                    -0.5799698195796893,
                    0.6912232704991053,
                    -0.43109789920298086,
                    0.5184999988154126
                ],
                [
                    0.5547601662529634,
                    0.7226412597386618,
                    0.4123478721447515,
                    -0.4727346197292025
                ],
                [
                    0.5965535737179746,
                    -6.6212212886184e-06,
                    -0.8025732574914718,
                    -0.8758099072026863
                ],
                [
                    0.0,
                    0.0,
                    0.0,
                    1.0
                ]
            ],
            "size": [
                0.1202,
                0.13634,
                0.67816
            ]
        },
        "distance": 0.0
    },
    {
        "case": 4,
        "collider1": {
            "type": "Box",
            "collider2origin": [
                [
                    1.0,
                    0.0,
                    0.0,
                    0.5199999999999999
                ],
                [
                    0.0,
                    1.0,
                    0.0,
                    -0.43085999999999997
                ],
                [
                    0.0,
                    0.0,
                    1.0,
                    -0.80301
                ],
                [
                    0.0,
                    0.0,
                    0.0,
                    1.0
                ]
            ],
            "size": [
                0.2,
                0.08,
                0.04
            ]
        },
        "collider2": {
            "type": "Cylinder",
            "collider2origin": [
                [
                    0.2999363335925499,
                    -0.6103994541124639,
                    0.7331102933462768,
                    0.5120569904347075
                ],
                [
                    -0.7133703695979543,
                    0.36670536727066716,
                    0.5971849708378155,
                    -0.3805643489951027
                ],
                [
                    -0.6333568595750235,
                    -0.7020966315501664,
                    -0.3254526208147247,
                    -0.834025116341995
                ],
                [
                    0.0,
                    0.0,
                    0.0,
                    1.0
                ]
            ],
            "radius": 0.0076,
            "height": 0.02993
        },
        "distance": 0.0
    },
    {
        "case": 5,
        "collider1": {
            "type": "Box",
            "collider2origin": [
                [
                    1.0,
                    0.0,
                    0.0,
                    -0.26
                ],
                [
                    0.0,
                    1.0,
                    0.0,
                    -0.4608599999999999
                ],
                [
                    0.0,
                    0.0,
                    1.0,
                    -1.143
                ],
                [
                    0.0,
                    0.0,
                    0.0,
                    1.0
                ]
            ],
            "size": [
                1.48,
                0.272,
                0.945
            ]
        },
        "collider2": {
            "type": "Sphere",
            "collider2origin": [
                [
                    1.0,
                    0.0,
                    0.0,
                    0.48372811389913306
                ],
                [
                    0.0,
                    1.0,
                    0.0,
                    -0.36399664072048377
                ],
                [
                    0.0,
                    0.0,
                    1.0,
                    -0.8357045000943814
                ],
                [
                    0.0,
                    0.0,
                    0.0,
                    1.0
                ]
            ],
            "radius": 0.00484
        },
        "distance": 0.0
    },
    {
        "case": 6,
        "collider1": {
            "type": "Box",
            "collider2origin": [
                [
                    1.0,
                    0.0,
                    0.0,
                    -0.26
                ],
                [
                    0.0,
                    1.0,
                    0.0,
                    -0.4608599999999999
                ],
                [
                    0.0,
                    0.0,
                    1.0,
                    -1.143
                ],
                [
                    0.0,
                    0.0,
                    0.0,
                    1.0
                ]
            ],
            "size": [
                1.48,
                0.272,
                0.945
            ]
        },
        "collider2": {
            "type": "Cylinder",
            "collider2origin": [
                [
                    -0.4282793510919395,
                    -0.8505033696187684,
                    -0.30532084058476533,
                    0.4973646735842123
                ],
                [
                    -0.8137900027244539,
                    0.21612600830187803,
                    0.5394769503891983,
                    -0.378611076516741
                ],
                [
                    -0.3928391896107111,
                    0.4795138859330531,
                    -0.7846934460688341,
                    -0.891231959583487
                ],
                [
                    0.0,
                    0.0,
                    0.0,
                    1.0
                ]
            ],
            "radius": 0.01271,
            "height": 0.05982
        },
        "distance": 0.0
    },
    {
        "case": 7,
        "collider1": {
            "type": "Box",
            "collider2origin": [
                [
                    1.0,
                    0.0,
                    0.0,
                    -0.26
                ],
                [
                    0.0,
                    1.0,
                    0.0,
                    -0.4608599999999999
                ],
                [
                    0.0,
                    0.0,
                    1.0,
                    -1.143
                ],
                [
                    0.0,
                    0.0,
                    0.0,
                    1.0
                ]
            ],
            "size": [
                1.48,
                0.272,
                0.945
            ]
        },
        "collider2": {
            "type": "Cylinder",
            "collider2origin": [
                [
                    0.4030004525393605,
                    -0.4295954715540897,
                    0.8081078925943548,
                    0.4963105523402459
                ],
                [
                    -0.7823037402136312,
                    0.2965466698713386,
                    0.5477781764875101,
                    -0.3572199562566626
                ],
                [
                    -0.47496472848079285,
                    -0.8529406798883717,
                    -0.21656570201841321,
                    -0.8381681337021669
                ],
                [
                    0.0,
                    0.0,
                    0.0,
                    1.0
                ]
            ],
            "radius": 0.0076,
            "height": 0.02993
        },
        "distance": 0.0
    },
    {
        "case": 8,
        "collider1": {
            "type": "Box",
            "collider2origin": [
                [
                    1.0,
                    0.0,
                    0.0,
                    0.5199999999999999
                ],
                [
                    0.0,
                    1.0,
                    0.0,
                    -0.43085999999999997
                ],
                [
                    0.0,
                    0.0,
                    1.0,
                    -0.80301
                ],
                [
                    0.0,
                    0.0,
                    0.0,
                    1.0
                ]
            ],
            "size": [
                0.2,
                0.08,
                0.04
            ]
        },
        "collider2": {
            "type": "Sphere",
            "collider2origin": [
                [
                    1.0,
                    0.0,
                    0.0,
                    0.5451053093084779
                ],
                [
                    0.0,
                    1.0,
                    0.0,
                    -0.41203386848172274
                ],
                [
                    0.0,
                    0.0,
                    1.0,
                    -0.828152996881149
                ],
                [
                    0.0,
                    0.0,
                    0.0,
                    1.0
                ]
            ],
            "radius": 0.00563
        },
        "distance": 0.0
    },
    {
        "case": 9,
        "collider1": {
            "type": "Box",
            "collider2origin": [
                [
                    1.0,
                    0.0,
                    0.0,
                    0.5199999999999999
                ],
                [
                    0.0,
                    1.0,
                    0.0,
                    -0.43085999999999997
                ],
                [
                    0.0,
                    0.0,
                    1.0,
                    -0.80301
                ],
                [
                    0.0,
                    0.0,
                    0.0,
                    1.0
                ]
            ],
            "size": [
                0.2,
                0.08,
                0.04
            ]
        },
        "collider2": {
            "type": "Cylinder",
            "collider2origin": [
                [
                    0.1941717236747275,
                    -0.9473940682868988,
                    0.25444414141414895,
                    0.552134706864363
                ],
                [
                    -0.641307067060218,
                    0.07368112608557464,
                    0.7637383959166788,
                    -0.39641198686688506
                ],
                [
                    -0.7423089568796845,
                    -0.31147322683267653,
                    -0.5932637200289882,
                    -0.8398105002507954
                ],
                [
                    0.0,
                    0.0,
                    0.0,
                    1.0
                ]
            ],
            "radius": 0.00813,
            "height": 0.03824
        },
        "distance": 0.0
    },
    {
        "case": 10,
        "collider1": {
            "type": "Box",
            "collider2origin": [
                [
                    1.0,
                    0.0,
                    0.0,
                    -0.26
                ],
                [
                    0.0,
                    1.0,
                    0.0,
                    -0.4608599999999999
                ],
                [
                    0.0,
                    0.0,
                    1.0,
                    -1.143
                ],
                [
                    0.0,
                    0.0,
                    0.0,
                    1.0
                ]
            ],
            "size": [
                1.48,
                0.272,
                0.945
            ]
        },
        "collider2": {
            "type": "Cylinder",
            "collider2origin": [
                [
                    -0.45580537302778584,
                    -0.8026335016464603,
                    -0.38473487488625513,
                    0.5012342802629282
                ],
                [
                    -0.8197958181359546,
                    0.21021873740804187,
                    0.5326752284547961,
                    -0.38508391415872345
                ],
                [
                    -0.3466645042195718,
                    0.5582002727313112,
                    -0.7538144181672884,
                    -0.8784616574330846
                ],
                [
                    0.0,
                    0.0,
                    0.0,
                    1.0
                ]
            ],
            "radius": 0.01169,
            "height": 0.05502
        },
        "distance": 0.0
    },
    {
        "case": 11,
        "collider1": {
            "type": "Box",
            "collider2origin": [
                [
                    1.0,
                    0.0,
                    0.0,
                    0.7
                ],
                [
                    0.0,
                    1.0,
                    0.0,
                    -0.15085999999999994
                ],
                [
                    0.0,
                    0.0,
                    1.0,
                    -1.03301
                ],
                [
                    0.0,
                    0.0,
                    0.0,
                    1.0
                ]
            ],
            "size": [
                0.6,
                0.06,
                0.06
            ]
        },
        "collider2": {
            "type": "Box",
            "collider2origin": [
                [
                    -0.7559747823786609,
                    0.4536512717916629,
                    -0.4719138184132173,
                    0.4207364461157641
                ],
                [
                    -0.6491707162676607,
                    -0.6122236600628616,
                    0.45139735400173325,
                    -0.21951276020211208
                ],
                [
                    -0.08413982141690275,
                    0.6475976479736786,
                    0.757322769227818,
                    -1.023877778614487
                ],
                [
                    0.0,
                    0.0,
                    0.0,
                    1.0
                ]
            ],
            "size": [
                0.09126,
                0.11887,
                0.10009
            ]
        },
        "distance": 0.0
    },
    {
        "case": 12,
        "collider1": {
            "type": "Box",
            "collider2origin": [
                [
                    1.0,
                    0.0,
                    0.0,
                    -0.08499999999999996
                ],
                [
                    0.0,
                    1.0,
                    0.0,
                    0.42914
                ],
                [
                    0.0,
                    0.0,
                    1.0,
                    -1.2880099999999999
                ],
                [
                    0.0,
                    0.0,
                    0.0,
                    1.0
                ]
            ],
            "size": [
                1.02,
                1.22,
                0.75
            ]
        },
        "collider2": {
            "type": "Box",
            "collider2origin": [
                [
                    -0.7559747823786609,
                    0.4536512717916629,
                    -0.4719138184132173,
                    0.4207364461157641
                ],
                [
                    -0.6491707162676607,
                    -0.6122236600628616,
                    0.45139735400173325,
                    -0.21951276020211208
                ],
                [
                    -0.08413982141690275,
                    0.6475976479736786,
                    0.757322769227818,
                    -1.023877778614487
                ],
                [
                    0.0,
                    0.0,
                    0.0,
                    1.0
                ]
            ],
            "size": [
                0.09126,
                0.11887,
                0.10009
            ]
        },
        "distance": 0.0
    },
    {
        "case": 13,
        "collider1": {
            "type": "Box",
            "collider2origin": [
                [
                    1.0,
                    0.0,
                    0.0,
                    -0.08500000000000019
                ],
                [
                    0.0,
                    1.0,
                    0.0,
                    -0.03585999999999995
                ],
                [
                    0.0,
                    0.0,
                    1.0,
                    -0.81301
                ],
                [
                    0.0,
                    0.0,
                    0.0,
                    1.0
                ]
            ],
            "size": [
                1.01,
                0.28,
                0.27
            ]
        },
        "collider2": {
            "type": "Box",
            "collider2origin": [
                [
                    -0.7559747823786609,
                    0.4536512717916629,
                    -0.4719138184132173,
                    0.4207364461157641
                ],
                [
                    -0.6491707162676607,
                    -0.6122236600628616,
                    0.45139735400173325,
                    -0.21951276020211208
                ],
                [
                    -0.08413982141690275,
                    0.6475976479736786,
                    0.757322769227818,
                    -1.023877778614487
                ],
                [
                    0.0,
                    0.0,
                    0.0,
                    1.0
                ]
            ],
            "size": [
                0.09126,
                0.11887,
                0.10009
            ]
        },
        "distance": 0.02746367574413784
    },
    {
        "case": 14,
        "collider1": {
            "type": "Box",
            "collider2origin": [
                [
                    1.0,
                    0.0,
                    0.0,
                    -0.26
                ],
                [
                    0.0,
                    1.0,
                    0.0,
                    -0.4608599999999999
                ],
                [
                    0.0,
                    0.0,
                    1.0,
                    -1.143
                ],
                [
                    0.0,
                    0.0,
                    0.0,
                    1.0
                ]
            ],
            "size": [
                1.48,
                0.272,
                0.945
            ]
        },
        "collider2": {
            "type": "Box",
            "collider2origin": [
                [
                    0.07995612546968123,
                    0.6521220729678074,
                    -0.753885813600472,
                    0.49599951682645416
                ],
                [
                    -0.7713332408993961,
                    -0.43858083196361886,
                    -0.46118530475041525,
                    -0.3128752163414342
                ],
                [
                    -0.6313889842905958,
                    0.6183717779639277,
                    0.46793620797521107,
                    -0.9204678698577132
                ],
                [
                    0.0,
                    0.0,
                    0.0,
                    1.0
                ]
            ],
            "size": [
                0.06241,
                0.05638,
                0.02858
            ]
        },
        "distance": 0.0
    },
    {
        "case": 15,
        "collider1": {
            "type": "Box",
            "collider2origin": [
                [
                    1.0,
                    0.0,
                    0.0,
                    -0.26
                ],
                [
                    0.0,
                    1.0,
                    0.0,
                    -0.4608599999999999
                ],
                [
                    0.0,
                    0.0,
                    1.0,
                    -1.143
                ],
                [
                    0.0,
                    0.0,
                    0.0,
                    1.0
                ]
            ],
            "size": [
                1.48,
                0.272,
                0.945
            ]
        },
        "collider2": {
            "type": "Box",
            "collider2origin": [
                [
                    0.5472731909885488,
                    0.6912231205738625,
                    -0.4719138184132173,
                    0.4685373174070233
                ],
                [
                    -0.5234785871617836,
                    0.7226414031754178,
                    0.45139735400173325,
                    -0.27028990992868096
                ],
                [
                    0.6530407515678591,
                    -8.914032425444059e-07,
                    0.757322769227818,
                    -1.1082162208881101
                ],
                [
                    0.0,
                    0.0,
                    0.0,
                    1.0
                ]
            ],
            "size": [
                0.09102,
                0.10007,
                0.11882
            ]
        },
        "distance": 0.0
    }
]