[
    {
        "case": 0,
        "collider1": {
            "type": "Box",
            "collider2origin": [
                [
                    1.0,
                    0.0,
                    0.0,
                    1.2009999999999998
                ],
                [
                    0.0,
                    1.0,
                    0.0,
                    0.02914
                ],
                [
                    0.0,
                    0.0,
                    1.0,
                    -1.22801
                ],
                [
                    0.0,
                    0.0,
                    0.0,
                    1.0
                ]
            ],
            "size": [
                0.41,
                0.6,
                0.82
            ]
        },
        "collider2": {
            "type": "Sphere",
            "collider2origin": [
                [
                    1.0,
                    0.0,
                    0.0,
                    1.169744359275273
                ],
                [
                    0.0,
                    1.0,
                    0.0,
                    -0.22240910223465316
                ],
                [
                    0.0,
                    0.0,
                    1.0,
                    -1.1034951561103945
                ],
                [
                    0.0,
                    0.0,
                    0.0,
                    1.0
                ]
            ],
            "radius": 0.00484
        },
        "distance": 0.0
    },
    {
        "case": 1,
        "collider1": {
            "type": "Box",
            "collider2origin": [
                [
                    1.0,
                    0.0,
                    0.0,
                    0.7
                ],
                [
                    0.0,
                    1.0,
                    0.0,
                    -0.15085999999999994
                ],
                [
                    0.0,
                    0.0,
                    1.0,
                    -1.03301
                ],
                [
                    0.0,
                    0.0,
                    0.0,
                    1.0
                ]
            ],
            "size": [
                0.6,
                0.06,
                0.06
            ]
        },
        "collider2": {
            "type": "Box",
            "collider2origin": [
                [
                    -0.03969126150783024,
                    -0.9961651274261237,
                    -0.07797206333047564,
                    0.911936117975945
                ],
                [
                    -0.45185622175970996,
                    0.08749307899248913,
                    -0.8877899053185128,
                    -0.17446212917234927
                ],
                [
                    0.8912073600554233,
                    -5.3393566913891945e-06,
                    -0.4535961214059643,
                    -1.0028619453927585
                ],
                [
                    0.0,
                    0.0,
                    0.0,
                    1.0
                ]
            ],
            "size": [
                0.09102,
                0.10007,
                0.11882
            ]
        },
        "distance": 0.0
    },
    {
        "case": 2,
        "collider1": {
            "type": "Box",
            "collider2origin": [
                [
                    1.0,
                    0.0,
                    0.0,
                    1.2009999999999998
                ],
                [
                    0.0,
                    1.0,
                    0.0,
                    0.02914
                ],
                [
                    0.0,
                    0.0,
                    1.0,
                    -1.22801
                ],
                [
                    0.0,
                    0.0,
                    0.0,
                    1.0
                ]
            ],
            "size": [
                0.41,
                0.6,
                0.82
            ]
        },
        "collider2": {
            "type": "Box",
            "collider2origin": [
                [
                    -0.19947299033609303,
                    0.97868030159767,
                    0.0489427562676044,
                    0.9743923523414063
                ],
                [
                    -0.15144531809987147,
                    0.018556066779409616,
                    -0.988291448921474,
                    -0.2741450780992145
                ],
                [
                    -0.9681295583505369,
                    -0.2045496019315884,
                    0.14451511546417228,
                    -1.0695690278655374
                ],
                [
                    0.0,
                    0.0,
                    0.0,
                    1.0
                ]
            ],
            "size": [
                0.08993,
                0.0305,
                0.09007
            ]
        },
        "distance": 0.0
    },
    {
        "case": 3,
        "collider1": {
            "type": "Box",
            "collider2origin": [
                [
                    1.0,
                    0.0,
                    0.0,
                    1.2009999999999998
                ],
                [
                    0.0,
                    1.0,
                    0.0,
                    0.02914
                ],
                [
                    0.0,
                    0.0,
                    1.0,
                    -1.22801
                ],
                [
                    0.0,
                    0.0,
                    0.0,
                    1.0
                ]
            ],
            "size": [
                0.41,
                0.6,
                0.82
            ]
        },
        "collider2": {
            "type": "Sphere",
            "collider2origin": [
                [
                    1.0,
                    0.0,
                    0.0,
                    1.1823152097701632
                ],
                [
                    0.0,
                    1.0,
                    0.0,
                    -0.2689725607954341
                ],
                [
                    0.0,
                    0.0,
                    1.0,
                    -1.0704986696882761
                ],
                [
                    0.0,
                    0.0,
                    0.0,
                    1.0
                ]
            ],
            "radius": 0.00563
        },
        "distance": 0.0
    },
    {
        "case": 4,
        "collider1": {
            "type": "Box",
            "collider2origin": [
                [
                    1.0,
                    0.0,
                    0.0,
                    1.2009999999999998
                ],
                [
                    0.0,
                    1.0,
                    0.0,
                    0.02914
                ],
                [
                    0.0,
                    0.0,
                    1.0,
                    -1.22801
                ],
                [
                    0.0,
                    0.0,
                    0.0,
                    1.0
                ]
            ],
            "size": [
                0.41,
                0.6,
                0.82
            ]
        },
        "collider2": {
            "type": "Cylinder",
            "collider2origin": [
                [
                    0.04894075925809505,
                    -0.8250695363876143,
                    -0.5629076853342541,
                    1.1722484004474267
                ],
                [
                    -0.9882913662932076,
                    0.041542129110601705,
                    -0.14681425959102873,
                    -0.2720801153536916
                ],
                [
                    0.14451635683736663,
                    0.5635020067702373,
                    -0.8133759960635485,
                    -1.0883411878605274
                ],
                [
                    0.0,
                    0.0,
                    0.0,
                    1.0
                ]
            ],
            "radius": 0.00813,
            "height": 0.03824
        },
        "distance": 0.0
    },
    {
        "case": 5,
        "collider1": {
            "type": "Box",
            "collider2origin": [
                [
                    1.0,
                    0.0,
                    0.0,
                    1.2009999999999998
                ],
                [
                    0.0,
                    1.0,
                    0.0,
                    0.02914
                ],
                [
                    0.0,
                    0.0,
                    1.0,
                    -1.22801
                ],
                [
                    0.0,
                    0.0,
                    0.0,
                    1.0
                ]
            ],
            "size": [
                0.41,
                0.6,
                0.82
            ]
        },
        "collider2": {
            "type": "Box",
            "collider2origin": [
                [
                    0.18102474385134515,
                    0.8902737545467038,
                    0.4179027208320973,
                    1.055081146436666
                ],
                [
                    -0.9385198743282608,
                    0.029370549508559305,
                    0.34397356920616756,
                    -0.27378188806541115
                ],
                [
                    0.2939566083700448,
                    -0.4544777362939577,
                    0.8408564084364817,
                    -1.0921290617412032
                ],
                [
                    0.0,
                    0.0,
                    0.0,
                    1.0
                ]
            ],
            "size": [
                0.06241,
                0.05638,
                0.02858
            ]
        },
        "distance": 0.0
    },
    {
        "case": 6,
        "collider1": {
            "type": "Box",
            "collider2origin": [
                [
                    1.0,
                    0.0,
                    0.0,
                    1.2009999999999998
                ],
                [
                    0.0,
                    1.0,
                    0.0,
                    0.02914
                ],
                [
                    0.0,
                    0.0,
                    1.0,
                    -1.22801
                ],
                [
                    0.0,
                    0.0,
                    0.0,
                    1.0
                ]
            ],
            "size": [
                0.41,
                0.6,
                0.82
            ]
        },
        "collider2": {
            "type": "Sphere",
            "collider2origin": [
                [
                    1.0,
                    0.0,
                    0.0,
                    1.157490934339158
                ],
                [
                    0.0,
                    1.0,
                    0.0,
                    -0.28102650192929346
                ],
                [
                    0.0,
                    0.0,
                    1.0,
                    -1.0766764649453107
                ],
                [
                    0.0,
                    0.0,
                    0.0,
                    1.0
                ]
            ],
            "radius": 0.01051
        },
        "distance": 0.0
    },
    {
        "case": 7,
        "collider1": {
            "type": "Box",
            "collider2origin": [
                [
                    1.0,
                    0.0,
                    0.0,
                    1.2009999999999998
                ],
                [
                    0.0,
                    1.0,
                    0.0,
                    0.02914
                ],
                [
                    0.0,
                    0.0,
                    1.0,
                    -1.22801
                ],
                [
                    0.0,
                    0.0,
                    0.0,
                    1.0
                ]
            ],
            "size": [
                0.41,
                0.6,
                0.82
            ]
        },
        "collider2": {
            "type": "Cylinder",
            "collider2origin": [
                [
                    0.20338524139967332,
                    -0.5801014928478802,
                    -0.7887437489935858,
                    1.1387283043619698
                ],
                [
                    -0.9769720437238284,
                    -0.06717292809081667,
                    -0.20251771160516158,
                    -0.25621954737941577
                ],
                [
                    0.06449859969706338,
                    0.8117697060911833,
                    -0.5804049232301112,
                    -1.1093751084131425
                ],
                [
                    0.0,
                    0.0,
                    0.0,
                    1.0
                ]
            ],
            "radius": 0.00783,
            "height": 0.03683
        },
        "distance": 0.0
    },
    {
        "case": 8,
        "collider1": {
            "type": "Box",
            "collider2origin": [
                [
                    1.0,
                    0.0,
                    0.0,
                    1.2009999999999998
                ],
                [
                    0.0,
                    1.0,
                    0.0,
                    0.02914
                ],
                [
                    0.0,
                    0.0,
                    1.0,
                    -1.22801
                ],
                [
                    0.0,
                    0.0,
                    0.0,
                    1.0
                ]
            ],
            "size": [
                0.41,
                0.6,
                0.82
            ]
        },
        "collider2": {
            "type": "Cylinder",
            "collider2origin": [
                [
                    0.36428688266820647,
                    -0.4471225868340893,
                    -0.8169311228363577,
                    1.1588904111040548
                ],
                [
                    -0.9311997765037634,
                    -0.1868728239518101,
                    -0.31296249600809484,
                    -0.2275529424103121
                ],
                [
                    -0.012729625101360479,
                    0.8747342110670348,
                    -0.4844357714224979,
                    -1.1116218662285042
                ],
                [
                    0.0,
                    0.0,
                    0.0,
                    1.0
                ]
            ],
            "radius": 0.0076,
            "height": 0.02993
        },
        "distance": 0.0
    },
    {
        "case": 9,
        "collider1": {
            "type": "Box",
            "collider2origin": [
                [
                    1.0,
                    0.0,
                    0.0,
                    1.2009999999999998
                ],
                [
                    0.0,
                    1.0,
                    0.0,
                    0.02914
                ],
                [
                    0.0,
                    0.0,
                    1.0,
                    -1.22801
                ],
                [
                    0.0,
                    0.0,
                    0.0,
                    1.0
                ]
            ],
            "size": [
                0.41,
                0.6,
                0.82
            ]
        },
        "collider2": {
            "type": "Sphere",
            "collider2origin": [
                [
                    1.0,
                    0.0,
                    0.0,
                    1.165010481246795
                ],
                [
                    0.0,
                    1.0,
                    0.0,
                    -0.24746141065822913
                ],
                [
                    0.0,
                    0.0,
                    1.0,
                    -1.0659459612954776
                ],
                [
                    0.0,
                    0.0,
                    0.0,
                    1.0
                ]
            ],
            "radius": 0.00487
        },
        "distance": 0.0
    },
    {
        "case": 10,
        "collider1": {
            "type": "Box",
            "collider2origin": [
                [
                    1.0,
                    0.0,
                    0.0,
                    1.2009999999999998
                ],
                [
                    0.0,
                    1.0,
                    0.0,
                    0.02914
                ],
                [
                    0.0,
                    0.0,
                    1.0,
                    -1.22801
                ],
                [
                    0.0,
                    0.0,
                    0.0,
                    1.0
                ]
            ],
            "size": [
                0.41,
                0.6,
                0.82
            ]
        },
        "collider2": {
            "type": "Cylinder",
            "collider2origin": [
                [
                    0.19907409608112195,
                    -0.9076490451455487,
                    -0.36951686716015714,
                    1.1601889752243986
                ],
                [
                    -0.9774616332955939,
                    -0.15686670708473077,
                    -0.14128549693263995,
                    -0.249915332264386
                ],
                [
                    0.07027275222014527,
                    0.38931484309587566,
                    -0.9184202160452692,
                    -1.081555994877339
                ],
                [
                    0.0,
                    0.0,
                    0.0,
                    1.0
                ]
            ],
            "radius": 0.0076,
            "height": 0.02993
        },
        "distance": 0.0
    },
    {
        "case": 11,
        "collider1": {
            "type": "Box",
            "collider2origin": [
                [
                    1.0,
                    0.0,
                    0.0,
                    1.2009999999999998
                ],
                [
                    0.0,
                    1.0,
                    0.0,
                    0.02914
                ],
                [
                    0.0,
                    0.0,
                    1.0,
                    -1.22801
                ],
                [
                    0.0,
                    0.0,
                    0.0,
                    1.0
                ]
            ],
            "size": [
                0.41,
                0.6,
                0.82
            ]
        },
        "collider2": {
            "type": "Cylinder",
            "collider2origin": [
                [
                    0.25838594276835486,
                    0.0076339000879082075,
                    -0.9660116087031024,
                    1.1357409504901876
                ],
                [
                    -0.6192386586727366,
                    0.7688206526253829,
                    -0.15955653450069038,
                    -0.284974755450751
                ],
                [
                    0.7414716368040639,
                    0.6394188984274144,
                    0.20337965519926943,
                    -1.07158997335485
                ],
                [
                    0.0,
                    0.0,
                    0.0,
                    1.0
                ]
            ],
            "radius": 0.01169,
            "height": 0.05502
        },
        "distance": 0.0
    },
    {
        "case": 12,
        "collider1": {
            "type": "Box",
            "collider2origin": [
                [
                    1.0,
                    0.0,
                    0.0,
                    0.7
                ],
                [
                    0.0,
                    1.0,
                    0.0,
                    -0.15085999999999994
                ],
                [
                    0.0,
                    0.0,
                    1.0,
                    -1.03301
                ],
                [
                    0.0,
                    0.0,
                    0.0,
                    1.0
                ]
            ],
            "size": [
                0.6,
                0.06,
                0.06
            ]
        },
        "collider2": {
            "type": "Box",
            "collider2origin": [
                [
                    -0.08122740742007269,
                    -0.9961647215432174,
                    0.032526233051759466,
                    1.0139736279418083
                ],
                [
                    -0.9248072841626225,
                    0.08749769998434734,
                    0.37023727480793117,
                    -0.2900420448370258
                ],
                [
                    -0.3716632823451462,
                    -7.08328971696707e-06,
                    -0.9283676020339457,
                    -0.7304822780299266
                ],
                [
                    0.0,
                    0.0,
                    0.0,
                    1.0
                ]
            ],
            "size": [
                0.1202,
                0.13634,
                0.67816
            ]
        },
        "distance": 0.0
    },
    {
        "case": 13,
        "collider1": {
            "type": "Box",
            "collider2origin": [
                [
                    1.0,
                    0.0,
                    0.0,
                    1.2009999999999998
                ],
                [
                    0.0,
                    1.0,
                    0.0,
                    0.02914
                ],
                [
                    0.0,
                    0.0,
                    1.0,
                    -1.22801
                ],
                [
                    0.0,
                    0.0,
                    0.0,
                    1.0
                ]
            ],
            "size": [
                0.41,
                0.6,
                0.82
            ]
        },
        "collider2": {
            "type": "Box",
            "collider2origin": [
                [
                    -0.08122740742007269,
                    -0.9961647215432174,
                    0.032526233051759466,
                    1.0139736279418083
                ],
                [
                    -0.9248072841626225,
                    0.08749769998434734,
                    0.37023727480793117,
                    -0.2900420448370258
                ],
                [
                    -0.3716632823451462,
                    -7.08328971696707e-06,
                    -0.9283676020339457,
                    -0.7304822780299266
                ],
                [
                    0.0,
                    0.0,
                    0.0,
                    1.0
                ]
            ],
            "size": [
                0.1202,
                0.13634,
                0.67816
            ]
        },
        "distance": 0.0
    },
    {
        "case": 14,
        "collider1": {
            "type": "Box",
            "collider2origin": [
                [
                    1.0,
                    0.0,
                    0.0,
                    1.2009999999999998
                ],
                [
                    0.0,
                    1.0,
                    0.0,
                    0.02914
                ],
                [
                    0.0,
                    0.0,
                    1.0,
                    -1.22801
                ],
                [
                    0.0,
                    0.0,
                    0.0,
                    1.0
                ]
            ],
            "size": [
                0.41,
                0.6,
                0.82
            ]
        },
        "collider2": {
            "type": "Cylinder",
            "collider2origin": [
                [
                    0.363953486971948,
                    -0.09262706792035955,
                    -0.9267999167077199,
                    1.135763904618706
                ],
                [
                    -0.9312035780895028,
                    -0.0574921338491884,
                    -0.3599368704353223,
                    -0.2361696837552486
                ],
                [
                    -0.019943807917922492,
                    0.9940396776959879,
                    -0.10717911966324803,
                    -1.1199519722528941
                ],
                [
                    0.0,
                    0.0,
                    0.0,
                    1.0
                ]
            ],
            "radius": 0.00783,
            "height": 0.03044
        },
        "distance": 0.0
    },
    {
        "case": 15,
        "collider1": {
            "type": "Box",
            "collider2origin": [
                [
                    1.0,
                    0.0,
                    0.0,
                    1.2009999999999998
                ],
                [
                    0.0,
                    1.0,
                    0.0,
                    0.02914
                ],
                [
                    0.0,
                    0.0,
                    1.0,
                    -1.22801
                ],
                [
                    0.0,
                    0.0,
                    0.0,
                    1.0
                ]
            ],
            "size": [
                0.41,
                0.6,
                0.82
            ]
        },
        "collider2": {
            "type": "Cylinder",
            "collider2origin": [
                [
                    0.04894075925809505,
                    -0.43731952437732025,
                    -0.8979735161359909,
                    1.1502200445336044
                ],
                [
                    -0.9882913662932076,
                    0.10888049882589483,
                    -0.10688878465829894,
                    -0.27602122307033716
                ],
                [
                    0.14451635683736663,
                    0.8926906914345065,
                    -0.4268704159726183,
                    -1.1078331581483092
                ],
                [
                    0.0,
                    0.0,
                    0.0,
                    1.0
                ]
            ],
            "radius": 0.00683,
            "height": 0.01183
        },
        "distance": 0.0
    },
    {
        "case": 16,
        "collider1": {
            "type": "Box",
            "collider2origin": [
                [
                    1.0,
                    0.0,
                    0.0,
                    1.2009999999999998
                ],
                [
                    0.0,
                    1.0,
                    0.0,
                    0.02914
                ],
                [
                    0.0,
                    0.0,
                    1.0,
                    -1.22801
                ],
                [
                    0.0,
                    0.0,
                    0.0,
                    1.0
                ]
            ],
            "size": [
                0.41,
                0.6,
                0.82
            ]
        },
        "collider2": {
            "type": "Cylinder",
            "collider2origin": [
                [
                    0.04894075925809505,
                    -0.43731952437732025,
                    -0.8979735161359909,
                    1.1355628355883696
                ],
                [
                    -0.9882913662932076,
                    0.10888049882589483,
                    -0.10688878465829894,
                    -0.2777650837946073
                ],
                [
                    0.14451635683736663,
                    0.8926906914345065,
                    -0.4268704159726183,
                    -1.1147950526972144
                ],
                [
                    0.0,
                    0.0,
                    0.0,
                    1.0
                ]
            ],
            "radius": 0.00683,
            "height": 0.01782
        },
        "distance": 0.0
    },
    {
        "case": 17,
        "collider1": {
            "type": "Box",
            "collider2origin": [
                [
                    1.0,
                    0.0,
                    0.0,
                    1.2009999999999998
                ],
                [
                    0.0,
                    1.0,
                    0.0,
                    0.02914
                ],
                [
                    0.0,
                    0.0,
                    1.0,
                    -1.22801
                ],
                [
                    0.0,
                    0.0,
                    0.0,
                    1.0
                ]
            ],
            "size": [
                0.41,
                0.6,
                0.82
            ]
        },
        "collider2": {
            "type": "Box",
            "collider2origin": [
                [
                    0.08943591655573745,
                    0.8902720886626108,
                    0.4465611100153564,
                    1.0998148496369258
                ],
                [
                    -0.9897611335757237,
                    0.02936694631125563,
                    0.13967992313589772,
                    -0.2743332970472703
                ],
                [
                    0.11123900077191304,
                    -0.4544812324097266,
                    0.883783171425323,
                    -1.1172086838700506
                ],
                [
                    0.0,
                    0.0,
                    0.0,
                    1.0
                ]
            ],
            "size": [
                0.07264,
                0.04753,
                0.03326
            ]
        },
        "distance": 0.0
    }
]