[
    {
        "case": 0,
        "collider1": {
            "type": "Cylinder",
            "collider2origin": [
                [
                    1.0,
                    0.0,
                    0.0,
                    0.4849999999999999
                ],
                [
                    0.0,
                    -3.673205103346574e-06,
                    -0.9999999999932537,
                    -0.46086
                ],
                [
                    0.0,
                    0.9999999999932537,
                    -3.673205103346574e-06,
                    -0.70001
                ],
                [
                    0.0,
                    0.0,
                    0.0,
                    1.0
                ]
            ],
            "radius": 0.026,
            "height": 0.272
        },
        "collider2": {
            "type": "Box",
            "collider2origin": [
                [
                    0.5260179002098068,
                    -0.736852238461554,
                    0.4246809947867492,
                    0.7184638522394786
                ],
                [
                    -0.5733294507046994,
                    -0.6760538282056688,
                    -0.46286559855222315,
                    -0.7644370415264898
                ],
                [
                    0.6281707646918261,
                    -6.531236016461359e-06,
                    -0.7780755042692381,
                    -0.8789311364348145
                ],
                [
                    0.0,
                    0.0,
                    0.0,
                    1.0
                ]
            ],
            "size": [
                0.1202,
                0.13634,
                0.67816
            ]
        },
        "distance": 0.02508781505146489
    },
    {
        "case": 1,
        "collider1": {
            "type": "Cylinder",
            "collider2origin": [
                [
                    1.0,
                    0.0,
                    0.0,
                    0.4849999999999999
                ],
                [
                    0.0,
                    -3.673205103346574e-06,
                    -0.9999999999932537,
                    -0.46086
                ],
                [
                    0.0,
                    0.9999999999932537,
                    -3.673205103346574e-06,
                    -0.70001
                ],
                [
                    0.0,
                    0.0,
                    0.0,
                    1.0
                ]
            ],
            "radius": 0.026,
            "height": 0.272
        },
        "collider2": {
            "type": "Box",
            "collider2origin": [
                [
                    0.3181678302526498,
                    -0.7368559894695117,
                    -0.5965001949498657,
                    0.6924250962168541
                ],
                [
                    -0.3467778941052222,
                    -0.6760497398518295,
                    0.6501552440811509,
                    -0.9229375188326424
                ],
                [
                    -0.8823345873036306,
                    -5.4018986126763934e-06,
                    -0.4706226471585819,
                    -0.5137860555091083
                ],
                [
                    0.0,
                    0.0,
                    0.0,
                    1.0
                ]
            ],
            "size": [
                0.15068,
                0.17726,
                0.74884
            ]
        },
        "distance": 0.029196685291855904
    },
    {
        "case": 2,
        "collider1": {
            "type": "Box",
            "collider2origin": [
                [
                    1.0,
                    0.0,
                    0.0,
                    -0.26
                ],
                [
                    0.0,
                    1.0,
                    0.0,
                    -0.4608599999999999
                ],
                [
                    0.0,
                    0.0,
                    1.0,
                    -1.143
                ],
                [
                    0.0,
                    0.0,
                    0.0,
                    1.0
                ]
            ],
            "size": [
                1.48,
                0.272,
                0.945
            ]
        },
        "collider2": {
            "type": "Box",
            "collider2origin": [
                [
                    0.3181678302526498,
                    -0.7368559894695117,
                    -0.5965001949498657,
                    0.6924250962168541
                ],
                [
                    -0.3467778941052222,
                    -0.6760497398518295,
                    0.6501552440811509,
                    -0.9229375188326424
                ],
                [
                    -0.8823345873036306,
                    -5.4018986126763934e-06,
                    -0.4706226471585819,
                    -0.5137860555091083
                ],
                [
                    0.0,
                    0.0,
                    0.0,
                    1.0
                ]
            ],
            "size": [
                0.15068,
                0.17726,
                0.74884
            ]
        },
        "distance": 0.03804575155457687
    },
    {
        "case": 3,
        "collider1": {
            "type": "Cylinder",
            "collider2origin": [
                [
                    1.0,
                    0.0,
                    0.0,
                    0.4849999999999999
                ],
                [
                    0.0,
                    -3.673205103346574e-06,
                    -0.9999999999932537,
                    -0.46086
                ],
                [
                    0.0,
                    0.9999999999932537,
                    -3.673205103346574e-06,
                    -0.70001
                ],
                [
                    0.0,
                    0.0,
                    0.0,
                    1.0
                ]
            ],
            "radius": 0.026,
            "height": 0.272
        },
        "collider2": {
            "type": "Box",
            "collider2origin": [
                [
                    0.3181678302526498,
                    -0.7368559894695117,
                    -0.5965001949498657,
                    0.6924250962168541
                ],
                [
                    -0.3467778941052222,
                    -0.6760497398518295,
                    0.6501552440811509,
                    -0.9229375188326424
                ],
                [
                    -0.8823345873036306,
                    -5.4018986126763934e-06,
                    -0.4706226471585819,
                    -0.5137860555091083
                ],
                [
                    0.0,
                    0.0,
                    0.0,
                    1.0
                ]
            ],
            "size": [
                0.15068,
                0.17726,
                0.74884
            ]
        },
        "distance": 0.029196685291855904
    },
    {
        "case": 4,
        "collider1": {
            "type": "Box",
            "collider2origin": [
                [
                    1.0,
                    0.0,
                    0.0,
                    -0.26
                ],
                [
                    0.0,
                    1.0,
                    0.0,
                    -0.4608599999999999
                ],
                [
                    0.0,
                    0.0,
                    1.0,
                    -1.143
                ],
                [
                    0.0,
                    0.0,
                    0.0,
                    1.0
                ]
            ],
            "size": [
                1.48,
                0.272,
                0.945
            ]
        },
        "collider2": {
            "type": "Box",
            "collider2origin": [
                [
                    0.3181678302526498,
                    -0.7368559894695117,
                    -0.5965001949498657,
                    0.6924250962168541
                ],
                [
                    -0.3467778941052222,
                    -0.6760497398518295,
                    0.6501552440811509,
                    -0.9229375188326424
                ],
                [
                    -0.8823345873036306,
                    -5.4018986126763934e-06,
                    -0.4706226471585819,
                    -0.5137860555091083
                ],
                [
                    0.0,
                    0.0,
                    0.0,
                    1.0
                ]
            ],
            "size": [
                0.15068,
                0.17726,
                0.74884
            ]
        },
        "distance": 0.03804575155457687
    }
]