[
    {
        "case": 0,
        "collider1": {
            "type": "Box",
            "collider2origin": [
                [
                    1.0,
                    0.0,
                    0.0,
                    1.2009999999999998
                ],
                [
                    0.0,
                    1.0,
                    0.0,
                    0.02914
                ],
                [
                    0.0,
                    0.0,
                    1.0,
                    -1.22801
                ],
                [
                    0.0,
                    0.0,
                    0.0,
                    1.0
                ]
            ],
            "size": [
                0.41,
                0.6,
                0.82
            ]
        },
        "collider2": {
            "type": "Box",
            "collider2origin": [
                [
                    0.9106453726821436,
                    0.3959391481280275,
                    -0.11814057809343766,
                    1.274596597930154
                ],
                [
                    -0.27591867554122457,
                    0.36989205093389615,
                    -0.8871576833593297,
                    -0.18585953568018632
                ],
                [
                    -0.30756119667502957,
                    0.8404832310257997,
                    0.4460874899212663,
                    -0.9043220931090881
                ],
                [
                    0.0,
                    0.0,
                    0.0,
                    1.0
                ]
            ],
            "size": [
                0.09126,
                0.11887,
                0.10009
            ]
        },
        "distance": 0.0
    },
    {
        "case": 1,
        "collider1": {
            "type": "Box",
            "collider2origin": [
                [
                    1.0,
                    0.0,
                    0.0,
                    1.28
                ],
                [
                    0.0,
                    1.0,
                    0.0,
                    -0.23086
                ],
                [
                    0.0,
                    0.0,
                    1.0,
                    -0.67301
                ],
                [
                    0.0,
                    0.0,
                    0.0,
                    1.0
                ]
            ],
            "size": [
                0.06,
                0.06,
                0.33
            ]
        },
        "collider2": {
            "type": "Box",
            "collider2origin": [
                [
                    0.9106453726821436,
                    0.3959391481280275,
                    -0.11814057809343766,
                    1.274596597930154
                ],
                [
                    -0.27591867554122457,
                    0.36989205093389615,
                    -0.8871576833593297,
                    -0.18585953568018632
                ],
                [
                    -0.30756119667502957,
                    0.8404832310257997,
                    0.4460874899212663,
                    -0.9043220931090881
                ],
                [
                    0.0,
                    0.0,
                    0.0,
                    1.0
                ]
            ],
            "size": [
                0.09126,
                0.11887,
                0.10009
            ]
        },
        "distance": 0.0
    },
    {
        "case": 2,
        "collider1": {
            "type": "Box",
            "collider2origin": [
                [
                    1.0,
                    0.0,
                    0.0,
                    1.2009999999999998
                ],
                [
                    0.0,
                    1.0,
                    0.0,
                    0.02914
                ],
                [
                    0.0,
                    0.0,
                    1.0,
                    -1.22801
                ],
                [
                    0.0,
                    0.0,
                    0.0,
                    1.0
                ]
            ],
            "size": [
                0.41,
                0.6,
                0.82
            ]
        },
        "collider2": {
            "type": "Box",
            "collider2origin": [
                [
                    0.6258032087494628,
                    0.395942050520806,
                    0.6720120806564831,
                    1.3043207189982153
                ],
                [
                    0.5611294820240309,
                    0.36989258970479616,
                    -0.7404817192104893,
                    -0.16226882547197063
                ],
                [
                    -0.5417601391043079,
                    0.8404816266349067,
                    0.009305211809637321,
                    -0.8398531772585001
                ],
                [
                    0.0,
                    0.0,
                    0.0,
                    1.0
                ]
            ],
            "size": [
                0.08993,
                0.0305,
                0.09007
            ]
        },
        "distance": 0.0
    },
    {
        "case": 3,
        "collider1": {
            "type": "Box",
            "collider2origin": [
                [
                    1.0,
                    0.0,
                    0.0,
                    1.28
                ],
                [
                    0.0,
                    1.0,
                    0.0,
                    -0.23086
                ],
                [
                    0.0,
                    0.0,
                    1.0,
                    -0.67301
                ],
                [
                    0.0,
                    0.0,
                    0.0,
                    1.0
                ]
            ],
            "size": [
                0.06,
                0.06,
                0.33
            ]
        },
        "collider2": {
            "type": "Box",
            "collider2origin": [
                [
                    0.6258032087494628,
                    0.395942050520806,
                    0.6720120806564831,
                    1.3043207189982153
                ],
                [
                    0.5611294820240309,
                    0.36989258970479616,
                    -0.7404817192104893,
                    -0.16226882547197063
                ],
                [
                    -0.5417601391043079,
                    0.8404816266349067,
                    0.009305211809637321,
                    -0.8398531772585001
                ],
                [
                    0.0,
                    0.0,
                    0.0,
                    1.0
                ]
            ],
            "size": [
                0.08993,
                0.0305,
                0.09007
            ]
        },
        "distance": 0.0
    },
    {
        "case": 4,
        "collider1": {
            "type": "Box",
            "collider2origin": [
                [
                    1.0,
                    0.0,
                    0.0,
                    1.2009999999999998
                ],
                [
                    0.0,
                    1.0,
                    0.0,
                    0.02914
                ],
                [
                    0.0,
                    0.0,
                    1.0,
                    -1.22801
                ],
                [
                    0.0,
                    0.0,
                    0.0,
                    1.0
                ]
            ],
            "size": [
                0.41,
                0.6,
                0.82
            ]
        },
        "collider2": {
            "type": "Box",
            "collider2origin": [
                [
                    -0.05888679042394052,
                    0.9912492873749345,
                    -0.11814057809343766,
                    1.2826807009426942
                ],
                [
                    -0.44218366611846094,
                    -0.1320032206976216,
                    -0.8871576833593297,
                    -0.08902016247563793
                ],
                [
                    -0.8949893582225457,
                    -2.0346342588424407e-06,
                    0.4460874899212663,
                    -0.9547228133589738
                ],
                [
                    0.0,
                    0.0,
                    0.0,
                    1.0
                ]
            ],
            "size": [
                0.09102,
                0.10007,
                0.11882
            ]
        },
        "distance": 0.0
    },
    {
        "case": 5,
        "collider1": {
            "type": "Box",
            "collider2origin": [
                [
                    1.0,
                    0.0,
                    0.0,
                    1.2009999999999998
                ],
                [
                    0.0,
                    1.0,
                    0.0,
                    0.02914
                ],
                [
                    0.0,
                    0.0,
                    1.0,
                    -1.22801
                ],
                [
                    0.0,
                    0.0,
                    0.0,
                    1.0
                ]
            ],
            "size": [
                0.41,
                0.6,
                0.82
            ]
        },
        "collider2": {
            "type": "Box",
            "collider2origin": [
                [
                    0.023842758579335894,
                    0.9912501982038818,
                    0.12982514172567794,
                    1.134292814887477
                ],
                [
                    0.17901910452660422,
                    -0.13199638079113715,
                    0.9749508273100411,
                    -0.3566690213045137
                ],
                [
                    0.9835566496536029,
                    -4.336585506771118e-06,
                    -0.18059988068482705,
                    -0.903407759763347
                ],
                [
                    0.0,
                    0.0,
                    0.0,
                    1.0
                ]
            ],
            "size": [
                0.1202,
                0.13634,
                0.67816
            ]
        },
        "distance": 0.0
    }
]