[
    {
        "case": 0,
        "collider1": {
            "type": "Box",
            "collider2origin": [
                [
                    1.0,
                    0.0,
                    0.0,
                    -0.26
                ],
                [
                    0.0,
                    1.0,
                    0.0,
                    -0.4608599999999999
                ],
                [
                    0.0,
                    0.0,
                    1.0,
                    -1.143
                ],
                [
                    0.0,
                    0.0,
                    0.0,
                    1.0
                ]
            ],
            "size": [
                1.48,
                0.272,
                0.945
            ]
        },
        "collider2": {
            "type": "Box",
            "collider2origin": [
                [
                    -0.41802500022791556,
                    0.7990588399486651,
                    -0.4321574591330622,
                    0.37292424235306154
                ],
                [
                    0.5393163734703631,
                    0.6011020665686653,
                    0.589757708617408,
                    -0.41795658249884104
                ],
                [
                    0.7310218522665561,
                    0.013463872651397169,
                    -0.6822212072649163,
                    -1.324659317351954
                ],
                [
                    0.0,
                    0.0,
                    0.0,
                    1.0
                ]
            ],
            "size": [
                0.09126,
                0.11887,
                0.10009
            ]
        },
        "distance": 0.0
    },
    {
        "case": 1,
        "collider1": {
            "type": "Box",
            "collider2origin": [
                [
                    1.0,
                    0.0,
                    0.0,
                    -0.26
                ],
                [
                    0.0,
                    1.0,
                    0.0,
                    -0.4608599999999999
                ],
                [
                    0.0,
                    0.0,
                    1.0,
                    -1.143
                ],
                [
                    0.0,
                    0.0,
                    0.0,
                    1.0
                ]
            ],
            "size": [
                1.48,
                0.272,
                0.945
            ]
        },
        "collider2": {
            "type": "Box",
            "collider2origin": [
                [
                    0.04278474515367309,
                    0.7990582244223534,
                    -0.5997294553089171,
                    0.4304181838822798
                ],
                [
                    -0.07918703366030119,
                    0.6011028213430039,
                    0.7952388395152508,
                    -0.3701122923217347
                ],
                [
                    0.9959412027234424,
                    0.013466705479658588,
                    0.08899308153618761,
                    -1.326170143259728
                ],
                [
                    0.0,
                    0.0,
                    0.0,
                    1.0
                ]
            ],
            "size": [
                0.08993,
                0.0305,
                0.09007
            ]
        },
        "distance": 0.0
    },
    {
        "case": 2,
        "collider1": {
            "type": "Box",
            "collider2origin": [
                [
                    1.0,
                    0.0,
                    0.0,
                    -0.26
                ],
                [
                    0.0,
                    1.0,
                    0.0,
                    -0.4608599999999999
                ],
                [
                    0.0,
                    0.0,
                    1.0,
                    -1.143
                ],
                [
                    0.0,
                    0.0,
                    0.0,
                    1.0
                ]
            ],
            "size": [
                1.48,
                0.272,
                0.945
            ]
        },
        "collider2": {
            "type": "Box",
            "collider2origin": [
                [
                    0.4032464601724774,
                    -0.806617767516946,
                    -0.4321574591330622,
                    0.42160561289996035
                ],
                [
                    -0.5502890767937778,
                    -0.5910734109125498,
                    0.589757708617408,
                    -0.48130915002856167
                ],
                [
                    -0.7311458297219632,
                    -6.179143523525011e-06,
                    -0.6822212072649163,
                    -1.249977817607728
                ],
                [
                    0.0,
                    0.0,
                    0.0,
                    1.0
                ]
            ],
            "size": [
                0.09102,
                0.10007,
                0.11882
            ]
        },
        "distance": 0.0
    },
    {
        "case": 3,
        "collider1": {
            "type": "Box",
            "collider2origin": [
                [
                    1.0,
                    0.0,
                    0.0,
                    -0.26
                ],
                [
                    0.0,
                    1.0,
                    0.0,
                    -0.4608599999999999
                ],
                [
                    0.0,
                    0.0,
                    1.0,
                    -1.143
                ],
                [
                    0.0,
                    0.0,
                    0.0,
                    1.0
                ]
            ],
            "size": [
                1.48,
                0.272,
                0.945
            ]
        },
        "collider2": {
            "type": "Box",
            "collider2origin": [
                [
                    -0.5150949615634763,
                    0.8126354521725084,
                    0.2725817353461214,
                    0.497257007352619
                ],
                [
                    0.8524597815425496,
                    0.5188548768261705,
                    0.0640463710613444,
                    -0.32005442178080834
                ],
                [
                    -0.08938401101063184,
                    0.26535492960576706,
                    -0.9599985728685062,
                    -1.3193474017266114
                ],
                [
                    0.0,
                    0.0,
                    0.0,
                    1.0
                ]
            ],
            "size": [
                0.06241,
                0.05638,
                0.02858
            ]
        },
        "distance": 0.0
    },
    {
        "case": 4,
        "collider1": {
            "type": "Box",
            "collider2origin": [
                [
                    1.0,
                    0.0,
                    0.0,
                    -0.26
                ],
                [
                    0.0,
                    1.0,
                    0.0,
                    -0.4608599999999999
                ],
                [
                    0.0,
                    0.0,
                    1.0,
                    -1.143
                ],
                [
                    0.0,
                    0.0,
                    0.0,
                    1.0
                ]
            ],
            "size": [
                1.48,
                0.272,
                0.945
            ]
        },
        "collider2": {
            "type": "Box",
            "collider2origin": [
                [
                    0.3529882752558472,
                    -0.8066179215649907,
                    -0.4740957773932147,
                    0.6513220574519827
                ],
                [
                    -0.4817033877187563,
                    -0.5910732006915512,
                    0.6469886534434113,
                    -0.6057156563180142
                ],
                [
                    -0.802097951494813,
                    -5.866815623974381e-06,
                    -0.5971924950745818,
                    -1.0739732153394357
                ],
                [
                    0.0,
                    0.0,
                    0.0,
                    1.0
                ]
            ],
            "size": [
                0.1202,
                0.13634,
                0.67816
            ]
        },
        "distance": 0.0
    }
]