[
    {
        "case": 0,
        "collider1": {
            "type": "Box",
            "collider2origin": [
                [
                    1.0,
                    0.0,
                    0.0,
                    -0.06
                ],
                [
                    0.0,
                    1.0,
                    0.0,
                    -0.37086
                ],
                [
                    0.0,
                    0.0,
                    1.0,
                    -0.40301
                ],
                [
                    0.0,
                    0.0,
                    0.0,
                    1.0
                ]
            ],
            "size": [
                0.1,
                1.0,
                1.64
            ]
        },
        "collider2": {
            "type": "Box",
            "collider2origin": [
                [
                    0.27543860475594373,
                    -0.03317833965930297,
                    0.9607459460167139,
                    -0.17292386728497045
                ],
                [
                    0.009141070361989025,
                    0.9994494473310649,
                    0.03189424810629122,
                    -0.8788932135116851
                ],
                [
                    -0.9612752029688149,
                    -2.6609056022602784e-06,
                    0.27559024683428723,
                    -0.3992800572253501
                ],
                [
                    0.0,
                    0.0,
                    0.0,
                    1.0
                ]
            ],
            "size": [
                0.09102,
                0.10007,
                0.11882
            ]
        },
        "distance": 0.0
    },
    {
        "case": 1,
        "collider1": {
            "type": "Box",
            "collider2origin": [
                [
                    1.0,
                    0.0,
                    0.0,
                    -0.06
                ],
                [
                    0.0,
                    1.0,
                    0.0,
                    -0.37086
                ],
                [
                    0.0,
                    0.0,
                    1.0,
                    -0.40301
                ],
                [
                    0.0,
                    0.0,
                    0.0,
                    1.0
                ]
            ],
            "size": [
                0.1,
                1.0,
                1.64
            ]
        },
        "collider2": {
            "type": "Box",
            "collider2origin": [
                [
                    -0.5680128032005956,
                    0.1416802637467574,
                    0.8107330992779621,
                    -0.024352662070127984
                ],
                [
                    -0.8043383789932033,
                    0.11312852226977928,
                    -0.5833024168710786,
                    -0.886164220752952
                ],
                [
                    -0.17435947774292956,
                    -0.9834269877899959,
                    0.04970042462099785,
                    -0.523067133573658
                ],
                [
                    0.0,
                    0.0,
                    0.0,
                    1.0
                ]
            ],
            "size": [
                0.06241,
                0.05638,
                0.02858
            ]
        },
        "distance": 0.0
    },
    {
        "case": 2,
        "collider1": {
            "type": "Box",
            "collider2origin": [
                [
                    1.0,
                    0.0,
                    0.0,
                    -0.06
                ],
                [
                    0.0,
                    1.0,
                    0.0,
                    -0.37086
                ],
                [
                    0.0,
                    0.0,
                    1.0,
                    -0.40301
                ],
                [
                    0.0,
                    0.0,
                    0.0,
                    1.0
                ]
            ],
            "size": [
                0.1,
                1.0,
                1.64
            ]
        },
        "collider2": {
            "type": "Box",
            "collider2origin": [
                [
                    -0.6318263695226702,
                    0.27742261818201197,
                    -0.7237624815482214,
                    -0.04370801059916807
                ],
                [
                    0.7266601429095847,
                    -0.11294636314278654,
                    -0.6776489915579004,
                    -0.8806347432194302
                ],
                [
                    -0.2697414975164626,
                    -0.9540858504211531,
                    -0.13022946879919597,
                    -0.44173716437690547
                ],
                [
                    0.0,
                    0.0,
                    0.0,
                    1.0
                ]
            ],
            "size": [
                0.08993,
                0.0305,
                0.09007
            ]
        },
        "distance": 0.0
    },
    {
        "case": 3,
        "collider1": {
            "type": "Box",
            "collider2origin": [
                [
                    1.0,
                    0.0,
                    0.0,
                    -0.06
                ],
                [
                    0.0,
                    1.0,
                    0.0,
                    -0.37086
                ],
                [
                    0.0,
                    0.0,
                    1.0,
                    -0.40301
                ],
                [
                    0.0,
                    0.0,
                    0.0,
                    1.0
                ]
            ],
            "size": [
                0.1,
                1.0,
                1.64
            ]
        },
        "collider2": {
            "type": "Box",
            "collider2origin": [
                [
                    -0.7252844944967577,
                    0.14167514537745668,
                    0.6737140010604343,
                    -0.019898396451271783
                ],
                [
                    -0.6642571837613765,
                    0.11312971522648095,
                    -0.7388938092541985,
                    -0.8798640219479503
                ],
                [
                    -0.18089996092865143,
                    -0.9834275879367281,
                    0.012057504756812621,
                    -0.573770809109206
                ],
                [
                    0.0,
                    0.0,
                    0.0,
                    1.0
                ]
            ],
            "size": [
                0.07264,
                0.04753,
                0.03326
            ]
        },
        "distance": 0.0
    },
    {
        "case": 4,
        "collider1": {
            "type": "Box",
            "collider2origin": [
                [
                    1.0,
                    0.0,
                    0.0,
                    -0.06
                ],
                [
                    0.0,
                    1.0,
                    0.0,
                    -0.37086
                ],
                [
                    0.0,
                    0.0,
                    1.0,
                    -0.40301
                ],
                [
                    0.0,
                    0.0,
                    0.0,
                    1.0
                ]
            ],
            "size": [
                0.1,
                1.0,
                1.64
            ]
        },
        "collider2": {
            "type": "Box",
            "collider2origin": [
                [
                    -0.0006963945427035476,
                    0.2774288057269647,
                    0.9607459460167139,
                    -0.06734407658932384
                ],
                [
                    -0.9930893538486281,
                    -0.11294375684493757,
                    0.03189424810629122,
                    -0.8717191386681266
                ],
                [
                    0.11735863967835918,
                    -0.9540843597621027,
                    0.27559024683428723,
                    -0.371391487680389
                ],
                [
                    0.0,
                    0.0,
                    0.0,
                    1.0
                ]
            ],
            "size": [
                0.09126,
                0.11887,
                0.10009
            ]
        },
        "distance": 0.0
    }
]