[
    {
        "case": 0,
        "collider1": {
            "type": "Box",
            "collider2origin": [
                [
                    1.0,
                    0.0,
                    0.0,
                    1.2009999999999998
                ],
                [
                    0.0,
                    1.0,
                    0.0,
                    0.02914
                ],
                [
                    0.0,
                    0.0,
                    1.0,
                    -1.22801
                ],
                [
                    0.0,
                    0.0,
                    0.0,
                    1.0
                ]
            ],
            "size": [
                0.41,
                0.6,
                0.82
            ]
        },
        "collider2": {
            "type": "Box",
            "collider2origin": [
                [
                    -0.3986395941067781,
                    -0.8834568031329713,
                    -0.24615147980146998,
                    1.279257528489874
                ],
                [
                    -0.751692212593009,
                    0.4685126219770921,
                    -0.46417102513532343,
                    -0.132002590729276
                ],
                [
                    0.5254001251783348,
                    -6.798571062067463e-06,
                    -0.85085528053622,
                    -1.0502713087403093
                ],
                [
                    0.0,
                    0.0,
                    0.0,
                    1.0
                ]
            ],
            "size": [
                0.09102,
                0.10007,
                0.11882
            ]
        },
        "distance": 0.0
    },
    {
        "case": 1,
        "collider1": {
            "type": "Box",
            "collider2origin": [
                [
                    1.0,
                    0.0,
                    0.0,
                    1.2009999999999998
                ],
                [
                    0.0,
                    1.0,
                    0.0,
                    0.02914
                ],
                [
                    0.0,
                    0.0,
                    1.0,
                    -1.22801
                ],
                [
                    0.0,
                    0.0,
                    0.0,
                    1.0
                ]
            ],
            "size": [
                0.41,
                0.6,
                0.82
            ]
        },
        "collider2": {
            "type": "Box",
            "collider2origin": [
                [
                    -0.061743687981197753,
                    0.8935824339798135,
                    0.44463260190542986,
                    1.3169086009725286
                ],
                [
                    -0.7855121911911516,
                    0.23132899463881412,
                    -0.5739838793289157,
                    -0.16556613110180474
                ],
                [
                    -0.6157583247383311,
                    -0.38470421094927937,
                    0.6876367904594228,
                    -1.1753075079689697
                ],
                [
                    0.0,
                    0.0,
                    0.0,
                    1.0
                ]
            ],
            "size": [
                0.08993,
                0.0305,
                0.09007
            ]
        },
        "distance": 0.0
    },
    {
        "case": 2,
        "collider1": {
            "type": "Box",
            "collider2origin": [
                [
                    1.0,
                    0.0,
                    0.0,
                    1.2009999999999998
                ],
                [
                    0.0,
                    1.0,
                    0.0,
                    0.02914
                ],
                [
                    0.0,
                    0.0,
                    1.0,
                    -1.22801
                ],
                [
                    0.0,
                    0.0,
                    0.0,
                    1.0
                ]
            ],
            "size": [
                0.41,
                0.6,
                0.82
            ]
        },
        "collider2": {
            "type": "Box",
            "collider2origin": [
                [
                    -0.37539901092699957,
                    0.8935798965881993,
                    -0.24615147980146998,
                    1.2506559773478634
                ],
                [
                    0.8550040754545869,
                    0.23132939800395064,
                    -0.46417102513532343,
                    -0.18050272738933126
                ],
                [
                    -0.3578318229994051,
                    -0.3847098621462061,
                    -0.85085528053622,
                    -1.1440561331568269
                ],
                [
                    0.0,
                    0.0,
                    0.0,
                    1.0
                ]
            ],
            "size": [
                0.09126,
                0.11887,
                0.10009
            ]
        },
        "distance": 0.0
    },
    {
        "case": 3,
        "collider1": {
            "type": "Box",
            "collider2origin": [
                [
                    1.0,
                    0.0,
                    0.0,
                    1.2009999999999998
                ],
                [
                    0.0,
                    1.0,
                    0.0,
                    0.02914
                ],
                [
                    0.0,
                    0.0,
                    1.0,
                    -1.22801
                ],
                [
                    0.0,
                    0.0,
                    0.0,
                    1.0
                ]
            ],
            "size": [
                0.41,
                0.6,
                0.82
            ]
        },
        "collider2": {
            "type": "Box",
            "collider2origin": [
                [
                    0.4839877378416131,
                    0.8234671345563882,
                    0.29607051174416005,
                    1.4337452975612819
                ],
                [
                    -0.5815948640948742,
                    0.049900378553069245,
                    0.8119466523600706,
                    -0.15119494684170987
                ],
                [
                    0.653837352617165,
                    -0.5651653125641658,
                    0.503075427542258,
                    -1.239673884841024
                ],
                [
                    0.0,
                    0.0,
                    0.0,
                    1.0
                ]
            ],
            "size": [
                0.07264,
                0.04753,
                0.03326
            ]
        },
        "distance": 0.0
    },
    {
        "case": 4,
        "collider1": {
            "type": "Box",
            "collider2origin": [
                [
                    1.0,
                    0.0,
                    0.0,
                    1.2009999999999998
                ],
                [
                    0.0,
                    1.0,
                    0.0,
                    0.02914
                ],
                [
                    0.0,
                    0.0,
                    1.0,
                    -1.22801
                ],
                [
                    0.0,
                    0.0,
                    0.0,
                    1.0
                ]
            ],
            "size": [
                0.41,
                0.6,
                0.82
            ]
        },
        "collider2": {
            "type": "Box",
            "collider2origin": [
                [
                    0.5352835769569749,
                    0.8234669528956124,
                    0.18807889230044164,
                    1.3913984101055636
                ],
                [
                    -0.3985479763008051,
                    0.049905661290491385,
                    0.9157886959106294,
                    -0.15088892342671123
                ],
                [
                    0.7447355254227362,
                    -0.5651651107950433,
                    0.35490476851311414,
                    -1.210742186438023
                ],
                [
                    0.0,
                    0.0,
                    0.0,
                    1.0
                ]
            ],
            "size": [
                0.06241,
                0.05638,
                0.02858
            ]
        },
        "distance": 0.0
    },
    {
        "case": 5,
        "collider1": {
            "type": "Box",
            "collider2origin": [
                [
                    1.0,
                    0.0,
                    0.0,
                    1.2009999999999998
                ],
                [
                    0.0,
                    1.0,
                    0.0,
                    0.02914
                ],
                [
                    0.0,
                    0.0,
                    1.0,
                    -1.22801
                ],
                [
                    0.0,
                    0.0,
                    0.0,
                    1.0
                ]
            ],
            "size": [
                0.41,
                0.6,
                0.82
            ]
        },
        "collider2": {
            "type": "Box",
            "collider2origin": [
                [
                    -0.144340116243142,
                    -0.8834542617134157,
                    0.4457291759615022,
                    1.2484487747938688
                ],
                [
                    -0.27218297145886483,
                    0.4685174142305883,
                    0.840480733039435,
                    -0.428637780128839
                ],
                [
                    -0.9513581664603185,
                    -4.804872079627881e-06,
                    -0.30808706413313447,
                    -0.9579607930444315
                ],
                [
                    0.0,
                    0.0,
                    0.0,
                    1.0
                ]
            ],
            "size": [
                0.1202,
                0.13634,
                0.67816
            ]
        },
        "distance": 0.0
    },
    {
        "case": 6,
        "collider1": {
            "type": "Box",
            "collider2origin": [
                [
                    1.0,
                    0.0,
                    0.0,
                    1.28
                ],
                [
                    0.0,
                    1.0,
                    0.0,
                    -0.23086
                ],
                [
                    0.0,
                    0.0,
                    1.0,
                    -0.67301
                ],
                [
                    0.0,
                    0.0,
                    0.0,
                    1.0
                ]
            ],
            "size": [
                0.06,
                0.06,
                0.33
            ]
        },
        "collider2": {
            "type": "Box",
            "collider2origin": [
                [
                    -0.144340116243142,
                    -0.8834542617134157,
                    0.4457291759615022,
                    1.2484487747938688
                ],
                [
                    -0.27218297145886483,
                    0.4685174142305883,
                    0.840480733039435,
                    -0.428637780128839
                ],
                [
                    -0.9513581664603185,
                    -4.804872079627881e-06,
                    -0.30808706413313447,
                    -0.9579607930444315
                ],
                [
                    0.0,
                    0.0,
                    0.0,
                    1.0
                ]
            ],
            "size": [
                0.1202,
                0.13634,
                0.67816
            ]
        },
        "distance": 0.10031681087550016
    }
]