[
    {
        "case": 0,
        "collider1": {
            "type": "Box",
            "collider2origin": [
                [
                    1.0,
                    0.0,
                    0.0,
                    1.23
                ],
                [
                    0.0,
                    1.0,
                    0.0,
                    -0.23086
                ],
                [
                    0.0,
                    0.0,
                    1.0,
                    -0.54301
                ],
                [
                    0.0,
                    0.0,
                    0.0,
                    1.0
                ]
            ],
            "size": [
                0.1,
                0.16,
                0.1
            ]
        },
        "collider2": {
            "type": "Box",
            "collider2origin": [
                [
                    -0.8594816588600432,
                    -0.484353276435022,
                    -0.1633804813612906,
                    1.3549149210701368
                ],
                [
                    -0.3286698731123873,
                    0.7684348829379828,
                    -0.5490755368730026,
                    -0.37672526485435565
                ],
                [
                    0.39149379636397225,
                    -0.41822211119302094,
                    -0.8196480178209286,
                    -0.6235663152300847
                ],
                [
                    0.0,
                    0.0,
                    0.0,
                    1.0
                ]
            ],
            "size": [
                0.09126,
                0.11887,
                0.10009
            ]
        },
        "distance": 0.016942595538080488
    },
    {
        "case": 1,
        "collider1": {
            "type": "Box",
            "collider2origin": [
                [
                    1.0,
                    0.0,
                    0.0,
                    1.28
                ],
                [
                    0.0,
                    1.0,
                    0.0,
                    -0.23086
                ],
                [
                    0.0,
                    0.0,
                    1.0,
                    -0.67301
                ],
                [
                    0.0,
                    0.0,
                    0.0,
                    1.0
                ]
            ],
            "size": [
                0.06,
                0.06,
                0.33
            ]
        },
        "collider2": {
            "type": "Cylinder",
            "collider2origin": [
                [
                    0.8650955499935109,
                    0.5013644873639758,
                    0.015599365105098595,
                    1.2965726630259786
                ],
                [
                    -0.2501216475882737,
                    0.4581197714739753,
                    -0.8529744640916045,
                    -0.20527371588894872
                ],
                [
                    -0.4347974825009363,
                    0.7340026742423288,
                    0.5217194872879083,
                    -0.7433145228394505
                ],
                [
                    0.0,
                    0.0,
                    0.0,
                    1.0
                ]
            ],
            "radius": 0.01271,
            "height": 0.05982
        },
        "distance": 0.0
    },
    {
        "case": 2,
        "collider1": {
            "type": "Box",
            "collider2origin": [
                [
                    1.0,
                    0.0,
                    0.0,
                    1.28
                ],
                [
                    0.0,
                    1.0,
                    0.0,
                    -0.23086
                ],
                [
                    0.0,
                    0.0,
                    1.0,
                    -0.67301
                ],
                [
                    0.0,
                    0.0,
                    0.0,
                    1.0
                ]
            ],
            "size": [
                0.06,
                0.06,
                0.33
            ]
        },
        "collider2": {
            "type": "Cylinder",
            "collider2origin": [
                [
                    0.8855328932971166,
                    0.45767009254718727,
                    0.07980965653782537,
                    1.29584545122212
                ],
                [
                    -0.20298112770044074,
                    0.5356774174311674,
                    -0.8196635689426072,
                    -0.19173146778015226
                ],
                [
                    -0.41788773215577174,
                    0.7096391976505554,
                    0.5672583648317425,
                    -0.7493170872207907
                ],
                [
                    0.0,
                    0.0,
                    0.0,
                    1.0
                ]
            ],
            "radius": 0.01169,
            "height": 0.05502
        },
        "distance": 0.0
    },
    {
        "case": 3,
        "collider1": {
            "type": "Box",
            "collider2origin": [
                [
                    1.0,
                    0.0,
                    0.0,
                    1.28
                ],
                [
                    0.0,
                    1.0,
                    0.0,
                    -0.23086
                ],
                [
                    0.0,
                    0.0,
                    1.0,
                    -0.67301
                ],
                [
                    0.0,
                    0.0,
                    0.0,
                    1.0
                ]
            ],
            "size": [
                0.06,
                0.06,
                0.33
            ]
        },
        "collider2": {
            "type": "Box",
            "collider2origin": [
                [
                    0.23375054556225408,
                    0.9584714397202981,
                    -0.1633804813612906,
                    1.3700078868171213
                ],
                [
                    0.7856103077301118,
                    -0.28518853272146716,
                    -0.5490755368730026,
                    -0.31734920199059913
                ],
                [
                    -0.5728674600966159,
                    -6.683940385399402e-06,
                    -0.8196480178209286,
                    -0.5329394312974803
                ],
                [
                    0.0,
                    0.0,
                    0.0,
                    1.0
                ]
            ],
            "size": [
                0.09102,
                0.10007,
                0.11882
            ]
        },
        "distance": 0.023590741440270086
    },
    {
        "case": 4,
        "collider1": {
            "type": "Box",
            "collider2origin": [
                [
                    1.0,
                    0.0,
                    0.0,
                    1.23
                ],
                [
                    0.0,
                    1.0,
                    0.0,
                    -0.23086
                ],
                [
                    0.0,
                    0.0,
                    1.0,
                    -0.54301
                ],
                [
                    0.0,
                    0.0,
                    0.0,
                    1.0
                ]
            ],
            "size": [
                0.1,
                0.16,
                0.1
            ]
        },
        "collider2": {
            "type": "Box",
            "collider2origin": [
                [
                    0.2539560533861252,
                    0.9584725164726792,
                    0.12975653399761122,
                    1.225462641331551
                ],
                [
                    0.8535049577675486,
                    -0.28518491390378387,
                    0.43611793353163825,
                    -0.41126506715262556
                ],
                [
                    0.45501165920749603,
                    -6.9441409126682144e-06,
                    -0.8904854799136369,
                    -0.2710214283895871
                ],
                [
                    0.0,
                    0.0,
                    0.0,
                    1.0
                ]
            ],
            "size": [
                0.1202,
                0.13634,
                0.67816
            ]
        },
        "distance": 0.0
    },
    {
        "case": 5,
        "collider1": {
            "type": "Box",
            "collider2origin": [
                [
                    1.0,
                    0.0,
                    0.0,
                    1.28
                ],
                [
                    0.0,
                    1.0,
                    0.0,
                    -0.23086
                ],
                [
                    0.0,
                    0.0,
                    1.0,
                    -0.67301
                ],
                [
                    0.0,
                    0.0,
                    0.0,
                    1.0
                ]
            ],
            "size": [
                0.06,
                0.06,
                0.33
            ]
        },
        "collider2": {
            "type": "Box",
            "collider2origin": [
                [
                    0.2539560533861252,
                    0.9584725164726792,
                    0.12975653399761122,
                    1.225462641331551
                ],
                [
                    0.8535049577675486,
                    -0.28518491390378387,
                    0.43611793353163825,
                    -0.41126506715262556
                ],
                [
                    0.45501165920749603,
                    -6.9441409126682144e-06,
                    -0.8904854799136369,
                    -0.2710214283895871
                ],
                [
                    0.0,
                    0.0,
                    0.0,
                    1.0
                ]
            ],
            "size": [
                0.1202,
                0.13634,
                0.67816
            ]
        },
        "distance": 0.0
    },
    {
        "case": 6,
        "collider1": {
            "type": "Box",
            "collider2origin": [
                [
                    1.0,
                    0.0,
                    0.0,
                    1.28
                ],
                [
                    0.0,
                    1.0,
                    0.0,
                    -0.23086
                ],
                [
                    0.0,
                    0.0,
                    1.0,
                    -0.67301
                ],
                [
                    0.0,
                    0.0,
                    0.0,
                    1.0
                ]
            ],
            "size": [
                0.06,
                0.06,
                0.33
            ]
        },
        "collider2": {
            "type": "Box",
            "collider2origin": [
                [
                    0.6147315919885402,
                    -0.6703414107894465,
                    0.4156289965727228,
                    1.27454494899425
                ],
                [
                    0.09068766853557506,
                    0.5835319256009991,
                    0.8070106805860572,
                    -0.2608793844181062
                ],
                [
                    -0.7835054668519014,
                    -0.45840253575346174,
                    0.41950720926818375,
                    -0.6960695637055446
                ],
                [
                    0.0,
                    0.0,
                    0.0,
                    1.0
                ]
            ],
            "size": [
                0.06241,
                0.05638,
                0.02858
            ]
        },
        "distance": 0.0
    },
    {
        "case": 7,
        "collider1": {
            "type": "Box",
            "collider2origin": [
                [
                    1.0,
                    0.0,
                    0.0,
                    1.28
                ],
                [
                    0.0,
                    1.0,
                    0.0,
                    -0.23086
                ],
                [
                    0.0,
                    0.0,
                    1.0,
                    -0.67301
                ],
                [
                    0.0,
                    0.0,
                    0.0,
                    1.0
                ]
            ],
            "size": [
                0.06,
                0.06,
                0.33
            ]
        },
        "collider2": {
            "type": "Box",
            "collider2origin": [
                [
                    0.5139956561295457,
                    -0.6703421754267799,
                    0.535210083354237,
                    1.2399089691359912
                ],
                [
                    -0.08042848364624004,
                    0.583528177290129,
                    0.8081003188508381,
                    -0.2329706979956414
                ],
                [
                    -0.8540138901085415,
                    -0.4584061890425906,
                    0.2460163436626198,
                    -0.7216009134824524
                ],
                [
                    0.0,
                    0.0,
                    0.0,
                    1.0
                ]
            ],
            "size": [
                0.07264,
                0.04753,
                0.03326
            ]
        },
        "distance": 0.0
    },
    {
        "case": 8,
        "collider1": {
            "type": "Box",
            "collider2origin": [
                [
                    1.0,
                    0.0,
                    0.0,
                    1.28
                ],
                [
                    0.0,
                    1.0,
                    0.0,
                    -0.23086
                ],
                [
                    0.0,
                    0.0,
                    1.0,
                    -0.67301
                ],
                [
                    0.0,
                    0.0,
                    0.0,
                    1.0
                ]
            ],
            "size": [
                0.06,
                0.06,
                0.33
            ]
        },
        "collider2": {
            "type": "Cylinder",
            "collider2origin": [
                [
                    0.5537367857741858,
                    0.7169797306710792,
                    -0.4234567721589759,
                    1.240294558899327
                ],
                [
                    -0.10083815602195452,
                    -0.4470583631414141,
                    -0.888802838786764,
                    -0.2034959476656597
                ],
                [
                    -0.8265635113955638,
                    0.534863427196275,
                    -0.17525374711340627,
                    -0.7315802991414947
                ],
                [
                    0.0,
                    0.0,
                    0.0,
                    1.0
                ]
            ],
            "radius": 0.00683,
            "height": 0.01782
        },
        "distance": 0.0007980710957649602
    }
]