[
    {
        "case": 0,
        "collider1": {
            "type": "Box",
            "collider2origin": [
                [
                    1.0,
                    0.0,
                    0.0,
                    0.0
                ],
                [
                    0.0,
                    1.0,
                    0.0,
                    -0.37086
                ],
                [
                    0.0,
                    0.0,
                    1.0,
                    0.39699
                ],
                [
                    0.0,
                    0.0,
                    0.0,
                    1.0
                ]
            ],
            "size": [
                0.6,
                1.6,
                0.1
            ]
        },
        "collider2": {
            "type": "Box",
            "collider2origin": [
                [
                    -0.17332665768416877,
                    -0.6538898030399249,
                    -0.7364685975765997,
                    0.10683481546976636
                ],
                [
                    0.6912887847143857,
                    -0.6133958187101238,
                    0.3819232720286163,
                    -0.7235216785689726
                ],
                [
                    -0.7014824914879506,
                    -0.44291499756651376,
                    0.5583445343750689,
                    0.37469587002757465
                ],
                [
                    0.0,
                    0.0,
                    0.0,
                    1.0
                ]
            ],
            "size": [
                0.09126,
                0.11887,
                0.10009
            ]
        },
        "distance": 0.0
    },
    {
        "case": 1,
        "collider1": {
            "type": "Box",
            "collider2origin": [
                [
                    1.0,
                    0.0,
                    0.0,
                    -0.06
                ],
                [
                    0.0,
                    1.0,
                    0.0,
                    -0.37086
                ],
                [
                    0.0,
                    0.0,
                    1.0,
                    -0.40301
                ],
                [
                    0.0,
                    0.0,
                    0.0,
                    1.0
                ]
            ],
            "size": [
                0.1,
                1.0,
                1.64
            ]
        },
        "collider2": {
            "type": "Sphere",
            "collider2origin": [
                [
                    1.0,
                    0.0,
                    0.0,
                    -0.10217353432992327
                ],
                [
                    0.0,
                    1.0,
                    0.0,
                    -0.8550703663384847
                ],
                [
                    0.0,
                    0.0,
                    1.0,
                    0.22977395081568863
                ],
                [
                    0.0,
                    0.0,
                    0.0,
                    1.0
                ]
            ],
            "radius": 0.00484
        },
        "distance": 0.0
    },
    {
        "case": 2,
        "collider1": {
            "type": "Box",
            "collider2origin": [
                [
                    1.0,
                    0.0,
                    0.0,
                    -0.06
                ],
                [
                    0.0,
                    1.0,
                    0.0,
                    -0.37086
                ],
                [
                    0.0,
                    0.0,
                    1.0,
                    -0.40301
                ],
                [
                    0.0,
                    0.0,
                    0.0,
                    1.0
                ]
            ],
            "size": [
                0.1,
                1.0,
                1.64
            ]
        },
        "collider2": {
            "type": "Cylinder",
            "collider2origin": [
                [
                    0.017484716816415977,
                    0.9067203681936046,
                    0.4213697409410212,
                    -0.09725732134120757
                ],
                [
                    -0.8906601683730017,
                    -0.17737622968664,
                    0.41864321040228086,
                    -0.8496433233235385
                ],
                [
                    0.45433330182986376,
                    -0.382617102394817,
                    0.8044783426565113,
                    0.24229148867117378
                ],
                [
                    0.0,
                    0.0,
                    0.0,
                    1.0
                ]
            ],
            "radius": 0.0076,
            "height": 0.02993
        },
        "distance": 0.0
    },
    {
        "case": 3,
        "collider1": {
            "type": "Box",
            "collider2origin": [
                [
                    1.0,
                    0.0,
                    0.0,
                    -0.06
                ],
                [
                    0.0,
                    1.0,
                    0.0,
                    -0.37086
                ],
                [
                    0.0,
                    0.0,
                    1.0,
                    -0.40301
                ],
                [
                    0.0,
                    0.0,
                    0.0,
                    1.0
                ]
            ],
            "size": [
                0.1,
                1.0,
                1.64
            ]
        },
        "collider2": {
            "type": "Cylinder",
            "collider2origin": [
                [
                    0.1721979931087095,
                    0.972027341583395,
                    -0.1597206886525659,
                    -0.07841223933381603
                ],
                [
                    -0.832536486686955,
                    0.23027639107723863,
                    0.5038410285470843,
                    -0.8801417030371012
                ],
                [
                    0.5265271593225506,
                    0.046212887020392335,
                    0.8489013603293176,
                    0.2361443788333797
                ],
                [
                    0.0,
                    0.0,
                    0.0,
                    1.0
                ]
            ],
            "radius": 0.0076,
            "height": 0.02993
        },
        "distance": 0.0
    },
    {
        "case": 4,
        "collider1": {
            "type": "Box",
            "collider2origin": [
                [
                    1.0,
                    0.0,
                    0.0,
                    0.0
                ],
                [
                    0.0,
                    1.0,
                    0.0,
                    -0.37086
                ],
                [
                    0.0,
                    0.0,
                    1.0,
                    0.39699
                ],
                [
                    0.0,
                    0.0,
                    0.0,
                    1.0
                ]
            ],
            "size": [
                0.6,
                1.6,
                0.1
            ]
        },
        "collider2": {
            "type": "Box",
            "collider2origin": [
                [
                    -0.6897424862480889,
                    -0.653885955665109,
                    0.3109476799209667,
                    0.05554033529973723
                ],
                [
                    0.24269725508303502,
                    -0.6133999822170608,
                    -0.7515573858271033,
                    -0.7686500869518484
                ],
                [
                    0.682168120802684,
                    -0.4429149114672436,
                    0.5817843553761982,
                    0.34431197050444196
                ],
                [
                    0.0,
                    0.0,
                    0.0,
                    1.0
                ]
            ],
            "size": [
                0.08993,
                0.0305,
                0.09007
            ]
        },
        "distance": 0.0
    },
    {
        "case": 5,
        "collider1": {
            "type": "Box",
            "collider2origin": [
                [
                    1.0,
                    0.0,
                    0.0,
                    -0.06
                ],
                [
                    0.0,
                    1.0,
                    0.0,
                    -0.37086
                ],
                [
                    0.0,
                    0.0,
                    1.0,
                    -0.40301
                ],
                [
                    0.0,
                    0.0,
                    0.0,
                    1.0
                ]
            ],
            "size": [
                0.1,
                1.0,
                1.64
            ]
        },
        "collider2": {
            "type": "Cylinder",
            "collider2origin": [
                [
                    0.16554869337557027,
                    0.9138056854867133,
                    0.37088111207474445,
                    -0.07454540371747354
                ],
                [
                    -0.8321167551689554,
                    -0.0724158590974454,
                    0.5498523884810059,
                    -0.8605510753476743
                ],
                [
                    0.5293159131263009,
                    -0.3996437319955571,
                    0.7484046710088957,
                    0.2657325773092998
                ],
                [
                    0.0,
                    0.0,
                    0.0,
                    1.0
                ]
            ],
            "radius": 0.00783,
            "height": 0.03683
        },
        "distance": 0.0
    },
    {
        "case": 6,
        "collider1": {
            "type": "Box",
            "collider2origin": [
                [
                    1.0,
                    0.0,
                    0.0,
                    -0.06
                ],
                [
                    0.0,
                    1.0,
                    0.0,
                    -0.37086
                ],
                [
                    0.0,
                    0.0,
                    1.0,
                    -0.40301
                ],
                [
                    0.0,
                    0.0,
                    0.0,
                    1.0
                ]
            ],
            "size": [
                0.1,
                1.0,
                1.64
            ]
        },
        "collider2": {
            "type": "Cylinder",
            "collider2origin": [
                [
                    0.6527855642278081,
                    0.32087266802386716,
                    0.6862300911873709,
                    -0.022594554442764148
                ],
                [
                    -0.7379792975756337,
                    0.47389829389402405,
                    0.48042373317115267,
                    -0.8828245749811826
                ],
                [
                    -0.17104842438782117,
                    -0.8200372783962798,
                    0.5461513513256794,
                    0.2624597151199666
                ],
                [
                    0.0,
                    0.0,
                    0.0,
                    1.0
                ]
            ],
            "radius": 0.01169,
            "height": 0.05502
        },
        "distance": 0.0
    },
    {
        "case": 7,
        "collider1": {
            "type": "Box",
            "collider2origin": [
                [
                    1.0,
                    0.0,
                    0.0,
                    0.0
                ],
                [
                    0.0,
                    1.0,
                    0.0,
                    -0.37086
                ],
                [
                    0.0,
                    0.0,
                    1.0,
                    0.39699
                ],
                [
                    0.0,
                    0.0,
                    0.0,
                    1.0
                ]
            ],
            "size": [
                0.6,
                1.6,
                0.1
            ]
        },
        "collider2": {
            "type": "Box",
            "collider2origin": [
                [
                    -0.4956580549374078,
                    -0.460366264358307,
                    -0.7364685975765997,
                    0.19072029476931984
                ],
                [
                    0.2570441822815877,
                    -0.8877290705154053,
                    0.3819232720286163,
                    -0.7605124905578619
                ],
                [
                    -0.8296091736057742,
                    -1.6222911102653482e-06,
                    0.5583445343750689,
                    0.3147986021681566
                ],
                [
                    0.0,
                    0.0,
                    0.0,
                    1.0
                ]
            ],
            "size": [
                0.09102,
                0.10007,
                0.11882
            ]
        },
        "distance": 0.0
    },
    {
        "case": 8,
        "collider1": {
            "type": "Box",
            "collider2origin": [
                [
                    1.0,
                    0.0,
                    0.0,
                    -0.06
                ],
                [
                    0.0,
                    1.0,
                    0.0,
                    -0.37086
                ],
                [
                    0.0,
                    0.0,
                    1.0,
                    -0.40301
                ],
                [
                    0.0,
                    0.0,
                    0.0,
                    1.0
                ]
            ],
            "size": [
                0.1,
                1.0,
                1.64
            ]
        },
        "collider2": {
            "type": "Cylinder",
            "collider2origin": [
                [
                    0.6556898911515864,
                    0.40389615124406586,
                    0.6379174442291504,
                    -0.01287767541209317
                ],
                [
                    -0.7458146205911137,
                    0.4780772578378926,
                    0.46389943657083077,
                    -0.8777421865907792
                ],
                [
                    -0.1176066254687792,
                    -0.7799423277066274,
                    0.6147020799520806,
                    0.2724448886363555
                ],
                [
                    0.0,
                    0.0,
                    0.0,
                    1.0
                ]
            ],
            "radius": 0.01271,
            "height": 0.05982
        },
        "distance": 0.0
    },
    {
        "case": 9,
        "collider1": {
            "type": "Box",
            "collider2origin": [
                [
                    1.0,
                    0.0,
                    0.0,
                    -0.06
                ],
                [
                    0.0,
                    1.0,
                    0.0,
                    -0.37086
                ],
                [
                    0.0,
                    0.0,
                    1.0,
                    -0.40301
                ],
                [
                    0.0,
                    0.0,
                    0.0,
                    1.0
                ]
            ],
            "size": [
                0.1,
                1.0,
                1.64
            ]
        },
        "collider2": {
            "type": "Cylinder",
            "collider2origin": [
                [
                    0.013486089150302253,
                    0.6723875282265293,
                    0.7400764401633441,
                    -0.0822359909476853
                ],
                [
                    -0.8879665797757078,
                    -0.3322291481663017,
                    0.31802381406134445,
                    -0.8394804118847343
                ],
                [
                    0.45971021154729774,
                    -0.6614520428527765,
                    0.592577181812654,
                    0.2609877199570685
                ],
                [
                    0.0,
                    0.0,
                    0.0,
                    1.0
                ]
            ],
            "radius": 0.00783,
            "height": 0.03044
        },
        "distance": 0.0
    },
    {
        "case": 10,
        "collider1": {
            "type": "Box",
            "collider2origin": [
                [
                    1.0,
                    0.0,
                    0.0,
                    -0.06
                ],
                [
                    0.0,
                    1.0,
                    0.0,
                    -0.37086
                ],
                [
                    0.0,
                    0.0,
                    1.0,
                    -0.40301
                ],
                [
                    0.0,
                    0.0,
                    0.0,
                    1.0
                ]
            ],
            "size": [
                0.1,
                1.0,
                1.64
            ]
        },
        "collider2": {
            "type": "Box",
            "collider2origin": [
                [
                    0.2633712015013083,
                    -0.8246971166587251,
                    0.5005100158783459,
                    -0.04584225753164706
                ],
                [
                    -0.7730793982347327,
                    -0.49077431221695134,
                    -0.4018567138831973,
                    -0.8443697663564886
                ],
                [
                    0.5770475320498142,
                    -0.28109649631890304,
                    -0.7668121709470028,
                    0.2997196494156087
                ],
                [
                    0.0,
                    0.0,
                    0.0,
                    1.0
                ]
            ],
            "size": [
                0.07264,
                0.04753,
                0.03326
            ]
        },
        "distance": 0.0
    },
    {
        "case": 11,
        "collider1": {
            "type": "Box",
            "collider2origin": [
                [
                    1.0,
                    0.0,
                    0.0,
                    -0.06
                ],
                [
                    0.0,
                    1.0,
                    0.0,
                    -0.37086
                ],
                [
                    0.0,
                    0.0,
                    1.0,
                    -0.40301
                ],
                [
                    0.0,
                    0.0,
                    0.0,
                    1.0
                ]
            ],
            "size": [
                0.1,
                1.0,
                1.64
            ]
        },
        "collider2": {
            "type": "Cylinder",
            "collider2origin": [
                [
                    0.31094951011991667,
                    0.8977628688826707,
                    0.3119811427181765,
                    -0.06475093438440327
                ],
                [
                    -0.7515567790912965,
                    0.03132709926253326,
                    0.6589241387699426,
                    -0.8722660416784013
                ],
                [
                    0.5817841609721764,
                    -0.4393636809151965,
                    0.6844609162943852,
                    0.2832255064943543
                ],
                [
                    0.0,
                    0.0,
                    0.0,
                    1.0
                ]
            ],
            "radius": 0.00683,
            "height": 0.01782
        },
        "distance": 0.0
    },
    {
        "case": 12,
        "collider1": {
            "type": "Box",
            "collider2origin": [
                [
                    1.0,
                    0.0,
                    0.0,
                    0.0
                ],
                [
                    0.0,
                    1.0,
                    0.0,
                    -0.37086
                ],
                [
                    0.0,
                    0.0,
                    1.0,
                    0.39699
                ],
                [
                    0.0,
                    0.0,
                    0.0,
                    1.0
                ]
            ],
            "size": [
                0.6,
                1.6,
                0.1
            ]
        },
        "collider2": {
            "type": "Box",
            "collider2origin": [
                [
                    -0.8077990301676584,
                    -0.460364911400925,
                    -0.3681370331968913,
                    0.3514996395562824
                ],
                [
                    0.4189140409340186,
                    -0.8877297721439272,
                    0.19091065438477317,
                    -0.7179950472131911
                ],
                [
                    -0.41469477108895647,
                    -3.307332778829661e-07,
                    0.9099605743280136,
                    0.04758986078114846
                ],
                [
                    0.0,
                    0.0,
                    0.0,
                    1.0
                ]
            ],
            "size": [
                0.1202,
                0.13634,
                0.67816
            ]
        },
        "distance": 0.0
    },
    {
        "case": 13,
        "collider1": {
            "type": "Box",
            "collider2origin": [
                [
                    1.0,
                    0.0,
                    0.0,
                    -0.06
                ],
                [
                    0.0,
                    1.0,
                    0.0,
                    -0.37086
                ],
                [
                    0.0,
                    0.0,
                    1.0,
                    -0.40301
                ],
                [
                    0.0,
                    0.0,
                    0.0,
                    1.0
                ]
            ],
            "size": [
                0.1,
                1.0,
                1.64
            ]
        },
        "collider2": {
            "type": "Box",
            "collider2origin": [
                [
                    0.3623996147739841,
                    -0.8246957435204836,
                    0.43421590232379165,
                    -0.0029405326378846297
                ],
                [
                    -0.8401231881135339,
                    -0.4907737138697023,
                    -0.23094196363695163,
                    -0.81879096091128
                ],
                [
                    0.4035586054163876,
                    -0.2811015695326802,
                    -0.8707022221176672,
                    0.3113627767075391
                ],
                [
                    0.0,
                    0.0,
                    0.0,
                    1.0
                ]
            ],
            "size": [
                0.06241,
                0.05638,
                0.02858
            ]
        },
        "distance": 0.0
    }
]