[
    {
        "case": 0,
        "collider1": {
            "type": "Box",
            "collider2origin": [
                [
                    1.0,
                    0.0,
                    0.0,
                    -0.06
                ],
                [
                    0.0,
                    1.0,
                    0.0,
                    -0.37086
                ],
                [
                    0.0,
                    0.0,
                    1.0,
                    -0.40301
                ],
                [
                    0.0,
                    0.0,
                    0.0,
                    1.0
                ]
            ],
            "size": [
                0.1,
                1.0,
                1.64
            ]
        },
        "collider2": {
            "type": "Cylinder",
            "collider2origin": [
                [
                    -0.5961445977752556,
                    -0.7266176965924166,
                    -0.34152355927828654,
                    -0.006126212571436085
                ],
                [
                    0.787377793839192,
                    -0.6122845656140173,
                    -0.07172043279136996,
                    -0.20495594851171173
                ],
                [
                    -0.15699626846618198,
                    -0.31166381520732417,
                    0.9371327749994176,
                    -0.45273337964107485
                ],
                [
                    0.0,
                    0.0,
                    0.0,
                    1.0
                ]
            ],
            "radius": 0.01271,
            "height": 0.05982
        },
        "distance": 0.0
    },
    {
        "case": 1,
        "collider1": {
            "type": "Box",
            "collider2origin": [
                [
                    1.0,
                    0.0,
                    0.0,
                    -0.06
                ],
                [
                    0.0,
                    1.0,
                    0.0,
                    -0.37086
                ],
                [
                    0.0,
                    0.0,
                    1.0,
                    -0.40301
                ],
                [
                    0.0,
                    0.0,
                    0.0,
                    1.0
                ]
            ],
            "size": [
                0.1,
                1.0,
                1.64
            ]
        },
        "collider2": {
            "type": "Sphere",
            "collider2origin": [
                [
                    1.0,
                    0.0,
                    0.0,
                    -0.022634953762616483
                ],
                [
                    0.0,
                    1.0,
                    0.0,
                    -0.2389425986883762
                ],
                [
                    0.0,
                    0.0,
                    1.0,
                    -0.4908878979861515
                ],
                [
                    0.0,
                    0.0,
                    0.0,
                    1.0
                ]
            ],
            "radius": 0.00563
        },
        "distance": 0.0
    },
    {
        "case": 2,
        "collider1": {
            "type": "Box",
            "collider2origin": [
                [
                    1.0,
                    0.0,
                    0.0,
                    -0.06
                ],
                [
                    0.0,
                    1.0,
                    0.0,
                    -0.37086
                ],
                [
                    0.0,
                    0.0,
                    1.0,
                    -0.40301
                ],
                [
                    0.0,
                    0.0,
                    0.0,
                    1.0
                ]
            ],
            "size": [
                0.1,
                1.0,
                1.64
            ]
        },
        "collider2": {
            "type": "Cylinder",
            "collider2origin": [
                [
                    -0.6168177919172615,
                    -0.6685721880860603,
                    -0.4153878198649198,
                    -0.0013109606362271542
                ],
                [
                    0.7613579145415993,
                    -0.6406678275672696,
                    -0.099392457888424,
                    -0.2058871511826943
                ],
                [
                    -0.19967457910104724,
                    -0.37756584066630405,
                    0.9041980415941888,
                    -0.4667297473979617
                ],
                [
                    0.0,
                    0.0,
                    0.0,
                    1.0
                ]
            ],
            "radius": 0.01169,
            "height": 0.05502
        },
        "distance": 0.0
    },
    {
        "case": 3,
        "collider1": {
            "type": "Box",
            "collider2origin": [
                [
                    1.0,
                    0.0,
                    0.0,
                    -0.06
                ],
                [
                    0.0,
                    1.0,
                    0.0,
                    -0.37086
                ],
                [
                    0.0,
                    0.0,
                    1.0,
                    -0.40301
                ],
                [
                    0.0,
                    0.0,
                    0.0,
                    1.0
                ]
            ],
            "size": [
                0.1,
                1.0,
                1.64
            ]
        },
        "collider2": {
            "type": "Cylinder",
            "collider2origin": [
                [
                    -0.30438208871263117,
                    -0.3239633807170064,
                    0.8957674207211059,
                    -0.0035419835531858013
                ],
                [
                    0.9521226333315054,
                    -0.13164130172402919,
                    0.2759221969655257,
                    -0.23300165597705902
                ],
                [
                    0.028531301561887108,
                    0.9368662101040948,
                    0.34852212153086287,
                    -0.48545497167681884
                ],
                [
                    0.0,
                    0.0,
                    0.0,
                    1.0
                ]
            ],
            "radius": 0.00813,
            "height": 0.03824
        },
        "distance": 0.0
    },
    {
        "case": 4,
        "collider1": {
            "type": "Box",
            "collider2origin": [
                [
                    1.0,
                    0.0,
                    0.0,
                    0.205
                ],
                [
                    0.0,
                    1.0,
                    0.0,
                    -0.17586
                ],
                [
                    0.0,
                    0.0,
                    1.0,
                    -0.10301
                ],
                [
                    0.0,
                    0.0,
                    0.0,
                    1.0
                ]
            ],
            "size": [
                0.05,
                0.05,
                1.2
            ]
        },
        "collider2": {
            "type": "Box",
            "collider2origin": [
                [
                    -0.17194829002637024,
                    -0.668056278143273,
                    -0.7239714046772602,
                    0.30967008752018355
                ],
                [
                    0.15437739949400234,
                    -0.744110750644943,
                    0.6499744681909349,
                    -0.4450076712317209
                ],
                [
                    -0.9729344294876588,
                    -2.824395864815167e-06,
                    0.2310813620990371,
                    -0.2875344899912087
                ],
                [
                    0.0,
                    0.0,
                    0.0,
                    1.0
                ]
            ],
            "size": [
                0.1202,
                0.13634,
                0.67816
            ]
        },
        "distance": 0.02687599052631116
    },
    {
        "case": 5,
        "collider1": {
            "type": "Box",
            "collider2origin": [
                [
                    1.0,
                    0.0,
                    0.0,
                    -0.06
                ],
                [
                    0.0,
                    1.0,
                    0.0,
                    -0.37086
                ],
                [
                    0.0,
                    0.0,
                    1.0,
                    -0.40301
                ],
                [
                    0.0,
                    0.0,
                    0.0,
                    1.0
                ]
            ],
            "size": [
                0.1,
                1.0,
                1.64
            ]
        },
        "collider2": {
            "type": "Box",
            "collider2origin": [
                [
                    0.5691138115484143,
                    0.3791459104699535,
                    -0.7296285685735898,
                    -0.0598253629718295
                ],
                [
                    0.740829470265208,
                    0.1485731958006543,
                    0.6550554949591306,
                    -0.26770254947758
                ],
                [
                    0.3567648602250607,
                    -0.9133314754586587,
                    -0.19632740625063647,
                    -0.24408095101681715
                ],
                [
                    0.0,
                    0.0,
                    0.0,
                    1.0
                ]
            ],
            "size": [
                0.09126,
                0.11887,
                0.10009
            ]
        },
        "distance": 0.0
    },
    {
        "case": 6,
        "collider1": {
            "type": "Box",
            "collider2origin": [
                [
                    1.0,
                    0.0,
                    0.0,
                    -0.06
                ],
                [
                    0.0,
                    1.0,
                    0.0,
                    -0.37086
                ],
                [
                    0.0,
                    0.0,
                    1.0,
                    -0.40301
                ],
                [
                    0.0,
                    0.0,
                    0.0,
                    1.0
                ]
            ],
            "size": [
                0.1,
                1.0,
                1.64
            ]
        },
        "collider2": {
            "type": "Box",
            "collider2origin": [
                [
                    -0.4162151035480623,
                    0.6067820183206233,
                    -0.6771857720162364,
                    0.0019904866190696424
                ],
                [
                    0.899098603281527,
                    0.16358250964416385,
                    -0.40603258996751,
                    -0.2390131233376629
                ],
                [
                    -0.1355975263626992,
                    -0.777853678259136,
                    -0.6136423763586158,
                    -0.387041318974495
                ],
                [
                    0.0,
                    0.0,
                    0.0,
                    1.0
                ]
            ],
            "size": [
                0.06241,
                0.05638,
                0.02858
            ]
        },
        "distance": 0.0
    },
    {
        "case": 7,
        "collider1": {
            "type": "Box",
            "collider2origin": [
                [
                    1.0,
                    0.0,
                    0.0,
                    -0.06
                ],
                [
                    0.0,
                    1.0,
                    0.0,
                    -0.37086
                ],
                [
                    0.0,
                    0.0,
                    1.0,
                    -0.40301
                ],
                [
                    0.0,
                    0.0,
                    0.0,
                    1.0
                ]
            ],
            "size": [
                0.1,
                1.0,
                1.64
            ]
        },
        "collider2": {
            "type": "Box",
            "collider2origin": [
                [
                    0.8738416554887606,
                    0.3791474724905146,
                    -0.30438126623811257,
                    -0.03457485133087368
                ],
                [
                    0.26718437480843193,
                    0.14857428699049888,
                    0.952122991584329,
                    -0.2532670604732967
                ],
                [
                    0.4062182553638986,
                    -0.91333064951819,
                    0.0285281205092645,
                    -0.31301720219652296
                ],
                [
                    0.0,
                    0.0,
                    0.0,
                    1.0
                ]
            ],
            "size": [
                0.08993,
                0.0305,
                0.09007
            ]
        },
        "distance": 0.0
    },
    {
        "case": 8,
        "collider1": {
            "type": "Box",
            "collider2origin": [
                [
                    1.0,
                    0.0,
                    0.0,
                    -0.06
                ],
                [
                    0.0,
                    1.0,
                    0.0,
                    -0.37086
                ],
                [
                    0.0,
                    0.0,
                    1.0,
                    -0.40301
                ],
                [
                    0.0,
                    0.0,
                    0.0,
                    1.0
                ]
            ],
            "size": [
                0.1,
                1.0,
                1.64
            ]
        },
        "collider2": {
            "type": "Box",
            "collider2origin": [
                [
                    0.14609220852015048,
                    -0.6680562989231963,
                    -0.7296285685735898,
                    0.02174202266674763
                ],
                [
                    -0.13115455414936109,
                    -0.7441107319812896,
                    0.6550554949591306,
                    -0.33670271706639765
                ],
                [
                    -0.9805383977874539,
                    -4.394355933942853e-06,
                    -0.19632740625063647,
                    -0.22046146909874098
                ],
                [
                    0.0,
                    0.0,
                    0.0,
                    1.0
                ]
            ],
            "size": [
                0.09102,
                0.10007,
                0.11882
            ]
        },
        "distance": 0.0
    }
]