[
    {
        "case": 0,
        "collider1": {
            "type": "Box",
            "collider2origin": [
                [
                    1.0,
                    0.0,
                    0.0,
                    0.5199999999999999
                ],
                [
                    0.0,
                    1.0,
                    0.0,
                    -0.43085999999999997
                ],
                [
                    0.0,
                    0.0,
                    1.0,
                    -0.80301
                ],
                [
                    0.0,
                    0.0,
                    0.0,
                    1.0
                ]
            ],
            "size": [
                0.2,
                0.08,
                0.04
            ]
        },
        "collider2": {
            "type": "Box",
            "collider2origin": [
                [
                    0.27864826416265304,
                    0.18783579751283772,
                    -0.9418454533796169,
                    0.5794479511133911
                ],
                [
                    -0.633065434162007,
                    -0.7015441840557471,
                    -0.3272062253179564,
                    -0.4142694412295781
                ],
                [
                    -0.7222072423815822,
                    0.6874252475653421,
                    -0.07657171841690737,
                    -0.8164249520963208
                ],
                [
                    0.0,
                    0.0,
                    0.0,
                    1.0
                ]
            ],
            "size": [
                0.08993,
                0.0305,
                0.09007
            ]
        },
        "distance": 0.0
    },
    {
        "case": 1,
        "collider1": {
            "type": "Box",
            "collider2origin": [
                [
                    1.0,
                    0.0,
                    0.0,
                    0.5199999999999999
                ],
                [
                    0.0,
                    1.0,
                    0.0,
                    -0.43085999999999997
                ],
                [
                    0.0,
                    0.0,
                    1.0,
                    -0.80301
                ],
                [
                    0.0,
                    0.0,
                    0.0,
                    1.0
                ]
            ],
            "size": [
                0.2,
                0.08,
                0.04
            ]
        },
        "collider2": {
            "type": "Box",
            "collider2origin": [
                [
                    -0.9478468450165533,
                    0.1878383112763229,
                    -0.2574939362568079,
                    0.5672451563861267
                ],
                [
                    -0.3129542907760676,
                    -0.7015406304471341,
                    0.6402346099022498,
                    -0.36398723246765485
                ],
                [
                    -0.06038187043322123,
                    0.6874281872666386,
                    0.7237378787062957,
                    -0.8704128970468966
                ],
                [
                    0.0,
                    0.0,
                    0.0,
                    1.0
                ]
            ],
            "size": [
                0.09126,
                0.11887,
                0.10009
            ]
        },
        "distance": 0.0
    },
    {
        "case": 2,
        "collider1": {
            "type": "Box",
            "collider2origin": [
                [
                    1.0,
                    0.0,
                    0.0,
                    0.5199999999999999
                ],
                [
                    0.0,
                    1.0,
                    0.0,
                    -0.43085999999999997
                ],
                [
                    0.0,
                    0.0,
                    1.0,
                    -0.80301
                ],
                [
                    0.0,
                    0.0,
                    0.0,
                    1.0
                ]
            ],
            "size": [
                0.2,
                0.08,
                0.04
            ]
        },
        "collider2": {
            "type": "Box",
            "collider2origin": [
                [
                    -0.9529901771303148,
                    0.30126380530655633,
                    -0.03240126394669978,
                    0.5964241192633262
                ],
                [
                    -0.2771397105315344,
                    -0.8234252863979107,
                    0.49514076641599136,
                    -0.4766220641418739
                ],
                [
                    0.12248797140792077,
                    0.4808439636022601,
                    0.8682083733342129,
                    -0.7630983296744834
                ],
                [
                    0.0,
                    0.0,
                    0.0,
                    1.0
                ]
            ],
            "size": [
                0.06241,
                0.05638,
                0.02858
            ]
        },
        "distance": 0.0
    }
]