[
    {
        "case": 0,
        "collider1": {
            "type": "Box",
            "collider2origin": [
                [
                    1.0,
                    0.0,
                    0.0,
                    0.0
                ],
                [
                    0.0,
                    1.0,
                    0.0,
                    -0.37086
                ],
                [
                    0.0,
                    0.0,
                    1.0,
                    0.39699
                ],
                [
                    0.0,
                    0.0,
                    0.0,
                    1.0
                ]
            ],
            "size": [
                0.6,
                1.6,
                0.1
            ]
        },
        "collider2": {
            "type": "Box",
            "collider2origin": [
                [
                    -0.12826434620552957,
                    0.7801839450500473,
                    -0.6122591521395272,
                    0.2635032469844053
                ],
                [
                    -0.37440590597380763,
                    0.5335803856909554,
                    0.758361516414054,
                    -0.34552883727324846
                ],
                [
                    0.9183509541914789,
                    0.32650418663783753,
                    0.22366613745393749,
                    0.3677809673656993
                ],
                [
                    0.0,
                    0.0,
                    0.0,
                    1.0
                ]
            ],
            "size": [
                0.09126,
                0.11887,
                0.10009
            ]
        },
        "distance": 0.0
    },
    {
        "case": 1,
        "collider1": {
            "type": "Box",
            "collider2origin": [
                [
                    1.0,
                    0.0,
                    0.0,
                    0.0
                ],
                [
                    0.0,
                    1.0,
                    0.0,
                    -0.37086
                ],
                [
                    0.0,
                    0.0,
                    1.0,
                    0.39699
                ],
                [
                    0.0,
                    0.0,
                    0.0,
                    1.0
                ]
            ],
            "size": [
                0.6,
                1.6,
                0.1
            ]
        },
        "collider2": {
            "type": "Box",
            "collider2origin": [
                [
                    0.1948021945206283,
                    0.7801840104845974,
                    -0.5944451318617359,
                    0.3189010036867259
                ],
                [
                    -0.7032325561063101,
                    0.5335793259213681,
                    0.4698479275057873,
                    -0.30235979579374306
                ],
                [
                    0.6837514731553656,
                    0.32650576217498456,
                    0.6525932195666757,
                    0.39358587041443327
                ],
                [
                    0.0,
                    0.0,
                    0.0,
                    1.0
                ]
            ],
            "size": [
                0.08993,
                0.0305,
                0.09007
            ]
        },
        "distance": 0.0
    },
    {
        "case": 2,
        "collider1": {
            "type": "Box",
            "collider2origin": [
                [
                    1.0,
                    0.0,
                    0.0,
                    0.0
                ],
                [
                    0.0,
                    1.0,
                    0.0,
                    -0.37086
                ],
                [
                    0.0,
                    0.0,
                    1.0,
                    0.39699
                ],
                [
                    0.0,
                    0.0,
                    0.0,
                    1.0
                ]
            ],
            "size": [
                0.6,
                1.6,
                0.1
            ]
        },
        "collider2": {
            "type": "Box",
            "collider2origin": [
                [
                    -0.14049884402754242,
                    -0.7780737789235103,
                    -0.6122591521395272,
                    0.3319001488956227
                ],
                [
                    0.17403050272472298,
                    -0.6281729017902289,
                    0.758361516414054,
                    -0.4271238883041113
                ],
                [
                    -0.9746658191135585,
                    -2.8516335058241917e-06,
                    0.22366613745393749,
                    0.34276685642879823
                ],
                [
                    0.0,
                    0.0,
                    0.0,
                    1.0
                ]
            ],
            "size": [
                0.09102,
                0.10007,
                0.11882
            ]
        },
        "distance": 0.0
    }
]