[
    {
        "case": 0,
        "collider1": {
            "type": "Box",
            "collider2origin": [
                [
                    1.0,
                    0.0,
                    0.0,
                    1.2009999999999998
                ],
                [
                    0.0,
                    1.0,
                    0.0,
                    0.02914
                ],
                [
                    0.0,
                    0.0,
                    1.0,
                    -1.22801
                ],
                [
                    0.0,
                    0.0,
                    0.0,
                    1.0
                ]
            ],
            "size": [
                0.41,
                0.6,
                0.82
            ]
        },
        "collider2": {
            "type": "Box",
            "collider2origin": [
                [
                    -0.31095940847694936,
                    0.7114775322143412,
                    0.6301618581236544,
                    1.5338742725800656
                ],
                [
                    -0.3148422997752191,
                    -0.7027088452196955,
                    0.6380239847546901,
                    -0.528057402621396
                ],
                [
                    0.8967600417903983,
                    -2.0477488521531847e-06,
                    0.44251714932179737,
                    -0.6529603382231659
                ],
                [
                    0.0,
                    0.0,
                    0.0,
                    1.0
                ]
            ],
            "size": [
                0.1202,
                0.13634,
                0.67816
            ]
        },
        "distance": 0.24104556151890488
    },
    {
        "case": 1,
        "collider1": {
            "type": "Box",
            "collider2origin": [
                [
                    1.0,
                    0.0,
                    0.0,
                    1.23
                ],
                [
                    0.0,
                    1.0,
                    0.0,
                    -0.23086
                ],
                [
                    0.0,
                    0.0,
                    1.0,
                    -0.54301
                ],
                [
                    0.0,
                    0.0,
                    0.0,
                    1.0
                ]
            ],
            "size": [
                0.1,
                0.16,
                0.1
            ]
        },
        "collider2": {
            "type": "Box",
            "collider2origin": [
                [
                    -0.31095940847694936,
                    0.7114775322143412,
                    0.6301618581236544,
                    1.5338742725800656
                ],
                [
                    -0.3148422997752191,
                    -0.7027088452196955,
                    0.6380239847546901,
                    -0.528057402621396
                ],
                [
                    0.8967600417903983,
                    -2.0477488521531847e-06,
                    0.44251714932179737,
                    -0.6529603382231659
                ],
                [
                    0.0,
                    0.0,
                    0.0,
                    1.0
                ]
            ],
            "size": [
                0.1202,
                0.13634,
                0.67816
            ]
        },
        "distance": 0.26511613135740075
    },
    {
        "case": 2,
        "collider1": {
            "type": "Box",
            "collider2origin": [
                [
                    1.0,
                    0.0,
                    0.0,
                    1.28
                ],
                [
                    0.0,
                    1.0,
                    0.0,
                    -0.23086
                ],
                [
                    0.0,
                    0.0,
                    1.0,
                    -0.67301
                ],
                [
                    0.0,
                    0.0,
                    0.0,
                    1.0
                ]
            ],
            "size": [
                0.06,
                0.06,
                0.33
            ]
        },
        "collider2": {
            "type": "Box",
            "collider2origin": [
                [
                    -0.31095940847694936,
                    0.7114775322143412,
                    0.6301618581236544,
                    1.5338742725800656
                ],
                [
                    -0.3148422997752191,
                    -0.7027088452196955,
                    0.6380239847546901,
                    -0.528057402621396
                ],
                [
                    0.8967600417903983,
                    -2.0477488521531847e-06,
                    0.44251714932179737,
                    -0.6529603382231659
                ],
                [
                    0.0,
                    0.0,
                    0.0,
                    1.0
                ]
            ],
            "size": [
                0.1202,
                0.13634,
                0.67816
            ]
        },
        "distance": 0.2788733891162237
    }
]