[
    {
        "case": 0,
        "collider1": {
            "type": "Box",
            "collider2origin": [
                [
                    1.0,
                    0.0,
                    0.0,
                    1.2009999999999998
                ],
                [
                    0.0,
                    1.0,
                    0.0,
                    0.02914
                ],
                [
                    0.0,
                    0.0,
                    1.0,
                    -1.22801
                ],
                [
                    0.0,
                    0.0,
                    0.0,
                    1.0
                ]
            ],
            "size": [
                0.41,
                0.6,
                0.82
            ]
        },
        "collider2": {
            "type": "Cylinder",
            "collider2origin": [
                [
                    0.9480465627133527,
                    -0.1897668457545357,
                    0.2553355814996628,
                    1.2821362803253877
                ],
                [
                    -0.0685816985964093,
                    0.6618266403048984,
                    0.7465132609675206,
                    -0.27909548178634014
                ],
                [
                    -0.31065135690195844,
                    -0.7252406789715427,
                    0.6144279388340566,
                    -0.8292306373054918
                ],
                [
                    0.0,
                    0.0,
                    0.0,
                    1.0
                ]
            ],
            "radius": 0.0076,
            "height": 0.02993
        },
        "distance": 0.0
    },
    {
        "case": 1,
        "collider1": {
            "type": "Box",
            "collider2origin": [
                [
                    1.0,
                    0.0,
                    0.0,
                    1.2009999999999998
                ],
                [
                    0.0,
                    1.0,
                    0.0,
                    0.02914
                ],
                [
                    0.0,
                    0.0,
                    1.0,
                    -1.22801
                ],
                [
                    0.0,
                    0.0,
                    0.0,
                    1.0
                ]
            ],
            "size": [
                0.41,
                0.6,
                0.82
            ]
        },
        "collider2": {
            "type": "Box",
            "collider2origin": [
                [
                    -0.9446894483341884,
                    0.32525140792591967,
                    0.04211137433347017,
                    1.2225262018366818
                ],
                [
                    -0.2133976580781052,
                    -0.7070956788865157,
                    0.674149197453203,
                    -0.07923989182499913
                ],
                [
                    0.2490447464469523,
                    0.6278751647757891,
                    0.7373937155447885,
                    -0.9761063348042149
                ],
                [
                    0.0,
                    0.0,
                    0.0,
                    1.0
                ]
            ],
            "size": [
                0.09126,
                0.11887,
                0.10009
            ]
        },
        "distance": 0.0
    },
    {
        "case": 2,
        "collider1": {
            "type": "Box",
            "collider2origin": [
                [
                    1.0,
                    0.0,
                    0.0,
                    1.2009999999999998
                ],
                [
                    0.0,
                    1.0,
                    0.0,
                    0.02914
                ],
                [
                    0.0,
                    0.0,
                    1.0,
                    -1.22801
                ],
                [
                    0.0,
                    0.0,
                    0.0,
                    1.0
                ]
            ],
            "size": [
                0.41,
                0.6,
                0.82
            ]
        },
        "collider2": {
            "type": "Cylinder",
            "collider2origin": [
                [
                    0.3650876252207531,
                    -0.9115145433743194,
                    -0.18934693852232368,
                    1.3029205913206119
                ],
                [
                    -0.4698434464179141,
                    -0.35598575444148417,
                    0.8077878920192255,
                    -0.26437042333331884
                ],
                [
                    -0.8037152242982629,
                    -0.20594994501536779,
                    -0.5582351282205014,
                    -0.8606465717291785
                ],
                [
                    0.0,
                    0.0,
                    0.0,
                    1.0
                ]
            ],
            "radius": 0.01169,
            "height": 0.05502
        },
        "distance": 0.0
    },
    {
        "case": 3,
        "collider1": {
            "type": "Box",
            "collider2origin": [
                [
                    1.0,
                    0.0,
                    0.0,
                    1.28
                ],
                [
                    0.0,
                    1.0,
                    0.0,
                    -0.23086
                ],
                [
                    0.0,
                    0.0,
                    1.0,
                    -0.67301
                ],
                [
                    0.0,
                    0.0,
                    0.0,
                    1.0
                ]
            ],
            "size": [
                0.06,
                0.06,
                0.33
            ]
        },
        "collider2": {
            "type": "Cylinder",
            "collider2origin": [
                [
                    0.3650876252207531,
                    -0.9115145433743194,
                    -0.18934693852232368,
                    1.3029205913206119
                ],
                [
                    -0.4698434464179141,
                    -0.35598575444148417,
                    0.8077878920192255,
                    -0.26437042333331884
                ],
                [
                    -0.8037152242982629,
                    -0.20594994501536779,
                    -0.5582351282205014,
                    -0.8606465717291785
                ],
                [
                    0.0,
                    0.0,
                    0.0,
                    1.0
                ]
            ],
            "radius": 0.01169,
            "height": 0.05502
        },
        "distance": 0.008928167701331369
    },
    {
        "case": 4,
        "collider1": {
            "type": "Box",
            "collider2origin": [
                [
                    1.0,
                    0.0,
                    0.0,
                    1.2009999999999998
                ],
                [
                    0.0,
                    1.0,
                    0.0,
                    0.02914
                ],
                [
                    0.0,
                    0.0,
                    1.0,
                    -1.22801
                ],
                [
                    0.0,
                    0.0,
                    0.0,
                    1.0
                ]
            ],
            "size": [
                0.41,
                0.6,
                0.82
            ]
        },
        "collider2": {
            "type": "Cylinder",
            "collider2origin": [
                [
                    0.8955359032464495,
                    -0.2647958050389532,
                    0.3576291761452603,
                    1.293835209406769
                ],
                [
                    0.017099673505868933,
                    0.8235646414091704,
                    0.566964621988512,
                    -0.27387756051663004
                ],
                [
                    -0.44466059771758243,
                    -0.501621832713007,
                    0.7420596268380897,
                    -0.8509716758097362
                ],
                [
                    0.0,
                    0.0,
                    0.0,
                    1.0
                ]
            ],
            "radius": 0.00813,
            "height": 0.03824
        },
        "distance": 0.0
    },
    {
        "case": 5,
        "collider1": {
            "type": "Box",
            "collider2origin": [
                [
                    1.0,
                    0.0,
                    0.0,
                    1.28
                ],
                [
                    0.0,
                    1.0,
                    0.0,
                    -0.23086
                ],
                [
                    0.0,
                    0.0,
                    1.0,
                    -0.67301
                ],
                [
                    0.0,
                    0.0,
                    0.0,
                    1.0
                ]
            ],
            "size": [
                0.06,
                0.06,
                0.33
            ]
        },
        "collider2": {
            "type": "Cylinder",
            "collider2origin": [
                [
                    0.8955359032464495,
                    -0.2647958050389532,
                    0.3576291761452603,
                    1.293835209406769
                ],
                [
                    0.017099673505868933,
                    0.8235646414091704,
                    0.566964621988512,
                    -0.27387756051663004
                ],
                [
                    -0.44466059771758243,
                    -0.501621832713007,
                    0.7420596268380897,
                    -0.8509716758097362
                ],
                [
                    0.0,
                    0.0,
                    0.0,
                    1.0
                ]
            ],
            "radius": 0.00813,
            "height": 0.03824
        },
        "distance": 0.0
    },
    {
        "case": 6,
        "collider1": {
            "type": "Box",
            "collider2origin": [
                [
                    1.0,
                    0.0,
                    0.0,
                    1.2009999999999998
                ],
                [
                    0.0,
                    1.0,
                    0.0,
                    0.02914
                ],
                [
                    0.0,
                    0.0,
                    1.0,
                    -1.22801
                ],
                [
                    0.0,
                    0.0,
                    0.0,
                    1.0
                ]
            ],
            "size": [
                0.41,
                0.6,
                0.82
            ]
        },
        "collider2": {
            "type": "Box",
            "collider2origin": [
                [
                    -0.04597097362283464,
                    0.9980547588864627,
                    0.04211137433347017,
                    1.2133025366866423
                ],
                [
                    -0.7359593475933625,
                    -0.06234338989142747,
                    0.674149197453203,
                    -0.1510247556975849
                ],
                [
                    0.6754631805465939,
                    -9.646067442382714e-07,
                    0.7373937155447885,
                    -1.058244078208065
                ],
                [
                    0.0,
                    0.0,
                    0.0,
                    1.0
                ]
            ],
            "size": [
                0.09102,
                0.10007,
                0.11882
            ]
        },
        "distance": 0.0
    },
    {
        "case": 7,
        "collider1": {
            "type": "Box",
            "collider2origin": [
                [
                    1.0,
                    0.0,
                    0.0,
                    1.2009999999999998
                ],
                [
                    0.0,
                    1.0,
                    0.0,
                    0.02914
                ],
                [
                    0.0,
                    0.0,
                    1.0,
                    -1.22801
                ],
                [
                    0.0,
                    0.0,
                    0.0,
                    1.0
                ]
            ],
            "size": [
                0.41,
                0.6,
                0.82
            ]
        },
        "collider2": {
            "type": "Cylinder",
            "collider2origin": [
                [
                    0.950135204248697,
                    -0.28825216550458593,
                    0.1189696714679975,
                    1.2890217510521647
                ],
                [
                    -0.06999026309386042,
                    0.17465454103129752,
                    0.9821390707884493,
                    -0.24705484073530026
                ],
                [
                    -0.3038823073483199,
                    -0.9414916252304436,
                    0.14577058311469326,
                    -0.815081636849307
                ],
                [
                    0.0,
                    0.0,
                    0.0,
                    1.0
                ]
            ],
            "radius": 0.00783,
            "height": 0.03683
        },
        "distance": 0.0
    },
    {
        "case": 8,
        "collider1": {
            "type": "Box",
            "collider2origin": [
                [
                    1.0,
                    0.0,
                    0.0,
                    1.28
                ],
                [
                    0.0,
                    1.0,
                    0.0,
                    -0.23086
                ],
                [
                    0.0,
                    0.0,
                    1.0,
                    -0.67301
                ],
                [
                    0.0,
                    0.0,
                    0.0,
                    1.0
                ]
            ],
            "size": [
                0.06,
                0.06,
                0.33
            ]
        },
        "collider2": {
            "type": "Cylinder",
            "collider2origin": [
                [
                    0.950135204248697,
                    -0.28825216550458593,
                    0.1189696714679975,
                    1.2890217510521647
                ],
                [
                    -0.06999026309386042,
                    0.17465454103129752,
                    0.9821390707884493,
                    -0.24705484073530026
                ],
                [
                    -0.3038823073483199,
                    -0.9414916252304436,
                    0.14577058311469326,
                    -0.815081636849307
                ],
                [
                    0.0,
                    0.0,
                    0.0,
                    1.0
                ]
            ],
            "radius": 0.00783,
            "height": 0.03683
        },
        "distance": 0.0
    },
    {
        "case": 9,
        "collider1": {
            "type": "Box",
            "collider2origin": [
                [
                    1.0,
                    0.0,
                    0.0,
                    1.2009999999999998
                ],
                [
                    0.0,
                    1.0,
                    0.0,
                    0.02914
                ],
                [
                    0.0,
                    0.0,
                    1.0,
                    -1.22801
                ],
                [
                    0.0,
                    0.0,
                    0.0,
                    1.0
                ]
            ],
            "size": [
                0.41,
                0.6,
                0.82
            ]
        },
        "collider2": {
            "type": "Cylinder",
            "collider2origin": [
                [
                    0.4018439654555778,
                    -0.9067898496186778,
                    -0.12748959194958892,
                    1.3029122559162836
                ],
                [
                    -0.4304188367499926,
                    -0.30992932665897455,
                    0.8477519905299532,
                    -0.2520744664216461
                ],
                [
                    -0.8082456633955541,
                    -0.2857900997327422,
                    -0.5148426618851915,
                    -0.8689388255933167
                ],
                [
                    0.0,
                    0.0,
                    0.0,
                    1.0
                ]
            ],
            "radius": 0.01271,
            "height": 0.05982
        },
        "distance": 0.0
    },
    {
        "case": 10,
        "collider1": {
            "type": "Box",
            "collider2origin": [
                [
                    1.0,
                    0.0,
                    0.0,
                    1.2009999999999998
                ],
                [
                    0.0,
                    1.0,
                    0.0,
                    0.02914
                ],
                [
                    0.0,
                    0.0,
                    1.0,
                    -1.22801
                ],
                [
                    0.0,
                    0.0,
                    0.0,
                    1.0
                ]
            ],
            "size": [
                0.41,
                0.6,
                0.82
            ]
        },
        "collider2": {
            "type": "Cylinder",
            "collider2origin": [
                [
                    0.8955359032464495,
                    -0.4072932171487974,
                    0.17924196289135969,
                    1.3052089274419796
                ],
                [
                    0.017099673505868933,
                    0.43400084417762763,
                    0.9007501698135273,
                    -0.23704030241716756
                ],
                [
                    -0.44466059771758243,
                    -0.8035891378793569,
                    0.3956279190347331,
                    -0.8266486115749588
                ],
                [
                    0.0,
                    0.0,
                    0.0,
                    1.0
                ]
            ],
            "radius": 0.00683,
            "height": 0.01782
        },
        "distance": 0.0
    },
    {
        "case": 11,
        "collider1": {
            "type": "Box",
            "collider2origin": [
                [
                    1.0,
                    0.0,
                    0.0,
                    1.28
                ],
                [
                    0.0,
                    1.0,
                    0.0,
                    -0.23086
                ],
                [
                    0.0,
                    0.0,
                    1.0,
                    -0.67301
                ],
                [
                    0.0,
                    0.0,
                    0.0,
                    1.0
                ]
            ],
            "size": [
                0.06,
                0.06,
                0.33
            ]
        },
        "collider2": {
            "type": "Cylinder",
            "collider2origin": [
                [
                    0.8955359032464495,
                    -0.4072932171487974,
                    0.17924196289135969,
                    1.3052089274419796
                ],
                [
                    0.017099673505868933,
                    0.43400084417762763,
                    0.9007501698135273,
                    -0.23704030241716756
                ],
                [
                    -0.44466059771758243,
                    -0.8035891378793569,
                    0.3956279190347331,
                    -0.8266486115749588
                ],
                [
                    0.0,
                    0.0,
                    0.0,
                    1.0
                ]
            ],
            "radius": 0.00683,
            "height": 0.01782
        },
        "distance": 0.0
    },
    {
        "case": 12,
        "collider1": {
            "type": "Box",
            "collider2origin": [
                [
                    1.0,
                    0.0,
                    0.0,
                    1.2009999999999998
                ],
                [
                    0.0,
                    1.0,
                    0.0,
                    0.02914
                ],
                [
                    0.0,
                    0.0,
                    1.0,
                    -1.22801
                ],
                [
                    0.0,
                    0.0,
                    0.0,
                    1.0
                ]
            ],
            "size": [
                0.41,
                0.6,
                0.82
            ]
        },
        "collider2": {
            "type": "Box",
            "collider2origin": [
                [
                    0.3036830658433799,
                    0.32525454273237997,
                    0.8955367541044397,
                    1.2478812690273478
                ],
                [
                    0.7069087589633496,
                    -0.7070980923754131,
                    0.017096615453025512,
                    -0.12948387796579042
                ],
                [
                    0.6387930823207637,
                    0.6278708228537155,
                    -0.4446590016947095,
                    -0.9268832981890746
                ],
                [
                    0.0,
                    0.0,
                    0.0,
                    1.0
                ]
            ],
            "size": [
                0.08993,
                0.0305,
                0.09007
            ]
        },
        "distance": 0.0
    },
    {
        "case": 13,
        "collider1": {
            "type": "Box",
            "collider2origin": [
                [
                    1.0,
                    0.0,
                    0.0,
                    1.2009999999999998
                ],
                [
                    0.0,
                    1.0,
                    0.0,
                    0.02914
                ],
                [
                    0.0,
                    0.0,
                    1.0,
                    -1.22801
                ],
                [
                    0.0,
                    0.0,
                    0.0,
                    1.0
                ]
            ],
            "size": [
                0.41,
                0.6,
                0.82
            ]
        },
        "collider2": {
            "type": "Cylinder",
            "collider2origin": [
                [
                    0.8955359032464495,
                    -0.4072932171487974,
                    0.17924196289135969,
                    1.3022858116010096
                ],
                [
                    0.017099673505868933,
                    0.43400084417762763,
                    0.9007501698135273,
                    -0.2517428091441902
                ],
                [
                    -0.44466059771758243,
                    -0.8035891378793569,
                    0.3956279190347331,
                    -0.8331010909218549
                ],
                [
                    0.0,
                    0.0,
                    0.0,
                    1.0
                ]
            ],
            "radius": 0.00683,
            "height": 0.01183
        },
        "distance": 0.0
    },
    {
        "case": 14,
        "collider1": {
            "type": "Box",
            "collider2origin": [
                [
                    1.0,
                    0.0,
                    0.0,
                    1.28
                ],
                [
                    0.0,
                    1.0,
                    0.0,
                    -0.23086
                ],
                [
                    0.0,
                    0.0,
                    1.0,
                    -0.67301
                ],
                [
                    0.0,
                    0.0,
                    0.0,
                    1.0
                ]
            ],
            "size": [
                0.06,
                0.06,
                0.33
            ]
        },
        "collider2": {
            "type": "Cylinder",
            "collider2origin": [
                [
                    0.8955359032464495,
                    -0.4072932171487974,
                    0.17924196289135969,
                    1.3022858116010096
                ],
                [
                    0.017099673505868933,
                    0.43400084417762763,
                    0.9007501698135273,
                    -0.2517428091441902
                ],
                [
                    -0.44466059771758243,
                    -0.8035891378793569,
                    0.3956279190347331,
                    -0.8331010909218549
                ],
                [
                    0.0,
                    0.0,
                    0.0,
                    1.0
                ]
            ],
            "radius": 0.00683,
            "height": 0.01183
        },
        "distance": 0.0
    },
    {
        "case": 15,
        "collider1": {
            "type": "Box",
            "collider2origin": [
                [
                    1.0,
                    0.0,
                    0.0,
                    1.2009999999999998
                ],
                [
                    0.0,
                    1.0,
                    0.0,
                    0.02914
                ],
                [
                    0.0,
                    0.0,
                    1.0,
                    -1.22801
                ],
                [
                    0.0,
                    0.0,
                    0.0,
                    1.0
                ]
            ],
            "size": [
                0.41,
                0.6,
                0.82
            ]
        },
        "collider2": {
            "type": "Cylinder",
            "collider2origin": [
                [
                    0.9720883617649274,
                    -0.07381714466170822,
                    0.22269990138114373,
                    1.2691618331357686
                ],
                [
                    -0.18779081852781745,
                    0.32418714321344977,
                    0.9271662767010856,
                    -0.24294114195413263
                ],
                [
                    -0.14063721199537135,
                    -0.9431085437684754,
                    0.30127636693420573,
                    -0.818662410547499
                ],
                [
                    0.0,
                    0.0,
                    0.0,
                    1.0
                ]
            ],
            "radius": 0.00783,
            "height": 0.03044
        },
        "distance": 0.0
    },
    {
        "case": 16,
        "collider1": {
            "type": "Box",
            "collider2origin": [
                [
                    1.0,
                    0.0,
                    0.0,
                    1.28
                ],
                [
                    0.0,
                    1.0,
                    0.0,
                    -0.23086
                ],
                [
                    0.0,
                    0.0,
                    1.0,
                    -0.67301
                ],
                [
                    0.0,
                    0.0,
                    0.0,
                    1.0
                ]
            ],
            "size": [
                0.06,
                0.06,
                0.33
            ]
        },
        "collider2": {
            "type": "Cylinder",
            "collider2origin": [
                [
                    0.9720883617649274,
                    -0.07381714466170822,
                    0.22269990138114373,
                    1.2691618331357686
                ],
                [
                    -0.18779081852781745,
                    0.32418714321344977,
                    0.9271662767010856,
                    -0.24294114195413263
                ],
                [
                    -0.14063721199537135,
                    -0.9431085437684754,
                    0.30127636693420573,
                    -0.818662410547499
                ],
                [
                    0.0,
                    0.0,
                    0.0,
                    1.0
                ]
            ],
            "radius": 0.00783,
            "height": 0.03044
        },
        "distance": 0.0
    },
    {
        "case": 17,
        "collider1": {
            "type": "Box",
            "collider2origin": [
                [
                    1.0,
                    0.0,
                    0.0,
                    1.2009999999999998
                ],
                [
                    0.0,
                    1.0,
                    0.0,
                    0.02914
                ],
                [
                    0.0,
                    0.0,
                    1.0,
                    -1.22801
                ],
                [
                    0.0,
                    0.0,
                    0.0,
                    1.0
                ]
            ],
            "size": [
                0.41,
                0.6,
                0.82
            ]
        },
        "collider2": {
            "type": "Box",
            "collider2origin": [
                [
                    0.9167985583947338,
                    0.34635616973668987,
                    -0.19879086249289,
                    1.296889814542245
                ],
                [
                    0.0014781722076291262,
                    -0.5007258431219431,
                    -0.8656046701796055,
                    -0.20823865688302456
                ],
                [
                    -0.39934724029628976,
                    0.7932912666323434,
                    -0.45957670518923055,
                    -0.8299491847786908
                ],
                [
                    0.0,
                    0.0,
                    0.0,
                    1.0
                ]
            ],
            "size": [
                0.07264,
                0.04753,
                0.03326
            ]
        },
        "distance": 0.0
    },
    {
        "case": 18,
        "collider1": {
            "type": "Box",
            "collider2origin": [
                [
                    1.0,
                    0.0,
                    0.0,
                    1.28
                ],
                [
                    0.0,
                    1.0,
                    0.0,
                    -0.23086
                ],
                [
                    0.0,
                    0.0,
                    1.0,
                    -0.67301
                ],
                [
                    0.0,
                    0.0,
                    0.0,
                    1.0
                ]
            ],
            "size": [
                0.06,
                0.06,
                0.33
            ]
        },
        "collider2": {
            "type": "Box",
            "collider2origin": [
                [
                    0.9167985583947338,
                    0.34635616973668987,
                    -0.19879086249289,
                    1.296889814542245
                ],
                [
                    0.0014781722076291262,
                    -0.5007258431219431,
                    -0.8656046701796055,
                    -0.20823865688302456
                ],
                [
                    -0.39934724029628976,
                    0.7932912666323434,
                    -0.45957670518923055,
                    -0.8299491847786908
                ],
                [
                    0.0,
                    0.0,
                    0.0,
                    1.0
                ]
            ],
            "size": [
                0.07264,
                0.04753,
                0.03326
            ]
        },
        "distance": 0.0
    },
    {
        "case": 19,
        "collider1": {
            "type": "Box",
            "collider2origin": [
                [
                    1.0,
                    0.0,
                    0.0,
                    1.2009999999999998
                ],
                [
                    0.0,
                    1.0,
                    0.0,
                    0.02914
                ],
                [
                    0.0,
                    0.0,
                    1.0,
                    -1.22801
                ],
                [
                    0.0,
                    0.0,
                    0.0,
                    1.0
                ]
            ],
            "size": [
                0.41,
                0.6,
                0.82
            ]
        },
        "collider2": {
            "type": "Box",
            "collider2origin": [
                [
                    0.8547917220180522,
                    0.3463525311293237,
                    -0.38648549280629313,
                    1.2770929316066928
                ],
                [
                    -0.17993458617154282,
                    -0.500729601737648,
                    -0.8466955832192178,
                    -0.18456163498140654
                ],
                [
                    -0.4867798852342691,
                    0.7932904828144396,
                    -0.36569871917651614,
                    -0.8709110909831919
                ],
                [
                    0.0,
                    0.0,
                    0.0,
                    1.0
                ]
            ],
            "size": [
                0.06241,
                0.05638,
                0.02858
            ]
        },
        "distance": 0.0
    },
    {
        "case": 20,
        "collider1": {
            "type": "Box",
            "collider2origin": [
                [
                    1.0,
                    0.0,
                    0.0,
                    1.28
                ],
                [
                    0.0,
                    1.0,
                    0.0,
                    -0.23086
                ],
                [
                    0.0,
                    0.0,
                    1.0,
                    -0.67301
                ],
                [
                    0.0,
                    0.0,
                    0.0,
                    1.0
                ]
            ],
            "size": [
                0.06,
                0.06,
                0.33
            ]
        },
        "collider2": {
            "type": "Box",
            "collider2origin": [
                [
                    0.8547917220180522,
                    0.3463525311293237,
                    -0.38648549280629313,
                    1.2770929316066928
                ],
                [
                    -0.17993458617154282,
                    -0.500729601737648,
                    -0.8466955832192178,
                    -0.18456163498140654
                ],
                [
                    -0.4867798852342691,
                    0.7932904828144396,
                    -0.36569871917651614,
                    -0.8709110909831919
                ],
                [
                    0.0,
                    0.0,
                    0.0,
                    1.0
                ]
            ],
            "size": [
                0.06241,
                0.05638,
                0.02858
            ]
        },
        "distance": 0.0
    },
    {
        "case": 21,
        "collider1": {
            "type": "Box",
            "collider2origin": [
                [
                    1.0,
                    0.0,
                    0.0,
                    1.2009999999999998
                ],
                [
                    0.0,
                    1.0,
                    0.0,
                    0.02914
                ],
                [
                    0.0,
                    0.0,
                    1.0,
                    -1.22801
                ],
                [
                    0.0,
                    0.0,
                    0.0,
                    1.0
                ]
            ],
            "size": [
                0.41,
                0.6,
                0.82
            ]
        },
        "collider2": {
            "type": "Sphere",
            "collider2origin": [
                [
                    1.0,
                    0.0,
                    0.0,
                    1.2589825042704703
                ],
                [
                    0.0,
                    1.0,
                    0.0,
                    -0.27419608995469047
                ],
                [
                    0.0,
                    0.0,
                    1.0,
                    -0.8417786643385985
                ],
                [
                    0.0,
                    0.0,
                    0.0,
                    1.0
                ]
            ],
            "radius": 0.00484
        },
        "distance": 0.0
    },
    {
        "case": 22,
        "collider1": {
            "type": "Box",
            "collider2origin": [
                [
                    1.0,
                    0.0,
                    0.0,
                    0.7
                ],
                [
                    0.0,
                    1.0,
                    0.0,
                    -0.15085999999999994
                ],
                [
                    0.0,
                    0.0,
                    1.0,
                    -1.03301
                ],
                [
                    0.0,
                    0.0,
                    0.0,
                    1.0
                ]
            ],
            "size": [
                0.6,
                0.06,
                0.06
            ]
        },
        "collider2": {
            "type": "Box",
            "collider2origin": [
                [
                    0.017328780397893352,
                    0.9980548241747231,
                    0.059885568474248425,
                    1.0841581839397432
                ],
                [
                    0.2773486293814841,
                    -0.06234234451421555,
                    0.9587445800945542,
                    -0.4258369944598335
                ],
                [
                    0.9606130600559902,
                    -4.693950065189441e-06,
                    -0.2778894543300141,
                    -0.9789679871588753
                ],
                [
                    0.0,
                    0.0,
                    0.0,
                    1.0
                ]
            ],
