[
    {
        "case": 0,
        "collider1": {
            "type": "Box",
            "collider2origin": [
                [
                    1.0,
                    0.0,
                    0.0,
                    -0.06
                ],
                [
                    0.0,
                    1.0,
                    0.0,
                    -0.37086
                ],
                [
                    0.0,
                    0.0,
                    1.0,
                    -0.40301
                ],
                [
                    0.0,
                    0.0,
                    0.0,
                    1.0
                ]
            ],
            "size": [
                0.1,
                1.0,
                1.64
            ]
        },
        "collider2": {
            "type": "Cylinder",
            "collider2origin": [
                [
                    0.3406477213905198,
                    0.7969920427780001,
                    0.498761279230853,
                    -0.09704343948833394
                ],
                [
                    -0.8170503486595325,
                    -0.011524787878700569,
                    0.576451131510457,
                    -0.8352335666907579
                ],
                [
                    0.46517508280945363,
                    -0.6038798415354673,
                    0.6472567337002498,
                    -1.080783735247427
                ],
                [
                    0.0,
                    0.0,
                    0.0,
                    1.0
                ]
            ],
            "radius": 0.01271,
            "height": 0.05982
        },
        "distance": 0.0
    },
    {
        "case": 1,
        "collider1": {
            "type": "Box",
            "collider2origin": [
                [
                    1.0,
                    0.0,
                    0.0,
                    -0.06
                ],
                [
                    0.0,
                    1.0,
                    0.0,
                    -0.37086
                ],
                [
                    0.0,
                    0.0,
                    1.0,
                    -0.40301
                ],
                [
                    0.0,
                    0.0,
                    0.0,
                    1.0
                ]
            ],
            "size": [
                0.1,
                1.0,
                1.64
            ]
        },
        "collider2": {
            "type": "Box",
            "collider2origin": [
                [
                    0.7781390521768698,
                    -0.37239471883536496,
                    0.5057882846219476,
                    0.01833789223164395
                ],
                [
                    -0.3122363251605027,
                    -0.9280744438556243,
                    -0.2029440906070887,
                    -0.7784557084769335
                ],
                [
                    0.5449844885201298,
                    -6.752989694536136e-06,
                    -0.8384461266097238,
                    -0.868611826711618
                ],
                [
                    0.0,
                    0.0,
                    0.0,
                    1.0
                ]
            ],
            "size": [
                0.09102,
                0.10007,
                0.11882
            ]
        },
        "distance": 0.0
    },
    {
        "case": 2,
        "collider1": {
            "type": "Box",
            "collider2origin": [
                [
                    1.0,
                    0.0,
                    0.0,
                    -0.06
                ],
                [
                    0.0,
                    1.0,
                    0.0,
                    -0.37086
                ],
                [
                    0.0,
                    0.0,
                    1.0,
                    -0.40301
                ],
                [
                    0.0,
                    0.0,
                    0.0,
                    1.0
                ]
            ],
            "size": [
                0.1,
                1.0,
                1.64
            ]
        },
        "collider2": {
            "type": "Box",
            "collider2origin": [
                [
                    -0.3721475138763133,
                    -0.8339443208025347,
                    -0.4074838619097427,
                    0.009749757067187614
                ],
                [
                    0.5802038220602154,
                    0.1336578241796926,
                    -0.8034295929963421,
                    -0.7956681474345448
                ],
                [
                    0.7244789526151858,
                    -0.5354180197161367,
                    0.43411725533645085,
                    -1.004064662259553
                ],
                [
                    0.0,
                    0.0,
                    0.0,
                    1.0
                ]
            ],
            "size": [
                0.08993,
                0.0305,
                0.09007
            ]
        },
        "distance": 0.0
    },
    {
        "case": 3,
        "collider1": {
            "type": "Box",
            "collider2origin": [
                [
                    1.0,
                    0.0,
                    0.0,
                    -0.06
                ],
                [
                    0.0,
                    1.0,
                    0.0,
                    -0.37086
                ],
                [
                    0.0,
                    0.0,
                    1.0,
                    -0.40301
                ],
                [
                    0.0,
                    0.0,
                    0.0,
                    1.0
                ]
            ],
            "size": [
                0.1,
                1.0,
                1.64
            ]
        },
        "collider2": {
            "type": "Box",
            "collider2origin": [
                [
                    -0.2207276060855625,
                    -0.8339409661666253,
                    0.5057882846219476,
                    0.07050682700147148
                ],
                [
                    -0.9700250989013156,
                    0.13366002988610443,
                    -0.2029440906070887,
                    -0.8041640065525657
                ],
                [
                    0.10163971376007166,
                    -0.5354226941024455,
                    -0.8384461266097238,
                    -0.9613383594137829
                ],
                [
                    0.0,
                    0.0,
                    0.0,
                    1.0
                ]
            ],
            "size": [
                0.09126,
                0.11887,
                0.10009
            ]
        },
        "distance": 0.0
    },
    {
        "case": 4,
        "collider1": {
            "type": "Box",
            "collider2origin": [
                [
                    1.0,
                    0.0,
                    0.0,
                    -0.06
                ],
                [
                    0.0,
                    1.0,
                    0.0,
                    -0.37086
                ],
                [
                    0.0,
                    0.0,
                    1.0,
                    -0.40301
                ],
                [
                    0.0,
                    0.0,
                    0.0,
                    1.0
                ]
            ],
            "size": [
                0.1,
                1.0,
                1.64
            ]
        },
        "collider2": {
            "type": "Sphere",
            "collider2origin": [
                [
                    1.0,
                    0.0,
                    0.0,
                    -0.11690279490610567
                ],
                [
                    0.0,
                    1.0,
                    0.0,
                    -0.854567147205524
                ],
                [
                    0.0,
                    0.0,
                    1.0,
                    -1.1058341178167548
                ],
                [
                    0.0,
                    0.0,
                    0.0,
                    1.0
                ]
            ],
            "radius": 0.01051
        },
        "distance": 0.0
    },
    {
        "case": 5,
        "collider1": {
            "type": "Box",
            "collider2origin": [
                [
                    1.0,
                    0.0,
                    0.0,
                    -0.06
                ],
                [
                    0.0,
                    1.0,
                    0.0,
                    -0.37086
                ],
                [
                    0.0,
                    0.0,
                    1.0,
                    -0.40301
                ],
                [
                    0.0,
                    0.0,
                    0.0,
                    1.0
                ]
            ],
            "size": [
                0.1,
                1.0,
                1.64
            ]
        },
        "collider2": {
            "type": "Cylinder",
            "collider2origin": [
                [
                    0.3599238885216964,
                    0.7380465494601958,
                    0.570738193308736,
                    -0.10370895737995123
                ],
                [
                    -0.8342746755787577,
                    -0.01925174015123968,
                    0.5510128276084938,
                    -0.8425714563476432
                ],
                [
                    0.41766081951672224,
                    -0.6744751006012359,
                    0.6088043844368828,
                    -1.0918145260903314
                ],
                [
                    0.0,
                    0.0,
                    0.0,
                    1.0
                ]
            ],
            "radius": 0.01169,
            "height": 0.05502
        },
        "distance": 0.0
    },
    {
        "case": 6,
        "collider1": {
            "type": "Box",
            "collider2origin": [
                [
                    1.0,
                    0.0,
                    0.0,
                    -0.06
                ],
                [
                    0.0,
                    1.0,
                    0.0,
                    -0.37086
                ],
                [
                    0.0,
                    0.0,
                    1.0,
                    -0.40301
                ],
                [
                    0.0,
                    0.0,
                    0.0,
                    1.0
                ]
            ],
            "size": [
                0.1,
                1.0,
                1.64
            ]
        },
        "collider2": {
            "type": "Cylinder",
            "collider2origin": [
                [
                    -0.7036250680759791,
                    0.6299710314976261,
                    0.3287069561918188,
                    -0.1155080283450618
                ],
                [
                    -0.6537429164799275,
                    -0.7551959644416083,
                    0.04795054163851839,
                    -0.7427584470837467
                ],
                [
                    0.2784456189768335,
                    -0.18115064108339668,
                    0.9432139113200575,
                    -1.1050299894252515
                ],
                [
                    0.0,
                    0.0,
                    0.0,
                    1.0
                ]
            ],
            "radius": 0.00783,
            "height": 0.03044
        },
        "distance": 0.0
    },
    {
        "case": 7,
        "collider1": {
            "type": "Box",
            "collider2origin": [
                [
                    1.0,
                    0.0,
                    0.0,
                    -0.06
                ],
                [
                    0.0,
                    1.0,
                    0.0,
                    -0.37086
                ],
                [
                    0.0,
                    0.0,
                    1.0,
                    -0.40301
                ],
                [
                    0.0,
                    0.0,
                    0.0,
                    1.0
                ]
            ],
            "size": [
                0.1,
                1.0,
                1.64
            ]
        },
        "collider2": {
            "type": "Box",
            "collider2origin": [
                [
                    -0.41550147976469526,
                    -0.8797539921635078,
                    0.23106586417235775,
                    -0.062211837426767724
                ],
                [
                    -0.8767427483251858,
                    0.31970436467965074,
                    -0.35932057061067363,
                    -0.781458952823322
                ],
                [
                    0.24224094115683167,
                    -0.3518835495972366,
                    -0.9041555695511146,
                    -1.0445541205716489
                ],
                [
                    0.0,
                    0.0,
                    0.0,
                    1.0
                ]
            ],
            "size": [
                0.06241,
                0.05638,
                0.02858
            ]
        },
        "distance": 0.0
    },
    {
        "case": 8,
        "collider1": {
            "type": "Box",
            "collider2origin": [
                [
                    1.0,
                    0.0,
                    0.0,
                    -0.06
                ],
                [
                    0.0,
                    1.0,
                    0.0,
                    -0.37086
                ],
                [
                    0.0,
                    0.0,
                    1.0,
                    -0.40301
                ],
                [
                    0.0,
                    0.0,
                    0.0,
                    1.0
                ]
            ],
            "size": [
                0.1,
                1.0,
                1.64
            ]
        },
        "collider2": {
            "type": "Box",
            "collider2origin": [
                [
                    -0.4546922738622984,
                    -0.8797559714448369,
                    0.1388681633675743,
                    -0.1083750668796104
                ],
                [
                    -0.7819879904009897,
                    0.31970431704904123,
                    -0.5350550742949994,
                    -0.7652492946037581
                ],
                [
                    0.4263211453336018,
                    -0.3518786443752401,
                    -0.8333256870360402,
                    -1.0599358931251983
                ],
                [
                    0.0,
                    0.0,
                    0.0,
                    1.0
                ]
            ],
            "size": [
                0.07264,
                0.04753,
                0.03326
            ]
        },
        "distance": 0.0
    },
    {
        "case": 9,
        "collider1": {
            "type": "Box",
            "collider2origin": [
                [
                    1.0,
                    0.0,
                    0.0,
                    -0.26
                ],
                [
                    0.0,
                    1.0,
                    0.0,
                    -0.4608599999999999
                ],
                [
                    0.0,
                    0.0,
                    1.0,
                    -1.143
                ],
                [
                    0.0,
                    0.0,
                    0.0,
                    1.0
                ]
            ],
            "size": [
                1.48,
                0.272,
                0.945
            ]
        },
        "collider2": {
            "type": "Box",
            "collider2origin": [
                [
                    0.08635569244046964,
                    -0.3723999709098487,
                    -0.924045970744676,
                    0.3285350942293912
                ],
                [
                    -0.034646932704817834,
                    -0.9280723364319311,
                    0.3707847467250023,
                    -0.7825033229486382
                ],
                [
                    -0.9956617319337299,
                    -4.014985252873339e-06,
                    -0.09304684597881344,
                    -0.8390987751240044
                ],
                [
                    0.0,
                    0.0,
                    0.0,
                    1.0
                ]
            ],
            "size": [
                0.1202,
                0.13634,
                0.67816
            ]
        },
        "distance": 0.0
    },
    {
        "case": 10,
        "collider1": {
            "type": "Box",
            "collider2origin": [
                [
                    1.0,
                    0.0,
                    0.0,
                    -0.06
                ],
                [
                    0.0,
                    1.0,
                    0.0,
                    -0.37086
                ],
                [
                    0.0,
                    0.0,
                    1.0,
                    -0.40301
                ],
                [
                    0.0,
                    0.0,
                    0.0,
                    1.0
                ]
            ],
            "size": [
                0.1,
                1.0,
                1.64
            ]
        },
        "collider2": {
            "type": "Box",
            "collider2origin": [
                [
                    0.08635569244046964,
                    -0.3723999709098487,
                    -0.924045970744676,
                    0.3285350942293912
                ],
                [
                    -0.034646932704817834,
                    -0.9280723364319311,
                    0.3707847467250023,
                    -0.7825033229486382
                ],
                [
                    -0.9956617319337299,
                    -4.014985252873339e-06,
                    -0.09304684597881344,
                    -0.8390987751240044
                ],
                [
                    0.0,
                    0.0,
                    0.0,
                    1.0
                ]
            ],
            "size": [
                0.1202,
                0.13634,
                0.67816
            ]
        },
        "distance": 0.0
    }
]