[
    {
        "case": 0,
        "collider1": {
            "type": "Box",
            "collider2origin": [
                [
                    1.0,
                    0.0,
                    0.0,
                    0.5199999999999999
                ],
                [
                    0.0,
                    1.0,
                    0.0,
                    -0.43085999999999997
                ],
                [
                    0.0,
                    0.0,
                    1.0,
                    -0.80301
                ],
                [
                    0.0,
                    0.0,
                    0.0,
                    1.0
                ]
            ],
            "size": [
                0.2,
                0.08,
                0.04
            ]
        },
        "collider2": {
            "type": "Box",
            "collider2origin": [
                [
                    -0.2455865334529626,
                    -0.7760687872396607,
                    -0.5808652959670761,
                    0.6281216444411906
                ],
                [
                    0.3022193490329074,
                    -0.6306482676320708,
                    0.7148050276843284,
                    -0.618800186065297
                ],
                [
                    -0.9210595635770155,
                    -2.242779233679931e-06,
                    0.3894217255602047,
                    -0.8116142894122116
                ],
                [
                    0.0,
                    0.0,
                    0.0,
                    1.0
                ]
            ],
            "size": [
                0.1202,
                0.13634,
                0.67816
            ]
        },
        "distance": 0.0
    },
    {
        "case": 1,
        "collider1": {
            "type": "Cylinder",
            "collider2origin": [
                [
                    1.0,
                    0.0,
                    0.0,
                    0.4849999999999999
                ],
                [
                    0.0,
                    -3.673205103346574e-06,
                    -0.9999999999932537,
                    -0.46086
                ],
                [
                    0.0,
                    0.9999999999932537,
                    -3.673205103346574e-06,
                    -0.70001
                ],
                [
                    0.0,
                    0.0,
                    0.0,
                    1.0
                ]
            ],
            "radius": 0.026,
            "height": 0.272
        },
        "collider2": {
            "type": "Box",
            "collider2origin": [
                [
                    -0.2455865334529626,
                    -0.7760687872396607,
                    -0.5808652959670761,
                    0.6281216444411906
                ],
                [
                    0.3022193490329074,
                    -0.6306482676320708,
                    0.7148050276843284,
                    -0.618800186065297
                ],
                [
                    -0.9210595635770155,
                    -2.242779233679931e-06,
                    0.3894217255602047,
                    -0.8116142894122116
                ],
                [
                    0.0,
                    0.0,
                    0.0,
                    1.0
                ]
            ],
            "size": [
                0.1202,
                0.13634,
                0.67816
            ]
        },
        "distance": 0.0
    },
    {
        "case": 2,
        "collider1": {
            "type": "Box",
            "collider2origin": [
                [
                    1.0,
                    0.0,
                    0.0,
                    -0.26
                ],
                [
                    0.0,
                    1.0,
                    0.0,
                    -0.4608599999999999
                ],
                [
                    0.0,
                    0.0,
                    1.0,
                    -1.143
                ],
                [
                    0.0,
                    0.0,
                    0.0,
                    1.0
                ]
            ],
            "size": [
                1.48,
                0.272,
                0.945
            ]
        },
        "collider2": {
            "type": "Box",
            "collider2origin": [
                [
                    -0.2455865334529626,
                    -0.7760687872396607,
                    -0.5808652959670761,
                    0.6281216444411906
                ],
                [
                    0.3022193490329074,
                    -0.6306482676320708,
                    0.7148050276843284,
                    -0.618800186065297
                ],
                [
                    -0.9210595635770155,
                    -2.242779233679931e-06,
                    0.3894217255602047,
                    -0.8116142894122116
                ],
                [
                    0.0,
                    0.0,
                    0.0,
                    1.0
                ]
            ],
            "size": [
                0.1202,
                0.13634,
                0.67816
            ]
        },
        "distance": 0.0
    },
    {
        "case": 3,
        "collider1": {
            "type": "Box",
            "collider2origin": [
                [
                    1.0,
                    0.0,
                    0.0,
                    -0.26
                ],
                [
                    0.0,
                    1.0,
                    0.0,
                    -0.4608599999999999
                ],
                [
                    0.0,
                    0.0,
                    1.0,
                    -1.143
                ],
                [
                    0.0,
                    0.0,
                    0.0,
                    1.0
                ]
            ],
            "size": [
                1.48,
                0.272,
                0.945
            ]
        },
        "collider2": {
            "type": "Box",
            "collider2origin": [
                [
                    -0.4884610637127092,
                    0.8242080896474007,
                    -0.2865079653280711,
                    0.33840484999827114
                ],
                [
                    -0.8536581520286216,
                    -0.38335483828193656,
                    0.3525717337520252,
                    -0.4445162993096716
                ],
                [
                    0.1807582604245993,
                    0.41679742432699,
                    0.8908458667820487,
                    -0.5973734738397145
                ],
                [
                    0.0,
                    0.0,
                    0.0,
                    1.0
                ]
            ],
            "size": [
                0.09126,
                0.11887,
                0.10009
            ]
        },
        "distance": 0.0
    },
    {
        "case": 4,
        "collider1": {
            "type": "Box",
            "collider2origin": [
                [
                    1.0,
                    0.0,
                    0.0,
                    -0.26
                ],
                [
                    0.0,
                    1.0,
                    0.0,
                    -0.4608599999999999
                ],
                [
                    0.0,
                    0.0,
                    1.0,
                    -1.143
                ],
                [
                    0.0,
                    0.0,
                    0.0,
                    1.0
                ]
            ],
            "size": [
                1.48,
                0.272,
                0.945
            ]
        },
        "collider2": {
            "type": "Box",
            "collider2origin": [
                [
                    -0.5618114465726006,
                    -0.7760677060048116,
                    -0.2865079653280711,
                    0.3711800595945395
                ],
                [
                    0.6913568231114976,
                    -0.6306495981892548,
                    0.3525717337520252,
                    -0.47982730782645333
                ],
                [
                    -0.45430566982724235,
                    -4.0094551919025445e-07,
                    0.8908458667820487,
                    -0.6956059139677311
                ],
                [
                    0.0,
                    0.0,
                    0.0,
                    1.0
                ]
            ],
            "size": [
                0.09102,
                0.10007,
                0.11882
            ]
        },
        "distance": 0.0
    }
]