[
    {
        "case": 0,
        "collider1": {
            "type": "Box",
            "collider2origin": [
                [
                    1.0,
                    0.0,
                    0.0,
                    1.2009999999999998
                ],
                [
                    0.0,
                    1.0,
                    0.0,
                    0.02914
                ],
                [
                    0.0,
                    0.0,
                    1.0,
                    -1.22801
                ],
                [
                    0.0,
                    0.0,
                    0.0,
                    1.0
                ]
            ],
            "size": [
                0.41,
                0.6,
                0.82
            ]
        },
        "collider2": {
            "type": "Box",
            "collider2origin": [
                [
                    0.7393422381320702,
                    0.6097642573034836,
                    0.28558817452582297,
                    1.4245975983569577
                ],
                [
                    -0.32581163671511065,
                    -0.04720176382963042,
                    0.9442556702887159,
                    0.03562946959006186
                ],
                [
                    0.5892536230647053,
                    -0.7911760512088964,
                    0.1637700329688414,
                    -0.8205896141897479
                ],
                [
                    0.0,
                    0.0,
                    0.0,
                    1.0
                ]
            ],
            "size": [
                0.08993,
                0.0305,
                0.09007
            ]
        },
        "distance": 0.0
    },
    {
        "case": 1,
        "collider1": {
            "type": "Box",
            "collider2origin": [
                [
                    1.0,
                    0.0,
                    0.0,
                    1.2009999999999998
                ],
                [
                    0.0,
                    1.0,
                    0.0,
                    0.02914
                ],
                [
                    0.0,
                    0.0,
                    1.0,
                    -1.22801
                ],
                [
                    0.0,
                    0.0,
                    0.0,
                    1.0
                ]
            ],
            "size": [
                0.41,
                0.6,
                0.82
            ]
        },
        "collider2": {
            "type": "Box",
            "collider2origin": [
                [
                    0.648818887459609,
                    0.6097648803781927,
                    0.4552151600430763,
                    1.3771069965516864
                ],
                [
                    -0.5435973239253011,
                    -0.04720215406295782,
                    0.8380178435290433,
                    0.03506986693927128
                ],
                [
                    0.5324809862304253,
                    -0.7911755477194585,
                    0.3008409081123914,
                    -0.7627663954664845
                ],
                [
                    0.0,
                    0.0,
                    0.0,
                    1.0
                ]
            ],
            "size": [
                0.09126,
                0.11887,
                0.10009
            ]
        },
        "distance": 0.0
    },
    {
        "case": 2,
        "collider1": {
            "type": "Box",
            "collider2origin": [
                [
                    1.0,
                    0.0,
                    0.0,
                    1.2009999999999998
                ],
                [
                    0.0,
                    1.0,
                    0.0,
                    0.02914
                ],
                [
                    0.0,
                    0.0,
                    1.0,
                    -1.22801
                ],
                [
                    0.0,
                    0.0,
                    0.0,
                    1.0
                ]
            ],
            "size": [
                0.41,
                0.6,
                0.82
            ]
        },
        "collider2": {
            "type": "Box",
            "collider2origin": [
                [
                    0.1436020588992696,
                    -0.8787249892582133,
                    0.4552151600430763,
                    1.3294486625050754
                ],
                [
                    0.26435525468651944,
                    0.477328391410523,
                    0.8380178435290433,
                    -0.05839107184707504
                ],
                [
                    -0.9536743406422951,
                    -2.5681547443900447e-06,
                    0.30084090811239145,
                    -0.7937902841460307
                ],
                [
                    0.0,
                    0.0,
                    0.0,
                    1.0
                ]
            ],
            "size": [
                0.09102,
                0.10007,
                0.11882
            ]
        },
        "distance": 0.0
    },
    {
        "case": 3,
        "collider1": {
            "type": "Box",
            "collider2origin": [
                [
                    1.0,
                    0.0,
                    0.0,
                    1.2009999999999998
                ],
                [
                    0.0,
                    1.0,
                    0.0,
                    0.02914
                ],
                [
                    0.0,
                    0.0,
                    1.0,
                    -1.22801
                ],
                [
                    0.0,
                    0.0,
                    0.0,
                    1.0
                ]
            ],
            "size": [
                0.41,
                0.6,
                0.82
            ]
        },
        "collider2": {
            "type": "Box",
            "collider2origin": [
                [
                    -0.36384806386405416,
                    -0.8787255264848763,
                    0.3089596017706134,
                    1.3363432801207331
                ],
                [
                    -0.6698269777038608,
                    0.47732740237909543,
                    0.5687621391039815,
                    -0.27983481013690314
                ],
                [
                    -0.6472606942820572,
                    -6.473174436793977e-06,
                    -0.7622687148214906,
                    -0.5721999238264182
                ],
                [
                    0.0,
                    0.0,
                    0.0,
                    1.0
                ]
            ],
            "size": [
                0.1202,
                0.13634,
                0.67816
            ]
        },
        "distance": 0.0
    },
    {
        "case": 4,
        "collider1": {
            "type": "Box",
            "collider2origin": [
                [
                    1.0,
                    0.0,
                    0.0,
                    1.23
                ],
                [
                    0.0,
                    1.0,
                    0.0,
                    -0.23086
                ],
                [
                    0.0,
                    0.0,
                    1.0,
                    -0.54301
                ],
                [
                    0.0,
                    0.0,
                    0.0,
                    1.0
                ]
            ],
            "size": [
                0.1,
                0.16,
                0.1
            ]
        },
        "collider2": {
            "type": "Box",
            "collider2origin": [
                [
                    -0.36384806386405416,
                    -0.8787255264848763,
                    0.3089596017706134,
                    1.3363432801207331
                ],
                [
                    -0.6698269777038608,
                    0.47732740237909543,
                    0.5687621391039815,
                    -0.27983481013690314
                ],
                [
                    -0.6472606942820572,
                    -6.473174436793977e-06,
                    -0.7622687148214906,
                    -0.5721999238264182
                ],
                [
                    0.0,
                    0.0,
                    0.0,
                    1.0
                ]
            ],
            "size": [
                0.1202,
                0.13634,
                0.67816
            ]
        },
        "distance": 0.0
    },
    {
        "case": 5,
        "collider1": {
            "type": "Box",
            "collider2origin": [
                [
                    1.0,
                    0.0,
                    0.0,
                    1.28
                ],
                [
                    0.0,
                    1.0,
                    0.0,
                    -0.23086
                ],
                [
                    0.0,
                    0.0,
                    1.0,
                    -0.67301
                ],
                [
                    0.0,
                    0.0,
                    0.0,
                    1.0
                ]
            ],
            "size": [
                0.06,
                0.06,
                0.33
            ]
        },
        "collider2": {
            "type": "Box",
            "collider2origin": [
                [
                    -0.36384806386405416,
                    -0.8787255264848763,
                    0.3089596017706134,
                    1.3363432801207331
                ],
                [
                    -0.6698269777038608,
                    0.47732740237909543,
                    0.5687621391039815,
                    -0.27983481013690314
                ],
                [
                    -0.6472606942820572,
                    -6.473174436793977e-06,
                    -0.7622687148214906,
                    -0.5721999238264182
                ],
                [
                    0.0,
                    0.0,
                    0.0,
                    1.0
                ]
            ],
            "size": [
                0.1202,
                0.13634,
                0.67816
            ]
        },
        "distance": 0.0
    }
]