[
    {
        "case": 0,
        "collider1": {
            "type": "Box",
            "collider2origin": [
                [
                    1.0,
                    0.0,
                    0.0,
                    0.5199999999999999
                ],
                [
                    0.0,
                    1.0,
                    0.0,
                    -0.43085999999999997
                ],
                [
                    0.0,
                    0.0,
                    1.0,
                    -0.80301
                ],
                [
                    0.0,
                    0.0,
                    0.0,
                    1.0
                ]
            ],
            "size": [
                0.2,
                0.08,
                0.04
            ]
        },
        "collider2": {
            "type": "Box",
            "collider2origin": [
                [
                    -0.11549303310936364,
                    -0.7184654668048017,
                    -0.6859072330221908,
                    0.48677391375058376
                ],
                [
                    0.11930022267338329,
                    -0.6955626305370168,
                    0.7084914141120602,
                    -0.5391727420985717
                ],
                [
                    -0.9861180538724967,
                    -3.0632850875537573e-06,
                    0.16604572809119678,
                    -0.7790019166950078
                ],
                [
                    0.0,
                    0.0,
                    0.0,
                    1.0
                ]
            ],
            "size": [
                0.1202,
                0.13634,
                0.67816
            ]
        },
        "distance": 0.0
    },
    {
        "case": 1,
        "collider1": {
            "type": "Cylinder",
            "collider2origin": [
                [
                    1.0,
                    0.0,
                    0.0,
                    0.4849999999999999
                ],
                [
                    0.0,
                    -3.673205103346574e-06,
                    -0.9999999999932537,
                    -0.46086
                ],
                [
                    0.0,
                    0.9999999999932537,
                    -3.673205103346574e-06,
                    -0.70001
                ],
                [
                    0.0,
                    0.0,
                    0.0,
                    1.0
                ]
            ],
            "radius": 0.026,
            "height": 0.272
        },
        "collider2": {
            "type": "Box",
            "collider2origin": [
                [
                    -0.11549303310936364,
                    -0.7184654668048017,
                    -0.6859072330221908,
                    0.48677391375058376
                ],
                [
                    0.11930022267338329,
                    -0.6955626305370168,
                    0.7084914141120602,
                    -0.5391727420985717
                ],
                [
                    -0.9861180538724967,
                    -3.0632850875537573e-06,
                    0.16604572809119678,
                    -0.7790019166950078
                ],
                [
                    0.0,
                    0.0,
                    0.0,
                    1.0
                ]
            ],
            "size": [
                0.1202,
                0.13634,
                0.67816
            ]
        },
        "distance": 0.0
    },
    {
        "case": 2,
        "collider1": {
            "type": "Box",
            "collider2origin": [
                [
                    1.0,
                    0.0,
                    0.0,
                    0.246
                ],
                [
                    0.0,
                    1.0,
                    0.0,
                    -0.24786000000000002
                ],
                [
                    0.0,
                    0.0,
                    1.0,
                    -0.71801
                ],
                [
                    0.0,
                    0.0,
                    0.0,
                    1.0
                ]
            ],
            "size": [
                0.12,
                0.16,
                0.08
            ]
        },
        "collider2": {
            "type": "Box",
            "collider2origin": [
                [
                    -0.11549303310936364,
                    -0.7184654668048017,
                    -0.6859072330221908,
                    0.48677391375058376
                ],
                [
                    0.11930022267338329,
                    -0.6955626305370168,
                    0.7084914141120602,
                    -0.5391727420985717
                ],
                [
                    -0.9861180538724967,
                    -3.0632850875537573e-06,
                    0.16604572809119678,
                    -0.7790019166950078
                ],
                [
                    0.0,
                    0.0,
                    0.0,
                    1.0
                ]
            ],
            "size": [
                0.1202,
                0.13634,
                0.67816
            ]
        },
        "distance": 0.0
    },
    {
        "case": 3,
        "collider1": {
            "type": "Box",
            "collider2origin": [
                [
                    1.0,
                    0.0,
                    0.0,
                    -0.26
                ],
                [
                    0.0,
                    1.0,
                    0.0,
                    -0.4608599999999999
                ],
                [
                    0.0,
                    0.0,
                    1.0,
                    -1.143
                ],
                [
                    0.0,
                    0.0,
                    0.0,
                    1.0
                ]
            ],
            "size": [
                1.48,
                0.272,
                0.945
            ]
        },
        "collider2": {
            "type": "Box",
            "collider2origin": [
                [
                    -0.11549303310936364,
                    -0.7184654668048017,
                    -0.6859072330221908,
                    0.48677391375058376
                ],
                [
                    0.11930022267338329,
                    -0.6955626305370168,
                    0.7084914141120602,
                    -0.5391727420985717
                ],
                [
                    -0.9861180538724967,
                    -3.0632850875537573e-06,
                    0.16604572809119678,
                    -0.7790019166950078
                ],
                [
                    0.0,
                    0.0,
                    0.0,
                    1.0
                ]
            ],
            "size": [
                0.1202,
                0.13634,
                0.67816
            ]
        },
        "distance": 0.0
    },
    {
        "case": 4,
        "collider1": {
            "type": "Box",
            "collider2origin": [
                [
                    1.0,
                    0.0,
                    0.0,
                    -0.26
                ],
                [
                    0.0,
                    1.0,
                    0.0,
                    -0.4608599999999999
                ],
                [
                    0.0,
                    0.0,
                    1.0,
                    -1.143
                ],
                [
                    0.0,
                    0.0,
                    0.0,
                    1.0
                ]
            ],
            "size": [
                1.48,
                0.272,
                0.945
            ]
        },
        "collider2": {
            "type": "Box",
            "collider2origin": [
                [
                    -0.7872608080406768,
                    0.481149175632724,
                    0.385636993701448,
                    0.2534230800099121
                ],
                [
                    -0.5020477490104401,
                    -0.8632652249321857,
                    0.05216521001906527,
                    -0.49225036415743983
                ],
                [
                    0.3580062539072334,
                    -0.1525405592317443,
                    0.9211747390981668,
                    -0.6271874245690217
                ],
                [
                    0.0,
                    0.0,
                    0.0,
                    1.0
                ]
            ],
            "size": [
                0.08993,
                0.0305,
                0.09007
            ]
        },
        "distance": 0.0
    },
    {
        "case": 5,
        "collider1": {
            "type": "Box",
            "collider2origin": [
                [
                    1.0,
                    0.0,
                    0.0,
                    -0.26
                ],
                [
                    0.0,
                    1.0,
                    0.0,
                    -0.4608599999999999
                ],
                [
                    0.0,
                    0.0,
                    1.0,
                    -1.143
                ],
                [
                    0.0,
                    0.0,
                    0.0,
                    1.0
                ]
            ],
            "size": [
                1.48,
                0.272,
                0.945
            ]
        },
        "collider2": {
            "type": "Box",
            "collider2origin": [
                [
                    -0.8697456118066801,
                    0.4811481621420271,
                    0.10972245353788677,
                    0.21666467215399865
                ],
                [
                    -0.49186117414399105,
                    -0.8632658328462138,
                    -0.11333440435290418,
                    -0.4274301966218653
                ],
                [
                    0.04018900487345258,
                    -0.15254031567976675,
                    0.9874797699090339,
                    -0.6203910112043168
                ],
                [
                    0.0,
                    0.0,
                    0.0,
                    1.0
                ]
            ],
            "size": [
                0.09126,
                0.11887,
                0.10009
            ]
        },
        "distance": 0.0
    },
    {
        "case": 6,
        "collider1": {
            "type": "Box",
            "collider2origin": [
                [
                    1.0,
                    0.0,
                    0.0,
                    -0.26
                ],
                [
                    0.0,
                    1.0,
                    0.0,
                    -0.4608599999999999
                ],
                [
                    0.0,
                    0.0,
                    1.0,
                    -1.143
                ],
                [
                    0.0,
                    0.0,
                    0.0,
                    1.0
                ]
            ],
            "size": [
                1.48,
                0.272,
                0.945
            ]
        },
        "collider2": {
            "type": "Box",
            "collider2origin": [
                [
                    0.5659978851593505,
                    0.24141310244281544,
                    0.7882677895005459,
                    0.28928939152600563
                ],
                [
                    0.05471062404492422,
                    -0.9650551662170056,
                    0.2562718747238608,
                    -0.5672504752131058
                ],
                [
                    0.8225892909658848,
                    -0.10192271644143948,
                    -0.559427044628198,
                    -0.6375970147572733
                ],
                [
                    0.0,
                    0.0,
                    0.0,
                    1.0
                ]
            ],
            "size": [
                0.06241,
                0.05638,
                0.02858
            ]
        },
        "distance": 0.0
    },
    {
        "case": 7,
        "collider1": {
            "type": "Box",
            "collider2origin": [
                [
                    1.0,
                    0.0,
                    0.0,
                    -0.26
                ],
                [
                    0.0,
                    1.0,
                    0.0,
                    -0.4608599999999999
                ],
                [
                    0.0,
                    0.0,
                    1.0,
                    -1.143
                ],
                [
                    0.0,
                    0.0,
                    0.0,
                    1.0
                ]
            ],
            "size": [
                1.48,
                0.272,
                0.945
            ]
        },
        "collider2": {
            "type": "Box",
            "collider2origin": [
                [
                    -0.6868570125117305,
                    -0.7184625442937767,
                    0.10972245353788677,
                    0.20666788154703075
                ],
                [
                    0.709467222881411,
                    -0.6955656492718073,
                    -0.11333440435290418,
                    -0.4105210870746828
                ],
                [
                    0.1577456941421831,
                    -4.598937306552e-08,
                    0.9874797699090339,
                    -0.7280759809309444
                ],
                [
                    0.0,
                    0.0,
                    0.0,
                    1.0
                ]
            ],
            "size": [
                0.09102,
                0.10007,
                0.11882
            ]
        },
        "distance": 0.0
    },
    {
        "case": 8,
        "collider1": {
            "type": "Box",
            "collider2origin": [
                [
                    1.0,
                    0.0,
                    0.0,
                    -0.26
                ],
                [
                    0.0,
                    1.0,
                    0.0,
                    -0.4608599999999999
                ],
                [
                    0.0,
                    0.0,
                    1.0,
                    -1.143
                ],
                [
                    0.0,
                    0.0,
                    0.0,
                    1.0
                ]
            ],
            "size": [
                1.48,
                0.272,
                0.945
            ]
        },
        "collider2": {
            "type": "Box",
            "collider2origin": [
                [
                    0.38825829288422237,
                    0.24141042104074983,
                    0.8893685999739125,
                    0.300318420514613
                ],
                [
                    -0.00020026860829812558,
                    -0.9650563033211611,
                    0.26204253721977944,
                    -0.6172623433726048
                ],
                [
                    0.9215505726215538,
                    -0.10191830077578262,
                    -0.37464276593558155,
                    -0.640348244076206
                ],
                [
                    0.0,
                    0.0,
                    0.0,
                    1.0
                ]
            ],
            "size": [
                0.07264,
                0.04753,
                0.03326
            ]
        },
        "distance": 0.0
    }
]