[
    {
        "case": 0,
        "collider1": {
            "type": "Box",
            "collider2origin": [
                [
                    1.0,
                    0.0,
                    0.0,
                    0.5199999999999999
                ],
                [
                    0.0,
                    1.0,
                    0.0,
                    -0.43085999999999997
                ],
                [
                    0.0,
                    0.0,
                    1.0,
                    -0.80301
                ],
                [
                    0.0,
                    0.0,
                    0.0,
                    1.0
                ]
            ],
            "size": [
                0.2,
                0.08,
                0.04
            ]
        },
        "collider2": {
            "type": "Box",
            "collider2origin": [
                [
                    -0.37876737077559375,
                    -0.8459836646935073,
                    -0.37529577390038277,
                    0.6749700224121143
                ],
                [
                    0.6009498510909527,
                    -0.5332088137593107,
                    0.5954390291231759,
                    -0.5747072909100579
                ],
                [
                    -0.703842706369474,
                    -1.0639223413460165e-06,
                    0.710355857784929,
                    -0.6851228527246283
                ],
                [
                    0.0,
                    0.0,
                    0.0,
                    1.0
                ]
            ],
            "size": [
                0.1202,
                0.13634,
                0.67816
            ]
        },
        "distance": 0.09202501952619511
    },
    {
        "case": 1,
        "collider1": {
            "type": "Cylinder",
            "collider2origin": [
                [
                    1.0,
                    0.0,
                    0.0,
                    0.4849999999999999
                ],
                [
                    0.0,
                    -3.673205103346574e-06,
                    -0.9999999999932537,
                    -0.46086
                ],
                [
                    0.0,
                    0.9999999999932537,
                    -3.673205103346574e-06,
                    -0.70001
                ],
                [
                    0.0,
                    0.0,
                    0.0,
                    1.0
                ]
            ],
            "radius": 0.026,
            "height": 0.272
        },
        "collider2": {
            "type": "Box",
            "collider2origin": [
                [
                    -0.37876737077559375,
                    -0.8459836646935073,
                    -0.37529577390038277,
                    0.6749700224121143
                ],
                [
                    0.6009498510909527,
                    -0.5332088137593107,
                    0.5954390291231759,
                    -0.5747072909100579
                ],
                [
                    -0.703842706369474,
                    -1.0639223413460165e-06,
                    0.710355857784929,
                    -0.6851228527246283
                ],
                [
                    0.0,
                    0.0,
                    0.0,
                    1.0
                ]
            ],
            "size": [
                0.1202,
                0.13634,
                0.67816
            ]
        },
        "distance": 0.05804386216752886
    },
    {
        "case": 2,
        "collider1": {
            "type": "Box",
            "collider2origin": [
                [
                    1.0,
                    0.0,
                    0.0,
                    -0.26
                ],
                [
                    0.0,
                    1.0,
                    0.0,
                    -0.4608599999999999
                ],
                [
                    0.0,
                    0.0,
                    1.0,
                    -1.143
                ],
                [
                    0.0,
                    0.0,
                    0.0,
                    1.0
                ]
            ],
            "size": [
                1.48,
                0.272,
                0.945
            ]
        },
        "collider2": {
            "type": "Box",
            "collider2origin": [
                [
                    -0.37876737077559375,
                    -0.8459836646935073,
                    -0.37529577390038277,
                    0.6749700224121143
                ],
                [
                    0.6009498510909527,
                    -0.5332088137593107,
                    0.5954390291231759,
                    -0.5747072909100579
                ],
                [
                    -0.703842706369474,
                    -1.0639223413460165e-06,
                    0.710355857784929,
                    -0.6851228527246283
                ],
                [
                    0.0,
                    0.0,
                    0.0,
                    1.0
                ]
            ],
            "size": [
                0.1202,
                0.13634,
                0.67816
            ]
        },
        "distance": 0.07467956724512699
    }
]