[
    {
        "case": 0,
        "collider1": {
            "type": "Box",
            "collider2origin": [
                [
                    1.0,
                    0.0,
                    0.0,
                    -0.06
                ],
                [
                    0.0,
                    1.0,
                    0.0,
                    -0.37086
                ],
                [
                    0.0,
                    0.0,
                    1.0,
                    -0.40301
                ],
                [
                    0.0,
                    0.0,
                    0.0,
                    1.0
                ]
            ],
            "size": [
                0.1,
                1.0,
                1.64
            ]
        },
        "collider2": {
            "type": "Box",
            "collider2origin": [
                [
                    0.008951652891994644,
                    -0.44537555728101963,
                    -0.895299101355029,
                    0.1865466147904754
                ],
                [
                    -0.004448723973076676,
                    -0.8953438518037958,
                    0.4453533382519478,
                    -0.6491969277384733
                ],
                [
                    -0.9999500371346123,
                    -3.7099230503958602e-06,
                    -0.009996160299027541,
                    -0.4729367762642662
                ],
                [
                    0.0,
                    0.0,
                    0.0,
                    1.0
                ]
            ],
            "size": [
                0.1202,
                0.13634,
                0.67816
            ]
        },
        "distance": 0.0
    },
    {
        "case": 1,
        "collider1": {
            "type": "Box",
            "collider2origin": [
                [
                    1.0,
                    0.0,
                    0.0,
                    -0.06
                ],
                [
                    0.0,
                    1.0,
                    0.0,
                    -0.37086
                ],
                [
                    0.0,
                    0.0,
                    1.0,
                    -0.40301
                ],
                [
                    0.0,
                    0.0,
                    0.0,
                    1.0
                ]
            ],
            "size": [
                0.1,
                1.0,
                1.64
            ]
        },
        "collider2": {
            "type": "Box",
            "collider2origin": [
                [
                    0.7710655762439851,
                    -0.44537394027454213,
                    -0.4550823337110108,
                    -0.12590767233231182
                ],
                [
                    -0.3835495489653463,
                    -0.8953446561395171,
                    0.2263795269252263,
                    -0.6185958984302908
                ],
                [
                    -0.5082790774958287,
                    -6.836541484981524e-06,
                    -0.861192417136409,
                    -0.4780550671751884
                ],
                [
                    0.0,
                    0.0,
                    0.0,
                    1.0
                ]
            ],
            "size": [
                0.09102,
                0.10007,
                0.11882
            ]
        },
        "distance": 0.0
    },
    {
        "case": 2,
        "collider1": {
            "type": "Box",
            "collider2origin": [
                [
                    1.0,
                    0.0,
                    0.0,
                    -0.06
                ],
                [
                    0.0,
                    1.0,
                    0.0,
                    -0.37086
                ],
                [
                    0.0,
                    0.0,
                    1.0,
                    -0.40301
                ],
                [
                    0.0,
                    0.0,
                    0.0,
                    1.0
                ]
            ],
            "size": [
                0.1,
                1.0,
                1.64
            ]
        },
        "collider2": {
            "type": "Box",
            "collider2origin": [
                [
                    0.6996215438915242,
                    -0.5508445923007509,
                    -0.4550823337110108,
                    -0.17844432232174512
                ],
                [
                    -0.5073870769089261,
                    -0.8314509390065816,
                    0.2263795269252263,
                    -0.5993031574884387
                ],
                [
                    -0.5030785719036897,
                    0.0725229009216625,
                    -0.861192417136409,
                    -0.5721966328886979
                ],
                [
                    0.0,
                    0.0,
                    0.0,
                    1.0
                ]
            ],
            "size": [
                0.09126,
                0.11887,
                0.10009
            ]
        },
        "distance": 0.0
    }
]