[
    {
        "case": 0,
        "collider1": {
            "type": "Box",
            "collider2origin": [
                [
                    1.0,
                    0.0,
                    0.0,
                    1.2009999999999998
                ],
                [
                    0.0,
                    1.0,
                    0.0,
                    0.02914
                ],
                [
                    0.0,
                    0.0,
                    1.0,
                    -1.22801
                ],
                [
                    0.0,
                    0.0,
                    0.0,
                    1.0
                ]
            ],
            "size": [
                0.41,
                0.6,
                0.82
            ]
        },
        "collider2": {
            "type": "Box",
            "collider2origin": [
                [
                    0.9736587265718246,
                    0.15829707622945768,
                    -0.1641058189941413,
                    0.9896371473867954
                ],
                [
                    -0.22685736140807033,
                    0.6002624318313048,
                    -0.7669555075145732,
                    -0.2654638188989493
                ],
                [
                    -0.02290025645054562,
                    0.7839815358726081,
                    0.6203616120178018,
                    -0.9245586121688717
                ],
                [
                    0.0,
                    0.0,
                    0.0,
                    1.0
                ]
            ],
            "size": [
                0.09126,
                0.11887,
                0.10009
            ]
        },
        "distance": 0.0
    },
    {
        "case": 1,
        "collider1": {
            "type": "Box",
            "collider2origin": [
                [
                    1.0,
                    0.0,
                    0.0,
                    1.2009999999999998
                ],
                [
                    0.0,
                    1.0,
                    0.0,
                    0.02914
                ],
                [
                    0.0,
                    0.0,
                    1.0,
                    -1.22801
                ],
                [
                    0.0,
                    0.0,
                    0.0,
                    1.0
                ]
            ],
            "size": [
                0.41,
                0.6,
                0.82
            ]
        },
        "collider2": {
            "type": "Box",
            "collider2origin": [
                [
                    0.7312680295883589,
                    0.24877828719935882,
                    -0.6351034818989042,
                    1.0181484052539207
                ],
                [
                    -0.5513549296965303,
                    0.7637664310181198,
                    -0.3356614072978563,
                    -0.17049833074078757
                ],
                [
                    0.40156544971062014,
                    0.5956258915359511,
                    0.6956831081251795,
                    -0.8011469856265783
                ],
                [
                    0.0,
                    0.0,
                    0.0,
                    1.0
                ]
            ],
            "size": [
                0.06241,
                0.05638,
                0.02858
            ]
        },
        "distance": 0.0
    },
    {
        "case": 2,
        "collider1": {
            "type": "Box",
            "collider2origin": [
                [
                    1.0,
                    0.0,
                    0.0,
                    1.2009999999999998
                ],
                [
                    0.0,
                    1.0,
                    0.0,
                    0.02914
                ],
                [
                    0.0,
                    0.0,
                    1.0,
                    -1.22801
                ],
                [
                    0.0,
                    0.0,
                    0.0,
                    1.0
                ]
            ],
            "size": [
                0.41,
                0.6,
                0.82
            ]
        },
        "collider2": {
            "type": "Box",
            "collider2origin": [
                [
                    0.536635248163551,
                    0.15830072349595342,
                    0.8288326075686824,
                    1.001588722826433
                ],
                [
                    0.6141870205517265,
                    0.6002633672084644,
                    -0.5123067379737933,
                    -0.2240004859536261
                ],
                [
                    -0.5786163791444525,
                    0.7839800832471533,
                    0.22489623131024075,
                    -0.8634612282481582
                ],
                [
                    0.0,
                    0.0,
                    0.0,
                    1.0
                ]
            ],
            "size": [
                0.08993,
                0.0305,
                0.09007
            ]
        },
        "distance": 0.0
    },
    {
        "case": 3,
        "collider1": {
            "type": "Box",
            "collider2origin": [
                [
                    1.0,
                    0.0,
                    0.0,
                    0.7
                ],
                [
                    0.0,
                    1.0,
                    0.0,
                    -0.15085999999999994
                ],
                [
                    0.0,
                    0.0,
                    1.0,
                    -1.03301
                ],
                [
                    0.0,
                    0.0,
                    0.0,
                    1.0
                ]
            ],
            "size": [
                0.6,
                0.06,
                0.06
            ]
        },
        "collider2": {
            "type": "Box",
            "collider2origin": [
                [
                    0.1297992091372368,
                    -0.9778657604597932,
                    -0.1641058189941413,
                    1.011057863838329
                ],
                [
                    0.6066306083397196,
                    0.20923325385426997,
                    -0.7669555075145732,
                    -0.18383663075334267
                ],
                [
                    0.7843159250791288,
                    -1.3944896641718843e-06,
                    0.6203616120178018,
                    -0.9942442581122872
                ],
                [
                    0.0,
                    0.0,
                    0.0,
                    1.0
                ]
            ],
            "size": [
                0.09102,
                0.10007,
                0.11882
            ]
        },
        "distance": 0.0
    },
    {
        "case": 4,
        "collider1": {
            "type": "Box",
            "collider2origin": [
                [
                    1.0,
                    0.0,
                    0.0,
                    1.2009999999999998
                ],
                [
                    0.0,
                    1.0,
                    0.0,
                    0.02914
                ],
                [
                    0.0,
                    0.0,
                    1.0,
                    -1.22801
                ],
                [
                    0.0,
                    0.0,
                    0.0,
                    1.0
                ]
            ],
            "size": [
                0.41,
                0.6,
                0.82
            ]
        },
        "collider2": {
            "type": "Box",
            "collider2origin": [
                [
                    0.1297992091372368,
                    -0.9778657604597932,
                    -0.1641058189941413,
                    1.011057863838329
                ],
                [
                    0.6066306083397196,
                    0.20923325385426997,
                    -0.7669555075145732,
                    -0.18383663075334267
                ],
                [
                    0.7843159250791288,
                    -1.3944896641718843e-06,
                    0.6203616120178018,
                    -0.9942442581122872
                ],
                [
                    0.0,
                    0.0,
                    0.0,
                    1.0
                ]
            ],
            "size": [
                0.09102,
                0.10007,
                0.11882
            ]
        },
        "distance": 0.0
    },
    {
        "case": 5,
        "collider1": {
            "type": "Box",
            "collider2origin": [
                [
                    1.0,
                    0.0,
                    0.0,
                    0.7
                ],
                [
                    0.0,
                    1.0,
                    0.0,
                    -0.15085999999999994
                ],
                [
                    0.0,
                    0.0,
                    1.0,
                    -1.03301
                ],
                [
                    0.0,
                    0.0,
                    0.0,
                    1.0
                ]
            ],
            "size": [
                0.6,
                0.06,
                0.06
            ]
        },
        "collider2": {
            "type": "Box",
            "collider2origin": [
                [
                    -0.020884413174016542,
                    -0.9778643929232985,
                    0.2081947894139661,
                    1.0600234689634853
                ],
                [
                    -0.09762081048187327,
                    0.20923964499211883,
                    0.9729794182429732,
                    -0.48912882310829964
                ],
                [
                    -0.9950045319732161,
                    -4.039900293798747e-06,
                    -0.09982976177693734,
                    -0.9664816980402232
                ],
                [
                    0.0,
                    0.0,
                    0.0,
                    1.0
                ]
            ],
            "size": [
                0.1202,
                0.13634,
                0.67816
            ]
        },
        "distance": 0.055027019719145774
    },
    {
        "case": 6,
        "collider1": {
            "type": "Box",
            "collider2origin": [
                [
                    1.0,
                    0.0,
                    0.0,
                    1.2009999999999998
                ],
                [
                    0.0,
                    1.0,
                    0.0,
                    0.02914
                ],
                [
                    0.0,
                    0.0,
                    1.0,
                    -1.22801
                ],
                [
                    0.0,
                    0.0,
                    0.0,
                    1.0
                ]
            ],
            "size": [
                0.41,
                0.6,
                0.82
            ]
        },
        "collider2": {
            "type": "Box",
            "collider2origin": [
                [
                    -0.020884413174016542,
                    -0.9778643929232985,
                    0.2081947894139661,
                    1.0600234689634853
                ],
                [
                    -0.09762081048187327,
                    0.20923964499211883,
                    0.9729794182429732,
                    -0.48912882310829964
                ],
                [
                    -0.9950045319732161,
                    -4.039900293798747e-06,
                    -0.09982976177693734,
                    -0.9664816980402232
                ],
                [
                    0.0,
                    0.0,
                    0.0,
                    1.0
                ]
            ],
            "size": [
                0.1202,
                0.13634,
                0.67816
            ]
        },
        "distance": 0.0
    }
]