[
    {
        "case": 0,
        "collider1": {
            "type": "Box",
            "collider2origin": [
                [
                    1.0,
                    0.0,
                    0.0,
                    1.2009999999999998
                ],
                [
                    0.0,
                    1.0,
                    0.0,
                    0.02914
                ],
                [
                    0.0,
                    0.0,
                    1.0,
                    -1.22801
                ],
                [
                    0.0,
                    0.0,
                    0.0,
                    1.0
                ]
            ],
            "size": [
                0.41,
                0.6,
                0.82
            ]
        },
        "collider2": {
            "type": "Box",
            "collider2origin": [
                [
                    0.7299668642195,
                    0.5998121858610609,
                    0.3276792926538475,
                    1.3689597974479344
                ],
                [
                    0.40519124480907726,
                    -0.7658664235629918,
                    0.4992681407709712,
                    -0.14270532091764432
                ],
                [
                    0.5504256827870772,
                    -0.2316764186347154,
                    -0.8020957578599774,
                    -1.2722585825471748
                ],
                [
                    0.0,
                    0.0,
                    0.0,
                    1.0
                ]
            ],
            "size": [
                0.09126,
                0.11887,
                0.10009
            ]
        },
        "distance": 0.0
    },
    {
        "case": 1,
        "collider1": {
            "type": "Box",
            "collider2origin": [
                [
                    1.0,
                    0.0,
                    0.0,
                    1.2009999999999998
                ],
                [
                    0.0,
                    1.0,
                    0.0,
                    0.02914
                ],
                [
                    0.0,
                    0.0,
                    1.0,
                    -1.22801
                ],
                [
                    0.0,
                    0.0,
                    0.0,
                    1.0
                ]
            ],
            "size": [
                0.41,
                0.6,
                0.82
            ]
        },
        "collider2": {
            "type": "Box",
            "collider2origin": [
                [
                    0.46859730375007386,
                    0.5998133645512228,
                    0.6485680339208081,
                    1.415571993200743
                ],
                [
                    0.10153577984156799,
                    -0.7658659252382671,
                    0.6349329649426757,
                    -0.1974336756677404
                ],
                [
                    0.8775574353454737,
                    -0.2316750143297162,
                    -0.4197852253298108,
                    -1.2930066187123845
                ],
                [
                    0.0,
                    0.0,
                    0.0,
                    1.0
                ]
            ],
            "size": [
                0.08993,
                0.0305,
                0.09007
            ]
        },
        "distance": 0.0
    },
    {
        "case": 2,
        "collider1": {
            "type": "Box",
            "collider2origin": [
                [
                    1.0,
                    0.0,
                    0.0,
                    1.2009999999999998
                ],
                [
                    0.0,
                    1.0,
                    0.0,
                    0.02914
                ],
                [
                    0.0,
                    0.0,
                    1.0,
                    -1.22801
                ],
                [
                    0.0,
                    0.0,
                    0.0,
                    1.0
                ]
            ],
            "size": [
                0.41,
                0.6,
                0.82
            ]
        },
        "collider2": {
            "type": "Box",
            "collider2origin": [
                [
                    -0.4400981962120627,
                    -0.8360262309621408,
                    0.3276792926538475,
                    1.335211730309751
                ],
                [
                    -0.670575262376773,
                    0.5486894760239345,
                    0.4992681407709712,
                    -0.1977161699284543
                ],
                [
                    -0.5971954413583636,
                    -6.619467334535137e-06,
                    -0.8020957578599774,
                    -1.1839570579353087
                ],
                [
                    0.0,
                    0.0,
                    0.0,
                    1.0
                ]
            ],
            "size": [
                0.09102,
                0.10007,
                0.11882
            ]
        },
        "distance": 0.0
    },
    {
        "case": 3,
        "collider1": {
            "type": "Box",
            "collider2origin": [
                [
                    1.0,
                    0.0,
                    0.0,
                    1.2009999999999998
                ],
                [
                    0.0,
                    1.0,
                    0.0,
                    0.02914
                ],
                [
                    0.0,
                    0.0,
                    1.0,
                    -1.22801
                ],
                [
                    0.0,
                    0.0,
                    0.0,
                    1.0
                ]
            ],
            "size": [
                0.41,
                0.6,
                0.82
            ]
        },
        "collider2": {
            "type": "Box",
            "collider2origin": [
                [
                    -0.4240030963062499,
                    -0.8360261553828371,
                    0.34825513899798416,
                    1.3260813290891122
                ],
                [
                    -0.6460516421875476,
                    0.5486895911837492,
                    0.5306194570060384,
                    -0.41531252311244393
                ],
                [
                    -0.6346957144565305,
                    -6.5117189991063076e-06,
                    -0.7727621561697436,
                    -0.9563765484310097
                ],
                [
                    0.0,
                    0.0,
                    0.0,
                    1.0
                ]
            ],
            "size": [
                0.1202,
                0.13634,
                0.67816
            ]
        },
        "distance": 0.0
    },
    {
        "case": 4,
        "collider1": {
            "type": "Box",
            "collider2origin": [
                [
                    1.0,
                    0.0,
                    0.0,
                    1.28
                ],
                [
                    0.0,
                    1.0,
                    0.0,
                    -0.23086
                ],
                [
                    0.0,
                    0.0,
                    1.0,
                    -0.67301
                ],
                [
                    0.0,
                    0.0,
                    0.0,
                    1.0
                ]
            ],
            "size": [
                0.06,
                0.06,
                0.33
            ]
        },
        "collider2": {
            "type": "Box",
            "collider2origin": [
                [
                    -0.4240030963062499,
                    -0.8360261553828371,
                    0.34825513899798416,
                    1.3260813290891122
                ],
                [
                    -0.6460516421875476,
                    0.5486895911837492,
                    0.5306194570060384,
                    -0.41531252311244393
                ],
                [
                    -0.6346957144565305,
                    -6.5117189991063076e-06,
                    -0.7727621561697436,
                    -0.9563765484310097
                ],
                [
                    0.0,
                    0.0,
                    0.0,
                    1.0
                ]
            ],
            "size": [
                0.1202,
                0.13634,
                0.67816
            ]
        },
        "distance": 0.10989248878031227
    }
]