[
    {
        "case": 0,
        "collider1": {
            "type": "Box",
            "collider2origin": [
                [
                    1.0,
                    0.0,
                    0.0,
                    1.2009999999999998
                ],
                [
                    0.0,
                    1.0,
                    0.0,
                    0.02914
                ],
                [
                    0.0,
                    0.0,
                    1.0,
                    -1.22801
                ],
                [
                    0.0,
                    0.0,
                    0.0,
                    1.0
                ]
            ],
            "size": [
                0.41,
                0.6,
                0.82
            ]
        },
        "collider2": {
            "type": "Box",
            "collider2origin": [
                [
                    -0.1982780054008042,
                    0.9430217957118116,
                    0.26719978552900997,
                    1.2467128627032231
                ],
                [
                    -0.5619605454134585,
                    -0.3327309616045179,
                    0.7572915241756908,
                    -0.4456332789082973
                ],
                [
                    0.8030480545850831,
                    -1.4842897507332572e-06,
                    0.5959142740570241,
                    -0.6856685060251774
                ],
                [
                    0.0,
                    0.0,
                    0.0,
                    1.0
                ]
            ],
            "size": [
                0.1202,
                0.13634,
                0.67816
            ]
        },
        "distance": 0.1392414190016886
    },
    {
        "case": 1,
        "collider1": {
            "type": "Box",
            "collider2origin": [
                [
                    1.0,
                    0.0,
                    0.0,
                    1.23
                ],
                [
                    0.0,
                    1.0,
                    0.0,
                    -0.23086
                ],
                [
                    0.0,
                    0.0,
                    1.0,
                    -0.54301
                ],
                [
                    0.0,
                    0.0,
                    0.0,
                    1.0
                ]
            ],
            "size": [
                0.1,
                0.16,
                0.1
            ]
        },
        "collider2": {
            "type": "Box",
            "collider2origin": [
                [
                    -0.1982780054008042,
                    0.9430217957118116,
                    0.26719978552900997,
                    1.2467128627032231
                ],
                [
                    -0.5619605454134585,
                    -0.3327309616045179,
                    0.7572915241756908,
                    -0.4456332789082973
                ],
                [
                    0.8030480545850831,
                    -1.4842897507332572e-06,
                    0.5959142740570241,
                    -0.6856685060251774
                ],
                [
                    0.0,
                    0.0,
                    0.0,
                    1.0
                ]
            ],
            "size": [
                0.1202,
                0.13634,
                0.67816
            ]
        },
        "distance": 0.0
    },
    {
        "case": 2,
        "collider1": {
            "type": "Box",
            "collider2origin": [
                [
                    1.0,
                    0.0,
                    0.0,
                    1.28
                ],
                [
                    0.0,
                    1.0,
                    0.0,
                    -0.23086
                ],
                [
                    0.0,
                    0.0,
                    1.0,
                    -0.67301
                ],
                [
                    0.0,
                    0.0,
                    0.0,
                    1.0
                ]
            ],
            "size": [
                0.06,
                0.06,
                0.33
            ]
        },
        "collider2": {
            "type": "Box",
            "collider2origin": [
                [
                    -0.1982780054008042,
                    0.9430217957118116,
                    0.26719978552900997,
                    1.2467128627032231
                ],
                [
                    -0.5619605454134585,
                    -0.3327309616045179,
                    0.7572915241756908,
                    -0.4456332789082973
                ],
                [
                    0.8030480545850831,
                    -1.4842897507332572e-06,
                    0.5959142740570241,
                    -0.6856685060251774
                ],
                [
                    0.0,
                    0.0,
                    0.0,
                    1.0
                ]
            ],
            "size": [
                0.1202,
                0.13634,
                0.67816
            ]
        },
        "distance": 0.0
    }
]