[
    {
        "case": 0,
        "collider1": {
            "type": "Box",
            "collider2origin": [
                [
                    1.0,
                    0.0,
                    0.0,
                    -0.06
                ],
                [
                    0.0,
                    1.0,
                    0.0,
                    -0.37086
                ],
                [
                    0.0,
                    0.0,
                    1.0,
                    -0.40301
                ],
                [
                    0.0,
                    0.0,
                    0.0,
                    1.0
                ]
            ],
            "size": [
                0.1,
                1.0,
                1.64
            ]
        },
        "collider2": {
            "type": "Box",
            "collider2origin": [
                [
                    -0.28839245764183713,
                    -0.5409728906123462,
                    -0.7900494427552137,
                    0.25125906959277655
                ],
                [
                    0.18550219162850615,
                    -0.8410400297350279,
                    0.5081737943699226,
                    -0.5757101896662351
                ],
                [
                    -0.9393714533007281,
                    -2.413658452641117e-06,
                    0.34290125797064674,
                    -0.1369670603242077
                ],
                [
                    0.0,
                    0.0,
                    0.0,
                    1.0
                ]
            ],
            "size": [
                0.1202,
                0.13634,
                0.67816
            ]
        },
        "distance": 0.0
    },
    {
        "case": 1,
        "collider1": {
            "type": "Box",
            "collider2origin": [
                [
                    1.0,
                    0.0,
                    0.0,
                    -0.06
                ],
                [
                    0.0,
                    1.0,
                    0.0,
                    -0.37086
                ],
                [
                    0.0,
                    0.0,
                    1.0,
                    -0.40301
                ],
                [
                    0.0,
                    0.0,
                    0.0,
                    1.0
                ]
            ],
            "size": [
                0.1,
                1.0,
                1.64
            ]
        },
        "collider2": {
            "type": "Box",
            "collider2origin": [
                [
                    0.7125313088066284,
                    -0.6982839547547742,
                    -0.06854671766281396,
                    -0.051143222529571375
                ],
                [
                    0.7014100025518543,
                    0.711393041912197,
                    0.04409022838587864,
                    -0.5181923021106092
                ],
                [
                    0.017976158947913223,
                    -0.07949502154816879,
                    0.9966731657160913,
                    0.07445884115365975
                ],
                [
                    0.0,
                    0.0,
                    0.0,
                    1.0
                ]
            ],
            "size": [
                0.09126,
                0.11887,
                0.10009
            ]
        },
        "distance": 0.0
    },
    {
        "case": 2,
        "collider1": {
            "type": "Box",
            "collider2origin": [
                [
                    1.0,
                    0.0,
                    0.0,
                    -0.06
                ],
                [
                    0.0,
                    1.0,
                    0.0,
                    -0.37086
                ],
                [
                    0.0,
                    0.0,
                    1.0,
                    -0.40301
                ],
                [
                    0.0,
                    0.0,
                    0.0,
                    1.0
                ]
            ],
            "size": [
                0.1,
                1.0,
                1.64
            ]
        },
        "collider2": {
            "type": "Box",
            "collider2origin": [
                [
                    0.3812653125337898,
                    -0.698285928317185,
                    -0.6058329173730318,
                    -0.1041660364250423
                ],
                [
                    0.46361879917563237,
                    0.7113909398239241,
                    -0.5281860844317825,
                    -0.4654418146268291
                ],
                [
                    0.7998089587579372,
                    -0.0794964970966729,
                    0.59496717257333,
                    0.0728399696776485
                ],
                [
                    0.0,
                    0.0,
                    0.0,
                    1.0
                ]
            ],
            "size": [
                0.08993,
                0.0305,
                0.09007
            ]
        },
        "distance": 0.0
    },
    {
        "case": 3,
        "collider1": {
            "type": "Box",
            "collider2origin": [
                [
                    1.0,
                    0.0,
                    0.0,
                    -0.06
                ],
                [
                    0.0,
                    1.0,
                    0.0,
                    -0.37086
                ],
                [
                    0.0,
                    0.0,
                    1.0,
                    -0.40301
                ],
                [
                    0.0,
                    0.0,
                    0.0,
                    1.0
                ]
            ],
            "size": [
                0.1,
                1.0,
                1.64
            ]
        },
        "collider2": {
            "type": "Box",
            "collider2origin": [
                [
                    -0.8382437273941317,
                    -0.5409702403848543,
                    -0.06854671766281396,
                    -0.03985403811600263
                ],
                [
                    0.5391705228802186,
                    -0.8410417344091508,
                    0.04409022838587864,
                    -0.5213453859794601
                ],
                [
                    -0.08150215175971932,
                    -1.2220144669722944e-08,
                    0.9966731657160913,
                    -0.03434024402832403
                ],
                [
                    0.0,
                    0.0,
                    0.0,
                    1.0
                ]
            ],
            "size": [
                0.09102,
                0.10007,
                0.11882
            ]
        },
        "distance": 0.0
    }
]