[
    {
        "case": 0,
        "collider1": {
            "type": "Box",
            "collider2origin": [
                [
                    1.0,
                    0.0,
                    0.0,
                    1.2009999999999998
                ],
                [
                    0.0,
                    1.0,
                    0.0,
                    0.02914
                ],
                [
                    0.0,
                    0.0,
                    1.0,
                    -1.22801
                ],
                [
                    0.0,
                    0.0,
                    0.0,
                    1.0
                ]
            ],
            "size": [
                0.41,
                0.6,
                0.82
            ]
        },
        "collider2": {
            "type": "Box",
            "collider2origin": [
                [
                    0.11783514981867423,
                    0.9385529643199249,
                    0.324396687149379,
                    1.3291916766090628
                ],
                [
                    0.3204248233333967,
                    -0.3451352389165784,
                    0.8821618895926969,
                    -0.24446356304064065
                ],
                [
                    0.9399163846103396,
                    -4.927254701269387e-06,
                    -0.3414047303666866,
                    -0.7171505652971338
                ],
                [
                    0.0,
                    0.0,
                    0.0,
                    1.0
                ]
            ],
            "size": [
                0.1202,
                0.13634,
                0.67816
            ]
        },
        "distance": 0.0
    },
    {
        "case": 1,
        "collider1": {
            "type": "Box",
            "collider2origin": [
                [
                    1.0,
                    0.0,
                    0.0,
                    1.23
                ],
                [
                    0.0,
                    1.0,
                    0.0,
                    -0.23086
                ],
                [
                    0.0,
                    0.0,
                    1.0,
                    -0.54301
                ],
                [
                    0.0,
                    0.0,
                    0.0,
                    1.0
                ]
            ],
            "size": [
                0.1,
                0.16,
                0.1
            ]
        },
        "collider2": {
            "type": "Box",
            "collider2origin": [
                [
                    0.11783514981867423,
                    0.9385529643199249,
                    0.324396687149379,
                    1.3291916766090628
                ],
                [
                    0.3204248233333967,
                    -0.3451352389165784,
                    0.8821618895926969,
                    -0.24446356304064065
                ],
                [
                    0.9399163846103396,
                    -4.927254701269387e-06,
                    -0.3414047303666866,
                    -0.7171505652971338
                ],
                [
                    0.0,
                    0.0,
                    0.0,
                    1.0
                ]
            ],
            "size": [
                0.1202,
                0.13634,
                0.67816
            ]
        },
        "distance": 0.023685021833176546
    },
    {
        "case": 2,
        "collider1": {
            "type": "Box",
            "collider2origin": [
                [
                    1.0,
                    0.0,
                    0.0,
                    1.28
                ],
                [
                    0.0,
                    1.0,
                    0.0,
                    -0.23086
                ],
                [
                    0.0,
                    0.0,
                    1.0,
                    -0.67301
                ],
                [
                    0.0,
                    0.0,
                    0.0,
                    1.0
                ]
            ],
            "size": [
                0.06,
                0.06,
                0.33
            ]
        },
        "collider2": {
            "type": "Box",
            "collider2origin": [
                [
                    0.11783514981867423,
                    0.9385529643199249,
                    0.324396687149379,
                    1.3291916766090628
                ],
                [
                    0.3204248233333967,
                    -0.3451352389165784,
                    0.8821618895926969,
                    -0.24446356304064065
                ],
                [
                    0.9399163846103396,
                    -4.927254701269387e-06,
                    -0.3414047303666866,
                    -0.7171505652971338
                ],
                [
                    0.0,
                    0.0,
                    0.0,
                    1.0
                ]
            ],
            "size": [
                0.1202,
                0.13634,
                0.67816
            ]
        },
        "distance": 0.0
    }
]