[
    {
        "case": 0,
        "collider1": {
            "type": "Cylinder",
            "collider2origin": [
                [
                    1.0,
                    0.0,
                    0.0,
                    0.4849999999999999
                ],
                [
                    0.0,
                    -3.673205103346574e-06,
                    -0.9999999999932537,
                    -0.46086
                ],
                [
                    0.0,
                    0.9999999999932537,
                    -3.673205103346574e-06,
                    -0.70001
                ],
                [
                    0.0,
                    0.0,
                    0.0,
                    1.0
                ]
            ],
            "radius": 0.026,
            "height": 0.272
        },
        "collider2": {
            "type": "Box",
            "collider2origin": [
                [
                    -0.418343695875301,
                    0.45288102749919334,
                    -0.7873292367571957,
                    0.8429130803011768
                ],
                [
                    0.21250657246507218,
                    0.8915709589831589,
                    0.3999277206658688,
                    -0.7244391768367966
                ],
                [
                    0.8830795597116607,
                    -5.396758468470242e-06,
                    -0.4692232850044148,
                    -0.5135408850339747
                ],
                [
                    0.0,
                    0.0,
                    0.0,
                    1.0
                ]
            ],
            "size": [
                0.15068,
                0.17726,
                0.74884
            ]
        },
        "distance": 0.022063533559022654
    },
    {
        "case": 1,
        "collider1": {
            "type": "Box",
            "collider2origin": [
                [
                    1.0,
                    0.0,
                    0.0,
                    -0.26
                ],
                [
                    0.0,
                    1.0,
                    0.0,
                    -0.4608599999999999
                ],
                [
                    0.0,
                    0.0,
                    1.0,
                    -1.143
                ],
                [
                    0.0,
                    0.0,
                    0.0,
                    1.0
                ]
            ],
            "size": [
                1.48,
                0.272,
                0.945
            ]
        },
        "collider2": {
            "type": "Box",
            "collider2origin": [
                [
                    -0.418343695875301,
                    0.45288102749919334,
                    -0.7873292367571957,
                    0.8429130803011768
                ],
                [
                    0.21250657246507218,
                    0.8915709589831589,
                    0.3999277206658688,
                    -0.7244391768367966
                ],
                [
                    0.8830795597116607,
                    -5.396758468470242e-06,
                    -0.4692232850044148,
                    -0.5135408850339747
                ],
                [
                    0.0,
                    0.0,
                    0.0,
                    1.0
                ]
            ],
            "size": [
                0.15068,
                0.17726,
                0.74884
            ]
        },
        "distance": 0.035983399455240504
    },
    {
        "case": 2,
        "collider1": {
            "type": "Cylinder",
            "collider2origin": [
                [
                    1.0,
                    0.0,
                    0.0,
                    0.4849999999999999
                ],
                [
                    0.0,
                    -3.673205103346574e-06,
                    -0.9999999999932537,
                    -0.46086
                ],
                [
                    0.0,
                    0.9999999999932537,
                    -3.673205103346574e-06,
                    -0.70001
                ],
                [
                    0.0,
                    0.0,
                    0.0,
                    1.0
                ]
            ],
            "radius": 0.026,
            "height": 0.272
        },
        "collider2": {
            "type": "Box",
            "collider2origin": [
                [
                    -0.418343695875301,
                    0.45288102749919334,
                    -0.7873292367571957,
                    0.8429130803011768
                ],
                [
                    0.21250657246507218,
                    0.8915709589831589,
                    0.3999277206658688,
                    -0.7244391768367966
                ],
                [
                    0.8830795597116607,
                    -5.396758468470242e-06,
                    -0.4692232850044148,
                    -0.5135408850339747
                ],
                [
                    0.0,
                    0.0,
                    0.0,
                    1.0
                ]
            ],
            "size": [
                0.15068,
                0.17726,
                0.74884
            ]
        },
        "distance": 0.022063533559022654
    },
    {
        "case": 3,
        "collider1": {
            "type": "Box",
            "collider2origin": [
                [
                    1.0,
                    0.0,
                    0.0,
                    -0.26
                ],
                [
                    0.0,
                    1.0,
                    0.0,
                    -0.4608599999999999
                ],
                [
                    0.0,
                    0.0,
                    1.0,
                    -1.143
                ],
                [
                    0.0,
                    0.0,
                    0.0,
                    1.0
                ]
            ],
            "size": [
                1.48,
                0.272,
                0.945
            ]
        },
        "collider2": {
            "type": "Box",
            "collider2origin": [
                [
                    -0.418343695875301,
                    0.45288102749919334,
                    -0.7873292367571957,
                    0.8429130803011768
                ],
                [
                    0.21250657246507218,
                    0.8915709589831589,
                    0.3999277206658688,
                    -0.7244391768367966
                ],
                [
                    0.8830795597116607,
                    -5.396758468470242e-06,
                    -0.4692232850044148,
                    -0.5135408850339747
                ],
                [
                    0.0,
                    0.0,
                    0.0,
                    1.0
                ]
            ],
            "size": [
                0.15068,
                0.17726,
                0.74884
            ]
        },
        "distance": 0.035983399455240504
    }
]