[
    {
        "case": 0,
        "collider1": {
            "type": "Box",
            "collider2origin": [
                [
                    1.0,
                    0.0,
                    0.0,
                    0.205
                ],
                [
                    0.0,
                    1.0,
                    0.0,
                    -0.17586
                ],
                [
                    0.0,
                    0.0,
                    1.0,
                    -0.10301
                ],
                [
                    0.0,
                    0.0,
                    0.0,
                    1.0
                ]
            ],
            "size": [
                0.05,
                0.05,
                1.2
            ]
        },
        "collider2": {
            "type": "Box",
            "collider2origin": [
                [
                    0.4003615626193136,
                    -0.07200900878209897,
                    0.9135235748634191,
                    0.2566166271219965
                ],
                [
                    -0.4587143202854341,
                    0.8472616754056992,
                    0.2678223772461885,
                    -0.16824946337849478
                ],
                [
                    -0.7932791384765474,
                    -0.5262721311668965,
                    0.30617944479497494,
                    -0.06733697433625596
                ],
                [
                    0.0,
                    0.0,
                    0.0,
                    1.0
                ]
            ],
            "size": [
                0.08993,
                0.0305,
                0.09007
            ]
        },
        "distance": 0.0
    },
    {
        "case": 1,
        "collider1": {
            "type": "Box",
            "collider2origin": [
                [
                    1.0,
                    0.0,
                    0.0,
                    0.205
                ],
                [
                    0.0,
                    1.0,
                    0.0,
                    -0.17586
                ],
                [
                    0.0,
                    0.0,
                    1.0,
                    -0.10301
                ],
                [
                    0.0,
                    0.0,
                    0.0,
                    1.0
                ]
            ],
            "size": [
                0.05,
                0.05,
                1.2
            ]
        },
        "collider2": {
            "type": "Box",
            "collider2origin": [
                [
                    0.9395553788184531,
                    -0.07201359390400414,
                    -0.33473830439067215,
                    0.2624232326163449
                ],
                [
                    0.23470641558964933,
                    0.8472624419483997,
                    0.476507348258863,
                    -0.23356009420654655
                ],
                [
                    0.24929618652191995,
                    -0.5262702696872242,
                    0.8129520371024136,
                    -0.031373321724462055
                ],
                [
                    0.0,
                    0.0,
                    0.0,
                    1.0
                ]
            ],
            "size": [
                0.09126,
                0.11887,
                0.10009
            ]
        },
        "distance": 0.0
    },
    {
        "case": 2,
        "collider1": {
            "type": "Box",
            "collider2origin": [
                [
                    1.0,
                    0.0,
                    0.0,
                    0.205
                ],
                [
                    0.0,
                    1.0,
                    0.0,
                    -0.17586
                ],
                [
                    0.0,
                    0.0,
                    1.0,
                    -0.10301
                ],
                [
                    0.0,
                    0.0,
                    0.0,
                    1.0
                ]
            ],
            "size": [
                0.05,
                0.05,
                1.2
            ]
        },
        "collider2": {
            "type": "Box",
            "collider2origin": [
                [
                    -0.4673043132197213,
                    -0.8182768152770199,
                    -0.33473830439067215,
                    0.3024859754634329
                ],
                [
                    0.6652200338802801,
                    -0.5748243675938117,
                    0.476507348258863,
                    -0.28535299216535426
                ],
                [
                    -0.5823306495201533,
                    -6.870655318906298e-07,
                    0.8129520371024136,
                    -0.11902886725824668
                ],
                [
                    0.0,
                    0.0,
                    0.0,
                    1.0
                ]
            ],
            "size": [
                0.09102,
                0.10007,
                0.11882
            ]
        },
        "distance": 0.0392116504509668
    }
]