[
    {
        "case": 0,
        "collider1": {
            "type": "Box",
            "collider2origin": [
                [
                    1.0,
                    0.0,
                    0.0,
                    1.2009999999999998
                ],
                [
                    0.0,
                    1.0,
                    0.0,
                    0.02914
                ],
                [
                    0.0,
                    0.0,
                    1.0,
                    -1.22801
                ],
                [
                    0.0,
                    0.0,
                    0.0,
                    1.0
                ]
            ],
            "size": [
                0.41,
                0.6,
                0.82
            ]
        },
        "collider2": {
            "type": "Box",
            "collider2origin": [
                [
                    0.09379671130081385,
                    0.9857191119660077,
                    -0.1398571029804959,
                    1.2738613870390754
                ],
                [
                    0.5490685700023087,
                    -0.16839783927424745,
                    -0.8186365940778513,
                    -0.34681348439195037
                ],
                [
                    -0.8304973704863678,
                    -5.719263164768764e-06,
                    -0.557022546745209,
                    -1.1049772419540522
                ],
                [
                    0.0,
                    0.0,
                    0.0,
                    1.0
                ]
            ],
            "size": [
                0.09102,
                0.10007,
                0.11882
            ]
        },
        "distance": 0.0
    },
    {
        "case": 1,
        "collider1": {
            "type": "Box",
            "collider2origin": [
                [
                    1.0,
                    0.0,
                    0.0,
                    1.2009999999999998
                ],
                [
                    0.0,
                    1.0,
                    0.0,
                    0.02914
                ],
                [
                    0.0,
                    0.0,
                    1.0,
                    -1.22801
                ],
                [
                    0.0,
                    0.0,
                    0.0,
                    1.0
                ]
            ],
            "size": [
                0.41,
                0.6,
                0.82
            ]
        },
        "collider2": {
            "type": "Box",
            "collider2origin": [
                [
                    0.16560246766104958,
                    0.9857197378532482,
                    0.030535571242318017,
                    1.1551518762680273
                ],
                [
                    0.9693702236609307,
                    -0.16839417553301939,
                    0.17878694338824544,
                    -0.3780220052008866
                ],
                [
                    0.1813758313120247,
                    -7.285485889720644e-06,
                    -0.9834138537578131,
                    -0.816644795500685
                ],
                [
                    0.0,
                    0.0,
                    0.0,
                    1.0
                ]
            ],
            "size": [
                0.1202,
                0.13634,
                0.67816
            ]
        },
        "distance": 0.0
    },
    {
        "case": 2,
        "collider1": {
            "type": "Box",
            "collider2origin": [
                [
                    1.0,
                    0.0,
                    0.0,
                    1.23
                ],
                [
                    0.0,
                    1.0,
                    0.0,
                    -0.23086
                ],
                [
                    0.0,
                    0.0,
                    1.0,
                    -0.54301
                ],
                [
                    0.0,
                    0.0,
                    0.0,
                    1.0
                ]
            ],
            "size": [
                0.1,
                0.16,
                0.1
            ]
        },
        "collider2": {
            "type": "Box",
            "collider2origin": [
                [
                    0.16560246766104958,
                    0.9857197378532482,
                    0.030535571242318017,
                    1.1551518762680273
                ],
                [
                    0.9693702236609307,
                    -0.16839417553301939,
                    0.17878694338824544,
                    -0.3780220052008866
                ],
                [
                    0.1813758313120247,
                    -7.285485889720644e-06,
                    -0.9834138537578131,
                    -0.816644795500685
                ],
                [
                    0.0,
                    0.0,
                    0.0,
                    1.0
                ]
            ],
            "size": [
                0.1202,
                0.13634,
                0.67816
            ]
        },
        "distance": 0.049681705554093174
    }
]