[
    {
        "case": 0,
        "collider1": {
            "type": "Box",
            "collider2origin": [
                [
                    1.0,
                    0.0,
                    0.0,
                    -0.06
                ],
                [
                    0.0,
                    1.0,
                    0.0,
                    -0.37086
                ],
                [
                    0.0,
                    0.0,
                    1.0,
                    -0.40301
                ],
                [
                    0.0,
                    0.0,
                    0.0,
                    1.0
                ]
            ],
            "size": [
                0.1,
                1.0,
                1.64
            ]
        },
        "collider2": {
            "type": "Box",
            "collider2origin": [
                [
                    -0.9791654683341364,
                    -0.023185141850996013,
                    0.20173605235391362,
                    -0.08975225399803421
                ],
                [
                    -0.02270966208391164,
                    0.9997311884424152,
                    0.004671413442479947,
                    -0.8652703209336738
                ],
                [
                    -0.2017901307547679,
                    -7.270847911429086e-06,
                    -0.9794287840762638,
                    -0.28341126412769113
                ],
                [
                    0.0,
                    0.0,
                    0.0,
                    1.0
                ]
            ],
            "size": [
                0.09102,
                0.10007,
                0.11882
            ]
        },
        "distance": 0.0
    },
    {
        "case": 1,
        "collider1": {
            "type": "Box",
            "collider2origin": [
                [
                    1.0,
                    0.0,
                    0.0,
                    -0.06
                ],
                [
                    0.0,
                    1.0,
                    0.0,
                    -0.37086
                ],
                [
                    0.0,
                    0.0,
                    1.0,
                    -0.40301
                ],
                [
                    0.0,
                    0.0,
                    0.0,
                    1.0
                ]
            ],
            "size": [
                0.1,
                1.0,
                1.64
            ]
        },
        "collider2": {
            "type": "Box",
            "collider2origin": [
                [
                    -0.7052882633191877,
                    -0.6796109407630687,
                    0.20173605235391362,
                    -0.06948376325886163
                ],
                [
                    -0.6931763586567542,
                    0.7207528797693508,
                    0.004671413442479947,
                    -0.8592625309775648
                ],
                [
                    -0.14857658437172078,
                    -0.1365439691063816,
                    -0.9794287840762638,
                    -0.3908545381166997
                ],
                [
                    0.0,
                    0.0,
                    0.0,
                    1.0
                ]
            ],
            "size": [
                0.09126,
                0.11887,
                0.10009
            ]
        },
        "distance": 0.0
    },
    {
        "case": 2,
        "collider1": {
            "type": "Box",
            "collider2origin": [
                [
                    1.0,
                    0.0,
                    0.0,
                    -0.06
                ],
                [
                    0.0,
                    1.0,
                    0.0,
                    -0.37086
                ],
                [
                    0.0,
                    0.0,
                    1.0,
                    -0.40301
                ],
                [
                    0.0,
                    0.0,
                    0.0,
                    1.0
                ]
            ],
            "size": [
                0.1,
                1.0,
                1.64
            ]
        },
        "collider2": {
            "type": "Box",
            "collider2origin": [
                [
                    -0.13783525992362777,
                    -0.6796090352041874,
                    0.7205088482389508,
                    -0.11875161886525132
                ],
                [
                    -0.308280458658893,
                    0.7207551431802032,
                    0.6208664771014354,
                    -0.8047884479606797
                ],
                [
                    -0.9412569255685974,
                    -0.13654150595375109,
                    -0.3088556575830094,
                    -0.40502342230104094
                ],
                [
                    0.0,
                    0.0,
                    0.0,
                    1.0
                ]
            ],
            "size": [
                0.08993,
                0.0305,
                0.09007
            ]
        },
        "distance": 0.0
    }
]