[
    {
        "case": 0,
        "collider1": {
            "type": "Box",
            "collider2origin": [
                [
                    1.0,
                    0.0,
                    0.0,
                    0.5199999999999999
                ],
                [
                    0.0,
                    1.0,
                    0.0,
                    -0.43085999999999997
                ],
                [
                    0.0,
                    0.0,
                    1.0,
                    -0.80301
                ],
                [
                    0.0,
                    0.0,
                    0.0,
                    1.0
                ]
            ],
            "size": [
                0.2,
                0.08,
                0.04
            ]
        },
        "collider2": {
            "type": "Box",
            "collider2origin": [
                [
                    -0.0813623904520098,
                    -0.8368993265505019,
                    -0.5412759727156293,
                    0.39964804217655336
                ],
                [
                    0.12440736362569635,
                    -0.5473568463164927,
                    0.8276009247615466,
                    -0.37431530250348677
                ],
                [
                    -0.9888897659980299,
                    -3.127180592472657e-06,
                    0.14865070028285188,
                    -0.8489311844132789
                ],
                [
                    0.0,
                    0.0,
                    0.0,
                    1.0
                ]
            ],
            "size": [
                0.09102,
                0.10007,
                0.11882
            ]
        },
        "distance": 0.0
    },
    {
        "case": 1,
        "collider1": {
            "type": "Box",
            "collider2origin": [
                [
                    1.0,
                    0.0,
                    0.0,
                    -0.26
                ],
                [
                    0.0,
                    1.0,
                    0.0,
                    -0.4608599999999999
                ],
                [
                    0.0,
                    0.0,
                    1.0,
                    -1.143
                ],
                [
                    0.0,
                    0.0,
                    0.0,
                    1.0
                ]
            ],
            "size": [
                1.48,
                0.272,
                0.945
            ]
        },
        "collider2": {
            "type": "Box",
            "collider2origin": [
                [
                    -0.0813623904520098,
                    -0.8368993265505019,
                    -0.5412759727156293,
                    0.39964804217655336
                ],
                [
                    0.12440736362569635,
                    -0.5473568463164927,
                    0.8276009247615466,
                    -0.37431530250348677
                ],
                [
                    -0.9888897659980299,
                    -3.127180592472657e-06,
                    0.14865070028285188,
                    -0.8489311844132789
                ],
                [
                    0.0,
                    0.0,
                    0.0,
                    1.0
                ]
            ],
            "size": [
                0.09102,
                0.10007,
                0.11882
            ]
        },
        "distance": 0.0
    },
    {
        "case": 2,
        "collider1": {
            "type": "Box",
            "collider2origin": [
                [
                    1.0,
                    0.0,
                    0.0,
                    -0.26
                ],
                [
                    0.0,
                    1.0,
                    0.0,
                    -0.4608599999999999
                ],
                [
                    0.0,
                    0.0,
                    1.0,
                    -1.143
                ],
                [
                    0.0,
                    0.0,
                    0.0,
                    1.0
                ]
            ],
            "size": [
                1.48,
                0.272,
                0.945
            ]
        },
        "collider2": {
            "type": "Box",
            "collider2origin": [
                [
                    -0.3853445692980109,
                    0.6239454982801448,
                    -0.6798540858805454,
                    0.3823681682468888
                ],
                [
                    -0.7045773608268723,
                    0.2768157697133564,
                    0.6534093450879328,
                    -0.2609613066414652
                ],
                [
                    0.5958861514775868,
                    0.7307975402352852,
                    0.3329484189229417,
                    -0.7758410238582658
                ],
                [
                    0.0,
                    0.0,
                    0.0,
                    1.0
                ]
            ],
            "size": [
                0.08993,
                0.0305,
                0.09007
            ]
        },
        "distance": 0.0
    },
    {
        "case": 3,
        "collider1": {
            "type": "Box",
            "collider2origin": [
                [
                    1.0,
                    0.0,
                    0.0,
                    0.246
                ],
                [
                    0.0,
                    1.0,
                    0.0,
                    -0.24786000000000002
                ],
                [
                    0.0,
                    0.0,
                    1.0,
                    -0.71801
                ],
                [
                    0.0,
                    0.0,
                    0.0,
                    1.0
                ]
            ],
            "size": [
                0.12,
                0.16,
                0.08
            ]
        },
        "collider2": {
            "type": "Box",
            "collider2origin": [
                [
                    -0.5636592067266161,
                    0.6239460073059774,
                    -0.5412759727156293,
                    0.33843158337954793
                ],
                [
                    -0.4883127939497865,
                    0.27681640955475584,
                    0.8276009247615466,
                    -0.28539747186485354
                ],
                [
                    0.6662123639931002,
                    0.7307968632719647,
                    0.14865070028285188,
                    -0.8312621910684506
                ],
                [
                    0.0,
                    0.0,
                    0.0,
                    1.0
                ]
            ],
            "size": [
                0.09126,
                0.11887,
                0.10009
            ]
        },
        "distance": 0.007498279145365865
    },
    {
        "case": 4,
        "collider1": {
            "type": "Box",
            "collider2origin": [
                [
                    1.0,
                    0.0,
                    0.0,
                    0.28600000000000003
                ],
                [
                    0.0,
                    1.0,
                    0.0,
                    -0.19785999999999998
                ],
                [
                    0.0,
                    0.0,
                    1.0,
                    -0.70601
                ],
                [
                    0.0,
                    0.0,
                    0.0,
                    1.0
                ]
            ],
            "size": [
                0.04,
                0.04,
                0.12
            ]
        },
        "collider2": {
            "type": "Box",
            "collider2origin": [
                [
                    -0.5636592067266161,
                    0.6239460073059774,
                    -0.5412759727156293,
                    0.33843158337954793
                ],
                [
                    -0.4883127939497865,
                    0.27681640955475584,
                    0.8276009247615466,
                    -0.28539747186485354
                ],
                [
                    0.6662123639931002,
                    0.7307968632719647,
                    0.14865070028285188,
                    -0.8312621910684506
                ],
                [
                    0.0,
                    0.0,
                    0.0,
                    1.0
                ]
            ],
            "size": [
                0.09126,
                0.11887,
                0.10009
            ]
        },
        "distance": 0.03310329490919818
    },
    {
        "case": 5,
        "collider1": {
            "type": "Box",
            "collider2origin": [
                [
                    1.0,
                    0.0,
                    0.0,
                    -0.26
                ],
                [
                    0.0,
                    1.0,
                    0.0,
                    -0.4608599999999999
                ],
                [
                    0.0,
                    0.0,
                    1.0,
                    -1.143
                ],
                [
                    0.0,
                    0.0,
                    0.0,
                    1.0
                ]
            ],
            "size": [
                1.48,
                0.272,
                0.945
            ]
        },
        "collider2": {
            "type": "Box",
            "collider2origin": [
                [
                    -0.5636592067266161,
                    0.6239460073059774,
                    -0.5412759727156293,
                    0.33843158337954793
                ],
                [
                    -0.4883127939497865,
                    0.27681640955475584,
                    0.8276009247615466,
                    -0.28539747186485354
                ],
                [
                    0.6662123639931002,
                    0.7307968632719647,
                    0.14865070028285188,
                    -0.8312621910684506
                ],
                [
                    0.0,
                    0.0,
                    0.0,
                    1.0
                ]
            ],
            "size": [
                0.09126,
                0.11887,
                0.10009
            ]
        },
        "distance": 0.0
    },
    {
        "case": 6,
        "collider1": {
            "type": "Box",
            "collider2origin": [
                [
                    1.0,
                    0.0,
                    0.0,
                    0.5199999999999999
                ],
                [
                    0.0,
                    1.0,
                    0.0,
                    -0.43085999999999997
                ],
                [
                    0.0,
                    0.0,
                    1.0,
                    -0.80301
                ],
                [
                    0.0,
                    0.0,
                    0.0,
                    1.0
                ]
            ],
            "size": [
                0.2,
                0.08,
                0.04
            ]
        },
        "collider2": {
            "type": "Box",
            "collider2origin": [
                [
                    -0.06379330322966247,
                    -0.8368993351849632,
                    -0.5436266340329683,
                    0.6532608108544786
                ],
                [
                    0.09754476933099478,
                    -0.5473568331138617,
                    0.8311952329144621,
                    -0.5579015073780926
                ],
                [
                    -0.9931844906356578,
                    -3.245082568796062e-06,
                    0.11655285303354046,
                    -0.8834659126061423
                ],
                [
                    0.0,
                    0.0,
                    0.0,
                    1.0
                ]
            ],
            "size": [
                0.1202,
                0.13634,
                0.67816
            ]
        },
        "distance": 0.0
    },
    {
        "case": 7,
        "collider1": {
            "type": "Box",
            "collider2origin": [
                [
                    1.0,
                    0.0,
                    0.0,
                    -0.26
                ],
                [
                    0.0,
                    1.0,
                    0.0,
                    -0.4608599999999999
                ],
                [
                    0.0,
                    0.0,
                    1.0,
                    -1.143
                ],
                [
                    0.0,
                    0.0,
                    0.0,
                    1.0
                ]
            ],
            "size": [
                1.48,
                0.272,
                0.945
            ]
        },
        "collider2": {
            "type": "Box",
            "collider2origin": [
                [
                    -0.06379330322966247,
                    -0.8368993351849632,
                    -0.5436266340329683,
                    0.6532608108544786
                ],
                [
                    0.09754476933099478,
                    -0.5473568331138617,
                    0.8311952329144621,
                    -0.5579015073780926
                ],
                [
                    -0.9931844906356578,
                    -3.245082568796062e-06,
                    0.11655285303354046,
                    -0.8834659126061423
                ],
                [
                    0.0,
                    0.0,
                    0.0,
                    1.0
                ]
            ],
            "size": [
                0.1202,
                0.13634,
                0.67816
            ]
        },
        "distance": 0.0
    }
]