[
    {
        "case": 0,
        "collider1": {
            "type": "Cylinder",
            "collider2origin": [
                [
                    1.0,
                    0.0,
                    0.0,
                    0.4849999999999999
                ],
                [
                    0.0,
                    -3.673205103346574e-06,
                    -0.9999999999932537,
                    -0.46086
                ],
                [
                    0.0,
                    0.9999999999932537,
                    -3.673205103346574e-06,
                    -0.70001
                ],
                [
                    0.0,
                    0.0,
                    0.0,
                    1.0
                ]
            ],
            "radius": 0.026,
            "height": 0.272
        },
        "collider2": {
            "type": "Box",
            "collider2origin": [
                [
                    0.4448118684158022,
                    0.7852997264058791,
                    -0.4306352765662543,
                    0.5708622545911093
                ],
                [
                    -0.5642077536899013,
                    0.619115772457609,
                    0.5462282224221059,
                    -0.37781667859428614
                ],
                [
                    0.6955659655220623,
                    -1.0341459437245273e-06,
                    0.7184622381213167,
                    -0.4199576128647511
                ],
                [
                    0.0,
                    0.0,
                    0.0,
                    1.0
                ]
            ],
            "size": [
                0.1202,
                0.13634,
                0.67816
            ]
        },
        "distance": 0.1012848393560235
    },
    {
        "case": 1,
        "collider1": {
            "type": "Box",
            "collider2origin": [
                [
                    1.0,
                    0.0,
                    0.0,
                    -0.26
                ],
                [
                    0.0,
                    1.0,
                    0.0,
                    -0.4608599999999999
                ],
                [
                    0.0,
                    0.0,
                    1.0,
                    -1.143
                ],
                [
                    0.0,
                    0.0,
                    0.0,
                    1.0
                ]
            ],
            "size": [
                1.48,
                0.272,
                0.945
            ]
        },
        "collider2": {
            "type": "Box",
            "collider2origin": [
                [
                    0.4448118684158022,
                    0.7852997264058791,
                    -0.4306352765662543,
                    0.5708622545911093
                ],
                [
                    -0.5642077536899013,
                    0.619115772457609,
                    0.5462282224221059,
                    -0.37781667859428614
                ],
                [
                    0.6955659655220623,
                    -1.0341459437245273e-06,
                    0.7184622381213167,
                    -0.4199576128647511
                ],
                [
                    0.0,
                    0.0,
                    0.0,
                    1.0
                ]
            ],
            "size": [
                0.1202,
                0.13634,
                0.67816
            ]
        },
        "distance": 0.11640204406280852
    },
    {
        "case": 2,
        "collider1": {
            "type": "Box",
            "collider2origin": [
                [
                    1.0,
                    0.0,
                    0.0,
                    -0.08500000000000019
                ],
                [
                    0.0,
                    1.0,
                    0.0,
                    -0.03585999999999995
                ],
                [
                    0.0,
                    0.0,
                    1.0,
                    -0.81301
                ],
                [
                    0.0,
                    0.0,
                    0.0,
                    1.0
                ]
            ],
            "size": [
                1.01,
                0.28,
                0.27
            ]
        },
        "collider2": {
            "type": "Box",
            "collider2origin": [
                [
                    0.4448118684158022,
                    0.7852997264058791,
                    -0.4306352765662543,
                    0.5708622545911093
                ],
                [
                    -0.5642077536899013,
                    0.619115772457609,
                    0.5462282224221059,
                    -0.37781667859428614
                ],
                [
                    0.6955659655220623,
                    -1.0341459437245273e-06,
                    0.7184622381213167,
                    -0.4199576128647511
                ],
                [
                    0.0,
                    0.0,
                    0.0,
                    1.0
                ]
            ],
            "size": [
                0.1202,
                0.13634,
                0.67816
            ]
        },
        "distance": 0.3004433031234498
    }
]