[
    {
        "case": 0,
        "collider1": {
            "type": "Box",
            "collider2origin": [
                [
                    1.0,
                    0.0,
                    0.0,
                    -0.06
                ],
                [
                    0.0,
                    1.0,
                    0.0,
                    -0.37086
                ],
                [
                    0.0,
                    0.0,
                    1.0,
                    -0.40301
                ],
                [
                    0.0,
                    0.0,
                    0.0,
                    1.0
                ]
            ],
            "size": [
                0.1,
                1.0,
                1.64
            ]
        },
        "collider2": {
            "type": "Cylinder",
            "collider2origin": [
                [
                    0.46130073181014386,
                    0.45541773340596986,
                    0.7614435782976928,
                    -0.09679742047914064
                ],
                [
                    -0.8777271383363701,
                    0.10888214996968391,
                    0.46662591874629666,
                    -0.6818015495597458
                ],
                [
                    0.1296021043782546,
                    -0.8835945707830871,
                    0.4499599193521347,
                    -0.7026401869981105
                ],
                [
                    0.0,
                    0.0,
                    0.0,
                    1.0
                ]
            ],
            "radius": 0.01271,
            "height": 0.05982
        },
        "distance": 0.0
    },
    {
        "case": 1,
        "collider1": {
            "type": "Box",
            "collider2origin": [
                [
                    1.0,
                    0.0,
                    0.0,
                    -0.06
                ],
                [
                    0.0,
                    1.0,
                    0.0,
                    -0.37086
                ],
                [
                    0.0,
                    0.0,
                    1.0,
                    -0.40301
                ],
                [
                    0.0,
                    0.0,
                    0.0,
                    1.0
                ]
            ],
            "size": [
                0.1,
                1.0,
                1.64
            ]
        },
        "collider2": {
            "type": "Cylinder",
            "collider2origin": [
                [
                    0.457123039958416,
                    0.3714082657828559,
                    0.8081425780438425,
                    -0.10798216890922441
                ],
                [
                    -0.8861220400612269,
                    0.1122065461001578,
                    0.4496636755732024,
                    -0.6872677093665231
                ],
                [
                    0.07632991849141121,
                    -0.9216645762534458,
                    0.380405247627645,
                    -0.7107008693217424
                ],
                [
                    0.0,
                    0.0,
                    0.0,
                    1.0
                ]
            ],
            "radius": 0.01169,
            "height": 0.05502
        },
        "distance": 0.0
    },
    {
        "case": 2,
        "collider1": {
            "type": "Box",
            "collider2origin": [
                [
                    1.0,
                    0.0,
                    0.0,
                    -0.26
                ],
                [
                    0.0,
                    1.0,
                    0.0,
                    -0.4608599999999999
                ],
                [
                    0.0,
                    0.0,
                    1.0,
                    -1.143
                ],
                [
                    0.0,
                    0.0,
                    0.0,
                    1.0
                ]
            ],
            "size": [
                1.48,
                0.272,
                0.945
            ]
        },
        "collider2": {
            "type": "Box",
            "collider2origin": [
                [
                    0.03306785920990819,
                    -0.981643367941977,
                    0.18783720308502674,
                    -0.11595541758491734
                ],
                [
                    -0.5788792699708843,
                    -0.17201795737584985,
                    -0.7970624901086588,
                    -0.6283689461355962
                ],
                [
                    0.8147424792443619,
                    -0.08237791279082117,
                    -0.5739412618020923,
                    -0.6854577151999185
                ],
                [
                    0.0,
                    0.0,
                    0.0,
                    1.0
                ]
            ],
            "size": [
                0.07264,
                0.04753,
                0.03326
            ]
        },
        "distance": 0.0
    },
    {
        "case": 3,
        "collider1": {
            "type": "Box",
            "collider2origin": [
                [
                    1.0,
                    0.0,
                    0.0,
                    -0.06
                ],
                [
                    0.0,
                    1.0,
                    0.0,
                    -0.37086
                ],
                [
                    0.0,
                    0.0,
                    1.0,
                    -0.40301
                ],
                [
                    0.0,
                    0.0,
                    0.0,
                    1.0
                ]
            ],
            "size": [
                0.1,
                1.0,
                1.64
            ]
        },
        "collider2": {
            "type": "Box",
            "collider2origin": [
                [
                    0.03306785920990819,
                    -0.981643367941977,
                    0.18783720308502674,
                    -0.11595541758491734
                ],
                [
                    -0.5788792699708843,
                    -0.17201795737584985,
                    -0.7970624901086588,
                    -0.6283689461355962
                ],
                [
                    0.8147424792443619,
                    -0.08237791279082117,
                    -0.5739412618020923,
                    -0.6854577151999185
                ],
                [
                    0.0,
                    0.0,
                    0.0,
                    1.0
                ]
            ],
            "size": [
                0.07264,
                0.04753,
                0.03326
            ]
        },
        "distance": 0.0
    },
    {
        "case": 4,
        "collider1": {
            "type": "Box",
            "collider2origin": [
                [
                    1.0,
                    0.0,
                    0.0,
                    0.5199999999999999
                ],
                [
                    0.0,
                    1.0,
                    0.0,
                    -0.43085999999999997
                ],
                [
                    0.0,
                    0.0,
                    1.0,
                    -0.80301
                ],
                [
                    0.0,
                    0.0,
                    0.0,
                    1.0
                ]
            ],
            "size": [
                0.2,
                0.08,
                0.04
            ]
        },
        "collider2": {
            "type": "Box",
            "collider2origin": [
                [
                    0.6427668450677991,
                    -0.5715610148947046,
                    -0.5100674358691439,
                    0.32923721989796473
                ],
                [
                    -0.4477144771929899,
                    -0.8205595689586623,
                    0.35529387934804313,
                    -0.5915218312321339
                ],
                [
                    -0.621612845582679,
                    -6.550517118282797e-06,
                    -0.7833246262972298,
                    -0.5372880244308641
                ],
                [
                    0.0,
                    0.0,
                    0.0,
                    1.0
                ]
            ],
            "size": [
                0.1202,
                0.13634,
                0.67816
            ]
        },
        "distance": 0.12744903718305625
    },
    {
        "case": 5,
        "collider1": {
            "type": "Cylinder",
            "collider2origin": [
                [
                    1.0,
                    0.0,
                    0.0,
                    0.4849999999999999
                ],
                [
                    0.0,
                    -3.673205103346574e-06,
                    -0.9999999999932537,
                    -0.46086
                ],
                [
                    0.0,
                    0.9999999999932537,
                    -3.673205103346574e-06,
                    -0.70001
                ],
                [
                    0.0,
                    0.0,
                    0.0,
                    1.0
                ]
            ],
            "radius": 0.026,
            "height": 0.272
        },
        "collider2": {
            "type": "Box",
            "collider2origin": [
                [
                    0.6427668450677991,
                    -0.5715610148947046,
                    -0.5100674358691439,
                    0.32923721989796473
                ],
                [
                    -0.4477144771929899,
                    -0.8205595689586623,
                    0.35529387934804313,
                    -0.5915218312321339
                ],
                [
                    -0.621612845582679,
                    -6.550517118282797e-06,
                    -0.7833246262972298,
                    -0.5372880244308641
                ],
                [
                    0.0,
                    0.0,
                    0.0,
                    1.0
                ]
            ],
            "size": [
                0.1202,
                0.13634,
                0.67816
            ]
        },
        "distance": 0.10791302420151529
    },
    {
        "case": 6,
        "collider1": {
            "type": "Box",
            "collider2origin": [
                [
                    1.0,
                    0.0,
                    0.0,
                    -0.26
                ],
                [
                    0.0,
                    1.0,
                    0.0,
                    -0.4608599999999999
                ],
                [
                    0.0,
                    0.0,
                    1.0,
                    -1.143
                ],
                [
                    0.0,
                    0.0,
                    0.0,
                    1.0
                ]
            ],
            "size": [
                1.48,
                0.272,
                0.945
            ]
        },
        "collider2": {
            "type": "Box",
            "collider2origin": [
                [
                    0.6427668450677991,
                    -0.5715610148947046,
                    -0.5100674358691439,
                    0.32923721989796473
                ],
                [
                    -0.4477144771929899,
                    -0.8205595689586623,
                    0.35529387934804313,
                    -0.5915218312321339
                ],
                [
                    -0.621612845582679,
                    -6.550517118282797e-06,
                    -0.7833246262972298,
                    -0.5372880244308641
                ],
                [
                    0.0,
                    0.0,
                    0.0,
                    1.0
                ]
            ],
            "size": [
                0.1202,
                0.13634,
                0.67816
            ]
        },
        "distance": 0.0
    },
    {
        "case": 7,
        "collider1": {
            "type": "Box",
            "collider2origin": [
                [
                    1.0,
                    0.0,
                    0.0,
                    -0.06
                ],
                [
                    0.0,
                    1.0,
                    0.0,
                    -0.37086
                ],
                [
                    0.0,
                    0.0,
                    1.0,
                    -0.40301
                ],
                [
                    0.0,
                    0.0,
                    0.0,
                    1.0
                ]
            ],
            "size": [
                0.1,
                1.0,
                1.64
            ]
        },
        "collider2": {
            "type": "Sphere",
            "collider2origin": [
                [
                    1.0,
                    0.0,
                    0.0,
                    -0.1131881168492852
                ],
                [
                    0.0,
                    1.0,
                    0.0,
                    -0.7022460292026066
                ],
                [
                    0.0,
                    0.0,
                    1.0,
                    -0.7316630214308463
                ],
                [
                    0.0,
                    0.0,
                    0.0,
                    1.0
                ]
            ],
            "radius": 0.00563
        },
        "distance": 0.0
    },
    {
        "case": 8,
        "collider1": {
            "type": "Box",
            "collider2origin": [
                [
                    1.0,
                    0.0,
                    0.0,
                    -0.06
                ],
                [
                    0.0,
                    1.0,
                    0.0,
                    -0.37086
                ],
                [
                    0.0,
                    0.0,
                    1.0,
                    -0.40301
                ],
                [
                    0.0,
                    0.0,
                    0.0,
                    1.0
                ]
            ],
            "size": [
                0.1,
                1.0,
                1.64
            ]
        },
        "collider2": {
            "type": "Cylinder",
            "collider2origin": [
                [
                    0.08538273560100348,
                    0.86322614219513,
                    -0.4975443858513543,
                    -0.12507601317261163
                ],
                [
                    -0.578477892077377,
                    0.4495301504285404,
                    0.6806511384207091,
                    -0.6890443886415543
                ],
                [
                    0.8112170590162676,
                    0.22970257135392735,
                    0.5377393531018444,
                    -0.720997769089592
                ],
                [
                    0.0,
                    0.0,
                    0.0,
                    1.0
                ]
            ],
            "radius": 0.00813,
            "height": 0.03824
        },
        "distance": 0.0
    },
    {
        "case": 9,
        "collider1": {
            "type": "Box",
            "collider2origin": [
                [
                    1.0,
                    0.0,
                    0.0,
                    -0.26
                ],
                [
                    0.0,
                    1.0,
                    0.0,
                    -0.4608599999999999
                ],
                [
                    0.0,
                    0.0,
                    1.0,
                    -1.143
                ],
                [
                    0.0,
                    0.0,
                    0.0,
                    1.0
                ]
            ],
            "size": [
                1.48,
                0.272,
                0.945
            ]
        },
        "collider2": {
            "type": "Box",
            "collider2origin": [
                [
                    -0.7684189813575499,
                    -0.5715601986035602,
                    -0.28783885849843877,
                    0.11591923093836176
                ],
                [
                    0.5352414373558326,
                    -0.8205601375720151,
                    0.20049355192887863,
                    -0.5791343559936732
                ],
                [
                    -0.35078322768725373,
                    -2.3340762052541982e-07,
                    0.9364566872916534,
                    -0.763497326368257
                ],
                [
                    0.0,
                    0.0,
                    0.0,
                    1.0
                ]
            ],
            "size": [
                0.09102,
                0.10007,
                0.11882
            ]
        },
        "distance": 0.0
    },
    {
        "case": 10,
        "collider1": {
            "type": "Box",
            "collider2origin": [
                [
                    1.0,
                    0.0,
                    0.0,
                    -0.26
                ],
                [
                    0.0,
                    1.0,
                    0.0,
                    -0.4608599999999999
                ],
                [
                    0.0,
                    0.0,
                    1.0,
                    -1.143
                ],
                [
                    0.0,
                    0.0,
                    0.0,
                    1.0
                ]
            ],
            "size": [
                1.48,
                0.272,
                0.945
            ]
        },
        "collider2": {
            "type": "Box",
            "collider2origin": [
                [
                    -0.4338451475052872,
                    -0.8969329082903785,
                    0.08538000943943896,
                    0.012094566397894746
                ],
                [
                    0.711364258474424,
                    -0.3991519535646369,
                    -0.578479567254252,
                    -0.5908416019771625
                ],
                [
                    0.5529369582070351,
                    -0.19023426608078978,
                    0.8112161513785672,
                    -0.6714836277212561
                ],
                [
                    0.0,
                    0.0,
                    0.0,
                    1.0
                ]
            ],
            "size": [
                0.08993,
                0.0305,
                0.09007
            ]
        },
        "distance": 0.0
    },
    {
        "case": 11,
        "collider1": {
            "type": "Box",
            "collider2origin": [
                [
                    1.0,
                    0.0,
                    0.0,
                    -0.06
                ],
                [
                    0.0,
                    1.0,
                    0.0,
                    -0.37086
                ],
                [
                    0.0,
                    0.0,
                    1.0,
                    -0.40301
                ],
                [
                    0.0,
                    0.0,
                    0.0,
                    1.0
                ]
            ],
            "size": [
                0.1,
                1.0,
                1.64
            ]
        },
        "collider2": {
            "type": "Box",
            "collider2origin": [
                [
                    -0.4338451475052872,
                    -0.8969329082903785,
                    0.08538000943943896,
                    0.012094566397894746
                ],
                [
                    0.711364258474424,
                    -0.3991519535646369,
                    -0.578479567254252,
                    -0.5908416019771625
                ],
                [
                    0.5529369582070351,
                    -0.19023426608078978,
                    0.8112161513785672,
                    -0.6714836277212561
                ],
                [
                    0.0,
                    0.0,
                    0.0,
                    1.0
                ]
            ],
            "size": [
                0.08993,
                0.0305,
                0.09007
            ]
        },
        "distance": 0.0
    },
    {
        "case": 12,
        "collider1": {
            "type": "Box",
            "collider2origin": [
                [
                    1.0,
                    0.0,
                    0.0,
                    -0.26
                ],
                [
                    0.0,
                    1.0,
                    0.0,
                    -0.4608599999999999
                ],
                [
                    0.0,
                    0.0,
                    1.0,
                    -1.143
                ],
                [
                    0.0,
                    0.0,
                    0.0,
                    1.0
                ]
            ],
            "size": [
                1.48,
                0.272,
                0.945
            ]
        },
        "collider2": {
            "type": "Box",
            "collider2origin": [
                [
                    -0.3356451851801224,
                    -0.896934279199829,
                    -0.28783885849843877,
                    0.08006116481109093
                ],
                [
                    0.8946967853980697,
                    -0.39914909223660017,
                    0.20049355192887863,
                    -0.5611869382047263
                ],
                [
                    -0.2947201585636134,
                    -0.19023380604661413,
                    0.9364566872916534,
                    -0.6615915999076089
                ],
                [
                    0.0,
                    0.0,
                    0.0,
                    1.0
                ]
            ],
            "size": [
                0.09126,
                0.11887,
                0.10009
            ]
        },
        "distance": 0.0
    },
    {
        "case": 13,
        "collider1": {
            "type": "Box",
            "collider2origin": [
                [
                    1.0,
                    0.0,
                    0.0,
                    -0.26
                ],
                [
                    0.0,
                    1.0,
                    0.0,
                    -0.4608599999999999
                ],
                [
                    0.0,
                    0.0,
                    1.0,
                    -1.143
                ],
                [
                    0.0,
                    0.0,
                    0.0,
                    1.0
                ]
            ],
            "size": [
                1.48,
                0.272,
                0.945
            ]
        },
        "collider2": {
            "type": "Box",
            "collider2origin": [
                [
                    0.07169117159803207,
                    -0.9816426534172732,
                    0.1767429684790776,
                    -0.0653207378924372
                ],
                [
                    -0.7330451089932444,
                    -0.1720196611667488,
                    -0.658068464791589,
                    -0.6203493084948505
                ],
                [
                    0.6763913394596232,
                    -0.0823828693599078,
                    -0.7319206369136236,
                    -0.6839709991708568
                ],
                [
                    0.0,
                    0.0,
                    0.0,
                    1.0
                ]
            ],
            "size": [
                0.06241,
                0.05638,
                0.02858
            ]
        },
        "distance": 0.0
    },
    {
        "case": 14,
        "collider1": {
            "type": "Box",
            "collider2origin": [
                [
                    1.0,
                    0.0,
                    0.0,
                    -0.06
                ],
                [
                    0.0,
                    1.0,
                    0.0,
                    -0.37086
                ],
                [
                    0.0,
                    0.0,
                    1.0,
                    -0.40301
                ],
                [
                    0.0,
                    0.0,
                    0.0,
                    1.0
                ]
            ],
            "size": [
                0.1,
                1.0,
                1.64
            ]
        },
        "collider2": {
            "type": "Box",
            "collider2origin": [
                [
                    0.07169117159803207,
                    -0.9816426534172732,
                    0.1767429684790776,
                    -0.0653207378924372
                ],
                [
                    -0.7330451089932444,
                    -0.1720196611667488,
                    -0.658068464791589,
                    -0.6203493084948505
                ],
                [
                    0.6763913394596232,
                    -0.0823828693599078,
                    -0.7319206369136236,
                    -0.6839709991708568
                ],
                [
                    0.0,
                    0.0,
                    0.0,
                    1.0
                ]
            ],
            "size": [
                0.06241,
                0.05638,
                0.02858
            ]
        },
        "distance": 0.0
    }
]