[
    {
        "case": 0,
        "collider1": {
            "type": "Box",
            "collider2origin": [
                [
                    1.0,
                    0.0,
                    0.0,
                    -0.26
                ],
                [
                    0.0,
                    1.0,
                    0.0,
                    -0.4608599999999999
                ],
                [
                    0.0,
                    0.0,
                    1.0,
                    -1.143
                ],
                [
                    0.0,
                    0.0,
                    0.0,
                    1.0
                ]
            ],
            "size": [
                1.48,
                0.272,
                0.945
            ]
        },
        "collider2": {
            "type": "Box",
            "collider2origin": [
                [
                    0.7430732651555907,
                    0.5659016009002176,
                    -0.3572079236377327,
                    -0.022578108241297468
                ],
                [
                    0.6413234914840955,
                    -0.7546595855577847,
                    0.1385391251466579,
                    -0.42865402731882396
                ],
                [
                    -0.19117087090259896,
                    -0.3320305528476611,
                    -0.9236933528471547,
                    -0.667053171018763
                ],
                [
                    0.0,
                    0.0,
                    0.0,
                    1.0
                ]
            ],
            "size": [
                0.09126,
                0.11887,
                0.10009
            ]
        },
        "distance": 0.0
    },
    {
        "case": 1,
        "collider1": {
            "type": "Box",
            "collider2origin": [
                [
                    1.0,
                    0.0,
                    0.0,
                    -0.06
                ],
                [
                    0.0,
                    1.0,
                    0.0,
                    -0.37086
                ],
                [
                    0.0,
                    0.0,
                    1.0,
                    -0.40301
                ],
                [
                    0.0,
                    0.0,
                    0.0,
                    1.0
                ]
            ],
            "size": [
                0.1,
                1.0,
                1.64
            ]
        },
        "collider2": {
            "type": "Box",
            "collider2origin": [
                [
                    0.7430732651555907,
                    0.5659016009002176,
                    -0.3572079236377327,
                    -0.022578108241297468
                ],
                [
                    0.6413234914840955,
                    -0.7546595855577847,
                    0.1385391251466579,
                    -0.42865402731882396
                ],
                [
                    -0.19117087090259896,
                    -0.3320305528476611,
                    -0.9236933528471547,
                    -0.667053171018763
                ],
                [
                    0.0,
                    0.0,
                    0.0,
                    1.0
                ]
            ],
            "size": [
                0.09126,
                0.11887,
                0.10009
            ]
        },
        "distance": 0.0
    },
    {
        "case": 2,
        "collider1": {
            "type": "Box",
            "collider2origin": [
                [
                    1.0,
                    0.0,
                    0.0,
                    -0.26
                ],
                [
                    0.0,
                    1.0,
                    0.0,
                    -0.4608599999999999
                ],
                [
                    0.0,
                    0.0,
                    1.0,
                    -1.143
                ],
                [
                    0.0,
                    0.0,
                    0.0,
                    1.0
                ]
            ],
            "size": [
                1.48,
                0.272,
                0.945
            ]
        },
        "collider2": {
            "type": "Box",
            "collider2origin": [
                [
                    -0.4658646929240615,
                    0.5659004143361974,
                    -0.6802402582476943,
                    0.017650119051637048
                ],
                [
                    0.039578074973673265,
                    -0.7546625000899488,
                    -0.6549183818914885,
                    -0.48515188072370363
                ],
                [
                    -0.883970397619823,
                    -0.3320259508112398,
                    0.3291733648394779,
                    -0.6949967880243691
                ],
                [
                    0.0,
                    0.0,
                    0.0,
                    1.0
                ]
            ],
            "size": [
                0.08993,
                0.0305,
                0.09007
            ]
        },
        "distance": 0.0
    },
    {
        "case": 3,
        "collider1": {
            "type": "Box",
            "collider2origin": [
                [
                    1.0,
                    0.0,
                    0.0,
                    -0.06
                ],
                [
                    0.0,
                    1.0,
                    0.0,
                    -0.37086
                ],
                [
                    0.0,
                    0.0,
                    1.0,
                    -0.40301
                ],
                [
                    0.0,
                    0.0,
                    0.0,
                    1.0
                ]
            ],
            "size": [
                0.1,
                1.0,
                1.64
            ]
        },
        "collider2": {
            "type": "Box",
            "collider2origin": [
                [
                    -0.4658646929240615,
                    0.5659004143361974,
                    -0.6802402582476943,
                    0.017650119051637048
                ],
                [
                    0.039578074973673265,
                    -0.7546625000899488,
                    -0.6549183818914885,
                    -0.48515188072370363
                ],
                [
                    -0.883970397619823,
                    -0.3320259508112398,
                    0.3291733648394779,
                    -0.6949967880243691
                ],
                [
                    0.0,
                    0.0,
                    0.0,
                    1.0
                ]
            ],
            "size": [
                0.08993,
                0.0305,
                0.09007
            ]
        },
        "distance": 0.0
    },
    {
        "case": 4,
        "collider1": {
            "type": "Box",
            "collider2origin": [
                [
                    1.0,
                    0.0,
                    0.0,
                    -0.26
                ],
                [
                    0.0,
                    1.0,
                    0.0,
                    -0.4608599999999999
                ],
                [
                    0.0,
                    0.0,
                    1.0,
                    -1.143
                ],
                [
                    0.0,
                    0.0,
                    0.0,
                    1.0
                ]
            ],
            "size": [
                1.48,
                0.272,
                0.945
            ]
        },
        "collider2": {
            "type": "Cylinder",
            "collider2origin": [
                [
                    -0.46626230556051446,
                    -0.41124066853087016,
                    -0.783250007953831,
                    0.13085532525272248
                ],
                [
                    -0.8765488380365363,
                    0.33428591741735597,
                    0.34628753941375606,
                    -0.5839015336952642
                ],
                [
                    0.1194219282635748,
                    0.8480177108779738,
                    -0.5163374527255307,
                    -0.7562869234538092
                ],
                [
                    0.0,
                    0.0,
                    0.0,
                    1.0
                ]
            ],
            "radius": 0.00783,
            "height": 0.03044
        },
        "distance": 0.0
    },
    {
        "case": 5,
        "collider1": {
            "type": "Box",
            "collider2origin": [
                [
                    1.0,
                    0.0,
                    0.0,
                    -0.06
                ],
                [
                    0.0,
                    1.0,
                    0.0,
                    -0.37086
                ],
                [
                    0.0,
                    0.0,
                    1.0,
                    -0.40301
                ],
                [
                    0.0,
                    0.0,
                    0.0,
                    1.0
                ]
            ],
            "size": [
                0.1,
                1.0,
                1.64
            ]
        },
        "collider2": {
            "type": "Box",
            "collider2origin": [
                [
                    -0.8611849492850343,
                    0.3616116458513924,
                    -0.3572079236377327,
                    0.013955944263198905
                ],
                [
                    0.33402079765919024,
                    0.9323288140643925,
                    0.1385391251466579,
                    -0.4459831402978649
                ],
                [
                    0.38313260087866646,
                    -7.06612024099972e-06,
                    -0.9236933528471547,
                    -0.565397170245819
                ],
                [
                    0.0,
                    0.0,
                    0.0,
                    1.0
                ]
            ],
            "size": [
                0.09102,
                0.10007,
                0.11882
            ]
        },
        "distance": 0.0
    },
    {
        "case": 6,
        "collider1": {
            "type": "Box",
            "collider2origin": [
                [
                    1.0,
                    0.0,
                    0.0,
                    -0.26
                ],
                [
                    0.0,
                    1.0,
                    0.0,
                    -0.4608599999999999
                ],
                [
                    0.0,
                    0.0,
                    1.0,
                    -1.143
                ],
                [
                    0.0,
                    0.0,
                    0.0,
                    1.0
                ]
            ],
            "size": [
                1.48,
                0.272,
                0.945
            ]
        },
        "collider2": {
            "type": "Box",
            "collider2origin": [
                [
                    -0.5263061914450763,
                    0.46059011372503744,
                    0.7147436883144441,
                    0.06207811655705653
                ],
                [
                    -0.7233291171671566,
                    -0.684402043208842,
                    -0.09159056452355428,
                    -0.5482249031562976
                ],
                [
                    0.4469863321229853,
                    -0.5651996022559809,
                    0.6933632731151258,
                    -0.7276727028072024
                ],
                [
                    0.0,
                    0.0,
                    0.0,
                    1.0
                ]
            ],
            "size": [
                0.06241,
                0.05638,
                0.02858
            ]
        },
        "distance": 0.0
    },
    {
        "case": 7,
        "collider1": {
            "type": "Cylinder",
            "collider2origin": [
                [
                    1.0,
                    0.0,
                    0.0,
                    0.4849999999999999
                ],
                [
                    0.0,
                    -3.673205103346574e-06,
                    -0.9999999999932537,
                    -0.46086
                ],
                [
                    0.0,
                    0.9999999999932537,
                    -3.673205103346574e-06,
                    -0.70001
                ],
                [
                    0.0,
                    0.0,
                    0.0,
                    1.0
                ]
            ],
            "radius": 0.026,
            "height": 0.272
        },
        "collider2": {
            "type": "Box",
            "collider2origin": [
                [
                    0.12233169482487657,
                    0.36160956291916446,
                    -0.9242691601728817,
                    0.24408933635757668
                ],
                [
                    -0.047443678714631406,
                    0.9323296219659796,
                    0.35848371421139363,
                    -0.6551147814078222
                ],
                [
                    0.9913546559084171,
                    -3.1912455120783243e-06,
                    0.1312095507138099,
                    -0.6012996051367935
                ],
                [
                    0.0,
                    0.0,
                    0.0,
                    1.0
                ]
            ],
            "size": [
                0.1202,
                0.13634,
                0.67816
            ]
        },
        "distance": 0.06460053014971531
    },
    {
        "case": 8,
        "collider1": {
            "type": "Box",
            "collider2origin": [
                [
                    1.0,
                    0.0,
                    0.0,
                    -0.26
                ],
                [
                    0.0,
                    1.0,
                    0.0,
                    -0.4608599999999999
                ],
                [
                    0.0,
                    0.0,
                    1.0,
                    -1.143
                ],
                [
                    0.0,
                    0.0,
                    0.0,
                    1.0
                ]
            ],
            "size": [
                1.48,
                0.272,
                0.945
            ]
        },
        "collider2": {
            "type": "Box",
            "collider2origin": [
                [
                    0.12233169482487657,
                    0.36160956291916446,
                    -0.9242691601728817,
                    0.24408933635757668
                ],
                [
                    -0.047443678714631406,
                    0.9323296219659796,
                    0.35848371421139363,
                    -0.6551147814078222
                ],
                [
                    0.9913546559084171,
                    -3.1912455120783243e-06,
                    0.1312095507138099,
                    -0.6012996051367935
                ],
                [
                    0.0,
                    0.0,
                    0.0,
                    1.0
                ]
            ],
            "size": [
                0.1202,
                0.13634,
                0.67816
            ]
        },
        "distance": 0.006231212320412988
    },
    {
        "case": 9,
        "collider1": {
            "type": "Box",
            "collider2origin": [
                [
                    1.0,
                    0.0,
                    0.0,
                    -0.06
                ],
                [
                    0.0,
                    1.0,
                    0.0,
                    -0.37086
                ],
                [
                    0.0,
                    0.0,
                    1.0,
                    -0.40301
                ],
                [
                    0.0,
                    0.0,
                    0.0,
                    1.0
                ]
            ],
            "size": [
                0.1,
                1.0,
                1.64
            ]
        },
        "collider2": {
            "type": "Box",
            "collider2origin": [
                [
                    0.12233169482487657,
                    0.36160956291916446,
                    -0.9242691601728817,
                    0.24408933635757668
                ],
                [
                    -0.047443678714631406,
                    0.9323296219659796,
                    0.35848371421139363,
                    -0.6551147814078222
                ],
                [
                    0.9913546559084171,
                    -3.1912455120783243e-06,
                    0.1312095507138099,
                    -0.6012996051367935
                ],
                [
                    0.0,
                    0.0,
                    0.0,
                    1.0
                ]
            ],
            "size": [
                0.1202,
                0.13634,
                0.67816
            ]
        },
        "distance": 0.0
    },
    {
        "case": 10,
        "collider1": {
            "type": "Cylinder",
            "collider2origin": [
                [
                    1.0,
                    0.0,
                    0.0,
                    0.4849999999999999
                ],
                [
                    0.0,
                    -3.673205103346574e-06,
                    -0.9999999999932537,
                    -0.46086
                ],
                [
                    0.0,
                    0.9999999999932537,
                    -3.673205103346574e-06,
                    -0.70001
                ],
                [
                    0.0,
                    0.0,
                    0.0,
                    1.0
                ]
            ],
            "radius": 0.026,
            "height": 0.272
        },
        "collider2": {
            "type": "Box",
            "collider2origin": [
                [
                    -0.40419500226639926,
                    0.36160987187837795,
                    -0.8401575451681479,
                    0.8111342391285036
                ],
                [
                    0.15677466790076813,
                    0.9323295021248525,
                    0.32585794907018617,
                    -0.7395382859496173
                ],
                [
                    0.9011371170068788,
                    -5.265665112842058e-06,
                    -0.4335341927977578,
                    -0.5028370138906203
                ],
                [
                    0.0,
                    0.0,
                    0.0,
                    1.0
                ]
            ],
            "size": [
                0.15068,
                0.17726,
                0.74884
            ]
        },
        "distance": 0.006977541774072043
    },
    {
        "case": 11,
        "collider1": {
            "type": "Box",
            "collider2origin": [
                [
                    1.0,
                    0.0,
                    0.0,
                    -0.26
                ],
                [
                    0.0,
                    1.0,
                    0.0,
                    -0.4608599999999999
                ],
                [
                    0.0,
                    0.0,
                    1.0,
                    -1.143
                ],
                [
                    0.0,
                    0.0,
                    0.0,
                    1.0
                ]
            ],
            "size": [
                1.48,
                0.272,
                0.945
            ]
        },
        "collider2": {
            "type": "Box",
            "collider2origin": [
                [
                    -0.40419500226639926,
                    0.36160987187837795,
                    -0.8401575451681479,
                    0.8111342391285036
                ],
                [
                    0.15677466790076813,
                    0.9323295021248525,
                    0.32585794907018617,
                    -0.7395382859496173
                ],
                [
                    0.9011371170068788,
                    -5.265665112842058e-06,
                    -0.4335341927977578,
                    -0.5028370138906203
                ],
                [
                    0.0,
                    0.0,
                    0.0,
                    1.0
                ]
            ],
            "size": [
                0.15068,
                0.17726,
                0.74884
            ]
        },
        "distance": 0.022965420448709594
    },
    {
        "case": 12,
        "collider1": {
            "type": "Cylinder",
            "collider2origin": [
                [
                    1.0,
                    0.0,
                    0.0,
                    0.4849999999999999
                ],
                [
                    0.0,
                    -3.673205103346574e-06,
                    -0.9999999999932537,
                    -0.46086
                ],
                [
                    0.0,
                    0.9999999999932537,
                    -3.673205103346574e-06,
                    -0.70001
                ],
                [
                    0.0,
                    0.0,
                    0.0,
                    1.0
                ]
            ],
            "radius": 0.026,
            "height": 0.272
        },
        "collider2": {
            "type": "Box",
            "collider2origin": [
                [
                    -0.40419500226639926,
                    0.36160987187837795,
                    -0.8401575451681479,
                    0.8111342391285036
                ],
                [
                    0.15677466790076813,
                    0.9323295021248525,
                    0.32585794907018617,
                    -0.7395382859496173
                ],
                [
                    0.9011371170068788,
                    -5.265665112842058e-06,
                    -0.4335341927977578,
                    -0.5028370138906203
                ],
                [
                    0.0,
                    0.0,
                    0.0,
                    1.0
                ]
            ],
            "size": [
                0.15068,
                0.17726,
                0.74884
            ]
        },
        "distance": 0.006977541774072043
    },
    {
        "case": 13,
        "collider1": {
            "type": "Box",
            "collider2origin": [
                [
                    1.0,
                    0.0,
                    0.0,
                    -0.26
                ],
                [
                    0.0,
                    1.0,
                    0.0,
                    -0.4608599999999999
                ],
                [
                    0.0,
                    0.0,
                    1.0,
                    -1.143
                ],
                [
                    0.0,
                    0.0,
                    0.0,
                    1.0
                ]
            ],
            "size": [
                1.48,
                0.272,
                0.945
            ]
        },
        "collider2": {
            "type": "Box",
            "collider2origin": [
                [
                    -0.40419500226639926,
                    0.36160987187837795,
                    -0.8401575451681479,
                    0.8111342391285036
                ],
                [
                    0.15677466790076813,
                    0.9323295021248525,
                    0.32585794907018617,
                    -0.7395382859496173
                ],
                [
                    0.9011371170068788,
                    -5.265665112842058e-06,
                    -0.4335341927977578,
                    -0.5028370138906203
                ],
                [
                    0.0,
                    0.0,
                    0.0,
                    1.0
                ]
            ],
            "size": [
                0.15068,
                0.17726,
                0.74884
            ]
        },
        "distance": 0.022965420448709594
    },
    {
        "case": 14,
        "collider1": {
            "type": "Box",
            "collider2origin": [
                [
                    1.0,
                    0.0,
                    0.0,
                    -0.26
                ],
                [
                    0.0,
                    1.0,
                    0.0,
                    -0.4608599999999999
                ],
                [
                    0.0,
                    0.0,
                    1.0,
                    -1.143
                ],
                [
                    0.0,
                    0.0,
                    0.0,
                    1.0
                ]
            ],
            "size": [
                1.48,
                0.272,
                0.945
            ]
        },
        "collider2": {
            "type": "Cylinder",
            "collider2origin": [
                [
                    -0.4683377337730832,
                    -0.6799842646652433,
                    -0.5641641311993885,
                    0.1483453674116978
                ],
                [
                    -0.8745143765735921,
                    0.4478305233557401,
                    0.18620533697245245,
                    -0.5910194512219791
                ],
                [
                    0.12603321899560171,
                    0.5805766290151473,
                    -0.8043919477164191,
                    -0.7383451321452426
                ],
                [
                    0.0,
                    0.0,
                    0.0,
                    1.0
                ]
            ],
            "radius": 0.0076,
            "height": 0.02993
        },
        "distance": 0.0
    },
    {
        "case": 15,
        "collider1": {
            "type": "Box",
            "collider2origin": [
                [
                    1.0,
                    0.0,
                    0.0,
                    -0.26
                ],
                [
                    0.0,
                    1.0,
                    0.0,
                    -0.4608599999999999
                ],
                [
                    0.0,
                    0.0,
                    1.0,
                    -1.143
                ],
                [
                    0.0,
                    0.0,
                    0.0,
                    1.0
                ]
            ],
            "size": [
                1.48,
                0.272,
                0.945
            ]
        },
        "collider2": {
            "type": "Cylinder",
            "collider2origin": [
                [
                    -0.5959266326610017,
                    0.07225070323673312,
                    -0.7997820230332243,
                    0.12294287870356146
                ],
                [
                    -0.7697684194918697,
                    0.23230903053551918,
                    0.5945494888439781,
                    -0.6059376790995511
                ],
                [
                    0.22875320508860256,
                    0.9699548186454064,
                    -0.08282282866605743,
                    -0.7688181354339066
                ],
                [
                    0.0,
                    0.0,
                    0.0,
                    1.0
                ]
            ],
            "radius": 0.00783,
            "height": 0.03683
        },
        "distance": 0.0
    },
    {
        "case": 16,
        "collider1": {
            "type": "Box",
            "collider2origin": [
                [
                    1.0,
                    0.0,
                    0.0,
                    -0.26
                ],
                [
                    0.0,
                    1.0,
                    0.0,
                    -0.4608599999999999
                ],
                [
                    0.0,
                    0.0,
                    1.0,
                    -1.143
                ],
                [
                    0.0,
                    0.0,
                    0.0,
                    1.0
                ]
            ],
            "size": [
                1.48,
                0.272,
                0.945
            ]
        },
        "collider2": {
            "type": "Cylinder",
            "collider2origin": [
                [
                    -0.5145436383570657,
                    0.5953497104406078,
                    -0.6170928345918119,
                    0.0880668129685459
                ],
                [
                    -0.2761284099674014,
                    0.5662882458901407,
                    0.776576283294527,
                    -0.6110480578286065
                ],
                [
                    0.811786884246812,
                    0.5699792494862871,
                    -0.12698704548063564,
                    -0.697199430251855
                ],
                [
                    0.0,
                    0.0,
                    0.0,
                    1.0
                ]
            ],
            "radius": 0.01271,
            "height": 0.05982
        },
        "distance": 0.0
    },
    {
        "case": 17,
        "collider1": {
            "type": "Box",
            "collider2origin": [
                [
                    1.0,
                    0.0,
                    0.0,
                    -0.26
                ],
                [
                    0.0,
                    1.0,
                    0.0,
                    -0.4608599999999999
                ],
                [
                    0.0,
                    0.0,
                    1.0,
                    -1.143
                ],
                [
                    0.0,
                    0.0,
                    0.0,
                    1.0
                ]
            ],
            "size": [
                1.48,
                0.272,
                0.945
            ]
        },
        "collider2": {
            "type": "Cylinder",
            "collider2origin": [
                [
                    -0.4682718012662866,
                    0.6658826915168938,
                    -0.580794078204181,
                    0.09871157478242021
                ],
                [
                    -0.2747909465627232,
                    0.5149710680399364,
                    0.8119696636999251,
                    -0.6212591059437138
                ],
                [
                    0.8397686918586508,
                    0.5398194515020961,
                    -0.058167894529423295,
                    -0.6956581183700976
                ],
                [
                    0.0,
                    0.0,
                    0.0,
                    1.0
                ]
            ],
            "radius": 0.01169,
            "height": 0.05502
        },
        "distance": 0.0
    },
    {
        "case": 18,
        "collider1": {
            "type": "Box",
            "collider2origin": [
                [
                    1.0,
                    0.0,
                    0.0,
                    -0.26
                ],
                [
                    0.0,
                    1.0,
                    0.0,
                    -0.4608599999999999
                ],
                [
                    0.0,
                    0.0,
                    1.0,
                    -1.143
                ],
                [
                    0.0,
                    0.0,
                    0.0,
                    1.0
                ]
            ],
            "size": [
                1.48,
                0.272,
                0.945
            ]
        },
        "collider2": {
            "type": "Sphere",
            "collider2origin": [
                [
                    1.0,
                    0.0,
                    0.0,
                    0.1560368077694304
                ],
                [
                    0.0,
                    1.0,
                    0.0,
                    -0.5923021082432571
                ],
                [
                    0.0,
                    0.0,
                    1.0,
                    -0.7261178169784037
                ],
                [
                    0.0,
                    0.0,
                    0.0,
                    1.0
                ]
            ],
            "radius": 0.00484
        },
        "distance": 0.0
    },
    {
        "case": 19,
        "collider1": {
            "type": "Box",
            "collider2origin": [
                [
                    1.0,
                    0.0,
                    0.0,
                    -0.26
                ],
                [
                    0.0,
                    1.0,
                    0.0,
                    -0.4608599999999999
                ],
                [
                    0.0,
                    0.0,
                    1.0,
                    -1.143
                ],
                [
                    0.0,
                    0.0,
                    0.0,
                    1.0
                ]
            ],
            "size": [
                1.48,
                0.272,
                0.945
            ]
        },
        "collider2": {
            "type": "Box",
            "collider2origin": [
                [
                    -0.6643910996363384,
                    0.4605855489283821,
                    0.5885961423950705,
                    0.08316270780257662
                ],
                [
                    -0.6880772739943607,
                    -0.68440308122702,
                    -0.24112670407785666,
                    -0.5839337240459976
                ],
                [
                    0.2917775380945331,
                    -0.5652020652167697,
                    0.7716297646787552,
                    -0.7578507713782137
                ],
                [
                    0.0,
                    0.0,
                    0.0,
                    1.0
                ]
            ],
            "size": [
                0.07264,
                0.04753,
                0.03326
            ]
        },
        "distance": 0.0
    }
]