[
    {
        "case": 0,
        "collider1": {
            "type": "Box",
            "collider2origin": [
                [
                    0.8746175172834064,
                    0.0,
                    0.48481357083007715,
                    -0.095
                ],
                [
                    0.0,
                    1.0,
                    0.0,
                    0.12914
                ],
                [
                    -0.48481357083007715,
                    0.0,
                    0.8746175172834064,
                    -0.05301
                ],
                [
                    0.0,
                    0.0,
                    0.0,
                    1.0
                ]
            ],
            "size": [
                0.05,
                0.05,
                1.4
            ]
        },
        "collider2": {
            "type": "Cylinder",
            "collider2origin": [
                [
                    0.04101139138277129,
                    0.445624783456132,
                    0.8942799439473771,
                    0.1857933515538579
                ],
                [
                    0.3694724481220391,
                    0.8248274219812399,
                    -0.4279600846182835,
                    0.15624102153060515
                ],
                [
                    -0.9283362407315334,
                    0.34796303872316153,
                    -0.13081875946127586,
                    -0.32296864460611996
                ],
                [
                    0.0,
                    0.0,
                    0.0,
                    1.0
                ]
            ],
            "radius": 0.00783,
            "height": 0.03044
        },
        "distance": 0.3344327495468848
    },
    {
        "case": 1,
        "collider1": {
            "type": "Box",
            "collider2origin": [
                [
                    0.8746175172834064,
                    0.0,
                    0.48481357083007715,
                    -0.095
                ],
                [
                    0.0,
                    1.0,
                    0.0,
                    0.12914
                ],
                [
                    -0.48481357083007715,
                    0.0,
                    0.8746175172834064,
                    -0.05301
                ],
                [
                    0.0,
                    0.0,
                    0.0,
                    1.0
                ]
            ],
            "size": [
                0.05,
                0.05,
                1.4
            ]
        },
        "collider2": {
            "type": "Box",
            "collider2origin": [
                [
                    0.3228043511124288,
                    -0.9373918568882542,
                    -0.13074347992337512,
                    0.27931111918968354
                ],
                [
                    0.5400496708266027,
                    0.068981353298344,
                    0.8388014818401351,
                    0.14793525625823056
                ],
                [
                    -0.7772668164426945,
                    -0.34137674135289187,
                    0.5285056447383686,
                    -0.3277824597432959
                ],
                [
                    0.0,
                    0.0,
                    0.0,
                    1.0
                ]
            ],
            "size": [
                0.06241,
                0.05638,
                0.02858
            ]
        },
        "distance": 0.39128157261614926
    },
    {
        "case": 2,
        "collider1": {
            "type": "Box",
            "collider2origin": [
                [
                    0.8746175172834064,
                    0.0,
                    0.48481357083007715,
                    -0.095
                ],
                [
                    0.0,
                    1.0,
                    0.0,
                    0.12914
                ],
                [
                    -0.48481357083007715,
                    0.0,
                    0.8746175172834064,
                    -0.05301
                ],
                [
                    0.0,
                    0.0,
                    0.0,
                    1.0
                ]
            ],
            "size": [
                0.05,
                0.05,
                1.4
            ]
        },
        "collider2": {
            "type": "Cylinder",
            "collider2origin": [
                [
                    0.22436333466672997,
                    0.6995282917679141,
                    0.678469795255093,
                    0.19093553412905218
                ],
                [
                    0.3686923197464651,
                    0.5835348368641838,
                    -0.7235696701257317,
                    0.1687741240170748
                ],
                [
                    -0.9020682166095837,
                    0.4124891067436242,
                    -0.12698688672713979,
                    -0.33985192327086944
                ],
                [
                    0.0,
                    0.0,
                    0.0,
                    1.0
                ]
            ],
            "radius": 0.00783,
            "height": 0.03683
        },
        "distance": 0.34693569329181073
    },
    {
        "case": 3,
        "collider1": {
            "type": "Box",
            "collider2origin": [
                [
                    0.8746175172834064,
                    0.0,
                    0.48481357083007715,
                    -0.095
                ],
                [
                    0.0,
                    1.0,
                    0.0,
                    0.12914
                ],
                [
                    -0.48481357083007715,
                    0.0,
                    0.8746175172834064,
                    -0.05301
                ],
                [
                    0.0,
                    0.0,
                    0.0,
                    1.0
                ]
            ],
            "size": [
                0.05,
                0.05,
                1.4
            ]
        },
        "collider2": {
            "type": "Box",
            "collider2origin": [
                [
                    0.3430369546210907,
                    -0.9373905569361342,
                    -0.060204580650075175,
                    0.2320490064807803
                ],
                [
                    0.35229781338460203,
                    0.06897837227499186,
                    0.9333425067159004,
                    0.1499717224857775
                ],
                [
                    -0.8707536382058453,
                    -0.34138091324099556,
                    0.35390277425590744,
                    -0.3475951124580381
                ],
                [
                    0.0,
                    0.0,
                    0.0,
                    1.0
                ]
            ],
            "size": [
                0.07264,
                0.04753,
                0.03326
            ]
        },
        "distance": 0.35835248199880027
    }
]