[
    {
        "case": 0,
        "collider1": {
            "type": "Box",
            "collider2origin": [
                [
                    1.0,
                    0.0,
                    0.0,
                    0.5199999999999999
                ],
                [
                    0.0,
                    1.0,
                    0.0,
                    -0.43085999999999997
                ],
                [
                    0.0,
                    0.0,
                    1.0,
                    -0.80301
                ],
                [
                    0.0,
                    0.0,
                    0.0,
                    1.0
                ]
            ],
            "size": [
                0.2,
                0.08,
                0.04
            ]
        },
        "collider2": {
            "type": "Box",
            "collider2origin": [
                [
                    0.3903239261248562,
                    -0.8919266125216839,
                    0.22828523949233248,
                    0.7619970834800099
                ],
                [
                    -0.7699226226304996,
                    -0.4521801829235267,
                    -0.45028017648239765,
                    -0.6371278040441753
                ],
                [
                    0.504842933847995,
                    -6.843956965713839e-06,
                    -0.8632112210211988,
                    -0.8303626213517532
                ],
                [
                    0.0,
                    0.0,
                    0.0,
                    1.0
                ]
            ],
            "size": [
                0.1202,
                0.13634,
                0.67816
            ]
        },
        "distance": 0.09943256658228965
    },
    {
        "case": 1,
        "collider1": {
            "type": "Cylinder",
            "collider2origin": [
                [
                    1.0,
                    0.0,
                    0.0,
                    0.4849999999999999
                ],
                [
                    0.0,
                    -3.673205103346574e-06,
                    -0.9999999999932537,
                    -0.46086
                ],
                [
                    0.0,
                    0.9999999999932537,
                    -3.673205103346574e-06,
                    -0.70001
                ],
                [
                    0.0,
                    0.0,
                    0.0,
                    1.0
                ]
            ],
            "radius": 0.026,
            "height": 0.272
        },
        "collider2": {
            "type": "Box",
            "collider2origin": [
                [
                    0.15929235633611272,
                    -0.8919290055187294,
                    -0.4231886037303685,
                    0.7173623605859683
                ],
                [
                    -0.3141984382667441,
                    -0.4521754627240373,
                    0.8347554685661194,
                    -0.8284910668200212
                ],
                [
                    -0.9358981176408186,
                    -4.967167987220152e-06,
                    -0.35227079551347895,
                    -0.4782787531936674
                ],
                [
                    0.0,
                    0.0,
                    0.0,
                    1.0
                ]
            ],
            "size": [
                0.15068,
                0.17726,
                0.74884
            ]
        },
        "distance": 0.0
    },
    {
        "case": 2,
        "collider1": {
            "type": "Box",
            "collider2origin": [
                [
                    1.0,
                    0.0,
                    0.0,
                    -0.26
                ],
                [
                    0.0,
                    1.0,
                    0.0,
                    -0.4608599999999999
                ],
                [
                    0.0,
                    0.0,
                    1.0,
                    -1.143
                ],
                [
                    0.0,
                    0.0,
                    0.0,
                    1.0
                ]
            ],
            "size": [
                1.48,
                0.272,
                0.945
            ]
        },
        "collider2": {
            "type": "Box",
            "collider2origin": [
                [
                    0.15929235633611272,
                    -0.8919290055187294,
                    -0.4231886037303685,
                    0.7173623605859683
                ],
                [
                    -0.3141984382667441,
                    -0.4521754627240373,
                    0.8347554685661194,
                    -0.8284910668200212
                ],
                [
                    -0.9358981176408186,
                    -4.967167987220152e-06,
                    -0.35227079551347895,
                    -0.4782787531936674
                ],
                [
                    0.0,
                    0.0,
                    0.0,
                    1.0
                ]
            ],
            "size": [
                0.15068,
                0.17726,
                0.74884
            ]
        },
        "distance": 0.009984067720320945
    },
    {
        "case": 3,
        "collider1": {
            "type": "Cylinder",
            "collider2origin": [
                [
                    1.0,
                    0.0,
                    0.0,
                    0.4849999999999999
                ],
                [
                    0.0,
                    -3.673205103346574e-06,
                    -0.9999999999932537,
                    -0.46086
                ],
                [
                    0.0,
                    0.9999999999932537,
                    -3.673205103346574e-06,
                    -0.70001
                ],
                [
                    0.0,
                    0.0,
                    0.0,
                    1.0
                ]
            ],
            "radius": 0.026,
            "height": 0.272
        },
        "collider2": {
            "type": "Box",
            "collider2origin": [
                [
                    0.15929235633611272,
                    -0.8919290055187294,
                    -0.4231886037303685,
                    0.7173623605859683
                ],
                [
                    -0.3141984382667441,
                    -0.4521754627240373,
                    0.8347554685661194,
                    -0.8284910668200212
                ],
                [
                    -0.9358981176408186,
                    -4.967167987220152e-06,
                    -0.35227079551347895,
                    -0.4782787531936674
                ],
                [
                    0.0,
                    0.0,
                    0.0,
                    1.0
                ]
            ],
            "size": [
                0.15068,
                0.17726,
                0.74884
            ]
        },
        "distance": 0.0
    },
    {
        "case": 4,
        "collider1": {
            "type": "Box",
            "collider2origin": [
                [
                    1.0,
                    0.0,
                    0.0,
                    -0.26
                ],
                [
                    0.0,
                    1.0,
                    0.0,
                    -0.4608599999999999
                ],
                [
                    0.0,
                    0.0,
                    1.0,
                    -1.143
                ],
                [
                    0.0,
                    0.0,
                    0.0,
                    1.0
                ]
            ],
            "size": [
                1.48,
                0.272,
                0.945
            ]
        },
        "collider2": {
            "type": "Box",
            "collider2origin": [
                [
                    0.15929235633611272,
                    -0.8919290055187294,
                    -0.4231886037303685,
                    0.7173623605859683
                ],
                [
                    -0.3141984382667441,
                    -0.4521754627240373,
                    0.8347554685661194,
                    -0.8284910668200212
                ],
                [
                    -0.9358981176408186,
                    -4.967167987220152e-06,
                    -0.35227079551347895,
                    -0.4782787531936674
                ],
                [
                    0.0,
                    0.0,
                    0.0,
                    1.0
                ]
            ],
            "size": [
                0.15068,
                0.17726,
                0.74884
            ]
        },
        "distance": 0.009984067720320945
    }
]