[
    {
        "case": 0,
        "collider1": {
            "type": "Box",
            "collider2origin": [
                [
                    1.0,
                    0.0,
                    0.0,
                    0.0
                ],
                [
                    0.0,
                    1.0,
                    0.0,
                    -0.37086
                ],
                [
                    0.0,
                    0.0,
                    1.0,
                    0.39699
                ],
                [
                    0.0,
                    0.0,
                    0.0,
                    1.0
                ]
            ],
            "size": [
                0.6,
                1.6,
                0.1
            ]
        },
        "collider2": {
            "type": "Box",
            "collider2origin": [
                [
                    0.9191383159577944,
                    -0.16761113348680143,
                    -0.35649861720564846,
                    0.040408906681837276
                ],
                [
                    -0.1562659128051544,
                    -0.9858531877926299,
                    0.060617296329360665,
                    -0.9991131204456242
                ],
                [
                    -0.3616154319625226,
                    -7.097834667168341e-06,
                    -0.9323273455799626,
                    0.324517559335441
                ],
                [
                    0.0,
                    0.0,
                    0.0,
                    1.0
                ]
            ],
            "size": [
                0.09102,
                0.10007,
                0.11882
            ]
        },
        "distance": 0.0
    },
    {
        "case": 1,
        "collider1": {
            "type": "Box",
            "collider2origin": [
                [
                    1.0,
                    0.0,
                    0.0,
                    0.0
                ],
                [
                    0.0,
                    1.0,
                    0.0,
                    -0.37086
                ],
                [
                    0.0,
                    0.0,
                    1.0,
                    0.39699
                ],
                [
                    0.0,
                    0.0,
                    0.0,
                    1.0
                ]
            ],
            "size": [
                0.6,
                1.6,
                0.1
            ]
        },
        "collider2": {
            "type": "Box",
            "collider2origin": [
                [
                    -0.48401200839338493,
                    -0.16761297875841813,
                    -0.8588586991366692,
                    0.31099216347083025
                ],
                [
                    0.08229252616327995,
                    -0.9858528740883367,
                    0.14602072041128963,
                    -0.9317520859908806
                ],
                [
                    -0.8711832848882419,
                    -1.8698159476925735e-06,
                    0.49095792500766905,
                    0.18360676378486707
                ],
                [
                    0.0,
                    0.0,
                    0.0,
                    1.0
                ]
            ],
            "size": [
                0.1202,
                0.13634,
                0.67816
            ]
        },
        "distance": 0.0
    },
    {
        "case": 2,
        "collider1": {
            "type": "Box",
            "collider2origin": [
                [
                    1.0,
                    0.0,
                    0.0,
                    -0.06
                ],
                [
                    0.0,
                    1.0,
                    0.0,
                    -0.37086
                ],
                [
                    0.0,
                    0.0,
                    1.0,
                    -0.40301
                ],
                [
                    0.0,
                    0.0,
                    0.0,
                    1.0
                ]
            ],
            "size": [
                0.1,
                1.0,
                1.64
            ]
        },
        "collider2": {
            "type": "Box",
            "collider2origin": [
                [
                    -0.48401200839338493,
                    -0.16761297875841813,
                    -0.8588586991366692,
                    0.31099216347083025
                ],
                [
                    0.08229252616327995,
                    -0.9858528740883367,
                    0.14602072041128963,
                    -0.9317520859908806
                ],
                [
                    -0.8711832848882419,
                    -1.8698159476925735e-06,
                    0.49095792500766905,
                    0.18360676378486707
                ],
                [
                    0.0,
                    0.0,
                    0.0,
                    1.0
                ]
            ],
            "size": [
                0.1202,
                0.13634,
                0.67816
            ]
        },
        "distance": 0.0017499513004335392
    }
]