[
    {
        "case": 0,
        "collider1": {
            "type": "Cylinder",
            "collider2origin": [
                [
                    1.0,
                    0.0,
                    0.0,
                    0.4849999999999999
                ],
                [
                    0.0,
                    -3.673205103346574e-06,
                    -0.9999999999932537,
                    -0.46086
                ],
                [
                    0.0,
                    0.9999999999932537,
                    -3.673205103346574e-06,
                    -0.70001
                ],
                [
                    0.0,
                    0.0,
                    0.0,
                    1.0
                ]
            ],
            "radius": 0.026,
            "height": 0.272
        },
        "collider2": {
            "type": "Box",
            "collider2origin": [
                [
                    -0.24662777623434726,
                    -0.44790697457311074,
                    -0.8593916930704321,
                    0.4626265058086214
                ],
                [
                    -0.7276407581367077,
                    -0.5001276027205261,
                    0.46947982714410297,
                    -0.5212782027252236
                ],
                [
                    -0.6400887962524715,
                    0.7411151888375938,
                    -0.20257001206071892,
                    -0.6772382993420443
                ],
                [
                    0.0,
                    0.0,
                    0.0,
                    1.0
                ]
            ],
            "size": [
                0.09126,
                0.11887,
                0.10009
            ]
        },
        "distance": 0.0
    },
    {
        "case": 1,
        "collider1": {
            "type": "Box",
            "collider2origin": [
                [
                    1.0,
                    0.0,
                    0.0,
                    -0.26
                ],
                [
                    0.0,
                    1.0,
                    0.0,
                    -0.4608599999999999
                ],
                [
                    0.0,
                    0.0,
                    1.0,
                    -1.143
                ],
                [
                    0.0,
                    0.0,
                    0.0,
                    1.0
                ]
            ],
            "size": [
                1.48,
                0.272,
                0.945
            ]
        },
        "collider2": {
            "type": "Box",
            "collider2origin": [
                [
                    -0.24662777623434726,
                    -0.44790697457311074,
                    -0.8593916930704321,
                    0.4626265058086214
                ],
                [
                    -0.7276407581367077,
                    -0.5001276027205261,
                    0.46947982714410297,
                    -0.5212782027252236
                ],
                [
                    -0.6400887962524715,
                    0.7411151888375938,
                    -0.20257001206071892,
                    -0.6772382993420443
                ],
                [
                    0.0,
                    0.0,
                    0.0,
                    1.0
                ]
            ],
            "size": [
                0.09126,
                0.11887,
                0.10009
            ]
        },
        "distance": 0.0
    },
    {
        "case": 2,
        "collider1": {
            "type": "Cylinder",
            "collider2origin": [
                [
                    1.0,
                    0.0,
                    0.0,
                    0.4849999999999999
                ],
                [
                    0.0,
                    -3.673205103346574e-06,
                    -0.9999999999932537,
                    -0.46086
                ],
                [
                    0.0,
                    0.9999999999932537,
                    -3.673205103346574e-06,
                    -0.70001
                ],
                [
                    0.0,
                    0.0,
                    0.0,
                    1.0
                ]
            ],
            "radius": 0.026,
            "height": 0.272
        },
        "collider2": {
            "type": "Box",
            "collider2origin": [
                [
                    -0.17777044335939582,
                    0.47942005313643316,
                    -0.8593916930704321,
                    0.5557080484249195
                ],
                [
                    0.09711992212515465,
                    0.8775855585816958,
                    0.46947982714410297,
                    -0.5750117364232923
                ],
                [
                    0.9792677826795936,
                    -4.417286305462784e-06,
                    -0.20257001206071892,
                    -0.6568519118267802
                ],
                [
                    0.0,
                    0.0,
                    0.0,
                    1.0
                ]
            ],
            "size": [
                0.09102,
                0.10007,
                0.11882
            ]
        },
        "distance": 0.0
    },
    {
        "case": 3,
        "collider1": {
            "type": "Box",
            "collider2origin": [
                [
                    1.0,
                    0.0,
                    0.0,
                    -0.26
                ],
                [
                    0.0,
                    1.0,
                    0.0,
                    -0.4608599999999999
                ],
                [
                    0.0,
                    0.0,
                    1.0,
                    -1.143
                ],
                [
                    0.0,
                    0.0,
                    0.0,
                    1.0
                ]
            ],
            "size": [
                1.48,
                0.272,
                0.945
            ]
        },
        "collider2": {
            "type": "Box",
            "collider2origin": [
                [
                    -0.17777044335939582,
                    0.47942005313643316,
                    -0.8593916930704321,
                    0.5557080484249195
                ],
                [
                    0.09711992212515465,
                    0.8775855585816958,
                    0.46947982714410297,
                    -0.5750117364232923
                ],
                [
                    0.9792677826795936,
                    -4.417286305462784e-06,
                    -0.20257001206071892,
                    -0.6568519118267802
                ],
                [
                    0.0,
                    0.0,
                    0.0,
                    1.0
                ]
            ],
            "size": [
                0.09102,
                0.10007,
                0.11882
            ]
        },
        "distance": 0.0009413482593621958
    },
    {
        "case": 4,
        "collider1": {
            "type": "Cylinder",
            "collider2origin": [
                [
                    1.0,
                    0.0,
                    0.0,
                    0.4849999999999999
                ],
                [
                    0.0,
                    -3.673205103346574e-06,
                    -0.9999999999932537,
                    -0.46086
                ],
                [
                    0.0,
                    0.9999999999932537,
                    -3.673205103346574e-06,
                    -0.70001
                ],
                [
                    0.0,
                    0.0,
                    0.0,
                    1.0
                ]
            ],
            "radius": 0.026,
            "height": 0.272
        },
        "collider2": {
            "type": "Box",
            "collider2origin": [
                [
                    0.48709020928901375,
                    0.4794205284209627,
                    -0.7299993732486005,
                    0.7173769605300382
                ],
                [
                    -0.2660934341357718,
                    0.8775852989458595,
                    0.3987960975033961,
                    -0.7906816406839453
                ],
                [
                    0.831827753999959,
                    -1.6344518899016306e-06,
                    0.5550338617352206,
                    -0.8182100457202238
                ],
                [
                    0.0,
                    0.0,
                    0.0,
                    1.0
                ]
            ],
            "size": [
                0.1202,
                0.13634,
                0.67816
            ]
        },
        "distance": 0.0
    },
    {
        "case": 5,
        "collider1": {
            "type": "Box",
            "collider2origin": [
                [
                    1.0,
                    0.0,
                    0.0,
                    -0.26
                ],
                [
                    0.0,
                    1.0,
                    0.0,
                    -0.4608599999999999
                ],
                [
                    0.0,
                    0.0,
                    1.0,
                    -1.143
                ],
                [
                    0.0,
                    0.0,
                    0.0,
                    1.0
                ]
            ],
            "size": [
                1.48,
                0.272,
                0.945
            ]
        },
        "collider2": {
            "type": "Box",
            "collider2origin": [
                [
                    0.48709020928901375,
                    0.4794205284209627,
                    -0.7299993732486005,
                    0.7173769605300382
                ],
                [
                    -0.2660934341357718,
                    0.8775852989458595,
                    0.3987960975033961,
                    -0.7906816406839453
                ],
                [
                    0.831827753999959,
                    -1.6344518899016306e-06,
                    0.5550338617352206,
                    -0.8182100457202238
                ],
                [
                    0.0,
                    0.0,
                    0.0,
                    1.0
                ]
            ],
            "size": [
                0.1202,
                0.13634,
                0.67816
            ]
        },
        "distance": 0.0
    }
]