[
    {
        "case": 0,
        "collider1": {
            "type": "Box",
            "collider2origin": [
                [
                    1.0,
                    0.0,
                    0.0,
                    1.23
                ],
                [
                    0.0,
                    1.0,
                    0.0,
                    -0.23086
                ],
                [
                    0.0,
                    0.0,
                    1.0,
                    -0.54301
                ],
                [
                    0.0,
                    0.0,
                    0.0,
                    1.0
                ]
            ],
            "size": [
                0.1,
                0.16,
                0.1
            ]
        },
        "collider2": {
            "type": "Box",
            "collider2origin": [
                [
                    -0.06501477915516762,
                    -0.8485211606563667,
                    0.5251522811621187,
                    1.0094342048018605
                ],
                [
                    -0.10426025776262358,
                    0.5291614497498476,
                    0.8420914194729161,
                    -0.6550276428350394
                ],
                [
                    -0.9924227310691124,
                    -4.124533099015837e-06,
                    -0.12287034971998798,
                    -0.4094599112051083
                ],
                [
                    0.0,
                    0.0,
                    0.0,
                    1.0
                ]
            ],
            "size": [
                0.15068,
                0.17726,
                0.74884
            ]
        },
        "distance": 0.01523946395750408
    },
    {
        "case": 1,
        "collider1": {
            "type": "Box",
            "collider2origin": [
                [
                    1.0,
                    0.0,
                    0.0,
                    1.23
                ],
                [
                    0.0,
                    1.0,
                    0.0,
                    -0.23086
                ],
                [
                    0.0,
                    0.0,
                    1.0,
                    -0.54301
                ],
                [
                    0.0,
                    0.0,
                    0.0,
                    1.0
                ]
            ],
            "size": [
                0.1,
                0.16,
                0.1
            ]
        },
        "collider2": {
            "type": "Box",
            "collider2origin": [
                [
                    -0.06501477915516762,
                    -0.8485211606563667,
                    0.5251522811621187,
                    1.0094342048018605
                ],
                [
                    -0.10426025776262358,
                    0.5291614497498476,
                    0.8420914194729161,
                    -0.6550276428350394
                ],
                [
                    -0.9924227310691124,
                    -4.124533099015837e-06,
                    -0.12287034971998798,
                    -0.4094599112051083
                ],
                [
                    0.0,
                    0.0,
                    0.0,
                    1.0
                ]
            ],
            "size": [
                0.15068,
                0.17726,
                0.74884
            ]
        },
        "distance": 0.01523946395750408
    },
    {
        "case": 2,
        "collider1": {
            "type": "Box",
            "collider2origin": [
                [
                    1.0,
                    0.0,
                    0.0,
                    1.23
                ],
                [
                    0.0,
                    1.0,
                    0.0,
                    -0.23086
                ],
                [
                    0.0,
                    0.0,
                    1.0,
                    -0.54301
                ],
                [
                    0.0,
                    0.0,
                    0.0,
                    1.0
                ]
            ],
            "size": [
                0.1,
                0.16,
                0.1
            ]
        },
        "collider2": {
            "type": "Box",
            "collider2origin": [
                [
                    -0.07550405973520706,
                    -0.848521165818084,
                    0.5237470459317377,
                    1.427350097460305
                ],
                [
                    -0.12108015090115033,
                    0.5291614414723562,
                    0.8398379402698194,
                    -0.22364260713350348
                ],
                [
                    -0.9897670099681322,
                    -4.197345420835204e-06,
                    -0.14269290788657066,
                    -0.487840462235994
                ],
                [
                    0.0,
                    0.0,
                    0.0,
                    1.0
                ]
            ],
            "size": [
                0.1202,
                0.13634,
                0.67816
            ]
        },
        "distance": 0.010707616848065907
    },
    {
        "case": 3,
        "collider1": {
            "type": "Box",
            "collider2origin": [
                [
                    1.0,
                    0.0,
                    0.0,
                    1.28
                ],
                [
                    0.0,
                    1.0,
                    0.0,
                    -0.23086
                ],
                [
                    0.0,
                    0.0,
                    1.0,
                    -0.67301
                ],
                [
                    0.0,
                    0.0,
                    0.0,
                    1.0
                ]
            ],
            "size": [
                0.06,
                0.06,
                0.33
            ]
        },
        "collider2": {
            "type": "Box",
            "collider2origin": [
                [
                    -0.07550405973520706,
                    -0.848521165818084,
                    0.5237470459317377,
                    1.427350097460305
                ],
                [
                    -0.12108015090115033,
                    0.5291614414723562,
                    0.8398379402698194,
                    -0.22364260713350348
                ],
                [
                    -0.9897670099681322,
                    -4.197345420835204e-06,
                    -0.14269290788657066,
                    -0.487840462235994
                ],
                [
                    0.0,
                    0.0,
                    0.0,
                    1.0
                ]
            ],
            "size": [
                0.1202,
                0.13634,
                0.67816
            ]
        },
        "distance": 0.011710116907322505
    }
]