[
    {
        "case": 0,
        "collider1": {
            "type": "Box",
            "collider2origin": [
                [
                    1.0,
                    0.0,
                    0.0,
                    0.205
                ],
                [
                    0.0,
                    1.0,
                    0.0,
                    -0.17586
                ],
                [
                    0.0,
                    0.0,
                    1.0,
                    -0.10301
                ],
                [
                    0.0,
                    0.0,
                    0.0,
                    1.0
                ]
            ],
            "size": [
                0.05,
                0.05,
                1.2
            ]
        },
        "collider2": {
            "type": "Box",
            "collider2origin": [
                [
                    0.5928885518011495,
                    -0.216162809714066,
                    0.7757298530027419,
                    0.19231734858967542
                ],
                [
                    0.7074900158999102,
                    -0.320282089734702,
                    -0.6299819524376208,
                    -0.1717988802461471
                ],
                [
                    0.38463104729738073,
                    0.9223302134765468,
                    -0.03695855466907936,
                    -0.4146763434230618
                ],
                [
                    0.0,
                    0.0,
                    0.0,
                    1.0
                ]
            ],
            "size": [
                0.06241,
                0.05638,
                0.02858
            ]
        },
        "distance": 0.0
    },
    {
        "case": 1,
        "collider1": {
            "type": "Box",
            "collider2origin": [
                [
                    1.0,
                    0.0,
                    0.0,
                    0.205
                ],
                [
                    0.0,
                    1.0,
                    0.0,
                    -0.17586
                ],
                [
                    0.0,
                    0.0,
                    1.0,
                    -0.10301
                ],
                [
                    0.0,
                    0.0,
                    0.0,
                    1.0
                ]
            ],
            "size": [
                0.05,
                0.05,
                1.2
            ]
        },
        "collider2": {
            "type": "Cylinder",
            "collider2origin": [
                [
                    0.4378390591268106,
                    0.5244264337781359,
                    -0.7302560330854478,
                    0.1948523366719641
                ],
                [
                    0.8336419116426469,
                    0.06733891381549977,
                    0.5481848537117211,
                    -0.19810811037099096
                ],
                [
                    0.3366572759584171,
                    -0.8487887759866375,
                    -0.4077002481031415,
                    -0.3391624114434375
                ],
                [
                    0.0,
                    0.0,
                    0.0,
                    1.0
                ]
            ],
            "radius": 0.00683,
            "height": 0.01782
        },
        "distance": 0.0
    },
    {
        "case": 2,
        "collider1": {
            "type": "Box",
            "collider2origin": [
                [
                    1.0,
                    0.0,
                    0.0,
                    0.205
                ],
                [
                    0.0,
                    1.0,
                    0.0,
                    -0.17586
                ],
                [
                    0.0,
                    0.0,
                    1.0,
                    -0.10301
                ],
                [
                    0.0,
                    0.0,
                    0.0,
                    1.0
                ]
            ],
            "size": [
                0.05,
                0.05,
                1.2
            ]
        },
        "collider2": {
            "type": "Box",
            "collider2origin": [
                [
                    0.41718057459084606,
                    -0.21616537479296274,
                    0.8827416943391023,
                    0.1799810288811161
                ],
                [
                    0.8237912417941551,
                    -0.3202775663184153,
                    -0.4677502222943321,
                    -0.1856924635170829
                ],
                [
                    0.38383376366246824,
                    0.9223311830648309,
                    0.044461563388319324,
                    -0.3668727948106232
                ],
                [
                    0.0,
                    0.0,
                    0.0,
                    1.0
                ]
            ],
            "size": [
                0.07264,
                0.04753,
                0.03326
            ]
        },
        "distance": 0.0
    },
    {
        "case": 3,
        "collider1": {
            "type": "Box",
            "collider2origin": [
                [
                    1.0,
                    0.0,
                    0.0,
                    0.205
                ],
                [
                    0.0,
                    1.0,
                    0.0,
                    -0.17586
                ],
                [
                    0.0,
                    0.0,
                    1.0,
                    -0.10301
                ],
                [
                    0.0,
                    0.0,
                    0.0,
                    1.0
                ]
            ],
            "size": [
                0.05,
                0.05,
                1.2
            ]
        },
        "collider2": {
            "type": "Cylinder",
            "collider2origin": [
                [
                    0.4378390591268106,
                    0.5244264337781359,
                    -0.7302560330854478,
                    0.20676740028912655
                ],
                [
                    0.8336419116426469,
                    0.06733891381549977,
                    0.5481848537117211,
                    -0.20705484306225674
                ],
                [
                    0.3366572759584171,
                    -0.8487887759866375,
                    -0.4077002481031415,
                    -0.3325043311532938
                ],
                [
                    0.0,
                    0.0,
                    0.0,
                    1.0
                ]
            ],
            "radius": 0.00683,
            "height": 0.01183
        },
        "distance": 0.0
    },
    {
        "case": 4,
        "collider1": {
            "type": "Cylinder",
            "collider2origin": [
                [
                    1.0,
                    0.0,
                    0.0,
                    0.4849999999999999
                ],
                [
                    0.0,
                    -3.673205103346574e-06,
                    -0.9999999999932537,
                    -0.46086
                ],
                [
                    0.0,
                    0.9999999999932537,
                    -3.673205103346574e-06,
                    -0.70001
                ],
                [
                    0.0,
                    0.0,
                    0.0,
                    1.0
                ]
            ],
            "radius": 0.026,
            "height": 0.272
        },
        "collider2": {
            "type": "Box",
            "collider2origin": [
                [
                    0.30250637019553056,
                    -0.8239845974934201,
                    -0.4791025767878222,
                    0.7124348101557072
                ],
                [
                    -0.43990550575374165,
                    -0.566612198123074,
                    0.6967307679051379,
                    -0.8898557295293066
                ],
                [
                    -0.8455607855137733,
                    -5.634252760143262e-06,
                    -0.5338791604563581,
                    -0.532764748687194
                ],
                [
                    0.0,
                    0.0,
                    0.0,
                    1.0
                ]
            ],
            "size": [
                0.15068,
                0.17726,
                0.74884
            ]
        },
        "distance": 0.009322063939773714
    },
    {
        "case": 5,
        "collider1": {
            "type": "Box",
            "collider2origin": [
                [
                    1.0,
                    0.0,
                    0.0,
                    -0.26
                ],
                [
                    0.0,
                    1.0,
                    0.0,
                    -0.4608599999999999
                ],
                [
                    0.0,
                    0.0,
                    1.0,
                    -1.143
                ],
                [
                    0.0,
                    0.0,
                    0.0,
                    1.0
                ]
            ],
            "size": [
                1.48,
                0.272,
                0.945
            ]
        },
        "collider2": {
            "type": "Box",
            "collider2origin": [
                [
                    0.30250637019553056,
                    -0.8239845974934201,
                    -0.4791025767878222,
                    0.7124348101557072
                ],
                [
                    -0.43990550575374165,
                    -0.566612198123074,
                    0.6967307679051379,
                    -0.8898557295293066
                ],
                [
                    -0.8455607855137733,
                    -5.634252760143262e-06,
                    -0.5338791604563581,
                    -0.532764748687194
                ],
                [
                    0.0,
                    0.0,
                    0.0,
                    1.0
                ]
            ],
            "size": [
                0.15068,
                0.17726,
                0.74884
            ]
        },
        "distance": 0.01638003254097676
    },
    {
        "case": 6,
        "collider1": {
            "type": "Cylinder",
            "collider2origin": [
                [
                    1.0,
                    0.0,
                    0.0,
                    0.4849999999999999
                ],
                [
                    0.0,
                    -3.673205103346574e-06,
                    -0.9999999999932537,
                    -0.46086
                ],
                [
                    0.0,
                    0.9999999999932537,
                    -3.673205103346574e-06,
                    -0.70001
                ],
                [
                    0.0,
                    0.0,
                    0.0,
                    1.0
                ]
            ],
            "radius": 0.026,
            "height": 0.272
        },
        "collider2": {
            "type": "Box",
            "collider2origin": [
                [
                    0.30250637019553056,
                    -0.8239845974934201,
                    -0.4791025767878222,
                    0.7124348101557072
                ],
                [
                    -0.43990550575374165,
                    -0.566612198123074,
                    0.6967307679051379,
                    -0.8898557295293066
                ],
                [
                    -0.8455607855137733,
                    -5.634252760143262e-06,
                    -0.5338791604563581,
                    -0.532764748687194
                ],
                [
                    0.0,
                    0.0,
                    0.0,
                    1.0
                ]
            ],
            "size": [
                0.15068,
                0.17726,
                0.74884
            ]
        },
        "distance": 0.009322063939773714
    },
    {
        "case": 7,
        "collider1": {
            "type": "Box",
            "collider2origin": [
                [
                    1.0,
                    0.0,
                    0.0,
                    -0.26
                ],
                [
                    0.0,
                    1.0,
                    0.0,
                    -0.4608599999999999
                ],
                [
                    0.0,
                    0.0,
                    1.0,
                    -1.143
                ],
                [
                    0.0,
                    0.0,
                    0.0,
                    1.0
                ]
            ],
            "size": [
                1.48,
                0.272,
                0.945
            ]
        },
        "collider2": {
            "type": "Box",
            "collider2origin": [
                [
                    0.30250637019553056,
                    -0.8239845974934201,
                    -0.4791025767878222,
                    0.7124348101557072
                ],
                [
                    -0.43990550575374165,
                    -0.566612198123074,
                    0.6967307679051379,
                    -0.8898557295293066
                ],
                [
                    -0.8455607855137733,
                    -5.634252760143262e-06,
                    -0.5338791604563581,
                    -0.532764748687194
                ],
                [
                    0.0,
                    0.0,
                    0.0,
                    1.0
                ]
            ],
            "size": [
                0.15068,
                0.17726,
                0.74884
            ]
        },
        "distance": 0.01638003254097676
    },
    {
        "case": 8,
        "collider1": {
            "type": "Box",
            "collider2origin": [
                [
                    1.0,
                    0.0,
                    0.0,
                    0.28600000000000003
                ],
                [
                    0.0,
                    1.0,
                    0.0,
                    -0.19785999999999998
                ],
                [
                    0.0,
                    0.0,
                    1.0,
                    -0.70601
                ],
                [
                    0.0,
                    0.0,
                    0.0,
                    1.0
                ]
            ],
            "size": [
                0.04,
                0.04,
                0.12
            ]
        },
        "collider2": {
            "type": "Box",
            "collider2origin": [
                [
                    -0.19917859599301427,
                    -0.8239847861021946,
                    -0.5304497706384386,
                    0.25387715696407753
                ],
                [
                    0.2896556811568325,
                    -0.5666119238653973,
                    0.7713951737644751,
                    -0.19727952965867346
                ],
                [
                    -0.9361770523099908,
                    -2.3819675671394623e-06,
                    0.3515288419497086,
                    -0.6033129422984145
                ],
                [
                    0.0,
                    0.0,
                    0.0,
                    1.0
                ]
            ],
            "size": [
                0.09102,
                0.10007,
                0.11882
            ]
        },
        "distance": 0.0
    },
    {
        "case": 9,
        "collider1": {
            "type": "Box",
            "collider2origin": [
                [
                    0.9999999999999999,
                    0.0,
                    6.177235058912196e-23,
                    0.2860000183661401
                ],
                [
                    0.0,
                    1.0,
                    0.0,
                    -0.10086
                ],
                [
                    6.177235058912196e-23,
                    0.0,
                    0.9999999999999999,
                    -0.626009937555547
                ],
                [
                    0.0,
                    0.0,
                    0.0,
                    1.0
                ]
            ],
            "size": [
                0.04,
                0.234,
                0.044
            ]
        },
        "collider2": {
            "type": "Box",
            "collider2origin": [
                [
                    -0.19917859599301427,
                    -0.8239847861021946,
                    -0.5304497706384386,
                    0.25387715696407753
                ],
                [
                    0.2896556811568325,
                    -0.5666119238653973,
                    0.7713951737644751,
                    -0.19727952965867346
                ],
                [
                    -0.9361770523099908,
                    -2.3819675671394623e-06,
                    0.3515288419497086,
                    -0.6033129422984145
                ],
                [
                    0.0,
                    0.0,
                    0.0,
                    1.0
                ]
            ],
            "size": [
                0.09102,
                0.10007,
                0.11882
            ]
        },
        "distance": 0.0
    },
    {
        "case": 10,
        "collider1": {
            "type": "Box",
            "collider2origin": [
                [
                    1.0,
                    0.0,
                    0.0,
                    0.205
                ],
                [
                    0.0,
                    1.0,
                    0.0,
                    -0.17586
                ],
                [
                    0.0,
                    0.0,
                    1.0,
                    -0.10301
                ],
                [
                    0.0,
                    0.0,
                    0.0,
                    1.0
                ]
            ],
            "size": [
                0.05,
                0.05,
                1.2
            ]
        },
        "collider2": {
            "type": "Box",
            "collider2origin": [
                [
                    -0.19917859599301427,
                    -0.8239847861021946,
                    -0.5304497706384386,
                    0.25387715696407753
                ],
                [
                    0.2896556811568325,
                    -0.5666119238653973,
                    0.7713951737644751,
                    -0.19727952965867346
                ],
                [
                    -0.9361770523099908,
                    -2.3819675671394623e-06,
                    0.3515288419497086,
                    -0.6033129422984145
                ],
                [
                    0.0,
                    0.0,
                    0.0,
                    1.0
                ]
            ],
            "size": [
                0.09102,
                0.10007,
                0.11882
            ]
        },
        "distance": 0.0
    },
    {
        "case": 11,
        "collider1": {
            "type": "Box",
            "collider2origin": [
                [
                    1.0,
                    0.0,
                    0.0,
                    0.205
                ],
                [
                    0.0,
                    1.0,
                    0.0,
                    -0.17586
                ],
                [
                    0.0,
                    0.0,
                    1.0,
                    -0.10301
                ],
                [
                    0.0,
                    0.0,
                    0.0,
                    1.0
                ]
            ],
            "size": [
                0.05,
                0.05,
                1.2
            ]
        },
        "collider2": {
            "type": "Box",
            "collider2origin": [
                [
                    -0.8468047657284042,
                    0.03930304783716249,
                    -0.5304497706384386,
                    0.1925953991310898
                ],
                [
                    -0.5013993736335929,
                    -0.39185220940134585,
                    0.7713951737644751,
                    -0.11599636916092937
                ],
                [
                    -0.17753973318528793,
                    0.9191882921458441,
                    0.3515288419497086,
                    -0.5630839437379143
                ],
                [
                    0.0,
                    0.0,
                    0.0,
                    1.0
                ]
            ],
            "size": [
                0.09126,
                0.11887,
                0.10009
            ]
        },
        "distance": 0.0
    },
    {
        "case": 12,
        "collider1": {
            "type": "Box",
            "collider2origin": [
                [
                    1.0,
                    0.0,
                    0.0,
                    0.205
                ],
                [
                    0.0,
                    1.0,
                    0.0,
                    -0.17586
                ],
                [
                    0.0,
                    0.0,
                    1.0,
                    -0.10301
                ],
                [
                    0.0,
                    0.0,
                    0.0,
                    1.0
                ]
            ],
            "size": [
                0.05,
                0.05,
                1.2
            ]
        },
        "collider2": {
            "type": "Box",
            "collider2origin": [
                [
                    -0.8981937358043701,
                    0.03930660456047457,
                    0.43783901584910834,
                    0.19399869550987314
                ],
                [
                    0.3892235141778319,
                    -0.3918519807601785,
                    0.8336408586348103,
                    -0.1415340389720734
                ],
                [
                    0.20433567719037324,
                    0.9191882375293164,
                    0.3366599397239006,
                    -0.4927851200311235
                ],
                [
                    0.0,
                    0.0,
                    0.0,
                    1.0
                ]
            ],
            "size": [
                0.08993,
                0.0305,
                0.09007
            ]
        },
        "distance": 0.0
    },
    {
        "case": 13,
        "collider1": {
            "type": "Box",
            "collider2origin": [
                [
                    1.0,
                    0.0,
                    0.0,
                    0.205
                ],
                [
                    0.0,
                    1.0,
                    0.0,
                    -0.17586
                ],
                [
                    0.0,
                    0.0,
                    1.0,
                    -0.10301
                ],
                [
                    0.0,
                    0.0,
                    0.0,
                    1.0
                ]
            ],
            "size": [
                0.05,
                0.05,
                1.2
            ]
        },
        "collider2": {
            "type": "Cylinder",
            "collider2origin": [
                [
                    0.4838757891694555,
                    0.718717633000823,
                    0.49930870678301825,
                    0.17252852670213403
                ],
                [
                    0.8616567428740145,
                    -0.49102352208372113,
                    -0.12823243825273592,
                    -0.1629877390192669
                ],
                [
                    0.1530094053167352,
                    0.4922812862319581,
                    -0.8568822889466366,
                    -0.31074302818812516
                ],
                [
                    0.0,
                    0.0,
                    0.0,
                    1.0
                ]
            ],
            "radius": 0.00713,
            "height": 0.01426
        },
        "distance": 0.0
    },
    {
        "case": 14,
        "collider1": {
            "type": "Box",
            "collider2origin": [
                [
                    1.0,
                    0.0,
                    0.0,
                    0.44499999999999995
                ],
                [
                    0.0,
                    1.0,
                    0.0,
                    -0.025859999999999994
                ],
                [
                    0.0,
                    0.0,
                    1.0,
                    -0.67801
                ],
                [
                    0.0,
                    0.0,
                    0.0,
                    1.0
                ]
            ],
            "size": [
                0.06,
                0.09,
                0.004
            ]
        },
        "collider2": {
            "type": "Box",
            "collider2origin": [
                [
                    -0.09408097528430293,
                    -0.8239848900419504,
                    -0.5587465177270542,
                    0.5104107818291002
                ],
                [
                    0.1368208826030356,
                    -0.5666117727096491,
                    0.8125460879916631,
                    -0.373094086304087
                ],
                [
                    -0.986118053872497,
                    -3.063285087553759e-06,
                    0.1660457280911964,
                    -0.6528105497083424
                ],
                [
                    0.0,
                    0.0,
                    0.0,
                    1.0
                ]
            ],
            "size": [
                0.1202,
                0.13634,
                0.67816
            ]
        },
        "distance": 0.027751786181577073
    },
    {
        "case": 15,
        "collider1": {
            "type": "Cylinder",
            "collider2origin": [
                [
                    1.0,
                    0.0,
                    0.0,
                    0.4849999999999999
                ],
                [
                    0.0,
                    -3.673205103346574e-06,
                    -0.9999999999932537,
                    -0.46086
                ],
                [
                    0.0,
                    0.9999999999932537,
                    -3.673205103346574e-06,
                    -0.70001
                ],
                [
                    0.0,
                    0.0,
                    0.0,
                    1.0
                ]
            ],
            "radius": 0.026,
            "height": 0.272
        },
        "collider2": {
            "type": "Box",
            "collider2origin": [
                [
                    -0.09408097528430293,
                    -0.8239848900419504,
                    -0.5587465177270542,
                    0.5104107818291002
                ],
                [
                    0.1368208826030356,
                    -0.5666117727096491,
                    0.8125460879916631,
                    -0.373094086304087
                ],
                [
                    -0.986118053872497,
                    -3.063285087553759e-06,
                    0.1660457280911964,
                    -0.6528105497083424
                ],
                [
                    0.0,
                    0.0,
                    0.0,
                    1.0
                ]
            ],
            "size": [
                0.1202,
                0.13634,
                0.67816
            ]
        },
        "distance": 0.0
    },
    {
        "case": 16,
        "collider1": {
            "type": "Box",
            "collider2origin": [
                [
                    1.0,
                    0.0,
                    0.0,
                    0.246
                ],
                [
                    0.0,
                    1.0,
                    0.0,
                    -0.24786000000000002
                ],
                [
                    0.0,
                    0.0,
                    1.0,
                    -0.71801
                ],
                [
                    0.0,
                    0.0,
                    0.0,
                    1.0
                ]
            ],
            "size": [
                0.12,
                0.16,
                0.08
            ]
        },
        "collider2": {
            "type": "Box",
            "collider2origin": [
                [
                    -0.09408097528430293,
                    -0.8239848900419504,
                    -0.5587465177270542,
                    0.5104107818291002
                ],
                [
                    0.1368208826030356,
                    -0.5666117727096491,
                    0.8125460879916631,
                    -0.373094086304087
                ],
                [
                    -0.986118053872497,
                    -3.063285087553759e-06,
                    0.1660457280911964,
                    -0.6528105497083424
                ],
                [
                    0.0,
                    0.0,
                    0.0,
                    1.0
                ]
            ],
            "size": [
                0.1202,
                0.13634,
                0.67816
            ]
        },
        "distance": 0.007962290910615403
    },
    {
        "case": 17,
        "collider1": {
            "type": "Box",
            "collider2origin": [
                [
                    1.0,
                    0.0,
                    0.0,
                    0.28600000000000003
                ],
                [
                    0.0,
                    1.0,
                    0.0,
                    -0.19785999999999998
                ],
                [
                    0.0,
                    0.0,
                    1.0,
                    -0.70601
                ],
                [
                    0.0,
                    0.0,
                    0.0,
                    1.0
                ]
            ],
            "size": [
                0.04,
                0.04,
                0.12
            ]
        },
        "collider2": {
            "type": "Box",
            "collider2origin": [
                [
                    -0.09408097528430293,
                    -0.8239848900419504,
                    -0.5587465177270542,
                    0.5104107818291002
                ],
                [
                    0.1368208826030356,
                    -0.5666117727096491,
                    0.8125460879916631,
                    -0.373094086304087
                ],
                [
                    -0.986118053872497,
                    -3.063285087553759e-06,
                    0.1660457280911964,
                    -0.6528105497083424
                ],
                [
                    0.0,
                    0.0,
                    0.0,
                    1.0
                ]
            ],
            "size": [
                0.1202,
                0.13634,
                0.67816
            ]
        },
        "distance": 0.0
    },
    {
        "case": 18,
        "collider1": {
            "type": "Box",
            "collider2origin": [
                [
                    0.9999999999999999,
                    0.0,
                    6.177235058912196e-23,
                    0.2860000183661401
                ],
                [
                    0.0,
                    1.0,
                    0.0,
                    -0.10086
                ],
                [
                    6.177235058912196e-23,
                    0.0,
                    0.9999999999999999,
                    -0.626009937555547
                ],
                [
                    0.0,
                    0.0,
                    0.0,
                    1.0
                ]
            ],
            "size": [
                0.04,
                0.234,
                0.044
            ]
        },
        "collider2": {
            "type": "Box",
            "collider2origin": [
                [
                    -0.09408097528430293,
                    -0.8239848900419504,
                    -0.5587465177270542,
                    0.5104107818291002
                ],
                [
                    0.1368208826030356,
                    -0.5666117727096491,
                    0.8125460879916631,
                    -0.373094086304087
                ],
                [
                    -0.986118053872497,
                    -3.063285087553759e-06,
                    0.1660457280911964,
                    -0.6528105497083424
                ],
                [
                    0.0,
                    0.0,
                    0.0,
                    1.0
                ]
            ],
            "size": [
                0.1202,
                0.13634,
                0.67816
            ]
        },
        "distance": 0.0
    },
    {
        "case": 19,
        "collider1": {
            "type": "Box",
            "collider2origin": [
                [
                    1.0,
                    0.0,
                    0.0,
                    -0.26
                ],
                [
                    0.0,
                    1.0,
                    0.0,
                    -0.4608599999999999
                ],
                [
                    0.0,
                    0.0,
                    1.0,
                    -1.143
                ],
                [
                    0.0,
                    0.0,
                    0.0,
                    1.0
                ]
            ],
            "size": [
                1.48,
                0.272,
                0.945
            ]
        },
        "collider2": {
            "type": "Box",
            "collider2origin": [
                [
                    -0.09408097528430293,
                    -0.8239848900419504,
                    -0.5587465177270542,
                    0.5104107818291002
                ],
                [
                    0.1368208826030356,
                    -0.5666117727096491,
                    0.8125460879916631,
                    -0.373094086304087
                ],
                [
                    -0.986118053872497,
                    -3.063285087553759e-06,
                    0.1660457280911964,
                    -0.6528105497083424
                ],
                [
                    0.0,
                    0.0,
                    0.0,
                    1.0
                ]
            ],
            "size": [
                0.1202,
                0.13634,
                0.67816
            ]
        },
        "distance": 0.0
    },
    {
        "case": 20,
        "collider1": {
            "type": "Box",
            "collider2origin": [
                [
                    1.0,
                    0.0,
                    0.0,
                    -0.08500000000000019
                ],
                [
                    0.0,
                    1.0,
                    0.0,
                    -0.03585999999999995
                ],
                [
                    0.0,
                    0.0,
                    1.0,
                    -0.81301
                ],
                [
                    0.0,
                    0.0,
                    0.0,
                    1.0
                ]
            ],
            "size": [
                1.01,
                0.28,
                0.27
            ]
        },
        "collider2": {
            "type": "Box",
            "collider2origin": [
                [
                    -0.09408097528430293,
                    -0.8239848900419504,
                    -0.5587465177270542,
                    0.5104107818291002
                ],
                [
                    0.1368208826030356,
                    -0.5666117727096491,
                    0.8125460879916631,
                    -0.373094086304087
                ],
                [
                    -0.986118053872497,
                    -3.063285087553759e-06,
                    0.1660457280911964,
                    -0.6528105497083424
                ],
                [
                    0.0,
                    0.0,
                    0.0,
                    1.0
                ]
            ],
            "size": [
                0.1202,
                0.13634,
                0.67816
            ]
        },
        "distance": 0.00024130917849268934
    },
    {
        "case": 21,
        "collider1": {
            "type": "Box",
            "collider2origin": [
                [
                    1.0,
                    0.0,
                    0.0,
                    0.205
                ],
                [
                    0.0,
                    1.0,
                    0.0,
                    -0.17586
                ],
                [
                    0.0,
                    0.0,
                    1.0,
                    -0.10301
                ],
                [
                    0.0,
                    0.0,
                    0.0,
                    1.0
                ]
            ],
            "size": [
                0.05,
                0.05,
                1.2
            ]
        },
        "collider2": {
            "type": "Cylinder",
            "collider2origin": [
                [
                    0.5557437332701745,
                    0.2593369371420274,
                    -0.789869138506323,
                    0.2537226426450976
                ],
                [
                    0.7068316353658695,
                    -0.647557462988701,
                    0.284707518997388,
                    -0.1765164904842088
                ],
                [
                    -0.4376504794661371,
                    -0.7165289143931525,
                    -0.5431835533791785,
                    -0.37711009773337145
                ],
                [
                    0.0,
                    0.0,
                    0.0,
                    1.0
                ]
            ],
            "radius": 0.01271,
            "height": 0.05982
        },
        "distance": 0.0
    },
    {
        "case": 22,
        "collider1": {
            "type": "Box",
            "collider2origin": [
                [
                    1.0,
                    0.0,
                    0.0,
                    0.205
                ],
                [
                    0.0,
                    1.0,
                    0.0,
                    -0.17586
                ],
                [
                    0.0,
                    0.0,
                    1.0,
                    -0.10301
                ],
                [
                    0.0,
