[
    {
        "case": 0,
        "collider1": {
            "type": "Box",
            "collider2origin": [
                [
                    1.0,
                    0.0,
                    0.0,
                    1.2009999999999998
                ],
                [
                    0.0,
                    1.0,
                    0.0,
                    0.02914
                ],
                [
                    0.0,
                    0.0,
                    1.0,
                    -1.22801
                ],
                [
                    0.0,
                    0.0,
                    0.0,
                    1.0
                ]
            ],
            "size": [
                0.41,
                0.6,
                0.82
            ]
        },
        "collider2": {
            "type": "Sphere",
            "collider2origin": [
                [
                    1.0,
                    0.0,
                    0.0,
                    1.0003934703294939
                ],
                [
                    0.0,
                    1.0,
                    0.0,
                    -0.10705212718072266
                ],
                [
                    0.0,
                    0.0,
                    1.0,
                    -1.1669522623626976
                ],
                [
                    0.0,
                    0.0,
                    0.0,
                    1.0
                ]
            ],
            "radius": 0.00484
        },
        "distance": 0.0
    },
    {
        "case": 1,
        "collider1": {
            "type": "Box",
            "collider2origin": [
                [
                    1.0,
                    0.0,
                    0.0,
                    1.2009999999999998
                ],
                [
                    0.0,
                    1.0,
                    0.0,
                    0.02914
                ],
                [
                    0.0,
                    0.0,
                    1.0,
                    -1.22801
                ],
                [
                    0.0,
                    0.0,
                    0.0,
                    1.0
                ]
            ],
            "size": [
                0.41,
                0.6,
                0.82
            ]
        },
        "collider2": {
            "type": "Cylinder",
            "collider2origin": [
                [
                    -0.23360474072019752,
                    -0.008669540861281876,
                    0.9722929929678107,
                    1.0019007178948351
                ],
                [
                    -0.725803509818338,
                    -0.6638527161969838,
                    -0.18030206968658952,
                    -0.16287176601628917
                ],
                [
                    0.6470224804814977,
                    -0.7478130851082644,
                    0.14878675845796363,
                    -1.1855327698983715
                ],
                [
                    0.0,
                    0.0,
                    0.0,
                    1.0
                ]
            ],
            "radius": 0.00783,
            "height": 0.03683
        },
        "distance": 0.0
    },
    {
        "case": 2,
        "collider1": {
            "type": "Box",
            "collider2origin": [
                [
                    1.0,
                    0.0,
                    0.0,
                    1.2009999999999998
                ],
                [
                    0.0,
                    1.0,
                    0.0,
                    0.02914
                ],
                [
                    0.0,
                    0.0,
                    1.0,
                    -1.22801
                ],
                [
                    0.0,
                    0.0,
                    0.0,
                    1.0
                ]
            ],
            "size": [
                0.41,
                0.6,
                0.82
            ]
        },
        "collider2": {
            "type": "Cylinder",
            "collider2origin": [
                [
                    -0.2056968272764576,
                    -0.6093723155941215,
                    0.7657376810865826,
                    0.9951266698873443
                ],
                [
                    -0.8334859375065518,
                    -0.30094925052574717,
                    -0.46339048391913984,
                    -0.14740180704473882
                ],
                [
                    0.5128255134324177,
                    -0.7335495413368129,
                    -0.4459989497491307,
                    -1.1262587247192126
                ],
                [
                    0.0,
                    0.0,
                    0.0,
                    1.0
                ]
            ],
            "radius": 0.00813,
            "height": 0.03824
        },
        "distance": 0.0
    },
    {
        "case": 3,
        "collider1": {
            "type": "Box",
            "collider2origin": [
                [
                    1.0,
                    0.0,
                    0.0,
                    1.2009999999999998
                ],
                [
                    0.0,
                    1.0,
                    0.0,
                    0.02914
                ],
                [
                    0.0,
                    0.0,
                    1.0,
                    -1.22801
                ],
                [
                    0.0,
                    0.0,
                    0.0,
                    1.0
                ]
            ],
            "size": [
                0.41,
                0.6,
                0.82
            ]
        },
        "collider2": {
            "type": "Cylinder",
            "collider2origin": [
                [
                    -0.4718777259194536,
                    -0.4649020033204718,
                    0.7491311895053474,
                    0.9743001431496101
                ],
                [
                    -0.8811228854095455,
                    0.2784331003770885,
                    -0.3822269867787445,
                    -0.218666340290119
                ],
                [
                    -0.030884827806564086,
                    -0.8404410365534363,
                    -0.5410221728250557,
                    -1.193858805206823
                ],
                [
                    0.0,
                    0.0,
                    0.0,
                    1.0
                ]
            ],
            "radius": 0.01271,
            "height": 0.05982
        },
        "distance": 0.0
    },
    {
        "case": 4,
        "collider1": {
            "type": "Box",
            "collider2origin": [
                [
                    1.0,
                    0.0,
                    0.0,
                    1.2009999999999998
                ],
                [
                    0.0,
                    1.0,
                    0.0,
                    0.02914
                ],
                [
                    0.0,
                    0.0,
                    1.0,
                    -1.22801
                ],
                [
                    0.0,
                    0.0,
                    0.0,
                    1.0
                ]
            ],
            "size": [
                0.41,
                0.6,
                0.82
            ]
        },
        "collider2": {
            "type": "Box",
            "collider2origin": [
                [
                    0.8831073304629483,
                    -0.42167626551815857,
                    -0.20569533291074932,
                    1.0692039857671833
                ],
                [
                    0.06770771396982969,
                    0.5483765002808011,
                    -0.8334859803312591,
                    -0.26327155516036027
                ],
                [
                    0.46425974233351774,
                    0.7221304183029817,
                    0.512826043225162,
                    -1.2944801694282102
                ],
                [
                    0.0,
                    0.0,
                    0.0,
                    1.0
                ]
            ],
            "size": [
                0.08993,
                0.0305,
                0.09007
            ]
        },
        "distance": 0.0
    },
    {
        "case": 5,
        "collider1": {
            "type": "Box",
            "collider2origin": [
                [
                    1.0,
                    0.0,
                    0.0,
                    1.2009999999999998
                ],
                [
                    0.0,
                    1.0,
                    0.0,
                    0.02914
                ],
                [
                    0.0,
                    0.0,
                    1.0,
                    -1.22801
                ],
                [
                    0.0,
                    0.0,
                    0.0,
                    1.0
                ]
            ],
            "size": [
                0.41,
                0.6,
                0.82
            ]
        },
        "collider2": {
            "type": "Box",
            "collider2origin": [
                [
                    -0.4010478832858577,
                    -0.16850997634810058,
                    -0.9004248903618197,
                    1.0389138209661009
                ],
                [
                    -0.7733363136621736,
                    0.5891591378440906,
                    0.23418466274760044,
                    -0.21732248799695708
                ],
                [
                    0.49103110011824364,
                    0.7902505287350142,
                    -0.3665959090752336,
                    -1.2313061425567549
                ],
                [
                    0.0,
                    0.0,
                    0.0,
                    1.0
                ]
            ],
            "size": [
                0.06241,
                0.05638,
                0.02858
            ]
        },
        "distance": 0.0
    },
    {
        "case": 6,
        "collider1": {
            "type": "Box",
            "collider2origin": [
                [
                    1.0,
                    0.0,
                    0.0,
                    1.2009999999999998
                ],
                [
                    0.0,
                    1.0,
                    0.0,
                    0.02914
                ],
                [
                    0.0,
                    0.0,
                    1.0,
                    -1.22801
                ],
                [
                    0.0,
                    0.0,
                    0.0,
                    1.0
                ]
            ],
            "size": [
                0.41,
                0.6,
                0.82
            ]
        },
        "collider2": {
            "type": "Cylinder",
            "collider2origin": [
                [
                    -0.2056968272764576,
                    -0.9088991120687713,
                    0.36275504039089174,
                    1.0129227432008172
                ],
                [
                    -0.8334859375065518,
                    -0.03153786050571334,
                    -0.5516398783024535,
                    -0.16287754911625085
                ],
                [
                    0.5128255134324177,
                    -0.4158217976914156,
                    -0.7510673906763998,
                    -1.1442731323408228
                ],
                [
                    0.0,
                    0.0,
                    0.0,
                    1.0
                ]
            ],
            "radius": 0.00683,
            "height": 0.01183
        },
        "distance": 0.0
    },
    {
        "case": 7,
        "collider1": {
            "type": "Box",
            "collider2origin": [
                [
                    1.0,
                    0.0,
                    0.0,
                    1.2009999999999998
                ],
                [
                    0.0,
                    1.0,
                    0.0,
                    0.02914
                ],
                [
                    0.0,
                    0.0,
                    1.0,
                    -1.22801
                ],
                [
                    0.0,
                    0.0,
                    0.0,
                    1.0
                ]
            ],
            "size": [
                0.41,
                0.6,
                0.82
            ]
        },
        "collider2": {
            "type": "Box",
            "collider2origin": [
                [
                    -0.2034689803983345,
                    -0.16850640960269386,
                    -0.9644718575150187,
                    1.0321127834399715
                ],
                [
                    -0.8052411535437883,
                    0.5891564089169821,
                    0.06694333776795613,
                    -0.18871970401828642
                ],
                [
                    0.5569443945809415,
                    0.7902533237860212,
                    -0.2555633494654779,
                    -1.1892820740098173
                ],
                [
                    0.0,
                    0.0,
                    0.0,
                    1.0
                ]
            ],
            "size": [
                0.07264,
                0.04753,
                0.03326
            ]
        },
        "distance": 0.0
    },
    {
        "case": 8,
        "collider1": {
            "type": "Box",
            "collider2origin": [
                [
                    1.0,
                    0.0,
                    0.0,
                    1.2009999999999998
                ],
                [
                    0.0,
                    1.0,
                    0.0,
                    0.02914
                ],
                [
                    0.0,
                    0.0,
                    1.0,
                    -1.22801
                ],
                [
                    0.0,
                    0.0,
                    0.0,
                    1.0
                ]
            ],
            "size": [
                0.41,
                0.6,
                0.82
            ]
        },
        "collider2": {
            "type": "Cylinder",
            "collider2origin": [
                [
                    -0.2056968272764576,
                    -0.9088991120687713,
                    0.36275504039089174,
                    1.0188381899255163
                ],
                [
                    -0.8334859375065518,
                    -0.03153786050571334,
                    -0.5516398783024535,
                    -0.17188048194203898
                ],
                [
                    0.5128255134324177,
                    -0.4158217976914156,
                    -0.7510673906763998,
                    -1.1565327200411328
                ],
                [
                    0.0,
                    0.0,
                    0.0,
                    1.0
                ]
            ],
            "radius": 0.00683,
            "height": 0.01782
        },
        "distance": 0.0
    },
    {
        "case": 9,
        "collider1": {
            "type": "Box",
            "collider2origin": [
                [
                    1.0,
                    0.0,
                    0.0,
                    1.2009999999999998
                ],
                [
                    0.0,
                    1.0,
                    0.0,
                    0.02914
                ],
                [
                    0.0,
                    0.0,
                    1.0,
                    -1.22801
                ],
                [
                    0.0,
                    0.0,
                    0.0,
                    1.0
                ]
            ],
            "size": [
                0.41,
                0.6,
                0.82
            ]
        },
        "collider2": {
            "type": "Cylinder",
            "collider2origin": [
                [
                    -0.21837287330677588,
                    -0.7123922108009108,
                    0.6669412464332465,
                    0.9947361172064207
                ],
                [
                    -0.8921596010465523,
                    -0.13119376879228425,
                    -0.4322492814228061,
                    -0.18668159628615855
                ],
                [
                    0.3954295568924992,
                    -0.6894095539084634,
                    -0.6069183903256964,
                    -1.1400887695405415
                ],
                [
                    0.0,
                    0.0,
                    0.0,
                    1.0
                ]
            ],
            "radius": 0.00713,
            "height": 0.01426
        },
        "distance": 0.0
    },
    {
        "case": 10,
        "collider1": {
            "type": "Box",
            "collider2origin": [
                [
                    1.0,
                    0.0,
                    0.0,
                    1.2009999999999998
                ],
                [
                    0.0,
                    1.0,
                    0.0,
                    0.02914
                ],
                [
                    0.0,
                    0.0,
                    1.0,
                    -1.22801
                ],
                [
                    0.0,
                    0.0,
                    0.0,
                    1.0
                ]
            ],
            "size": [
                0.41,
                0.6,
                0.82
            ]
        },
        "collider2": {
            "type": "Cylinder",
            "collider2origin": [
                [
                    -0.2549116381081289,
                    -0.9154681132351982,
                    0.31134898491341845,
                    1.0234627597278843
                ],
                [
                    -0.5941944421324972,
                    -0.10572171589681381,
                    -0.7973430150986985,
                    -0.13666579825514735
                ],
                [
                    0.7628584545614477,
                    -0.388253850512032,
                    -0.5170163690510189,
                    -1.1812941615447823
                ],
                [
                    0.0,
                    0.0,
                    0.0,
                    1.0
                ]
            ],
            "radius": 0.00783,
            "height": 0.03044
        },
        "distance": 0.0
    },
    {
        "case": 11,
        "collider1": {
            "type": "Box",
            "collider2origin": [
                [
                    1.0,
                    0.0,
                    0.0,
                    1.2009999999999998
                ],
                [
                    0.0,
                    1.0,
                    0.0,
                    0.02914
                ],
                [
                    0.0,
                    0.0,
                    1.0,
                    -1.22801
                ],
                [
                    0.0,
                    0.0,
                    0.0,
                    1.0
                ]
            ],
            "size": [
                0.41,
                0.6,
                0.82
            ]
        },
        "collider2": {
            "type": "Cylinder",
            "collider2origin": [
                [
                    -0.2617788779111867,
                    -0.7214251038264307,
                    0.6411065735496579,
                    1.0103220433642182
                ],
                [
                    -0.5940698324424338,
                    -0.4030721489869055,
                    -0.6961421384264107,
                    -0.11712240834420495
                ],
                [
                    0.7606266188225196,
                    -0.563097382590348,
                    -0.32306111567089013,
                    -1.1701652943859675
                ],
                [
                    0.0,
                    0.0,
                    0.0,
                    1.0
                ]
            ],
            "radius": 0.0076,
            "height": 0.02993
        },
        "distance": 0.0
    },
    {
        "case": 12,
        "collider1": {
            "type": "Box",
            "collider2origin": [
                [
                    1.0,
                    0.0,
                    0.0,
                    1.2009999999999998
                ],
                [
                    0.0,
                    1.0,
                    0.0,
                    0.02914
                ],
                [
                    0.0,
                    0.0,
                    1.0,
                    -1.22801
                ],
                [
                    0.0,
                    0.0,
                    0.0,
                    1.0
                ]
            ],
            "size": [
                0.41,
                0.6,
                0.82
            ]
        },
        "collider2": {
            "type": "Box",
            "collider2origin": [
                [
                    -0.8429850681069294,
                    -0.4216742830461652,
                    0.3340164276892047,
                    1.0995940203647876
                ],
                [
                    0.05627812546840694,
                    0.5483826265169561,
                    0.8343316292267282,
                    -0.30655894519428684
                ],
                [
                    -0.5349849974929365,
                    0.7221269237134612,
                    -0.4385473275549805,
                    -1.3472787101943697
                ],
                [
                    0.0,
                    0.0,
                    0.0,
                    1.0
                ]
            ],
            "size": [
                0.09126,
                0.11887,
                0.10009
            ]
        },
        "distance": 0.0
    },
    {
        "case": 13,
        "collider1": {
            "type": "Box",
            "collider2origin": [
                [
                    1.0,
                    0.0,
                    0.0,
                    1.2009999999999998
                ],
                [
                    0.0,
                    1.0,
                    0.0,
                    0.02914
                ],
                [
                    0.0,
                    0.0,
                    1.0,
                    -1.22801
                ],
                [
                    0.0,
                    0.0,
                    0.0,
                    1.0
                ]
            ],
            "size": [
                0.41,
                0.6,
                0.82
            ]
        },
        "collider2": {
            "type": "Cylinder",
            "collider2origin": [
                [
                    -0.18711527730483568,
                    -0.711583699307524,
                    0.6772270755654655,
                    1.005046574766283
                ],
                [
                    -0.8971306438582837,
                    -0.1570608307621703,
                    -0.41290253485625084,
                    -0.19349427906669214
                ],
                [
                    0.40018056030941235,
                    -0.6848215346498058,
                    -0.6089950614170271,
                    -1.1494217207230646
                ],
                [
                    0.0,
                    0.0,
                    0.0,
                    1.0
                ]
            ],
            "radius": 0.00713,
            "height": 0.01697
        },
        "distance": 0.0
    }
]