[
    {
        "case": 0,
        "collider1": {
            "type": "Cylinder",
            "collider2origin": [
                [
                    1.0,
                    0.0,
                    0.0,
                    0.4849999999999999
                ],
                [
                    0.0,
                    -3.673205103346574e-06,
                    -0.9999999999932537,
                    -0.46086
                ],
                [
                    0.0,
                    0.9999999999932537,
                    -3.673205103346574e-06,
                    -0.70001
                ],
                [
                    0.0,
                    0.0,
                    0.0,
                    1.0
                ]
            ],
            "radius": 0.026,
            "height": 0.272
        },
        "collider2": {
            "type": "Box",
            "collider2origin": [
                [
                    0.23181700221717483,
                    -0.7368561311154388,
                    -0.635062138314535,
                    0.680866209988618
                ],
                [
                    -0.2526606766383076,
                    -0.6760495854693317,
                    0.6921846144399751,
                    -0.9103392766092325
                ],
                [
                    -0.9393739723686806,
                    -4.932726405150559e-06,
                    -0.34289435692637643,
                    -0.47546575915165246
                ],
                [
                    0.0,
                    0.0,
                    0.0,
                    1.0
                ]
            ],
            "size": [
                0.15068,
                0.17726,
                0.74884
            ]
        },
        "distance": 0.02537887061797079
    },
    {
        "case": 1,
        "collider1": {
            "type": "Box",
            "collider2origin": [
                [
                    1.0,
                    0.0,
                    0.0,
                    -0.26
                ],
                [
                    0.0,
                    1.0,
                    0.0,
                    -0.4608599999999999
                ],
                [
                    0.0,
                    0.0,
                    1.0,
                    -1.143
                ],
                [
                    0.0,
                    0.0,
                    0.0,
                    1.0
                ]
            ],
            "size": [
                1.48,
                0.272,
                0.945
            ]
        },
        "collider2": {
            "type": "Box",
            "collider2origin": [
                [
                    0.23181700221717483,
                    -0.7368561311154388,
                    -0.635062138314535,
                    0.680866209988618
                ],
                [
                    -0.2526606766383076,
                    -0.6760495854693317,
                    0.6921846144399751,
                    -0.9103392766092325
                ],
                [
                    -0.9393739723686806,
                    -4.932726405150559e-06,
                    -0.34289435692637643,
                    -0.47546575915165246
                ],
                [
                    0.0,
                    0.0,
                    0.0,
                    1.0
                ]
            ],
            "size": [
                0.15068,
                0.17726,
                0.74884
            ]
        },
        "distance": 0.03700419763951042
    },
    {
        "case": 2,
        "collider1": {
            "type": "Cylinder",
            "collider2origin": [
                [
                    1.0,
                    0.0,
                    0.0,
                    0.4849999999999999
                ],
                [
                    0.0,
                    -3.673205103346574e-06,
                    -0.9999999999932537,
                    -0.46086
                ],
                [
                    0.0,
                    0.9999999999932537,
                    -3.673205103346574e-06,
                    -0.70001
                ],
                [
                    0.0,
                    0.0,
                    0.0,
                    1.0
                ]
            ],
            "radius": 0.026,
            "height": 0.272
        },
        "collider2": {
            "type": "Box",
            "collider2origin": [
                [
                    0.23181700221717483,
                    -0.7368561311154388,
                    -0.635062138314535,
                    0.680866209988618
                ],
                [
                    -0.2526606766383076,
                    -0.6760495854693317,
                    0.6921846144399751,
                    -0.9103392766092325
                ],
                [
                    -0.9393739723686806,
                    -4.932726405150559e-06,
                    -0.34289435692637643,
                    -0.47546575915165246
                ],
                [
                    0.0,
                    0.0,
                    0.0,
                    1.0
                ]
            ],
            "size": [
                0.15068,
                0.17726,
                0.74884
            ]
        },
        "distance": 0.02537887061797079
    },
    {
        "case": 3,
        "collider1": {
            "type": "Box",
            "collider2origin": [
                [
                    1.0,
                    0.0,
                    0.0,
                    -0.26
                ],
                [
                    0.0,
                    1.0,
                    0.0,
                    -0.4608599999999999
                ],
                [
                    0.0,
                    0.0,
                    1.0,
                    -1.143
                ],
                [
                    0.0,
                    0.0,
                    0.0,
                    1.0
                ]
            ],
            "size": [
                1.48,
                0.272,
                0.945
            ]
        },
        "collider2": {
            "type": "Box",
            "collider2origin": [
                [
                    0.23181700221717483,
                    -0.7368561311154388,
                    -0.635062138314535,
                    0.680866209988618
                ],
                [
                    -0.2526606766383076,
                    -0.6760495854693317,
                    0.6921846144399751,
                    -0.9103392766092325
                ],
                [
                    -0.9393739723686806,
                    -4.932726405150559e-06,
                    -0.34289435692637643,
                    -0.47546575915165246
                ],
                [
                    0.0,
                    0.0,
                    0.0,
                    1.0
                ]
            ],
            "size": [
                0.15068,
                0.17726,
                0.74884
            ]
        },
        "distance": 0.03700419763951042
    }
]