[
    {
        "case": 0,
        "collider1": {
            "type": "Cylinder",
            "collider2origin": [
                [
                    1.0,
                    0.0,
                    0.0,
                    0.4849999999999999
                ],
                [
                    0.0,
                    -3.673205103346574e-06,
                    -0.9999999999932537,
                    -0.46086
                ],
                [
                    0.0,
                    0.9999999999932537,
                    -3.673205103346574e-06,
                    -0.70001
                ],
                [
                    0.0,
                    0.0,
                    0.0,
                    1.0
                ]
            ],
            "radius": 0.026,
            "height": 0.272
        },
        "collider2": {
            "type": "Box",
            "collider2origin": [
                [
                    -0.33690417206759776,
                    0.30505283742654515,
                    -0.8907515620089927,
                    0.7860794022661447
                ],
                [
                    0.10792229478145124,
                    0.9523354274378782,
                    0.2853243977226959,
                    -0.7482004217182021
                ],
                [
                    0.9353332866591201,
                    -4.97266672178827e-06,
                    -0.35376778095626593,
                    -0.47891286523909815
                ],
                [
                    0.0,
                    0.0,
                    0.0,
                    1.0
                ]
            ],
            "size": [
                0.15068,
                0.17726,
                0.74884
            ]
        },
        "distance": 0.0
    },
    {
        "case": 1,
        "collider1": {
            "type": "Box",
            "collider2origin": [
                [
                    1.0,
                    0.0,
                    0.0,
                    -0.26
                ],
                [
                    0.0,
                    1.0,
                    0.0,
                    -0.4608599999999999
                ],
                [
                    0.0,
                    0.0,
                    1.0,
                    -1.143
                ],
                [
                    0.0,
                    0.0,
                    0.0,
                    1.0
                ]
            ],
            "size": [
                1.48,
                0.272,
                0.945
            ]
        },
        "collider2": {
            "type": "Box",
            "collider2origin": [
                [
                    -0.33690417206759776,
                    0.30505283742654515,
                    -0.8907515620089927,
                    0.7860794022661447
                ],
                [
                    0.10792229478145124,
                    0.9523354274378782,
                    0.2853243977226959,
                    -0.7482004217182021
                ],
                [
                    0.9353332866591201,
                    -4.97266672178827e-06,
                    -0.35376778095626593,
                    -0.47891286523909815
                ],
                [
                    0.0,
                    0.0,
                    0.0,
                    1.0
                ]
            ],
            "size": [
                0.15068,
                0.17726,
                0.74884
            ]
        },
        "distance": 0.009179175869325353
    },
    {
        "case": 2,
        "collider1": {
            "type": "Cylinder",
            "collider2origin": [
                [
                    1.0,
                    0.0,
                    0.0,
                    0.4849999999999999
                ],
                [
                    0.0,
                    -3.673205103346574e-06,
                    -0.9999999999932537,
                    -0.46086
                ],
                [
                    0.0,
                    0.9999999999932537,
                    -3.673205103346574e-06,
                    -0.70001
                ],
                [
                    0.0,
                    0.0,
                    0.0,
                    1.0
                ]
            ],
            "radius": 0.026,
            "height": 0.272
        },
        "collider2": {
            "type": "Box",
            "collider2origin": [
                [
                    -0.33690417206759776,
                    0.30505283742654515,
                    -0.8907515620089927,
                    0.7860794022661447
                ],
                [
                    0.10792229478145124,
                    0.9523354274378782,
                    0.2853243977226959,
                    -0.7482004217182021
                ],
                [
                    0.9353332866591201,
                    -4.97266672178827e-06,
                    -0.35376778095626593,
                    -0.47891286523909815
                ],
                [
                    0.0,
                    0.0,
                    0.0,
                    1.0
                ]
            ],
            "size": [
                0.15068,
                0.17726,
                0.74884
            ]
        },
        "distance": 0.0
    },
    {
        "case": 3,
        "collider1": {
            "type": "Box",
            "collider2origin": [
                [
                    1.0,
                    0.0,
                    0.0,
                    -0.26
                ],
                [
                    0.0,
                    1.0,
                    0.0,
                    -0.4608599999999999
                ],
                [
                    0.0,
                    0.0,
                    1.0,
                    -1.143
                ],
                [
                    0.0,
                    0.0,
                    0.0,
                    1.0
                ]
            ],
            "size": [
                1.48,
                0.272,
                0.945
            ]
        },
        "collider2": {
            "type": "Box",
            "collider2origin": [
                [
                    -0.33690417206759776,
                    0.30505283742654515,
                    -0.8907515620089927,
                    0.7860794022661447
                ],
                [
                    0.10792229478145124,
                    0.9523354274378782,
                    0.2853243977226959,
                    -0.7482004217182021
                ],
                [
                    0.9353332866591201,
                    -4.97266672178827e-06,
                    -0.35376778095626593,
                    -0.47891286523909815
                ],
                [
                    0.0,
                    0.0,
                    0.0,
                    1.0
                ]
            ],
            "size": [
                0.15068,
                0.17726,
                0.74884
            ]
        },
        "distance": 0.009179175869325353
    }
]