[
    {
        "case": 0,
        "collider1": {
            "type": "Box",
            "collider2origin": [
                [
                    1.0,
                    0.0,
                    0.0,
                    -0.06
                ],
                [
                    0.0,
                    1.0,
                    0.0,
                    -0.37086
                ],
                [
                    0.0,
                    0.0,
                    1.0,
                    -0.40301
                ],
                [
                    0.0,
                    0.0,
                    0.0,
                    1.0
                ]
            ],
            "size": [
                0.1,
                1.0,
                1.64
            ]
        },
        "collider2": {
            "type": "Box",
            "collider2origin": [
                [
                    0.07223141925495416,
                    -0.5229750868586516,
                    -0.849281861691159,
                    -0.11449988309453718
                ],
                [
                    0.9387397507334185,
                    -0.25203829280713386,
                    0.2350412290467875,
                    -0.5222622353593411
                ],
                [
                    -0.33697225770881195,
                    -0.8142320047038505,
                    0.47273241908142366,
                    -0.22277887351968806
                ],
                [
                    0.0,
                    0.0,
                    0.0,
                    1.0
                ]
            ],
            "size": [
                0.09126,
                0.11887,
                0.10009
            ]
        },
        "distance": 0.0
    },
    {
        "case": 1,
        "collider1": {
            "type": "Box",
            "collider2origin": [
                [
                    1.0,
                    0.0,
                    0.0,
                    -0.06
                ],
                [
                    0.0,
                    1.0,
                    0.0,
                    -0.37086
                ],
                [
                    0.0,
                    0.0,
                    1.0,
                    -0.40301
                ],
                [
                    0.0,
                    0.0,
                    0.0,
                    1.0
                ]
            ],
            "size": [
                0.1,
                1.0,
                1.64
            ]
        },
        "collider2": {
            "type": "Box",
            "collider2origin": [
                [
                    0.5663371309558732,
                    -0.5229696274519992,
                    0.6369968782210691,
                    -0.1561411067100127
                ],
                [
                    -0.816670460536412,
                    -0.25203724918245984,
                    0.5191594975648457,
                    -0.5397492315424918
                ],
                [
                    -0.11095770810500183,
                    -0.8142358342564244,
                    -0.5698318990937848,
                    -0.282338411945005
                ],
                [
                    0.0,
                    0.0,
                    0.0,
                    1.0
                ]
            ],
            "size": [
                0.08993,
                0.0305,
                0.09007
            ]
        },
        "distance": 0.0
    },
    {
        "case": 2,
        "collider1": {
            "type": "Box",
            "collider2origin": [
                [
                    1.0,
                    0.0,
                    0.0,
                    -0.06
                ],
                [
                    0.0,
                    1.0,
                    0.0,
                    -0.37086
                ],
                [
                    0.0,
                    0.0,
                    1.0,
                    -0.40301
                ],
                [
                    0.0,
                    0.0,
                    0.0,
                    1.0
                ]
            ],
            "size": [
                0.1,
                1.0,
                1.64
            ]
        },
        "collider2": {
            "type": "Box",
            "collider2origin": [
                [
                    0.45560694523038675,
                    0.26672575964880973,
                    -0.849281861691159,
                    -0.02165771004921324
                ],
                [
                    -0.1260882687333015,
                    0.9637724675129572,
                    0.2350412290467875,
                    -0.5512775217858296
                ],
                [
                    0.8812060258223807,
                    -1.936761969072383e-06,
                    0.47273241908142366,
                    -0.2728728003878387
                ],
                [
                    0.0,
                    0.0,
                    0.0,
                    1.0
                ]
            ],
            "size": [
                0.09102,
                0.10007,
                0.11882
            ]
        },
        "distance": 0.0
    },
    {
        "case": 3,
        "collider1": {
            "type": "Box",
            "collider2origin": [
                [
                    1.0,
                    0.0,
                    0.0,
                    -0.06
                ],
                [
                    0.0,
                    1.0,
                    0.0,
                    -0.37086
                ],
                [
                    0.0,
                    0.0,
                    1.0,
                    -0.40301
                ],
                [
                    0.0,
                    0.0,
                    0.0,
                    1.0
                ]
            ],
            "size": [
                0.1,
                1.0,
                1.64
            ]
        },
        "collider2": {
            "type": "Box",
            "collider2origin": [
                [
                    -0.2741238798665675,
                    0.2667254853177676,
                    -0.9239662407084475,
                    0.2205576109694164
                ],
                [
                    0.0758688847272546,
                    0.9637725434249215,
                    0.2557076394449342,
                    -0.7342726624079385
                ],
                [
                    0.9586970380767545,
                    -4.717972017291885e-06,
                    -0.284429234011904,
                    -0.19096092475050597
                ],
                [
                    0.0,
                    0.0,
                    0.0,
                    1.0
                ]
            ],
            "size": [
                0.1202,
                0.13634,
                0.67816
            ]
        },
        "distance": 0.0
    }
]