[
    {
        "case": 0,
        "collider1": {
            "type": "Box",
            "collider2origin": [
                [
                    1.0,
                    0.0,
                    0.0,
                    1.2009999999999998
                ],
                [
                    0.0,
                    1.0,
                    0.0,
                    0.02914
                ],
                [
                    0.0,
                    0.0,
                    1.0,
                    -1.22801
                ],
                [
                    0.0,
                    0.0,
                    0.0,
                    1.0
                ]
            ],
            "size": [
                0.41,
                0.6,
                0.82
            ]
        },
        "collider2": {
            "type": "Box",
            "collider2origin": [
                [
                    0.486708437604538,
                    0.7717558528546868,
                    0.40927716812581205,
                    1.50037547876701
                ],
                [
                    0.5906663346500582,
                    -0.6359189441607207,
                    0.49670955051073806,
                    -0.46853639887657317
                ],
                [
                    0.6436056073991391,
                    -6.484519504631116e-06,
                    -0.7653573166059994,
                    -0.8599123872338116
                ],
                [
                    0.0,
                    0.0,
                    0.0,
                    1.0
                ]
            ],
            "size": [
                0.1202,
                0.13634,
                0.67816
            ]
        },
        "distance": 0.13036967582352607
    },
    {
        "case": 1,
        "collider1": {
            "type": "Box",
            "collider2origin": [
                [
                    1.0,
                    0.0,
                    0.0,
                    1.23
                ],
                [
                    0.0,
                    1.0,
                    0.0,
                    -0.23086
                ],
                [
                    0.0,
                    0.0,
                    1.0,
                    -0.54301
                ],
                [
                    0.0,
                    0.0,
                    0.0,
                    1.0
                ]
            ],
            "size": [
                0.1,
                0.16,
                0.1
            ]
        },
        "collider2": {
            "type": "Box",
            "collider2origin": [
                [
                    0.486708437604538,
                    0.7717558528546868,
                    0.40927716812581205,
                    1.50037547876701
                ],
                [
                    0.5906663346500582,
                    -0.6359189441607207,
                    0.49670955051073806,
                    -0.46853639887657317
                ],
                [
                    0.6436056073991391,
                    -6.484519504631116e-06,
                    -0.7653573166059994,
                    -0.8599123872338116
                ],
                [
                    0.0,
                    0.0,
                    0.0,
                    1.0
                ]
            ],
            "size": [
                0.1202,
                0.13634,
                0.67816
            ]
        },
        "distance": 0.2244831399955185
    },
    {
        "case": 2,
        "collider1": {
            "type": "Box",
            "collider2origin": [
                [
                    1.0,
                    0.0,
                    0.0,
                    1.28
                ],
                [
                    0.0,
                    1.0,
                    0.0,
                    -0.23086
                ],
                [
                    0.0,
                    0.0,
                    1.0,
                    -0.67301
                ],
                [
                    0.0,
                    0.0,
                    0.0,
                    1.0
                ]
            ],
            "size": [
                0.06,
                0.06,
                0.33
            ]
        },
        "collider2": {
            "type": "Box",
            "collider2origin": [
                [
                    0.486708437604538,
                    0.7717558528546868,
                    0.40927716812581205,
                    1.50037547876701
                ],
                [
                    0.5906663346500582,
                    -0.6359189441607207,
                    0.49670955051073806,
                    -0.46853639887657317
                ],
                [
                    0.6436056073991391,
                    -6.484519504631116e-06,
                    -0.7653573166059994,
                    -0.8599123872338116
                ],
                [
                    0.0,
                    0.0,
                    0.0,
                    1.0
                ]
            ],
            "size": [
                0.1202,
                0.13634,
                0.67816
            ]
        },
        "distance": 0.2108188883056015
    }
]