[
    {
        "case": 0,
        "collider1": {
            "type": "Box",
            "collider2origin": [
                [
                    1.0,
                    0.0,
                    0.0,
                    1.23
                ],
                [
                    0.0,
                    1.0,
                    0.0,
                    -0.23086
                ],
                [
                    0.0,
                    0.0,
                    1.0,
                    -0.54301
                ],
                [
                    0.0,
                    0.0,
                    0.0,
                    1.0
                ]
            ],
            "size": [
                0.1,
                0.16,
                0.1
            ]
        },
        "collider2": {
            "type": "Box",
            "collider2origin": [
                [
                    0.11780766802076081,
                    0.9884120063636085,
                    0.09572386866281599,
                    1.1515874864993392
                ],
                [
                    0.7670769173924229,
                    -0.15179494600843907,
                    0.6233388301478041,
                    -0.3304859359714074
                ],
                [
                    0.6306459832261266,
                    -6.523871751878692e-06,
                    -0.7760706435616483,
                    -0.24904368565644308
                ],
                [
                    0.0,
                    0.0,
                    0.0,
                    1.0
                ]
            ],
            "size": [
                0.1202,
                0.13634,
                0.67816
            ]
        },
        "distance": 0.0
    },
    {
        "case": 1,
        "collider1": {
            "type": "Box",
            "collider2origin": [
                [
                    1.0,
                    0.0,
                    0.0,
                    1.28
                ],
                [
                    0.0,
                    1.0,
                    0.0,
                    -0.23086
                ],
                [
                    0.0,
                    0.0,
                    1.0,
                    -0.67301
                ],
                [
                    0.0,
                    0.0,
                    0.0,
                    1.0
                ]
            ],
            "size": [
                0.06,
                0.06,
                0.33
            ]
        },
        "collider2": {
            "type": "Box",
            "collider2origin": [
                [
                    0.11780766802076081,
                    0.9884120063636085,
                    0.09572386866281599,
                    1.1515874864993392
                ],
                [
                    0.7670769173924229,
                    -0.15179494600843907,
                    0.6233388301478041,
                    -0.3304859359714074
                ],
                [
                    0.6306459832261266,
                    -6.523871751878692e-06,
                    -0.7760706435616483,
                    -0.24904368565644308
                ],
                [
                    0.0,
                    0.0,
                    0.0,
                    1.0
                ]
            ],
            "size": [
                0.1202,
                0.13634,
                0.67816
            ]
        },
        "distance": 0.009427237431423452
    },
    {
        "case": 2,
        "collider1": {
            "type": "Box",
            "collider2origin": [
                [
                    1.0,
                    0.0,
                    0.0,
                    1.23
                ],
                [
                    0.0,
                    1.0,
                    0.0,
                    -0.23086
                ],
                [
                    0.0,
                    0.0,
                    1.0,
                    -0.54301
                ],
                [
                    0.0,
                    0.0,
                    0.0,
                    1.0
                ]
            ],
            "size": [
                0.1,
                0.16,
                0.1
            ]
        },
        "collider2": {
            "type": "Box",
            "collider2origin": [
                [
                    -0.04083498457373921,
                    0.9884121917652945,
                    0.14619795896177523,
                    1.2903913892994412
                ],
                [
                    -0.2659159916596883,
                    -0.1517937388778511,
                    0.9519702443969176,
                    -0.16291881747830006
                ],
                [
                    0.963130930566819,
                    -2.684991335988465e-06,
                    0.2690331031272614,
                    -0.475037886563344
                ],
                [
                    0.0,
                    0.0,
                    0.0,
                    1.0
                ]
            ],
            "size": [
                0.09102,
                0.10007,
                0.11882
            ]
        },
        "distance": 0.0
    },
    {
        "case": 3,
        "collider1": {
            "type": "Box",
            "collider2origin": [
                [
                    1.0,
                    0.0,
                    0.0,
                    1.28
                ],
                [
                    0.0,
                    1.0,
                    0.0,
                    -0.23086
                ],
                [
                    0.0,
                    0.0,
                    1.0,
                    -0.67301
                ],
                [
                    0.0,
                    0.0,
                    0.0,
                    1.0
                ]
            ],
            "size": [
                0.06,
                0.06,
                0.33
            ]
        },
        "collider2": {
            "type": "Box",
            "collider2origin": [
                [
                    -0.04083498457373921,
                    0.9884121917652945,
                    0.14619795896177523,
                    1.2903913892994412
                ],
                [
                    -0.2659159916596883,
                    -0.1517937388778511,
                    0.9519702443969176,
                    -0.16291881747830006
                ],
                [
                    0.963130930566819,
                    -2.684991335988465e-06,
                    0.2690331031272614,
                    -0.475037886563344
                ],
                [
                    0.0,
                    0.0,
                    0.0,
                    1.0
                ]
            ],
            "size": [
                0.09102,
                0.10007,
                0.11882
            ]
        },
        "distance": 0.0
    }
]