[
    {
        "case": 0,
        "collider1": {
            "type": "Box",
            "collider2origin": [
                [
                    1.0,
                    0.0,
                    0.0,
                    1.2009999999999998
                ],
                [
                    0.0,
                    1.0,
                    0.0,
                    0.02914
                ],
                [
                    0.0,
                    0.0,
                    1.0,
                    -1.22801
                ],
                [
                    0.0,
                    0.0,
                    0.0,
                    1.0
                ]
            ],
            "size": [
                0.41,
                0.6,
                0.82
            ]
        },
        "collider2": {
            "type": "Box",
            "collider2origin": [
                [
                    -0.01519683505896151,
                    0.9947627260254901,
                    -0.10107509641116422,
                    1.2575714532299984
                ],
                [
                    -0.14787185975888634,
                    -0.10221114861186212,
                    -0.9837107268861573,
                    -0.05815047008411511
                ],
                [
                    -0.9888897659980301,
                    -3.1271805924726632e-06,
                    0.14865070028285016,
                    -0.7926143242971986
                ],
                [
                    0.0,
                    0.0,
                    0.0,
                    1.0
                ]
            ],
            "size": [
                0.09102,
                0.10007,
                0.11882
            ]
        },
        "distance": 0.0
    },
    {
        "case": 1,
        "collider1": {
            "type": "Box",
            "collider2origin": [
                [
                    1.0,
                    0.0,
                    0.0,
                    1.2009999999999998
                ],
                [
                    0.0,
                    1.0,
                    0.0,
                    0.02914
                ],
                [
                    0.0,
                    0.0,
                    1.0,
                    -1.22801
                ],
                [
                    0.0,
                    0.0,
                    0.0,
                    1.0
                ]
            ],
            "size": [
                0.41,
                0.6,
                0.82
            ]
        },
        "collider2": {
            "type": "Box",
            "collider2origin": [
                [
                    -0.01519683505896151,
                    0.9947627260254901,
                    -0.10107509641116422,
                    1.252623350144439
                ],
                [
                    -0.14787185975888634,
                    -0.10221114861186212,
                    -0.9837107268861573,
                    -0.1663838105708647
                ],
                [
                    -0.9888897659980301,
                    -3.1271805924726632e-06,
                    0.14865070028285016,
                    -0.7766066140382475
                ],
                [
                    0.0,
                    0.0,
                    0.0,
                    1.0
                ]
            ],
            "size": [
                0.09126,
                0.11887,
                0.10009
            ]
        },
        "distance": 0.0
    },
    {
        "case": 2,
        "collider1": {
            "type": "Box",
            "collider2origin": [
                [
                    1.0,
                    0.0,
                    0.0,
                    1.28
                ],
                [
                    0.0,
                    1.0,
                    0.0,
                    -0.23086
                ],
                [
                    0.0,
                    0.0,
                    1.0,
                    -0.67301
                ],
                [
                    0.0,
                    0.0,
                    0.0,
                    1.0
                ]
            ],
            "size": [
                0.06,
                0.06,
                0.33
            ]
        },
        "collider2": {
            "type": "Box",
            "collider2origin": [
                [
                    -0.01519683505896151,
                    0.9947627260254901,
                    -0.10107509641116422,
                    1.252623350144439
                ],
                [
                    -0.14787185975888634,
                    -0.10221114861186212,
                    -0.9837107268861573,
                    -0.1663838105708647
                ],
                [
                    -0.9888897659980301,
                    -3.1271805924726632e-06,
                    0.14865070028285016,
                    -0.7766066140382475
                ],
                [
                    0.0,
                    0.0,
                    0.0,
                    1.0
                ]
            ],
            "size": [
                0.09126,
                0.11887,
                0.10009
            ]
        },
        "distance": 0.0
    },
    {
        "case": 3,
        "collider1": {
            "type": "Box",
            "collider2origin": [
                [
                    1.0,
                    0.0,
                    0.0,
                    1.2009999999999998
                ],
                [
                    0.0,
                    1.0,
                    0.0,
                    0.02914
                ],
                [
                    0.0,
                    0.0,
                    1.0,
                    -1.22801
                ],
                [
                    0.0,
                    0.0,
                    0.0,
                    1.0
                ]
            ],
            "size": [
                0.41,
                0.6,
                0.82
            ]
        },
        "collider2": {
            "type": "Box",
            "collider2origin": [
                [
                    0.09332605998878048,
                    0.99476325035457,
                    0.04166920050806463,
                    1.3265729482409703
                ],
                [
                    0.9083070292857298,
                    -0.1022060452939534,
                    0.40562576946676193,
                    -0.17731895301241685
                ],
                [
                    0.40776045305681957,
                    -7.027168058663652e-06,
                    -0.913088940286496,
                    -0.7768750334504883
                ],
                [
                    0.0,
                    0.0,
                    0.0,
                    1.0
                ]
            ],
            "size": [
                0.08993,
                0.0305,
                0.09007
            ]
        },
        "distance": 0.0
    },
    {
        "case": 4,
        "collider1": {
            "type": "Box",
            "collider2origin": [
                [
                    1.0,
                    0.0,
                    0.0,
                    1.28
                ],
                [
                    0.0,
                    1.0,
                    0.0,
                    -0.23086
                ],
                [
                    0.0,
                    0.0,
                    1.0,
                    -0.67301
                ],
                [
                    0.0,
                    0.0,
                    0.0,
                    1.0
                ]
            ],
            "size": [
                0.06,
                0.06,
                0.33
            ]
        },
        "collider2": {
            "type": "Box",
            "collider2origin": [
                [
                    0.09332605998878048,
                    0.99476325035457,
                    0.04166920050806463,
                    1.3265729482409703
                ],
                [
                    0.9083070292857298,
                    -0.1022060452939534,
                    0.40562576946676193,
                    -0.17731895301241685
                ],
                [
                    0.40776045305681957,
                    -7.027168058663652e-06,
                    -0.913088940286496,
                    -0.7768750334504883
                ],
                [
                    0.0,
                    0.0,
                    0.0,
                    1.0
                ]
            ],
            "size": [
                0.08993,
                0.0305,
                0.09007
            ]
        },
        "distance": 0.0
    },
    {
        "case": 5,
        "collider1": {
            "type": "Box",
            "collider2origin": [
                [
                    1.0,
                    0.0,
                    0.0,
                    1.2009999999999998
                ],
                [
                    0.0,
                    1.0,
                    0.0,
                    0.02914
                ],
                [
                    0.0,
                    0.0,
                    1.0,
                    -1.22801
                ],
                [
                    0.0,
                    0.0,
                    0.0,
                    1.0
                ]
            ],
            "size": [
                0.41,
                0.6,
                0.82
            ]
        },
        "collider2": {
            "type": "Box",
            "collider2origin": [
                [
                    -0.008326118054086546,
                    0.9947634714630837,
                    0.10186418212926347,
                    1.1169198168926557
                ],
                [
                    -0.0810720652883347,
                    -0.1022038934255027,
                    0.9914543279438304,
                    -0.33361907961253645
                ],
                [
                    0.9966734650767188,
                    -3.3738444310949182e-06,
                    0.08149849078715365,
                    -0.8170577572884754
                ],
                [
                    0.0,
                    0.0,
                    0.0,
                    1.0
                ]
            ],
            "size": [
                0.1202,
                0.13634,
                0.67816
            ]
        },
        "distance": 0.0
    }
]