[
    {
        "case": 0,
        "collider1": {
            "type": "Box",
            "collider2origin": [
                [
                    1.0,
                    0.0,
                    0.0,
                    0.7
                ],
                [
                    0.0,
                    1.0,
                    0.0,
                    -0.15085999999999994
                ],
                [
                    0.0,
                    0.0,
                    1.0,
                    -1.03301
                ],
                [
                    0.0,
                    0.0,
                    0.0,
                    1.0
                ]
            ],
            "size": [
                0.6,
                0.06,
                0.06
            ]
        },
        "collider2": {
            "type": "Cylinder",
            "collider2origin": [
                [
                    0.5210882769320804,
                    0.10440316053704309,
                    0.8470932579792092,
                    0.6743296505459105
                ],
                [
                    0.7649251309047735,
                    -0.4974071921164688,
                    -0.4092378640120251,
                    -0.11831299245159721
                ],
                [
                    0.3786245524979459,
                    0.8612119746616894,
                    -0.3390536579142647,
                    -1.026590123702959
                ],
                [
                    0.0,
                    0.0,
                    0.0,
                    1.0
                ]
            ],
            "radius": 0.00783,
            "height": 0.03044
        },
        "distance": 0.0
    },
    {
        "case": 1,
        "collider1": {
            "type": "Box",
            "collider2origin": [
                [
                    1.0,
                    0.0,
                    0.0,
                    0.7
                ],
                [
                    0.0,
                    1.0,
                    0.0,
                    -0.15085999999999994
                ],
                [
                    0.0,
                    0.0,
                    1.0,
                    -1.03301
                ],
                [
                    0.0,
                    0.0,
                    0.0,
                    1.0
                ]
            ],
            "size": [
                0.6,
                0.06,
                0.06
            ]
        },
        "collider2": {
            "type": "Box",
            "collider2origin": [
                [
                    0.6270467806321101,
                    -0.15737133905316555,
                    -0.7629197838197141,
                    0.7194797494658438
                ],
                [
                    0.5282453177656414,
                    0.8056972647621103,
                    0.2679716436743453,
                    -0.12604898823148958
                ],
                [
                    0.5725113266631353,
                    -0.5710395601002325,
                    0.588340549038522,
                    -1.0148242722141325
                ],
                [
                    0.0,
                    0.0,
                    0.0,
                    1.0
                ]
            ],
            "size": [
                0.07264,
                0.04753,
                0.03326
            ]
        },
        "distance": 0.0
    },
    {
        "case": 2,
        "collider1": {
            "type": "Box",
            "collider2origin": [
                [
                    1.0,
                    0.0,
                    0.0,
                    0.7
                ],
                [
                    0.0,
                    1.0,
                    0.0,
                    -0.15085999999999994
                ],
                [
                    0.0,
                    0.0,
                    1.0,
                    -1.03301
                ],
                [
                    0.0,
                    0.0,
                    0.0,
                    1.0
                ]
            ],
            "size": [
                0.6,
                0.06,
                0.06
            ]
        },
        "collider2": {
            "type": "Box",
            "collider2origin": [
                [
                    0.4532637383177201,
                    -0.15737654680554844,
                    -0.8773736980567663,
                    0.724708242418203
                ],
                [
                    0.5726707637835016,
                    0.8056968272060706,
                    0.1513301653263209,
                    -0.16762734103550292
                ],
                [
                    0.6830813859518247,
                    -0.5710387422457706,
                    0.45531810311089327,
                    -0.985255722375628
                ],
                [
                    0.0,
                    0.0,
                    0.0,
                    1.0
                ]
            ],
            "size": [
                0.06241,
                0.05638,
                0.02858
            ]
        },
        "distance": 0.0
    },
    {
        "case": 3,
        "collider1": {
            "type": "Box",
            "collider2origin": [
                [
                    1.0,
                    0.0,
                    0.0,
                    1.2009999999999998
                ],
                [
                    0.0,
                    1.0,
                    0.0,
                    0.02914
                ],
                [
                    0.0,
                    0.0,
                    1.0,
                    -1.22801
                ],
                [
                    0.0,
                    0.0,
                    0.0,
                    1.0
                ]
            ],
            "size": [
                0.41,
                0.6,
                0.82
            ]
        },
        "collider2": {
            "type": "Box",
            "collider2origin": [
                [
                    -0.021927278852627546,
                    -0.9957352574118746,
                    -0.0896130101549239,
                    0.9085425282239991
                ],
                [
                    0.23669268955081646,
                    -0.09225669156796722,
                    0.9671945376056121,
                    -0.5353439556545303
                ],
                [
                    -0.9713371017084231,
                    -2.800061497147339e-06,
                    0.23770619435942295,
                    -0.884802551626005
                ],
                [
                    0.0,
                    0.0,
                    0.0,
                    1.0
                ]
            ],
            "size": [
                0.1202,
                0.13634,
                0.67816
            ]
        },
        "distance": 0.04331490457545029
    }
]