[
    {
        "case": 0,
        "collider1": {
            "type": "Box",
            "collider2origin": [
                [
                    1.0,
                    0.0,
                    0.0,
                    0.5199999999999999
                ],
                [
                    0.0,
                    1.0,
                    0.0,
                    -0.43085999999999997
                ],
                [
                    0.0,
                    0.0,
                    1.0,
                    -0.80301
                ],
                [
                    0.0,
                    0.0,
                    0.0,
                    1.0
                ]
            ],
            "size": [
                0.2,
                0.08,
                0.04
            ]
        },
        "collider2": {
            "type": "Box",
            "collider2origin": [
                [
                    -0.40129358853964064,
                    -0.7231883561063062,
                    -0.5621050234513439,
                    0.6196128093745062
                ],
                [
                    0.4202008896343779,
                    -0.690650853608312,
                    0.5885852620993729,
                    -0.6714816102320691
                ],
                [
                    -0.8138763223902356,
                    -1.5389328052383954e-06,
                    0.5810381500815386,
                    -0.7578943525270553
                ],
                [
                    0.0,
                    0.0,
                    0.0,
                    1.0
                ]
            ],
            "size": [
                0.1202,
                0.13634,
                0.67816
            ]
        },
        "distance": 0.07318849412481747
    },
    {
        "case": 1,
        "collider1": {
            "type": "Cylinder",
            "collider2origin": [
                [
                    1.0,
                    0.0,
                    0.0,
                    0.4849999999999999
                ],
                [
                    0.0,
                    -3.673205103346574e-06,
                    -0.9999999999932537,
                    -0.46086
                ],
                [
                    0.0,
                    0.9999999999932537,
                    -3.673205103346574e-06,
                    -0.70001
                ],
                [
                    0.0,
                    0.0,
                    0.0,
                    1.0
                ]
            ],
            "radius": 0.026,
            "height": 0.272
        },
        "collider2": {
            "type": "Box",
            "collider2origin": [
                [
                    -0.40129358853964064,
                    -0.7231883561063062,
                    -0.5621050234513439,
                    0.6196128093745062
                ],
                [
                    0.4202008896343779,
                    -0.690650853608312,
                    0.5885852620993729,
                    -0.6714816102320691
                ],
                [
                    -0.8138763223902356,
                    -1.5389328052383954e-06,
                    0.5810381500815386,
                    -0.7578943525270553
                ],
                [
                    0.0,
                    0.0,
                    0.0,
                    1.0
                ]
            ],
            "size": [
                0.1202,
                0.13634,
                0.67816
            ]
        },
        "distance": 0.0
    },
    {
        "case": 2,
        "collider1": {
            "type": "Box",
            "collider2origin": [
                [
                    1.0,
                    0.0,
                    0.0,
                    -0.26
                ],
                [
                    0.0,
                    1.0,
                    0.0,
                    -0.4608599999999999
                ],
                [
                    0.0,
                    0.0,
                    1.0,
                    -1.143
                ],
                [
                    0.0,
                    0.0,
                    0.0,
                    1.0
                ]
            ],
            "size": [
                1.48,
                0.272,
                0.945
            ]
        },
        "collider2": {
            "type": "Box",
            "collider2origin": [
                [
                    -0.40129358853964064,
                    -0.7231883561063062,
                    -0.5621050234513439,
                    0.6196128093745062
                ],
                [
                    0.4202008896343779,
                    -0.690650853608312,
                    0.5885852620993729,
                    -0.6714816102320691
                ],
                [
                    -0.8138763223902356,
                    -1.5389328052383954e-06,
                    0.5810381500815386,
                    -0.7578943525270553
                ],
                [
                    0.0,
                    0.0,
                    0.0,
                    1.0
                ]
            ],
            "size": [
                0.1202,
                0.13634,
                0.67816
            ]
        },
        "distance": 0.0
    }
]