[
    {
        "case": 0,
        "collider1": {
            "type": "Box",
            "collider2origin": [
                [
                    1.0,
                    0.0,
                    0.0,
                    1.2009999999999998
                ],
                [
                    0.0,
                    1.0,
                    0.0,
                    0.02914
                ],
                [
                    0.0,
                    0.0,
                    1.0,
                    -1.22801
                ],
                [
                    0.0,
                    0.0,
                    0.0,
                    1.0
                ]
            ],
            "size": [
                0.41,
                0.6,
                0.82
            ]
        },
        "collider2": {
            "type": "Cylinder",
            "collider2origin": [
                [
                    -0.13566780300245912,
                    0.1394036238003272,
                    -0.9808979951553686,
                    1.195184612229266
                ],
                [
                    -0.8405574289269937,
                    0.5078920032301387,
                    0.18843811114134495,
                    -0.18721676416517052
                ],
                [
                    0.5244592032790796,
                    0.8500660813879194,
                    0.048272159363958254,
                    -1.2151341166446175
                ],
                [
                    0.0,
                    0.0,
                    0.0,
                    1.0
                ]
            ],
            "radius": 0.00783,
            "height": 0.03044
        },
        "distance": 0.0
    },
    {
        "case": 1,
        "collider1": {
            "type": "Box",
            "collider2origin": [
                [
                    1.0,
                    0.0,
                    0.0,
                    1.2009999999999998
                ],
                [
                    0.0,
                    1.0,
                    0.0,
                    0.02914
                ],
                [
                    0.0,
                    0.0,
                    1.0,
                    -1.22801
                ],
                [
                    0.0,
                    0.0,
                    0.0,
                    1.0
                ]
            ],
            "size": [
                0.41,
                0.6,
                0.82
            ]
        },
        "collider2": {
            "type": "Box",
            "collider2origin": [
                [
                    -0.20716712991035166,
                    0.6360141971690308,
                    0.7433489902355013,
                    1.1173650574600638
                ],
                [
                    -0.5911827832649059,
                    -0.6867945595077748,
                    0.422866586291327,
                    -0.15578410876020632
                ],
                [
                    0.7794771946990278,
                    -0.35185106796761884,
                    0.5182819010096524,
                    -1.1752570727836846
                ],
                [
                    0.0,
                    0.0,
                    0.0,
                    1.0
                ]
            ],
            "size": [
                0.06241,
                0.05638,
                0.02858
            ]
        },
        "distance": 0.0
    },
    {
        "case": 2,
        "collider1": {
            "type": "Box",
            "collider2origin": [
                [
                    1.0,
                    0.0,
                    0.0,
                    1.2009999999999998
                ],
                [
                    0.0,
                    1.0,
                    0.0,
                    0.02914
                ],
                [
                    0.0,
                    0.0,
                    1.0,
                    -1.22801
                ],
                [
                    0.0,
                    0.0,
                    0.0,
                    1.0
                ]
            ],
            "size": [
                0.41,
                0.6,
                0.82
            ]
        },
        "collider2": {
            "type": "Cylinder",
            "collider2origin": [
                [
                    -0.38247784706912097,
                    0.06801124908720337,
                    -0.9214581740366554,
                    1.191846769298647
                ],
                [
                    -0.6272904224472866,
                    0.7131144592040569,
                    0.3130087762028554,
                    -0.2206097408187464
                ],
                [
                    0.6783932653021209,
                    0.6977408100947676,
                    -0.23008767789914866,
                    -1.1864262304385516
                ],
                [
                    0.0,
                    0.0,
                    0.0,
                    1.0
                ]
            ],
            "radius": 0.00683,
            "height": 0.01183
        },
        "distance": 0.0
    },
    {
        "case": 3,
        "collider1": {
            "type": "Box",
            "collider2origin": [
                [
                    1.0,
                    0.0,
                    0.0,
                    0.7
                ],
                [
                    0.0,
                    1.0,
                    0.0,
                    -0.15085999999999994
                ],
                [
                    0.0,
                    0.0,
                    1.0,
                    -1.03301
                ],
                [
                    0.0,
                    0.0,
                    0.0,
                    1.0
                ]
            ],
            "size": [
                0.6,
                0.06,
                0.06
            ]
        },
        "collider2": {
            "type": "Box",
            "collider2origin": [
                [
                    -0.05362728058129752,
                    0.9842674957929617,
                    -0.16834967033797968,
                    0.9354599716232066
                ],
                [
                    0.29877029548789874,
                    0.17668473817091532,
                    0.9378266438055322,
                    -0.36766039497178105
                ],
                [
                    0.9528170996112151,
                    -4.788188192703415e-06,
                    -0.3035450125855221,
                    -0.9478849497595443
                ],
                [
                    0.0,
                    0.0,
                    0.0,
                    1.0
                ]
            ],
            "size": [
                0.1202,
                0.13634,
                0.67816
            ]
        },
        "distance": 0.0
    },
    {
        "case": 4,
        "collider1": {
            "type": "Box",
            "collider2origin": [
                [
                    1.0,
                    0.0,
                    0.0,
                    1.2009999999999998
                ],
                [
                    0.0,
                    1.0,
                    0.0,
                    0.02914
                ],
                [
                    0.0,
                    0.0,
                    1.0,
                    -1.22801
                ],
                [
                    0.0,
                    0.0,
                    0.0,
                    1.0
                ]
            ],
            "size": [
                0.41,
                0.6,
                0.82
            ]
        },
        "collider2": {
            "type": "Box",
            "collider2origin": [
                [
                    -0.05362728058129752,
                    0.9842674957929617,
                    -0.16834967033797968,
                    0.9354599716232066
                ],
                [
                    0.29877029548789874,
                    0.17668473817091532,
                    0.9378266438055322,
                    -0.36766039497178105
                ],
                [
                    0.9528170996112151,
                    -4.788188192703415e-06,
                    -0.3035450125855221,
                    -0.9478849497595443
                ],
                [
                    0.0,
                    0.0,
                    0.0,
                    1.0
                ]
            ],
            "size": [
                0.1202,
                0.13634,
                0.67816
            ]
        },
        "distance": 0.008520561567575326
    },
    {
        "case": 5,
        "collider1": {
            "type": "Box",
            "collider2origin": [
                [
                    1.0,
                    0.0,
                    0.0,
                    1.2009999999999998
                ],
                [
                    0.0,
                    1.0,
                    0.0,
                    0.02914
                ],
                [
                    0.0,
                    0.0,
                    1.0,
                    -1.22801
                ],
                [
                    0.0,
                    0.0,
                    0.0,
                    1.0
                ]
            ],
            "size": [
                0.41,
                0.6,
                0.82
            ]
        },
        "collider2": {
            "type": "Cylinder",
            "collider2origin": [
                [
                    -0.4831262775673357,
                    0.8721428930767409,
                    -0.07717366117828905,
                    1.1310806639941582
                ],
                [
                    -0.43934346363006915,
                    -0.1652421384081547,
                    0.8829905756347763,
                    -0.26828752635507436
                ],
                [
                    0.757341614391724,
                    0.46050169353655157,
                    0.46300309865108286,
                    -1.2164855989696943
                ],
                [
                    0.0,
                    0.0,
                    0.0,
                    1.0
                ]
            ],
            "radius": 0.00796,
            "height": 0.03037
        },
        "distance": 0.0
    },
    {
        "case": 6,
        "collider1": {
            "type": "Box",
            "collider2origin": [
                [
                    1.0,
                    0.0,
                    0.0,
                    1.2009999999999998
                ],
                [
                    0.0,
                    1.0,
                    0.0,
                    0.02914
                ],
                [
                    0.0,
                    0.0,
                    1.0,
                    -1.22801
                ],
                [
                    0.0,
                    0.0,
                    0.0,
                    1.0
                ]
            ],
            "size": [
                0.41,
                0.6,
                0.82
            ]
        },
        "collider2": {
            "type": "Cylinder",
            "collider2origin": [
                [
                    0.10090098250878642,
                    0.6527044563889466,
                    -0.7508634258896688,
                    1.1794228790070114
                ],
                [
                    -0.5309380631258477,
                    0.6735876099350336,
                    0.5141833377951699,
                    -0.20777824489473362
                ],
                [
                    0.8413820564125037,
                    0.3467803690407194,
                    0.41451129151694727,
                    -1.1577788611720101
                ],
                [
                    0.0,
                    0.0,
                    0.0,
                    1.0
                ]
            ],
            "radius": 0.01169,
            "height": 0.05502
        },
        "distance": 0.0
    },
    {
        "case": 7,
        "collider1": {
            "type": "Box",
            "collider2origin": [
                [
                    1.0,
                    0.0,
                    0.0,
                    1.2009999999999998
                ],
                [
                    0.0,
                    1.0,
                    0.0,
                    0.02914
                ],
                [
                    0.0,
                    0.0,
                    1.0,
                    -1.22801
                ],
                [
                    0.0,
                    0.0,
                    0.0,
                    1.0
                ]
            ],
            "size": [
                0.41,
                0.6,
                0.82
            ]
        },
        "collider2": {
            "type": "Cylinder",
            "collider2origin": [
                [
                    -0.269546383540526,
                    0.18049823129898687,
                    -0.9459202585937991,
                    1.191345616404714
                ],
                [
                    -0.7427827801625551,
                    0.5861839776924541,
                    0.3235152017921834,
                    -0.20684928885365161
                ],
                [
                    0.6128772214842122,
                    0.7898156321538521,
                    -0.02393279321771585,
                    -1.206660959221597
                ],
                [
                    0.0,
                    0.0,
                    0.0,
                    1.0
                ]
            ],
            "radius": 0.00783,
            "height": 0.03683
        },
        "distance": 0.0
    },
    {
        "case": 8,
        "collider1": {
            "type": "Box",
            "collider2origin": [
                [
                    1.0,
                    0.0,
                    0.0,
                    1.2009999999999998
                ],
                [
                    0.0,
                    1.0,
                    0.0,
                    0.02914
                ],
                [
                    0.0,
                    0.0,
                    1.0,
                    -1.22801
                ],
                [
                    0.0,
                    0.0,
                    0.0,
                    1.0
                ]
            ],
            "size": [
                0.41,
                0.6,
                0.82
            ]
        },
        "collider2": {
            "type": "Cylinder",
            "collider2origin": [
                [
                    -0.2683761410260633,
                    -0.3378322082712987,
                    -0.9021328316730831,
                    1.2255906164628965
                ],
                [
                    -0.7384825871261295,
                    0.6734880103863145,
                    -0.032517201253826095,
                    -0.2122703016048072
                ],
                [
                    0.6185610038140592,
                    0.6574825464758902,
                    -0.4302313164335224,
                    -1.1981698349281424
                ],
                [
                    0.0,
                    0.0,
                    0.0,
                    1.0
                ]
            ],
            "radius": 0.0076,
            "height": 0.02993
        },
        "distance": 0.0
    },
    {
        "case": 9,
        "collider1": {
            "type": "Box",
            "collider2origin": [
                [
                    1.0,
                    0.0,
                    0.0,
                    1.2009999999999998
                ],
                [
                    0.0,
                    1.0,
                    0.0,
                    0.02914
                ],
                [
                    0.0,
                    0.0,
                    1.0,
                    -1.22801
                ],
                [
                    0.0,
                    0.0,
                    0.0,
                    1.0
                ]
            ],
            "size": [
                0.41,
                0.6,
                0.82
            ]
        },
        "collider2": {
            "type": "Sphere",
            "collider2origin": [
                [
                    1.0,
                    0.0,
                    0.0,
                    1.1963554670820908
                ],
                [
                    0.0,
                    1.0,
                    0.0,
                    -0.21915500305753888
                ],
                [
                    0.0,
                    0.0,
                    1.0,
                    -1.167697517068084
                ],
                [
                    0.0,
                    0.0,
                    0.0,
                    1.0
                ]
            ],
            "radius": 0.01051
        },
        "distance": 0.0
    },
    {
        "case": 10,
        "collider1": {
            "type": "Box",
            "collider2origin": [
                [
                    1.0,
                    0.0,
                    0.0,
                    1.2009999999999998
                ],
                [
                    0.0,
                    1.0,
                    0.0,
                    0.02914
                ],
                [
                    0.0,
                    0.0,
                    1.0,
                    -1.22801
                ],
                [
                    0.0,
                    0.0,
                    0.0,
                    1.0
                ]
            ],
            "size": [
                0.41,
                0.6,
                0.82
            ]
        },
        "collider2": {
            "type": "Sphere",
            "collider2origin": [
                [
                    1.0,
                    0.0,
                    0.0,
                    1.2400912784989353
                ],
                [
                    0.0,
                    1.0,
                    0.0,
                    -0.21059614325260467
                ],
                [
                    0.0,
                    0.0,
                    1.0,
                    -1.1904322775404177
                ],
                [
                    0.0,
                    0.0,
                    0.0,
                    1.0
                ]
            ],
            "radius": 0.00487
        },
        "distance": 0.0
    },
    {
        "case": 11,
        "collider1": {
            "type": "Box",
            "collider2origin": [
                [
                    1.0,
                    0.0,
                    0.0,
                    1.2009999999999998
                ],
                [
                    0.0,
                    1.0,
                    0.0,
                    0.02914
                ],
                [
                    0.0,
                    0.0,
                    1.0,
                    -1.22801
                ],
                [
                    0.0,
                    0.0,
                    0.0,
                    1.0
                ]
            ],
            "size": [
                0.41,
                0.6,
                0.82
            ]
        },
        "collider2": {
            "type": "Cylinder",
            "collider2origin": [
                [
                    -0.1336060406561268,
                    -0.25117131397132514,
                    -0.958677420688581,
                    1.2208826889989748
                ],
                [
                    -0.837113303238188,
                    0.5463878631418873,
                    -0.026488120976988334,
                    -0.18933308405977056
                ],
                [
                    0.5304627634828315,
                    0.7989826494043284,
                    -0.28325956737416147,
                    -1.2114457239808838
                ],
                [
                    0.0,
                    0.0,
                    0.0,
                    1.0
                ]
            ],
            "radius": 0.0076,
            "height": 0.02993
        },
        "distance": 0.0
    },
    {
        "case": 12,
        "collider1": {
            "type": "Box",
            "collider2origin": [
                [
                    1.0,
                    0.0,
                    0.0,
                    0.7
                ],
                [
                    0.0,
                    1.0,
                    0.0,
                    -0.15085999999999994
                ],
                [
                    0.0,
                    0.0,
                    1.0,
                    -1.03301
                ],
                [
                    0.0,
                    0.0,
                    0.0,
                    1.0
                ]
            ],
            "size": [
                0.6,
                0.06,
                0.06
            ]
        },
        "collider2": {
            "type": "Box",
            "collider2origin": [
                [
                    -0.17382612882062673,
                    0.9842679979616848,
                    -0.031638349004508126,
                    0.9962688990690785
                ],
                [
                    0.9683660923321484,
                    0.17668194060343245,
                    0.1762118131283209,
                    -0.07386937749612499
                ],
                [
                    0.17902957342461612,
                    -7.287064776542078e-06,
                    -0.9838436927613544,
                    -1.039009427055034
                ],
                [
                    0.0,
                    0.0,
                    0.0,
                    1.0
                ]
            ],
            "size": [
                0.09102,
                0.10007,
                0.11882
            ]
        },
        "distance": 0.0
    },
    {
        "case": 13,
        "collider1": {
            "type": "Box",
            "collider2origin": [
                [
                    1.0,
                    0.0,
                    0.0,
                    1.2009999999999998
                ],
                [
                    0.0,
                    1.0,
                    0.0,
                    0.02914
                ],
                [
                    0.0,
                    0.0,
                    1.0,
                    -1.22801
                ],
                [
                    0.0,
                    0.0,
                    0.0,
                    1.0
                ]
            ],
            "size": [
                0.41,
                0.6,
                0.82
            ]
        },
        "collider2": {
            "type": "Box",
            "collider2origin": [
                [
                    -0.17382612882062673,
                    0.9842679979616848,
                    -0.031638349004508126,
                    0.9962688990690785
                ],
                [
                    0.9683660923321484,
                    0.17668194060343245,
                    0.1762118131283209,
                    -0.07386937749612499
                ],
                [
                    0.17902957342461612,
                    -7.287064776542078e-06,
                    -0.9838436927613544,
                    -1.039009427055034
                ],
                [
                    0.0,
                    0.0,
                    0.0,
                    1.0
                ]
            ],
            "size": [
                0.09102,
                0.10007,
                0.11882
            ]
        },
        "distance": 0.0
    },
    {
        "case": 14,
        "collider1": {
            "type": "Box",
            "collider2origin": [
                [
                    1.0,
                    0.0,
                    0.0,
                    1.2009999999999998
                ],
                [
                    0.0,
                    1.0,
                    0.0,
                    0.02914
                ],
                [
                    0.0,
                    0.0,
                    1.0,
                    -1.22801
                ],
                [
                    0.0,
                    0.0,
                    0.0,
                    1.0
                ]
            ],
            "size": [
                0.41,
                0.6,
                0.82
            ]
        },
        "collider2": {
            "type": "Cylinder",
            "collider2origin": [
                [
                    0.04974803205850901,
                    0.5936609766182707,
                    -0.8031760567565158,
                    1.166839825126778
                ],
                [
                    -0.5474573358280692,
                    0.6888090147613357,
                    0.47521848304916614,
                    -0.20255263790761857
                ],
                [
                    0.8353535770883711,
                    0.4160634399032905,
                    0.3592709495930653,
                    -1.1519212262684535
                ],
                [
                    0.0,
                    0.0,
                    0.0,
                    1.0
                ]
            ],
            "radius": 0.01271,
            "height": 0.05982
        },
        "distance": 0.0
    },
    {
        "case": 15,
        "collider1": {
            "type": "Box",
            "collider2origin": [
                [
                    1.0,
                    0.0,
                    0.0,
                    1.2009999999999998
                ],
                [
                    0.0,
                    1.0,
                    0.0,
                    0.02914
                ],
                [
                    0.0,
                    0.0,
                    1.0,
                    -1.22801
                ],
                [
                    0.0,
                    0.0,
                    0.0,
                    1.0
                ]
            ],
            "size": [
                0.41,
                0.6,
                0.82
            ]
        },
        "collider2": {
            "type": "Cylinder",
            "collider2origin": [
                [
                    -0.4831262775673357,
                    0.7956182336165911,
                    0.36548683459290837,
                    1.1337060173748512
                ],
                [
                    -0.43934346363006915,
                    -0.5813741398842581,
                    0.6848221889216007,
                    -0.2457592870854468
                ],
                [
                    0.757341614391724,
                    0.17028134310796908,
                    0.630426794560544,
                    -1.2017373260187048
                ],
                [
                    0.0,
                    0.0,
                    0.0,
                    1.0
                ]
            ],
            "radius": 0.00713,
            "height": 0.01426
        },
        "distance": 0.0
    },
    {
        "case": 16,
        "collider1": {
            "type": "Box",
            "collider2origin": [
                [
                    1.0,
                    0.0,
                    0.0,
                    1.2009999999999998
                ],
                [
                    0.0,
                    1.0,
                    0.0,
                    0.02914
                ],
                [
                    0.0,
                    0.0,
                    1.0,
                    -1.22801
                ],
                [
                    0.0,
                    0.0,
                    0.0,
                    1.0
                ]
            ],
            "size": [
                0.41,
                0.6,
                0.82
            ]
        },
        "collider2": {
            "type": "Cylinder",
            "collider2origin": [
                [
                    -0.38247784706912097,
                    -0.39789908137073005,
                    -0.833898685420296,
                    1.2186866386267026
                ],
                [
                    -0.6272904224472866,
                    0.7744743842352084,
                    -0.08183003158620022,
                    -0.22369293891059816
                ],
                [
                    0.6783932653021209,
                    0.49179848434884677,
                    -0.5458175779368986,
                    -1.174144821562559
                ],
                [
                    0.0,
                    0.0,
                    0.0,
                    1.0
                ]
            ],
            "radius": 0.00813,
            "height": 0.03824
        },
        "distance": 0.0
    },
    {
        "case": 17,
        "collider1": {
            "type": "Box",
            "collider2origin": [
                [
                    1.0,
                    0.0,
                    0.0,
                    1.2009999999999998
                ],
                [
                    0.0,
                    1.0,
                    0.0,
                    0.02914
                ],
                [
                    0.0,
                    0.0,
                    1.0,
                    -1.22801
                ],
                [
                    0.0,
                    0.0,
                    0.0,
                    1.0
                ]
            ],
            "size": [
                0.41,
                0.6,
                0.82
            ]
        },
        "collider2": {
            "type": "Sphere",
            "collider2origin": [
                [
                    1.0,
                    0.0,
                    0.0,
                    1.2351475323510457
                ],
                [
                    0.0,
                    1.0,
                    0.0,
                    -0.2205502239743965
                ],
                [
                    0.0,
                    0.0,
                    1.0,
                    -1.1619581353589328
                ],
                [
                    0.0,
                    0.0,
                    0.0,
                    1.0
                ]
            ],
            "radius": 0.00563
        },
        "distance": 0.0
    },
    {
        "case": 18,
        "collider1": {
            "type": "Box",
            "collider2origin": [
                [
                    1.0,
                    0.0,
                    0.0,
                    1.2009999999999998
                ],
                [
                    0.0,
                    1.0,
                    0.0,
                    0.02914
                ],
                [
                    0.0,
                    0.0,
                    1.0,
                    -1.22801
                ],
                [
                    0.0,
                    0.0,
                    0.0,
                    1.0
                ]
            ],
            "size": [
                0.41,
                0.6,
                0.82
            ]
        },
        "collider2": {
            "type": "Box",
            "collider2origin": [
                [
                    0.6325095027625983,
                    0.7739061595486102,
                    -0.031638349004508126,
                    0.9983955391938083
                ],
                [
                    0.7656954162213198,
                    -0.6185951232362645,
                    0.1762118131283209,
                    -0.05500155825295028
                ],
                [
                    0.11680007916380056,
                    -0.1356809851122524,
                    -0.9838436927613544,
                    -1.146844174489321
                ],
                [
                    0.0,
                    0.0,
                    0.0,
                    1.0
                ]
            ],
            "size": [
                0.09126,
                0.11887,
                0.10009
            ]
        },
        "distance": 0.0
    },
    {
        "case": 19,
        "collider1": {
            "type": "Box",
            "collider2origin": [
                [
                    1.0,
                    0.0,
                    0.0,
                    1.2009999999999998
                ],
                [
                    0.0,
                    1.0,
                    0.0,
                    0.02914
                ],
                [
                    0.0,
                    0.0,
                    1.0,
                    -1.22801
                ],
                [
                    0.0,
                    0.0,
                    0.0,
                    1.0
                ]
            ],
            "size": [
                0.41,
                0.6,
                0.82
            ]
        },
        "collider2": {
            "type": "Sphere",
            "collider2origin": [
                [
                    1.0,
                    0.0,
                    0.0,
                    1.23450110042042
                ],
                [
                    0.0,
                    1.0,
                    0.0,
                    -0.18745761842105024
                ],
                [
                    0.0,
                    0.0,
                    1.0,
                    -1.2068270446248102
                ],
                [
                    0.0,
                    0.0,
                    0.0,
                    1.0
                ]
            ],
            "radius": 0.00484
        },
        "distance": 0.0
    },
    {
        "case": 20,
        "collider1": {
            "type": "Box",
            "collider2origin": [
                [
                    1.0,
                    0.0,
                    0.0,
                    1.2009999999999998
                ],
                [
                    0.0,
                    1.0,
                    0.0,
                    0.02914
                ],
                [
                    0.0,
                    0.0,
                    1.0,
                    -1.22801
                ],
                [
                    0.0,
                    0.0,
                    0.0,
                    1.0
                ]
            ],
            "size": [
                0.41,
                0.6,
                0.82
            ]
        },
        "collider2": {
            "type": "Box",
            "collider2origin": [
                [
                    -0.35833139990500046,
                    0.6360101479110231,
                    0.6834396093264715,
                    1.1477554334628628
                ],
                [
                    -0.6666639935057491,
                    -0.6867978344487052,
                    0.2895994723053463,
                    -0.19278037351265365
                ],
                [
                    0.653573046877768,
                    -0.35185199495067054,
                    0.6701062945862721,
                    -1.1936444907855497
                ],
                [
                    0.0,
                    0.0,
                    0.0,
                    1.0
                ]
            ],
            "size": [
                0.07264,
                0.04753,
                0.03326
            ]
        },
        "distance": 0.0
    },
    {
        "case": 21,
        "collider1": {
            "type": "Box",
            "collider2origin": [
                [
                    1.0,
                    0.0,
                    0.0,
                    1.2009999999999998
                ],
                [
                    0.0,
                    1.0,
                    0.0,
                    0.02914
                ],
                [
                    0.0,
                    0.0,
                    1.0,
                    -1.22801
                ],
                [
                    0.0,
                    0.0,
                    0.0,
                    1.0
                ]
            ],
            "size": [
                0.41,
                0.6,
                0.82
            ]
        },
        "collider2": {
            "type": "Cylinder",
            "collider2origin": [
                [
                    -0.38247784706912097,
                    0.06801124908720337,
                    -0.9214581740366554,
                    1.1768089145614622
                ],
                [
                    -0.6272904224472866,
                    0.7131144592040569,
                    0.3130087762028554,
                    -0.21549773093510882
                ],
                [
                    0.6783932653021209,
                    0.6977408100947676,
                    -0.23008767789914866,
                    -1.190177640820383
                ],
                [
                    0.0,
                    0.0,
                    0.0,
                    1.0
                ]
            ],
            "radius": 0.00683,
            "height": 0.01782
        },
        "distance": 0.0
    },
    {
        "case": 22,
        "collider1": {
            "type": "Box",
            "collider2origin": [
                [
                    1.0,
                    0.0,
                    0.0,
                    1.2009999999999998
                ],
                [
                    0.0,
                    1.0,
                    0.0,
                    0.02914
                ],
                [
                    0.0,
                    0.0,
                    1.0,
                    -1.22801
                ],
                [
                    0.0,
                    0.0,
                    0.0,
                    1.0
                ]
            ],
            "size": [
                0.41,
                0.6,
                0.82
            ]
        },
        "collider2": {
            "type": "Box",
            "collider2origin": [
                [
                    -0.5047598931169764,
                    0.7739048708460674,
                    -0.3824770596797527,
                    1.0556730884882473
                ],
                [
                    -0.47311851617247597,
                    -0.6185980746706841,
                    -0.627292030611323,
                    -0.10117616299853172
                ],
                [
                    -0.7220639306566231,
                    -0.13567487937880654,
                    0.6783922222064851,
                    -1.1600307222002568
                ],
                [
                    0.0,
                    0.0,
                    0.0,
                    1.0
                ]
            ],
            "size": [
                0.08993,
                0.0305,
                0.09007
            ]
        },
        "distance": 0.0
    },
    {
        "case": 23,
        "collider1": {
            "type": "Box",
            "collider2origin": [
                [
                    1.0,
                    0.0,
                    0.0,
                    1.2009999999999998
                ],
                [
                    0.0,
