[
    {
        "case": 0,
        "collider1": {
            "type": "Box",
            "collider2origin": [
                [
                    1.0,
                    0.0,
                    0.0,
                    -0.26
                ],
                [
                    0.0,
                    1.0,
                    0.0,
                    -0.4608599999999999
                ],
                [
                    0.0,
                    0.0,
                    1.0,
                    -1.143
                ],
                [
                    0.0,
                    0.0,
                    0.0,
                    1.0
                ]
            ],
            "size": [
                1.48,
                0.272,
                0.945
            ]
        },
        "collider2": {
            "type": "Box",
            "collider2origin": [
                [
                    -0.414349655013001,
                    0.8984579048940737,
                    -0.14521624056543508,
                    0.39988754193827114
                ],
                [
                    0.5746076279410874,
                    0.3819862946427463,
                    0.7238180328072945,
                    -0.3541165257978248
                ],
                [
                    0.7057906469361322,
                    0.21647139265606444,
                    -0.6745366549410192,
                    -1.115733658318915
                ],
                [
                    0.0,
                    0.0,
                    0.0,
                    1.0
                ]
            ],
            "size": [
                0.07264,
                0.04753,
                0.03326
            ]
        },
        "distance": 0.0
    },
    {
        "case": 1,
        "collider1": {
            "type": "Box",
            "collider2origin": [
                [
                    1.0,
                    0.0,
                    0.0,
                    -0.26
                ],
                [
                    0.0,
                    1.0,
                    0.0,
                    -0.4608599999999999
                ],
                [
                    0.0,
                    0.0,
                    1.0,
                    -1.143
                ],
                [
                    0.0,
                    0.0,
                    0.0,
                    1.0
                ]
            ],
            "size": [
                1.48,
                0.272,
                0.945
            ]
        },
        "collider2": {
            "type": "Cylinder",
            "collider2origin": [
                [
                    -0.11049522151801477,
                    -0.9932922122931773,
                    0.0340791287947671,
                    0.4213027694513367
                ],
                [
                    0.6920009774693658,
                    -0.10150086231344946,
                    -0.7147252773836029,
                    -0.34315909983155923
                ],
                [
                    0.7133901129137735,
                    -0.05539093741174242,
                    0.6985745420851817,
                    -1.1538973977013895
                ],
                [
                    0.0,
                    0.0,
                    0.0,
                    1.0
                ]
            ],
            "radius": 0.00783,
            "height": 0.03044
        },
        "distance": 0.0
    },
    {
        "case": 2,
        "collider1": {
            "type": "Box",
            "collider2origin": [
                [
                    1.0,
                    0.0,
                    0.0,
                    0.5199999999999999
                ],
                [
                    0.0,
                    1.0,
                    0.0,
                    -0.43085999999999997
                ],
                [
                    0.0,
                    0.0,
                    1.0,
                    -0.80301
                ],
                [
                    0.0,
                    0.0,
                    0.0,
                    1.0
                ]
            ],
            "size": [
                0.2,
                0.08,
                0.04
            ]
        },
        "collider2": {
            "type": "Box",
            "collider2origin": [
                [
                    0.4604376118626092,
                    -0.7021463943048484,
                    -0.5431276521656372,
                    0.4320848546920313
                ],
                [
                    -0.45403818546336333,
                    -0.7120326122644356,
                    0.5355920884526025,
                    -0.5076640960620664
                ],
                [
                    -0.7627886546897468,
                    -6.048475360858796e-06,
                    -0.6466478703591485,
                    -0.8490788687075214
                ],
                [
                    0.0,
                    0.0,
                    0.0,
                    1.0
                ]
            ],
            "size": [
                0.1202,
                0.13634,
                0.67816
            ]
        },
        "distance": 0.0
    },
    {
        "case": 3,
        "collider1": {
            "type": "Cylinder",
            "collider2origin": [
                [
                    1.0,
                    0.0,
                    0.0,
                    0.4849999999999999
                ],
                [
                    0.0,
                    -3.673205103346574e-06,
                    -0.9999999999932537,
                    -0.46086
                ],
                [
                    0.0,
                    0.9999999999932537,
                    -3.673205103346574e-06,
                    -0.70001
                ],
                [
                    0.0,
                    0.0,
                    0.0,
                    1.0
                ]
            ],
            "radius": 0.026,
            "height": 0.272
        },
        "collider2": {
            "type": "Box",
            "collider2origin": [
                [
                    0.4604376118626092,
                    -0.7021463943048484,
                    -0.5431276521656372,
                    0.4320848546920313
                ],
                [
                    -0.45403818546336333,
                    -0.7120326122644356,
                    0.5355920884526025,
                    -0.5076640960620664
                ],
                [
                    -0.7627886546897468,
                    -6.048475360858796e-06,
                    -0.6466478703591485,
                    -0.8490788687075214
                ],
                [
                    0.0,
                    0.0,
                    0.0,
                    1.0
                ]
            ],
            "size": [
                0.1202,
                0.13634,
                0.67816
            ]
        },
        "distance": 0.0
    },
    {
        "case": 4,
        "collider1": {
            "type": "Box",
            "collider2origin": [
                [
                    1.0,
                    0.0,
                    0.0,
                    0.246
                ],
                [
                    0.0,
                    1.0,
                    0.0,
                    -0.24786000000000002
                ],
                [
                    0.0,
                    0.0,
                    1.0,
                    -0.71801
                ],
                [
                    0.0,
                    0.0,
                    0.0,
                    1.0
                ]
            ],
            "size": [
                0.12,
                0.16,
                0.08
            ]
        },
        "collider2": {
            "type": "Box",
            "collider2origin": [
                [
                    0.4604376118626092,
                    -0.7021463943048484,
                    -0.5431276521656372,
                    0.4320848546920313
                ],
                [
                    -0.45403818546336333,
                    -0.7120326122644356,
                    0.5355920884526025,
                    -0.5076640960620664
                ],
                [
                    -0.7627886546897468,
                    -6.048475360858796e-06,
                    -0.6466478703591485,
                    -0.8490788687075214
                ],
                [
                    0.0,
                    0.0,
                    0.0,
                    1.0
                ]
            ],
            "size": [
                0.1202,
                0.13634,
                0.67816
            ]
        },
        "distance": 0.14905843474687117
    },
    {
        "case": 5,
        "collider1": {
            "type": "Box",
            "collider2origin": [
                [
                    1.0,
                    0.0,
                    0.0,
                    -0.26
                ],
                [
                    0.0,
                    1.0,
                    0.0,
                    -0.4608599999999999
                ],
                [
                    0.0,
                    0.0,
                    1.0,
                    -1.143
                ],
                [
                    0.0,
                    0.0,
                    0.0,
                    1.0
                ]
            ],
            "size": [
                1.48,
                0.272,
                0.945
            ]
        },
        "collider2": {
            "type": "Box",
            "collider2origin": [
                [
                    0.4604376118626092,
                    -0.7021463943048484,
                    -0.5431276521656372,
                    0.4320848546920313
                ],
                [
                    -0.45403818546336333,
                    -0.7120326122644356,
                    0.5355920884526025,
                    -0.5076640960620664
                ],
                [
                    -0.7627886546897468,
                    -6.048475360858796e-06,
                    -0.6466478703591485,
                    -0.8490788687075214
                ],
                [
                    0.0,
                    0.0,
                    0.0,
                    1.0
                ]
            ],
            "size": [
                0.1202,
                0.13634,
                0.67816
            ]
        },
        "distance": 0.0
    },
    {
        "case": 6,
        "collider1": {
            "type": "Box",
            "collider2origin": [
                [
                    1.0,
                    0.0,
                    0.0,
                    -0.26
                ],
                [
                    0.0,
                    1.0,
                    0.0,
                    -0.4608599999999999
                ],
                [
                    0.0,
                    0.0,
                    1.0,
                    -1.143
                ],
                [
                    0.0,
                    0.0,
                    0.0,
                    1.0
                ]
            ],
            "size": [
                1.48,
                0.272,
                0.945
            ]
        },
        "collider2": {
            "type": "Cylinder",
            "collider2origin": [
                [
                    -0.4613937552267851,
                    -0.43656684302202003,
                    -0.7723504348490469,
                    0.44161509988769976
                ],
                [
                    0.5626341972949405,
                    0.529122089603448,
                    -0.6351949105022474,
                    -0.3190916662004556
                ],
                [
                    0.6859727127750803,
                    -0.7276257319992653,
                    0.001493807393702214,
                    -1.1083913379726544
                ],
                [
                    0.0,
                    0.0,
                    0.0,
                    1.0
                ]
            ],
            "radius": 0.00683,
            "height": 0.01183
        },
        "distance": 0.0
    },
    {
        "case": 7,
        "collider1": {
            "type": "Box",
            "collider2origin": [
                [
                    1.0,
                    0.0,
                    0.0,
                    -0.26
                ],
                [
                    0.0,
                    1.0,
                    0.0,
                    -0.4608599999999999
                ],
                [
                    0.0,
                    0.0,
                    1.0,
                    -1.143
                ],
                [
                    0.0,
                    0.0,
                    0.0,
                    1.0
                ]
            ],
            "size": [
                1.48,
                0.272,
                0.945
            ]
        },
        "collider2": {
            "type": "Box",
            "collider2origin": [
                [
                    -0.4355778985161204,
                    0.8984585298963088,
                    -0.05517394657665648,
                    0.35427892929762095
                ],
                [
                    0.7135210750272772,
                    0.38198769370419505,
                    0.5873440876951672,
                    -0.37304649354530006
                ],
                [
                    0.5487800741792642,
                    0.21646632974925525,
                    -0.8074544930017338,
                    -1.1295866895422488
                ],
                [
                    0.0,
                    0.0,
                    0.0,
                    1.0
                ]
            ],
            "size": [
                0.06241,
                0.05638,
                0.02858
            ]
        },
        "distance": 0.0
    },
    {
        "case": 8,
        "collider1": {
            "type": "Box",
            "collider2origin": [
                [
                    1.0,
                    0.0,
                    0.0,
                    -0.26
                ],
                [
                    0.0,
                    1.0,
                    0.0,
                    -0.4608599999999999
                ],
                [
                    0.0,
                    0.0,
                    1.0,
                    -1.143
                ],
                [
                    0.0,
                    0.0,
                    0.0,
                    1.0
                ]
            ],
            "size": [
                1.48,
                0.272,
                0.945
            ]
        },
        "collider2": {
            "type": "Box",
            "collider2origin": [
                [
                    -0.5235633253835207,
                    0.8100158487528173,
                    0.26411317476150803,
                    0.22359422702492682
                ],
                [
                    0.7699270235556837,
                    0.5825685820600093,
                    -0.26043468585285634,
                    -0.4616198417450206
                ],
                [
                    -0.3648202608299538,
                    0.06699382035563603,
                    -0.9286646355504882,
                    -1.1417247402877488
                ],
                [
                    0.0,
                    0.0,
                    0.0,
                    1.0
                ]
            ],
            "size": [
                0.09126,
                0.11887,
                0.10009
            ]
        },
        "distance": 0.0
    },
    {
        "case": 9,
        "collider1": {
            "type": "Box",
            "collider2origin": [
                [
                    1.0,
                    0.0,
                    0.0,
                    -0.26
                ],
                [
                    0.0,
                    1.0,
                    0.0,
                    -0.4608599999999999
                ],
                [
                    0.0,
                    0.0,
                    1.0,
                    -1.143
                ],
                [
                    0.0,
                    0.0,
                    0.0,
                    1.0
                ]
            ],
            "size": [
                1.48,
                0.272,
                0.945
            ]
        },
        "collider2": {
            "type": "Box",
            "collider2origin": [
                [
                    0.36193259084301677,
                    0.8100131838200673,
                    -0.46139293636047285,
                    0.2846625348520503
                ],
                [
                    -0.5865610829721034,
                    0.5825716053581566,
                    0.562633469119118,
                    -0.4185912353158806
                ],
                [
                    0.7245349512813407,
                    0.06699975125400091,
                    0.6859738608020332,
                    -1.1395366970532446
                ],
                [
                    0.0,
                    0.0,
                    0.0,
                    1.0
                ]
            ],
            "size": [
                0.08993,
                0.0305,
                0.09007
            ]
        },
        "distance": 0.0
    },
    {
        "case": 10,
        "collider1": {
            "type": "Box",
            "collider2origin": [
                [
                    1.0,
                    0.0,
                    0.0,
                    -0.26
                ],
                [
                    0.0,
                    1.0,
                    0.0,
                    -0.4608599999999999
                ],
                [
                    0.0,
                    0.0,
                    1.0,
                    -1.143
                ],
                [
                    0.0,
                    0.0,
                    0.0,
                    1.0
                ]
            ],
            "size": [
                1.48,
                0.272,
                0.945
            ]
        },
        "collider2": {
            "type": "Cylinder",
            "collider2origin": [
                [
                    -0.3022554883806597,
                    -0.950448502412708,
                    -0.07272732639942742,
                    0.4235991016071351
                ],
                [
                    0.6254356000522052,
                    -0.1401622780511824,
                    -0.767583771323261,
                    -0.3305261617606797
                ],
                [
                    0.7193552181857764,
                    -0.27749266670119943,
                    0.6368091472301181,
                    -1.139177238092419
                ],
                [
                    0.0,
                    0.0,
                    0.0,
                    1.0
                ]
            ],
            "radius": 0.00783,
            "height": 0.03683
        },
        "distance": 0.0
    },
    {
        "case": 11,
        "collider1": {
            "type": "Box",
            "collider2origin": [
                [
                    1.0,
                    0.0,
                    0.0,
                    -0.26
                ],
                [
                    0.0,
                    1.0,
                    0.0,
                    -0.4608599999999999
                ],
                [
                    0.0,
                    0.0,
                    1.0,
                    -1.143
                ],
                [
                    0.0,
                    0.0,
                    0.0,
                    1.0
                ]
            ],
            "size": [
                1.48,
                0.272,
                0.945
            ]
        },
        "collider2": {
            "type": "Cylinder",
            "collider2origin": [
                [
                    -0.11762145690742275,
                    -0.9015973482304187,
                    0.4162780495520421,
                    0.4148060671523637
                ],
                [
                    0.6920326612250515,
                    -0.3750581395839247,
                    -0.6167837447028075,
                    -0.3254008553923341
                ],
                [
                    0.7122190594702927,
                    0.21553100379231355,
                    0.6680496970521949,
                    -1.171811409359175
                ],
                [
                    0.0,
                    0.0,
                    0.0,
                    1.0
                ]
            ],
            "radius": 0.0076,
            "height": 0.02993
        },
        "distance": 0.0
    },
    {
        "case": 12,
        "collider1": {
            "type": "Box",
            "collider2origin": [
                [
                    1.0,
                    0.0,
                    0.0,
                    -0.26
                ],
                [
                    0.0,
                    1.0,
                    0.0,
                    -0.4608599999999999
                ],
                [
                    0.0,
                    0.0,
                    1.0,
                    -1.143
                ],
                [
                    0.0,
                    0.0,
                    0.0,
                    1.0
                ]
            ],
            "size": [
                1.48,
                0.272,
                0.945
            ]
        },
        "collider2": {
            "type": "Box",
            "collider2origin": [
                [
                    0.661240376737303,
                    -0.7021434291437234,
                    0.26411317476150803,
                    0.19565257365561506
                ],
                [
                    -0.6520576428082255,
                    -0.7120355362340455,
                    -0.26043468585285634,
                    -0.4314735483464305
                ],
                [
                    0.3709204694104794,
                    -7.084380781995906e-06,
                    -0.9286646355504882,
                    -1.0403758975015207
                ],
                [
                    0.0,
                    0.0,
                    0.0,
                    1.0
                ]
            ],
            "size": [
                0.09102,
                0.10007,
                0.11882
            ]
        },
        "distance": 0.0
    },
    {
        "case": 13,
        "collider1": {
            "type": "Box",
            "collider2origin": [
                [
                    1.0,
                    0.0,
                    0.0,
                    -0.26
                ],
                [
                    0.0,
                    1.0,
                    0.0,
                    -0.4608599999999999
                ],
                [
                    0.0,
                    0.0,
                    1.0,
                    -1.143
                ],
                [
                    0.0,
                    0.0,
                    0.0,
                    1.0
                ]
            ],
            "size": [
                1.48,
                0.272,
                0.945
            ]
        },
        "collider2": {
            "type": "Cylinder",
            "collider2origin": [
                [
                    -0.4613937552267851,
                    -0.43656684302202003,
                    -0.7723504348490469,
                    0.4290080650107706
                ],
                [
                    0.5626341972949405,
                    0.529122089603448,
                    -0.6351949105022474,
                    -0.32945530683638025
                ],
                [
                    0.6859727127750803,
                    -0.7276257319992653,
                    0.001493807393702214,
                    -1.1083707374554939
                ],
                [
                    0.0,
                    0.0,
                    0.0,
                    1.0
                ]
            ],
            "radius": 0.00683,
            "height": 0.01782
        },
        "distance": 0.0
    },
    {
        "case": 14,
        "collider1": {
            "type": "Box",
            "collider2origin": [
                [
                    1.0,
                    0.0,
                    0.0,
                    -0.26
                ],
                [
                    0.0,
                    1.0,
                    0.0,
                    -0.4608599999999999
                ],
                [
                    0.0,
                    0.0,
                    1.0,
                    -1.143
                ],
                [
                    0.0,
                    0.0,
                    0.0,
                    1.0
                ]
            ],
            "size": [
                1.48,
                0.272,
                0.945
            ]
        },
        "collider2": {
            "type": "Cylinder",
            "collider2origin": [
                [
                    -0.3293196529235384,
                    -0.18213873505998296,
                    -0.9264847799014668,
                    0.38696757776202917
                ],
                [
                    0.8684449431729742,
                    0.3267054722861344,
                    -0.37291676692739784,
                    -0.3094444388446064
                ],
                [
                    0.3706102357944387,
                    -0.9274098422860538,
                    0.05058693067727382,
                    -1.1212161540372412
                ],
                [
                    0.0,
                    0.0,
                    0.0,
                    1.0
                ]
            ],
            "radius": 0.01271,
            "height": 0.05982
        },
        "distance": 0.0
    }
]