[
    {
        "case": 0,
        "collider1": {
            "type": "Box",
            "collider2origin": [
                [
                    1.0,
                    0.0,
                    0.0,
                    1.2009999999999998
                ],
                [
                    0.0,
                    1.0,
                    0.0,
                    0.02914
                ],
                [
                    0.0,
                    0.0,
                    1.0,
                    -1.22801
                ],
                [
                    0.0,
                    0.0,
                    0.0,
                    1.0
                ]
            ],
            "size": [
                0.41,
                0.6,
                0.82
            ]
        },
        "collider2": {
            "type": "Box",
            "collider2origin": [
                [
                    -0.566305493983652,
                    0.8240576883510592,
                    0.01506697559035388,
                    1.2050341762464325
                ],
                [
                    -0.8232012041667,
                    -0.5664254935325279,
                    0.038754841438556696,
                    -0.025962400359212046
                ],
                [
                    0.0404705441330776,
                    0.009543927175990372,
                    0.9991351502732909,
                    -0.7954273209256235
                ],
                [
                    0.0,
                    0.0,
                    0.0,
                    1.0
                ]
            ],
            "size": [
                0.09126,
                0.11887,
                0.10009
            ]
        },
        "distance": 0.0
    },
    {
        "case": 1,
        "collider1": {
            "type": "Box",
            "collider2origin": [
                [
                    1.0,
                    0.0,
                    0.0,
                    1.2009999999999998
                ],
                [
                    0.0,
                    1.0,
                    0.0,
                    0.02914
                ],
                [
                    0.0,
                    0.0,
                    1.0,
                    -1.22801
                ],
                [
                    0.0,
                    0.0,
                    0.0,
                    1.0
                ]
            ],
            "size": [
                0.41,
                0.6,
                0.82
            ]
        },
        "collider2": {
            "type": "Sphere",
            "collider2origin": [
                [
                    1.0,
                    0.0,
                    0.0,
                    1.3798827664724114
                ],
                [
                    0.0,
                    1.0,
                    0.0,
                    -0.2073692294366516
                ],
                [
                    0.0,
                    0.0,
                    1.0,
                    -0.8314339314510625
                ],
                [
                    0.0,
                    0.0,
                    0.0,
                    1.0
                ]
            ],
            "radius": 0.01051
        },
        "distance": 0.0
    },
    {
        "case": 2,
        "collider1": {
            "type": "Box",
            "collider2origin": [
                [
                    1.0,
                    0.0,
                    0.0,
                    1.2009999999999998
                ],
                [
                    0.0,
                    1.0,
                    0.0,
                    0.02914
                ],
                [
                    0.0,
                    0.0,
                    1.0,
                    -1.22801
                ],
                [
                    0.0,
                    0.0,
                    0.0,
                    1.0
                ]
            ],
            "size": [
                0.41,
                0.6,
                0.82
            ]
        },
        "collider2": {
            "type": "Box",
            "collider2origin": [
                [
                    0.5368475989114788,
                    0.8240569685245891,
                    -0.18089988438095875,
                    1.2664861113824277
                ],
                [
                    0.7754273533309649,
                    -0.5664266609235559,
                    -0.279057803153981,
                    -0.06834407325410108
                ],
                [
                    -0.33242604478156484,
                    0.009536793017322413,
                    -0.9430811069732173,
                    -0.7918651572637222
                ],
                [
                    0.0,
                    0.0,
                    0.0,
                    1.0
                ]
            ],
            "size": [
                0.08993,
                0.0305,
                0.09007
            ]
        },
        "distance": 0.0
    },
    {
        "case": 3,
        "collider1": {
            "type": "Box",
            "collider2origin": [
                [
                    1.0,
                    0.0,
                    0.0,
                    1.2009999999999998
                ],
                [
                    0.0,
                    1.0,
                    0.0,
                    0.02914
                ],
                [
                    0.0,
                    0.0,
                    1.0,
                    -1.22801
                ],
                [
                    0.0,
                    0.0,
                    0.0,
                    1.0
                ]
            ],
            "size": [
                0.41,
                0.6,
                0.82
            ]
        },
        "collider2": {
            "type": "Cylinder",
            "collider2origin": [
                [
                    -0.6232727264059388,
                    -0.5027555242196595,
                    -0.598972446265371,
                    1.3659035889871312
                ],
                [
                    -0.2733748454740842,
                    -0.5775385879440189,
                    0.7692303772587566,
                    -0.1901192264524697
                ],
                [
                    -0.7326645223978899,
                    0.6431843144093643,
                    0.2225233365677134,
                    -0.8267924991418768
                ],
                [
                    0.0,
                    0.0,
                    0.0,
                    1.0
                ]
            ],
            "radius": 0.01169,
            "height": 0.05502
        },
        "distance": 0.0
    },
    {
        "case": 4,
        "collider1": {
            "type": "Box",
            "collider2origin": [
                [
                    1.0,
                    0.0,
                    0.0,
                    1.2009999999999998
                ],
                [
                    0.0,
                    1.0,
                    0.0,
                    0.02914
                ],
                [
                    0.0,
                    0.0,
                    1.0,
                    -1.22801
                ],
                [
                    0.0,
                    0.0,
                    0.0,
                    1.0
                ]
            ],
            "size": [
                0.41,
                0.6,
                0.82
            ]
        },
        "collider2": {
            "type": "Box",
            "collider2origin": [
                [
                    0.3620420407145339,
                    -0.9320399921686919,
                    0.01506697559035388,
                    1.2052724513548942
                ],
                [
                    0.931233917588319,
                    0.3623554235804736,
                    0.038754841438556696,
                    -0.03056417449710247
                ],
                [
                    -0.041580662433010604,
                    -3.1767704297967795e-09,
                    0.9991351502732909,
                    -0.904697057265308
                ],
                [
                    0.0,
                    0.0,
                    0.0,
                    1.0
                ]
            ],
            "size": [
                0.09102,
                0.10007,
                0.11882
            ]
        },
        "distance": 0.0
    },
    {
        "case": 5,
        "collider1": {
            "type": "Box",
            "collider2origin": [
                [
                    1.0,
                    0.0,
                    0.0,
                    1.2009999999999998
                ],
                [
                    0.0,
                    1.0,
                    0.0,
                    0.02914
                ],
                [
                    0.0,
                    0.0,
                    1.0,
                    -1.22801
                ],
                [
                    0.0,
                    0.0,
                    0.0,
                    1.0
                ]
            ],
            "size": [
                0.41,
                0.6,
                0.82
            ]
        },
        "collider2": {
            "type": "Cylinder",
            "collider2origin": [
                [
                    -0.6153512261231991,
                    -0.5766410060398538,
                    -0.5374272217352045,
                    1.3579676908929457
                ],
                [
                    -0.2249691712149521,
                    -0.524962462616954,
                    0.8208552155197657,
                    -0.17762130328139147
                ],
                [
                    -0.7554678950898792,
                    0.626018820001834,
                    0.19330984582265462,
                    -0.8259118528743403
                ],
                [
                    0.0,
                    0.0,
                    0.0,
                    1.0
                ]
            ],
            "radius": 0.01271,
            "height": 0.05982
        },
        "distance": 0.0
    },
    {
        "case": 6,
        "collider1": {
            "type": "Box",
            "collider2origin": [
                [
                    1.0,
                    0.0,
                    0.0,
                    1.2009999999999998
                ],
                [
                    0.0,
                    1.0,
                    0.0,
                    0.02914
                ],
                [
                    0.0,
                    0.0,
                    1.0,
                    -1.22801
                ],
                [
                    0.0,
                    0.0,
                    0.0,
                    1.0
                ]
            ],
            "size": [
                0.41,
                0.6,
                0.82
            ]
        },
        "collider2": {
            "type": "Box",
            "collider2origin": [
                [
                    -0.1293293190321525,
                    0.9427874823181277,
                    -0.3072876346729966,
                    1.3871108778274224
                ],
                [
                    -0.2860715371586557,
                    -0.3321882081155479,
                    -0.8987847740236062,
                    -0.12684755739715992
                ],
                [
                    -0.9494403629856715,
                    -0.02833297678018843,
                    0.31266633902678026,
                    -0.7970980476369951
                ],
                [
                    0.0,
                    0.0,
                    0.0,
                    1.0
                ]
            ],
            "size": [
                0.07264,
                0.04753,
                0.03326
            ]
        },
        "distance": 0.0
    },
    {
        "case": 7,
        "collider1": {
            "type": "Box",
            "collider2origin": [
                [
                    1.0,
                    0.0,
                    0.0,
                    1.2009999999999998
                ],
                [
                    0.0,
                    1.0,
                    0.0,
                    0.02914
                ],
                [
                    0.0,
                    0.0,
                    1.0,
                    -1.22801
                ],
                [
                    0.0,
                    0.0,
                    0.0,
                    1.0
                ]
            ],
            "size": [
                0.41,
                0.6,
                0.82
            ]
        },
        "collider2": {
            "type": "Box",
            "collider2origin": [
                [
                    -0.19084537037142635,
                    0.9427865412540606,
                    -0.2733707779518465,
                    1.3383643731256134
                ],
                [
                    -0.4680529231582118,
                    -0.33219123981792303,
                    -0.8188867084714977,
                    -0.11137090111019621
                ],
                [
                    -0.86284674521658,
                    -0.028328745444085035,
                    0.504671156745378,
                    -0.7932708960157872
                ],
                [
                    0.0,
                    0.0,
                    0.0,
                    1.0
                ]
            ],
            "size": [
                0.06241,
                0.05638,
                0.02858
            ]
        },
        "distance": 0.0
    },
    {
        "case": 8,
        "collider1": {
            "type": "Box",
            "collider2origin": [
                [
                    1.0,
                    0.0,
                    0.0,
                    1.2009999999999998
                ],
                [
                    0.0,
                    1.0,
                    0.0,
                    0.02914
                ],
                [
                    0.0,
                    0.0,
                    1.0,
                    -1.22801
                ],
                [
                    0.0,
                    0.0,
                    0.0,
                    1.0
                ]
            ],
            "size": [
                0.41,
                0.6,
                0.82
            ]
        },
        "collider2": {
            "type": "Box",
            "collider2origin": [
                [
                    -0.05170214023092213,
                    -0.9320387301133091,
                    0.3586512153392375,
                    1.2047814386579363
                ],
                [
                    -0.1329968220458119,
                    0.3623586697612634,
                    0.9225009700670033,
                    -0.340253326515807
                ],
                [
                    -0.989767009968132,
                    -4.197345420835207e-06,
                    -0.14269290788657146,
                    -0.8655688912474412
                ],
                [
                    0.0,
                    0.0,
                    0.0,
                    1.0
                ]
            ],
            "size": [
                0.1202,
                0.13634,
                0.67816
            ]
        },
        "distance": 0.0
    },
    {
        "case": 9,
        "collider1": {
            "type": "Box",
            "collider2origin": [
                [
                    1.0,
                    0.0,
                    0.0,
                    1.28
                ],
                [
                    0.0,
                    1.0,
                    0.0,
                    -0.23086
                ],
                [
                    0.0,
                    0.0,
                    1.0,
                    -0.67301
                ],
                [
                    0.0,
                    0.0,
                    0.0,
                    1.0
                ]
            ],
            "size": [
                0.06,
                0.06,
                0.33
            ]
        },
        "collider2": {
            "type": "Box",
            "collider2origin": [
                [
                    -0.05170214023092213,
                    -0.9320387301133091,
                    0.3586512153392375,
                    1.2047814386579363
                ],
                [
                    -0.1329968220458119,
                    0.3623586697612634,
                    0.9225009700670033,
                    -0.340253326515807
                ],
                [
                    -0.989767009968132,
                    -4.197345420835207e-06,
                    -0.14269290788657146,
                    -0.8655688912474412
                ],
                [
                    0.0,
                    0.0,
                    0.0,
                    1.0
                ]
            ],
            "size": [
                0.1202,
                0.13634,
                0.67816
            ]
        },
        "distance": 0.0
    },
    {
        "case": 10,
        "collider1": {
            "type": "Box",
            "collider2origin": [
                [
                    1.0,
                    0.0,
                    0.0,
                    1.2009999999999998
                ],
                [
                    0.0,
                    1.0,
                    0.0,
                    0.02914
                ],
                [
                    0.0,
                    0.0,
                    1.0,
                    -1.22801
                ],
                [
                    0.0,
                    0.0,
                    0.0,
                    1.0
                ]
            ],
            "size": [
                0.41,
                0.6,
                0.82
            ]
        },
        "collider2": {
            "type": "Cylinder",
            "collider2origin": [
                [
                    -0.3659818707047476,
                    -0.054997154215982814,
                    -0.928995470033948,
                    1.4164851165235086
                ],
                [
                    -0.2029129444184982,
                    -0.9695182053750324,
                    0.13733457843453384,
                    -0.14512651377660268
                ],
                [
                    -0.9082310318981994,
                    0.23876717210395368,
                    0.3436664519888608,
                    -0.8311729209251086
                ],
                [
                    0.0,
                    0.0,
                    0.0,
                    1.0
                ]
            ],
            "radius": 0.00713,
            "height": 0.01697
        },
        "distance": 0.0
    }
]