[
    {
        "case": 0,
        "collider1": {
            "type": "Box",
            "collider2origin": [
                [
                    1.0,
                    0.0,
                    0.0,
                    1.2009999999999998
                ],
                [
                    0.0,
                    1.0,
                    0.0,
                    0.02914
                ],
                [
                    0.0,
                    0.0,
                    1.0,
                    -1.22801
                ],
                [
                    0.0,
                    0.0,
                    0.0,
                    1.0
                ]
            ],
            "size": [
                0.41,
                0.6,
                0.82
            ]
        },
        "collider2": {
            "type": "Box",
            "collider2origin": [
                [
                    -0.4137621120565871,
                    -0.7790726061511523,
                    0.4710061453647114,
                    1.4765020581278363
                ],
                [
                    -0.5141776614034546,
                    0.6269337080646346,
                    0.5852994602816596,
                    -0.15271608329649633
                ],
                [
                    -0.7512804051352241,
                    -6.097458562892883e-06,
                    -0.6599831458625851,
                    -0.7806747022676286
                ],
                [
                    0.0,
                    0.0,
                    0.0,
                    1.0
                ]
            ],
            "size": [
                0.09102,
                0.10007,
                0.11882
            ]
        },
        "distance": 0.01215649145925915
    },
    {
        "case": 1,
        "collider1": {
            "type": "Box",
            "collider2origin": [
                [
                    1.0,
                    0.0,
                    0.0,
                    1.2009999999999998
                ],
                [
                    0.0,
                    1.0,
                    0.0,
                    0.02914
                ],
                [
                    0.0,
                    0.0,
                    1.0,
                    -1.22801
                ],
                [
                    0.0,
                    0.0,
                    0.0,
                    1.0
                ]
            ],
            "size": [
                0.41,
                0.6,
                0.82
            ]
        },
        "collider2": {
            "type": "Box",
            "collider2origin": [
                [
                    -0.49878463450882216,
                    -0.7790729411158681,
                    0.37981474536801696,
                    1.4514333178997834
                ],
                [
                    -0.6198324654908721,
                    0.6269332918082824,
                    0.47197707819971274,
                    -0.3621321694478159
                ],
                [
                    -0.6058230790432197,
                    -6.595604860241216e-06,
                    -0.7955993947050803,
                    -0.5468287151692091
                ],
                [
                    0.0,
                    0.0,
                    0.0,
                    1.0
                ]
            ],
            "size": [
                0.1202,
                0.13634,
                0.67816
            ]
        },
        "distance": 0.06716421750340143
    },
    {
        "case": 2,
        "collider1": {
            "type": "Box",
            "collider2origin": [
                [
                    1.0,
                    0.0,
                    0.0,
                    1.23
                ],
                [
                    0.0,
                    1.0,
                    0.0,
                    -0.23086
                ],
                [
                    0.0,
                    0.0,
                    1.0,
                    -0.54301
                ],
                [
                    0.0,
                    0.0,
                    0.0,
                    1.0
                ]
            ],
            "size": [
                0.1,
                0.16,
                0.1
            ]
        },
        "collider2": {
            "type": "Box",
            "collider2origin": [
                [
                    -0.49878463450882216,
                    -0.7790729411158681,
                    0.37981474536801696,
                    1.4514333178997834
                ],
                [
                    -0.6198324654908721,
                    0.6269332918082824,
                    0.47197707819971274,
                    -0.3621321694478159
                ],
                [
                    -0.6058230790432197,
                    -6.595604860241216e-06,
                    -0.7955993947050803,
                    -0.5468287151692091
                ],
                [
                    0.0,
                    0.0,
                    0.0,
                    1.0
                ]
            ],
            "size": [
                0.1202,
                0.13634,
                0.67816
            ]
        },
        "distance": 0.09753293418452773
    },
    {
        "case": 3,
        "collider1": {
            "type": "Box",
            "collider2origin": [
                [
                    1.0,
                    0.0,
                    0.0,
                    1.28
                ],
                [
                    0.0,
                    1.0,
                    0.0,
                    -0.23086
                ],
                [
                    0.0,
                    0.0,
                    1.0,
                    -0.67301
                ],
                [
                    0.0,
                    0.0,
                    0.0,
                    1.0
                ]
            ],
            "size": [
                0.06,
                0.06,
                0.33
            ]
        },
        "collider2": {
            "type": "Box",
            "collider2origin": [
                [
                    -0.49878463450882216,
                    -0.7790729411158681,
                    0.37981474536801696,
                    1.4514333178997834
                ],
                [
                    -0.6198324654908721,
                    0.6269332918082824,
                    0.47197707819971274,
                    -0.3621321694478159
                ],
                [
                    -0.6058230790432197,
                    -6.595604860241216e-06,
                    -0.7955993947050803,
                    -0.5468287151692091
                ],
                [
                    0.0,
                    0.0,
                    0.0,
                    1.0
                ]
            ],
            "size": [
                0.1202,
                0.13634,
                0.67816
            ]
        },
        "distance": 0.10550750947553866
    }
]