[
    {
        "case": 0,
        "collider1": {
            "type": "Cylinder",
            "collider2origin": [
                [
                    1.0,
                    0.0,
                    0.0,
                    0.4849999999999999
                ],
                [
                    0.0,
                    -3.673205103346574e-06,
                    -0.9999999999932537,
                    -0.46086
                ],
                [
                    0.0,
                    0.9999999999932537,
                    -3.673205103346574e-06,
                    -0.70001
                ],
                [
                    0.0,
                    0.0,
                    0.0,
                    1.0
                ]
            ],
            "radius": 0.026,
            "height": 0.272
        },
        "collider2": {
            "type": "Box",
            "collider2origin": [
                [
                    -0.37882871853174865,
                    0.5168603528720448,
                    -0.7676875520969311,
                    0.8599680978512545
                ],
                [
                    0.22872704272423036,
                    0.8560697258990702,
                    0.46349602406678625,
                    -0.7115686621115342
                ],
                [
                    0.8967567908536969,
                    -5.298685553401e-06,
                    -0.44252373724999505,
                    -0.5055331743371129
                ],
                [
                    0.0,
                    0.0,
                    0.0,
                    1.0
                ]
            ],
            "size": [
                0.15068,
                0.17726,
                0.74884
            ]
        },
        "distance": 0.02962758665997706
    },
    {
        "case": 1,
        "collider1": {
            "type": "Cylinder",
            "collider2origin": [
                [
                    1.0,
                    0.0,
                    0.0,
                    0.4849999999999999
                ],
                [
                    0.0,
                    -3.673205103346574e-06,
                    -0.9999999999932537,
                    -0.46086
                ],
                [
                    0.0,
                    0.9999999999932537,
                    -3.673205103346574e-06,
                    -0.70001
                ],
                [
                    0.0,
                    0.0,
                    0.0,
                    1.0
                ]
            ],
            "radius": 0.026,
            "height": 0.272
        },
        "collider2": {
            "type": "Box",
            "collider2origin": [
                [
                    -0.37882871853174865,
                    0.5168603528720448,
                    -0.7676875520969311,
                    0.8599680978512545
                ],
                [
                    0.22872704272423036,
                    0.8560697258990702,
                    0.46349602406678625,
                    -0.7115686621115342
                ],
                [
                    0.8967567908536969,
                    -5.298685553401e-06,
                    -0.44252373724999505,
                    -0.5055331743371129
                ],
                [
                    0.0,
                    0.0,
                    0.0,
                    1.0
                ]
            ],
            "size": [
                0.15068,
                0.17726,
                0.74884
            ]
        },
        "distance": 0.02962758665997706
    },
    {
        "case": 2,
        "collider1": {
            "type": "Cylinder",
            "collider2origin": [
                [
                    1.0,
                    0.0,
                    0.0,
                    0.4849999999999999
                ],
                [
                    0.0,
                    -3.673205103346574e-06,
                    -0.9999999999932537,
                    -0.46086
                ],
                [
                    0.0,
                    0.9999999999932537,
                    -3.673205103346574e-06,
                    -0.70001
                ],
                [
                    0.0,
                    0.0,
                    0.0,
                    1.0
                ]
            ],
            "radius": 0.026,
            "height": 0.272
        },
        "collider2": {
            "type": "Box",
            "collider2origin": [
                [
                    0.7667795574325008,
                    0.5168645709789181,
                    0.38065749115234426,
                    0.6617685348797175
                ],
                [
                    -0.4629559069451985,
                    0.8560671791784988,
                    -0.22982778978599738,
                    -0.7394841181691278
                ],
                [
                    -0.44465822665072435,
                    -3.83114120498479e-07,
                    0.8957003190083646,
                    -0.39234660756080264
                ],
                [
                    0.0,
                    0.0,
                    0.0,
                    1.0
                ]
            ],
            "size": [
                0.1202,
                0.13634,
                0.67816
            ]
        },
        "distance": 0.01211356620904474
    },
    {
        "case": 3,
        "collider1": {
            "type": "Box",
            "collider2origin": [
                [
                    1.0,
                    0.0,
                    0.0,
                    -0.26
                ],
                [
                    0.0,
                    1.0,
                    0.0,
                    -0.4608599999999999
                ],
                [
                    0.0,
                    0.0,
                    1.0,
                    -1.143
                ],
                [
                    0.0,
                    0.0,
                    0.0,
                    1.0
                ]
            ],
            "size": [
                1.48,
                0.272,
                0.945
            ]
        },
        "collider2": {
            "type": "Box",
            "collider2origin": [
                [
                    0.7667795574325008,
                    0.5168645709789181,
                    0.38065749115234426,
                    0.6617685348797175
                ],
                [
                    -0.4629559069451985,
                    0.8560671791784988,
                    -0.22982778978599738,
                    -0.7394841181691278
                ],
                [
                    -0.44465822665072435,
                    -3.83114120498479e-07,
                    0.8957003190083646,
                    -0.39234660756080264
                ],
                [
                    0.0,
                    0.0,
                    0.0,
                    1.0
                ]
            ],
            "size": [
                0.1202,
                0.13634,
                0.67816
            ]
        },
        "distance": 0.024744488754725444
    }
]