[
    {
        "case": 0,
        "collider1": {
            "type": "Box",
            "collider2origin": [
                [
                    1.0,
                    0.0,
                    0.0,
                    -0.26
                ],
                [
                    0.0,
                    1.0,
                    0.0,
                    -0.4608599999999999
                ],
                [
                    0.0,
                    0.0,
                    1.0,
                    -1.143
                ],
                [
                    0.0,
                    0.0,
                    0.0,
                    1.0
                ]
            ],
            "size": [
                1.48,
                0.272,
                0.945
            ]
        },
        "collider2": {
            "type": "Box",
            "collider2origin": [
                [
                    -0.7613729958198303,
                    0.4088532950000992,
                    -0.5031402830264126,
                    0.5279968168907261
                ],
                [
                    0.3533459872962259,
                    0.9123719023033743,
                    0.20669814984410778,
                    -0.4042002661880397
                ],
                [
                    0.543560276784454,
                    -0.020408210477245812,
                    -0.8391219997396826,
                    -1.1165862791196166
                ],
                [
                    0.0,
                    0.0,
                    0.0,
                    1.0
                ]
            ],
            "size": [
                0.08993,
                0.0305,
                0.09007
            ]
        },
        "distance": 0.0
    },
    {
        "case": 1,
        "collider1": {
            "type": "Box",
            "collider2origin": [
                [
                    1.0,
                    0.0,
                    0.0,
                    -0.26
                ],
                [
                    0.0,
                    1.0,
                    0.0,
                    -0.4608599999999999
                ],
                [
                    0.0,
                    0.0,
                    1.0,
                    -1.143
                ],
                [
                    0.0,
                    0.0,
                    0.0,
                    1.0
                ]
            ],
            "size": [
                1.48,
                0.272,
                0.945
            ]
        },
        "collider2": {
            "type": "Box",
            "collider2origin": [
                [
                    0.9062916470780229,
                    0.4088547496886907,
                    -0.1071132302453934,
                    0.4983946237853556
                ],
                [
                    -0.4033034197545964,
                    0.9123714008323325,
                    0.07017676650783504,
                    -0.4728186296158784
                ],
                [
                    0.12641915223118827,
                    -0.02040148524606702,
                    0.9917670983395758,
                    -1.1179799182978003
                ],
                [
                    0.0,
                    0.0,
                    0.0,
                    1.0
                ]
            ],
            "size": [
                0.09126,
                0.11887,
                0.10009
            ]
        },
        "distance": 0.0
    },
    {
        "case": 2,
        "collider1": {
            "type": "Box",
            "collider2origin": [
                [
                    1.0,
                    0.0,
                    0.0,
                    -0.26
                ],
                [
                    0.0,
                    1.0,
                    0.0,
                    -0.4608599999999999
                ],
                [
                    0.0,
                    0.0,
                    1.0,
                    -1.143
                ],
                [
                    0.0,
                    0.0,
                    0.0,
                    1.0
                ]
            ],
            "size": [
                1.48,
                0.272,
                0.945
            ]
        },
        "collider2": {
            "type": "Box",
            "collider2origin": [
                [
                    0.8295778352047403,
                    0.5480213237123299,
                    -0.1071132302453934,
                    0.5068317449797652
                ],
                [
                    -0.543509514807165,
                    0.836464361916624,
                    0.07017676650783504,
                    -0.48566378885083084
                ],
                [
                    0.1280547642655163,
                    -3.024113639462399e-08,
                    0.9917670983395758,
                    -1.2264175005834406
                ],
                [
                    0.0,
                    0.0,
                    0.0,
                    1.0
                ]
            ],
            "size": [
                0.09102,
                0.10007,
                0.11882
            ]
        },
        "distance": 0.0
    },
    {
        "case": 3,
        "collider1": {
            "type": "Box",
            "collider2origin": [
                [
                    1.0,
                    0.0,
                    0.0,
                    -0.26
                ],
                [
                    0.0,
                    1.0,
                    0.0,
                    -0.4608599999999999
                ],
                [
                    0.0,
                    0.0,
                    1.0,
                    -1.143
                ],
                [
                    0.0,
                    0.0,
                    0.0,
                    1.0
                ]
            ],
            "size": [
                1.48,
                0.272,
                0.945
            ]
        },
        "collider2": {
            "type": "Box",
            "collider2origin": [
                [
                    -0.402191786894612,
                    0.548019023129006,
                    -0.7334281947425043,
                    0.6601511926882895
                ],
                [
                    0.2635056941665291,
                    0.8364658691537529,
                    0.48050972818734106,
                    -0.7197227042828771
                ],
                [
                    0.8768161242223677,
                    -5.439377016887746e-06,
                    -0.48082583569737436,
                    -1.0886646036098044
                ],
                [
                    0.0,
                    0.0,
                    0.0,
                    1.0
                ]
            ],
            "size": [
                0.1202,
                0.13634,
                0.67816
            ]
        },
        "distance": 0.0
    }
]