[
    {
        "case": 0,
        "collider1": {
            "type": "Box",
            "collider2origin": [
                [
                    1.0,
                    0.0,
                    0.0,
                    1.2009999999999998
                ],
                [
                    0.0,
                    1.0,
                    0.0,
                    0.02914
                ],
                [
                    0.0,
                    0.0,
                    1.0,
                    -1.22801
                ],
                [
                    0.0,
                    0.0,
                    0.0,
                    1.0
                ]
            ],
            "size": [
                0.41,
                0.6,
                0.82
            ]
        },
        "collider2": {
            "type": "Box",
            "collider2origin": [
                [
                    0.3027036262134721,
                    0.9323975209621722,
                    -0.1974977913314724,
                    1.1988092488638502
                ],
                [
                    0.6812136610027203,
                    -0.3565861571938499,
                    -0.6393702061880845,
                    -0.30430379483729886
                ],
                [
                    -0.6665721736920057,
                    0.0590014864331249,
                    -0.7431018516046075,
                    -1.1875129413364576
                ],
                [
                    0.0,
                    0.0,
                    0.0,
                    1.0
                ]
            ],
            "size": [
                0.08993,
                0.0305,
                0.09007
            ]
        },
        "distance": 0.0
    },
    {
        "case": 1,
        "collider1": {
            "type": "Box",
            "collider2origin": [
                [
                    1.0,
                    0.0,
                    0.0,
                    1.2009999999999998
                ],
                [
                    0.0,
                    1.0,
                    0.0,
                    0.02914
                ],
                [
                    0.0,
                    0.0,
                    1.0,
                    -1.22801
                ],
                [
                    0.0,
                    0.0,
                    0.0,
                    1.0
                ]
            ],
            "size": [
                0.41,
                0.6,
                0.82
            ]
        },
        "collider2": {
            "type": "Box",
            "collider2origin": [
                [
                    -0.3613579468546726,
                    0.9323982194209659,
                    -0.007348106258600032,
                    1.129376905825954
                ],
                [
                    -0.9230172038342876,
                    -0.3565832777843032,
                    0.14452545599490604,
                    -0.2776499337258933
                ],
                [
                    0.13213506601545472,
                    0.05900785053884481,
                    0.9894737984928538,
                    -1.1949201406007943
                ],
                [
                    0.0,
                    0.0,
                    0.0,
                    1.0
                ]
            ],
            "size": [
                0.09126,
                0.11887,
                0.10009
            ]
        },
        "distance": 0.0
    },
    {
        "case": 2,
        "collider1": {
            "type": "Box",
            "collider2origin": [
                [
                    1.0,
                    0.0,
                    0.0,
                    1.2009999999999998
                ],
                [
                    0.0,
                    1.0,
                    0.0,
                    0.02914
                ],
                [
                    0.0,
                    0.0,
                    1.0,
                    -1.22801
                ],
                [
                    0.0,
                    0.0,
                    0.0,
                    1.0
                ]
            ],
            "size": [
                0.41,
                0.6,
                0.82
            ]
        },
        "collider2": {
            "type": "Box",
            "collider2origin": [
                [
                    0.05024317561606508,
                    0.9987099822463102,
                    -0.007348106258600032,
                    1.1241991795766009
                ],
                [
                    -0.9881973594418736,
                    0.05077766597208796,
                    0.14452545599490604,
                    -0.2926418962213434
                ],
                [
                    0.14471213527593915,
                    -3.8664897095164283e-08,
                    0.9894737984928538,
                    -1.3032820919833803
                ],
                [
                    0.0,
                    0.0,
                    0.0,
                    1.0
                ]
            ],
            "size": [
                0.09102,
                0.10007,
                0.11882
            ]
        },
        "distance": 0.0
    },
    {
        "case": 3,
        "collider1": {
            "type": "Box",
            "collider2origin": [
                [
                    1.0,
                    0.0,
                    0.0,
                    1.2009999999999998
                ],
                [
                    0.0,
                    1.0,
                    0.0,
                    0.02914
                ],
                [
                    0.0,
                    0.0,
                    1.0,
                    -1.22801
                ],
                [
                    0.0,
                    0.0,
                    0.0,
                    1.0
                ]
            ],
            "size": [
                0.41,
                0.6,
                0.82
            ]
        },
        "collider2": {
            "type": "Box",
            "collider2origin": [
                [
                    -0.045443442312817106,
                    0.9987099260105567,
                    -0.022657829524249593,
                    1.019228625589948
                ],
                [
                    0.8938365498762475,
                    0.050778771544190374,
                    0.44550840448389933,
                    -0.4290006493805425
                ],
                [
                    0.44608420242829533,
                    -6.960690600170334e-06,
                    -0.8949909967678223,
                    -1.044590358742552
                ],
                [
                    0.0,
                    0.0,
                    0.0,
                    1.0
                ]
            ],
            "size": [
                0.1202,
                0.13634,
                0.67816
            ]
        },
        "distance": 0.0
    }
]