[
    {
        "case": 0,
        "collider1": {
            "type": "Box",
            "collider2origin": [
                [
                    1.0,
                    0.0,
                    0.0,
                    1.28
                ],
                [
                    0.0,
                    1.0,
                    0.0,
                    -0.23086
                ],
                [
                    0.0,
                    0.0,
                    1.0,
                    -0.67301
                ],
                [
                    0.0,
                    0.0,
                    0.0,
                    1.0
                ]
            ],
            "size": [
                0.06,
                0.06,
                0.33
            ]
        },
        "collider2": {
            "type": "Box",
            "collider2origin": [
                [
                    0.8556066872628338,
                    0.49169459503635443,
                    -0.1617826378915671,
                    1.3741326062183306
                ],
                [
                    -0.4737896176343534,
                    0.6180358751510802,
                    -0.6273396649727574,
                    -0.2087070991807849
                ],
                [
                    -0.2084720483254573,
                    0.6134069466824398,
                    0.7617554219227549,
                    -0.5381519752354251
                ],
                [
                    0.0,
                    0.0,
                    0.0,
                    1.0
                ]
            ],
            "size": [
                0.09126,
                0.11887,
                0.10009
            ]
        },
        "distance": 0.0
    },
    {
        "case": 1,
        "collider1": {
            "type": "Box",
            "collider2origin": [
                [
                    1.0,
                    0.0,
                    0.0,
                    1.23
                ],
                [
                    0.0,
                    1.0,
                    0.0,
                    -0.23086
                ],
                [
                    0.0,
                    0.0,
                    1.0,
                    -0.54301
                ],
                [
                    0.0,
                    0.0,
                    0.0,
                    1.0
                ]
            ],
            "size": [
                0.1,
                0.16,
                0.1
            ]
        },
        "collider2": {
            "type": "Box",
            "collider2origin": [
                [
                    0.1969096463947109,
                    0.9683198409008482,
                    0.15356847617419914,
                    1.2342208224940387
                ],
                [
                    0.7635458274593779,
                    -0.2497132068485678,
                    0.5955174923499544,
                    -0.28478330942829455
                ],
                [
                    0.6149994801022871,
                    -6.569628389838709e-06,
                    -0.7885275134266122,
                    -0.3946016305785096
                ],
                [
                    0.0,
                    0.0,
                    0.0,
                    1.0
                ]
            ],
            "size": [
                0.1202,
                0.13634,
                0.67816
            ]
        },
        "distance": 0.0
    },
    {
        "case": 2,
        "collider1": {
            "type": "Box",
            "collider2origin": [
                [
                    1.0,
                    0.0,
                    0.0,
                    1.28
                ],
                [
                    0.0,
                    1.0,
                    0.0,
                    -0.23086
                ],
                [
                    0.0,
                    0.0,
                    1.0,
                    -0.67301
                ],
                [
                    0.0,
                    0.0,
                    0.0,
                    1.0
                ]
            ],
            "size": [
                0.06,
                0.06,
                0.33
            ]
        },
        "collider2": {
            "type": "Box",
            "collider2origin": [
                [
                    0.1969096463947109,
                    0.9683198409008482,
                    0.15356847617419914,
                    1.2342208224940387
                ],
                [
                    0.7635458274593779,
                    -0.2497132068485678,
                    0.5955174923499544,
                    -0.28478330942829455
                ],
                [
                    0.6149994801022871,
                    -6.569628389838709e-06,
                    -0.7885275134266122,
                    -0.3946016305785096
                ],
                [
                    0.0,
                    0.0,
                    0.0,
                    1.0
                ]
            ],
            "size": [
                0.1202,
                0.13634,
                0.67816
            ]
        },
        "distance": 0.0
    }
]