[
    {
        "case": 0,
        "collider1": {
            "type": "Box",
            "collider2origin": [
                [
                    0.9999999999999999,
                    0.0,
                    6.177235058912196e-23,
                    0.2860000183661401
                ],
                [
                    0.0,
                    1.0,
                    0.0,
                    -0.10086
                ],
                [
                    6.177235058912196e-23,
                    0.0,
                    0.9999999999999999,
                    -0.626009937555547
                ],
                [
                    0.0,
                    0.0,
                    0.0,
                    1.0
                ]
            ],
            "size": [
                0.04,
                0.234,
                0.044
            ]
        },
        "collider2": {
            "type": "Box",
            "collider2origin": [
                [
                    -0.11322169669814838,
                    0.7790687439949835,
                    -0.6166301480846288,
                    0.484295303435884
                ],
                [
                    0.14070239628013537,
                    0.6269385074401418,
                    0.7662577526979775,
                    -0.28227073010411774
                ],
                [
                    0.9835566496536028,
                    -4.336585506771118e-06,
                    -0.18059988068482705,
                    -0.5037088872102913
                ],
                [
                    0.0,
                    0.0,
                    0.0,
                    1.0
                ]
            ],
            "size": [
                0.1202,
                0.13634,
                0.67816
            ]
        },
        "distance": 0.0
    },
    {
        "case": 1,
        "collider1": {
            "type": "Cylinder",
            "collider2origin": [
                [
                    0.9999999999999999,
                    0.0,
                    6.177235058912196e-23,
                    0.2850002314120429
                ],
                [
                    0.0,
                    1.0,
                    0.0,
                    -0.0028599999999999737
                ],
                [
                    6.177235058912196e-23,
                    0.0,
                    0.9999999999999999,
                    -0.5680099338827331
                ],
                [
                    0.0,
                    0.0,
                    0.0,
                    1.0
                ]
            ],
            "radius": 0.015,
            "height": 0.14
        },
        "collider2": {
            "type": "Box",
            "collider2origin": [
                [
                    -0.11322169669814838,
                    0.7790687439949835,
                    -0.6166301480846288,
                    0.484295303435884
                ],
                [
                    0.14070239628013537,
                    0.6269385074401418,
                    0.7662577526979775,
                    -0.28227073010411774
                ],
                [
                    0.9835566496536028,
                    -4.336585506771118e-06,
                    -0.18059988068482705,
                    -0.5037088872102913
                ],
                [
                    0.0,
                    0.0,
                    0.0,
                    1.0
                ]
            ],
            "size": [
                0.1202,
                0.13634,
                0.67816
            ]
        },
        "distance": 0.0
    },
    {
        "case": 2,
        "collider1": {
            "type": "Box",
            "collider2origin": [
                [
                    0.9999999999999999,
                    0.0,
                    6.177235058912196e-23,
                    0.3420001028494408
                ],
                [
                    0.0,
                    1.0,
                    0.0,
                    -0.0028599999999999737
                ],
                [
                    6.177235058912196e-23,
                    0.0,
                    0.9999999999999999,
                    -0.6330101644495814
                ],
                [
                    0.0,
                    0.0,
                    0.0,
                    1.0
                ]
            ],
            "size": [
                0.03,
                0.09,
                0.06
            ]
        },
        "collider2": {
            "type": "Box",
            "collider2origin": [
                [
                    -0.11322169669814838,
                    0.7790687439949835,
                    -0.6166301480846288,
                    0.484295303435884
                ],
                [
                    0.14070239628013537,
                    0.6269385074401418,
                    0.7662577526979775,
                    -0.28227073010411774
                ],
                [
                    0.9835566496536028,
                    -4.336585506771118e-06,
                    -0.18059988068482705,
                    -0.5037088872102913
                ],
                [
                    0.0,
                    0.0,
                    0.0,
                    1.0
                ]
            ],
            "size": [
                0.1202,
                0.13634,
                0.67816
            ]
        },
        "distance": 0.0
    },
    {
        "case": 3,
        "collider1": {
            "type": "Box",
            "collider2origin": [
                [
                    1.0,
                    0.0,
                    0.0,
                    0.205
                ],
                [
                    0.0,
                    1.0,
                    0.0,
                    -0.17586
                ],
                [
                    0.0,
                    0.0,
                    1.0,
                    -0.10301
                ],
                [
                    0.0,
                    0.0,
                    0.0,
                    1.0
                ]
            ],
            "size": [
                0.05,
                0.05,
                1.2
            ]
        },
        "collider2": {
            "type": "Box",
            "collider2origin": [
                [
                    -0.11322169669814838,
                    0.7790687439949835,
                    -0.6166301480846288,
                    0.484295303435884
                ],
                [
                    0.14070239628013537,
                    0.6269385074401418,
                    0.7662577526979775,
                    -0.28227073010411774
                ],
                [
                    0.9835566496536028,
                    -4.336585506771118e-06,
                    -0.18059988068482705,
                    -0.5037088872102913
                ],
                [
                    0.0,
                    0.0,
                    0.0,
                    1.0
                ]
            ],
            "size": [
                0.1202,
                0.13634,
                0.67816
            ]
        },
        "distance": 0.04755660220360788
    },
    {
        "case": 4,
        "collider1": {
            "type": "Box",
            "collider2origin": [
                [
                    1.0,
                    0.0,
                    0.0,
                    1.23
                ],
                [
                    0.0,
                    1.0,
                    0.0,
                    -0.23086
                ],
                [
                    0.0,
                    0.0,
                    1.0,
                    -0.54301
                ],
                [
                    0.0,
                    0.0,
                    0.0,
                    1.0
                ]
            ],
            "size": [
                0.1,
                0.16,
                0.1
            ]
        },
        "collider2": {
            "type": "Box",
            "collider2origin": [
                [
                    -0.08226167953567197,
                    0.7790687260399792,
                    -0.6215182508876258,
                    0.949551217911826
                ],
                [
                    0.10222951390046192,
                    0.6269385297532588,
                    0.7723323160392147,
                    -0.6589075385699962
                ],
                [
                    0.9913536919624829,
                    -4.1551914461302204e-06,
                    -0.13121683358124714,
                    -0.4121597977876381
                ],
                [
                    0.0,
                    0.0,
                    0.0,
                    1.0
                ]
            ],
            "size": [
                0.15068,
                0.17726,
                0.74884
            ]
        },
        "distance": 0.3091101871422812
    },
    {
        "case": 5,
        "collider1": {
            "type": "Box",
            "collider2origin": [
                [
                    1.0,
                    0.0,
                    0.0,
                    1.23
                ],
                [
                    0.0,
                    1.0,
                    0.0,
                    -0.23086
                ],
                [
                    0.0,
                    0.0,
                    1.0,
                    -0.54301
                ],
                [
                    0.0,
                    0.0,
                    0.0,
                    1.0
                ]
            ],
            "size": [
                0.1,
                0.16,
                0.1
            ]
        },
        "collider2": {
            "type": "Box",
            "collider2origin": [
                [
                    -0.08226167953567197,
                    0.7790687260399792,
                    -0.6215182508876258,
                    0.949551217911826
                ],
                [
                    0.10222951390046192,
                    0.6269385297532588,
                    0.7723323160392147,
                    -0.6589075385699962
                ],
                [
                    0.9913536919624829,
                    -4.1551914461302204e-06,
                    -0.13121683358124714,
                    -0.4121597977876381
                ],
                [
                    0.0,
                    0.0,
                    0.0,
                    1.0
                ]
            ],
            "size": [
                0.15068,
                0.17726,
                0.74884
            ]
        },
        "distance": 0.3091101871422812
    }
]