[
    {
        "case": 0,
        "collider1": {
            "type": "Box",
            "collider2origin": [
                [
                    1.0,
                    0.0,
                    0.0,
                    0.5199999999999999
                ],
                [
                    0.0,
                    1.0,
                    0.0,
                    -0.43085999999999997
                ],
                [
                    0.0,
                    0.0,
                    1.0,
                    -0.80301
                ],
                [
                    0.0,
                    0.0,
                    0.0,
                    1.0
                ]
            ],
            "size": [
                0.2,
                0.08,
                0.04
            ]
        },
        "collider2": {
            "type": "Box",
            "collider2origin": [
                [
                    -0.4420383047726843,
                    0.8589321849259238,
                    -0.25852976388042775,
                    0.7036794210310836
                ],
                [
                    0.7414416694908914,
                    0.5120893492853942,
                    0.43362281892333704,
                    -0.4088562486193462
                ],
                [
                    0.5048429338479951,
                    -6.843956965713839e-06,
                    -0.8632112210211988,
                    -0.9406821540106941
                ],
                [
                    0.0,
                    0.0,
                    0.0,
                    1.0
                ]
            ],
            "size": [
                0.1202,
                0.13634,
                0.67816
            ]
        },
        "distance": 0.023675787068679562
    },
    {
        "case": 1,
        "collider1": {
            "type": "Box",
            "collider2origin": [
                [
                    1.0,
                    0.0,
                    0.0,
                    0.7
                ],
                [
                    0.0,
                    1.0,
                    0.0,
                    -0.15085999999999994
                ],
                [
                    0.0,
                    0.0,
                    1.0,
                    -1.03301
                ],
                [
                    0.0,
                    0.0,
                    0.0,
                    1.0
                ]
            ],
            "size": [
                0.6,
                0.06,
                0.06
            ]
        },
        "collider2": {
            "type": "Box",
            "collider2origin": [
                [
                    -0.7891908200898579,
                    0.6119268509067285,
                    -0.05218600028045918,
                    0.7500004377538347
                ],
                [
                    -0.1268998160084523,
                    -0.07933941499503441,
                    0.9887374241553045,
                    -0.10607435750129823
                ],
                [
                    0.6008945716038033,
                    0.7869248924564659,
                    0.14026734277607605,
                    -1.0384516930779966
                ],
                [
                    0.0,
                    0.0,
                    0.0,
                    1.0
                ]
            ],
            "size": [
                0.06241,
                0.05638,
                0.02858
            ]
        },
        "distance": 0.0
    },
    {
        "case": 2,
        "collider1": {
            "type": "Box",
            "collider2origin": [
                [
                    1.0,
                    0.0,
                    0.0,
                    0.7
                ],
                [
                    0.0,
                    1.0,
                    0.0,
                    -0.15085999999999994
                ],
                [
                    0.0,
                    0.0,
                    1.0,
                    -1.03301
                ],
                [
                    0.0,
                    0.0,
                    0.0,
                    1.0
                ]
            ],
            "size": [
                0.6,
                0.06,
                0.06
            ]
        },
        "collider2": {
            "type": "Box",
            "collider2origin": [
                [
                    -0.7607376136109878,
                    0.6119254855862711,
                    -0.21639196687369314,
                    0.7804892777816235
                ],
                [
                    -0.3312625745404182,
                    -0.07934449584796258,
                    0.940196552688578,
                    -0.11284944920202633
                ],
                [
                    0.5581607205333544,
                    0.786925441874031,
                    0.26306835420674946,
                    -0.9977709302261688
                ],
                [
                    0.0,
                    0.0,
                    0.0,
                    1.0
                ]
            ],
            "size": [
                0.07264,
                0.04753,
                0.03326
            ]
        },
        "distance": 0.0
    }
]