[
    {
        "case": 0,
        "collider1": {
            "type": "Box",
            "collider2origin": [
                [
                    1.0,
                    0.0,
                    0.0,
                    1.23
                ],
                [
                    0.0,
                    1.0,
                    0.0,
                    -0.23086
                ],
                [
                    0.0,
                    0.0,
                    1.0,
                    -0.54301
                ],
                [
                    0.0,
                    0.0,
                    0.0,
                    1.0
                ]
            ],
            "size": [
                0.1,
                0.16,
                0.1
            ]
        },
        "collider2": {
            "type": "Box",
            "collider2origin": [
                [
                    0.20366565533657507,
                    0.9691102942376568,
                    0.13908823975780804,
                    1.1963014119322113
                ],
                [
                    0.8002778124630694,
                    -0.2466277307149889,
                    0.5465621513805168,
                    -0.42408834928184513
                ],
                [
                    0.5639820242841499,
                    -6.706490363755543e-06,
                    -0.8257870647081942,
                    -0.18783229792612355
                ],
                [
                    0.0,
                    0.0,
                    0.0,
                    1.0
                ]
            ],
            "size": [
                0.1202,
                0.13634,
                0.67816
            ]
        },
        "distance": 0.0
    },
    {
        "case": 1,
        "collider1": {
            "type": "Box",
            "collider2origin": [
                [
                    1.0,
                    0.0,
                    0.0,
                    1.23
                ],
                [
                    0.0,
                    1.0,
                    0.0,
                    -0.23086
                ],
                [
                    0.0,
                    0.0,
                    1.0,
                    -0.54301
                ],
                [
                    0.0,
                    0.0,
                    0.0,
                    1.0
                ]
            ],
            "size": [
                0.1,
                0.16,
                0.1
            ]
        },
        "collider2": {
            "type": "Box",
            "collider2origin": [
                [
                    0.2102597604425007,
                    0.9691102568274594,
                    0.1289036200053258,
                    1.3455177010915553
                ],
                [
                    0.8261893813497828,
                    -0.24662787771359346,
                    0.5065429854211307,
                    -0.2909014121676273
                ],
                [
                    0.5226872289271332,
                    -6.804702528457741e-06,
                    -0.8525245220345105,
                    -0.43116070278323293
                ],
                [
                    0.0,
                    0.0,
                    0.0,
                    1.0
                ]
            ],
            "size": [
                0.09102,
                0.10007,
                0.11882
            ]
        },
        "distance": 0.013065915704617872
    },
    {
        "case": 2,
        "collider1": {
            "type": "Box",
            "collider2origin": [
                [
                    1.0,
                    0.0,
                    0.0,
                    1.28
                ],
                [
                    0.0,
                    1.0,
                    0.0,
                    -0.23086
                ],
                [
                    0.0,
                    0.0,
                    1.0,
                    -0.67301
                ],
                [
                    0.0,
                    0.0,
                    0.0,
                    1.0
                ]
            ],
            "size": [
                0.06,
                0.06,
                0.33
            ]
        },
        "collider2": {
            "type": "Box",
            "collider2origin": [
                [
                    -0.9506063032661407,
                    -0.2823676910345871,
                    0.1289036200053258,
                    1.3628553789432643
                ],
                [
                    -0.18167405090038757,
                    0.8428574868565215,
                    0.5065429854211307,
                    -0.2345158991935249
                ],
                [
                    -0.25167875440752807,
                    0.458104511994484,
                    -0.8525245220345105,
                    -0.5233028146352663
                ],
                [
                    0.0,
                    0.0,
                    0.0,
                    1.0
                ]
            ],
            "size": [
                0.09126,
                0.11887,
                0.10009
            ]
        },
        "distance": 0.0
    },
    {
        "case": 3,
        "collider1": {
            "type": "Box",
            "collider2origin": [
                [
                    1.0,
                    0.0,
                    0.0,
                    1.28
                ],
                [
                    0.0,
                    1.0,
                    0.0,
                    -0.23086
                ],
                [
                    0.0,
                    0.0,
                    1.0,
                    -0.67301
                ],
                [
                    0.0,
                    0.0,
                    0.0,
                    1.0
                ]
            ],
            "size": [
                0.06,
                0.06,
                0.33
            ]
        },
        "collider2": {
            "type": "Box",
            "collider2origin": [
                [
                    0.9000935091860288,
                    -0.2823693833375687,
                    -0.3318120041148917,
                    1.3419818344562924
                ],
                [
                    0.06760224848410928,
                    0.8428536651702561,
                    -0.533879794625118,
                    -0.17017010979859193
                ],
                [
                    0.4304202722004071,
                    0.4581105002754537,
                    0.7777359184300933,
                    -0.4915378979472882
                ],
                [
                    0.0,
                    0.0,
                    0.0,
                    1.0
                ]
            ],
            "size": [
                0.08993,
                0.0305,
                0.09007
            ]
        },
        "distance": 0.006614317713497059
    }
]