[
    {
        "case": 0,
        "collider1": {
            "type": "Box",
            "collider2origin": [
                [
                    1.0,
                    0.0,
                    0.0,
                    0.0
                ],
                [
                    0.0,
                    1.0,
                    0.0,
                    -0.37086
                ],
                [
                    0.0,
                    0.0,
                    1.0,
                    0.39699
                ],
                [
                    0.0,
                    0.0,
                    0.0,
                    1.0
                ]
            ],
            "size": [
                0.6,
                1.6,
                0.1
            ]
        },
        "collider2": {
            "type": "Box",
            "collider2origin": [
                [
                    0.2915210160948493,
                    -0.6581870219868327,
                    -0.6941219930697566,
                    0.2690070671165208
                ],
                [
                    -0.2548575595492251,
                    -0.7528544640646956,
                    0.6068424674316003,
                    -0.5734043239742472
                ],
                [
                    -0.9219886775419964,
                    -5.095531963263846e-06,
                    -0.38721683648621963,
                    0.3862710408788903
                ],
                [
                    0.0,
                    0.0,
                    0.0,
                    1.0
                ]
            ],
            "size": [
                0.09102,
                0.10007,
                0.11882
            ]
        },
        "distance": 0.0
    },
    {
        "case": 1,
        "collider1": {
            "type": "Box",
            "collider2origin": [
                [
                    1.0,
                    0.0,
                    0.0,
                    0.0
                ],
                [
                    0.0,
                    1.0,
                    0.0,
                    -0.37086
                ],
                [
                    0.0,
                    0.0,
                    1.0,
                    0.39699
                ],
                [
                    0.0,
                    0.0,
                    0.0,
                    1.0
                ]
            ],
            "size": [
                0.6,
                1.6,
                0.1
            ]
        },
        "collider2": {
            "type": "Box",
            "collider2origin": [
                [
                    0.6159985505591397,
                    -0.37247878388695865,
                    -0.6941219930697566,
                    0.1897695294714884
                ],
                [
                    0.22239233113659249,
                    -0.7630752720231203,
                    0.6068424674316003,
                    -0.5117308770757252
                ],
                [
                    -0.7557032729588187,
                    -0.5281814884875585,
                    -0.38721683648621963,
                    0.34256581027365485
                ],
                [
                    0.0,
                    0.0,
                    0.0,
                    1.0
                ]
            ],
            "size": [
                0.09126,
                0.11887,
                0.10009
            ]
        },
        "distance": 0.0
    },
    {
        "case": 2,
        "collider1": {
            "type": "Box",
            "collider2origin": [
                [
                    1.0,
                    0.0,
                    0.0,
                    0.0
                ],
                [
                    0.0,
                    1.0,
                    0.0,
                    -0.37086
                ],
                [
                    0.0,
                    0.0,
                    1.0,
                    0.39699
                ],
                [
                    0.0,
                    0.0,
                    0.0,
                    1.0
                ]
            ],
            "size": [
                0.6,
                1.6,
                0.1
            ]
        },
        "collider2": {
            "type": "Box",
            "collider2origin": [
                [
                    0.3492543261660421,
                    -0.3724793925085452,
                    -0.859814234477872,
                    0.1584866531280813
                ],
                [
                    0.4120346028650668,
                    -0.7630756720487888,
                    0.49793875604246335,
                    -0.5659686775762105
                ],
                [
                    -0.8415752501684746,
                    -0.5281804813543889,
                    -0.11303308108741952,
                    0.3015945311045143
                ],
                [
                    0.0,
                    0.0,
                    0.0,
                    1.0
                ]
            ],
            "size": [
                0.08993,
                0.0305,
                0.09007
            ]
        },
        "distance": 0.0
    },
    {
        "case": 3,
        "collider1": {
            "type": "Box",
            "collider2origin": [
                [
                    1.0,
                    0.0,
                    0.0,
                    0.0
                ],
                [
                    0.0,
                    1.0,
                    0.0,
                    -0.37086
                ],
                [
                    0.0,
                    0.0,
                    1.0,
                    0.39699
                ],
                [
                    0.0,
                    0.0,
                    0.0,
                    1.0
                ]
            ],
            "size": [
                0.6,
                1.6,
                0.1
            ]
        },
        "collider2": {
            "type": "Box",
            "collider2origin": [
                [
                    -0.6615544608312488,
                    -0.6581857923248423,
                    -0.3593565891089169,
                    0.4493693559016143
                ],
                [
                    0.5783658842531706,
                    -0.7528555391185755,
                    0.31416785505606243,
                    -0.5826367832953243
                ],
                [
                    -0.47732441723247687,
                    -4.454600586969513e-07,
                    0.8787271480462393,
                    0.13061462822909808
                ],
                [
                    0.0,
                    0.0,
                    0.0,
                    1.0
                ]
            ],
            "size": [
                0.1202,
                0.13634,
                0.67816
            ]
        },
        "distance": 0.0
    }
]