[
    {
        "case": 0,
        "collider1": {
            "type": "Box",
            "collider2origin": [
                [
                    1.0,
                    0.0,
                    0.0,
                    -0.06
                ],
                [
                    0.0,
                    1.0,
                    0.0,
                    -0.37086
                ],
                [
                    0.0,
                    0.0,
                    1.0,
                    -0.40301
                ],
                [
                    0.0,
                    0.0,
                    0.0,
                    1.0
                ]
            ],
            "size": [
                0.1,
                1.0,
                1.64
            ]
        },
        "collider2": {
            "type": "Sphere",
            "collider2origin": [
                [
                    1.0,
                    0.0,
                    0.0,
                    -0.08663722053206668
                ],
                [
                    0.0,
                    1.0,
                    0.0,
                    -0.08531175581639172
                ],
                [
                    0.0,
                    0.0,
                    1.0,
                    -0.15590512742241036
                ],
                [
                    0.0,
                    0.0,
                    0.0,
                    1.0
                ]
            ],
            "radius": 0.00487
        },
        "distance": 0.0
    },
    {
        "case": 1,
        "collider1": {
            "type": "Box",
            "collider2origin": [
                [
                    1.0,
                    0.0,
                    0.0,
                    -0.06
                ],
                [
                    0.0,
                    1.0,
                    0.0,
                    -0.37086
                ],
                [
                    0.0,
                    0.0,
                    1.0,
                    -0.40301
                ],
                [
                    0.0,
                    0.0,
                    0.0,
                    1.0
                ]
            ],
            "size": [
                0.1,
                1.0,
                1.64
            ]
        },
        "collider2": {
            "type": "Cylinder",
            "collider2origin": [
                [
                    0.41756794706107336,
                    -0.3096607711639872,
                    0.8542524313043101,
                    -0.01641560050998292
                ],
                [
                    -0.2718123484262384,
                    -0.9396574124422203,
                    -0.20775464973233346,
                    -0.11205763587301187
                ],
                [
                    0.8670380942209015,
                    -0.14544467692052607,
                    -0.47654043807978147,
                    -0.10785002187899284
                ],
                [
                    0.0,
                    0.0,
                    0.0,
                    1.0
                ]
            ],
            "radius": 0.01271,
            "height": 0.05982
        },
        "distance": 0.0
    },
    {
        "case": 2,
        "collider1": {
            "type": "Box",
            "collider2origin": [
                [
                    1.0,
                    0.0,
                    0.0,
                    -0.06
                ],
                [
                    0.0,
                    1.0,
                    0.0,
                    -0.37086
                ],
                [
                    0.0,
                    0.0,
                    1.0,
                    -0.40301
                ],
                [
                    0.0,
                    0.0,
                    0.0,
                    1.0
                ]
            ],
            "size": [
                0.1,
                1.0,
                1.64
            ]
        },
        "collider2": {
            "type": "Cylinder",
            "collider2origin": [
                [
                    0.3767127194231154,
                    -0.39575627788160145,
                    0.8375347727361185,
                    -0.029999314387788578
                ],
                [
                    -0.3065439806870559,
                    -0.9064611778540083,
                    -0.29044607235777464,
                    -0.10996954339657317
                ],
                [
                    0.8741386131097142,
                    -0.1473265134346983,
                    -0.4627921601645826,
                    -0.10227555445189607
                ],
                [
                    0.0,
                    0.0,
                    0.0,
                    1.0
                ]
            ],
            "radius": 0.01169,
            "height": 0.05502
        },
        "distance": 0.0
    },
    {
        "case": 3,
        "collider1": {
            "type": "Box",
            "collider2origin": [
                [
                    1.0,
                    0.0,
                    0.0,
                    -0.06
                ],
                [
                    0.0,
                    1.0,
                    0.0,
                    -0.37086
                ],
                [
                    0.0,
                    0.0,
                    1.0,
                    -0.40301
                ],
                [
                    0.0,
                    0.0,
                    0.0,
                    1.0
                ]
            ],
            "size": [
                0.1,
                1.0,
                1.64
            ]
        },
        "collider2": {
            "type": "Cylinder",
            "collider2origin": [
                [
                    0.10199117636405003,
                    0.8681157777028252,
                    0.48577031243921825,
                    -0.054895302377006905
                ],
                [
                    0.7083376761577285,
                    -0.40623639536042766,
                    0.5772605370368176,
                    -0.11545337858234961
                ],
                [
                    0.6984665607452843,
                    0.2852139330186814,
                    -0.6563516404585796,
                    -0.16534847190985547
                ],
                [
                    0.0,
                    0.0,
                    0.0,
                    1.0
                ]
            ],
            "radius": 0.0076,
            "height": 0.02993
        },
        "distance": 0.0
    },
    {
        "case": 4,
        "collider1": {
            "type": "Box",
            "collider2origin": [
                [
                    1.0,
                    0.0,
                    0.0,
                    -0.06
                ],
                [
                    0.0,
                    1.0,
                    0.0,
                    -0.37086
                ],
                [
                    0.0,
                    0.0,
                    1.0,
                    -0.40301
                ],
                [
                    0.0,
                    0.0,
                    0.0,
                    1.0
                ]
            ],
            "size": [
                0.1,
                1.0,
                1.64
            ]
        },
        "collider2": {
            "type": "Sphere",
            "collider2origin": [
                [
                    1.0,
                    0.0,
                    0.0,
                    -0.0737836436842878
                ],
                [
                    0.0,
                    1.0,
                    0.0,
                    -0.09661263054989089
                ],
                [
                    0.0,
                    0.0,
                    1.0,
                    -0.12476229435805286
                ],
                [
                    0.0,
                    0.0,
                    0.0,
                    1.0
                ]
            ],
            "radius": 0.00563
        },
        "distance": 0.0
    },
    {
        "case": 5,
        "collider1": {
            "type": "Box",
            "collider2origin": [
                [
                    1.0,
                    0.0,
                    0.0,
                    -0.06
                ],
                [
                    0.0,
                    1.0,
                    0.0,
                    -0.37086
                ],
                [
                    0.0,
                    0.0,
                    1.0,
                    -0.40301
                ],
                [
                    0.0,
                    0.0,
                    0.0,
                    1.0
                ]
            ],
            "size": [
                0.1,
                1.0,
                1.64
            ]
        },
        "collider2": {
            "type": "Cylinder",
            "collider2origin": [
                [
                    0.25295477660727683,
                    0.5418976398266596,
                    0.8014741598715822,
                    -0.07406772397893291
                ],
                [
                    0.5926198681123983,
                    -0.7415989834558702,
                    0.3143765889115526,
                    -0.07895703170612511
                ],
                [
                    0.7647323537748394,
                    0.3954464510999127,
                    -0.508730313036758,
                    -0.1645403482003145
                ],
                [
                    0.0,
                    0.0,
                    0.0,
                    1.0
                ]
            ],
            "radius": 0.0076,
            "height": 0.02993
        },
        "distance": 0.0
    },
    {
        "case": 6,
        "collider1": {
            "type": "Box",
            "collider2origin": [
                [
                    1.0,
                    0.0,
                    0.0,
                    -0.06
                ],
                [
                    0.0,
                    1.0,
                    0.0,
                    -0.37086
                ],
                [
                    0.0,
                    0.0,
                    1.0,
                    -0.40301
                ],
                [
                    0.0,
                    0.0,
                    0.0,
                    1.0
                ]
            ],
            "size": [
                0.1,
                1.0,
                1.64
            ]
        },
        "collider2": {
            "type": "Sphere",
            "collider2origin": [
                [
                    1.0,
                    0.0,
                    0.0,
                    -0.07067267427413171
                ],
                [
                    0.0,
                    1.0,
                    0.0,
                    -0.08353161767601325
                ],
                [
                    0.0,
                    0.0,
                    1.0,
                    -0.11209958614554072
                ],
                [
                    0.0,
                    0.0,
                    0.0,
                    1.0
                ]
            ],
            "radius": 0.00663
        },
        "distance": 0.0
    },
    {
        "case": 7,
        "collider1": {
            "type": "Box",
            "collider2origin": [
                [
                    1.0,
                    0.0,
                    0.0,
                    -0.06
                ],
                [
                    0.0,
                    1.0,
                    0.0,
                    -0.37086
                ],
                [
                    0.0,
                    0.0,
                    1.0,
                    -0.40301
                ],
                [
                    0.0,
                    0.0,
                    0.0,
                    1.0
                ]
            ],
            "size": [
                0.1,
                1.0,
                1.64
            ]
        },
        "collider2": {
            "type": "Cylinder",
            "collider2origin": [
                [
                    0.2524860213204896,
                    0.04599199405572209,
                    0.9665068781547945,
                    -0.04131476370693887
                ],
                [
                    0.5983749441259966,
                    -0.7923881573298642,
                    -0.11861043109942897,
                    -0.07533733655863839
                ],
                [
                    0.7603934739856459,
                    0.6082809750486697,
                    -0.22758739005902742,
                    -0.17826434180496364
                ],
                [
                    0.0,
                    0.0,
                    0.0,
                    1.0
                ]
            ],
            "radius": 0.00783,
            "height": 0.03683
        },
        "distance": 0.0
    },
    {
        "case": 8,
        "collider1": {
            "type": "Box",
            "collider2origin": [
                [
                    1.0,
                    0.0,
                    0.0,
                    -0.06
                ],
                [
                    0.0,
                    1.0,
                    0.0,
                    -0.37086
                ],
                [
                    0.0,
                    0.0,
                    1.0,
                    -0.40301
                ],
                [
                    0.0,
                    0.0,
                    0.0,
                    1.0
                ]
            ],
            "size": [
                0.1,
                1.0,
                1.64
            ]
        },
        "collider2": {
            "type": "Sphere",
            "collider2origin": [
                [
                    1.0,
                    0.0,
                    0.0,
                    -0.060869120668743726
                ],
                [
                    0.0,
                    1.0,
                    0.0,
                    -0.12496507959184722
                ],
                [
                    0.0,
                    0.0,
                    1.0,
                    -0.15617504621804157
                ],
                [
                    0.0,
                    0.0,
                    0.0,
                    1.0
                ]
            ],
            "radius": 0.00484
        },
        "distance": 0.0
    },
    {
        "case": 9,
        "collider1": {
            "type": "Box",
            "collider2origin": [
                [
                    1.0,
                    0.0,
                    0.0,
                    -0.06
                ],
                [
                    0.0,
                    1.0,
                    0.0,
                    -0.37086
                ],
                [
                    0.0,
                    0.0,
                    1.0,
                    -0.40301
                ],
                [
                    0.0,
                    0.0,
                    0.0,
                    1.0
                ]
            ],
            "size": [
                0.1,
                1.0,
                1.64
            ]
        },
        "collider2": {
            "type": "Cylinder",
            "collider2origin": [
                [
                    0.362102536782968,
                    0.7020537367506594,
                    0.613190267021399,
                    -0.06244827042755219
                ],
                [
                    0.4703205112674997,
                    -0.7055616297264489,
                    0.53007679003974,
                    -0.08434945942294003
                ],
                [
                    0.8047859153442086,
                    0.09645380952659656,
                    -0.5856759283865012,
                    -0.13702919890001475
                ],
                [
                    0.0,
                    0.0,
                    0.0,
                    1.0
                ]
            ],
            "radius": 0.00813,
            "height": 0.03824
        },
        "distance": 0.0
    },
    {
        "case": 10,
        "collider1": {
            "type": "Box",
            "collider2origin": [
                [
                    1.0,
                    0.0,
                    0.0,
                    -0.06
                ],
                [
                    0.0,
                    1.0,
                    0.0,
                    -0.37086
                ],
                [
                    0.0,
                    0.0,
                    1.0,
                    -0.40301
                ],
                [
                    0.0,
                    0.0,
                    0.0,
                    1.0
                ]
            ],
            "size": [
                0.1,
                1.0,
                1.64
            ]
        },
        "collider2": {
            "type": "Sphere",
            "collider2origin": [
                [
                    1.0,
                    0.0,
                    0.0,
                    -0.04919516282469938
                ],
                [
                    0.0,
                    1.0,
                    0.0,
                    -0.10315466012386088
                ],
                [
                    0.0,
                    0.0,
                    1.0,
                    -0.09229559108691054
                ],
                [
                    0.0,
                    0.0,
                    0.0,
                    1.0
                ]
            ],
            "radius": 0.01051
        },
        "distance": 0.0
    },
    {
        "case": 11,
        "collider1": {
            "type": "Box",
            "collider2origin": [
                [
                    1.0,
                    0.0,
                    0.0,
                    -0.06
                ],
                [
                    0.0,
                    1.0,
                    0.0,
                    -0.37086
                ],
                [
                    0.0,
                    0.0,
                    1.0,
                    -0.40301
                ],
                [
                    0.0,
                    0.0,
                    0.0,
                    1.0
                ]
            ],
            "size": [
                0.1,
                1.0,
                1.64
            ]
        },
        "collider2": {
            "type": "Cylinder",
            "collider2origin": [
                [
                    0.37271137061480447,
                    0.5922618693876084,
                    0.7143613317390077,
                    -0.056533255774862345
                ],
                [
                    0.3526696521355053,
                    -0.8024732699918082,
                    0.4813115076655404,
                    -0.07238841917084304
                ],
                [
                    0.8583183271240659,
                    0.07254329064875052,
                    -0.5079636997904429,
                    -0.12148428494608177
                ],
                [
                    0.0,
                    0.0,
                    0.0,
                    1.0
                ]
            ],
            "radius": 0.00796,
            "height": 0.03037
        },
        "distance": 0.0
    },
    {
        "case": 12,
        "collider1": {
            "type": "Box",
            "collider2origin": [
                [
                    1.0,
                    0.0,
                    0.0,
                    -0.06
                ],
                [
                    0.0,
                    1.0,
                    0.0,
                    -0.37086
                ],
                [
                    0.0,
                    0.0,
                    1.0,
                    -0.40301
                ],
                [
                    0.0,
                    0.0,
                    0.0,
                    1.0
                ]
            ],
            "size": [
                0.1,
                1.0,
                1.64
            ]
        },
        "collider2": {
            "type": "Cylinder",
            "collider2origin": [
                [
                    0.09847086126358977,
                    0.6124297850675184,
                    0.7843680563639494,
                    -0.03842867351179535
                ],
                [
                    0.7129972353642422,
                    -0.5932733513427355,
                    0.373713356664578,
                    -0.10276460097655393
                ],
                [
                    0.6942178561841764,
                    0.5224523795990522,
                    -0.495080881479313,
                    -0.18104303328270221
                ],
                [
                    0.0,
                    0.0,
                    0.0,
                    1.0
                ]
            ],
            "radius": 0.00783,
            "height": 0.03044
        },
        "distance": 0.0
    },
    {
        "case": 13,
        "collider1": {
            "type": "Box",
            "collider2origin": [
                [
                    1.0,
                    0.0,
                    0.0,
                    -0.06
                ],
                [
                    0.0,
                    1.0,
                    0.0,
                    -0.37086
                ],
                [
                    0.0,
                    0.0,
                    1.0,
                    -0.40301
                ],
                [
                    0.0,
                    0.0,
                    0.0,
                    1.0
                ]
            ],
            "size": [
                0.1,
                1.0,
                1.64
            ]
        },
        "collider2": {
            "type": "Cylinder",
            "collider2origin": [
                [
                    0.37271137061480447,
                    0.16004807868663132,
                    0.9140409436798502,
                    -0.03441471182591216
                ],
                [
                    0.3526696521355053,
                    -0.9355340030478595,
                    0.0200061391544816,
                    -0.06392391610257231
                ],
                [
                    0.8583183271240659,
                    0.31489798610020453,
                    -0.40512826076809266,
                    -0.1345628093806499
                ],
                [
                    0.0,
                    0.0,
                    0.0,
                    1.0
                ]
            ],
            "radius": 0.00713,
            "height": 0.01426
        },
        "distance": 0.0
    },
    {
        "case": 14,
        "collider1": {
            "type": "Box",
            "collider2origin": [
                [
                    1.0,
                    0.0,
                    0.0,
                    0.205
                ],
                [
                    0.0,
                    1.0,
                    0.0,
                    -0.17586
                ],
                [
                    0.0,
                    0.0,
                    1.0,
                    -0.10301
                ],
                [
                    0.0,
                    0.0,
                    0.0,
                    1.0
                ]
            ],
            "size": [
                0.05,
                0.05,
                1.2
            ]
        },
        "collider2": {
            "type": "Box",
            "collider2origin": [
                [
                    -0.8304847216495955,
                    0.5563589191904111,
                    0.027565923599102773,
                    0.1459362101688808
                ],
                [
                    0.5560523956390254,
                    0.830942087623041,
                    -0.01846565245972189,
                    -0.23565420354244193
                ],
                [
                    -0.03317921654733232,
                    -7.344387806856022e-06,
                    -0.9994494181975219,
                    -0.03973036156297516
                ],
                [
                    0.0,
                    0.0,
                    0.0,
                    1.0
                ]
            ],
            "size": [
                0.09102,
                0.10007,
                0.11882
            ]
        },
        "distance": 0.0
    },
    {
        "case": 15,
        "collider1": {
            "type": "Box",
            "collider2origin": [
                [
                    1.0,
                    0.0,
                    0.0,
                    -0.06
                ],
                [
                    0.0,
                    1.0,
                    0.0,
                    -0.37086
                ],
                [
                    0.0,
                    0.0,
                    1.0,
                    -0.40301
                ],
                [
                    0.0,
                    0.0,
                    0.0,
                    1.0
                ]
            ],
            "size": [
                0.1,
                1.0,
                1.64
            ]
        },
        "collider2": {
            "type": "Cylinder",
            "collider2origin": [
                [
                    0.362102536782968,
                    0.3055601340915518,
                    0.8806331570576317,
                    -0.03983462323243825
                ],
                [
                    0.4703205112674997,
                    -0.8755614310255853,
                    0.1104119431108153,
                    -0.07402414444138172
                ],
                [
                    0.8047859153442086,
                    0.37419939197489466,
                    -0.46075421377259473,
                    -0.15323810173353536
                ],
                [
                    0.0,
                    0.0,
                    0.0,
                    1.0
                ]
            ],
            "radius": 0.00683,
            "height": 0.01183
        },
        "distance": 0.0
    },
    {
        "case": 16,
        "collider1": {
            "type": "Box",
            "collider2origin": [
                [
                    1.0,
                    0.0,
                    0.0,
                    -0.06
                ],
                [
                    0.0,
                    1.0,
                    0.0,
                    -0.37086
                ],
                [
                    0.0,
                    0.0,
                    1.0,
                    -0.40301
                ],
                [
                    0.0,
                    0.0,
                    0.0,
                    1.0
                ]
            ],
            "size": [
                0.1,
                1.0,
                1.64
            ]
        },
        "collider2": {
            "type": "Cylinder",
            "collider2origin": [
                [
                    0.362102536782968,
                    0.3055601340915518,
                    0.8806331570576317,
                    -0.025461093370699794
                ],
                [
                    0.4703205112674997,
                    -0.8755614310255853,
                    0.1104119431108153,
                    -0.07222676688333363
                ],
                [
                    0.8047859153442086,
                    0.37419939197489466,
                    -0.46075421377259473,
                    -0.16075567269944813
                ],
                [
                    0.0,
                    0.0,
                    0.0,
                    1.0
                ]
            ],
            "radius": 0.00683,
            "height": 0.01782
        },
        "distance": 0.0
    },
    {
        "case": 17,
        "collider1": {
            "type": "Box",
            "collider2origin": [
                [
                    1.0,
                    0.0,
                    0.0,
                    -0.06
                ],
                [
                    0.0,
                    1.0,
                    0.0,
                    -0.37086
                ],
                [
                    0.0,
                    0.0,
                    1.0,
                    -0.40301
                ],
                [
                    0.0,
                    0.0,
                    0.0,
                    1.0
                ]
            ],
            "size": [
                0.1,
                1.0,
                1.64
            ]
        },
        "collider2": {
            "type": "Box",
            "collider2origin": [
                [
                    0.3391655460028523,
                    -0.6176945720155768,
                    -0.7095210695300602,
                    0.0026342604315757745
                ],
                [
                    0.5142728446056682,
                    0.7532924756516004,
                    -0.40996815416307303,
                    -0.08648024823532863
                ],
                [
                    0.7877119865190461,
                    -0.22584034588438,
                    0.5731543984521464,
                    -0.17188860983511978
                ],
                [
                    0.0,
                    0.0,
                    0.0,
                    1.0
                ]
            ],
            "size": [
                0.07264,
                0.04753,
                0.03326
            ]
        },
        "distance": 0.0
    },
    {
        "case": 18,
        "collider1": {
            "type": "Box",
            "collider2origin": [
                [
                    1.0,
                    0.0,
                    0.0,
                    0.205
                ],
                [
                    0.0,
                    1.0,
                    0.0,
                    -0.17586
                ],
                [
                    0.0,
                    0.0,
                    1.0,
                    -0.10301
                ],
                [
                    0.0,
                    0.0,
                    0.0,
                    1.0
                ]
            ],
            "size": [
                0.05,
                0.05,
                1.2
            ]
        },
        "collider2": {
            "type": "Box",
            "collider2origin": [
                [
                    -0.644774041301973,
                    -0.7638760079484431,
                    0.027565923599102773,
                    0.14931677534013077
                ],
                [
                    -0.764364461761538,
                    0.6445199680965913,
                    -0.01846565245972189,
                    -0.23290077223641148
                ],
                [
                    -0.003661319313551084,
                    -0.032976585716520464,
                    -0.9994494181975219,
                    -0.14909821839894222
                ],
                [
                    0.0,
                    0.0,
                    0.0,
                    1.0
                ]
            ],
            "size": [
                0.09126,
                0.11887,
                0.10009
            ]
        },
        "distance": 0.0
    },
    {
        "case": 19,
        "collider1": {
            "type": "Box",
            "collider2origin": [
                [
                    1.0,
                    0.0,
                    0.0,
                    -0.06
                ],
                [
                    0.0,
                    1.0,
                    0.0,
                    -0.37086
                ],
                [
                    0.0,
                    0.0,
                    1.0,
                    -0.40301
                ],
                [
                    0.0,
                    0.0,
                    0.0,
                    1.0
                ]
            ],
            "size": [
                0.1,
                1.0,
                1.64
            ]
        },
        "collider2": {
            "type": "Cylinder",
            "collider2origin": [
                [
                    0.38692015363274984,
                    0.177372035733473,
                    0.904893339379052,
                    -0.02021231524516076
                ],
                [
                    0.3761776664729683,
                    -0.9263157855991715,
                    0.020722659017154577,
                    -0.0635501822090333
                ],
                [
                    0.841892604766048,
                    0.3323826504039471,
                    -0.42513364457625064,
                    -0.14072514772555822
                ],
                [
                    0.0,
                    0.0,
                    0.0,
                    1.0
                ]
            ],
            "radius": 0.00713,
            "height": 0.01697
        },
        "distance": 0.0
    }
]