[
    {
        "case": 0,
        "collider1": {
            "type": "Box",
            "collider2origin": [
                [
                    1.0,
                    0.0,
                    0.0,
                    -0.08500000000000019
                ],
                [
                    0.0,
                    1.0,
                    0.0,
                    -0.03585999999999995
                ],
                [
                    0.0,
                    0.0,
                    1.0,
                    -0.81301
                ],
                [
                    0.0,
                    0.0,
                    0.0,
                    1.0
                ]
            ],
            "size": [
                1.01,
                0.28,
                0.27
            ]
        },
        "collider2": {
            "type": "Cylinder",
            "collider2origin": [
                [
                    -0.22777896647805138,
                    0.09988865584241687,
                    0.9685757579374913,
                    0.34049866813865426
                ],
                [
                    0.039678520317005674,
                    -0.9929457860093255,
                    0.11173307957706881,
                    0.08385431015469469
                ],
                [
                    0.9729040844069077,
                    0.06388209827735647,
                    0.22220873084565876,
                    -0.7709638610527394
                ],
                [
                    0.0,
                    0.0,
                    0.0,
                    1.0
                ]
            ],
            "radius": 0.01169,
            "height": 0.05502
        },
        "distance": 0.0
    },
    {
        "case": 1,
        "collider1": {
            "type": "Box",
            "collider2origin": [
                [
                    1.0,
                    0.0,
                    0.0,
                    -0.08500000000000019
                ],
                [
                    0.0,
                    1.0,
                    0.0,
                    -0.03585999999999995
                ],
                [
                    0.0,
                    0.0,
                    1.0,
                    -0.81301
                ],
                [
                    0.0,
                    0.0,
                    0.0,
                    1.0
                ]
            ],
            "size": [
                1.01,
                0.28,
                0.27
            ]
        },
        "collider2": {
            "type": "Cylinder",
            "collider2origin": [
                [
                    -0.668248437300698,
                    0.518450949189852,
                    0.5335284803356948,
                    0.36548866981379935
                ],
                [
                    0.37196226467305193,
                    -0.38824221157742556,
                    0.8431560109545346,
                    0.0909466373427743
                ],
                [
                    0.6442733113395811,
                    0.7618901485342948,
                    0.06659806199823094,
                    -0.8251492170734104
                ],
                [
                    0.0,
                    0.0,
                    0.0,
                    1.0
                ]
            ],
            "radius": 0.00683,
            "height": 0.01183
        },
        "distance": 0.0
    },
    {
        "case": 2,
        "collider1": {
            "type": "Box",
            "collider2origin": [
                [
                    1.0,
                    0.0,
                    0.0,
                    -0.08500000000000019
                ],
                [
                    0.0,
                    1.0,
                    0.0,
                    -0.03585999999999995
                ],
                [
                    0.0,
                    0.0,
                    1.0,
                    -0.81301
                ],
                [
                    0.0,
                    0.0,
                    0.0,
                    1.0
                ]
            ],
            "size": [
                1.01,
                0.28,
                0.27
            ]
        },
        "collider2": {
            "type": "Sphere",
            "collider2origin": [
                [
                    1.0,
                    0.0,
                    0.0,
                    0.3186668154277318
                ],
                [
                    0.0,
                    1.0,
                    0.0,
                    0.08134757608863508
                ],
                [
                    0.0,
                    0.0,
                    1.0,
                    -0.7765860840588676
                ],
                [
                    0.0,
                    0.0,
                    0.0,
                    1.0
                ]
            ],
            "radius": 0.01051
        },
        "distance": 0.0
    },
    {
        "case": 3,
        "collider1": {
            "type": "Box",
            "collider2origin": [
                [
                    1.0,
                    0.0,
                    0.0,
                    -0.08500000000000019
                ],
                [
                    0.0,
                    1.0,
                    0.0,
                    -0.03585999999999995
                ],
                [
                    0.0,
                    0.0,
                    1.0,
                    -0.81301
                ],
                [
                    0.0,
                    0.0,
                    0.0,
                    1.0
                ]
            ],
            "size": [
                1.01,
                0.28,
                0.27
            ]
        },
        "collider2": {
            "type": "Sphere",
            "collider2origin": [
                [
                    1.0,
                    0.0,
                    0.0,
                    0.3508454359238249
                ],
                [
                    0.0,
                    1.0,
                    0.0,
                    0.10250963262542845
                ],
                [
                    0.0,
                    0.0,
                    1.0,
                    -0.8950930465771857
                ],
                [
                    0.0,
                    0.0,
                    0.0,
                    1.0
                ]
            ],
            "radius": 0.00487
        },
        "distance": 0.0
    },
    {
        "case": 4,
        "collider1": {
            "type": "Box",
            "collider2origin": [
                [
                    1.0,
                    0.0,
                    0.0,
                    -0.08500000000000019
                ],
                [
                    0.0,
                    1.0,
                    0.0,
                    -0.03585999999999995
                ],
                [
                    0.0,
                    0.0,
                    1.0,
                    -0.81301
                ],
                [
                    0.0,
                    0.0,
                    0.0,
                    1.0
                ]
            ],
            "size": [
                1.01,
                0.28,
                0.27
            ]
        },
        "collider2": {
            "type": "Cylinder",
            "collider2origin": [
                [
                    -0.7624106859207986,
                    -0.045861273384374124,
                    0.6454662575203604,
                    0.36127272476117855
                ],
                [
                    0.40687057140615956,
                    -0.8096137848011337,
                    0.4230624747996544,
                    0.11067987731530704
                ],
                [
                    0.5031761958970257,
                    0.5851685766200598,
                    0.6359178035084808,
                    -0.8852208356186462
                ],
                [
                    0.0,
                    0.0,
                    0.0,
                    1.0
                ]
            ],
            "radius": 0.0076,
            "height": 0.02993
        },
        "distance": 0.0
    },
    {
        "case": 5,
        "collider1": {
            "type": "Box",
            "collider2origin": [
                [
                    1.0,
                    0.0,
                    0.0,
                    -0.08500000000000019
                ],
                [
                    0.0,
                    1.0,
                    0.0,
                    -0.03585999999999995
                ],
                [
                    0.0,
                    0.0,
                    1.0,
                    -0.81301
                ],
                [
                    0.0,
                    0.0,
                    0.0,
                    1.0
                ]
            ],
            "size": [
                1.01,
                0.28,
                0.27
            ]
        },
        "collider2": {
            "type": "Cylinder",
            "collider2origin": [
                [
                    -0.20554655994594823,
                    0.1677202608216503,
                    0.9641683078199075,
                    0.3541368340542972
                ],
                [
                    0.08896048500528446,
                    -0.977924061202064,
                    0.18907819184053531,
                    0.08815960653494792
                ],
                [
                    0.9745956309167461,
                    0.12463725218400536,
                    0.18608845092054846,
                    -0.7670374181923916
                ],
                [
                    0.0,
                    0.0,
                    0.0,
                    1.0
                ]
            ],
            "radius": 0.01271,
            "height": 0.05982
        },
        "distance": 0.0
    },
    {
        "case": 6,
        "collider1": {
            "type": "Box",
            "collider2origin": [
                [
                    1.0,
                    0.0,
                    0.0,
                    -0.08500000000000019
                ],
                [
                    0.0,
                    1.0,
                    0.0,
                    -0.03585999999999995
                ],
                [
                    0.0,
                    0.0,
                    1.0,
                    -0.81301
                ],
                [
                    0.0,
                    0.0,
                    0.0,
                    1.0
                ]
            ],
            "size": [
                1.01,
                0.28,
                0.27
            ]
        },
        "collider2": {
            "type": "Cylinder",
            "collider2origin": [
                [
                    -0.668248437300698,
                    0.518450949189852,
                    0.5335284803356948,
                    0.37419855295117166
                ],
                [
                    0.37196226467305193,
                    -0.38824221157742556,
                    0.8431560109545346,
                    0.10470493700163108
                ],
                [
                    0.6442733113395811,
                    0.7618901485342948,
                    0.06659806199823094,
                    -0.8240583796747035
                ],
                [
                    0.0,
                    0.0,
                    0.0,
                    1.0
                ]
            ],
            "radius": 0.00683,
            "height": 0.01782
        },
        "distance": 0.0
    },
    {
        "case": 7,
        "collider1": {
            "type": "Box",
            "collider2origin": [
                [
                    1.0,
                    0.0,
                    0.0,
                    -0.08500000000000019
                ],
                [
                    0.0,
                    1.0,
                    0.0,
                    -0.03585999999999995
                ],
                [
                    0.0,
                    0.0,
                    1.0,
                    -0.81301
                ],
                [
                    0.0,
                    0.0,
                    0.0,
                    1.0
                ]
            ],
            "size": [
                1.01,
                0.28,
                0.27
            ]
        },
        "collider2": {
            "type": "Sphere",
            "collider2origin": [
                [
                    1.0,
                    0.0,
                    0.0,
                    0.35160720178069427
                ],
                [
                    0.0,
                    1.0,
                    0.0,
                    0.044785725432356926
                ],
                [
                    0.0,
                    0.0,
                    1.0,
                    -0.8128967741804776
                ],
                [
                    0.0,
                    0.0,
                    0.0,
                    1.0
                ]
            ],
            "radius": 0.00563
        },
        "distance": 0.0
    },
    {
        "case": 8,
        "collider1": {
            "type": "Box",
            "collider2origin": [
                [
                    1.0,
                    0.0,
                    0.0,
                    -0.08500000000000019
                ],
                [
                    0.0,
                    1.0,
                    0.0,
                    -0.03585999999999995
                ],
                [
                    0.0,
                    0.0,
                    1.0,
                    -0.81301
                ],
                [
                    0.0,
                    0.0,
                    0.0,
                    1.0
                ]
            ],
            "size": [
                1.01,
                0.28,
                0.27
            ]
        },
        "collider2": {
            "type": "Sphere",
            "collider2origin": [
                [
                    1.0,
                    0.0,
                    0.0,
                    0.3831134855159197
                ],
                [
                    0.0,
                    1.0,
                    0.0,
                    0.044708316229106204
                ],
                [
                    0.0,
                    0.0,
                    1.0,
                    -0.8342652499274011
                ],
                [
                    0.0,
                    0.0,
                    0.0,
                    1.0
                ]
            ],
            "radius": 0.00484
        },
        "distance": 0.0
    },
    {
        "case": 9,
        "collider1": {
            "type": "Box",
            "collider2origin": [
                [
                    1.0,
                    0.0,
                    0.0,
                    -0.08500000000000019
                ],
                [
                    0.0,
                    1.0,
                    0.0,
                    -0.03585999999999995
                ],
                [
                    0.0,
                    0.0,
                    1.0,
                    -0.81301
                ],
                [
                    0.0,
                    0.0,
                    0.0,
                    1.0
                ]
            ],
            "size": [
                1.01,
                0.28,
                0.27
            ]
        },
        "collider2": {
            "type": "Cylinder",
            "collider2origin": [
                [
                    -0.8461129260137776,
                    0.4049588222400005,
                    0.34655629949893374,
                    0.3867895569599711
                ],
                [
                    0.4217404453243589,
                    0.11106835169329539,
                    0.8998882252978676,
                    0.05793140004366637
                ],
                [
                    0.32592623890999417,
                    0.9075638674727668,
                    -0.26476388206826706,
                    -0.8389500394820503
                ],
                [
                    0.0,
                    0.0,
                    0.0,
                    1.0
                ]
            ],
            "radius": 0.0076,
            "height": 0.02993
        },
        "distance": 0.0
    },
    {
        "case": 10,
        "collider1": {
            "type": "Box",
            "collider2origin": [
                [
                    1.0,
                    0.0,
                    0.0,
                    -0.08500000000000019
                ],
                [
                    0.0,
                    1.0,
                    0.0,
                    -0.03585999999999995
                ],
                [
                    0.0,
                    0.0,
                    1.0,
                    -0.81301
                ],
                [
                    0.0,
                    0.0,
                    0.0,
                    1.0
                ]
            ],
            "size": [
                1.01,
                0.28,
                0.27
            ]
        },
        "collider2": {
            "type": "Cylinder",
            "collider2origin": [
                [
                    -0.668248437300698,
                    0.7147908878072007,
                    0.20619896399586518,
                    0.35452019797821044
                ],
                [
                    0.37196226467305193,
                    0.08098781533337801,
                    0.924708087683254,
                    0.06371554911030897
                ],
                [
                    0.6442733113395811,
                    0.6946329681747905,
                    -0.31999521843335516,
                    -0.8208043166985364
                ],
                [
                    0.0,
                    0.0,
                    0.0,
                    1.0
                ]
            ],
            "radius": 0.00813,
            "height": 0.03824
        },
        "distance": 0.0
    },
    {
        "case": 11,
        "collider1": {
            "type": "Box",
            "collider2origin": [
                [
                    1.0,
                    0.0,
                    0.0,
                    0.5199999999999999
                ],
                [
                    0.0,
                    1.0,
                    0.0,
                    -0.43085999999999997
                ],
                [
                    0.0,
                    0.0,
                    1.0,
                    -0.80301
                ],
                [
                    0.0,
                    0.0,
                    0.0,
                    1.0
                ]
            ],
            "size": [
                0.2,
                0.08,
                0.04
            ]
        },
        "collider2": {
            "type": "Box",
            "collider2origin": [
                [
                    -0.023311108465911664,
                    -0.9657733212347446,
                    -0.25833792639351477,
                    0.7536857483756387
                ],
                [
                    0.08680670174030586,
                    -0.259387532429827,
                    0.961864181967982,
                    -0.2687306002974358
                ],
                [
                    -0.9959524028562108,
                    -3.3430493199024864e-06,
                    0.08988220754834599,
                    -0.7129130240590336
                ],
                [
                    0.0,
                    0.0,
                    0.0,
                    1.0
                ]
            ],
            "size": [
                0.1202,
                0.13634,
                0.67816
            ]
        },
        "distance": 0.09264600024915523
    },
    {
        "case": 12,
        "collider1": {
            "type": "Box",
            "collider2origin": [
                [
                    1.0,
                    0.0,
                    0.0,
                    -0.08500000000000019
                ],
                [
                    0.0,
                    1.0,
                    0.0,
                    -0.03585999999999995
                ],
                [
                    0.0,
                    0.0,
                    1.0,
                    -0.81301
                ],
                [
                    0.0,
                    0.0,
                    0.0,
                    1.0
                ]
            ],
            "size": [
                1.01,
                0.28,
                0.27
            ]
        },
        "collider2": {
            "type": "Box",
            "collider2origin": [
                [
                    -0.7744223913046971,
                    -0.5507288323330177,
                    -0.31139639221260246,
                    0.4286638078212749
                ],
                [
                    0.20168820473745075,
                    0.25161149795623633,
                    -0.946579907966571,
                    0.1004122621517749
                ],
                [
                    0.599659760127106,
                    -0.7958576551955312,
                    -0.08377806843662682,
                    -0.7722274294763437
                ],
                [
                    0.0,
                    0.0,
                    0.0,
                    1.0
                ]
            ],
            "size": [
                0.06241,
                0.05638,
                0.02858
            ]
        },
        "distance": 0.0
    },
    {
        "case": 13,
        "collider1": {
            "type": "Box",
            "collider2origin": [
                [
                    1.0,
                    0.0,
                    0.0,
                    -0.08500000000000019
                ],
                [
                    0.0,
                    1.0,
                    0.0,
                    -0.03585999999999995
                ],
                [
                    0.0,
                    0.0,
                    1.0,
                    -0.81301
                ],
                [
                    0.0,
                    0.0,
                    0.0,
                    1.0
                ]
            ],
            "size": [
                1.01,
                0.28,
                0.27
            ]
        },
        "collider2": {
            "type": "Cylinder",
            "collider2origin": [
                [
                    -0.8472797478228057,
                    0.23277689842869126,
                    0.4774221868401604,
                    0.3978081247414359
                ],
                [
                    0.42443628913928666,
                    -0.2436729220276598,
                    0.8720535210250422,
                    0.0813846482856535
                ],
                [
                    0.31932877319620606,
                    0.9415085887172883,
                    0.1076601689604153,
                    -0.8415977764298982
                ],
                [
                    0.0,
                    0.0,
                    0.0,
                    1.0
                ]
            ],
            "radius": 0.00783,
            "height": 0.03044
        },
        "distance": 0.0
    },
    {
        "case": 14,
        "collider1": {
            "type": "Box",
            "collider2origin": [
                [
                    1.0,
                    0.0,
                    0.0,
                    -0.08500000000000019
                ],
                [
                    0.0,
                    1.0,
                    0.0,
                    -0.03585999999999995
                ],
                [
                    0.0,
                    0.0,
                    1.0,
                    -0.81301
                ],
                [
                    0.0,
                    0.0,
                    0.0,
                    1.0
                ]
            ],
            "size": [
                1.01,
                0.28,
                0.27
            ]
        },
        "collider2": {
            "type": "Box",
            "collider2origin": [
                [
                    -0.6919785429524545,
                    -0.5507289035945716,
                    -0.4667583645087882,
                    0.40030441204517375
                ],
                [
                    0.3955564514837802,
                    0.2516165267713145,
                    -0.8833030154737953,
                    0.11599296772986722
                ],
                [
                    0.6039046197728231,
                    -0.7958560159985354,
                    0.043731133257450074,
                    -0.812019162096365
                ],
                [
                    0.0,
                    0.0,
                    0.0,
                    1.0
                ]
            ],
            "size": [
                0.07264,
                0.04753,
                0.03326
            ]
        },
        "distance": 0.0
    },
    {
        "case": 15,
        "collider1": {
            "type": "Box",
            "collider2origin": [
                [
                    1.0,
                    0.0,
                    0.0,
                    0.5199999999999999
                ],
                [
                    0.0,
                    1.0,
                    0.0,
                    -0.43085999999999997
                ],
                [
                    0.0,
                    0.0,
                    1.0,
                    -0.80301
                ],
                [
                    0.0,
                    0.0,
                    0.0,
                    1.0
                ]
            ],
            "size": [
                0.2,
                0.08,
                0.04
            ]
        },
        "collider2": {
            "type": "Box",
            "collider2origin": [
                [
                    0.1549092430704326,
                    -0.9657731365219323,
                    -0.20805137630867687,
                    0.7690085343360862
                ],
                [
                    -0.5767512484764726,
                    -0.2593882201222128,
                    0.77464556323693,
                    -0.812846932872486
                ],
                [
                    -0.8020979514948132,
                    -5.866815623974381e-06,
                    -0.5971924950745819,
                    -0.5517611480896991
                ],
                [
                    0.0,
                    0.0,
                    0.0,
                    1.0
                ]
            ],
            "size": [
                0.15068,
                0.17726,
                0.74884
            ]
        },
        "distance": 0.059600169740483794
    },
    {
        "case": 16,
        "collider1": {
            "type": "Box",
            "collider2origin": [
                [
                    1.0,
                    0.0,
                    0.0,
                    0.5199999999999999
                ],
                [
                    0.0,
                    1.0,
                    0.0,
                    -0.43085999999999997
                ],
                [
                    0.0,
                    0.0,
                    1.0,
                    -0.80301
                ],
                [
                    0.0,
                    0.0,
                    0.0,
                    1.0
                ]
            ],
            "size": [
                0.2,
                0.08,
                0.04
            ]
        },
        "collider2": {
            "type": "Box",
            "collider2origin": [
                [
                    0.1549092430704326,
                    -0.9657731365219323,
                    -0.20805137630867687,
                    0.7690085343360862
                ],
                [
                    -0.5767512484764726,
                    -0.2593882201222128,
                    0.77464556323693,
                    -0.812846932872486
                ],
                [
                    -0.8020979514948132,
                    -5.866815623974381e-06,
                    -0.5971924950745819,
                    -0.5517611480896991
                ],
                [
                    0.0,
                    0.0,
                    0.0,
                    1.0
                ]
            ],
            "size": [
                0.15068,
                0.17726,
                0.74884
            ]
        },
        "distance": 0.059600169740483794
    }
]