[
    {
        "case": 0,
        "collider1": {
            "type": "Cylinder",
            "collider2origin": [
                [
                    1.0,
                    0.0,
                    0.0,
                    0.4849999999999999
                ],
                [
                    0.0,
                    -3.673205103346574e-06,
                    -0.9999999999932537,
                    -0.46086
                ],
                [
                    0.0,
                    0.9999999999932537,
                    -3.673205103346574e-06,
                    -0.70001
                ],
                [
                    0.0,
                    0.0,
                    0.0,
                    1.0
                ]
            ],
            "radius": 0.026,
            "height": 0.272
        },
        "collider2": {
            "type": "Box",
            "collider2origin": [
                [
                    0.23669605296064458,
                    -0.8313838329490297,
                    -0.5027682376839565,
                    0.7040508748299208
                ],
                [
                    -0.35411378870529686,
                    -0.5556985894201509,
                    0.7521984461332227,
                    -0.8713207369864008
                ],
                [
                    -0.9047532277707729,
                    -5.237755912794155e-06,
                    -0.42593614170546007,
                    -0.5003792272898833
                ],
                [
                    0.0,
                    0.0,
                    0.0,
                    1.0
                ]
            ],
            "size": [
                0.15068,
                0.17726,
                0.74884
            ]
        },
        "distance": 0.010058536943391632
    },
    {
        "case": 1,
        "collider1": {
            "type": "Box",
            "collider2origin": [
                [
                    1.0,
                    0.0,
                    0.0,
                    -0.26
                ],
                [
                    0.0,
                    1.0,
                    0.0,
                    -0.4608599999999999
                ],
                [
                    0.0,
                    0.0,
                    1.0,
                    -1.143
                ],
                [
                    0.0,
                    0.0,
                    0.0,
                    1.0
                ]
            ],
            "size": [
                1.48,
                0.272,
                0.945
            ]
        },
        "collider2": {
            "type": "Box",
            "collider2origin": [
                [
                    0.23669605296064458,
                    -0.8313838329490297,
                    -0.5027682376839565,
                    0.7040508748299208
                ],
                [
                    -0.35411378870529686,
                    -0.5556985894201509,
                    0.7521984461332227,
                    -0.8713207369864008
                ],
                [
                    -0.9047532277707729,
                    -5.237755912794155e-06,
                    -0.42593614170546007,
                    -0.5003792272898833
                ],
                [
                    0.0,
                    0.0,
                    0.0,
                    1.0
                ]
            ],
            "size": [
                0.15068,
                0.17726,
                0.74884
            ]
        },
        "distance": 0.017135188927636606
    },
    {
        "case": 2,
        "collider1": {
            "type": "Cylinder",
            "collider2origin": [
                [
                    1.0,
                    0.0,
                    0.0,
                    0.4849999999999999
                ],
                [
                    0.0,
                    -3.673205103346574e-06,
                    -0.9999999999932537,
                    -0.46086
                ],
                [
                    0.0,
                    0.9999999999932537,
                    -3.673205103346574e-06,
                    -0.70001
                ],
                [
                    0.0,
                    0.0,
                    0.0,
                    1.0
                ]
            ],
            "radius": 0.026,
            "height": 0.272
        },
        "collider2": {
            "type": "Box",
            "collider2origin": [
                [
                    0.23669605296064458,
                    -0.8313838329490297,
                    -0.5027682376839565,
                    0.7040508748299208
                ],
                [
                    -0.35411378870529686,
                    -0.5556985894201509,
                    0.7521984461332227,
                    -0.8713207369864008
                ],
                [
                    -0.9047532277707729,
                    -5.237755912794155e-06,
                    -0.42593614170546007,
                    -0.5003792272898833
                ],
                [
                    0.0,
                    0.0,
                    0.0,
                    1.0
                ]
            ],
            "size": [
                0.15068,
                0.17726,
                0.74884
            ]
        },
        "distance": 0.010058536943391632
    },
    {
        "case": 3,
        "collider1": {
            "type": "Box",
            "collider2origin": [
                [
                    1.0,
                    0.0,
                    0.0,
                    -0.26
                ],
                [
                    0.0,
                    1.0,
                    0.0,
                    -0.4608599999999999
                ],
                [
                    0.0,
                    0.0,
                    1.0,
                    -1.143
                ],
                [
                    0.0,
                    0.0,
                    0.0,
                    1.0
                ]
            ],
            "size": [
                1.48,
                0.272,
                0.945
            ]
        },
        "collider2": {
            "type": "Box",
            "collider2origin": [
                [
                    0.23669605296064458,
                    -0.8313838329490297,
                    -0.5027682376839565,
                    0.7040508748299208
                ],
                [
                    -0.35411378870529686,
                    -0.5556985894201509,
                    0.7521984461332227,
                    -0.8713207369864008
                ],
                [
                    -0.9047532277707729,
                    -5.237755912794155e-06,
                    -0.42593614170546007,
                    -0.5003792272898833
                ],
                [
                    0.0,
                    0.0,
                    0.0,
                    1.0
                ]
            ],
            "size": [
                0.15068,
                0.17726,
                0.74884
            ]
        },
        "distance": 0.017135188927636606
    }
]