[
    {
        "case": 0,
        "collider1": {
            "type": "Box",
            "collider2origin": [
                [
                    1.0,
                    0.0,
                    0.0,
                    0.7
                ],
                [
                    0.0,
                    1.0,
                    0.0,
                    -0.15085999999999994
                ],
                [
                    0.0,
                    0.0,
                    1.0,
                    -1.03301
                ],
                [
                    0.0,
                    0.0,
                    0.0,
                    1.0
                ]
            ],
            "size": [
                0.6,
                0.06,
                0.06
            ]
        },
        "collider2": {
            "type": "Box",
            "collider2origin": [
                [
                    0.1303247561516293,
                    -0.9914587126742376,
                    -0.005007893405589144,
                    0.9409297667920444
                ],
                [
                    0.9907275401762307,
                    0.13042093797524756,
                    -0.03806993661685907,
                    -0.2225785002952929
                ],
                [
                    0.038397904504977896,
                    -2.708883957164242e-09,
                    0.9992625285327305,
                    -0.9590562414478327
                ],
                [
                    0.0,
                    0.0,
                    0.0,
                    1.0
                ]
            ],
            "size": [
                0.09102,
                0.10007,
                0.11882
            ]
        },
        "distance": 0.0
    },
    {
        "case": 1,
        "collider1": {
            "type": "Box",
            "collider2origin": [
                [
                    1.0,
                    0.0,
                    0.0,
                    1.2009999999999998
                ],
                [
                    0.0,
                    1.0,
                    0.0,
                    0.02914
                ],
                [
                    0.0,
                    0.0,
                    1.0,
                    -1.22801
                ],
                [
                    0.0,
                    0.0,
                    0.0,
                    1.0
                ]
            ],
            "size": [
                0.41,
                0.6,
                0.82
            ]
        },
        "collider2": {
            "type": "Box",
            "collider2origin": [
                [
                    0.1303247561516293,
                    -0.9914587126742376,
                    -0.005007893405589144,
                    0.9409297667920444
                ],
                [
                    0.9907275401762307,
                    0.13042093797524756,
                    -0.03806993661685907,
                    -0.2225785002952929
                ],
                [
                    0.038397904504977896,
                    -2.708883957164242e-09,
                    0.9992625285327305,
                    -0.9590562414478327
                ],
                [
                    0.0,
                    0.0,
                    0.0,
                    1.0
                ]
            ],
            "size": [
                0.09102,
                0.10007,
                0.11882
            ]
        },
        "distance": 0.0
    },
    {
        "case": 2,
        "collider1": {
            "type": "Box",
            "collider2origin": [
                [
                    1.0,
                    0.0,
                    0.0,
                    0.7
                ],
                [
                    0.0,
                    1.0,
                    0.0,
                    -0.15085999999999994
                ],
                [
                    0.0,
                    0.0,
                    1.0,
                    -1.03301
                ],
                [
                    0.0,
                    0.0,
                    0.0,
                    1.0
                ]
            ],
            "size": [
                0.6,
                0.06,
                0.06
            ]
        },
        "collider2": {
            "type": "Box",
            "collider2origin": [
                [
                    -0.0017154716103259203,
                    -0.9914582152439152,
                    0.13041343712403378,
                    1.0137064339034365
                ],
                [
                    -0.013069146164140436,
                    0.13042471932689625,
                    0.9913720744539057,
                    -0.5262482475373398
                ],
                [
                    -0.9999131235140852,
                    -3.7216225463459265e-06,
                    -0.01318125223395058,
                    -0.9577174358874557
                ],
                [
                    0.0,
                    0.0,
                    0.0,
                    1.0
                ]
            ],
            "size": [
                0.1202,
                0.13634,
                0.67816
            ]
        },
        "distance": 0.0008762422163235364
    },
    {
        "case": 3,
        "collider1": {
            "type": "Box",
            "collider2origin": [
                [
                    1.0,
                    0.0,
                    0.0,
                    1.2009999999999998
                ],
                [
                    0.0,
                    1.0,
                    0.0,
                    0.02914
                ],
                [
                    0.0,
                    0.0,
                    1.0,
                    -1.22801
                ],
                [
                    0.0,
                    0.0,
                    0.0,
                    1.0
                ]
            ],
            "size": [
                0.41,
                0.6,
                0.82
            ]
        },
        "collider2": {
            "type": "Box",
            "collider2origin": [
                [
                    -0.0017154716103259203,
                    -0.9914582152439152,
                    0.13041343712403378,
                    1.0137064339034365
                ],
                [
                    -0.013069146164140436,
                    0.13042471932689625,
                    0.9913720744539057,
                    -0.5262482475373398
                ],
                [
                    -0.9999131235140852,
                    -3.7216225463459265e-06,
                    -0.01318125223395058,
                    -0.9577174358874557
                ],
                [
                    0.0,
                    0.0,
                    0.0,
                    1.0
                ]
            ],
            "size": [
                0.1202,
                0.13634,
                0.67816
            ]
        },
        "distance": 0.0
    }
]