[
    {
        "case": 0,
        "collider1": {
            "type": "Cylinder",
            "collider2origin": [
                [
                    1.0,
                    0.0,
                    0.0,
                    0.4849999999999999
                ],
                [
                    0.0,
                    -3.673205103346574e-06,
                    -0.9999999999932537,
                    -0.46086
                ],
                [
                    0.0,
                    0.9999999999932537,
                    -3.673205103346574e-06,
                    -0.70001
                ],
                [
                    0.0,
                    0.0,
                    0.0,
                    1.0
                ]
            ],
            "radius": 0.026,
            "height": 0.272
        },
        "collider2": {
            "type": "Box",
            "collider2origin": [
                [
                    0.23614095471969063,
                    0.4077547902247083,
                    -0.8820280497540182,
                    0.3044139717614174
                ],
                [
                    -0.1054494298721955,
                    0.9130914691537686,
                    0.3938837223067753,
                    -0.6365858593711871
                ],
                [
                    0.9659802623468564,
                    -2.7232562217490407e-06,
                    0.2586158014292281,
                    -0.634828436953511
                ],
                [
                    0.0,
                    0.0,
                    0.0,
                    1.0
                ]
            ],
            "size": [
                0.1202,
                0.13634,
                0.67816
            ]
        },
        "distance": 0.03113671431984508
    },
    {
        "case": 1,
        "collider1": {
            "type": "Box",
            "collider2origin": [
                [
                    1.0,
                    0.0,
                    0.0,
                    -0.26
                ],
                [
                    0.0,
                    1.0,
                    0.0,
                    -0.4608599999999999
                ],
                [
                    0.0,
                    0.0,
                    1.0,
                    -1.143
                ],
                [
                    0.0,
                    0.0,
                    0.0,
                    1.0
                ]
            ],
            "size": [
                1.48,
                0.272,
                0.945
            ]
        },
        "collider2": {
            "type": "Box",
            "collider2origin": [
                [
                    0.23614095471969063,
                    0.4077547902247083,
                    -0.8820280497540182,
                    0.3044139717614174
                ],
                [
                    -0.1054494298721955,
                    0.9130914691537686,
                    0.3938837223067753,
                    -0.6365858593711871
                ],
                [
                    0.9659802623468564,
                    -2.7232562217490407e-06,
                    0.2586158014292281,
                    -0.634828436953511
                ],
                [
                    0.0,
                    0.0,
                    0.0,
                    1.0
                ]
            ],
            "size": [
                0.1202,
                0.13634,
                0.67816
            ]
        },
        "distance": 0.0
    },
    {
        "case": 2,
        "collider1": {
            "type": "Box",
            "collider2origin": [
                [
                    1.0,
                    0.0,
                    0.0,
                    -0.06
                ],
                [
                    0.0,
                    1.0,
                    0.0,
                    -0.37086
                ],
                [
                    0.0,
                    0.0,
                    1.0,
                    -0.40301
                ],
                [
                    0.0,
                    0.0,
                    0.0,
                    1.0
                ]
            ],
            "size": [
                0.1,
                1.0,
                1.64
            ]
        },
        "collider2": {
            "type": "Box",
            "collider2origin": [
                [
                    0.23614095471969063,
                    0.4077547902247083,
                    -0.8820280497540182,
                    0.3044139717614174
                ],
                [
                    -0.1054494298721955,
                    0.9130914691537686,
                    0.3938837223067753,
                    -0.6365858593711871
                ],
                [
                    0.9659802623468564,
                    -2.7232562217490407e-06,
                    0.2586158014292281,
                    -0.634828436953511
                ],
                [
                    0.0,
                    0.0,
                    0.0,
                    1.0
                ]
            ],
            "size": [
                0.1202,
                0.13634,
                0.67816
            ]
        },
        "distance": 0.0
    },
    {
        "case": 3,
        "collider1": {
            "type": "Box",
            "collider2origin": [
                [
                    1.0,
                    0.0,
                    0.0,
                    -0.26
                ],
                [
                    0.0,
                    1.0,
                    0.0,
                    -0.4608599999999999
                ],
                [
                    0.0,
                    0.0,
                    1.0,
                    -1.143
                ],
                [
                    0.0,
                    0.0,
                    0.0,
                    1.0
                ]
            ],
            "size": [
                1.48,
                0.272,
                0.945
            ]
        },
        "collider2": {
            "type": "Cylinder",
            "collider2origin": [
                [
                    0.7436806734213637,
                    -0.14457944662433383,
                    -0.6527142097375751,
                    0.3227524359838131
                ],
                [
                    -0.16315000927780673,
                    0.907566234099942,
                    -0.38691808589713117,
                    -0.5850339543394588
                ],
                [
                    0.6483217800230049,
                    0.39423383205332546,
                    0.6513513300917958,
                    -0.6787801274043974
                ],
                [
                    0.0,
                    0.0,
                    0.0,
                    1.0
                ]
            ],
            "radius": 0.00813,
            "height": 0.03824
        },
        "distance": 0.0
    },
    {
        "case": 4,
        "collider1": {
            "type": "Box",
            "collider2origin": [
                [
                    1.0,
                    0.0,
                    0.0,
                    -0.26
                ],
                [
                    0.0,
                    1.0,
                    0.0,
                    -0.4608599999999999
                ],
                [
                    0.0,
                    0.0,
                    1.0,
                    -1.143
                ],
                [
                    0.0,
                    0.0,
                    0.0,
                    1.0
                ]
            ],
            "size": [
                1.48,
                0.272,
                0.945
            ]
        },
        "collider2": {
            "type": "Sphere",
            "collider2origin": [
                [
                    1.0,
                    0.0,
                    0.0,
                    0.3359501554107879
                ],
                [
                    0.0,
                    1.0,
                    0.0,
                    -0.5753456565490598
                ],
                [
                    0.0,
                    0.0,
                    1.0,
                    -0.691480918240066
                ],
                [
                    0.0,
                    0.0,
                    0.0,
                    1.0
                ]
            ],
            "radius": 0.00563
        },
        "distance": 0.0
    },
    {
        "case": 5,
        "collider1": {
            "type": "Box",
            "collider2origin": [
                [
                    1.0,
                    0.0,
                    0.0,
                    -0.26
                ],
                [
                    0.0,
                    1.0,
                    0.0,
                    -0.4608599999999999
                ],
                [
                    0.0,
                    0.0,
                    1.0,
                    -1.143
                ],
                [
                    0.0,
                    0.0,
                    0.0,
                    1.0
                ]
            ],
            "size": [
                1.48,
                0.272,
                0.945
            ]
        },
        "collider2": {
            "type": "Sphere",
            "collider2origin": [
                [
                    1.0,
                    0.0,
                    0.0,
                    0.344303904010959
                ],
                [
                    0.0,
                    1.0,
                    0.0,
                    -0.540970086156704
                ],
                [
                    0.0,
                    0.0,
                    1.0,
                    -0.665955409373623
                ],
                [
                    0.0,
                    0.0,
                    0.0,
                    1.0
                ]
            ],
            "radius": 0.00663
        },
        "distance": 0.0
    },
    {
        "case": 6,
        "collider1": {
            "type": "Box",
            "collider2origin": [
                [
                    1.0,
                    0.0,
                    0.0,
                    -0.26
                ],
                [
                    0.0,
                    1.0,
                    0.0,
                    -0.4608599999999999
                ],
                [
                    0.0,
                    0.0,
                    1.0,
                    -1.143
                ],
                [
                    0.0,
                    0.0,
                    0.0,
                    1.0
                ]
            ],
            "size": [
                1.48,
                0.272,
                0.945
            ]
        },
        "collider2": {
            "type": "Cylinder",
            "collider2origin": [
                [
                    0.73748048562135,
                    -0.4853881602361444,
                    -0.4695964940566185,
                    0.33625376518857364
                ],
                [
                    -0.035746814318867066,
                    0.6662902717631092,
                    -0.7448351757401723,
                    -0.5569118156224843
                ],
                [
                    0.6744217512756756,
                    0.5660879857905592,
                    0.4740249927481012,
                    -0.6563001969689061
                ],
                [
                    0.0,
                    0.0,
                    0.0,
                    1.0
                ]
            ],
            "radius": 0.00796,
            "height": 0.03037
        },
        "distance": 0.0
    },
    {
        "case": 7,
        "collider1": {
            "type": "Box",
            "collider2origin": [
                [
                    1.0,
                    0.0,
                    0.0,
                    -0.26
                ],
                [
                    0.0,
                    1.0,
                    0.0,
                    -0.4608599999999999
                ],
                [
                    0.0,
                    0.0,
                    1.0,
                    -1.143
                ],
                [
                    0.0,
                    0.0,
                    0.0,
                    1.0
                ]
            ],
            "size": [
                1.48,
                0.272,
                0.945
            ]
        },
        "collider2": {
            "type": "Cylinder",
            "collider2origin": [
                [
                    0.8272591777135946,
                    0.5137261341592694,
                    -0.22743727040746545,
                    0.2594156563681267
                ],
                [
                    -0.39496858211145386,
                    0.8196896310021046,
                    0.41485988956815334,
                    -0.5847582976023351
                ],
                [
                    0.39955233954201014,
                    -0.25336607489836727,
                    0.8810014529256466,
                    -0.6723356713688993
                ],
                [
                    0.0,
                    0.0,
                    0.0,
                    1.0
                ]
            ],
            "radius": 0.00783,
            "height": 0.03044
        },
        "distance": 0.0
    },
    {
        "case": 8,
        "collider1": {
            "type": "Box",
            "collider2origin": [
                [
                    1.0,
                    0.0,
                    0.0,
                    -0.26
                ],
                [
                    0.0,
                    1.0,
                    0.0,
                    -0.4608599999999999
                ],
                [
                    0.0,
                    0.0,
                    1.0,
                    -1.143
                ],
                [
                    0.0,
                    0.0,
                    0.0,
                    1.0
                ]
            ],
            "size": [
                1.48,
                0.272,
                0.945
            ]
        },
        "collider2": {
            "type": "Cylinder",
            "collider2origin": [
                [
                    0.7973382434056686,
                    0.1294129962368651,
                    -0.5894947005764846,
                    0.2826724254352001
                ],
                [
                    -0.28260613960662134,
                    0.9430993656931127,
                    -0.17520661028023482,
                    -0.5776167089544186
                ],
                [
                    0.5332780657962645,
                    0.3062937525223856,
                    0.7885420988801739,
                    -0.6633684828076268
                ],
                [
                    0.0,
                    0.0,
                    0.0,
                    1.0
                ]
            ],
            "radius": 0.00783,
            "height": 0.03683
        },
        "distance": 0.0
    },
    {
        "case": 9,
        "collider1": {
            "type": "Box",
            "collider2origin": [
                [
                    1.0,
                    0.0,
                    0.0,
                    -0.26
                ],
                [
                    0.0,
                    1.0,
                    0.0,
                    -0.4608599999999999
                ],
                [
                    0.0,
                    0.0,
                    1.0,
                    -1.143
                ],
                [
                    0.0,
                    0.0,
                    0.0,
                    1.0
                ]
            ],
            "size": [
                1.48,
                0.272,
                0.945
            ]
        },
        "collider2": {
            "type": "Sphere",
            "collider2origin": [
                [
                    1.0,
                    0.0,
                    0.0,
                    0.27384555868741756
                ],
                [
                    0.0,
                    1.0,
                    0.0,
                    -0.5901233849428781
                ],
                [
                    0.0,
                    0.0,
                    1.0,
                    -0.709455012107712
                ],
                [
                    0.0,
                    0.0,
                    0.0,
                    1.0
                ]
            ],
            "radius": 0.00484
        },
        "distance": 0.0
    },
    {
        "case": 10,
        "collider1": {
            "type": "Box",
            "collider2origin": [
                [
                    1.0,
                    0.0,
                    0.0,
                    -0.26
                ],
                [
                    0.0,
                    1.0,
                    0.0,
                    -0.4608599999999999
                ],
                [
                    0.0,
                    0.0,
                    1.0,
                    -1.143
                ],
                [
                    0.0,
                    0.0,
                    0.0,
                    1.0
                ]
            ],
            "size": [
                1.48,
                0.272,
                0.945
            ]
        },
        "collider2": {
            "type": "Cylinder",
            "collider2origin": [
                [
                    0.8311520963518603,
                    0.3801710851741374,
                    -0.40577843551305975,
                    0.26828553722505644
                ],
                [
                    -0.38955515883153036,
                    0.9188498602655645,
                    0.06294213626572537,
                    -0.590771504448278
                ],
                [
                    0.39677823901727355,
                    0.10575859439057798,
                    0.9118015950605045,
                    -0.6960767909088827
                ],
                [
                    0.0,
                    0.0,
                    0.0,
                    1.0
                ]
            ],
            "radius": 0.0076,
            "height": 0.02993
        },
        "distance": 0.0
    },
    {
        "case": 11,
        "collider1": {
            "type": "Cylinder",
            "collider2origin": [
                [
                    1.0,
                    0.0,
                    0.0,
                    0.4849999999999999
                ],
                [
                    0.0,
                    -3.673205103346574e-06,
                    -0.9999999999932537,
                    -0.46086
                ],
                [
                    0.0,
                    0.9999999999932537,
                    -3.673205103346574e-06,
                    -0.70001
                ],
                [
                    0.0,
                    0.0,
                    0.0,
                    1.0
                ]
            ],
            "radius": 0.026,
            "height": 0.272
        },
        "collider2": {
            "type": "Box",
            "collider2origin": [
                [
                    -0.4991796946302701,
                    0.40775522170097767,
                    -0.7645621699014518,
                    0.8418741894224409
                ],
                [
                    0.2229217269487799,
                    0.9130912764577859,
                    0.34142381948373857,
                    -0.7382334047028705
                ],
                [
                    0.8373323928542378,
                    -5.681324745024079e-06,
                    -0.5466941227457257,
                    -0.5367752879495835
                ],
                [
                    0.0,
                    0.0,
                    0.0,
                    1.0
                ]
            ],
            "size": [
                0.15068,
                0.17726,
                0.74884
            ]
        },
        "distance": 0.011502818580776352
    },
    {
        "case": 12,
        "collider1": {
            "type": "Cylinder",
            "collider2origin": [
                [
                    1.0,
                    0.0,
                    0.0,
                    0.4849999999999999
                ],
                [
                    0.0,
                    -3.673205103346574e-06,
                    -0.9999999999932537,
                    -0.46086
                ],
                [
                    0.0,
                    0.9999999999932537,
                    -3.673205103346574e-06,
                    -0.70001
                ],
                [
                    0.0,
                    0.0,
                    0.0,
                    1.0
                ]
            ],
            "radius": 0.026,
            "height": 0.272
        },
        "collider2": {
            "type": "Box",
            "collider2origin": [
                [
                    -0.4991796946302701,
                    0.40775522170097767,
                    -0.7645621699014518,
                    0.8418741894224409
                ],
                [
                    0.2229217269487799,
                    0.9130912764577859,
                    0.34142381948373857,
                    -0.7382334047028705
                ],
                [
                    0.8373323928542378,
                    -5.681324745024079e-06,
                    -0.5466941227457257,
                    -0.5367752879495835
                ],
                [
                    0.0,
                    0.0,
                    0.0,
                    1.0
                ]
            ],
            "size": [
                0.15068,
                0.17726,
                0.74884
            ]
        },
        "distance": 0.011502818580776352
    },
    {
        "case": 13,
        "collider1": {
            "type": "Box",
            "collider2origin": [
                [
                    1.0,
                    0.0,
                    0.0,
                    -0.26
                ],
                [
                    0.0,
                    1.0,
                    0.0,
                    -0.4608599999999999
                ],
                [
                    0.0,
                    0.0,
                    1.0,
                    -1.143
                ],
                [
                    0.0,
                    0.0,
                    0.0,
                    1.0
                ]
            ],
            "size": [
                1.48,
                0.272,
                0.945
            ]
        },
        "collider2": {
            "type": "Sphere",
            "collider2origin": [
                [
                    1.0,
                    0.0,
                    0.0,
                    0.31298358574990526
                ],
                [
                    0.0,
                    1.0,
                    0.0,
                    -0.5508269148969898
                ],
                [
                    0.0,
                    0.0,
                    1.0,
                    -0.6952603171032078
                ],
                [
                    0.0,
                    0.0,
                    0.0,
                    1.0
                ]
            ],
            "radius": 0.00487
        },
        "distance": 0.0
    },
    {
        "case": 14,
        "collider1": {
            "type": "Box",
            "collider2origin": [
                [
                    1.0,
                    0.0,
                    0.0,
                    -0.26
                ],
                [
                    0.0,
                    1.0,
                    0.0,
                    -0.4608599999999999
                ],
                [
                    0.0,
                    0.0,
                    1.0,
                    -1.143
                ],
                [
                    0.0,
                    0.0,
                    0.0,
                    1.0
                ]
            ],
            "size": [
                1.48,
                0.272,
                0.945
            ]
        },
        "collider2": {
            "type": "Cylinder",
            "collider2origin": [
                [
                    0.7981645877297121,
                    -0.20211701908014354,
                    -0.567522688086049,
                    0.30417820172859944
                ],
                [
                    -0.275814545128374,
                    0.7149135365235048,
                    -0.6425145694776756,
                    -0.5624409898763572
                ],
                [
                    0.5355927814953128,
                    0.6693633885219682,
                    0.5148718544613813,
                    -0.6874808393179728
                ],
                [
                    0.0,
                    0.0,
                    0.0,
                    1.0
                ]
            ],
            "radius": 0.0076,
            "height": 0.02993
        },
        "distance": 0.0
    }
]