[
    {
        "case": 0,
        "collider1": {
            "type": "Cylinder",
            "collider2origin": [
                [
                    1.0,
                    0.0,
                    0.0,
                    0.4849999999999999
                ],
                [
                    0.0,
                    -3.673205103346574e-06,
                    -0.9999999999932537,
                    -0.46086
                ],
                [
                    0.0,
                    0.9999999999932537,
                    -3.673205103346574e-06,
                    -0.70001
                ],
                [
                    0.0,
                    0.0,
                    0.0,
                    1.0
                ]
            ],
            "radius": 0.026,
            "height": 0.272
        },
        "collider2": {
            "type": "Box",
            "collider2origin": [
                [
                    -0.4496297676231928,
                    0.28594657402287754,
                    -0.8462077929632252,
                    0.7961174882110216
                ],
                [
                    0.13417735757784544,
                    0.9582455618344673,
                    0.2525111481459245,
                    -0.7570144263758364
                ],
                [
                    0.8830795597116607,
                    -5.396758468470242e-06,
                    -0.4692232850044148,
                    -0.5135408850339747
                ],
                [
                    0.0,
                    0.0,
                    0.0,
                    1.0
                ]
            ],
            "size": [
                0.15068,
                0.17726,
                0.74884
            ]
        },
        "distance": 0.0
    },
    {
        "case": 1,
        "collider1": {
            "type": "Box",
            "collider2origin": [
                [
                    1.0,
                    0.0,
                    0.0,
                    -0.26
                ],
                [
                    0.0,
                    1.0,
                    0.0,
                    -0.4608599999999999
                ],
                [
                    0.0,
                    0.0,
                    1.0,
                    -1.143
                ],
                [
                    0.0,
                    0.0,
                    0.0,
                    1.0
                ]
            ],
            "size": [
                1.48,
                0.272,
                0.945
            ]
        },
        "collider2": {
            "type": "Box",
            "collider2origin": [
                [
                    -0.4496297676231928,
                    0.28594657402287754,
                    -0.8462077929632252,
                    0.7961174882110216
                ],
                [
                    0.13417735757784544,
                    0.9582455618344673,
                    0.2525111481459245,
                    -0.7570144263758364
                ],
                [
                    0.8830795597116607,
                    -5.396758468470242e-06,
                    -0.4692232850044148,
                    -0.5135408850339747
                ],
                [
                    0.0,
                    0.0,
                    0.0,
                    1.0
                ]
            ],
            "size": [
                0.15068,
                0.17726,
                0.74884
            ]
        },
        "distance": 0.0071707316366854375
    },
    {
        "case": 2,
        "collider1": {
            "type": "Cylinder",
            "collider2origin": [
                [
                    1.0,
                    0.0,
                    0.0,
                    0.4849999999999999
                ],
                [
                    0.0,
                    -3.673205103346574e-06,
                    -0.9999999999932537,
                    -0.46086
                ],
                [
                    0.0,
                    0.9999999999932537,
                    -3.673205103346574e-06,
                    -0.70001
                ],
                [
                    0.0,
                    0.0,
                    0.0,
                    1.0
                ]
            ],
            "radius": 0.026,
            "height": 0.272
        },
        "collider2": {
            "type": "Box",
            "collider2origin": [
                [
                    -0.4496297676231928,
                    0.28594657402287754,
                    -0.8462077929632252,
                    0.7961174882110216
                ],
                [
                    0.13417735757784544,
                    0.9582455618344673,
                    0.2525111481459245,
                    -0.7570144263758364
                ],
                [
                    0.8830795597116607,
                    -5.396758468470242e-06,
                    -0.4692232850044148,
                    -0.5135408850339747
                ],
                [
                    0.0,
                    0.0,
                    0.0,
                    1.0
                ]
            ],
            "size": [
                0.15068,
                0.17726,
                0.74884
            ]
        },
        "distance": 0.0
    },
    {
        "case": 3,
        "collider1": {
            "type": "Box",
            "collider2origin": [
                [
                    1.0,
                    0.0,
                    0.0,
                    -0.26
                ],
                [
                    0.0,
                    1.0,
                    0.0,
                    -0.4608599999999999
                ],
                [
                    0.0,
                    0.0,
                    1.0,
                    -1.143
                ],
                [
                    0.0,
                    0.0,
                    0.0,
                    1.0
                ]
            ],
            "size": [
                1.48,
                0.272,
                0.945
            ]
        },
        "collider2": {
            "type": "Box",
            "collider2origin": [
                [
                    -0.4496297676231928,
                    0.28594657402287754,
                    -0.8462077929632252,
                    0.7961174882110216
                ],
                [
                    0.13417735757784544,
                    0.9582455618344673,
                    0.2525111481459245,
                    -0.7570144263758364
                ],
                [
                    0.8830795597116607,
                    -5.396758468470242e-06,
                    -0.4692232850044148,
                    -0.5135408850339747
                ],
                [
                    0.0,
                    0.0,
                    0.0,
                    1.0
                ]
            ],
            "size": [
                0.15068,
                0.17726,
                0.74884
            ]
        },
        "distance": 0.0071707316366854375
    }
]