[
    {
        "case": 0,
        "collider1": {
            "type": "Box",
            "collider2origin": [
                [
                    1.0,
                    0.0,
                    0.0,
                    1.2009999999999998
                ],
                [
                    0.0,
                    1.0,
                    0.0,
                    0.02914
                ],
                [
                    0.0,
                    0.0,
                    1.0,
                    -1.22801
                ],
                [
                    0.0,
                    0.0,
                    0.0,
                    1.0
                ]
            ],
            "size": [
                0.41,
                0.6,
                0.82
            ]
        },
        "collider2": {
            "type": "Box",
            "collider2origin": [
                [
                    -0.577857669770107,
                    0.8125310899391242,
                    -0.07664033774847592,
                    1.09047577571519
                ],
                [
                    -0.16797090668949805,
                    -0.0265087328950968,
                    0.985435467996867,
                    -0.02689572718680877
                ],
                [
                    0.7986653166338011,
                    0.5823147902660853,
                    0.15179985850979966,
                    -0.9439120262828892
                ],
                [
                    0.0,
                    0.0,
                    0.0,
                    1.0
                ]
            ],
            "size": [
                0.09126,
                0.11887,
                0.10009
            ]
        },
        "distance": 0.0
    },
    {
        "case": 1,
        "collider1": {
            "type": "Box",
            "collider2origin": [
                [
                    1.0,
                    0.0,
                    0.0,
                    1.2009999999999998
                ],
                [
                    0.0,
                    1.0,
                    0.0,
                    0.02914
                ],
                [
                    0.0,
                    0.0,
                    1.0,
                    -1.22801
                ],
                [
                    0.0,
                    0.0,
                    0.0,
                    1.0
                ]
            ],
            "size": [
                0.41,
                0.6,
                0.82
            ]
        },
        "collider2": {
            "type": "Cylinder",
            "collider2origin": [
                [
                    -0.28063996659400187,
                    0.07780452069587848,
                    -0.9566544128939153,
                    1.3103785519554294
                ],
                [
                    -0.08909652388326532,
                    0.9902937685350052,
                    0.10667737076182748,
                    -0.05235985730952175
                ],
                [
                    0.955668885431579,
                    0.11517251651336904,
                    -0.2709838977835055,
                    -0.8310994002904616
                ],
                [
                    0.0,
                    0.0,
                    0.0,
                    1.0
                ]
            ],
            "radius": 0.00783,
            "height": 0.03044
        },
        "distance": 0.0
    },
    {
        "case": 2,
        "collider1": {
            "type": "Box",
            "collider2origin": [
                [
                    1.0,
                    0.0,
                    0.0,
                    1.2009999999999998
                ],
                [
                    0.0,
                    1.0,
                    0.0,
                    0.02914
                ],
                [
                    0.0,
                    0.0,
                    1.0,
                    -1.22801
                ],
                [
                    0.0,
                    0.0,
                    0.0,
                    1.0
                ]
            ],
            "size": [
                0.41,
                0.6,
                0.82
            ]
        },
        "collider2": {
            "type": "Box",
            "collider2origin": [
                [
                    -0.026663392192545453,
                    0.8125292325095615,
                    -0.5823103209064813,
                    1.150337303358538
                ],
                [
                    -0.9996099542120599,
                    -0.026512320361844297,
                    0.00877703305192217,
                    -0.025153281997481236
                ],
                [
                    -0.008306801848491566,
                    0.582317218693088,
                    0.8129192173005853,
                    -0.899113510476964
                ],
                [
                    0.0,
                    0.0,
                    0.0,
                    1.0
                ]
            ],
            "size": [
                0.08993,
                0.0305,
                0.09007
            ]
        },
        "distance": 0.0
    },
    {
        "case": 3,
        "collider1": {
            "type": "Box",
            "collider2origin": [
                [
                    1.0,
                    0.0,
                    0.0,
                    1.2009999999999998
                ],
                [
                    0.0,
                    1.0,
                    0.0,
                    0.02914
                ],
                [
                    0.0,
                    0.0,
                    1.0,
                    -1.22801
                ],
                [
                    0.0,
                    0.0,
                    0.0,
                    1.0
                ]
            ],
            "size": [
                0.41,
                0.6,
                0.82
            ]
        },
        "collider2": {
            "type": "Sphere",
            "collider2origin": [
                [
                    1.0,
                    0.0,
                    0.0,
                    1.2863459517688405
                ],
                [
                    0.0,
                    1.0,
                    0.0,
                    0.024936078003213513
                ],
                [
                    0.0,
                    0.0,
                    1.0,
                    -0.8160309876856854
                ],
                [
                    0.0,
                    0.0,
                    0.0,
                    1.0
                ]
            ],
            "radius": 0.00487
        },
        "distance": 0.0
    },
    {
        "case": 4,
        "collider1": {
            "type": "Box",
            "collider2origin": [
                [
                    1.0,
                    0.0,
                    0.0,
                    1.2009999999999998
                ],
                [
                    0.0,
                    1.0,
                    0.0,
                    0.02914
                ],
                [
                    0.0,
                    0.0,
                    1.0,
                    -1.22801
                ],
                [
                    0.0,
                    0.0,
                    0.0,
                    1.0
                ]
            ],
            "size": [
                0.41,
                0.6,
                0.82
            ]
        },
        "collider2": {
            "type": "Cylinder",
            "collider2origin": [
                [
                    -0.43837985774209687,
                    -0.8474959599400512,
                    -0.29928865366282903,
                    1.2883453885785519
                ],
                [
                    -0.04073179933124483,
                    0.35138151600340134,
                    -0.9353458989776938,
                    -0.026529806681280355
                ],
                [
                    0.8978663713767532,
                    -0.3978462367503824,
                    -0.1885586143730923,
                    -0.8169329666690082
                ],
                [
                    0.0,
                    0.0,
                    0.0,
                    1.0
                ]
            ],
            "radius": 0.00783,
            "height": 0.03683
        },
        "distance": 0.0
    },
    {
        "case": 5,
        "collider1": {
            "type": "Box",
            "collider2origin": [
                [
                    1.0,
                    0.0,
                    0.0,
                    1.2009999999999998
                ],
                [
                    0.0,
                    1.0,
                    0.0,
                    0.02914
                ],
                [
                    0.0,
                    0.0,
                    1.0,
                    -1.22801
                ],
                [
                    0.0,
                    0.0,
                    0.0,
                    1.0
                ]
            ],
            "size": [
                0.41,
                0.6,
                0.82
            ]
        },
        "collider2": {
            "type": "Cylinder",
            "collider2origin": [
                [
                    -0.44453260441182413,
                    -0.8764061320453387,
                    0.1852108402015617,
                    1.2903968700324124
                ],
                [
                    -0.03833199765240786,
                    -0.18796225741065486,
                    -0.9814279636045969,
                    0.009011227041354486
                ],
                [
                    0.8949421330850482,
                    -0.44337623019555117,
                    0.049960954021766264,
                    -0.8143189762767161
                ],
                [
                    0.0,
                    0.0,
                    0.0,
                    1.0
                ]
            ],
            "radius": 0.0076,
            "height": 0.02993
        },
        "distance": 0.0
    },
    {
        "case": 6,
        "collider1": {
            "type": "Box",
            "collider2origin": [
                [
                    1.0,
                    0.0,
                    0.0,
                    1.2009999999999998
                ],
                [
                    0.0,
                    1.0,
                    0.0,
                    0.02914
                ],
                [
                    0.0,
                    0.0,
                    1.0,
                    -1.22801
                ],
                [
                    0.0,
                    0.0,
                    0.0,
                    1.0
                ]
            ],
            "size": [
                0.41,
                0.6,
                0.82
            ]
        },
        "collider2": {
            "type": "Box",
            "collider2origin": [
                [
                    0.011773539239347819,
                    0.996989289011461,
                    -0.07664033774847592,
                    1.0931594349532778
                ],
                [
                    -0.15134259422608623,
                    0.07753939377319041,
                    0.985435467996867,
                    -0.134865794280839
                ],
                [
                    0.9884112519324625,
                    -3.115613088402108e-06,
                    0.15179985850979966,
                    -0.962006741653362
                ],
                [
                    0.0,
                    0.0,
                    0.0,
                    1.0
                ]
            ],
            "size": [
                0.09102,
                0.10007,
                0.11882
            ]
        },
        "distance": 0.0
    },
    {
        "case": 7,
        "collider1": {
            "type": "Box",
            "collider2origin": [
                [
                    1.0,
                    0.0,
                    0.0,
                    1.2009999999999998
                ],
                [
                    0.0,
                    1.0,
                    0.0,
                    0.02914
                ],
                [
                    0.0,
                    0.0,
                    1.0,
                    -1.22801
                ],
                [
                    0.0,
                    0.0,
                    0.0,
                    1.0
                ]
            ],
            "size": [
                0.41,
                0.6,
                0.82
            ]
        },
        "collider2": {
            "type": "Sphere",
            "collider2origin": [
                [
                    1.0,
                    0.0,
                    0.0,
                    1.3481159556912057
                ],
                [
                    0.0,
                    1.0,
                    0.0,
                    -0.04406741001182024
                ],
                [
                    0.0,
                    0.0,
                    1.0,
                    -0.820055153955928
                ],
                [
                    0.0,
                    0.0,
                    0.0,
                    1.0
                ]
            ],
            "radius": 0.00484
        },
        "distance": 0.0
    },
    {
        "case": 8,
        "collider1": {
            "type": "Box",
            "collider2origin": [
                [
                    1.0,
                    0.0,
                    0.0,
                    0.7
                ],
                [
                    0.0,
                    1.0,
                    0.0,
                    -0.15085999999999994
                ],
                [
                    0.0,
                    0.0,
                    1.0,
                    -1.03301
                ],
                [
                    0.0,
                    0.0,
                    0.0,
                    1.0
                ]
            ],
            "size": [
                0.6,
                0.06,
                0.06
            ]
        },
        "collider2": {
            "type": "Box",
            "collider2origin": [
                [
                    -0.07007007722877023,
                    0.9969894485776329,
                    -0.03319975454760294,
                    0.9916319756113623
                ],
                [
                    0.9010125910247423,
                    0.07753734181649266,
                    0.42680706582589856,
                    -0.27076711010983634
                ],
                [
                    0.4280963619233813,
                    -6.992802115663547e-06,
                    -0.9037330938164574,
                    -0.6984235091011995
                ],
                [
                    0.0,
                    0.0,
                    0.0,
                    1.0
                ]
            ],
            "size": [
                0.1202,
                0.13634,
                0.67816
            ]
        },
        "distance": 0.0
    },
    {
        "case": 9,
        "collider1": {
            "type": "Box",
            "collider2origin": [
                [
                    1.0,
                    0.0,
                    0.0,
                    1.2009999999999998
                ],
                [
                    0.0,
                    1.0,
                    0.0,
                    0.02914
                ],
                [
                    0.0,
                    0.0,
                    1.0,
                    -1.22801
                ],
                [
                    0.0,
                    0.0,
                    0.0,
                    1.0
                ]
            ],
            "size": [
                0.41,
                0.6,
                0.82
            ]
        },
        "collider2": {
            "type": "Box",
            "collider2origin": [
                [
                    -0.07007007722877023,
                    0.9969894485776329,
                    -0.03319975454760294,
                    0.9916319756113623
                ],
                [
                    0.9010125910247423,
                    0.07753734181649266,
                    0.42680706582589856,
                    -0.27076711010983634
                ],
                [
                    0.4280963619233813,
                    -6.992802115663547e-06,
                    -0.9037330938164574,
                    -0.6984235091011995
                ],
                [
                    0.0,
                    0.0,
                    0.0,
                    1.0
                ]
            ],
            "size": [
                0.1202,
                0.13634,
                0.67816
            ]
        },
        "distance": 0.0
    },
    {
        "case": 10,
        "collider1": {
            "type": "Box",
            "collider2origin": [
                [
                    1.0,
                    0.0,
                    0.0,
                    1.2009999999999998
                ],
                [
                    0.0,
                    1.0,
                    0.0,
                    0.02914
                ],
                [
                    0.0,
                    0.0,
                    1.0,
                    -1.22801
                ],
                [
                    0.0,
                    0.0,
                    0.0,
                    1.0
                ]
            ],
            "size": [
                0.41,
                0.6,
                0.82
            ]
        },
        "collider2": {
            "type": "Box",
            "collider2origin": [
                [
                    -0.48430097379103376,
                    0.8068267853766102,
                    0.338353521015965,
                    1.2179126991051628
                ],
                [
                    0.18444393861126207,
                    -0.2838870406556045,
                    0.9409508922666302,
                    -0.03305512639303998
                ],
                [
                    0.8552385633813651,
                    0.5181106894734442,
                    -0.011327539835761475,
                    -0.850216728651833
                ],
                [
                    0.0,
                    0.0,
                    0.0,
                    1.0
                ]
            ],
            "size": [
                0.06241,
                0.05638,
                0.02858
            ]
        },
        "distance": 0.0
    },
    {
        "case": 11,
        "collider1": {
            "type": "Box",
            "collider2origin": [
                [
                    1.0,
                    0.0,
                    0.0,
                    1.2009999999999998
                ],
                [
                    0.0,
                    1.0,
                    0.0,
                    0.02914
                ],
                [
                    0.0,
                    0.0,
                    1.0,
                    -1.22801
                ],
                [
                    0.0,
                    0.0,
                    0.0,
                    1.0
                ]
            ],
            "size": [
                0.41,
                0.6,
                0.82
            ]
        },
        "collider2": {
            "type": "Cylinder",
            "collider2origin": [
                [
                    -0.27904051605797225,
                    -0.2976486936802539,
                    -0.9129850193450813,
                    1.3350796715753608
                ],
                [
                    -0.08213901212756557,
                    0.9546631478389414,
                    -0.28613188715162613,
                    -0.04950450992605371
                ],
                [
                    0.9567599349287195,
                    -0.00485070187515996,
                    -0.2908382670944628,
                    -0.8233420888463107
                ],
                [
                    0.0,
                    0.0,
                    0.0,
                    1.0
                ]
            ],
            "radius": 0.0076,
            "height": 0.02993
        },
        "distance": 0.0
    },
    {
        "case": 12,
        "collider1": {
            "type": "Box",
            "collider2origin": [
                [
                    1.0,
                    0.0,
                    0.0,
                    1.2009999999999998
                ],
                [
                    0.0,
                    1.0,
                    0.0,
                    0.02914
                ],
                [
                    0.0,
                    0.0,
                    1.0,
                    -1.22801
                ],
                [
                    0.0,
                    0.0,
                    0.0,
                    1.0
                ]
            ],
            "size": [
                0.41,
                0.6,
                0.82
            ]
        },
        "collider2": {
            "type": "Box",
            "collider2origin": [
                [
                    -0.5444505996685508,
                    0.806824141806664,
                    0.22936509917268383,
                    1.2577517865390564
                ],
                [
                    -0.016816820768363803,
                    -0.2838912495295175,
                    0.9587090032850498,
                    -0.04979402887137552
                ],
                [
                    0.8386243134203779,
                    0.5181124999828788,
                    0.16813297803135158,
                    -0.8225933335626092
                ],
                [
                    0.0,
                    0.0,
                    0.0,
                    1.0
                ]
            ],
            "size": [
                0.07264,
                0.04753,
                0.03326
            ]
        },
        "distance": 0.0
    },
    {
        "case": 13,
        "collider1": {
            "type": "Box",
            "collider2origin": [
                [
                    1.0,
                    0.0,
                    0.0,
                    1.23
                ],
                [
                    0.0,
                    1.0,
                    0.0,
                    -0.23086
                ],
                [
                    0.0,
                    0.0,
                    1.0,
                    -0.54301
                ],
                [
                    0.0,
                    0.0,
                    0.0,
                    1.0
                ]
            ],
            "size": [
                0.1,
                0.16,
                0.1
            ]
        },
        "collider2": {
            "type": "Box",
            "collider2origin": [
                [
                    -0.009156013659899338,
                    0.9969892877016152,
                    -0.07699693254984392,
                    1.1509197938004645
                ],
                [
                    0.11777915059623524,
                    0.07753941056879979,
                    0.9900079350659127,
                    -0.6895057880561838
                ],
                [
                    0.9929976027658319,
                    -4.1071373640026525e-06,
                    -0.11813450336139031,
                    -0.40823565376651727
                ],
                [
                    0.0,
                    0.0,
                    0.0,
                    1.0
                ]
            ],
            "size": [
                0.15068,
                0.17726,
                0.74884
            ]
        },
        "distance": 0.005862288826335738
    },
    {
        "case": 14,
        "collider1": {
            "type": "Box",
            "collider2origin": [
                [
                    1.0,
                    0.0,
                    0.0,
                    1.23
                ],
                [
                    0.0,
                    1.0,
                    0.0,
                    -0.23086
                ],
                [
                    0.0,
                    0.0,
                    1.0,
                    -0.54301
                ],
                [
                    0.0,
                    0.0,
                    0.0,
                    1.0
                ]
            ],
            "size": [
                0.1,
                0.16,
                0.1
            ]
        },
        "collider2": {
            "type": "Box",
            "collider2origin": [
                [
                    -0.009156013659899338,
                    0.9969892877016152,
                    -0.07699693254984392,
                    1.1509197938004645
                ],
                [
                    0.11777915059623524,
                    0.07753941056879979,
                    0.9900079350659127,
                    -0.6895057880561838
                ],
                [
                    0.9929976027658319,
                    -4.1071373640026525e-06,
                    -0.11813450336139031,
                    -0.40823565376651727
                ],
                [
                    0.0,
                    0.0,
                    0.0,
                    1.0
                ]
            ],
            "size": [
                0.15068,
                0.17726,
                0.74884
            ]
        },
        "distance": 0.005862288826335738
    }
]