[
    {
        "case": 0,
        "collider1": {
            "type": "Box",
            "collider2origin": [
                [
                    1.0,
                    0.0,
                    0.0,
                    1.2009999999999998
                ],
                [
                    0.0,
                    1.0,
                    0.0,
                    0.02914
                ],
                [
                    0.0,
                    0.0,
                    1.0,
                    -1.22801
                ],
                [
                    0.0,
                    0.0,
                    0.0,
                    1.0
                ]
            ],
            "size": [
                0.41,
                0.6,
                0.82
            ]
        },
        "collider2": {
            "type": "Box",
            "collider2origin": [
                [
                    -0.20729719917430586,
                    0.9452673036578756,
                    0.2519872930325212,
                    1.257972637579981
                ],
                [
                    -0.6005335814013235,
                    -0.32629698839182536,
                    0.7299929403601962,
                    -0.4003861840494044
                ],
                [
                    0.7722611532530872,
                    -1.3395987599812789e-06,
                    0.6353052110398726,
                    -0.6257196003197004
                ],
                [
                    0.0,
                    0.0,
                    0.0,
                    1.0
                ]
            ],
            "size": [
                0.1202,
                0.13634,
                0.67816
            ]
        },
        "distance": 0.1567763671554425
    },
    {
        "case": 1,
        "collider1": {
            "type": "Box",
            "collider2origin": [
                [
                    1.0,
                    0.0,
                    0.0,
                    1.23
                ],
                [
                    0.0,
                    1.0,
                    0.0,
                    -0.23086
                ],
                [
                    0.0,
                    0.0,
                    1.0,
                    -0.54301
                ],
                [
                    0.0,
                    0.0,
                    0.0,
                    1.0
                ]
            ],
            "size": [
                0.1,
                0.16,
                0.1
            ]
        },
        "collider2": {
            "type": "Box",
            "collider2origin": [
                [
                    -0.20729719917430586,
                    0.9452673036578756,
                    0.2519872930325212,
                    1.257972637579981
                ],
                [
                    -0.6005335814013235,
                    -0.32629698839182536,
                    0.7299929403601962,
                    -0.4003861840494044
                ],
                [
                    0.7722611532530872,
                    -1.3395987599812789e-06,
                    0.6353052110398726,
                    -0.6257196003197004
                ],
                [
                    0.0,
                    0.0,
                    0.0,
                    1.0
                ]
            ],
            "size": [
                0.1202,
                0.13634,
                0.67816
            ]
        },
        "distance": 0.0
    },
    {
        "case": 2,
        "collider1": {
            "type": "Box",
            "collider2origin": [
                [
                    1.0,
                    0.0,
                    0.0,
                    1.28
                ],
                [
                    0.0,
                    1.0,
                    0.0,
                    -0.23086
                ],
                [
                    0.0,
                    0.0,
                    1.0,
                    -0.67301
                ],
                [
                    0.0,
                    0.0,
                    0.0,
                    1.0
                ]
            ],
            "size": [
                0.06,
                0.06,
                0.33
            ]
        },
        "collider2": {
            "type": "Box",
            "collider2origin": [
                [
                    -0.20729719917430586,
                    0.9452673036578756,
                    0.2519872930325212,
                    1.257972637579981
                ],
                [
                    -0.6005335814013235,
                    -0.32629698839182536,
                    0.7299929403601962,
                    -0.4003861840494044
                ],
                [
                    0.7722611532530872,
                    -1.3395987599812789e-06,
                    0.6353052110398726,
                    -0.6257196003197004
                ],
                [
                    0.0,
                    0.0,
                    0.0,
                    1.0
                ]
            ],
            "size": [
                0.1202,
                0.13634,
                0.67816
            ]
        },
        "distance": 0.0
    }
]