[
    {
        "case": 0,
        "collider1": {
            "type": "Box",
            "collider2origin": [
                [
                    1.0,
                    0.0,
                    0.0,
                    1.23
                ],
                [
                    0.0,
                    1.0,
                    0.0,
                    -0.23086
                ],
                [
                    0.0,
                    0.0,
                    1.0,
                    -0.54301
                ],
                [
                    0.0,
                    0.0,
                    0.0,
                    1.0
                ]
            ],
            "size": [
                0.1,
                0.16,
                0.1
            ]
        },
        "collider2": {
            "type": "Box",
            "collider2origin": [
                [
                    -0.13190675942909025,
                    -0.87872497630821,
                    0.4587406923623104,
                    1.3644790997138132
                ],
                [
                    -0.24283965940152508,
                    0.4773284152343705,
                    0.8445036908336137,
                    -0.2280389870718782
                ],
                [
                    -0.9610564534087823,
                    -4.6883031149737175e-06,
                    -0.27635211839128787,
                    -0.6368161489703018
                ],
                [
                    0.0,
                    0.0,
                    0.0,
                    1.0
                ]
            ],
            "size": [
                0.1202,
                0.13634,
                0.67816
            ]
        },
        "distance": 0.0
    },
    {
        "case": 1,
        "collider1": {
            "type": "Box",
            "collider2origin": [
                [
                    1.0,
                    0.0,
                    0.0,
                    1.28
                ],
                [
                    0.0,
                    1.0,
                    0.0,
                    -0.23086
                ],
                [
                    0.0,
                    0.0,
                    1.0,
                    -0.67301
                ],
                [
                    0.0,
                    0.0,
                    0.0,
                    1.0
                ]
            ],
            "size": [
                0.06,
                0.06,
                0.33
            ]
        },
        "collider2": {
            "type": "Box",
            "collider2origin": [
                [
                    -0.13190675942909025,
                    -0.87872497630821,
                    0.4587406923623104,
                    1.3644790997138132
                ],
                [
                    -0.24283965940152508,
                    0.4773284152343705,
                    0.8445036908336137,
                    -0.2280389870718782
                ],
                [
                    -0.9610564534087823,
                    -4.6883031149737175e-06,
                    -0.27635211839128787,
                    -0.6368161489703018
                ],
                [
                    0.0,
                    0.0,
                    0.0,
                    1.0
                ]
            ],
            "size": [
                0.1202,
                0.13634,
                0.67816
            ]
        },
        "distance": 0.0
    },
    {
        "case": 2,
        "collider1": {
            "type": "Box",
            "collider2origin": [
                [
                    1.0,
                    0.0,
                    0.0,
                    1.23
                ],
                [
                    0.0,
                    1.0,
                    0.0,
                    -0.23086
                ],
                [
                    0.0,
                    0.0,
                    1.0,
                    -0.54301
                ],
                [
                    0.0,
                    0.0,
                    0.0,
                    1.0
                ]
            ],
            "size": [
                0.1,
                0.16,
                0.1
            ]
        },
        "collider2": {
            "type": "Box",
            "collider2origin": [
                [
                    -0.14560746555203263,
                    -0.8787249915998568,
                    0.45457766675601774,
                    0.9830001434742152
                ],
                [
                    -0.26806175297148943,
                    0.4773283870825739,
                    0.8368395948322478,
                    -0.665633829512942
                ],
                [
                    -0.9523346904158041,
                    -4.793735194211192e-06,
                    -0.3050551383072481,
                    -0.4641138469375532
                ],
                [
                    0.0,
                    0.0,
                    0.0,
                    1.0
                ]
            ],
            "size": [
                0.15068,
                0.17726,
                0.74884
            ]
        },
        "distance": 0.026226245224308168
    },
    {
        "case": 3,
        "collider1": {
            "type": "Box",
            "collider2origin": [
                [
                    1.0,
                    0.0,
                    0.0,
                    1.23
                ],
                [
                    0.0,
                    1.0,
                    0.0,
                    -0.23086
                ],
                [
                    0.0,
                    0.0,
                    1.0,
                    -0.54301
                ],
                [
                    0.0,
                    0.0,
                    0.0,
                    1.0
                ]
            ],
            "size": [
                0.1,
                0.16,
                0.1
            ]
        },
        "collider2": {
            "type": "Box",
            "collider2origin": [
                [
                    -0.14560746555203263,
                    -0.8787249915998568,
                    0.45457766675601774,
                    0.9830001434742152
                ],
                [
                    -0.26806175297148943,
                    0.4773283870825739,
                    0.8368395948322478,
                    -0.665633829512942
                ],
                [
                    -0.9523346904158041,
                    -4.793735194211192e-06,
                    -0.3050551383072481,
                    -0.4641138469375532
                ],
                [
                    0.0,
                    0.0,
                    0.0,
                    1.0
                ]
            ],
            "size": [
                0.15068,
                0.17726,
                0.74884
            ]
        },
        "distance": 0.026226245224308168
    }
]