[
    {
        "case": 0,
        "collider1": {
            "type": "Box",
            "collider2origin": [
                [
                    1.0,
                    0.0,
                    0.0,
                    -0.06
                ],
                [
                    0.0,
                    1.0,
                    0.0,
                    -0.37086
                ],
                [
                    0.0,
                    0.0,
                    1.0,
                    -0.40301
                ],
                [
                    0.0,
                    0.0,
                    0.0,
                    1.0
                ]
            ],
            "size": [
                0.1,
                1.0,
                1.64
            ]
        },
        "collider2": {
            "type": "Box",
            "collider2origin": [
                [
                    -0.3938248803368766,
                    0.11474501379093606,
                    0.9119953648115557,
                    -0.001476128780771857
                ],
                [
                    -0.8364762423057595,
                    -0.4560625238341573,
                    -0.3038329646566593,
                    -0.8401045142095287
                ],
                [
                    0.3810635900813418,
                    -0.8825194367061477,
                    0.2755902468342857,
                    0.0474237220828031
                ],
                [
                    0.0,
                    0.0,
                    0.0,
                    1.0
                ]
            ],
            "size": [
                0.09126,
                0.11887,
                0.10009
            ]
        },
        "distance": 0.0
    },
    {
        "case": 1,
        "collider1": {
            "type": "Box",
            "collider2origin": [
                [
                    1.0,
                    0.0,
                    0.0,
                    -0.06
                ],
                [
                    0.0,
                    1.0,
                    0.0,
                    -0.37086
                ],
                [
                    0.0,
                    0.0,
                    1.0,
                    -0.40301
                ],
                [
                    0.0,
                    0.0,
                    0.0,
                    1.0
                ]
            ],
            "size": [
                0.1,
                1.0,
                1.64
            ]
        },
        "collider2": {
            "type": "Box",
            "collider2origin": [
                [
                    0.510085817273143,
                    0.11473853267179333,
                    -0.8524362311264775,
                    0.009723535742750644
                ],
                [
                    0.7893771012362509,
                    -0.4560598982304692,
                    0.41096613153624645,
                    -0.8748693428888125
                ],
                [
                    -0.34160832990523404,
                    -0.882521636191622,
                    -0.3232016562349563,
                    -0.017775924454989322
                ],
                [
                    0.0,
                    0.0,
                    0.0,
                    1.0
                ]
            ],
            "size": [
                0.08993,
                0.0305,
                0.09007
            ]
        },
        "distance": 0.0
    },
    {
        "case": 2,
        "collider1": {
            "type": "Box",
            "collider2origin": [
                [
                    1.0,
                    0.0,
                    0.0,
                    -0.06
                ],
                [
                    0.0,
                    1.0,
                    0.0,
                    -0.37086
                ],
                [
                    0.0,
                    0.0,
                    1.0,
                    -0.40301
                ],
                [
                    0.0,
                    0.0,
                    0.0,
                    1.0
                ]
            ],
            "size": [
                0.1,
                1.0,
                1.64
            ]
        },
        "collider2": {
            "type": "Box",
            "collider2origin": [
                [
                    -0.2614629691496449,
                    -0.3160720967211265,
                    0.9119953648115557,
                    -0.10012057571599109
                ],
                [
                    0.08710396041923003,
                    -0.9487351736218227,
                    -0.3038329646566593,
                    -0.802094525726982
                ],
                [
                    0.9612752029688153,
                    -2.6609056022602848e-06,
                    0.2755902468342857,
                    0.018982876975333518
                ],
                [
                    0.0,
                    0.0,
                    0.0,
                    1.0
                ]
            ],
            "size": [
                0.09102,
                0.10007,
                0.11882
            ]
        },
        "distance": 0.0
    },
    {
        "case": 3,
        "collider1": {
            "type": "Box",
            "collider2origin": [
                [
                    1.0,
                    0.0,
                    0.0,
                    -0.06
                ],
                [
                    0.0,
                    1.0,
                    0.0,
                    -0.37086
                ],
                [
                    0.0,
                    0.0,
                    1.0,
                    -0.40301
                ],
                [
                    0.0,
                    0.0,
                    0.0,
                    1.0
                ]
            ],
            "size": [
                0.1,
                1.0,
                1.64
            ]
        },
        "collider2": {
            "type": "Box",
            "collider2origin": [
                [
                    -0.423896505671089,
                    -0.3160785643638878,
                    -0.8487673966579442,
                    0.1805838153486271
                ],
                [
                    0.14122668251188195,
                    -0.9487330188970627,
                    0.28277320064170425,
                    -0.7778129952044142
                ],
                [
                    -0.8946322018721037,
                    -2.0320047998831622e-06,
                    0.4468033385834783,
                    -0.11190101513371564
                ],
                [
                    0.0,
                    0.0,
                    0.0,
                    1.0
                ]
            ],
            "size": [
                0.1202,
                0.13634,
                0.67816
            ]
        },
        "distance": 0.0
    }
]