[
    {
        "case": 0,
        "collider1": {
            "type": "Box",
            "collider2origin": [
                [
                    1.0,
                    0.0,
                    0.0,
                    1.2009999999999998
                ],
                [
                    0.0,
                    1.0,
                    0.0,
                    0.02914
                ],
                [
                    0.0,
                    0.0,
                    1.0,
                    -1.22801
                ],
                [
                    0.0,
                    0.0,
                    0.0,
                    1.0
                ]
            ],
            "size": [
                0.41,
                0.6,
                0.82
            ]
        },
        "collider2": {
            "type": "Box",
            "collider2origin": [
                [
                    0.4655943123868794,
                    0.8529427337356836,
                    0.23603099211859346,
                    1.426303728002562
                ],
                [
                    0.7607638382124368,
                    -0.5220044951139825,
                    0.3856808130424397,
                    -0.3957667430513039
                ],
                [
                    0.4521728858979384,
                    -6.949448076738373e-06,
                    -0.891930311857622,
                    -0.6543804020786568
                ],
                [
                    0.0,
                    0.0,
                    0.0,
                    1.0
                ]
            ],
            "size": [
                0.1202,
                0.13634,
                0.67816
            ]
        },
        "distance": 0.014347559786520348
    },
    {
        "case": 1,
        "collider1": {
            "type": "Box",
            "collider2origin": [
                [
                    1.0,
                    0.0,
                    0.0,
                    1.23
                ],
                [
                    0.0,
                    1.0,
                    0.0,
                    -0.23086
                ],
                [
                    0.0,
                    0.0,
                    1.0,
                    -0.54301
                ],
                [
                    0.0,
                    0.0,
                    0.0,
                    1.0
                ]
            ],
            "size": [
                0.1,
                0.16,
                0.1
            ]
        },
        "collider2": {
            "type": "Box",
            "collider2origin": [
                [
                    0.4655943123868794,
                    0.8529427337356836,
                    0.23603099211859346,
                    1.426303728002562
                ],
                [
                    0.7607638382124368,
                    -0.5220044951139825,
                    0.3856808130424397,
                    -0.3957667430513039
                ],
                [
                    0.4521728858979384,
                    -6.949448076738373e-06,
                    -0.891930311857622,
                    -0.6543804020786568
                ],
                [
                    0.0,
                    0.0,
                    0.0,
                    1.0
                ]
            ],
            "size": [
                0.1202,
                0.13634,
                0.67816
            ]
        },
        "distance": 0.1009408297469184
    },
    {
        "case": 2,
        "collider1": {
            "type": "Box",
            "collider2origin": [
                [
                    1.0,
                    0.0,
                    0.0,
                    1.28
                ],
                [
                    0.0,
                    1.0,
                    0.0,
                    -0.23086
                ],
                [
                    0.0,
                    0.0,
                    1.0,
                    -0.67301
                ],
                [
                    0.0,
                    0.0,
                    0.0,
                    1.0
                ]
            ],
            "size": [
                0.06,
                0.06,
                0.33
            ]
        },
        "collider2": {
            "type": "Box",
            "collider2origin": [
                [
                    0.4655943123868794,
                    0.8529427337356836,
                    0.23603099211859346,
                    1.426303728002562
                ],
                [
                    0.7607638382124368,
                    -0.5220044951139825,
                    0.3856808130424397,
                    -0.3957667430513039
                ],
                [
                    0.4521728858979384,
                    -6.949448076738373e-06,
                    -0.891930311857622,
                    -0.6543804020786568
                ],
                [
                    0.0,
                    0.0,
                    0.0,
                    1.0
                ]
            ],
            "size": [
                0.1202,
                0.13634,
                0.67816
            ]
        },
        "distance": 0.10145106987576816
    }
]