[
    {
        "case": 0,
        "collider1": {
            "type": "Box",
            "collider2origin": [
                [
                    1.0,
                    0.0,
                    0.0,
                    0.5199999999999999
                ],
                [
                    0.0,
                    1.0,
                    0.0,
                    -0.43085999999999997
                ],
                [
                    0.0,
                    0.0,
                    1.0,
                    -0.80301
                ],
                [
                    0.0,
                    0.0,
                    0.0,
                    1.0
                ]
            ],
            "size": [
                0.2,
                0.08,
                0.04
            ]
        },
        "collider2": {
            "type": "Box",
            "collider2origin": [
                [
                    0.7380790849219759,
                    0.1239015012273059,
                    0.6632402900867516,
                    0.5056210133825259
                ],
                [
                    0.4615288662626496,
                    -0.8097560388368659,
                    -0.3623344631325336,
                    -0.5446745629845606
                ],
                [
                    0.49216904616915114,
                    0.5735360281280052,
                    -0.6548481155444366,
                    -0.8680872078409917
                ],
                [
                    0.0,
                    0.0,
                    0.0,
                    1.0
                ]
            ],
            "size": [
                0.09126,
                0.11887,
                0.10009
            ]
        },
        "distance": 0.011726387718673159
    },
    {
        "case": 1,
        "collider1": {
            "type": "Box",
            "collider2origin": [
                [
                    1.0,
                    0.0,
                    0.0,
                    -0.26
                ],
                [
                    0.0,
                    1.0,
                    0.0,
                    -0.4608599999999999
                ],
                [
                    0.0,
                    0.0,
                    1.0,
                    -1.143
                ],
                [
                    0.0,
                    0.0,
                    0.0,
                    1.0
                ]
            ],
            "size": [
                1.48,
                0.272,
                0.945
            ]
        },
        "collider2": {
            "type": "Box",
            "collider2origin": [
                [
                    0.7380790849219759,
                    0.1239015012273059,
                    0.6632402900867516,
                    0.5056210133825259
                ],
                [
                    0.4615288662626496,
                    -0.8097560388368659,
                    -0.3623344631325336,
                    -0.5446745629845606
                ],
                [
                    0.49216904616915114,
                    0.5735360281280052,
                    -0.6548481155444366,
                    -0.8680872078409917
                ],
                [
                    0.0,
                    0.0,
                    0.0,
                    1.0
                ]
            ],
            "size": [
                0.09126,
                0.11887,
                0.10009
            ]
        },
        "distance": 0.0
    },
    {
        "case": 2,
        "collider1": {
            "type": "Box",
            "collider2origin": [
                [
                    1.0,
                    0.0,
                    0.0,
                    -0.26
                ],
                [
                    0.0,
                    1.0,
                    0.0,
                    -0.4608599999999999
                ],
                [
                    0.0,
                    0.0,
                    1.0,
                    -1.143
                ],
                [
                    0.0,
                    0.0,
                    0.0,
                    1.0
                ]
            ],
            "size": [
                1.48,
                0.272,
                0.945
            ]
        },
        "collider2": {
            "type": "Box",
            "collider2origin": [
                [
                    0.9903855866949397,
                    0.12389929100451902,
                    0.06152524161267021,
                    0.5173899591198277
                ],
                [
                    0.13674985352116056,
                    -0.8097568038679833,
                    -0.5706079180588447,
                    -0.6070804048894991
                ],
                [
                    -0.0208774334835742,
                    0.5735354254778736,
                    -0.8189146771752556,
                    -0.8285285676415391
                ],
                [
                    0.0,
                    0.0,
                    0.0,
                    1.0
                ]
            ],
            "size": [
                0.08993,
                0.0305,
                0.09007
            ]
        },
        "distance": 0.0
    },
    {
        "case": 3,
        "collider1": {
            "type": "Box",
            "collider2origin": [
                [
                    1.0,
                    0.0,
                    0.0,
                    0.5199999999999999
                ],
                [
                    0.0,
                    1.0,
                    0.0,
                    -0.43085999999999997
                ],
                [
                    0.0,
                    0.0,
                    1.0,
                    -0.80301
                ],
                [
                    0.0,
                    0.0,
                    0.0,
                    1.0
                ]
            ],
            "size": [
                0.2,
                0.08,
                0.04
            ]
        },
        "collider2": {
            "type": "Box",
            "collider2origin": [
                [
                    -0.5746854509122773,
                    0.4794256460760043,
                    0.6632402900867517,
                    0.4309977899901478
                ],
                [
                    0.3139469493064108,
                    0.8775825031571998,
                    -0.36233446313253365,
                    -0.5068832305048894
                ],
                [
                    -0.755760508051956,
                    -6.078596543322293e-06,
                    -0.6548481155444366,
                    -0.79759184595628
                ],
                [
                    0.0,
                    0.0,
                    0.0,
                    1.0
                ]
            ],
            "size": [
                0.09102,
                0.10007,
                0.11882
            ]
        },
        "distance": 0.0
    },
    {
        "case": 4,
        "collider1": {
            "type": "Cylinder",
            "collider2origin": [
                [
                    1.0,
                    0.0,
                    0.0,
                    0.4849999999999999
                ],
                [
                    0.0,
                    -3.673205103346574e-06,
                    -0.9999999999932537,
                    -0.46086
                ],
                [
                    0.0,
                    0.9999999999932537,
                    -3.673205103346574e-06,
                    -0.70001
                ],
                [
                    0.0,
                    0.0,
                    0.0,
                    1.0
                ]
            ],
            "radius": 0.026,
            "height": 0.272
        },
        "collider2": {
            "type": "Box",
            "collider2origin": [
                [
                    -0.5746854509122773,
                    0.4794256460760043,
                    0.6632402900867517,
                    0.4309977899901478
                ],
                [
                    0.3139469493064108,
                    0.8775825031571998,
                    -0.36233446313253365,
                    -0.5068832305048894
                ],
                [
                    -0.755760508051956,
                    -6.078596543322293e-06,
                    -0.6548481155444366,
                    -0.79759184595628
                ],
                [
                    0.0,
                    0.0,
                    0.0,
                    1.0
                ]
            ],
            "size": [
                0.09102,
                0.10007,
                0.11882
            ]
        },
        "distance": 0.021676015318041753
    },
    {
        "case": 5,
        "collider1": {
            "type": "Box",
            "collider2origin": [
                [
                    1.0,
                    0.0,
                    0.0,
                    -0.26
                ],
                [
                    0.0,
                    1.0,
                    0.0,
                    -0.4608599999999999
                ],
                [
                    0.0,
                    0.0,
                    1.0,
                    -1.143
                ],
                [
                    0.0,
                    0.0,
                    0.0,
                    1.0
                ]
            ],
            "size": [
                1.48,
                0.272,
                0.945
            ]
        },
        "collider2": {
            "type": "Box",
            "collider2origin": [
                [
                    -0.5746854509122773,
                    0.4794256460760043,
                    0.6632402900867517,
                    0.4309977899901478
                ],
                [
                    0.3139469493064108,
                    0.8775825031571998,
                    -0.36233446313253365,
                    -0.5068832305048894
                ],
                [
                    -0.755760508051956,
                    -6.078596543322293e-06,
                    -0.6548481155444366,
                    -0.79759184595628
                ],
                [
                    0.0,
                    0.0,
                    0.0,
                    1.0
                ]
            ],
            "size": [
                0.09102,
                0.10007,
                0.11882
            ]
        },
        "distance": 0.0
    },
    {
        "case": 6,
        "collider1": {
            "type": "Cylinder",
            "collider2origin": [
                [
                    1.0,
                    0.0,
                    0.0,
                    0.4849999999999999
                ],
                [
                    0.0,
                    -3.673205103346574e-06,
                    -0.9999999999932537,
                    -0.46086
                ],
                [
                    0.0,
                    0.9999999999932537,
                    -3.673205103346574e-06,
                    -0.70001
                ],
                [
                    0.0,
                    0.0,
                    0.0,
                    1.0
                ]
            ],
            "radius": 0.026,
            "height": 0.272
        },
        "collider2": {
            "type": "Box",
            "collider2origin": [
                [
                    0.24386679129408917,
                    0.4794201132673059,
                    -0.8430215555362086,
                    0.6216532938942939
                ],
                [
                    -0.133220174281751,
                    0.8775855257396442,
                    0.46053884763026454,
                    -0.738388140122852
                ],
                [
                    0.9606151015199922,
                    -2.6524860635016417e-06,
                    0.2778823972919106,
                    -0.8772314545114096
                ],
                [
                    0.0,
                    0.0,
                    0.0,
                    1.0
                ]
            ],
            "size": [
                0.1202,
                0.13634,
                0.67816
            ]
        },
        "distance": 0.029882023188044428
    },
    {
        "case": 7,
        "collider1": {
            "type": "Box",
            "collider2origin": [
                [
                    1.0,
                    0.0,
                    0.0,
                    -0.26
                ],
                [
                    0.0,
                    1.0,
                    0.0,
                    -0.4608599999999999
                ],
                [
                    0.0,
                    0.0,
                    1.0,
                    -1.143
                ],
                [
                    0.0,
                    0.0,
                    0.0,
                    1.0
                ]
            ],
            "size": [
                1.48,
                0.272,
                0.945
            ]
        },
        "collider2": {
            "type": "Box",
            "collider2origin": [
                [
                    0.24386679129408917,
                    0.4794201132673059,
                    -0.8430215555362086,
                    0.6216532938942939
                ],
                [
                    -0.133220174281751,
                    0.8775855257396442,
                    0.46053884763026454,
                    -0.738388140122852
                ],
                [
                    0.9606151015199922,
                    -2.6524860635016417e-06,
                    0.2778823972919106,
                    -0.8772314545114096
                ],
                [
                    0.0,
                    0.0,
                    0.0,
                    1.0
                ]
            ],
            "size": [
                0.1202,
                0.13634,
                0.67816
            ]
        },
        "distance": 0.0
    }
]