[
    {
        "case": 0,
        "collider1": {
            "type": "Box",
            "collider2origin": [
                [
                    1.0,
                    0.0,
                    0.0,
                    -0.26
                ],
                [
                    0.0,
                    1.0,
                    0.0,
                    -0.4608599999999999
                ],
                [
                    0.0,
                    0.0,
                    1.0,
                    -1.143
                ],
                [
                    0.0,
                    0.0,
                    0.0,
                    1.0
                ]
            ],
            "size": [
                1.48,
                0.272,
                0.945
            ]
        },
        "collider2": {
            "type": "Cylinder",
            "collider2origin": [
                [
                    -0.31060145847328785,
                    0.2569409668786643,
                    -0.9151546719182079,
                    0.18422982762642504
                ],
                [
                    0.3018171674842729,
                    -0.886291910202351,
                    -0.35127346515448216,
                    -0.5138075898060789
                ],
                [
                    -0.9013507260806062,
                    -0.38531544148830055,
                    0.19773436510793785,
                    -1.267433850292063
                ],
                [
                    0.0,
                    0.0,
                    0.0,
                    1.0
                ]
            ],
            "radius": 0.00783,
            "height": 0.03683
        },
        "distance": 0.0
    },
    {
        "case": 1,
        "collider1": {
            "type": "Box",
            "collider2origin": [
                [
                    1.0,
                    0.0,
                    0.0,
                    -0.26
                ],
                [
                    0.0,
                    1.0,
                    0.0,
                    -0.4608599999999999
                ],
                [
                    0.0,
                    0.0,
                    1.0,
                    -1.143
                ],
                [
                    0.0,
                    0.0,
                    0.0,
                    1.0
                ]
            ],
            "size": [
                1.48,
                0.272,
                0.945
            ]
        },
        "collider2": {
            "type": "Cylinder",
            "collider2origin": [
                [
                    -0.2844827686076607,
                    0.9152380862923077,
                    -0.28532227351770695,
                    0.16300274848834118
                ],
                [
                    0.13618274127531185,
                    -0.2560213269470933,
                    -0.9570304807721592,
                    -0.48621392510074135
                ],
                [
                    -0.9489593328188838,
                    -0.31111465016653017,
                    -0.0518059755983407,
                    -1.2769713909703784
                ],
                [
                    0.0,
                    0.0,
                    0.0,
                    1.0
                ]
            ],
            "radius": 0.00683,
            "height": 0.01183
        },
        "distance": 0.0
    },
    {
        "case": 2,
        "collider1": {
            "type": "Box",
            "collider2origin": [
                [
                    1.0,
                    0.0,
                    0.0,
                    -0.26
                ],
                [
                    0.0,
                    1.0,
                    0.0,
                    -0.4608599999999999
                ],
                [
                    0.0,
                    0.0,
                    1.0,
                    -1.143
                ],
                [
                    0.0,
                    0.0,
                    0.0,
                    1.0
                ]
            ],
            "size": [
                1.48,
                0.272,
                0.945
            ]
        },
        "collider2": {
            "type": "Sphere",
            "collider2origin": [
                [
                    1.0,
                    0.0,
                    0.0,
                    0.2070415544198847
                ],
                [
                    0.0,
                    1.0,
                    0.0,
                    -0.48150473431857566
                ],
                [
                    0.0,
                    0.0,
                    1.0,
                    -1.235176091203027
                ],
                [
                    0.0,
                    0.0,
                    0.0,
                    1.0
                ]
            ],
            "radius": 0.00484
        },
        "distance": 0.0
    },
    {
        "case": 3,
        "collider1": {
            "type": "Box",
            "collider2origin": [
                [
                    1.0,
                    0.0,
                    0.0,
                    -0.26
                ],
                [
                    0.0,
                    1.0,
                    0.0,
                    -0.4608599999999999
                ],
                [
                    0.0,
                    0.0,
                    1.0,
                    -1.143
                ],
                [
                    0.0,
                    0.0,
                    0.0,
                    1.0
                ]
            ],
            "size": [
                1.48,
                0.272,
                0.945
            ]
        },
        "collider2": {
            "type": "Cylinder",
            "collider2origin": [
                [
                    0.135687086519884,
                    0.9774151615972029,
                    -0.1620142476193355,
                    0.18707866755710667
                ],
                [
                    0.151557015094166,
                    -0.18207885540237137,
                    -0.9715337161370718,
                    -0.5244034281886747
                ],
                [
                    -0.979091152920652,
                    0.1072701836265622,
                    -0.17283987380587693,
                    -1.318275495904802
                ],
                [
                    0.0,
                    0.0,
                    0.0,
                    1.0
                ]
            ],
            "radius": 0.01271,
            "height": 0.05982
        },
        "distance": 0.0
    },
    {
        "case": 4,
        "collider1": {
            "type": "Box",
            "collider2origin": [
                [
                    1.0,
                    0.0,
                    0.0,
                    -0.26
                ],
                [
                    0.0,
                    1.0,
                    0.0,
                    -0.4608599999999999
                ],
                [
                    0.0,
                    0.0,
                    1.0,
                    -1.143
                ],
                [
                    0.0,
                    0.0,
                    0.0,
                    1.0
                ]
            ],
            "size": [
                1.48,
                0.272,
                0.945
            ]
        },
        "collider2": {
            "type": "Cylinder",
            "collider2origin": [
                [
                    0.18377704559597016,
                    0.9798163817608224,
                    -0.07865021007693634,
                    0.19066960347190132
                ],
                [
                    0.17346180758340385,
                    -0.11108399038520997,
                    -0.9785557461841385,
                    -0.5106016844212651
                ],
                [
                    -0.967541729757386,
                    0.1661932763779215,
                    -0.19037540824606772,
                    -1.3142049740421151
                ],
                [
                    0.0,
                    0.0,
                    0.0,
                    1.0
                ]
            ],
            "radius": 0.01169,
            "height": 0.05502
        },
        "distance": 0.0
    },
    {
        "case": 5,
        "collider1": {
            "type": "Box",
            "collider2origin": [
                [
                    1.0,
                    0.0,
                    0.0,
                    -0.26
                ],
                [
                    0.0,
                    1.0,
                    0.0,
                    -0.4608599999999999
                ],
                [
                    0.0,
                    0.0,
                    1.0,
                    -1.143
                ],
                [
                    0.0,
                    0.0,
                    0.0,
                    1.0
                ]
            ],
            "size": [
                1.48,
                0.272,
                0.945
            ]
        },
        "collider2": {
            "type": "Sphere",
            "collider2origin": [
                [
                    1.0,
                    0.0,
                    0.0,
                    0.19229355124041358
                ],
                [
                    0.0,
                    1.0,
                    0.0,
                    -0.48851056335133325
                ],
                [
                    0.0,
                    0.0,
                    1.0,
                    -1.3093194788247646
                ],
                [
                    0.0,
                    0.0,
                    0.0,
                    1.0
                ]
            ],
            "radius": 0.01051
        },
        "distance": 0.0
    },
    {
        "case": 6,
        "collider1": {
            "type": "Box",
            "collider2origin": [
                [
                    1.0,
                    0.0,
                    0.0,
                    -0.26
                ],
                [
                    0.0,
                    1.0,
                    0.0,
                    -0.4608599999999999
                ],
                [
                    0.0,
                    0.0,
                    1.0,
                    -1.143
                ],
                [
                    0.0,
                    0.0,
                    0.0,
                    1.0
                ]
            ],
            "size": [
                1.48,
                0.272,
                0.945
            ]
        },
        "collider2": {
            "type": "Sphere",
            "collider2origin": [
                [
                    1.0,
                    0.0,
                    0.0,
                    0.2163533344078873
                ],
                [
                    0.0,
                    1.0,
                    0.0,
                    -0.4728995069837645
                ],
                [
                    0.0,
                    0.0,
                    1.0,
                    -1.3121756050727806
                ],
                [
                    0.0,
                    0.0,
                    0.0,
                    1.0
                ]
            ],
            "radius": 0.00663
        },
        "distance": 0.0
    },
    {
        "case": 7,
        "collider1": {
            "type": "Box",
            "collider2origin": [
                [
                    1.0,
                    0.0,
                    0.0,
                    -0.26
                ],
                [
                    0.0,
                    1.0,
                    0.0,
                    -0.4608599999999999
                ],
                [
                    0.0,
                    0.0,
                    1.0,
                    -1.143
                ],
                [
                    0.0,
                    0.0,
                    0.0,
                    1.0
                ]
            ],
            "size": [
                1.48,
                0.272,
                0.945
            ]
        },
        "collider2": {
            "type": "Cylinder",
            "collider2origin": [
                [
                    -0.31806079121021175,
                    0.5761427351919846,
                    -0.7529255486302956,
                    0.1951445955228398
                ],
                [
                    0.4687060768568492,
                    -0.5947698955099945,
                    -0.653118201333029,
                    -0.489708330578843
                ],
                [
                    -0.8241067568053273,
                    -0.5606320719335707,
                    -0.08086861756748615,
                    -1.2363902070955808
                ],
                [
                    0.0,
                    0.0,
                    0.0,
                    1.0
                ]
            ],
            "radius": 0.0076,
            "height": 0.02993
        },
        "distance": 0.0
    },
    {
        "case": 8,
        "collider1": {
            "type": "Box",
            "collider2origin": [
                [
                    1.0,
                    0.0,
                    0.0,
                    -0.26
                ],
                [
                    0.0,
                    1.0,
                    0.0,
                    -0.4608599999999999
                ],
                [
                    0.0,
                    0.0,
                    1.0,
                    -1.143
                ],
                [
                    0.0,
                    0.0,
                    0.0,
                    1.0
                ]
            ],
            "size": [
                1.48,
                0.272,
                0.945
            ]
        },
        "collider2": {
            "type": "Box",
            "collider2origin": [
                [
                    -0.10037247416849798,
                    -0.15999195227618632,
                    0.9820020069409979,
                    0.16680900891438133
                ],
                [
                    0.22536451475881722,
                    0.9576778898013059,
                    0.17906394073972604,
                    -0.5890601966788878
                ],
                [
                    -0.9690903992491189,
                    0.23928149655285036,
                    -0.060067990565784705,
                    -1.2880243756386403
                ],
                [
                    0.0,
                    0.0,
                    0.0,
                    1.0
                ]
            ],
            "size": [
                0.06241,
                0.05638,
                0.02858
            ]
        },
        "distance": 0.0
    },
    {
        "case": 9,
        "collider1": {
            "type": "Box",
            "collider2origin": [
                [
                    1.0,
                    0.0,
                    0.0,
                    -0.26
                ],
                [
                    0.0,
                    1.0,
                    0.0,
                    -0.4608599999999999
                ],
                [
                    0.0,
                    0.0,
                    1.0,
                    -1.143
                ],
                [
                    0.0,
                    0.0,
                    0.0,
                    1.0
                ]
            ],
            "size": [
                1.48,
                0.272,
                0.945
            ]
        },
        "collider2": {
            "type": "Cylinder",
            "collider2origin": [
                [
                    -0.20512170647269817,
                    0.3104655260595322,
                    -0.9281897665145338,
                    0.19695256338768452
                ],
                [
                    0.0412663275898005,
                    -0.944768416211228,
                    -0.3251303276179851,
                    -0.47825029799184027
                ],
                [
                    -0.9778661338552321,
                    -0.10499427059751766,
                    0.1809807376510432,
                    -1.3095024572262237
                ],
                [
                    0.0,
                    0.0,
                    0.0,
                    1.0
                ]
            ],
            "radius": 0.00796,
            "height": 0.03037
        },
        "distance": 0.0
    },
    {
        "case": 10,
        "collider1": {
            "type": "Box",
            "collider2origin": [
                [
                    1.0,
                    0.0,
                    0.0,
                    -0.26
                ],
                [
                    0.0,
                    1.0,
                    0.0,
                    -0.4608599999999999
                ],
                [
                    0.0,
                    0.0,
                    1.0,
                    -1.143
                ],
                [
                    0.0,
                    0.0,
                    0.0,
                    1.0
                ]
            ],
            "size": [
                1.48,
                0.272,
                0.945
            ]
        },
        "collider2": {
            "type": "Cylinder",
            "collider2origin": [
                [
                    -0.32443924111514627,
                    0.8207971384995538,
                    -0.4701395923080411,
                    0.17863183552566497
                ],
                [
                    0.4698968768290477,
                    -0.29150572765434224,
                    -0.8331994574476259,
                    -0.5093565520345872
                ],
                [
                    -0.8209361144272641,
                    -0.49123972577109,
                    -0.2911141148302666,
                    -1.2408343437835931
                ],
                [
                    0.0,
                    0.0,
                    0.0,
                    1.0
                ]
            ],
            "radius": 0.00783,
            "height": 0.03044
        },
        "distance": 0.0
    },
    {
        "case": 11,
        "collider1": {
            "type": "Box",
            "collider2origin": [
                [
                    1.0,
                    0.0,
                    0.0,
                    -0.26
                ],
                [
                    0.0,
                    1.0,
                    0.0,
                    -0.4608599999999999
                ],
                [
                    0.0,
                    0.0,
                    1.0,
                    -1.143
                ],
                [
                    0.0,
                    0.0,
                    0.0,
                    1.0
                ]
            ],
            "size": [
                1.48,
                0.272,
                0.945
            ]
        },
        "collider2": {
            "type": "Box",
            "collider2origin": [
                [
                    -0.3039125539675113,
                    -0.15999694584600724,
                    0.9391688542860084,
                    0.15595430675609323
                ],
                [
                    0.18283745163596166,
                    0.9576774793331269,
                    0.22231579309040345,
                    -0.5402027129623325
                ],
                [
                    -0.9349907089486033,
                    0.23927980043893693,
                    -0.2617967747732784,
                    -1.2768209196566063
                ],
                [
                    0.0,
                    0.0,
                    0.0,
                    1.0
                ]
            ],
            "size": [
                0.07264,
                0.04753,
                0.03326
            ]
        },
        "distance": 0.0
    },
    {
        "case": 12,
        "collider1": {
            "type": "Box",
            "collider2origin": [
                [
                    1.0,
                    0.0,
                    0.0,
                    -0.26
                ],
                [
                    0.0,
                    1.0,
                    0.0,
                    -0.4608599999999999
                ],
                [
                    0.0,
                    0.0,
                    1.0,
                    -1.143
                ],
                [
                    0.0,
                    0.0,
                    0.0,
                    1.0
                ]
            ],
            "size": [
                1.48,
                0.272,
                0.945
            ]
        },
        "collider2": {
            "type": "Cylinder",
            "collider2origin": [
                [
                    -0.20512170647269817,
                    0.7298971540415632,
                    -0.6520546219878773,
                    0.17400169605488414
                ],
                [
                    0.0412663275898005,
                    -0.6591787187671342,
                    -0.7508531860036087,
                    -0.49193470243218185
                ],
                [
                    -0.9778661338552321,
                    -0.18092418646091796,
                    0.10509168859845931,
                    -1.305269212160632
                ],
                [
                    0.0,
                    0.0,
                    0.0,
                    1.0
                ]
            ],
            "radius": 0.00713,
            "height": 0.01426
        },
        "distance": 0.0
    },
    {
        "case": 13,
        "collider1": {
            "type": "Box",
            "collider2origin": [
                [
                    1.0,
                    0.0,
                    0.0,
                    -0.26
                ],
                [
                    0.0,
                    1.0,
                    0.0,
                    -0.4608599999999999
                ],
                [
                    0.0,
                    0.0,
                    1.0,
                    -1.143
                ],
                [
                    0.0,
                    0.0,
                    0.0,
                    1.0
                ]
            ],
            "size": [
                1.48,
                0.272,
                0.945
            ]
        },
        "collider2": {
            "type": "Sphere",
            "collider2origin": [
                [
                    1.0,
                    0.0,
                    0.0,
                    0.194347500443659
                ],
                [
                    0.0,
                    1.0,
                    0.0,
                    -0.44779421061501845
                ],
                [
                    0.0,
                    0.0,
                    1.0,
                    -1.2808546066088833
                ],
                [
                    0.0,
                    0.0,
                    0.0,
                    1.0
                ]
            ],
            "radius": 0.00563
        },
        "distance": 0.0
    },
    {
        "case": 14,
        "collider1": {
            "type": "Box",
            "collider2origin": [
                [
                    1.0,
                    0.0,
                    0.0,
                    -0.26
                ],
                [
                    0.0,
                    1.0,
                    0.0,
                    -0.4608599999999999
                ],
                [
                    0.0,
                    0.0,
                    1.0,
                    -1.143
                ],
                [
                    0.0,
                    0.0,
                    0.0,
                    1.0
                ]
            ],
            "size": [
                1.48,
                0.272,
                0.945
            ]
        },
        "collider2": {
            "type": "Cylinder",
            "collider2origin": [
                [
                    -0.2844827686076607,
                    0.6532764416342591,
                    -0.7016405384318948,
                    0.17864217058449616
                ],
                [
                    0.13618274127531185,
                    -0.6969215021053043,
                    -0.7040984880554901,
                    -0.46101518688012655
                ],
                [
                    -0.9489593328188838,
                    -0.2958552191680351,
                    0.10929718178879187,
                    -1.278043663597661
                ],
                [
                    0.0,
                    0.0,
                    0.0,
                    1.0
                ]
            ],
            "radius": 0.00813,
            "height": 0.03824
        },
        "distance": 0.0
    },
    {
        "case": 15,
        "collider1": {
            "type": "Box",
            "collider2origin": [
                [
                    1.0,
                    0.0,
                    0.0,
                    -0.26
                ],
                [
                    0.0,
                    1.0,
                    0.0,
                    -0.4608599999999999
                ],
                [
                    0.0,
                    0.0,
                    1.0,
                    -1.143
                ],
                [
                    0.0,
                    0.0,
                    0.0,
                    1.0
                ]
            ],
            "size": [
                1.48,
                0.272,
                0.945
            ]
        },
        "collider2": {
            "type": "Cylinder",
            "collider2origin": [
                [
                    -0.2844827686076607,
                    0.9152380862923077,
                    -0.28532227351770695,
                    0.15835103835675923
                ],
                [
                    0.13618274127531185,
                    -0.2560213269470933,
                    -0.9570304807721592,
                    -0.5018340029520721
                ],
                [
                    -0.9489593328188838,
                    -0.31111465016653017,
                    -0.0518059755983407,
                    -1.2778184805583837
                ],
                [
                    0.0,
                    0.0,
                    0.0,
                    1.0
                ]
            ],
            "radius": 0.00683,
            "height": 0.01782
        },
        "distance": 0.0
    },
    {
        "case": 16,
        "collider1": {
            "type": "Box",
            "collider2origin": [
                [
                    1.0,
                    0.0,
                    0.0,
                    -0.26
                ],
                [
                    0.0,
                    1.0,
                    0.0,
                    -0.4608599999999999
                ],
                [
                    0.0,
                    0.0,
                    1.0,
                    -1.143
                ],
                [
                    0.0,
                    0.0,
                    0.0,
                    1.0
                ]
            ],
            "size": [
                1.48,
                0.272,
                0.945
            ]
        },
        "collider2": {
            "type": "Sphere",
            "collider2origin": [
                [
                    1.0,
                    0.0,
                    0.0,
                    0.23300899568143396
                ],
                [
                    0.0,
                    1.0,
                    0.0,
                    -0.5143836661442387
                ],
                [
                    0.0,
                    0.0,
                    1.0,
                    -1.283981040383248
                ],
                [
                    0.0,
                    0.0,
                    0.0,
                    1.0
                ]
            ],
            "radius": 0.00487
        },
        "distance": 0.0
    },
    {
        "case": 17,
        "collider1": {
            "type": "Box",
            "collider2origin": [
                [
                    1.0,
                    0.0,
                    0.0,
                    -0.26
                ],
                [
                    0.0,
                    1.0,
                    0.0,
                    -0.4608599999999999
                ],
                [
                    0.0,
                    0.0,
                    1.0,
                    -1.143
                ],
                [
                    0.0,
                    0.0,
                    0.0,
                    1.0
                ]
            ],
            "size": [
                1.48,
                0.272,
                0.945
            ]
        },
        "collider2": {
            "type": "Cylinder",
            "collider2origin": [
                [
                    -0.30887358743799553,
                    -0.25631210591268605,
                    -0.9159155044794177,
                    0.21816027653803072
                ],
                [
                    0.295357261970474,
                    -0.9412411513670251,
                    0.16379616227061108,
                    -0.5103471056048624
                ],
                [
                    -0.9040803032831137,
                    -0.21992998735024663,
                    0.36642817287925983,
                    -1.2779674292541277
                ],
                [
                    0.0,
                    0.0,
                    0.0,
                    1.0
                ]
            ],
            "radius": 0.0076,
            "height": 0.02993
        },
        "distance": 0.0
    },
    {
        "case": 18,
        "collider1": {
            "type": "Box",
            "collider2origin": [
                [
                    1.0,
                    0.0,
                    0.0,
                    -0.26
                ],
                [
                    0.0,
                    1.0,
                    0.0,
                    -0.4608599999999999
                ],
                [
                    0.0,
                    0.0,
                    1.0,
                    -1.143
                ],
                [
                    0.0,
                    0.0,
                    0.0,
                    1.0
                ]
            ],
            "size": [
                1.48,
                0.272,
                0.945
            ]
        },
        "collider2": {
            "type": "Cylinder",
            "collider2origin": [
                [
                    -0.23629871555556178,
                    0.718748853031798,
                    -0.653883019577864,
                    0.16386389291337544
                ],
                [
                    0.042551396184976255,
                    -0.6646405242140924,
                    -0.7459506366074934,
                    -0.503545233711389
                ],
                [
                    -0.9707483173869013,
                    -0.20409081272289065,
                    0.12646993497511205,
                    -1.3037716573483396
                ],
                [
                    0.0,
                    0.0,
                    0.0,
                    1.0
                ]
            ],
            "radius": 0.00713,
            "height": 0.01697
        },
        "distance": 0.0
    }
]