[
    {
        "case": 0,
        "collider1": {
            "type": "Cylinder",
            "collider2origin": [
                [
                    1.0,
                    0.0,
                    0.0,
                    0.4849999999999999
                ],
                [
                    0.0,
                    -3.673205103346574e-06,
                    -0.9999999999932537,
                    -0.46086
                ],
                [
                    0.0,
                    0.9999999999932537,
                    -3.673205103346574e-06,
                    -0.70001
                ],
                [
                    0.0,
                    0.0,
                    0.0,
                    1.0
                ]
            ],
            "radius": 0.026,
            "height": 0.272
        },
        "collider2": {
            "type": "Box",
            "collider2origin": [
                [
                    -0.45512008613567057,
                    0.4378262894987039,
                    -0.7753540142539128,
                    0.4952872609951947
                ],
                [
                    0.22164082665139825,
                    0.8990595865643093,
                    0.37758072483655464,
                    -0.5762935060425454
                ],
                [
                    0.8624042272375203,
                    -5.532655935594107e-06,
                    -0.5062202572124559,
                    -0.6845778586569772
                ],
                [
                    0.0,
                    0.0,
                    0.0,
                    1.0
                ]
            ],
            "size": [
                0.09102,
                0.10007,
                0.11882
            ]
        },
        "distance": 0.0
    },
    {
        "case": 1,
        "collider1": {
            "type": "Box",
            "collider2origin": [
                [
                    1.0,
                    0.0,
                    0.0,
                    -0.26
                ],
                [
                    0.0,
                    1.0,
                    0.0,
                    -0.4608599999999999
                ],
                [
                    0.0,
                    0.0,
                    1.0,
                    -1.143
                ],
                [
                    0.0,
                    0.0,
                    0.0,
                    1.0
                ]
            ],
            "size": [
                1.48,
                0.272,
                0.945
            ]
        },
        "collider2": {
            "type": "Box",
            "collider2origin": [
                [
                    -0.45512008613567057,
                    0.4378262894987039,
                    -0.7753540142539128,
                    0.4952872609951947
                ],
                [
                    0.22164082665139825,
                    0.8990595865643093,
                    0.37758072483655464,
                    -0.5762935060425454
                ],
                [
                    0.8624042272375203,
                    -5.532655935594107e-06,
                    -0.5062202572124559,
                    -0.6845778586569772
                ],
                [
                    0.0,
                    0.0,
                    0.0,
                    1.0
                ]
            ],
            "size": [
                0.09102,
                0.10007,
                0.11882
            ]
        },
        "distance": 0.0
    },
    {
        "case": 2,
        "collider1": {
            "type": "Box",
            "collider2origin": [
                [
                    1.0,
                    0.0,
                    0.0,
                    0.5199999999999999
                ],
                [
                    0.0,
                    1.0,
                    0.0,
                    -0.43085999999999997
                ],
                [
                    0.0,
                    0.0,
                    1.0,
                    -0.80301
                ],
                [
                    0.0,
                    0.0,
                    0.0,
                    1.0
                ]
            ],
            "size": [
                0.2,
                0.08,
                0.04
            ]
        },
        "collider2": {
            "type": "Box",
            "collider2origin": [
                [
                    0.2945555744558608,
                    0.5586261416522869,
                    -0.7753540142539128,
                    0.4133753776383712
                ],
                [
                    0.9252692754114975,
                    0.03618790145040503,
                    0.37758072483655464,
                    -0.5312576711133208
                ],
                [
                    0.23898489813471488,
                    -0.8286297542638056,
                    -0.5062202572124559,
                    -0.7415384685832835
                ],
                [
                    0.0,
                    0.0,
                    0.0,
                    1.0
                ]
            ],
            "size": [
                0.09126,
                0.11887,
                0.10009
            ]
        },
        "distance": 0.0
    },
    {
        "case": 3,
        "collider1": {
            "type": "Cylinder",
            "collider2origin": [
                [
                    1.0,
                    0.0,
                    0.0,
                    0.4849999999999999
                ],
                [
                    0.0,
                    -3.673205103346574e-06,
                    -0.9999999999932537,
                    -0.46086
                ],
                [
                    0.0,
                    0.9999999999932537,
                    -3.673205103346574e-06,
                    -0.70001
                ],
                [
                    0.0,
                    0.0,
                    0.0,
                    1.0
                ]
            ],
            "radius": 0.026,
            "height": 0.272
        },
        "collider2": {
            "type": "Box",
            "collider2origin": [
                [
                    0.2945555744558608,
                    0.5586261416522869,
                    -0.7753540142539128,
                    0.4133753776383712
                ],
                [
                    0.9252692754114975,
                    0.03618790145040503,
                    0.37758072483655464,
                    -0.5312576711133208
                ],
                [
                    0.23898489813471488,
                    -0.8286297542638056,
                    -0.5062202572124559,
                    -0.7415384685832835
                ],
                [
                    0.0,
                    0.0,
                    0.0,
                    1.0
                ]
            ],
            "size": [
                0.09126,
                0.11887,
                0.10009
            ]
        },
        "distance": 0.0
    },
    {
        "case": 4,
        "collider1": {
            "type": "Box",
            "collider2origin": [
                [
                    1.0,
                    0.0,
                    0.0,
                    -0.26
                ],
                [
                    0.0,
                    1.0,
                    0.0,
                    -0.4608599999999999
                ],
                [
                    0.0,
                    0.0,
                    1.0,
                    -1.143
                ],
                [
                    0.0,
                    0.0,
                    0.0,
                    1.0
                ]
            ],
            "size": [
                1.48,
                0.272,
                0.945
            ]
        },
        "collider2": {
            "type": "Box",
            "collider2origin": [
                [
                    0.2945555744558608,
                    0.5586261416522869,
                    -0.7753540142539128,
                    0.4133753776383712
                ],
                [
                    0.9252692754114975,
                    0.03618790145040503,
                    0.37758072483655464,
                    -0.5312576711133208
                ],
                [
                    0.23898489813471488,
                    -0.8286297542638056,
                    -0.5062202572124559,
                    -0.7415384685832835
                ],
                [
                    0.0,
                    0.0,
                    0.0,
                    1.0
                ]
            ],
            "size": [
                0.09126,
                0.11887,
                0.10009
            ]
        },
        "distance": 0.0
    },
    {
        "case": 5,
        "collider1": {
            "type": "Box",
            "collider2origin": [
                [
                    1.0,
                    0.0,
                    0.0,
                    -0.26
                ],
                [
                    0.0,
                    1.0,
                    0.0,
                    -0.4608599999999999
                ],
                [
                    0.0,
                    0.0,
                    1.0,
                    -1.143
                ],
                [
                    0.0,
                    0.0,
                    0.0,
                    1.0
                ]
            ],
            "size": [
                1.48,
                0.272,
                0.945
            ]
        },
        "collider2": {
            "type": "Box",
            "collider2origin": [
                [
                    0.2200594483492608,
                    0.5586319271122578,
                    0.7996900707168146,
                    0.4529311797166711
                ],
                [
                    -0.9697093083775604,
                    0.03618740184192006,
                    0.24156640742008123,
                    -0.5269497933893905
                ],
                [
                    0.10600800176464184,
                    -0.8286258757477805,
                    0.5496739593641771,
                    -0.804808220525959
                ],
                [
                    0.0,
                    0.0,
                    0.0,
                    1.0
                ]
            ],
            "size": [
                0.08993,
                0.0305,
                0.09007
            ]
        },
        "distance": 0.0
    },
    {
        "case": 6,
        "collider1": {
            "type": "Cylinder",
            "collider2origin": [
                [
                    1.0,
                    0.0,
                    0.0,
                    0.4849999999999999
                ],
                [
                    0.0,
                    -3.673205103346574e-06,
                    -0.9999999999932537,
                    -0.46086
                ],
                [
                    0.0,
                    0.9999999999932537,
                    -3.673205103346574e-06,
                    -0.70001
                ],
                [
                    0.0,
                    0.0,
                    0.0,
                    1.0
                ]
            ],
            "radius": 0.026,
            "height": 0.272
        },
        "collider2": {
            "type": "Box",
            "collider2origin": [
                [
                    0.4479647462657361,
                    0.4378262742331524,
                    -0.7795099355968408,
                    0.6757870530782809
                ],
                [
                    -0.2181492074808036,
                    0.8990595940135001,
                    0.3796087060221057,
                    -0.7885029018323702
                ],
                [
                    0.8670285516513119,
                    -1.8429995939397946e-06,
                    0.4982584576482685,
                    -0.8286021047338626
                ],
                [
                    0.0,
                    0.0,
                    0.0,
                    1.0
                ]
            ],
            "size": [
                0.1202,
                0.13634,
                0.67816
            ]
        },
        "distance": 0.009213084771493981
    },
    {
        "case": 7,
        "collider1": {
            "type": "Box",
            "collider2origin": [
                [
                    1.0,
                    0.0,
                    0.0,
                    -0.26
                ],
                [
                    0.0,
                    1.0,
                    0.0,
                    -0.4608599999999999
                ],
                [
                    0.0,
                    0.0,
                    1.0,
                    -1.143
                ],
                [
                    0.0,
                    0.0,
                    0.0,
                    1.0
                ]
            ],
            "size": [
                1.48,
                0.272,
                0.945
            ]
        },
        "collider2": {
            "type": "Box",
            "collider2origin": [
                [
                    0.4479647462657361,
                    0.4378262742331524,
                    -0.7795099355968408,
                    0.6757870530782809
                ],
                [
                    -0.2181492074808036,
                    0.8990595940135001,
                    0.3796087060221057,
                    -0.7885029018323702
                ],
                [
                    0.8670285516513119,
                    -1.8429995939397946e-06,
                    0.4982584576482685,
                    -0.8286021047338626
                ],
                [
                    0.0,
                    0.0,
                    0.0,
                    1.0
                ]
            ],
            "size": [
                0.1202,
                0.13634,
                0.67816
            ]
        },
        "distance": 0.0
    },
    {
        "case": 8,
        "collider1": {
            "type": "Box",
            "collider2origin": [
                [
                    1.0,
                    0.0,
                    0.0,
                    -0.26
                ],
                [
                    0.0,
                    1.0,
                    0.0,
                    -0.4608599999999999
                ],
                [
                    0.0,
                    0.0,
                    1.0,
                    -1.143
                ],
                [
                    0.0,
                    0.0,
                    0.0,
                    1.0
                ]
            ],
            "size": [
                1.48,
                0.272,
                0.945
            ]
        },
        "collider2": {
            "type": "Box",
            "collider2origin": [
                [
                    0.7991515520908813,
                    0.5548448252576386,
                    -0.2313093527628208,
                    0.501143331280214
                ],
                [
                    0.41322206307177267,
                    -0.227584329680298,
                    0.8817328957653087,
                    -0.52936361075118
                ],
                [
                    0.4365825504775044,
                    -0.8002203401368831,
                    -0.4111484936732317,
                    -0.873288366958169
                ],
                [
                    0.0,
                    0.0,
                    0.0,
                    1.0
                ]
            ],
            "size": [
                0.06241,
                0.05638,
                0.02858
            ]
        },
        "distance": 0.0
    }
]