[
    {
        "case": 0,
        "collider1": {
            "type": "Box",
            "collider2origin": [
                [
                    1.0,
                    0.0,
                    0.0,
                    0.0
                ],
                [
                    0.0,
                    1.0,
                    0.0,
                    -0.37086
                ],
                [
                    0.0,
                    0.0,
                    1.0,
                    0.39699
                ],
                [
                    0.0,
                    0.0,
                    0.0,
                    1.0
                ]
            ],
            "size": [
                0.6,
                1.6,
                0.1
            ]
        },
        "collider2": {
            "type": "Box",
            "collider2origin": [
                [
                    0.5463648171074922,
                    -0.39726610542910823,
                    0.7373365094068548,
                    0.1624138241953168
                ],
                [
                    -0.15423801286589658,
                    -0.9130197209490112,
                    -0.37763159897626214,
                    -1.195523439164952
                ],
                [
                    0.8232230086764312,
                    0.09259930148428559,
                    -0.5601153875321994,
                    0.35670698619065444
                ],
                [
                    0.0,
                    0.0,
                    0.0,
                    1.0
                ]
            ],
            "size": [
                0.08993,
                0.0305,
                0.09007
            ]
        },
        "distance": 0.0
    },
    {
        "case": 1,
        "collider1": {
            "type": "Box",
            "collider2origin": [
                [
                    1.0,
                    0.0,
                    0.0,
                    0.0
                ],
                [
                    0.0,
                    1.0,
                    0.0,
                    -0.37086
                ],
                [
                    0.0,
                    0.0,
                    1.0,
                    0.39699
                ],
                [
                    0.0,
                    0.0,
                    0.0,
                    1.0
                ]
            ],
            "size": [
                0.6,
                1.6,
                0.1
            ]
        },
        "collider2": {
            "type": "Box",
            "collider2origin": [
                [
                    0.8819362004172621,
                    -0.39726974572103707,
                    -0.2537031484398748,
                    0.192372122119845
                ],
                [
                    -0.40773322409501345,
                    -0.913018288660346,
                    0.01229725745108491,
                    -1.1270433288561652
                ],
                [
                    -0.23652094275697483,
                    0.09259780616448321,
                    -0.9672039546708213,
                    0.3539544078642658
                ],
                [
                    0.0,
                    0.0,
                    0.0,
                    1.0
                ]
            ],
            "size": [
                0.09126,
                0.11887,
                0.10009
            ]
        },
        "distance": 0.0
    },
    {
        "case": 2,
        "collider1": {
            "type": "Box",
            "collider2origin": [
                [
                    1.0,
                    0.0,
                    0.0,
                    0.0
                ],
                [
                    0.0,
                    1.0,
                    0.0,
                    -0.37086
                ],
                [
                    0.0,
                    0.0,
                    1.0,
                    0.39699
                ],
                [
                    0.0,
                    0.0,
                    0.0,
                    1.0
                ]
            ],
            "size": [
                0.6,
                1.6,
                0.1
            ]
        },
        "collider2": {
            "type": "Box",
            "collider2origin": [
                [
                    0.9660711347182128,
                    -0.048386724790583015,
                    -0.2537031484398748,
                    0.2209279485745671
                ],
                [
                    -0.04679799832637736,
                    -0.9988286764064325,
                    0.01229725745108491,
                    -1.1224104148926346
                ],
                [
                    -0.25400100396830944,
                    -7.22594360566917e-06,
                    -0.9672039546708213,
                    0.4595807899157569
                ],
                [
                    0.0,
                    0.0,
                    0.0,
                    1.0
                ]
            ],
            "size": [
                0.09102,
                0.10007,
                0.11882
            ]
        },
        "distance": 0.0
    },
    {
        "case": 3,
        "collider1": {
            "type": "Box",
            "collider2origin": [
                [
                    1.0,
                    0.0,
                    0.0,
                    0.0
                ],
                [
                    0.0,
                    1.0,
                    0.0,
                    -0.37086
                ],
                [
                    0.0,
                    0.0,
                    1.0,
                    0.39699
                ],
                [
                    0.0,
                    0.0,
                    0.0,
                    1.0
                ]
            ],
            "size": [
                0.6,
                1.6,
                0.1
            ]
        },
        "collider2": {
            "type": "Box",
            "collider2origin": [
                [
                    -0.5049442331147268,
                    -0.04838895843498787,
                    -0.861794540563908,
                    0.4787882341455598
                ],
                [
                    0.024463950440726988,
                    -0.9988285682229348,
                    0.04174932850424615,
                    -1.023010231155396
                ],
                [
                    -0.8628052135754707,
                    -1.8162658131524122e-06,
                    0.5055365104754423,
                    0.31452561733983897
                ],
                [
                    0.0,
                    0.0,
                    0.0,
                    1.0
                ]
            ],
            "size": [
                0.1202,
                0.13634,
                0.67816
            ]
        },
        "distance": 0.0
    }
]