[
    {
        "case": 0,
        "collider1": {
            "type": "Box",
            "collider2origin": [
                [
                    1.0,
                    0.0,
                    0.0,
                    1.2009999999999998
                ],
                [
                    0.0,
                    1.0,
                    0.0,
                    0.02914
                ],
                [
                    0.0,
                    0.0,
                    1.0,
                    -1.22801
                ],
                [
                    0.0,
                    0.0,
                    0.0,
                    1.0
                ]
            ],
            "size": [
                0.41,
                0.6,
                0.82
            ]
        },
        "collider2": {
            "type": "Cylinder",
            "collider2origin": [
                [
                    -0.9210269560521368,
                    0.0008615591147978751,
                    -0.38949788695348,
                    1.372293392671971
                ],
                [
                    -0.26325018525514,
                    -0.7383969210573785,
                    0.620861761534818,
                    -0.2842989000822336
                ],
                [
                    -0.2870691313751248,
                    0.6743658092525704,
                    0.6803102741563265,
                    -0.9815643381172003
                ],
                [
                    0.0,
                    0.0,
                    0.0,
                    1.0
                ]
            ],
            "radius": 0.0076,
            "height": 0.02993
        },
        "distance": 0.0
    },
    {
        "case": 1,
        "collider1": {
            "type": "Box",
            "collider2origin": [
                [
                    1.0,
                    0.0,
                    0.0,
                    1.2009999999999998
                ],
                [
                    0.0,
                    1.0,
                    0.0,
                    0.02914
                ],
                [
                    0.0,
                    0.0,
                    1.0,
                    -1.22801
                ],
                [
                    0.0,
                    0.0,
                    0.0,
                    1.0
                ]
            ],
            "size": [
                0.41,
                0.6,
                0.82
            ]
        },
        "collider2": {
            "type": "Cylinder",
            "collider2origin": [
                [
                    -0.9102574491896889,
                    0.2869825634458896,
                    -0.2984499697984675,
                    1.343868589599665
                ],
                [
                    -0.37936578031107004,
                    -0.8668481905595354,
                    0.32350551657217763,
                    -0.2705066728725025
                ],
                [
                    -0.16587037385757933,
                    0.4076950119901942,
                    0.8979263868907413,
                    -0.9930344306909681
                ],
                [
                    0.0,
                    0.0,
                    0.0,
                    1.0
                ]
            ],
            "radius": 0.00813,
            "height": 0.03824
        },
        "distance": 0.0
    },
    {
        "case": 2,
        "collider1": {
            "type": "Box",
            "collider2origin": [
                [
                    1.0,
                    0.0,
                    0.0,
                    1.2009999999999998
                ],
                [
                    0.0,
                    1.0,
                    0.0,
                    0.02914
                ],
                [
                    0.0,
                    0.0,
                    1.0,
                    -1.22801
                ],
                [
                    0.0,
                    0.0,
                    0.0,
                    1.0
                ]
            ],
            "size": [
                0.41,
                0.6,
                0.82
            ]
        },
        "collider2": {
            "type": "Sphere",
            "collider2origin": [
                [
                    1.0,
                    0.0,
                    0.0,
                    1.2988781186616942
                ],
                [
                    0.0,
                    1.0,
                    0.0,
                    -0.24667077929788772
                ],
                [
                    0.0,
                    0.0,
                    1.0,
                    -1.0033026181057116
                ],
                [
                    0.0,
                    0.0,
                    0.0,
                    1.0
                ]
            ],
            "radius": 0.00663
        },
        "distance": 0.0
    },
    {
        "case": 3,
        "collider1": {
            "type": "Box",
            "collider2origin": [
                [
                    1.0,
                    0.0,
                    0.0,
                    1.2009999999999998
                ],
                [
                    0.0,
                    1.0,
                    0.0,
                    0.02914
                ],
                [
                    0.0,
                    0.0,
                    1.0,
                    -1.22801
                ],
                [
                    0.0,
                    0.0,
                    0.0,
                    1.0
                ]
            ],
            "size": [
                0.41,
                0.6,
                0.82
            ]
        },
        "collider2": {
            "type": "Cylinder",
            "collider2origin": [
                [
                    -0.9224264241234333,
                    0.1972844096368521,
                    -0.3319764355991159,
                    1.3589744164434252
                ],
                [
                    -0.2563768816469444,
                    -0.9557294364855087,
                    0.1444026966232965,
                    -0.27005864091934906
                ],
                [
                    -0.2887912509683143,
                    0.21831194641917737,
                    0.9321692482670867,
                    -0.9516640623459419
                ],
                [
                    0.0,
                    0.0,
                    0.0,
                    1.0
                ]
            ],
            "radius": 0.00783,
            "height": 0.03683
        },
        "distance": 0.0
    },
    {
        "case": 4,
        "collider1": {
            "type": "Box",
            "collider2origin": [
                [
                    1.0,
                    0.0,
                    0.0,
                    1.2009999999999998
                ],
                [
                    0.0,
                    1.0,
                    0.0,
                    0.02914
                ],
                [
                    0.0,
                    0.0,
                    1.0,
                    -1.22801
                ],
                [
                    0.0,
                    0.0,
                    0.0,
                    1.0
                ]
            ],
            "size": [
                0.41,
                0.6,
                0.82
            ]
        },
        "collider2": {
            "type": "Cylinder",
            "collider2origin": [
                [
                    -0.9102574491896889,
                    0.3972122125052237,
                    -0.11684962315465572,
                    1.3372802086726894
                ],
                [
                    -0.37936578031107004,
                    -0.9131783510276678,
                    -0.14895269028574543,
                    -0.26727080061669084
                ],
                [
                    -0.16587037385757933,
                    -0.09125654744232391,
                    0.9819161174078225,
                    -0.9642796038352012
                ],
                [
                    0.0,
                    0.0,
                    0.0,
                    1.0
                ]
            ],
            "radius": 0.00683,
            "height": 0.01183
        },
        "distance": 0.0
    },
    {
        "case": 5,
        "collider1": {
            "type": "Box",
            "collider2origin": [
                [
                    1.0,
                    0.0,
                    0.0,
                    1.2009999999999998
                ],
                [
                    0.0,
                    1.0,
                    0.0,
                    0.02914
                ],
                [
                    0.0,
                    0.0,
                    1.0,
                    -1.22801
                ],
                [
                    0.0,
                    0.0,
                    0.0,
                    1.0
                ]
            ],
            "size": [
                0.41,
                0.6,
                0.82
            ]
        },
        "collider2": {
            "type": "Cylinder",
            "collider2origin": [
                [
                    -0.9102574491896889,
                    0.3972122125052237,
                    -0.11684962315465572,
                    1.3353752841821285
                ],
                [
                    -0.37936578031107004,
                    -0.9131783510276678,
                    -0.14895269028574543,
                    -0.2697064521131298
                ],
                [
                    -0.16587037385757933,
                    -0.09125654744232391,
                    0.9819161174078225,
                    -0.9482551954382228
                ],
                [
                    0.0,
                    0.0,
                    0.0,
                    1.0
                ]
            ],
            "radius": 0.00683,
            "height": 0.01782
        },
        "distance": 0.0
    },
    {
        "case": 6,
        "collider1": {
            "type": "Box",
            "collider2origin": [
                [
                    1.0,
                    0.0,
                    0.0,
                    1.2009999999999998
                ],
                [
                    0.0,
                    1.0,
                    0.0,
                    0.02914
                ],
                [
                    0.0,
                    0.0,
                    1.0,
                    -1.22801
                ],
                [
                    0.0,
                    0.0,
                    0.0,
                    1.0
                ]
            ],
            "size": [
                0.41,
                0.6,
                0.82
            ]
        },
        "collider2": {
            "type": "Cylinder",
            "collider2origin": [
                [
                    -0.8674069424866672,
                    0.49449401133113907,
                    0.05550557524762813,
                    1.2983906457939343
                ],
                [
                    -0.4935599031815199,
                    -0.8408114279204071,
                    -0.2223393007317731,
                    -0.25068403672750095
                ],
                [
                    -0.06327573071391315,
                    -0.22025397938762462,
                    0.9733880862567281,
                    -0.9834073238126672
                ],
                [
                    0.0,
                    0.0,
                    0.0,
                    1.0
                ]
            ],
            "radius": 0.00796,
            "height": 0.03037
        },
        "distance": 0.0
    },
    {
        "case": 7,
        "collider1": {
            "type": "Box",
            "collider2origin": [
                [
                    1.0,
                    0.0,
                    0.0,
                    1.2009999999999998
                ],
                [
                    0.0,
                    1.0,
                    0.0,
                    0.02914
                ],
                [
                    0.0,
                    0.0,
                    1.0,
                    -1.22801
                ],
                [
                    0.0,
                    0.0,
                    0.0,
                    1.0
                ]
            ],
            "size": [
                0.41,
                0.6,
                0.82
            ]
        },
        "collider2": {
            "type": "Box",
            "collider2origin": [
                [
                    -0.9211085256507157,
                    -0.10276320883550859,
                    0.37549807840173366,
                    1.3402053604355453
                ],
                [
                    -0.3370355848720895,
                    0.6932468344525039,
                    -0.6370367658554025,
                    -0.2822218970699505
                ],
                [
                    -0.1948489119895044,
                    -0.7133362106548438,
                    -0.67319042778778,
                    -0.9130392604597771
                ],
                [
                    0.0,
                    0.0,
                    0.0,
                    1.0
                ]
            ],
            "size": [
                0.07264,
                0.04753,
                0.03326
            ]
        },
        "distance": 0.0
    },
    {
        "case": 8,
        "collider1": {
            "type": "Box",
            "collider2origin": [
                [
                    1.0,
                    0.0,
                    0.0,
                    1.2009999999999998
                ],
                [
                    0.0,
                    1.0,
                    0.0,
                    0.02914
                ],
                [
                    0.0,
                    0.0,
                    1.0,
                    -1.22801
                ],
                [
                    0.0,
                    0.0,
                    0.0,
                    1.0
                ]
            ],
            "size": [
                0.41,
                0.6,
                0.82
            ]
        },
        "collider2": {
            "type": "Cylinder",
            "collider2origin": [
                [
                    -0.8912370038216317,
                    -0.16462558851429307,
                    -0.42260503857072385,
                    1.3771953243741915
                ],
                [
                    -0.12087148529902698,
                    -0.8118801244301348,
                    0.5711748835487387,
                    -0.2818960041687645
                ],
                [
                    -0.4371346326483953,
                    0.5601330905790435,
                    0.7036790701574981,
                    -0.9382115144173885
                ],
                [
                    0.0,
                    0.0,
                    0.0,
                    1.0
                ]
            ],
            "radius": 0.00783,
            "height": 0.03044
        },
        "distance": 0.0
    },
    {
        "case": 9,
        "collider1": {
            "type": "Box",
            "collider2origin": [
                [
                    1.0,
                    0.0,
                    0.0,
                    1.2009999999999998
                ],
                [
                    0.0,
                    1.0,
                    0.0,
                    0.02914
                ],
                [
                    0.0,
                    0.0,
                    1.0,
                    -1.22801
                ],
                [
                    0.0,
                    0.0,
                    0.0,
                    1.0
                ]
            ],
            "size": [
                0.41,
                0.6,
                0.82
            ]
        },
        "collider2": {
            "type": "Cylinder",
            "collider2origin": [
                [
                    -0.8674069424866672,
                    0.4018806552886344,
                    0.2934231330872002,
                    1.3025093717558567
                ],
                [
                    -0.4935599031815199,
                    -0.6198799334876224,
                    -0.6100389250128461,
                    -0.26108740105135
                ],
                [
                    -0.06327573071391315,
                    -0.6739738919009829,
                    0.7360403351301218,
                    -0.9587753992594403
                ],
                [
                    0.0,
                    0.0,
                    0.0,
                    1.0
                ]
            ],
            "radius": 0.00713,
            "height": 0.01426
        },
        "distance": 0.0
    },
    {
        "case": 10,
        "collider1": {
            "type": "Box",
            "collider2origin": [
                [
                    1.0,
                    0.0,
                    0.0,
                    1.2009999999999998
                ],
                [
                    0.0,
                    1.0,
                    0.0,
                    0.02914
                ],
                [
                    0.0,
                    0.0,
                    1.0,
                    -1.22801
                ],
                [
                    0.0,
                    0.0,
                    0.0,
                    1.0
                ]
            ],
            "size": [
                0.41,
                0.6,
                0.82
            ]
        },
        "collider2": {
            "type": "Cylinder",
            "collider2origin": [
                [
                    -0.8710644603509075,
                    0.3829256223924694,
                    0.30759498310102806,
                    1.3069284107796013
                ],
                [
                    -0.49014700939164324,
                    -0.6373153924044069,
                    -0.5946301369665387,
                    -0.2705907226018298
                ],
                [
                    -0.031664097934572456,
                    -0.668727940435986,
                    0.7428326369931744,
                    -0.9473744724044839
                ],
                [
                    0.0,
                    0.0,
                    0.0,
                    1.0
                ]
            ],
            "radius": 0.00713,
            "height": 0.01697
        },
        "distance": 0.0
    }
]