[
    {
        "case": 0,
        "collider1": {
            "type": "Box",
            "collider2origin": [
                [
                    1.0,
                    0.0,
                    0.0,
                    1.2009999999999998
                ],
                [
                    0.0,
                    1.0,
                    0.0,
                    0.02914
                ],
                [
                    0.0,
                    0.0,
                    1.0,
                    -1.22801
                ],
                [
                    0.0,
                    0.0,
                    0.0,
                    1.0
                ]
            ],
            "size": [
                0.41,
                0.6,
                0.82
            ]
        },
        "collider2": {
            "type": "Box",
            "collider2origin": [
                [
                    0.35898610248801854,
                    0.8715782997955056,
                    0.3338865758697666,
                    1.4355920240851827
                ],
                [
                    0.6381970929403993,
                    -0.49025632814384934,
                    0.5935934663364597,
                    -0.3239225251432283
                ],
                [
                    0.6810531908616867,
                    -6.3628505694309494e-06,
                    -0.732233945659875,
                    -0.566793565707425
                ],
                [
                    0.0,
                    0.0,
                    0.0,
                    1.0
                ]
            ],
            "size": [
                0.1202,
                0.13634,
                0.67816
            ]
        },
        "distance": 0.04047861941786385
    },
    {
        "case": 1,
        "collider1": {
            "type": "Box",
            "collider2origin": [
                [
                    1.0,
                    0.0,
                    0.0,
                    1.23
                ],
                [
                    0.0,
                    1.0,
                    0.0,
                    -0.23086
                ],
                [
                    0.0,
                    0.0,
                    1.0,
                    -0.54301
                ],
                [
                    0.0,
                    0.0,
                    0.0,
                    1.0
                ]
            ],
            "size": [
                0.1,
                0.16,
                0.1
            ]
        },
        "collider2": {
            "type": "Box",
            "collider2origin": [
                [
                    0.35898610248801854,
                    0.8715782997955056,
                    0.3338865758697666,
                    1.4355920240851827
                ],
                [
                    0.6381970929403993,
                    -0.49025632814384934,
                    0.5935934663364597,
                    -0.3239225251432283
                ],
                [
                    0.6810531908616867,
                    -6.3628505694309494e-06,
                    -0.732233945659875,
                    -0.566793565707425
                ],
                [
                    0.0,
                    0.0,
                    0.0,
                    1.0
                ]
            ],
            "size": [
                0.1202,
                0.13634,
                0.67816
            ]
        },
        "distance": 0.07384449988278977
    },
    {
        "case": 2,
        "collider1": {
            "type": "Box",
            "collider2origin": [
                [
                    1.0,
                    0.0,
                    0.0,
                    1.28
                ],
                [
                    0.0,
                    1.0,
                    0.0,
                    -0.23086
                ],
                [
                    0.0,
                    0.0,
                    1.0,
                    -0.67301
                ],
                [
                    0.0,
                    0.0,
                    0.0,
                    1.0
                ]
            ],
            "size": [
                0.06,
                0.06,
                0.33
            ]
        },
        "collider2": {
            "type": "Box",
            "collider2origin": [
                [
                    0.35898610248801854,
                    0.8715782997955056,
                    0.3338865758697666,
                    1.4355920240851827
                ],
                [
                    0.6381970929403993,
                    -0.49025632814384934,
                    0.5935934663364597,
                    -0.3239225251432283
                ],
                [
                    0.6810531908616867,
                    -6.3628505694309494e-06,
                    -0.732233945659875,
                    -0.566793565707425
                ],
                [
                    0.0,
                    0.0,
                    0.0,
                    1.0
                ]
            ],
            "size": [
                0.1202,
                0.13634,
                0.67816
            ]
        },
        "distance": 0.07220956855657708
    }
]