[
    {
        "case": 0,
        "collider1": {
            "type": "Box",
            "collider2origin": [
                [
                    1.0,
                    0.0,
                    0.0,
                    -0.26
                ],
                [
                    0.0,
                    1.0,
                    0.0,
                    -0.4608599999999999
                ],
                [
                    0.0,
                    0.0,
                    1.0,
                    -1.143
                ],
                [
                    0.0,
                    0.0,
                    0.0,
                    1.0
                ]
            ],
            "size": [
                1.48,
                0.272,
                0.945
            ]
        },
        "collider2": {
            "type": "Box",
            "collider2origin": [
                [
                    0.012742601003269915,
                    -0.6900704050094332,
                    0.7236300589733596,
                    0.2958233613206277
                ],
                [
                    -0.012154920092157413,
                    -0.723742244252845,
                    -0.6899633481580077,
                    -0.5495954670434491
                ],
                [
                    0.9998449299952591,
                    -3.7378906466443523e-06,
                    -0.017610109278577445,
                    -1.0032194861748738
                ],
                [
                    0.0,
                    0.0,
                    0.0,
                    1.0
                ]
            ],
            "size": [
                0.09102,
                0.10007,
                0.11882
            ]
        },
        "distance": 0.0
    },
    {
        "case": 1,
        "collider1": {
            "type": "Box",
            "collider2origin": [
                [
                    1.0,
                    0.0,
                    0.0,
                    -0.26
                ],
                [
                    0.0,
                    1.0,
                    0.0,
                    -0.4608599999999999
                ],
                [
                    0.0,
                    0.0,
                    1.0,
                    -1.143
                ],
                [
                    0.0,
                    0.0,
                    0.0,
                    1.0
                ]
            ],
            "size": [
                1.48,
                0.272,
                0.945
            ]
        },
        "collider2": {
            "type": "Box",
            "collider2origin": [
                [
                    0.5620708636623637,
                    -0.40054448188941066,
                    0.7236300589733596,
                    0.37137100675254064
                ],
                [
                    0.5743059298703779,
                    -0.44059423182142543,
                    -0.6899633481580077,
                    -0.6288491431352455
                ],
                [
                    0.5951882417668924,
                    0.8033933288953995,
                    -0.017610109278577445,
                    -1.003180108256881
                ],
                [
                    0.0,
                    0.0,
                    0.0,
                    1.0
                ]
            ],
            "size": [
                0.09126,
                0.11887,
                0.10009
            ]
        },
        "distance": 0.0
    },
    {
        "case": 2,
        "collider1": {
            "type": "Box",
            "collider2origin": [
                [
                    1.0,
                    0.0,
                    0.0,
                    -0.26
                ],
                [
                    0.0,
                    1.0,
                    0.0,
                    -0.4608599999999999
                ],
                [
                    0.0,
                    0.0,
                    1.0,
                    -1.143
                ],
                [
                    0.0,
                    0.0,
                    0.0,
                    1.0
                ]
            ],
            "size": [
                1.48,
                0.272,
                0.945
            ]
        },
        "collider2": {
            "type": "Box",
            "collider2origin": [
                [
                    0.09382125414916513,
                    -0.6900756990539664,
                    -0.7176301985319856,
                    0.580551782988582
                ],
                [
                    -0.08945188046838703,
                    -0.7237371964725609,
                    0.6842534848451317,
                    -0.6666590371078744
                ],
                [
                    -0.9915623698742037,
                    -4.149364518968865e-06,
                    -0.12963050039337046,
                    -0.9650625845839865
                ],
                [
                    0.0,
                    0.0,
                    0.0,
                    1.0
                ]
            ],
            "size": [
                0.1202,
                0.13634,
                0.67816
            ]
        },
        "distance": 0.0
    }
]