[
    {
        "case": 0,
        "collider1": {
            "type": "Box",
            "collider2origin": [
                [
                    1.0,
                    0.0,
                    0.0,
                    1.2009999999999998
                ],
                [
                    0.0,
                    1.0,
                    0.0,
                    0.02914
                ],
                [
                    0.0,
                    0.0,
                    1.0,
                    -1.22801
                ],
                [
                    0.0,
                    0.0,
                    0.0,
                    1.0
                ]
            ],
            "size": [
                0.41,
                0.6,
                0.82
            ]
        },
        "collider2": {
            "type": "Box",
            "collider2origin": [
                [
                    -0.18313973232457753,
                    0.9516037959671676,
                    0.24679962306486455,
                    1.2317607793323466
                ],
                [
                    -0.5670746515858341,
                    -0.3073275378137697,
                    0.7641833052547867,
                    -0.43921783262977376
                ],
                [
                    0.8030480545850831,
                    -1.4842897507332572e-06,
                    0.5959142740570241,
                    -0.6856685060251774
                ],
                [
                    0.0,
                    0.0,
                    0.0,
                    1.0
                ]
            ],
            "size": [
                0.1202,
                0.13634,
                0.67816
            ]
        },
        "distance": 0.1359906339515587
    },
    {
        "case": 1,
        "collider1": {
            "type": "Box",
            "collider2origin": [
                [
                    1.0,
                    0.0,
                    0.0,
                    1.23
                ],
                [
                    0.0,
                    1.0,
                    0.0,
                    -0.23086
                ],
                [
                    0.0,
                    0.0,
                    1.0,
                    -0.54301
                ],
                [
                    0.0,
                    0.0,
                    0.0,
                    1.0
                ]
            ],
            "size": [
                0.1,
                0.16,
                0.1
            ]
        },
        "collider2": {
            "type": "Box",
            "collider2origin": [
                [
                    -0.18313973232457753,
                    0.9516037959671676,
                    0.24679962306486455,
                    1.2317607793323466
                ],
                [
                    -0.5670746515858341,
                    -0.3073275378137697,
                    0.7641833052547867,
                    -0.43921783262977376
                ],
                [
                    0.8030480545850831,
                    -1.4842897507332572e-06,
                    0.5959142740570241,
                    -0.6856685060251774
                ],
                [
                    0.0,
                    0.0,
                    0.0,
                    1.0
                ]
            ],
            "size": [
                0.1202,
                0.13634,
                0.67816
            ]
        },
        "distance": 0.0
    },
    {
        "case": 2,
        "collider1": {
            "type": "Box",
            "collider2origin": [
                [
                    1.0,
                    0.0,
                    0.0,
                    1.28
                ],
                [
                    0.0,
                    1.0,
                    0.0,
                    -0.23086
                ],
                [
                    0.0,
                    0.0,
                    1.0,
                    -0.67301
                ],
                [
                    0.0,
                    0.0,
                    0.0,
                    1.0
                ]
            ],
            "size": [
                0.06,
                0.06,
                0.33
            ]
        },
        "collider2": {
            "type": "Box",
            "collider2origin": [
                [
                    -0.18313973232457753,
                    0.9516037959671676,
                    0.24679962306486455,
                    1.2317607793323466
                ],
                [
                    -0.5670746515858341,
                    -0.3073275378137697,
                    0.7641833052547867,
                    -0.43921783262977376
                ],
                [
                    0.8030480545850831,
                    -1.4842897507332572e-06,
                    0.5959142740570241,
                    -0.6856685060251774
                ],
                [
                    0.0,
                    0.0,
                    0.0,
                    1.0
                ]
            ],
            "size": [
                0.1202,
                0.13634,
                0.67816
            ]
        },
        "distance": 0.0
    }
]