[
    {
        "case": 0,
        "collider1": {
            "type": "Box",
            "collider2origin": [
                [
                    1.0,
                    0.0,
                    0.0,
                    -0.06
                ],
                [
                    0.0,
                    1.0,
                    0.0,
                    -0.37086
                ],
                [
                    0.0,
                    0.0,
                    1.0,
                    -0.40301
                ],
                [
                    0.0,
                    0.0,
                    0.0,
                    1.0
                ]
            ],
            "size": [
                0.1,
                1.0,
                1.64
            ]
        },
        "collider2": {
            "type": "Sphere",
            "collider2origin": [
                [
                    1.0,
                    0.0,
                    0.0,
                    -0.10314035265984267
                ],
                [
                    0.0,
                    1.0,
                    0.0,
                    -0.7090922626266167
                ],
                [
                    0.0,
                    0.0,
                    1.0,
                    0.004912010452364557
                ],
                [
                    0.0,
                    0.0,
                    0.0,
                    1.0
                ]
            ],
            "radius": 0.00663
        },
        "distance": 0.0
    },
    {
        "case": 1,
        "collider1": {
            "type": "Box",
            "collider2origin": [
                [
                    1.0,
                    0.0,
                    0.0,
                    -0.06
                ],
                [
                    0.0,
                    1.0,
                    0.0,
                    -0.37086
                ],
                [
                    0.0,
                    0.0,
                    1.0,
                    -0.40301
                ],
                [
                    0.0,
                    0.0,
                    0.0,
                    1.0
                ]
            ],
            "size": [
                0.1,
                1.0,
                1.64
            ]
        },
        "collider2": {
            "type": "Cylinder",
            "collider2origin": [
                [
                    -0.01041011270391304,
                    -0.9889727380637109,
                    0.14773135388352032,
                    -0.09892859519849218
                ],
                [
                    0.8573388872731682,
                    0.06721022376651724,
                    0.5103457829652953,
                    -0.6978699127256793
                ],
                [
                    -0.5146471236902986,
                    0.1319685916724912,
                    0.8471851207907759,
                    0.02129757000300847
                ],
                [
                    0.0,
                    0.0,
                    0.0,
                    1.0
                ]
            ],
            "radius": 0.00796,
            "height": 0.03037
        },
        "distance": 0.0
    },
    {
        "case": 2,
        "collider1": {
            "type": "Box",
            "collider2origin": [
                [
                    1.0,
                    0.0,
                    0.0,
                    -0.06
                ],
                [
                    0.0,
                    1.0,
                    0.0,
                    -0.37086
                ],
                [
                    0.0,
                    0.0,
                    1.0,
                    -0.40301
                ],
                [
                    0.0,
                    0.0,
                    0.0,
                    1.0
                ]
            ],
            "size": [
                0.1,
                1.0,
                1.64
            ]
        },
        "collider2": {
            "type": "Box",
            "collider2origin": [
                [
                    -0.2765710239065737,
                    -0.43442680436845915,
                    -0.8571941555922309,
                    -0.082969136701458
                ],
                [
                    0.7349781927994296,
                    -0.6702891389769918,
                    0.10256474188904974,
                    -0.6439342239924204
                ],
                [
                    -0.6191248055477617,
                    -0.601652575674443,
                    0.5046767810586835,
                    0.13493379351711376
                ],
                [
                    0.0,
                    0.0,
                    0.0,
                    1.0
                ]
            ],
            "size": [
                0.06241,
                0.05638,
                0.02858
            ]
        },
        "distance": 0.0
    },
    {
        "case": 3,
        "collider1": {
            "type": "Box",
            "collider2origin": [
                [
                    1.0,
                    0.0,
                    0.0,
                    -0.06
                ],
                [
                    0.0,
                    1.0,
                    0.0,
                    -0.37086
                ],
                [
                    0.0,
                    0.0,
                    1.0,
                    -0.40301
                ],
                [
                    0.0,
                    0.0,
                    0.0,
                    1.0
                ]
            ],
            "size": [
                0.1,
                1.0,
                1.64
            ]
        },
        "collider2": {
            "type": "Box",
            "collider2origin": [
                [
                    -0.09081326981496914,
                    -0.4344231929064467,
                    -0.8961190989430377,
                    -0.10334398269375922
                ],
                [
                    0.697172312712736,
                    -0.6702881305338563,
                    0.2542923287325098,
                    -0.6776091867413316
                ],
                [
                    -0.7111284809458057,
                    -0.6016563068151083,
                    0.36373887894658063,
                    0.10205130220867642
                ],
                [
                    0.0,
                    0.0,
                    0.0,
                    1.0
                ]
            ],
            "size": [
                0.07264,
                0.04753,
                0.03326
            ]
        },
        "distance": 0.0
    },
    {
        "case": 4,
        "collider1": {
            "type": "Box",
            "collider2origin": [
                [
                    1.0,
                    0.0,
                    0.0,
                    -0.06
                ],
                [
                    0.0,
                    1.0,
                    0.0,
                    -0.37086
                ],
                [
                    0.0,
                    0.0,
                    1.0,
                    -0.40301
                ],
                [
                    0.0,
                    0.0,
                    0.0,
                    1.0
                ]
            ],
            "size": [
                0.1,
                1.0,
                1.64
            ]
        },
        "collider2": {
            "type": "Cylinder",
            "collider2origin": [
                [
                    -0.01041011270391304,
                    -0.9320604817579848,
                    -0.36215312769402447,
                    -0.10031065691980712
                ],
                [
                    0.8573388872731682,
                    -0.19472080210270493,
                    0.4765016700890823,
                    -0.6839733749234085
                ],
                [
                    -0.5146471236902986,
                    -0.3055275234304625,
                    0.8011187617973693,
                    0.044468710296669656
                ],
                [
                    0.0,
                    0.0,
                    0.0,
                    1.0
                ]
            ],
            "radius": 0.00713,
            "height": 0.01426
        },
        "distance": 0.0
    },
    {
        "case": 5,
        "collider1": {
            "type": "Box",
            "collider2origin": [
                [
                    1.0,
                    0.0,
                    0.0,
                    -0.06
                ],
                [
                    0.0,
                    1.0,
                    0.0,
                    -0.37086
                ],
                [
                    0.0,
                    0.0,
                    1.0,
                    -0.40301
                ],
                [
                    0.0,
                    0.0,
                    0.0,
                    1.0
                ]
            ],
            "size": [
                0.1,
                1.0,
                1.64
            ]
        },
        "collider2": {
            "type": "Box",
            "collider2origin": [
                [
                    -0.27097690235828886,
                    -0.6553135369697426,
                    -0.7050784968019607,
                    0.019211204569253848
                ],
                [
                    0.8124669957995009,
                    -0.5485163441213763,
                    0.19755303330562538,
                    -0.5564839449315386
                ],
                [
                    -0.5162062563790177,
                    -0.5193206990828746,
                    0.6810558805114557,
                    0.21839248850962445
                ],
                [
                    0.0,
                    0.0,
                    0.0,
                    1.0
                ]
            ],
            "size": [
                0.09126,
                0.11887,
                0.10009
            ]
        },
        "distance": 0.0
    },
    {
        "case": 6,
        "collider1": {
            "type": "Box",
            "collider2origin": [
                [
                    1.0,
                    0.0,
                    0.0,
                    -0.06
                ],
                [
                    0.0,
                    1.0,
                    0.0,
                    -0.37086
                ],
                [
                    0.0,
                    0.0,
                    1.0,
                    -0.40301
                ],
                [
                    0.0,
                    0.0,
                    0.0,
                    1.0
                ]
            ],
            "size": [
                0.1,
                1.0,
                1.64
            ]
        },
        "collider2": {
            "type": "Box",
            "collider2origin": [
                [
                    0.7512364355362495,
                    -0.6553112365567559,
                    -0.07880990524829934,
                    -0.03244085627525095
                ],
                [
                    -0.4015340493634446,
                    -0.548514375778384,
                    0.7334182890862788,
                    -0.5960408786858091
                ],
                [
                    -0.5238456119168942,
                    -0.5193256808659716,
                    -0.6751937589081445,
                    0.18154804971123584
                ],
                [
                    0.0,
                    0.0,
                    0.0,
                    1.0
                ]
            ],
            "size": [
                0.08993,
                0.0305,
                0.09007
            ]
        },
        "distance": 0.0
    },
    {
        "case": 7,
        "collider1": {
            "type": "Box",
            "collider2origin": [
                [
                    1.0,
                    0.0,
                    0.0,
                    -0.06
                ],
                [
                    0.0,
                    1.0,
                    0.0,
                    -0.37086
                ],
                [
                    0.0,
                    0.0,
                    1.0,
                    -0.40301
                ],
                [
                    0.0,
                    0.0,
                    0.0,
                    1.0
                ]
            ],
            "size": [
                0.1,
                1.0,
                1.64
            ]
        },
        "collider2": {
            "type": "Cylinder",
            "collider2origin": [
                [
                    0.005511319384405219,
                    -0.9352319224427907,
                    -0.3539927634890363,
                    -0.10590430388025807
                ],
                [
                    0.8713300806391138,
                    -0.16920634390969494,
                    0.4606008073746164,
                    -0.6764745844720397
                ],
                [
                    -0.49066639984013327,
                    -0.31098306131472137,
                    0.8139631561951967,
                    0.056809756240411735
                ],
                [
                    0.0,
                    0.0,
                    0.0,
                    1.0
                ]
            ],
            "radius": 0.00713,
            "height": 0.01697
        },
        "distance": 0.0
    }
]