[
    {
        "case": 0,
        "collider1": {
            "type": "Box",
            "collider2origin": [
                [
                    1.0,
                    0.0,
                    0.0,
                    0.5199999999999999
                ],
                [
                    0.0,
                    1.0,
                    0.0,
                    -0.43085999999999997
                ],
                [
                    0.0,
                    0.0,
                    1.0,
                    -0.80301
                ],
                [
                    0.0,
                    0.0,
                    0.0,
                    1.0
                ]
            ],
            "size": [
                0.2,
                0.08,
                0.04
            ]
        },
        "collider2": {
            "type": "Box",
            "collider2origin": [
                [
                    0.6948342294768866,
                    0.4968759252228208,
                    -0.5199227908845957,
                    0.47590144332407613
                ],
                [
                    -0.3978305740482243,
                    0.8678215916497063,
                    0.29768526906622483,
                    -0.6443823195533922
                ],
                [
                    0.599112867412912,
                    -7.321998764453604e-07,
                    0.8006645815194663,
                    -0.5479040956501011
                ],
                [
                    0.0,
                    0.0,
                    0.0,
                    1.0
                ]
            ],
            "size": [
                0.1202,
                0.13634,
                0.67816
            ]
        },
        "distance": 0.15416717766686763
    },
    {
        "case": 1,
        "collider1": {
            "type": "Cylinder",
            "collider2origin": [
                [
                    1.0,
                    0.0,
                    0.0,
                    0.4849999999999999
                ],
                [
                    0.0,
                    -3.673205103346574e-06,
                    -0.9999999999932537,
                    -0.46086
                ],
                [
                    0.0,
                    0.9999999999932537,
                    -3.673205103346574e-06,
                    -0.70001
                ],
                [
                    0.0,
                    0.0,
                    0.0,
                    1.0
                ]
            ],
            "radius": 0.026,
            "height": 0.272
        },
        "collider2": {
            "type": "Box",
            "collider2origin": [
                [
                    0.6948342294768866,
                    0.4968759252228208,
                    -0.5199227908845957,
                    0.47590144332407613
                ],
                [
                    -0.3978305740482243,
                    0.8678215916497063,
                    0.29768526906622483,
                    -0.6443823195533922
                ],
                [
                    0.599112867412912,
                    -7.321998764453604e-07,
                    0.8006645815194663,
                    -0.5479040956501011
                ],
                [
                    0.0,
                    0.0,
                    0.0,
                    1.0
                ]
            ],
            "size": [
                0.1202,
                0.13634,
                0.67816
            ]
        },
        "distance": 0.0197587906198791
    },
    {
        "case": 2,
        "collider1": {
            "type": "Box",
            "collider2origin": [
                [
                    1.0,
                    0.0,
                    0.0,
                    -0.26
                ],
                [
                    0.0,
                    1.0,
                    0.0,
                    -0.4608599999999999
                ],
                [
                    0.0,
                    0.0,
                    1.0,
                    -1.143
                ],
                [
                    0.0,
                    0.0,
                    0.0,
                    1.0
                ]
            ],
            "size": [
                1.48,
                0.272,
                0.945
            ]
        },
        "collider2": {
            "type": "Box",
            "collider2origin": [
                [
                    0.6948342294768866,
                    0.4968759252228208,
                    -0.5199227908845957,
                    0.47590144332407613
                ],
                [
                    -0.3978305740482243,
                    0.8678215916497063,
                    0.29768526906622483,
                    -0.6443823195533922
                ],
                [
                    0.599112867412912,
                    -7.321998764453604e-07,
                    0.8006645815194663,
                    -0.5479040956501011
                ],
                [
                    0.0,
                    0.0,
                    0.0,
                    1.0
                ]
            ],
            "size": [
                0.1202,
                0.13634,
                0.67816
            ]
        },
        "distance": 0.029406797986293396
    }
]