[
    {
        "case": 0,
        "collider1": {
            "type": "Box",
            "collider2origin": [
                [
                    1.0,
                    0.0,
                    0.0,
                    -0.06
                ],
                [
                    0.0,
                    1.0,
                    0.0,
                    -0.37086
                ],
                [
                    0.0,
                    0.0,
                    1.0,
                    -0.40301
                ],
                [
                    0.0,
                    0.0,
                    0.0,
                    1.0
                ]
            ],
            "size": [
                0.1,
                1.0,
                1.64
            ]
        },
        "collider2": {
            "type": "Box",
            "collider2origin": [
                [
                    -0.46563575466680085,
                    -0.45430609556531226,
                    -0.7594664676653473,
                    0.22001626584418832
                ],
                [
                    0.23746274837632875,
                    -0.8908456496661625,
                    0.3873053983672741,
                    -0.6563398618571984
                ],
                [
                    -0.8525226021106063,
                    -1.7532562039531984e-06,
                    0.522690360430998,
                    -0.21996433021259465
                ],
                [
                    0.0,
                    0.0,
                    0.0,
                    1.0
                ]
            ],
            "size": [
                0.1202,
                0.13634,
                0.67816
            ]
        },
        "distance": 0.0
    },
    {
        "case": 1,
        "collider1": {
            "type": "Box",
            "collider2origin": [
                [
                    1.0,
                    0.0,
                    0.0,
                    -0.06
                ],
                [
                    0.0,
                    1.0,
                    0.0,
                    -0.37086
                ],
                [
                    0.0,
                    0.0,
                    1.0,
                    -0.40301
                ],
                [
                    0.0,
                    0.0,
                    0.0,
                    1.0
                ]
            ],
            "size": [
                0.1,
                1.0,
                1.64
            ]
        },
        "collider2": {
            "type": "Box",
            "collider2origin": [
                [
                    -0.5982800364232478,
                    0.4209389007352315,
                    0.681814813468593,
                    0.022907235106538804
                ],
                [
                    -0.7713158577676983,
                    -0.533080748167129,
                    -0.34770211890302594,
                    -0.6864844354648572
                ],
                [
                    0.21710100316091865,
                    -0.7339178140509938,
                    0.6436084187183487,
                    0.003024315892303342
                ],
                [
                    0.0,
                    0.0,
                    0.0,
                    1.0
                ]
            ],
            "size": [
                0.09126,
                0.11887,
                0.10009
            ]
        },
        "distance": 0.0
    },
    {
        "case": 2,
        "collider1": {
            "type": "Box",
            "collider2origin": [
                [
                    1.0,
                    0.0,
                    0.0,
                    -0.06
                ],
                [
                    0.0,
                    1.0,
                    0.0,
                    -0.37086
                ],
                [
                    0.0,
                    0.0,
                    1.0,
                    -0.40301
                ],
                [
                    0.0,
                    0.0,
                    0.0,
                    1.0
                ]
            ],
            "size": [
                0.1,
                1.0,
                1.64
            ]
        },
        "collider2": {
            "type": "Box",
            "collider2origin": [
                [
                    -0.5733579527158676,
                    -0.454300801443555,
                    0.681814813468593,
                    -0.05060554127034478
                ],
                [
                    0.2923909278762188,
                    -0.890848349499526,
                    -0.34770211890302594,
                    -0.6437857252656063
                ],
                [
                    0.7653549525240902,
                    -1.3090993751623475e-06,
                    0.6436084187183487,
                    -0.06593291363646947
                ],
                [
                    0.0,
                    0.0,
                    0.0,
                    1.0
                ]
            ],
            "size": [
                0.09102,
                0.10007,
                0.11882
            ]
        },
        "distance": 0.0
    }
]