[
    {
        "case": 0,
        "collider1": {
            "type": "Cylinder",
            "collider2origin": [
                [
                    1.0,
                    0.0,
                    0.0,
                    0.4849999999999999
                ],
                [
                    0.0,
                    -3.673205103346574e-06,
                    -0.9999999999932537,
                    -0.46086
                ],
                [
                    0.0,
                    0.9999999999932537,
                    -3.673205103346574e-06,
                    -0.70001
                ],
                [
                    0.0,
                    0.0,
                    0.0,
                    1.0
                ]
            ],
            "radius": 0.026,
            "height": 0.272
        },
        "collider2": {
            "type": "Box",
            "collider2origin": [
                [
                    -0.38449154553419995,
                    0.2763498629814456,
                    -0.8807933949813989,
                    0.7840614047657484
                ],
                [
                    0.11056460532846203,
                    0.9610571019474796,
                    0.2532680691379652,
                    -0.7562943087041536
                ],
                [
                    0.9164833437991569,
                    -5.1427547157000815e-06,
                    -0.40007284400752363,
                    -0.49280113079514143
                ],
                [
                    0.0,
                    0.0,
                    0.0,
                    1.0
                ]
            ],
            "size": [
                0.15068,
                0.17726,
                0.74884
            ]
        },
        "distance": 0.0
    },
    {
        "case": 1,
        "collider1": {
            "type": "Box",
            "collider2origin": [
                [
                    1.0,
                    0.0,
                    0.0,
                    -0.26
                ],
                [
                    0.0,
                    1.0,
                    0.0,
                    -0.4608599999999999
                ],
                [
                    0.0,
                    0.0,
                    1.0,
                    -1.143
                ],
                [
                    0.0,
                    0.0,
                    0.0,
                    1.0
                ]
            ],
            "size": [
                1.48,
                0.272,
                0.945
            ]
        },
        "collider2": {
            "type": "Box",
            "collider2origin": [
                [
                    -0.38449154553419995,
                    0.2763498629814456,
                    -0.8807933949813989,
                    0.7840614047657484
                ],
                [
                    0.11056460532846203,
                    0.9610571019474796,
                    0.2532680691379652,
                    -0.7562943087041536
                ],
                [
                    0.9164833437991569,
                    -5.1427547157000815e-06,
                    -0.40007284400752363,
                    -0.49280113079514143
                ],
                [
                    0.0,
                    0.0,
                    0.0,
                    1.0
                ]
            ],
            "size": [
                0.15068,
                0.17726,
                0.74884
            ]
        },
        "distance": 0.004867388485992878
    },
    {
        "case": 2,
        "collider1": {
            "type": "Cylinder",
            "collider2origin": [
                [
                    1.0,
                    0.0,
                    0.0,
                    0.4849999999999999
                ],
                [
                    0.0,
                    -3.673205103346574e-06,
                    -0.9999999999932537,
                    -0.46086
                ],
                [
                    0.0,
                    0.9999999999932537,
                    -3.673205103346574e-06,
                    -0.70001
                ],
                [
                    0.0,
                    0.0,
                    0.0,
                    1.0
                ]
            ],
            "radius": 0.026,
            "height": 0.272
        },
        "collider2": {
            "type": "Box",
            "collider2origin": [
                [
                    -0.38449154553419995,
                    0.2763498629814456,
                    -0.8807933949813989,
                    0.7840614047657484
                ],
                [
                    0.11056460532846203,
                    0.9610571019474796,
                    0.2532680691379652,
                    -0.7562943087041536
                ],
                [
                    0.9164833437991569,
                    -5.1427547157000815e-06,
                    -0.40007284400752363,
                    -0.49280113079514143
                ],
                [
                    0.0,
                    0.0,
                    0.0,
                    1.0
                ]
            ],
            "size": [
                0.15068,
                0.17726,
                0.74884
            ]
        },
        "distance": 0.0
    },
    {
        "case": 3,
        "collider1": {
            "type": "Box",
            "collider2origin": [
                [
                    1.0,
                    0.0,
                    0.0,
                    -0.26
                ],
                [
                    0.0,
                    1.0,
                    0.0,
                    -0.4608599999999999
                ],
                [
                    0.0,
                    0.0,
                    1.0,
                    -1.143
                ],
                [
                    0.0,
                    0.0,
                    0.0,
                    1.0
                ]
            ],
            "size": [
                1.48,
                0.272,
                0.945
            ]
        },
        "collider2": {
            "type": "Box",
            "collider2origin": [
                [
                    -0.38449154553419995,
                    0.2763498629814456,
                    -0.8807933949813989,
                    0.7840614047657484
                ],
                [
                    0.11056460532846203,
                    0.9610571019474796,
                    0.2532680691379652,
                    -0.7562943087041536
                ],
                [
                    0.9164833437991569,
                    -5.1427547157000815e-06,
                    -0.40007284400752363,
                    -0.49280113079514143
                ],
                [
                    0.0,
                    0.0,
                    0.0,
                    1.0
                ]
            ],
            "size": [
                0.15068,
                0.17726,
                0.74884
            ]
        },
        "distance": 0.004867388485992878
    }
]