[
    {
        "case": 0,
        "collider1": {
            "type": "Box",
            "collider2origin": [
                [
                    1.0,
                    0.0,
                    0.0,
                    -0.06
                ],
                [
                    0.0,
                    1.0,
                    0.0,
                    -0.37086
                ],
                [
                    0.0,
                    0.0,
                    1.0,
                    -0.40301
                ],
                [
                    0.0,
                    0.0,
                    0.0,
                    1.0
                ]
            ],
            "size": [
                0.1,
                1.0,
                1.64
            ]
        },
        "collider2": {
            "type": "Sphere",
            "collider2origin": [
                [
                    1.0,
                    0.0,
                    0.0,
                    -0.01077392447963188
                ],
                [
                    0.0,
                    1.0,
                    0.0,
                    -0.46023711766958975
                ],
                [
                    0.0,
                    0.0,
                    1.0,
                    -0.4497626495661915
                ],
                [
                    0.0,
                    0.0,
                    0.0,
                    1.0
                ]
            ],
            "radius": 0.00487
        },
        "distance": 0.0
    },
    {
        "case": 1,
        "collider1": {
            "type": "Box",
            "collider2origin": [
                [
                    1.0,
                    0.0,
                    0.0,
                    -0.06
                ],
                [
                    0.0,
                    1.0,
                    0.0,
                    -0.37086
                ],
                [
                    0.0,
                    0.0,
                    1.0,
                    -0.40301
                ],
                [
                    0.0,
                    0.0,
                    0.0,
                    1.0
                ]
            ],
            "size": [
                0.1,
                1.0,
                1.64
            ]
        },
        "collider2": {
            "type": "Cylinder",
            "collider2origin": [
                [
                    0.14554391918227624,
                    0.011700303851082196,
                    0.9892826039503853,
                    0.005548867704946225
                ],
                [
                    0.6603572890342864,
                    -0.7457383273607338,
                    -0.08833231529005785,
                    -0.4604843547236249
                ],
                [
                    0.7367124394282685,
                    0.6661362097912158,
                    -0.11626405978049428,
                    -0.4523017693227587
                ],
                [
                    0.0,
                    0.0,
                    0.0,
                    1.0
                ]
            ],
            "radius": 0.0076,
            "height": 0.02993
        },
        "distance": 0.0
    },
    {
        "case": 2,
        "collider1": {
            "type": "Box",
            "collider2origin": [
                [
                    1.0,
                    0.0,
                    0.0,
                    -0.06
                ],
                [
                    0.0,
                    1.0,
                    0.0,
                    -0.37086
                ],
                [
                    0.0,
                    0.0,
                    1.0,
                    -0.40301
                ],
                [
                    0.0,
                    0.0,
                    0.0,
                    1.0
                ]
            ],
            "size": [
                0.1,
                1.0,
                1.64
            ]
        },
        "collider2": {
            "type": "Box",
            "collider2origin": [
                [
                    -0.7194473812997114,
                    0.1821623569838214,
                    0.6702330499453801,
                    0.04392167837144079
                ],
                [
                    0.13328190567780832,
                    0.9832684657089529,
                    -0.1241734994322597,
                    -0.6601950809598549
                ],
                [
                    -0.6816387600187357,
                    -6.360848390512862e-06,
                    -0.731688868850456,
                    -0.2394056621769014
                ],
                [
                    0.0,
                    0.0,
                    0.0,
                    1.0
                ]
            ],
            "size": [
                0.09102,
                0.10007,
                0.11882
            ]
        },
        "distance": 0.0
    },
    {
        "case": 3,
        "collider1": {
            "type": "Box",
            "collider2origin": [
                [
                    1.0,
                    0.0,
                    0.0,
                    -0.06
                ],
                [
                    0.0,
                    1.0,
                    0.0,
                    -0.37086
                ],
                [
                    0.0,
                    0.0,
                    1.0,
                    -0.40301
                ],
                [
                    0.0,
                    0.0,
                    0.0,
                    1.0
                ]
            ],
            "size": [
                0.1,
                1.0,
                1.64
            ]
        },
        "collider2": {
            "type": "Box",
            "collider2origin": [
                [
                    -0.41132170330575546,
                    0.1821566145289276,
                    -0.8931032550455806,
                    0.2824185028763905
                ],
                [
                    0.07620464048480026,
                    0.983269529557495,
                    0.1654505515625878,
                    -0.8180401000763659
                ],
                [
                    0.9082991297795204,
                    -5.209784953000686e-06,
                    -0.41832127702834304,
                    -0.11559889622596953
                ],
                [
                    0.0,
                    0.0,
                    0.0,
                    1.0
                ]
            ],
            "size": [
                0.1202,
                0.13634,
                0.67816
            ]
        },
        "distance": 0.0
    }
]