[
    {
        "case": 0,
        "collider1": {
            "type": "Box",
            "collider2origin": [
                [
                    1.0,
                    0.0,
                    0.0,
                    0.0
                ],
                [
                    0.0,
                    1.0,
                    0.0,
                    -0.37086
                ],
                [
                    0.0,
                    0.0,
                    1.0,
                    0.39699
                ],
                [
                    0.0,
                    0.0,
                    0.0,
                    1.0
                ]
            ],
            "size": [
                0.6,
                1.6,
                0.1
            ]
        },
        "collider2": {
            "type": "Sphere",
            "collider2origin": [
                [
                    1.0,
                    0.0,
                    0.0,
                    0.16174479744554104
                ],
                [
                    0.0,
                    1.0,
                    0.0,
                    -0.8875950789354612
                ],
                [
                    0.0,
                    0.0,
                    1.0,
                    0.36884571113265263
                ],
                [
                    0.0,
                    0.0,
                    0.0,
                    1.0
                ]
            ],
            "radius": 0.00484
        },
        "distance": 0.0
    },
    {
        "case": 1,
        "collider1": {
            "type": "Box",
            "collider2origin": [
                [
                    1.0,
                    0.0,
                    0.0,
                    0.0
                ],
                [
                    0.0,
                    1.0,
                    0.0,
                    -0.37086
                ],
                [
                    0.0,
                    0.0,
                    1.0,
                    0.39699
                ],
                [
                    0.0,
                    0.0,
                    0.0,
                    1.0
                ]
            ],
            "size": [
                0.6,
                1.6,
                0.1
            ]
        },
        "collider2": {
            "type": "Sphere",
            "collider2origin": [
                [
                    1.0,
                    0.0,
                    0.0,
                    0.12598780562089062
                ],
                [
                    0.0,
                    1.0,
                    0.0,
                    -0.9457079127980038
                ],
                [
                    0.0,
                    0.0,
                    1.0,
                    0.34682044501679066
                ],
                [
                    0.0,
                    0.0,
                    0.0,
                    1.0
                ]
            ],
            "radius": 0.01051
        },
        "distance": 0.0
    },
    {
        "case": 2,
        "collider1": {
            "type": "Box",
            "collider2origin": [
                [
                    1.0,
                    0.0,
                    0.0,
                    0.0
                ],
                [
                    0.0,
                    1.0,
                    0.0,
                    -0.37086
                ],
                [
                    0.0,
                    0.0,
                    1.0,
                    0.39699
                ],
                [
                    0.0,
                    0.0,
                    0.0,
                    1.0
                ]
            ],
            "size": [
                0.6,
                1.6,
                0.1
            ]
        },
        "collider2": {
            "type": "Sphere",
            "collider2origin": [
                [
                    1.0,
                    0.0,
                    0.0,
                    0.1501901743959846
                ],
                [
                    0.0,
                    1.0,
                    0.0,
                    -0.9756142248813389
                ],
                [
                    0.0,
                    0.0,
                    1.0,
                    0.3813534799263236
                ],
                [
                    0.0,
                    0.0,
                    0.0,
                    1.0
                ]
            ],
            "radius": 0.00663
        },
        "distance": 0.0
    },
    {
        "case": 3,
        "collider1": {
            "type": "Box",
            "collider2origin": [
                [
                    1.0,
                    0.0,
                    0.0,
                    0.0
                ],
                [
                    0.0,
                    1.0,
                    0.0,
                    -0.37086
                ],
                [
                    0.0,
                    0.0,
                    1.0,
                    0.39699
                ],
                [
                    0.0,
                    0.0,
                    0.0,
                    1.0
                ]
            ],
            "size": [
                0.6,
                1.6,
                0.1
            ]
        },
        "collider2": {
            "type": "Cylinder",
            "collider2origin": [
                [
                    0.07494318697354721,
                    -0.9858833379989663,
                    -0.14972495644435066,
                    0.15304052431738113
                ],
                [
                    -0.9971726699117772,
                    -0.07491973014276991,
                    -0.005805205969766984,
                    -0.9164763894637666
                ],
                [
                    -0.005494097493203388,
                    0.1497366952064499,
                    -0.9887106437180623,
                    0.3351795224738241
                ],
                [
                    0.0,
                    0.0,
                    0.0,
                    1.0
                ]
            ],
            "radius": 0.00783,
            "height": 0.03683
        },
        "distance": 0.0
    },
    {
        "case": 4,
        "collider1": {
            "type": "Box",
            "collider2origin": [
                [
                    1.0,
                    0.0,
                    0.0,
                    0.0
                ],
                [
                    0.0,
                    1.0,
                    0.0,
                    -0.37086
                ],
                [
                    0.0,
                    0.0,
                    1.0,
                    0.39699
                ],
                [
                    0.0,
                    0.0,
                    0.0,
                    1.0
                ]
            ],
            "size": [
                0.6,
                1.6,
                0.1
            ]
        },
        "collider2": {
            "type": "Cylinder",
            "collider2origin": [
                [
                    0.06779991035460173,
                    -0.9196374040413011,
                    0.38687235264888553,
                    0.14861078176599896
                ],
                [
                    -0.9976885213915088,
                    -0.06072250653445791,
                    0.030502319318329363,
                    -0.9170044771243427
                ],
                [
                    -0.004559214793424325,
                    -0.3880461599969115,
                    -0.9216286623538346,
                    0.37059569257098746
                ],
                [
                    0.0,
                    0.0,
                    0.0,
                    1.0
                ]
            ],
            "radius": 0.0076,
            "height": 0.02993
        },
        "distance": 0.0
    },
    {
        "case": 5,
        "collider1": {
            "type": "Box",
            "collider2origin": [
                [
                    1.0,
                    0.0,
                    0.0,
                    0.0
                ],
                [
                    0.0,
                    1.0,
                    0.0,
                    -0.37086
                ],
                [
                    0.0,
                    0.0,
                    1.0,
                    0.39699
                ],
                [
                    0.0,
                    0.0,
                    0.0,
                    1.0
                ]
            ],
            "size": [
                0.6,
                1.6,
                0.1
            ]
        },
        "collider2": {
            "type": "Cylinder",
            "collider2origin": [
                [
                    0.17251553965125913,
                    -0.9815846736571281,
                    -0.08203607145800805,
                    0.16199501332970623
                ],
                [
                    -0.9753781463775894,
                    -0.1586190471833026,
                    -0.15322359296034965,
                    -0.8905145775919678
                ],
                [
                    0.13738944700322672,
                    0.10644964214167077,
                    -0.9847804900281366,
                    0.35464273188159545
                ],
                [
                    0.0,
                    0.0,
                    0.0,
                    1.0
                ]
            ],
            "radius": 0.0076,
            "height": 0.02993
        },
        "distance": 0.0
    },
    {
        "case": 6,
        "collider1": {
            "type": "Box",
            "collider2origin": [
                [
                    1.0,
                    0.0,
                    0.0,
                    0.0
                ],
                [
                    0.0,
                    1.0,
                    0.0,
                    -0.37086
                ],
                [
                    0.0,
                    0.0,
                    1.0,
                    0.39699
                ],
                [
                    0.0,
                    0.0,
                    0.0,
                    1.0
                ]
            ],
            "size": [
                0.6,
                1.6,
                0.1
            ]
        },
        "collider2": {
            "type": "Cylinder",
            "collider2origin": [
                [
                    -0.3861040579127858,
                    -0.7589487336756696,
                    -0.5243285955537593,
                    0.11382963490793996
                ],
                [
                    -0.8459147661901337,
                    0.5180049026857219,
                    -0.1268823436694282,
                    -0.94906324449755
                ],
                [
                    0.3679019771688797,
                    0.3945475135464086,
                    -0.8420097355432274,
                    0.32796723483653833
                ],
                [
                    0.0,
                    0.0,
                    0.0,
                    1.0
                ]
            ],
            "radius": 0.01169,
            "height": 0.05502
        },
        "distance": 0.0
    },
    {
        "case": 7,
        "collider1": {
            "type": "Box",
            "collider2origin": [
                [
                    1.0,
                    0.0,
                    0.0,
                    0.0
                ],
                [
                    0.0,
                    1.0,
                    0.0,
                    -0.37086
                ],
                [
                    0.0,
                    0.0,
                    1.0,
                    0.39699
                ],
                [
                    0.0,
                    0.0,
                    0.0,
                    1.0
                ]
            ],
            "size": [
                0.6,
                1.6,
                0.1
            ]
        },
        "collider2": {
            "type": "Sphere",
            "collider2origin": [
                [
                    1.0,
                    0.0,
                    0.0,
                    0.14100750817528596
                ],
                [
                    0.0,
                    1.0,
                    0.0,
                    -0.9172455811527469
                ],
                [
                    0.0,
                    0.0,
                    1.0,
                    0.3852610906069178
                ],
                [
                    0.0,
                    0.0,
                    0.0,
                    1.0
                ]
            ],
            "radius": 0.00487
        },
        "distance": 0.0
    },
    {
        "case": 8,
        "collider1": {
            "type": "Box",
            "collider2origin": [
                [
                    1.0,
                    0.0,
                    0.0,
                    0.0
                ],
                [
                    0.0,
                    1.0,
                    0.0,
                    -0.37086
                ],
                [
                    0.0,
                    0.0,
                    1.0,
                    0.39699
                ],
                [
                    0.0,
                    0.0,
                    0.0,
                    1.0
                ]
            ],
            "size": [
                0.6,
                1.6,
                0.1
            ]
        },
        "collider2": {
            "type": "Cylinder",
            "collider2origin": [
                [
                    -0.364543065606811,
                    -0.8152102392288026,
                    -0.45004513015308406,
                    0.1078724699077499
                ],
                [
                    -0.8722977450285454,
                    0.4681012165858168,
                    -0.14134318182704364,
                    -0.9530379941853877
                ],
                [
                    0.3258910820137652,
                    0.34104767538776204,
                    -0.8817491059119374,
                    0.3149801008155335
                ],
                [
                    0.0,
                    0.0,
                    0.0,
                    1.0
                ]
            ],
            "radius": 0.01271,
            "height": 0.05982
        },
        "distance": 0.0
    },
    {
        "case": 9,
        "collider1": {
            "type": "Box",
            "collider2origin": [
                [
                    1.0,
                    0.0,
                    0.0,
                    0.0
                ],
                [
                    0.0,
                    1.0,
                    0.0,
                    -0.37086
                ],
                [
                    0.0,
                    0.0,
                    1.0,
                    0.39699
                ],
                [
                    0.0,
                    0.0,
                    0.0,
                    1.0
                ]
            ],
            "size": [
                0.6,
                1.6,
                0.1
            ]
        },
        "collider2": {
            "type": "Cylinder",
            "collider2origin": [
                [
                    -0.1365040495947196,
                    -0.9694424440986439,
                    0.2038332456305624,
                    0.1553682035909142
                ],
                [
                    -0.963056643394024,
                    0.1780798860649119,
                    0.2020135039885765,
                    -0.9728520766807828
                ],
                [
                    -0.2321390662057486,
                    -0.1687272999818195,
                    -0.9579366117765662,
                    0.36191832747066677
                ],
                [
                    0.0,
                    0.0,
                    0.0,
                    1.0
                ]
            ],
            "radius": 0.00796,
            "height": 0.03037
        },
        "distance": 0.0
    },
    {
        "case": 10,
        "collider1": {
            "type": "Box",
            "collider2origin": [
                [
                    1.0,
                    0.0,
                    0.0,
                    -0.06
                ],
                [
                    0.0,
                    1.0,
                    0.0,
                    -0.37086
                ],
                [
                    0.0,
                    0.0,
                    1.0,
                    -0.40301
                ],
                [
                    0.0,
                    0.0,
                    0.0,
                    1.0
                ]
            ],
            "size": [
                0.1,
                1.0,
                1.64
            ]
        },
        "collider2": {
            "type": "Box",
            "collider2origin": [
                [
                    -0.3738672895352284,
                    -0.0631425216126791,
                    0.9253303581856449,
                    -0.06511353349355287
                ],
                [
                    -0.02365881566269821,
                    0.9980045199992318,
                    0.058542621247608756,
                    -0.9071102754631227
                ],
                [
                    -0.9271804086891721,
                    -5.049243281725473e-06,
                    -0.37461512211533177,
                    0.14987530625359335
                ],
                [
                    0.0,
                    0.0,
                    0.0,
                    1.0
                ]
            ],
            "size": [
                0.09102,
                0.10007,
                0.11882
            ]
        },
        "distance": 0.0
    },
    {
        "case": 11,
        "collider1": {
            "type": "Box",
            "collider2origin": [
                [
                    1.0,
                    0.0,
                    0.0,
                    0.0
                ],
                [
                    0.0,
                    1.0,
                    0.0,
                    -0.37086
                ],
                [
                    0.0,
                    0.0,
                    1.0,
                    0.39699
                ],
                [
                    0.0,
                    0.0,
                    0.0,
                    1.0
                ]
            ],
            "size": [
                0.6,
                1.6,
                0.1
            ]
        },
        "collider2": {
            "type": "Sphere",
            "collider2origin": [
                [
                    1.0,
                    0.0,
                    0.0,
                    0.07226216389124929
                ],
                [
                    0.0,
                    1.0,
                    0.0,
                    -0.9377214251819466
                ],
                [
                    0.0,
                    0.0,
                    1.0,
                    0.3425074992845949
                ],
                [
                    0.0,
                    0.0,
                    0.0,
                    1.0
                ]
            ],
            "radius": 0.00563
        },
        "distance": 0.0
    },
    {
        "case": 12,
        "collider1": {
            "type": "Box",
            "collider2origin": [
                [
                    1.0,
                    0.0,
                    0.0,
                    0.0
                ],
                [
                    0.0,
                    1.0,
                    0.0,
                    -0.37086
                ],
                [
                    0.0,
                    0.0,
                    1.0,
                    0.39699
                ],
                [
                    0.0,
                    0.0,
                    0.0,
                    1.0
                ]
            ],
            "size": [
                0.6,
                1.6,
                0.1
            ]
        },
        "collider2": {
            "type": "Cylinder",
            "collider2origin": [
                [
                    -0.03068423538925199,
                    -0.1757300667388433,
                    0.9839600710102709,
                    0.09289671119129883
                ],
                [
                    -0.9891129610178114,
                    0.14708708656682037,
                    -0.004575949285216613,
                    -0.9380919759388604
                ],
                [
                    -0.1439236882696979,
                    -0.9733880688652627,
                    -0.17833014143885076,
                    0.3406551629602319
                ],
                [
                    0.0,
                    0.0,
                    0.0,
                    1.0
                ]
            ],
            "radius": 0.00813,
            "height": 0.03824
        },
        "distance": 0.0
    },
    {
        "case": 13,
        "collider1": {
            "type": "Box",
            "collider2origin": [
                [
                    1.0,
                    0.0,
                    0.0,
                    -0.06
                ],
                [
                    0.0,
                    1.0,
                    0.0,
                    -0.37086
                ],
                [
                    0.0,
                    0.0,
                    1.0,
                    -0.40301
                ],
                [
                    0.0,
                    0.0,
                    0.0,
                    1.0
                ]
            ],
            "size": [
                0.1,
                1.0,
                1.64
            ]
        },
        "collider2": {
            "type": "Box",
            "collider2origin": [
                [
                    0.0007175028757148869,
                    0.379161197130784,
                    0.9253303581856449,
                    0.0365642447784128
                ],
                [
                    0.9877362801069095,
                    -0.1447404658622576,
                    0.058542621247608756,
                    -0.8970041524042617
                ],
                [
                    0.1561298374756974,
                    0.9139403613651863,
                    -0.37461512211533177,
                    0.11070760961979831
                ],
                [
                    0.0,
                    0.0,
                    0.0,
                    1.0
                ]
            ],
            "size": [
                0.09126,
                0.11887,
                0.10009
            ]
        },
        "distance": 0.0
    }
]