[
    {
        "case": 0,
        "collider1": {
            "type": "Box",
            "collider2origin": [
                [
                    1.0,
                    0.0,
                    0.0,
                    1.2009999999999998
                ],
                [
                    0.0,
                    1.0,
                    0.0,
                    0.02914
                ],
                [
                    0.0,
                    0.0,
                    1.0,
                    -1.22801
                ],
                [
                    0.0,
                    0.0,
                    0.0,
                    1.0
                ]
            ],
            "size": [
                0.41,
                0.6,
                0.82
            ]
        },
        "collider2": {
            "type": "Cylinder",
            "collider2origin": [
                [
                    0.6582019849714804,
                    -0.6100725279093082,
                    -0.4411141095793116,
                    1.388986695707705
                ],
                [
                    0.22068535238149123,
                    0.7165460170448114,
                    -0.6617097405218344,
                    -0.24993139090214378
                ],
                [
                    0.7197694924236924,
                    0.33819124197347683,
                    0.6062660815422362,
                    -1.0211997112058904
                ],
                [
                    0.0,
                    0.0,
                    0.0,
                    1.0
                ]
            ],
            "radius": 0.00783,
            "height": 0.03044
        },
        "distance": 0.0
    },
    {
        "case": 1,
        "collider1": {
            "type": "Box",
            "collider2origin": [
                [
                    1.0,
                    0.0,
                    0.0,
                    1.2009999999999998
                ],
                [
                    0.0,
                    1.0,
                    0.0,
                    0.02914
                ],
                [
                    0.0,
                    0.0,
                    1.0,
                    -1.22801
                ],
                [
                    0.0,
                    0.0,
                    0.0,
                    1.0
                ]
            ],
            "size": [
                0.41,
                0.6,
                0.82
            ]
        },
        "collider2": {
            "type": "Box",
            "collider2origin": [
                [
                    0.44113826607651674,
                    0.8069297632771995,
                    -0.39276123451838607,
                    1.3801886256702978
                ],
                [
                    0.09602846289756797,
                    0.3926915483003887,
                    0.9146430354006819,
                    -0.2738336408212122
                ],
                [
                    0.892286705334409,
                    -0.44120030035217095,
                    0.09574304388632827,
                    -0.9745241442849384
                ],
                [
                    0.0,
                    0.0,
                    0.0,
                    1.0
                ]
            ],
            "size": [
                0.07264,
                0.04753,
                0.03326
            ]
        },
        "distance": 0.0
    },
    {
        "case": 2,
        "collider1": {
            "type": "Box",
            "collider2origin": [
                [
                    1.0,
                    0.0,
                    0.0,
                    1.2009999999999998
                ],
                [
                    0.0,
                    1.0,
                    0.0,
                    0.02914
                ],
                [
                    0.0,
                    0.0,
                    1.0,
                    -1.22801
                ],
                [
                    0.0,
                    0.0,
                    0.0,
                    1.0
                ]
            ],
            "size": [
                0.41,
                0.6,
                0.82
            ]
        },
        "collider2": {
            "type": "Cylinder",
            "collider2origin": [
                [
                    0.394742662573564,
                    -0.8030072495413355,
                    -0.4464947788366529,
                    1.4134646174413419
                ],
                [
                    0.08636555979288986,
                    0.5162364362995768,
                    -0.8520803553177208,
                    -0.23345422044759812
                ],
                [
                    0.9147235759648885,
                    0.2977906966659154,
                    0.27313271600676936,
                    -0.9866949039081213
                ],
                [
                    0.0,
                    0.0,
                    0.0,
                    1.0
                ]
            ],
            "radius": 0.00683,
            "height": 0.01183
        },
        "distance": 0.0
    },
    {
        "case": 3,
        "collider1": {
            "type": "Box",
            "collider2origin": [
                [
                    1.0,
                    0.0,
                    0.0,
                    1.2009999999999998
                ],
                [
                    0.0,
                    1.0,
                    0.0,
                    0.02914
                ],
                [
                    0.0,
                    0.0,
                    1.0,
                    -1.22801
                ],
                [
                    0.0,
                    0.0,
                    0.0,
                    1.0
                ]
            ],
            "size": [
                0.41,
                0.6,
                0.82
            ]
        },
        "collider2": {
            "type": "Box",
            "collider2origin": [
                [
                    0.34904743363368174,
                    0.8069267239042394,
                    -0.4764820577135214,
                    1.3372032031350167
                ],
                [
                    0.2855518623610369,
                    0.3926952243079537,
                    0.8742142727660472,
                    -0.292038719667997
                ],
                [
                    0.8925390876459603,
                    -0.4412025873166393,
                    -0.0933501685548516,
                    -0.9532821045136337
                ],
                [
                    0.0,
                    0.0,
                    0.0,
                    1.0
                ]
            ],
            "size": [
                0.06241,
                0.05638,
                0.02858
            ]
        },
        "distance": 0.0
    },
    {
        "case": 4,
        "collider1": {
            "type": "Box",
            "collider2origin": [
                [
                    1.0,
                    0.0,
                    0.0,
                    1.2009999999999998
                ],
                [
                    0.0,
                    1.0,
                    0.0,
                    0.02914
                ],
                [
                    0.0,
                    0.0,
                    1.0,
                    -1.22801
                ],
                [
                    0.0,
                    0.0,
                    0.0,
                    1.0
                ]
            ],
            "size": [
                0.41,
                0.6,
                0.82
            ]
        },
        "collider2": {
            "type": "Cylinder",
            "collider2origin": [
                [
                    0.5268319813123572,
                    -0.5465556230792781,
                    0.6509416366671575,
                    1.36484251341426
                ],
                [
                    0.15225995011413718,
                    -0.6927676577267676,
                    -0.7049041636981642,
                    -0.20757264887749793
                ],
                [
                    0.8362206473519629,
                    0.47047839832259036,
                    -0.28175362580466173,
                    -0.9881122376545745
                ],
                [
                    0.0,
                    0.0,
                    0.0,
                    1.0
                ]
            ],
            "radius": 0.0076,
            "height": 0.02993
        },
        "distance": 0.0
    },
    {
        "case": 5,
        "collider1": {
            "type": "Box",
            "collider2origin": [
                [
                    1.0,
                    0.0,
                    0.0,
                    1.2009999999999998
                ],
                [
                    0.0,
                    1.0,
                    0.0,
                    0.02914
                ],
                [
                    0.0,
                    0.0,
                    1.0,
                    -1.22801
                ],
                [
                    0.0,
                    0.0,
                    0.0,
                    1.0
                ]
            ],
            "size": [
                0.41,
                0.6,
                0.82
            ]
        },
        "collider2": {
            "type": "Sphere",
            "collider2origin": [
                [
                    1.0,
                    0.0,
                    0.0,
                    1.3532254519070095
                ],
                [
                    0.0,
                    1.0,
                    0.0,
                    -0.19693022876213861
                ],
                [
                    0.0,
                    0.0,
                    1.0,
                    -0.983139856331209
                ],
                [
                    0.0,
                    0.0,
                    0.0,
                    1.0
                ]
            ],
            "radius": 0.00487
        },
        "distance": 0.0
    },
    {
        "case": 6,
        "collider1": {
            "type": "Box",
            "collider2origin": [
                [
                    1.0,
                    0.0,
                    0.0,
                    1.2009999999999998
                ],
                [
                    0.0,
                    1.0,
                    0.0,
                    0.02914
                ],
                [
                    0.0,
                    0.0,
                    1.0,
                    -1.22801
                ],
                [
                    0.0,
                    0.0,
                    0.0,
                    1.0
                ]
            ],
            "size": [
                0.41,
                0.6,
                0.82
            ]
        },
        "collider2": {
            "type": "Cylinder",
            "collider2origin": [
                [
                    0.394742662573564,
                    -0.8030072495413355,
                    -0.4464947788366529,
                    1.4061736476944897
                ],
                [
                    0.08636555979288986,
                    0.5162364362995768,
                    -0.8520803553177208,
                    -0.24735750089876885
                ],
                [
                    0.9147235759648885,
                    0.2977906966659154,
                    0.27313271600676936,
                    -0.9822358285727425
                ],
                [
                    0.0,
                    0.0,
                    0.0,
                    1.0
                ]
            ],
            "radius": 0.00683,
            "height": 0.01782
        },
        "distance": 0.0
    },
    {
        "case": 7,
        "collider1": {
            "type": "Box",
            "collider2origin": [
                [
                    1.0,
                    0.0,
                    0.0,
                    1.2009999999999998
                ],
                [
                    0.0,
                    1.0,
                    0.0,
                    0.02914
                ],
                [
                    0.0,
                    0.0,
                    1.0,
                    -1.22801
                ],
                [
                    0.0,
                    0.0,
                    0.0,
                    1.0
                ]
            ],
            "size": [
                0.41,
                0.6,
                0.82
            ]
        },
        "collider2": {
            "type": "Cylinder",
            "collider2origin": [
                [
                    0.06332035097813198,
                    -0.8054535577952215,
                    -0.5892665775241505,
                    1.373308072063264
                ],
                [
                    0.5134284073446371,
                    0.5326114211535438,
                    -0.6728419908034511,
                    -0.22868562024424854
                ],
                [
                    0.855793084620082,
                    -0.2599416093891503,
                    0.44726787949127655,
                    -0.9445750021242109
                ],
                [
                    0.0,
                    0.0,
                    0.0,
                    1.0
                ]
            ],
            "radius": 0.01271,
            "height": 0.05982
        },
        "distance": 0.0
    },
    {
        "case": 8,
        "collider1": {
            "type": "Box",
            "collider2origin": [
                [
                    1.0,
                    0.0,
                    0.0,
                    1.2009999999999998
                ],
                [
                    0.0,
                    1.0,
                    0.0,
                    0.02914
                ],
                [
                    0.0,
                    0.0,
                    1.0,
                    -1.22801
                ],
                [
                    0.0,
                    0.0,
                    0.0,
                    1.0
                ]
            ],
            "size": [
                0.41,
                0.6,
                0.82
            ]
        },
        "collider2": {
            "type": "Cylinder",
            "collider2origin": [
                [
                    0.045890631532793956,
                    -0.7580997159866263,
                    -0.6505219985200482,
                    1.3807232150394964
                ],
                [
                    0.55715200766004,
                    0.5599371472508035,
                    -0.6132308142037696,
                    -0.21875736106586152
                ],
                [
                    0.8291415381573323,
                    -0.33429808816328616,
                    0.4480726480744656,
                    -0.9527234635942557
                ],
                [
                    0.0,
                    0.0,
                    0.0,
                    1.0
                ]
            ],
            "radius": 0.01169,
            "height": 0.05502
        },
        "distance": 0.0
    },
    {
        "case": 9,
        "collider1": {
            "type": "Box",
            "collider2origin": [
                [
                    1.0,
                    0.0,
                    0.0,
                    1.2009999999999998
                ],
                [
                    0.0,
                    1.0,
                    0.0,
                    0.02914
                ],
                [
                    0.0,
                    0.0,
                    1.0,
                    -1.22801
                ],
                [
                    0.0,
                    0.0,
                    0.0,
                    1.0
                ]
            ],
            "size": [
                0.41,
                0.6,
                0.82
            ]
        },
        "collider2": {
            "type": "Cylinder",
            "collider2origin": [
                [
                    0.5325975323972122,
                    -0.8020570386824525,
                    0.2702672292090443,
                    1.3819140560273195
                ],
                [
                    0.15401082893941218,
                    -0.2221534459856771,
                    -0.9627712661925901,
                    -0.23848679977268716
                ],
                [
                    0.8322382669967744,
                    0.5543936806427564,
                    0.005207092238665709,
                    -0.9933164962223212
                ],
                [
                    0.0,
                    0.0,
                    0.0,
                    1.0
                ]
            ],
            "radius": 0.00783,
            "height": 0.03683
        },
        "distance": 0.0
    },
    {
        "case": 10,
        "collider1": {
            "type": "Box",
            "collider2origin": [
                [
                    1.0,
                    0.0,
                    0.0,
                    1.2009999999999998
                ],
                [
                    0.0,
                    1.0,
                    0.0,
                    0.02914
                ],
                [
                    0.0,
                    0.0,
                    1.0,
                    -1.22801
                ],
                [
                    0.0,
                    0.0,
                    0.0,
                    1.0
                ]
            ],
            "size": [
                0.41,
                0.6,
                0.82
            ]
        },
        "collider2": {
            "type": "Sphere",
            "collider2origin": [
                [
                    1.0,
                    0.0,
                    0.0,
                    1.3977544611009456
                ],
                [
                    0.0,
                    1.0,
                    0.0,
                    -0.2159189816101299
                ],
                [
                    0.0,
                    0.0,
                    1.0,
                    -1.0407223648206432
                ],
                [
                    0.0,
                    0.0,
                    0.0,
                    1.0
                ]
            ],
            "radius": 0.00484
        },
        "distance": 0.0
    },
    {
        "case": 11,
        "collider1": {
            "type": "Box",
            "collider2origin": [
                [
                    1.0,
                    0.0,
                    0.0,
                    1.2009999999999998
                ],
                [
                    0.0,
                    1.0,
                    0.0,
                    0.02914
                ],
                [
                    0.0,
                    0.0,
                    1.0,
                    -1.22801
                ],
                [
                    0.0,
                    0.0,
                    0.0,
                    1.0
                ]
            ],
            "size": [
                0.41,
                0.6,
                0.82
            ]
        },
        "collider2": {
            "type": "Cylinder",
            "collider2origin": [
                [
                    0.654306829117766,
                    -0.73745577207962,
                    -0.16745613633517767,
                    1.3969100731688475
                ],
                [
                    0.22651280439040747,
                    0.4023877059566979,
                    -0.8870039929685204,
                    -0.22901198952079227
                ],
                [
                    0.7215085050205902,
                    0.5424418110003664,
                    0.430328199008147,
                    -1.0345441083617821
                ],
                [
                    0.0,
                    0.0,
                    0.0,
                    1.0
                ]
            ],
            "radius": 0.0076,
            "height": 0.02993
        },
        "distance": 0.0
    },
    {
        "case": 12,
        "collider1": {
            "type": "Box",
            "collider2origin": [
                [
                    1.0,
                    0.0,
                    0.0,
                    1.2009999999999998
                ],
                [
                    0.0,
                    1.0,
                    0.0,
                    0.02914
                ],
                [
                    0.0,
                    0.0,
                    1.0,
                    -1.22801
                ],
                [
                    0.0,
                    0.0,
                    0.0,
                    1.0
                ]
            ],
            "size": [
                0.41,
                0.6,
                0.82
            ]
        },
        "collider2": {
            "type": "Sphere",
            "collider2origin": [
                [
                    1.0,
                    0.0,
                    0.0,
                    1.3954851133293733
                ],
                [
                    0.0,
                    1.0,
                    0.0,
                    -0.2052130594266065
                ],
                [
                    0.0,
                    0.0,
                    1.0,
                    -0.9633611866581545
                ],
                [
                    0.0,
                    0.0,
                    0.0,
                    1.0
                ]
            ],
            "radius": 0.01051
        },
        "distance": 0.0
    }
]