[
    {
        "case": 0,
        "collider1": {
            "type": "Box",
            "collider2origin": [
                [
                    1.0,
                    0.0,
                    0.0,
                    0.7
                ],
                [
                    0.0,
                    1.0,
                    0.0,
                    -0.15085999999999994
                ],
                [
                    0.0,
                    0.0,
                    1.0,
                    -1.03301
                ],
                [
                    0.0,
                    0.0,
                    0.0,
                    1.0
                ]
            ],
            "size": [
                0.6,
                0.06,
                0.06
            ]
        },
        "collider2": {
            "type": "Box",
            "collider2origin": [
                [
                    0.2807977962213477,
                    -0.8919287529287413,
                    -0.35442304853975676,
                    0.6096454945422546
                ],
                [
                    -0.5538705786878322,
                    -0.4521759609527332,
                    0.6991167873828221,
                    -0.3366126049265258
                ],
                [
                    -0.7838239468791702,
                    -5.954203424316965e-06,
                    -0.620983107872756,
                    -0.818459811896946
                ],
                [
                    0.0,
                    0.0,
                    0.0,
                    1.0
                ]
            ],
            "size": [
                0.1202,
                0.13634,
                0.67816
            ]
        },
        "distance": 0.0
    },
    {
        "case": 1,
        "collider1": {
            "type": "Box",
            "collider2origin": [
                [
                    1.0,
                    0.0,
                    0.0,
                    0.5199999999999999
                ],
                [
                    0.0,
                    1.0,
                    0.0,
                    -0.43085999999999997
                ],
                [
                    0.0,
                    0.0,
                    1.0,
                    -0.80301
                ],
                [
                    0.0,
                    0.0,
                    0.0,
                    1.0
                ]
            ],
            "size": [
                0.2,
                0.08,
                0.04
            ]
        },
        "collider2": {
            "type": "Box",
            "collider2origin": [
                [
                    0.2807977962213477,
                    -0.8919287529287413,
                    -0.35442304853975676,
                    0.6096454945422546
                ],
                [
                    -0.5538705786878322,
                    -0.4521759609527332,
                    0.6991167873828221,
                    -0.3366126049265258
                ],
                [
                    -0.7838239468791702,
                    -5.954203424316965e-06,
                    -0.620983107872756,
                    -0.818459811896946
                ],
                [
                    0.0,
                    0.0,
                    0.0,
                    1.0
                ]
            ],
            "size": [
                0.1202,
                0.13634,
                0.67816
            ]
        },
        "distance": 0.0
    },
    {
        "case": 2,
        "collider1": {
            "type": "Box",
            "collider2origin": [
                [
                    1.0,
                    0.0,
                    0.0,
                    0.44499999999999995
                ],
                [
                    0.0,
                    1.0,
                    0.0,
                    -0.025859999999999994
                ],
                [
                    0.0,
                    0.0,
                    1.0,
                    -0.67801
                ],
                [
                    0.0,
                    0.0,
                    0.0,
                    1.0
                ]
            ],
            "size": [
                0.06,
                0.09,
                0.004
            ]
        },
        "collider2": {
            "type": "Box",
            "collider2origin": [
                [
                    0.2807977962213477,
                    -0.8919287529287413,
                    -0.35442304853975676,
                    0.6096454945422546
                ],
                [
                    -0.5538705786878322,
                    -0.4521759609527332,
                    0.6991167873828221,
                    -0.3366126049265258
                ],
                [
                    -0.7838239468791702,
                    -5.954203424316965e-06,
                    -0.620983107872756,
                    -0.818459811896946
                ],
                [
                    0.0,
                    0.0,
                    0.0,
                    1.0
                ]
            ],
            "size": [
                0.1202,
                0.13634,
                0.67816
            ]
        },
        "distance": 0.2334209852227952
    },
    {
        "case": 3,
        "collider1": {
            "type": "Cylinder",
            "collider2origin": [
                [
                    1.0,
                    0.0,
                    0.0,
                    0.4849999999999999
                ],
                [
                    0.0,
                    -3.673205103346574e-06,
                    -0.9999999999932537,
                    -0.46086
                ],
                [
                    0.0,
                    0.9999999999932537,
                    -3.673205103346574e-06,
                    -0.70001
                ],
                [
                    0.0,
                    0.0,
                    0.0,
                    1.0
                ]
            ],
            "radius": 0.026,
            "height": 0.272
        },
        "collider2": {
            "type": "Box",
            "collider2origin": [
                [
                    0.2807977962213477,
                    -0.8919287529287413,
                    -0.35442304853975676,
                    0.6096454945422546
                ],
                [
                    -0.5538705786878322,
                    -0.4521759609527332,
                    0.6991167873828221,
                    -0.3366126049265258
                ],
                [
                    -0.7838239468791702,
                    -5.954203424316965e-06,
                    -0.620983107872756,
                    -0.818459811896946
                ],
                [
                    0.0,
                    0.0,
                    0.0,
                    1.0
                ]
            ],
            "size": [
                0.1202,
                0.13634,
                0.67816
            ]
        },
        "distance": 0.05015454877325079
    },
    {
        "case": 4,
        "collider1": {
            "type": "Box",
            "collider2origin": [
                [
                    1.0,
                    0.0,
                    0.0,
                    -0.08499999999999996
                ],
                [
                    0.0,
                    1.0,
                    0.0,
                    0.42914
                ],
                [
                    0.0,
                    0.0,
                    1.0,
                    -1.2880099999999999
                ],
                [
                    0.0,
                    0.0,
                    0.0,
                    1.0
                ]
            ],
            "size": [
                1.02,
                1.22,
                0.75
            ]
        },
        "collider2": {
            "type": "Box",
            "collider2origin": [
                [
                    0.2807977962213477,
                    -0.8919287529287413,
                    -0.35442304853975676,
                    0.6096454945422546
                ],
                [
                    -0.5538705786878322,
                    -0.4521759609527332,
                    0.6991167873828221,
                    -0.3366126049265258
                ],
                [
                    -0.7838239468791702,
                    -5.954203424316965e-06,
                    -0.620983107872756,
                    -0.818459811896946
                ],
                [
                    0.0,
                    0.0,
                    0.0,
                    1.0
                ]
            ],
            "size": [
                0.1202,
                0.13634,
                0.67816
            ]
        },
        "distance": 0.0
    },
    {
        "case": 5,
        "collider1": {
            "type": "Box",
            "collider2origin": [
                [
                    1.0,
                    0.0,
                    0.0,
                    -0.26
                ],
                [
                    0.0,
                    1.0,
                    0.0,
                    -0.4608599999999999
                ],
                [
                    0.0,
                    0.0,
                    1.0,
                    -1.143
                ],
                [
                    0.0,
                    0.0,
                    0.0,
                    1.0
                ]
            ],
            "size": [
                1.48,
                0.272,
                0.945
            ]
        },
        "collider2": {
            "type": "Box",
            "collider2origin": [
                [
                    0.2807977962213477,
                    -0.8919287529287413,
                    -0.35442304853975676,
                    0.6096454945422546
                ],
                [
                    -0.5538705786878322,
                    -0.4521759609527332,
                    0.6991167873828221,
                    -0.3366126049265258
                ],
                [
                    -0.7838239468791702,
                    -5.954203424316965e-06,
                    -0.620983107872756,
                    -0.818459811896946
                ],
                [
                    0.0,
                    0.0,
                    0.0,
                    1.0
                ]
            ],
            "size": [
                0.1202,
                0.13634,
                0.67816
            ]
        },
        "distance": 0.04215016828830885
    },
    {
        "case": 6,
        "collider1": {
            "type": "Box",
            "collider2origin": [
                [
                    1.0,
                    0.0,
                    0.0,
                    -0.08500000000000019
                ],
                [
                    0.0,
                    1.0,
                    0.0,
                    -0.03585999999999995
                ],
                [
                    0.0,
                    0.0,
                    1.0,
                    -0.81301
                ],
                [
                    0.0,
                    0.0,
                    0.0,
                    1.0
                ]
            ],
            "size": [
                1.01,
                0.28,
                0.27
            ]
        },
        "collider2": {
            "type": "Box",
            "collider2origin": [
                [
                    0.2807977962213477,
                    -0.8919287529287413,
                    -0.35442304853975676,
                    0.6096454945422546
                ],
                [
                    -0.5538705786878322,
                    -0.4521759609527332,
                    0.6991167873828221,
                    -0.3366126049265258
                ],
                [
                    -0.7838239468791702,
                    -5.954203424316965e-06,
                    -0.620983107872756,
                    -0.818459811896946
                ],
                [
                    0.0,
                    0.0,
                    0.0,
                    1.0
                ]
            ],
            "size": [
                0.1202,
                0.13634,
                0.67816
            ]
        },
        "distance": 0.009675343876217452
    },
    {
        "case": 7,
        "collider1": {
            "type": "Box",
            "collider2origin": [
                [
                    1.0,
                    0.0,
                    0.0,
                    0.7
                ],
                [
                    0.0,
                    1.0,
                    0.0,
                    -0.15085999999999994
                ],
                [
                    0.0,
                    0.0,
                    1.0,
                    -1.03301
                ],
                [
                    0.0,
                    0.0,
                    0.0,
                    1.0
                ]
            ],
            "size": [
                0.6,
                0.06,
                0.06
            ]
        },
        "collider2": {
            "type": "Box",
            "collider2origin": [
                [
                    -0.12026631225965159,
                    -0.8919258499291205,
                    0.43589481800507757,
                    0.40767606352481633
                ],
                [
                    0.23721888052377088,
                    -0.45218168717999385,
                    -0.8598016774245694,
                    -0.18538308019114214
                ],
                [
                    0.963982996145945,
                    -2.696265238135645e-06,
                    0.2659638756188841,
                    -0.9992910595669855
                ],
                [
                    0.0,
                    0.0,
                    0.0,
                    1.0
                ]
            ],
            "size": [
                0.09102,
                0.10007,
                0.11882
            ]
        },
        "distance": 0.0
    },
    {
        "case": 8,
        "collider1": {
            "type": "Box",
            "collider2origin": [
                [
                    1.0,
                    0.0,
                    0.0,
                    -0.08499999999999996
                ],
                [
                    0.0,
                    1.0,
                    0.0,
                    0.42914
                ],
                [
                    0.0,
                    0.0,
                    1.0,
                    -1.2880099999999999
                ],
                [
                    0.0,
                    0.0,
                    0.0,
                    1.0
                ]
            ],
            "size": [
                1.02,
                1.22,
                0.75
            ]
        },
        "collider2": {
            "type": "Box",
            "collider2origin": [
                [
                    -0.12026631225965159,
                    -0.8919258499291205,
                    0.43589481800507757,
                    0.40767606352481633
                ],
                [
                    0.23721888052377088,
                    -0.45218168717999385,
                    -0.8598016774245694,
                    -0.18538308019114214
                ],
                [
                    0.963982996145945,
                    -2.696265238135645e-06,
                    0.2659638756188841,
                    -0.9992910595669855
                ],
                [
                    0.0,
                    0.0,
                    0.0,
                    1.0
                ]
            ],
            "size": [
                0.09102,
                0.10007,
                0.11882
            ]
        },
        "distance": 0.0
    },
    {
        "case": 9,
        "collider1": {
            "type": "Box",
            "collider2origin": [
                [
                    1.0,
                    0.0,
                    0.0,
                    -0.08500000000000019
                ],
                [
                    0.0,
                    1.0,
                    0.0,
                    -0.03585999999999995
                ],
                [
                    0.0,
                    0.0,
                    1.0,
                    -0.81301
                ],
                [
                    0.0,
                    0.0,
                    0.0,
                    1.0
                ]
            ],
            "size": [
                1.01,
                0.28,
                0.27
            ]
        },
        "collider2": {
            "type": "Box",
            "collider2origin": [
                [
                    -0.12026631225965159,
                    -0.8919258499291205,
                    0.43589481800507757,
                    0.40767606352481633
                ],
                [
                    0.23721888052377088,
                    -0.45218168717999385,
                    -0.8598016774245694,
                    -0.18538308019114214
                ],
                [
                    0.963982996145945,
                    -2.696265238135645e-06,
                    0.2659638756188841,
                    -0.9992910595669855
                ],
                [
                    0.0,
                    0.0,
                    0.0,
                    1.0
                ]
            ],
            "size": [
                0.09102,
                0.10007,
                0.11882
            ]
        },
        "distance": 0.004700969476609659
    },
    {
        "case": 10,
        "collider1": {
            "type": "Box",
            "collider2origin": [
                [
                    1.0,
                    0.0,
                    0.0,
                    -0.26
                ],
                [
                    0.0,
                    1.0,
                    0.0,
                    -0.4608599999999999
                ],
                [
                    0.0,
                    0.0,
                    1.0,
                    -1.143
                ],
                [
                    0.0,
                    0.0,
                    0.0,
                    1.0
                ]
            ],
            "size": [
                1.48,
                0.272,
                0.945
            ]
        },
        "collider2": {
            "type": "Box",
            "collider2origin": [
                [
                    0.7496446551727006,
                    0.058610143976998375,
                    -0.6592402763742505,
                    0.45727689799620697
                ],
                [
                    -0.6392736079813106,
                    0.3220100433477569,
                    -0.6983113819219425,
                    -0.2603148827149707
                ],
                [
                    0.17135385933663794,
                    0.9449203051084102,
                    0.2788610261120555,
                    -0.8961397060898519
                ],
                [
                    0.0,
                    0.0,
                    0.0,
                    1.0
                ]
            ],
            "size": [
                0.08993,
                0.0305,
                0.09007
            ]
        },
        "distance": 0.0
    },
    {
        "case": 11,
        "collider1": {
            "type": "Box",
            "collider2origin": [
                [
                    1.0,
                    0.0,
                    0.0,
                    -0.26
                ],
                [
                    0.0,
                    1.0,
                    0.0,
                    -0.4608599999999999
                ],
                [
                    0.0,
                    0.0,
                    1.0,
                    -1.143
                ],
                [
                    0.0,
                    0.0,
                    0.0,
                    1.0
                ]
            ],
            "size": [
                1.48,
                0.272,
                0.945
            ]
        },
        "collider2": {
            "type": "Box",
            "collider2origin": [
                [
                    0.8980869039832731,
                    0.0586141666328159,
                    0.43589481800507757,
                    0.45193837772682866
                ],
                [
                    0.39629659285066965,
                    0.3220094501607794,
                    -0.8598016774245694,
                    -0.2804394530147277
                ],
                [
                    -0.1907588094654864,
                    0.9449202577345313,
                    0.2659638756188841,
                    -0.9679836379732776
                ],
                [
                    0.0,
                    0.0,
                    0.0,
                    1.0
                ]
            ],
            "size": [
                0.09126,
                0.11887,
                0.10009
            ]
        },
        "distance": 0.0
    },
    {
        "case": 12,
        "collider1": {
            "type": "Box",
            "collider2origin": [
                [
                    1.0,
                    0.0,
                    0.0,
                    -0.08500000000000019
                ],
                [
                    0.0,
                    1.0,
                    0.0,
                    -0.03585999999999995
                ],
                [
                    0.0,
                    0.0,
                    1.0,
                    -0.81301
                ],
                [
                    0.0,
                    0.0,
                    0.0,
                    1.0
                ]
            ],
            "size": [
                1.01,
                0.28,
                0.27
            ]
        },
        "collider2": {
            "type": "Cylinder",
            "collider2origin": [
                [
                    -0.6592404058067514,
                    -0.10915085048652225,
                    0.7439678616646137,
                    0.43892632530394615
                ],
                [
                    -0.6983123994333776,
                    -0.2780557410943103,
                    -0.6595792580441653,
                    -0.18388119221637178
                ],
                [
                    0.2788581721042937,
                    -0.9543432803150875,
                    0.1070841872924729,
                    -0.7304403917704646
                ],
                [
                    0.0,
                    0.0,
                    0.0,
                    1.0
                ]
            ],
            "radius": 0.00813,
            "height": 0.03824
        },
        "distance": 0.0
    },
    {
        "case": 13,
        "collider1": {
            "type": "Box",
            "collider2origin": [
                [
                    1.0,
                    0.0,
                    0.0,
                    -0.08500000000000019
                ],
                [
                    0.0,
                    1.0,
                    0.0,
                    -0.03585999999999995
                ],
                [
                    0.0,
                    0.0,
                    1.0,
                    -0.81301
                ],
                [
                    0.0,
                    0.0,
                    0.0,
                    1.0
                ]
            ],
            "size": [
                1.01,
                0.28,
                0.27
            ]
        },
        "collider2": {
            "type": "Sphere",
            "collider2origin": [
                [
                    1.0,
                    0.0,
                    0.0,
                    0.42336913950331023
                ],
                [
                    0.0,
                    1.0,
                    0.0,
                    -0.1707924827104993
                ],
                [
                    0.0,
                    0.0,
                    1.0,
                    -0.7344419731372962
                ],
                [
                    0.0,
                    0.0,
                    0.0,
                    1.0
                ]
            ],
            "radius": 0.00563
        },
        "distance": 0.0
    },
    {
        "case": 14,
        "collider1": {
            "type": "Cylinder",
            "collider2origin": [
                [
                    1.0,
                    0.0,
                    0.0,
                    0.4849999999999999
                ],
                [
                    0.0,
                    -3.673205103346574e-06,
                    -0.9999999999932537,
                    -0.46086
                ],
                [
                    0.0,
                    0.9999999999932537,
                    -3.673205103346574e-06,
                    -0.70001
                ],
                [
                    0.0,
                    0.0,
                    0.0,
                    1.0
                ]
            ],
            "radius": 0.026,
            "height": 0.272
        },
        "collider2": {
            "type": "Box",
            "collider2origin": [
                [
                    0.20074524932555274,
                    -0.891928939338972,
                    -0.40517170686374177,
                    0.7227627895312947
                ],
                [
                    -0.3959650794736406,
                    -0.45217559326164963,
                    0.7992176729126481,
                    -0.8391432528258088
                ],
                [
                    -0.8960541282258874,
                    -5.303905465495854e-06,
                    -0.44394481555843557,
                    -0.5057821495170153
                ],
                [
                    0.0,
                    0.0,
                    0.0,
                    1.0
                ]
            ],
            "size": [
                0.15068,
                0.17726,
                0.74884
            ]
        },
        "distance": 0.0
    },
    {
        "case": 15,
        "collider1": {
            "type": "Box",
            "collider2origin": [
                [
                    1.0,
                    0.0,
                    0.0,
                    -0.26
                ],
                [
                    0.0,
                    1.0,
                    0.0,
                    -0.4608599999999999
                ],
                [
                    0.0,
                    0.0,
                    1.0,
                    -1.143
                ],
                [
                    0.0,
                    0.0,
                    0.0,
                    1.0
                ]
            ],
            "size": [
                1.48,
                0.272,
                0.945
            ]
        },
        "collider2": {
            "type": "Box",
            "collider2origin": [
                [
                    0.20074524932555274,
                    -0.891928939338972,
                    -0.40517170686374177,
                    0.7227627895312947
                ],
                [
                    -0.3959650794736406,
                    -0.45217559326164963,
                    0.7992176729126481,
                    -0.8391432528258088
                ],
                [
                    -0.8960541282258874,
                    -5.303905465495854e-06,
                    -0.44394481555843557,
                    -0.5057821495170153
                ],
                [
                    0.0,
                    0.0,
                    0.0,
                    1.0
                ]
            ],
            "size": [
                0.15068,
                0.17726,
                0.74884
            ]
        },
        "distance": 0.011387422193072625
    },
    {
        "case": 16,
        "collider1": {
            "type": "Cylinder",
            "collider2origin": [
                [
                    1.0,
                    0.0,
                    0.0,
                    0.4849999999999999
                ],
                [
                    0.0,
                    -3.673205103346574e-06,
                    -0.9999999999932537,
                    -0.46086
                ],
                [
                    0.0,
                    0.9999999999932537,
                    -3.673205103346574e-06,
                    -0.70001
                ],
                [
                    0.0,
                    0.0,
                    0.0,
                    1.0
                ]
            ],
            "radius": 0.026,
            "height": 0.272
        },
        "collider2": {
            "type": "Box",
            "collider2origin": [
                [
                    0.20074524932555274,
                    -0.891928939338972,
                    -0.40517170686374177,
                    0.7227627895312947
                ],
                [
                    -0.3959650794736406,
                    -0.45217559326164963,
                    0.7992176729126481,
                    -0.8391432528258088
                ],
                [
                    -0.8960541282258874,
                    -5.303905465495854e-06,
                    -0.44394481555843557,
                    -0.5057821495170153
                ],
                [
                    0.0,
                    0.0,
                    0.0,
                    1.0
                ]
            ],
            "size": [
                0.15068,
                0.17726,
                0.74884
            ]
        },
        "distance": 0.0
    },
    {
        "case": 17,
        "collider1": {
            "type": "Box",
            "collider2origin": [
                [
                    1.0,
                    0.0,
                    0.0,
                    -0.26
                ],
                [
                    0.0,
                    1.0,
                    0.0,
                    -0.4608599999999999
                ],
                [
                    0.0,
                    0.0,
                    1.0,
                    -1.143
                ],
                [
                    0.0,
                    0.0,
                    0.0,
                    1.0
                ]
            ],
            "size": [
                1.48,
                0.272,
                0.945
            ]
        },
        "collider2": {
            "type": "Box",
            "collider2origin": [
                [
                    0.20074524932555274,
                    -0.891928939338972,
                    -0.40517170686374177,
                    0.7227627895312947
                ],
                [
                    -0.3959650794736406,
                    -0.45217559326164963,
                    0.7992176729126481,
                    -0.8391432528258088
                ],
                [
                    -0.8960541282258874,
                    -5.303905465495854e-06,
                    -0.44394481555843557,
                    -0.5057821495170153
                ],
                [
                    0.0,
                    0.0,
                    0.0,
                    1.0
                ]
            ],
            "size": [
                0.15068,
                0.17726,
                0.74884
            ]
        },
        "distance": 0.011387422193072625
    }
]