[
    {
        "case": 0,
        "collider1": {
            "type": "Box",
            "collider2origin": [
                [
                    1.0,
                    0.0,
                    0.0,
                    0.0
                ],
                [
                    0.0,
                    1.0,
                    0.0,
                    -0.37086
                ],
                [
                    0.0,
                    0.0,
                    1.0,
                    0.39699
                ],
                [
                    0.0,
                    0.0,
                    0.0,
                    1.0
                ]
            ],
            "size": [
                0.6,
                1.6,
                0.1
            ]
        },
        "collider2": {
            "type": "Cylinder",
            "collider2origin": [
                [
                    -0.39126839660852253,
                    0.6670199361417251,
                    0.6340295313350038,
                    -0.11825201095697158
                ],
                [
                    0.6426860363916314,
                    -0.29506593907989537,
                    0.7070295257074585,
                    -1.1723727758810045
                ],
                [
                    0.658683308155452,
                    0.6841202353273786,
                    -0.3132344220755458,
                    0.38433241342658064
                ],
                [
                    0.0,
                    0.0,
                    0.0,
                    1.0
                ]
            ],
            "radius": 0.01169,
            "height": 0.05502
        },
        "distance": 0.0
    },
    {
        "case": 1,
        "collider1": {
            "type": "Box",
            "collider2origin": [
                [
                    1.0,
                    0.0,
                    0.0,
                    0.0
                ],
                [
                    0.0,
                    1.0,
                    0.0,
                    -0.37086
                ],
                [
                    0.0,
                    0.0,
                    1.0,
                    0.39699
                ],
                [
                    0.0,
                    0.0,
                    0.0,
                    1.0
                ]
            ],
            "size": [
                0.6,
                1.6,
                0.1
            ]
        },
        "collider2": {
            "type": "Cylinder",
            "collider2origin": [
                [
                    -0.40440019421975637,
                    0.6981433208997365,
                    0.5908099410115832,
                    -0.11114006351378136
                ],
                [
                    0.6748815002954894,
                    -0.20818389825082317,
                    0.7079508634559322,
                    -1.160722419497894
                ],
                [
                    0.6172482834920907,
                    0.6850221660590105,
                    -0.3869744029440307,
                    0.37853228414252005
                ],
                [
                    0.0,
                    0.0,
                    0.0,
                    1.0
                ]
            ],
            "radius": 0.01271,
            "height": 0.05982
        },
        "distance": 0.0
    },
    {
        "case": 2,
        "collider1": {
            "type": "Box",
            "collider2origin": [
                [
                    1.0,
                    0.0,
                    0.0,
                    -0.06
                ],
                [
                    0.0,
                    1.0,
                    0.0,
                    -0.37086
                ],
                [
                    0.0,
                    0.0,
                    1.0,
                    -0.40301
                ],
                [
                    0.0,
                    0.0,
                    0.0,
                    1.0
                ]
            ],
            "size": [
                0.1,
                1.0,
                1.64
            ]
        },
        "collider2": {
            "type": "Box",
            "collider2origin": [
                [
                    -0.20060880254468888,
                    -0.10819607303800646,
                    -0.9736784469837771,
                    0.2779472051004731
                ],
                [
                    0.021836143778686683,
                    -0.9941295739341818,
                    0.10596967988211833,
                    -0.9699043887943745
                ],
                [
                    -0.9794280428732182,
                    -2.931975350353488e-06,
                    0.20179372840834517,
                    0.10253548027456905
                ],
                [
                    0.0,
                    0.0,
                    0.0,
                    1.0
                ]
            ],
            "size": [
                0.1202,
                0.13634,
                0.67816
            ]
        },
        "distance": 0.0
    },
    {
        "case": 3,
        "collider1": {
            "type": "Box",
            "collider2origin": [
                [
                    1.0,
                    0.0,
                    0.0,
                    0.0
                ],
                [
                    0.0,
                    1.0,
                    0.0,
                    -0.37086
                ],
                [
                    0.0,
                    0.0,
                    1.0,
                    0.39699
                ],
                [
                    0.0,
                    0.0,
                    0.0,
                    1.0
                ]
            ],
            "size": [
                0.6,
                1.6,
                0.1
            ]
        },
        "collider2": {
            "type": "Box",
            "collider2origin": [
                [
                    -0.4847360897173801,
                    -0.767721813056805,
                    0.41908727143910673,
                    -0.06376030003950195
                ],
                [
                    0.7674525291034522,
                    -0.6031682954976626,
                    -0.21726624882654574,
                    -1.1505279217065878
                ],
                [
                    0.4195801936438592,
                    0.2163127944972646,
                    0.8815674880793671,
                    0.32409007666873
                ],
                [
                    0.0,
                    0.0,
                    0.0,
                    1.0
                ]
            ],
            "size": [
                0.06241,
                0.05638,
                0.02858
            ]
        },
        "distance": 0.0
    },
    {
        "case": 4,
        "collider1": {
            "type": "Box",
            "collider2origin": [
                [
                    1.0,
                    0.0,
                    0.0,
                    0.0
                ],
                [
                    0.0,
                    1.0,
                    0.0,
                    -0.37086
                ],
                [
                    0.0,
                    0.0,
                    1.0,
                    0.39699
                ],
                [
                    0.0,
                    0.0,
                    0.0,
                    1.0
                ]
            ],
            "size": [
                0.6,
                1.6,
                0.1
            ]
        },
        "collider2": {
            "type": "Box",
            "collider2origin": [
                [
                    -0.5617882482414946,
                    -0.767724851100096,
                    0.30820856110933664,
                    -0.10475853303047877
                ],
                [
                    0.7959429444890055,
                    -0.6031656611288074,
                    -0.05163346156534581,
                    -1.179899101215795
                ],
                [
                    0.2255411121191094,
                    0.21630935772264492,
                    0.9499165587069694,
                    0.33341072073743616
                ],
                [
                    0.0,
                    0.0,
                    0.0,
                    1.0
                ]
            ],
            "size": [
                0.07264,
                0.04753,
                0.03326
            ]
        },
        "distance": 0.0
    }
]