[
    {
        "case": 0,
        "collider1": {
            "type": "Box",
            "collider2origin": [
                [
                    1.0,
                    0.0,
                    0.0,
                    0.0
                ],
                [
                    0.0,
                    1.0,
                    0.0,
                    -0.37086
                ],
                [
                    0.0,
                    0.0,
                    1.0,
                    0.39699
                ],
                [
                    0.0,
                    0.0,
                    0.0,
                    1.0
                ]
            ],
            "size": [
                0.6,
                1.6,
                0.1
            ]
        },
        "collider2": {
            "type": "Box",
            "collider2origin": [
                [
                    0.1785403405246681,
                    -0.15122445328850898,
                    -0.9722420025553961,
                    -0.055310190543481186
                ],
                [
                    -0.9781809482153664,
                    0.07940444988078792,
                    -0.19198168112509217,
                    -0.6497193095505429
                ],
                [
                    0.10623266613345773,
                    0.985305078677016,
                    -0.13374798159021434,
                    0.44670596016894937
                ],
                [
                    0.0,
                    0.0,
                    0.0,
                    1.0
                ]
            ],
            "size": [
                0.07264,
                0.04753,
                0.03326
            ]
        },
        "distance": 0.0
    },
    {
        "case": 1,
        "collider1": {
            "type": "Box",
            "collider2origin": [
                [
                    1.0,
                    0.0,
                    0.0,
                    0.0
                ],
                [
                    0.0,
                    1.0,
                    0.0,
                    -0.37086
                ],
                [
                    0.0,
                    0.0,
                    1.0,
                    0.39699
                ],
                [
                    0.0,
                    0.0,
                    0.0,
                    1.0
                ]
            ],
            "size": [
                0.6,
                1.6,
                0.1
            ]
        },
        "collider2": {
            "type": "Box",
            "collider2origin": [
                [
                    0.33568650056860433,
                    0.1821565003281661,
                    -0.9241934768890111,
                    0.36085961094182617
                ],
                [
                    -0.062185597298438484,
                    0.9832695507246944,
                    0.17121314817003414,
                    -0.8325709174390432
                ],
                [
                    0.9399188926841723,
                    -2.4191808689308656e-06,
                    0.3413978253731366,
                    0.19009973447034167
                ],
                [
                    0.0,
                    0.0,
                    0.0,
                    1.0
                ]
            ],
            "size": [
                0.1202,
                0.13634,
                0.67816
            ]
        },
        "distance": 0.0
    },
    {
        "case": 2,
        "collider1": {
            "type": "Box",
            "collider2origin": [
                [
                    1.0,
                    0.0,
                    0.0,
                    0.0
                ],
                [
                    0.0,
                    1.0,
                    0.0,
                    -0.37086
                ],
                [
                    0.0,
                    0.0,
                    1.0,
                    0.39699
                ],
                [
                    0.0,
                    0.0,
                    0.0,
                    1.0
                ]
            ],
            "size": [
                0.6,
                1.6,
                0.1
            ]
        },
        "collider2": {
            "type": "Sphere",
            "collider2origin": [
                [
                    1.0,
                    0.0,
                    0.0,
                    -0.1355252732204355
                ],
                [
                    0.0,
                    1.0,
                    0.0,
                    -0.6814252509699616
                ],
                [
                    0.0,
                    0.0,
                    1.0,
                    0.43526642223282197
                ],
                [
                    0.0,
                    0.0,
                    0.0,
                    1.0
                ]
            ],
            "radius": 0.00663
        },
        "distance": 0.0
    },
    {
        "case": 3,
        "collider1": {
            "type": "Box",
            "collider2origin": [
                [
                    1.0,
                    0.0,
                    0.0,
                    0.0
                ],
                [
                    0.0,
                    1.0,
                    0.0,
                    -0.37086
                ],
                [
                    0.0,
                    0.0,
                    1.0,
                    0.39699
                ],
                [
                    0.0,
                    0.0,
                    0.0,
                    1.0
                ]
            ],
            "size": [
                0.6,
                1.6,
                0.1
            ]
        },
        "collider2": {
            "type": "Box",
            "collider2origin": [
                [
                    -0.3745509226873652,
                    0.18215655563266198,
                    -0.9091372809175127,
                    0.10918078288817745
                ],
                [
                    0.06939256548448251,
                    0.9832695404691002,
                    0.16842114665672578,
                    -0.6722829764518472
                ],
                [
                    0.9246060124017826,
                    -5.0724201121681835e-06,
                    -0.38092482434825015,
                    0.28865204871441175
                ],
                [
                    0.0,
                    0.0,
                    0.0,
                    1.0
                ]
            ],
            "size": [
                0.09102,
                0.10007,
                0.11882
            ]
        },
        "distance": 0.0
    },
    {
        "case": 4,
        "collider1": {
            "type": "Box",
            "collider2origin": [
                [
                    1.0,
                    0.0,
                    0.0,
                    0.0
                ],
                [
                    0.0,
                    1.0,
                    0.0,
                    -0.37086
                ],
                [
                    0.0,
                    0.0,
                    1.0,
                    0.39699
                ],
                [
                    0.0,
                    0.0,
                    0.0,
                    1.0
                ]
            ],
            "size": [
                0.6,
                1.6,
                0.1
            ]
        },
        "collider2": {
            "type": "Box",
            "collider2origin": [
                [
                    -0.029147272696923913,
                    -0.15122921061442687,
                    -0.9880689056696744,
                    -0.050082805340881276
                ],
                [
                    -0.9966930815873922,
                    0.07940657958427873,
                    0.017248079155463822,
                    -0.6525019485440514
                ],
                [
                    0.07585075879751423,
                    0.9853041768792327,
                    -0.15304359318239483,
                    0.39576160754596046
                ],
                [
                    0.0,
                    0.0,
                    0.0,
                    1.0
                ]
            ],
            "size": [
                0.06241,
                0.05638,
                0.02858
            ]
        },
        "distance": 0.0
    },
    {
        "case": 5,
        "collider1": {
            "type": "Box",
            "collider2origin": [
                [
                    1.0,
                    0.0,
                    0.0,
                    -0.06
                ],
                [
                    0.0,
                    1.0,
                    0.0,
                    -0.37086
                ],
                [
                    0.0,
                    0.0,
                    1.0,
                    -0.40301
                ],
                [
                    0.0,
                    0.0,
                    0.0,
                    1.0
                ]
            ],
            "size": [
                0.1,
                1.0,
                1.64
            ]
        },
        "collider2": {
            "type": "Box",
            "collider2origin": [
                [
                    -0.029147272696923913,
                    -0.15122921061442687,
                    -0.9880689056696744,
                    -0.050082805340881276
                ],
                [
                    -0.9966930815873922,
                    0.07940657958427873,
                    0.017248079155463822,
                    -0.6525019485440514
                ],
                [
                    0.07585075879751423,
                    0.9853041768792327,
                    -0.15304359318239483,
                    0.39576160754596046
                ],
                [
                    0.0,
                    0.0,
                    0.0,
                    1.0
                ]
            ],
            "size": [
                0.06241,
                0.05638,
                0.02858
            ]
        },
        "distance": 0.0
    },
    {
        "case": 6,
        "collider1": {
            "type": "Box",
            "collider2origin": [
                [
                    1.0,
                    0.0,
                    0.0,
                    0.0
                ],
                [
                    0.0,
                    1.0,
                    0.0,
                    -0.37086
                ],
                [
                    0.0,
                    0.0,
                    1.0,
                    0.39699
                ],
                [
                    0.0,
                    0.0,
                    0.0,
                    1.0
                ]
            ],
            "size": [
                0.6,
                1.6,
                0.1
            ]
        },
        "collider2": {
            "type": "Box",
            "collider2origin": [
                [
                    0.9043763084350432,
                    -0.3892852155667738,
                    0.17481565628551152,
                    -0.022746784621634264
                ],
                [
                    0.18207914503671355,
                    -0.018482546839872153,
                    -0.9831101568008599,
                    -0.6516688134004136
                ],
                [
                    0.3859412878717475,
                    0.9209318196280557,
                    0.054165541744309514,
                    0.3165668073057404
                ],
                [
                    0.0,
                    0.0,
                    0.0,
                    1.0
                ]
            ],
            "size": [
                0.08993,
                0.0305,
                0.09007
            ]
        },
        "distance": 0.0
    },
    {
        "case": 7,
        "collider1": {
            "type": "Box",
            "collider2origin": [
                [
                    1.0,
                    0.0,
                    0.0,
                    -0.06
                ],
                [
                    0.0,
                    1.0,
                    0.0,
                    -0.37086
                ],
                [
                    0.0,
                    0.0,
                    1.0,
                    -0.40301
                ],
                [
                    0.0,
                    0.0,
                    0.0,
                    1.0
                ]
            ],
            "size": [
                0.1,
                1.0,
                1.64
            ]
        },
        "collider2": {
            "type": "Box",
            "collider2origin": [
                [
                    0.9043763084350432,
                    -0.3892852155667738,
                    0.17481565628551152,
                    -0.022746784621634264
                ],
                [
                    0.18207914503671355,
                    -0.018482546839872153,
                    -0.9831101568008599,
                    -0.6516688134004136
                ],
                [
                    0.3859412878717475,
                    0.9209318196280557,
                    0.054165541744309514,
                    0.3165668073057404
                ],
                [
                    0.0,
                    0.0,
                    0.0,
                    1.0
                ]
            ],
            "size": [
                0.08993,
                0.0305,
                0.09007
            ]
        },
        "distance": 0.0
    },
    {
        "case": 8,
        "collider1": {
            "type": "Box",
            "collider2origin": [
                [
                    1.0,
                    0.0,
                    0.0,
                    -0.06
                ],
                [
                    0.0,
                    1.0,
                    0.0,
                    -0.37086
                ],
                [
                    0.0,
                    0.0,
                    1.0,
                    -0.40301
                ],
                [
                    0.0,
                    0.0,
                    0.0,
                    1.0
                ]
            ],
            "size": [
                0.1,
                1.0,
                1.64
            ]
        },
        "collider2": {
            "type": "Box",
            "collider2origin": [
                [
                    -0.1480652742191582,
                    -0.3892891971482347,
                    -0.9091372809175127,
                    0.009568515170586323
                ],
                [
                    -0.9855419164899084,
                    -0.018478317029211627,
                    0.16842114665672578,
                    -0.6500276169786205
                ],
                [
                    -0.08236385986465111,
                    0.9209302214519028,
                    -0.38092482434825015,
                    0.24916791683858053
                ],
                [
                    0.0,
                    0.0,
                    0.0,
                    1.0
                ]
            ],
            "size": [
                0.09126,
                0.11887,
                0.10009
            ]
        },
        "distance": 0.0
    },
    {
        "case": 9,
        "collider1": {
            "type": "Box",
            "collider2origin": [
                [
                    1.0,
                    0.0,
                    0.0,
                    0.0
                ],
                [
                    0.0,
                    1.0,
                    0.0,
                    -0.37086
                ],
                [
                    0.0,
                    0.0,
                    1.0,
                    0.39699
                ],
                [
                    0.0,
                    0.0,
                    0.0,
                    1.0
                ]
            ],
            "size": [
                0.6,
                1.6,
                0.1
            ]
        },
        "collider2": {
            "type": "Cylinder",
            "collider2origin": [
                [
                    0.08967567648536792,
                    0.5710122214275103,
                    0.8160289921487538,
                    -0.11962647293207751
                ],
                [
                    -0.9937416763391997,
                    0.10608728695636335,
                    0.0349709629949624,
                    -0.6819877859953309
                ],
                [
                    -0.06660145458958412,
                    -0.8140580633632085,
                    0.5769520913558537,
                    0.4478790470086622
                ],
                [
                    0.0,
                    0.0,
                    0.0,
                    1.0
                ]
            ],
            "radius": 0.00796,
            "height": 0.03037
        },
        "distance": 0.0
    },
    {
        "case": 10,
        "collider1": {
            "type": "Box",
            "collider2origin": [
                [
                    1.0,
                    0.0,
                    0.0,
                    0.0
                ],
                [
                    0.0,
                    1.0,
                    0.0,
                    -0.37086
                ],
                [
                    0.0,
                    0.0,
                    1.0,
                    0.39699
                ],
                [
                    0.0,
                    0.0,
                    0.0,
                    1.0
                ]
            ],
            "size": [
                0.6,
                1.6,
                0.1
            ]
        },
        "collider2": {
            "type": "Cylinder",
            "collider2origin": [
                [
                    -0.4868855254710698,
                    -0.7111575902953208,
                    0.5071462972871957,
                    -0.11046027573750306
                ],
                [
                    -0.8381452030970816,
                    0.5438220386267525,
                    -0.042073849707327235,
                    -0.6805359314866004
                ],
                [
                    -0.24587619570042163,
                    -0.4455473847630524,
                    -0.8608324019916374,
                    0.4485164949481173
                ],
                [
                    0.0,
                    0.0,
                    0.0,
                    1.0
                ]
            ],
            "radius": 0.01169,
            "height": 0.05502
        },
        "distance": 0.0
    },
    {
        "case": 11,
        "collider1": {
            "type": "Box",
            "collider2origin": [
                [
                    1.0,
                    0.0,
                    0.0,
                    0.0
                ],
                [
                    0.0,
                    1.0,
                    0.0,
                    -0.37086
                ],
                [
                    0.0,
                    0.0,
                    1.0,
                    0.39699
                ],
                [
                    0.0,
                    0.0,
                    0.0,
                    1.0
                ]
            ],
            "size": [
                0.6,
                1.6,
                0.1
            ]
        },
        "collider2": {
            "type": "Cylinder",
            "collider2origin": [
                [
                    -0.43912543711358715,
                    -0.6886582084334569,
                    0.5769910938974899,
                    -0.10161227774950299
                ],
                [
                    -0.863417652836738,
                    0.5010114438418127,
                    -0.059139579888941,
                    -0.6833374526508256
                ],
                [
                    -0.24835218390362285,
                    -0.524153989870118,
                    -0.8146065232083137,
                    0.436948586287917
                ],
                [
                    0.0,
                    0.0,
                    0.0,
                    1.0
                ]
            ],
            "radius": 0.01271,
            "height": 0.05982
        },
        "distance": 0.0
    },
    {
        "case": 12,
        "collider1": {
            "type": "Box",
            "collider2origin": [
                [
                    1.0,
                    0.0,
                    0.0,
                    -0.06
                ],
                [
                    0.0,
                    1.0,
                    0.0,
                    -0.37086
                ],
                [
                    0.0,
                    0.0,
                    1.0,
                    -0.40301
                ],
                [
                    0.0,
                    0.0,
                    0.0,
                    1.0
                ]
            ],
            "size": [
                0.1,
                1.0,
                1.64
            ]
        },
        "collider2": {
            "type": "Cylinder",
            "collider2origin": [
                [
                    -0.43912543711358715,
                    -0.6886582084334569,
                    0.5769910938974899,
                    -0.10161227774950299
                ],
                [
                    -0.863417652836738,
                    0.5010114438418127,
                    -0.059139579888941,
                    -0.6833374526508256
                ],
                [
                    -0.24835218390362285,
                    -0.524153989870118,
                    -0.8146065232083137,
                    0.436948586287917
                ],
                [
                    0.0,
                    0.0,
                    0.0,
                    1.0
                ]
            ],
            "radius": 0.01271,
            "height": 0.05982
        },
        "distance": 0.0
    }
]