[
    {
        "case": 0,
        "collider1": {
            "type": "Box",
            "collider2origin": [
                [
                    1.0,
                    0.0,
                    0.0,
                    -0.06
                ],
                [
                    0.0,
                    1.0,
                    0.0,
                    -0.37086
                ],
                [
                    0.0,
                    0.0,
                    1.0,
                    -0.40301
                ],
                [
                    0.0,
                    0.0,
                    0.0,
                    1.0
                ]
            ],
            "size": [
                0.1,
                1.0,
                1.64
            ]
        },
        "collider2": {
            "type": "Box",
            "collider2origin": [
                [
                    0.26463330698701254,
                    0.7337856532909525,
                    0.6257218454373218,
                    0.025244684193764577
                ],
                [
                    -0.8895427760941645,
                    0.4363099557623535,
                    -0.13545210224038556,
                    -0.620009866468674
                ],
                [
                    -0.3724014800343903,
                    -0.520761209698863,
                    0.7681958735512529,
                    0.12171212012356403
                ],
                [
                    0.0,
                    0.0,
                    0.0,
                    1.0
                ]
            ],
            "size": [
                0.09126,
                0.11887,
                0.10009
            ]
        },
        "distance": 0.0
    },
    {
        "case": 1,
        "collider1": {
            "type": "Box",
            "collider2origin": [
                [
                    1.0,
                    0.0,
                    0.0,
                    -0.06
                ],
                [
                    0.0,
                    1.0,
                    0.0,
                    -0.37086
                ],
                [
                    0.0,
                    0.0,
                    1.0,
                    -0.40301
                ],
                [
                    0.0,
                    0.0,
                    0.0,
                    1.0
                ]
            ],
            "size": [
                0.1,
                1.0,
                1.64
            ]
        },
        "collider2": {
            "type": "Box",
            "collider2origin": [
                [
                    0.7508053471621101,
                    0.2115738708236331,
                    0.6257218454373218,
                    -0.045768512112355664
                ],
                [
                    -0.16253070729766889,
                    0.977362009280072,
                    -0.13545210224038556,
                    -0.6099539341607867
                ],
                [
                    -0.6402148856892523,
                    -8.514641002540768e-07,
                    0.7681958735512529,
                    0.038981423235119994
                ],
                [
                    0.0,
                    0.0,
                    0.0,
                    1.0
                ]
            ],
            "size": [
                0.09102,
                0.10007,
                0.11882
            ]
        },
        "distance": 0.0
    },
    {
        "case": 2,
        "collider1": {
            "type": "Box",
            "collider2origin": [
                [
                    1.0,
                    0.0,
                    0.0,
                    -0.06
                ],
                [
                    0.0,
                    1.0,
                    0.0,
                    -0.37086
                ],
                [
                    0.0,
                    0.0,
                    1.0,
                    -0.40301
                ],
                [
                    0.0,
                    0.0,
                    0.0,
                    1.0
                ]
            ],
            "size": [
                0.1,
                1.0,
                1.64
            ]
        },
        "collider2": {
            "type": "Box",
            "collider2origin": [
                [
                    0.25276213868672753,
                    0.21156810449655233,
                    -0.9441134669128742,
                    0.20469375908562748
                ],
                [
                    -0.054712283838365884,
                    0.9773632575211324,
                    0.20437130142187354,
                    -0.778520848410535
                ],
                [
                    0.9659802623468563,
                    -2.7232562217490386e-06,
                    0.2586158014292287,
                    -0.038697029448024445
                ],
                [
                    0.0,
                    0.0,
                    0.0,
                    1.0
                ]
            ],
            "size": [
                0.1202,
                0.13634,
                0.67816
            ]
        },
        "distance": 0.0
    }
]