[
    {
        "case": 0,
        "collider1": {
            "type": "Box",
            "collider2origin": [
                [
                    1.0,
                    0.0,
                    0.0,
                    -0.06
                ],
                [
                    0.0,
                    1.0,
                    0.0,
                    -0.37086
                ],
                [
                    0.0,
                    0.0,
                    1.0,
                    -0.40301
                ],
                [
                    0.0,
                    0.0,
                    0.0,
                    1.0
                ]
            ],
            "size": [
                0.1,
                1.0,
                1.64
            ]
        },
        "collider2": {
            "type": "Box",
            "collider2origin": [
                [
                    -0.3036180579706464,
                    -0.8576634505607391,
                    -0.4150053980930606,
                    -0.06604622370634994
                ],
                [
                    0.31294887784017517,
                    0.32163390412022125,
                    -0.8936524109400469,
                    -0.314221258119706
                ],
                [
                    0.8999328167884022,
                    -0.40120448314124174,
                    0.17075095307101718,
                    -0.42970575384565635
                ],
                [
                    0.0,
                    0.0,
                    0.0,
                    1.0
                ]
            ],
            "size": [
                0.06241,
                0.05638,
                0.02858
            ]
        },
        "distance": 0.0
    },
    {
        "case": 1,
        "collider1": {
            "type": "Cylinder",
            "collider2origin": [
                [
                    1.0,
                    0.0,
                    0.0,
                    0.4849999999999999
                ],
                [
                    0.0,
                    -3.673205103346574e-06,
                    -0.9999999999932537,
                    -0.46086
                ],
                [
                    0.0,
                    0.9999999999932537,
                    -3.673205103346574e-06,
                    -0.70001
                ],
                [
                    0.0,
                    0.0,
                    0.0,
                    1.0
                ]
            ],
            "radius": 0.026,
            "height": 0.272
        },
        "collider2": {
            "type": "Box",
            "collider2origin": [
                [
                    0.2607738777845814,
                    0.46177370768198917,
                    -0.8477983413281845,
                    0.3085521926023499
                ],
                [
                    -0.13575687095478467,
                    0.8869977693810189,
                    0.44136722703624287,
                    -0.5856872734085954
                ],
                [
                    0.9558070185208717,
                    -2.5933018979464185e-06,
                    0.2939948015518584,
                    -0.5845963370176115
                ],
                [
                    0.0,
                    0.0,
                    0.0,
                    1.0
                ]
            ],
            "size": [
                0.1202,
                0.13634,
                0.67816
            ]
        },
        "distance": 0.0
    },
    {
        "case": 2,
        "collider1": {
            "type": "Box",
            "collider2origin": [
                [
                    1.0,
                    0.0,
                    0.0,
                    -0.26
                ],
                [
                    0.0,
                    1.0,
                    0.0,
                    -0.4608599999999999
                ],
                [
                    0.0,
                    0.0,
                    1.0,
                    -1.143
                ],
                [
                    0.0,
                    0.0,
                    0.0,
                    1.0
                ]
            ],
            "size": [
                1.48,
                0.272,
                0.945
            ]
        },
        "collider2": {
            "type": "Box",
            "collider2origin": [
                [
                    0.2607738777845814,
                    0.46177370768198917,
                    -0.8477983413281845,
                    0.3085521926023499
                ],
                [
                    -0.13575687095478467,
                    0.8869977693810189,
                    0.44136722703624287,
                    -0.5856872734085954
                ],
                [
                    0.9558070185208717,
                    -2.5933018979464185e-06,
                    0.2939948015518584,
                    -0.5845963370176115
                ],
                [
                    0.0,
                    0.0,
                    0.0,
                    1.0
                ]
            ],
            "size": [
                0.1202,
                0.13634,
                0.67816
            ]
        },
        "distance": 0.0
    },
    {
        "case": 3,
        "collider1": {
            "type": "Box",
            "collider2origin": [
                [
                    1.0,
                    0.0,
                    0.0,
                    -0.06
                ],
                [
                    0.0,
                    1.0,
                    0.0,
                    -0.37086
                ],
                [
                    0.0,
                    0.0,
                    1.0,
                    -0.40301
                ],
                [
                    0.0,
                    0.0,
                    0.0,
                    1.0
                ]
            ],
            "size": [
                0.1,
                1.0,
                1.64
            ]
        },
        "collider2": {
            "type": "Box",
            "collider2origin": [
                [
                    0.2607738777845814,
                    0.46177370768198917,
                    -0.8477983413281845,
                    0.3085521926023499
                ],
                [
                    -0.13575687095478467,
                    0.8869977693810189,
                    0.44136722703624287,
                    -0.5856872734085954
                ],
                [
                    0.9558070185208717,
                    -2.5933018979464185e-06,
                    0.2939948015518584,
                    -0.5845963370176115
                ],
                [
                    0.0,
                    0.0,
                    0.0,
                    1.0
                ]
            ],
            "size": [
                0.1202,
                0.13634,
                0.67816
            ]
        },
        "distance": 0.0
    },
    {
        "case": 4,
        "collider1": {
            "type": "Cylinder",
            "collider2origin": [
                [
                    1.0,
                    0.0,
                    0.0,
                    0.4849999999999999
                ],
                [
                    0.0,
                    -3.673205103346574e-06,
                    -0.9999999999932537,
                    -0.46086
                ],
                [
                    0.0,
                    0.9999999999932537,
                    -3.673205103346574e-06,
                    -0.70001
                ],
                [
                    0.0,
                    0.0,
                    0.0,
                    1.0
                ]
            ],
            "radius": 0.026,
            "height": 0.272
        },
        "collider2": {
            "type": "Box",
            "collider2origin": [
                [
                    -0.42648917695528965,
                    0.4617739650388777,
                    -0.777735036598116,
                    0.8473440350651961
                ],
                [
                    0.22203708303719177,
                    0.8869976353873138,
                    0.4048885384567569,
                    -0.7237502589921349
                ],
                [
                    0.8768161242223678,
                    -5.439377016887745e-06,
                    -0.4808258356973742,
                    -0.5170206827274294
                ],
                [
                    0.0,
                    0.0,
                    0.0,
                    1.0
                ]
            ],
            "size": [
                0.15068,
                0.17726,
                0.74884
            ]
        },
        "distance": 0.022976756875320282
    },
    {
        "case": 5,
        "collider1": {
            "type": "Cylinder",
            "collider2origin": [
                [
                    1.0,
                    0.0,
                    0.0,
                    0.4849999999999999
                ],
                [
                    0.0,
                    -3.673205103346574e-06,
                    -0.9999999999932537,
                    -0.46086
                ],
                [
                    0.0,
                    0.9999999999932537,
                    -3.673205103346574e-06,
                    -0.70001
                ],
                [
                    0.0,
                    0.0,
                    0.0,
                    1.0
                ]
            ],
            "radius": 0.026,
            "height": 0.272
        },
        "collider2": {
            "type": "Box",
            "collider2origin": [
                [
                    -0.42648917695528965,
                    0.4617739650388777,
                    -0.777735036598116,
                    0.8473440350651961
                ],
                [
                    0.22203708303719177,
                    0.8869976353873138,
                    0.4048885384567569,
                    -0.7237502589921349
                ],
                [
                    0.8768161242223678,
                    -5.439377016887745e-06,
                    -0.4808258356973742,
                    -0.5170206827274294
                ],
                [
                    0.0,
                    0.0,
                    0.0,
                    1.0
                ]
            ],
            "size": [
                0.15068,
                0.17726,
                0.74884
            ]
        },
        "distance": 0.022976756875320282
    },
    {
        "case": 6,
        "collider1": {
            "type": "Box",
            "collider2origin": [
                [
                    1.0,
                    0.0,
                    0.0,
                    -0.06
                ],
                [
                    0.0,
                    1.0,
                    0.0,
                    -0.37086
                ],
                [
                    0.0,
                    0.0,
                    1.0,
                    -0.40301
                ],
                [
                    0.0,
                    0.0,
                    0.0,
                    1.0
                ]
            ],
            "size": [
                0.1,
                1.0,
                1.64
            ]
        },
        "collider2": {
            "type": "Cylinder",
            "collider2origin": [
                [
                    -0.47214791765023123,
                    0.1911266473918403,
                    0.8605503753501623,
                    -0.13318123763722078
                ],
                [
                    -0.38944519835208685,
                    -0.9210044972140432,
                    -0.009118859139767262,
                    -0.3282943432596743
                ],
                [
                    0.7908279088013102,
                    -0.33944266197439427,
                    0.5092837106099933,
                    -0.42087893996891834
                ],
                [
                    0.0,
                    0.0,
                    0.0,
                    1.0
                ]
            ],
            "radius": 0.01271,
            "height": 0.05982
        },
        "distance": 0.0
    },
    {
        "case": 7,
        "collider1": {
            "type": "Box",
            "collider2origin": [
                [
                    1.0,
                    0.0,
                    0.0,
                    -0.06
                ],
                [
                    0.0,
                    1.0,
                    0.0,
                    -0.37086
                ],
                [
                    0.0,
                    0.0,
                    1.0,
                    -0.40301
                ],
                [
                    0.0,
                    0.0,
                    0.0,
                    1.0
                ]
            ],
            "size": [
                0.1,
                1.0,
                1.64
            ]
        },
        "collider2": {
            "type": "Box",
            "collider2origin": [
                [
                    -0.20991486912380022,
                    -0.8576620504129406,
                    -0.46941618527934054,
                    -0.10926992621910325
                ],
                [
                    0.49325649630385654,
                    0.3216389032475525,
                    -0.8082366267200185,
                    -0.2950533437593513
                ],
                [
                    0.8441763894914269,
                    -0.401203468578204,
                    0.355530589719136,
                    -0.4495727692270144
                ],
                [
                    0.0,
                    0.0,
                    0.0,
                    1.0
                ]
            ],
            "size": [
                0.07264,
                0.04753,
                0.03326
            ]
        },
        "distance": 0.0
    },
    {
        "case": 8,
        "collider1": {
            "type": "Box",
            "collider2origin": [
                [
                    1.0,
                    0.0,
                    0.0,
                    -0.06
                ],
                [
                    0.0,
                    1.0,
                    0.0,
                    -0.37086
                ],
                [
                    0.0,
                    0.0,
                    1.0,
                    -0.40301
                ],
                [
                    0.0,
                    0.0,
                    0.0,
                    1.0
                ]
            ],
            "size": [
                0.1,
                1.0,
                1.64
            ]
        },
        "collider2": {
            "type": "Box",
            "collider2origin": [
                [
                    0.22702474740668255,
                    -0.9587255977104607,
                    -0.17118700990335542,
                    0.01285809871363175
                ],
                [
                    0.8756206292731452,
                    0.12399298999019417,
                    0.4668128661729369,
                    -0.3297228163147873
                ],
                [
                    -0.4263194549351843,
                    -0.2558729503640649,
                    0.8676293884002293,
                    -0.4061775128364544
                ],
                [
                    0.0,
                    0.0,
                    0.0,
                    1.0
                ]
            ],
            "size": [
                0.08993,
                0.0305,
                0.09007
            ]
        },
        "distance": 0.0
    }
]