[
    {
        "case": 0,
        "collider1": {
            "type": "Box",
            "collider2origin": [
                [
                    1.0,
                    0.0,
                    0.0,
                    0.5199999999999999
                ],
                [
                    0.0,
                    1.0,
                    0.0,
                    -0.43085999999999997
                ],
                [
                    0.0,
                    0.0,
                    1.0,
                    -0.80301
                ],
                [
                    0.0,
                    0.0,
                    0.0,
                    1.0
                ]
            ],
            "size": [
                0.2,
                0.08,
                0.04
            ]
        },
        "collider2": {
            "type": "Box",
            "collider2origin": [
                [
                    -0.4532983335373991,
                    0.5590002467448634,
                    -0.6942905335314593,
                    0.8893474628960826
                ],
                [
                    0.3056060939988157,
                    0.8291674885732703,
                    0.46806643887794663,
                    -0.7149008270500816
                ],
                [
                    0.8373323928542378,
                    -5.681324745024079e-06,
                    -0.5466941227457257,
                    -0.5367752879495835
                ],
                [
                    0.0,
                    0.0,
                    0.0,
                    1.0
                ]
            ],
            "size": [
                0.15068,
                0.17726,
                0.74884
            ]
        },
        "distance": 0.061427784471575764
    },
    {
        "case": 1,
        "collider1": {
            "type": "Box",
            "collider2origin": [
                [
                    1.0,
                    0.0,
                    0.0,
                    0.5199999999999999
                ],
                [
                    0.0,
                    1.0,
                    0.0,
                    -0.43085999999999997
                ],
                [
                    0.0,
                    0.0,
                    1.0,
                    -0.80301
                ],
                [
                    0.0,
                    0.0,
                    0.0,
                    1.0
                ]
            ],
            "size": [
                0.2,
                0.08,
                0.04
            ]
        },
        "collider2": {
            "type": "Box",
            "collider2origin": [
                [
                    -0.4532983335373991,
                    0.5590002467448634,
                    -0.6942905335314593,
                    0.8893474628960826
                ],
                [
                    0.3056060939988157,
                    0.8291674885732703,
                    0.46806643887794663,
                    -0.7149008270500816
                ],
                [
                    0.8373323928542378,
                    -5.681324745024079e-06,
                    -0.5466941227457257,
                    -0.5367752879495835
                ],
                [
                    0.0,
                    0.0,
                    0.0,
                    1.0
                ]
            ],
            "size": [
                0.15068,
                0.17726,
                0.74884
            ]
        },
        "distance": 0.061427784471575764
    },
    {
        "case": 2,
        "collider1": {
            "type": "Box",
            "collider2origin": [
                [
                    1.0,
                    0.0,
                    0.0,
                    0.5199999999999999
                ],
                [
                    0.0,
                    1.0,
                    0.0,
                    -0.43085999999999997
                ],
                [
                    0.0,
                    0.0,
                    1.0,
                    -0.80301
                ],
                [
                    0.0,
                    0.0,
                    0.0,
                    1.0
                ]
            ],
            "size": [
                0.2,
                0.08,
                0.04
            ]
        },
        "collider2": {
            "type": "Box",
            "collider2origin": [
                [
                    0.5721858363843659,
                    0.5590005927208214,
                    -0.6001014130785678,
                    0.4337370425876891
                ],
                [
                    -0.38575015558943865,
                    0.8291672553450686,
                    0.40457197150352553,
                    -0.5601096039674874
                ],
                [
                    0.7237404134797554,
                    -1.1384279170496695e-06,
                    0.6900723251187924,
                    -0.513835634865918
                ],
                [
                    0.0,
                    0.0,
                    0.0,
                    1.0
                ]
            ],
            "size": [
                0.1202,
                0.13634,
                0.67816
            ]
        },
        "distance": 0.12237068742211979
    },
    {
        "case": 3,
        "collider1": {
            "type": "Cylinder",
            "collider2origin": [
                [
                    1.0,
                    0.0,
                    0.0,
                    0.4849999999999999
                ],
                [
                    0.0,
                    -3.673205103346574e-06,
                    -0.9999999999932537,
                    -0.46086
                ],
                [
                    0.0,
                    0.9999999999932537,
                    -3.673205103346574e-06,
                    -0.70001
                ],
                [
                    0.0,
                    0.0,
                    0.0,
                    1.0
                ]
            ],
            "radius": 0.026,
            "height": 0.272
        },
        "collider2": {
            "type": "Box",
            "collider2origin": [
                [
                    0.5721858363843659,
                    0.5590005927208214,
                    -0.6001014130785678,
                    0.4337370425876891
                ],
                [
                    -0.38575015558943865,
                    0.8291672553450686,
                    0.40457197150352553,
                    -0.5601096039674874
                ],
                [
                    0.7237404134797554,
                    -1.1384279170496695e-06,
                    0.6900723251187924,
                    -0.513835634865918
                ],
                [
                    0.0,
                    0.0,
                    0.0,
                    1.0
                ]
            ],
            "size": [
                0.1202,
                0.13634,
                0.67816
            ]
        },
        "distance": 0.007146150147832779
    },
    {
        "case": 4,
        "collider1": {
            "type": "Box",
            "collider2origin": [
                [
                    1.0,
                    0.0,
                    0.0,
                    -0.26
                ],
                [
                    0.0,
                    1.0,
                    0.0,
                    -0.4608599999999999
                ],
                [
                    0.0,
                    0.0,
                    1.0,
                    -1.143
                ],
                [
                    0.0,
                    0.0,
                    0.0,
                    1.0
                ]
            ],
            "size": [
                1.48,
                0.272,
                0.945
            ]
        },
        "collider2": {
            "type": "Box",
            "collider2origin": [
                [
                    0.5721858363843659,
                    0.5590005927208214,
                    -0.6001014130785678,
                    0.4337370425876891
                ],
                [
                    -0.38575015558943865,
                    0.8291672553450686,
                    0.40457197150352553,
                    -0.5601096039674874
                ],
                [
                    0.7237404134797554,
                    -1.1384279170496695e-06,
                    0.6900723251187924,
                    -0.513835634865918
                ],
                [
                    0.0,
                    0.0,
                    0.0,
                    1.0
                ]
            ],
            "size": [
                0.1202,
                0.13634,
                0.67816
            ]
        },
        "distance": 0.012636852431591385
    }
]