[
    {
        "case": 0,
        "collider1": {
            "type": "Cylinder",
            "collider2origin": [
                [
                    1.0,
                    0.0,
                    0.0,
                    0.4849999999999999
                ],
                [
                    0.0,
                    -3.673205103346574e-06,
                    -0.9999999999932537,
                    -0.46086
                ],
                [
                    0.0,
                    0.9999999999932537,
                    -3.673205103346574e-06,
                    -0.70001
                ],
                [
                    0.0,
                    0.0,
                    0.0,
                    1.0
                ]
            ],
            "radius": 0.026,
            "height": 0.272
        },
        "collider2": {
            "type": "Box",
            "collider2origin": [
                [
                    -0.5839230212148482,
                    0.34289261185800884,
                    -0.7358386793506556,
                    0.45471741814024813
                ],
                [
                    0.21314984859731653,
                    0.9393746093533252,
                    0.26859353183803264,
                    -0.6306758367535019
                ],
                [
                    0.7833269096221992,
                    -5.956506011049294e-06,
                    -0.6216099682487846,
                    -0.7716249042824949
                ],
                [
                    0.0,
                    0.0,
                    0.0,
                    1.0
                ]
            ],
            "size": [
                0.09102,
                0.10007,
                0.11882
            ]
        },
        "distance": 0.0
    },
    {
        "case": 1,
        "collider1": {
            "type": "Box",
            "collider2origin": [
                [
                    1.0,
                    0.0,
                    0.0,
                    -0.26
                ],
                [
                    0.0,
                    1.0,
                    0.0,
                    -0.4608599999999999
                ],
                [
                    0.0,
                    0.0,
                    1.0,
                    -1.143
                ],
                [
                    0.0,
                    0.0,
                    0.0,
                    1.0
                ]
            ],
            "size": [
                1.48,
                0.272,
                0.945
            ]
        },
        "collider2": {
            "type": "Box",
            "collider2origin": [
                [
                    -0.5839230212148482,
                    0.34289261185800884,
                    -0.7358386793506556,
                    0.45471741814024813
                ],
                [
                    0.21314984859731653,
                    0.9393746093533252,
                    0.26859353183803264,
                    -0.6306758367535019
                ],
                [
                    0.7833269096221992,
                    -5.956506011049294e-06,
                    -0.6216099682487846,
                    -0.7716249042824949
                ],
                [
                    0.0,
                    0.0,
                    0.0,
                    1.0
                ]
            ],
            "size": [
                0.09102,
                0.10007,
                0.11882
            ]
        },
        "distance": 0.0
    },
    {
        "case": 2,
        "collider1": {
            "type": "Box",
            "collider2origin": [
                [
                    1.0,
                    0.0,
                    0.0,
                    -0.26
                ],
                [
                    0.0,
                    1.0,
                    0.0,
                    -0.4608599999999999
                ],
                [
                    0.0,
                    0.0,
                    1.0,
                    -1.143
                ],
                [
                    0.0,
                    0.0,
                    0.0,
                    1.0
                ]
            ],
            "size": [
                1.48,
                0.272,
                0.945
            ]
        },
        "collider2": {
            "type": "Box",
            "collider2origin": [
                [
                    0.6382523310057397,
                    0.22621980447613943,
                    -0.7358386793506556,
                    0.37602208716019403
                ],
                [
                    0.5817699725440509,
                    -0.7677246991603601,
                    0.26859353183803264,
                    -0.5991526036227006
                ],
                [
                    -0.5041603524790834,
                    -0.5995192960713703,
                    -0.6216099682487846,
                    -0.8407614732470697
                ],
                [
                    0.0,
                    0.0,
                    0.0,
                    1.0
                ]
            ],
            "size": [
                0.09126,
                0.11887,
                0.10009
            ]
        },
        "distance": 0.0
    }
]