[
    {
        "case": 0,
        "collider1": {
            "type": "Box",
            "collider2origin": [
                [
                    1.0,
                    0.0,
                    0.0,
                    0.5199999999999999
                ],
                [
                    0.0,
                    1.0,
                    0.0,
                    -0.43085999999999997
                ],
                [
                    0.0,
                    0.0,
                    1.0,
                    -0.80301
                ],
                [
                    0.0,
                    0.0,
                    0.0,
                    1.0
                ]
            ],
            "size": [
                0.2,
                0.08,
                0.04
            ]
        },
        "collider2": {
            "type": "Box",
            "collider2origin": [
                [
                    -0.16270172885222076,
                    0.9424868425314915,
                    -0.29197037364006245,
                    0.7648047897908183
                ],
                [
                    0.4587946300726221,
                    0.3342432521760067,
                    0.8232793789421256,
                    -0.19259386471355755
                ],
                [
                    0.8735191096049497,
                    -5.4612840913053305e-06,
                    -0.4867898572537744,
                    -0.6537784881925003
                ],
                [
                    0.0,
                    0.0,
                    0.0,
                    1.0
                ]
            ],
            "size": [
                0.1202,
                0.13634,
                0.67816
            ]
        },
        "distance": 0.18043277633934632
    },
    {
        "case": 1,
        "collider1": {
            "type": "Box",
            "collider2origin": [
                [
                    1.0,
                    0.0,
                    0.0,
                    1.23
                ],
                [
                    0.0,
                    1.0,
                    0.0,
                    -0.23086
                ],
                [
                    0.0,
                    0.0,
                    1.0,
                    -0.54301
                ],
                [
                    0.0,
                    0.0,
                    0.0,
                    1.0
                ]
            ],
            "size": [
                0.1,
                0.16,
                0.1
            ]
        },
        "collider2": {
            "type": "Box",
            "collider2origin": [
                [
                    -0.0789304372353466,
                    0.9424867219770235,
                    -0.32479034002698043,
                    1.0670833268212274
                ],
                [
                    0.22257809285498154,
                    0.3342435921246463,
                    0.9158276113465088,
                    -0.6669625459537323
                ],
                [
                    0.971714453252022,
                    -4.540665143282893e-06,
                    -0.23615888998830029,
                    -0.44363732420225954
                ],
                [
                    0.0,
                    0.0,
                    0.0,
                    1.0
                ]
            ],
            "size": [
                0.15068,
                0.17726,
                0.74884
            ]
        },
        "distance": 0.13681768346990758
    },
    {
        "case": 2,
        "collider1": {
            "type": "Box",
            "collider2origin": [
                [
                    1.0,
                    0.0,
                    0.0,
                    1.23
                ],
                [
                    0.0,
                    1.0,
                    0.0,
                    -0.23086
                ],
                [
                    0.0,
                    0.0,
                    1.0,
                    -0.54301
                ],
                [
                    0.0,
                    0.0,
                    0.0,
                    1.0
                ]
            ],
            "size": [
                0.1,
                0.16,
                0.1
            ]
        },
        "collider2": {
            "type": "Box",
            "collider2origin": [
                [
                    -0.0789304372353466,
                    0.9424867219770235,
                    -0.32479034002698043,
                    1.0670833268212274
                ],
                [
                    0.22257809285498154,
                    0.3342435921246463,
                    0.9158276113465088,
                    -0.6669625459537323
                ],
                [
                    0.971714453252022,
                    -4.540665143282893e-06,
                    -0.23615888998830029,
                    -0.44363732420225954
                ],
                [
                    0.0,
                    0.0,
                    0.0,
                    1.0
                ]
            ],
            "size": [
                0.15068,
                0.17726,
                0.74884
            ]
        },
        "distance": 0.13681768346990758
    }
]