[
    {
        "case": 0,
        "collider1": {
            "type": "Box",
            "collider2origin": [
                [
                    1.0,
                    0.0,
                    0.0,
                    1.2009999999999998
                ],
                [
                    0.0,
                    1.0,
                    0.0,
                    0.02914
                ],
                [
                    0.0,
                    0.0,
                    1.0,
                    -1.22801
                ],
                [
                    0.0,
                    0.0,
                    0.0,
                    1.0
                ]
            ],
            "size": [
                0.41,
                0.6,
                0.82
            ]
        },
        "collider2": {
            "type": "Box",
            "collider2origin": [
                [
                    0.22528856787300444,
                    0.9494872499858441,
                    0.218446843190854,
                    1.4151495505906224
                ],
                [
                    0.6816456489507595,
                    -0.3138056119232092,
                    0.6609729549626049,
                    -0.2536169153515634
                ],
                [
                    0.6961352386226605,
                    -6.310238238665876e-06,
                    -0.7179106695877644,
                    -0.9554980149103035
                ],
                [
                    0.0,
                    0.0,
                    0.0,
                    1.0
                ]
            ],
            "size": [
                0.09102,
                0.10007,
                0.11882
            ]
        },
        "distance": 0.0
    },
    {
        "case": 1,
        "collider1": {
            "type": "Box",
            "collider2origin": [
                [
                    1.0,
                    0.0,
                    0.0,
                    1.2009999999999998
                ],
                [
                    0.0,
                    1.0,
                    0.0,
                    0.02914
                ],
                [
                    0.0,
                    0.0,
                    1.0,
                    -1.22801
                ],
                [
                    0.0,
                    0.0,
                    0.0,
                    1.0
                ]
            ],
            "size": [
                0.41,
                0.6,
                0.82
            ]
        },
        "collider2": {
            "type": "Box",
            "collider2origin": [
                [
                    -0.8105592082258484,
                    0.543391890499146,
                    0.218446843190854,
                    1.4439943196807654
                ],
                [
                    0.532554393009513,
                    0.528678135820152,
                    0.6609729549626049,
                    -0.18128370748131217
                ],
                [
                    0.24367927373199907,
                    0.6520925410135382,
                    -0.7179106695877644,
                    -1.0324416303511552
                ],
                [
                    0.0,
                    0.0,
                    0.0,
                    1.0
                ]
            ],
            "size": [
                0.09126,
                0.11887,
                0.10009
            ]
        },
        "distance": 0.0
    },
    {
        "case": 2,
        "collider1": {
            "type": "Box",
            "collider2origin": [
                [
                    1.0,
                    0.0,
                    0.0,
                    1.2009999999999998
                ],
                [
                    0.0,
                    1.0,
                    0.0,
                    0.02914
                ],
                [
                    0.0,
                    0.0,
                    1.0,
                    -1.22801
                ],
                [
                    0.0,
                    0.0,
                    0.0,
                    1.0
                ]
            ],
            "size": [
                0.41,
                0.6,
                0.82
            ]
        },
        "collider2": {
            "type": "Box",
            "collider2origin": [
                [
                    0.01618764209925101,
                    0.949487598719624,
                    0.3133867580497121,
                    1.2170313195296583
                ],
                [
                    0.0489671280696713,
                    -0.3138045567908825,
                    0.9482240877060052,
                    -0.49692055358348197
                ],
                [
                    0.9986692047980025,
                    -3.862644914261753e-06,
                    -0.051573436701513355,
                    -0.9385151644753784
                ],
                [
                    0.0,
                    0.0,
                    0.0,
                    1.0
                ]
            ],
            "size": [
                0.1202,
                0.13634,
                0.67816
            ]
        },
        "distance": 0.0
    }
]