[
    {
        "case": 0,
        "collider1": {
            "type": "Box",
            "collider2origin": [
                [
                    1.0,
                    0.0,
                    0.0,
                    0.205
                ],
                [
                    0.0,
                    1.0,
                    0.0,
                    -0.17586
                ],
                [
                    0.0,
                    0.0,
                    1.0,
                    -0.10301
                ],
                [
                    0.0,
                    0.0,
                    0.0,
                    1.0
                ]
            ],
            "size": [
                0.05,
                0.05,
                1.2
            ]
        },
        "collider2": {
            "type": "Box",
            "collider2origin": [
                [
                    0.130601311093021,
                    0.6312673879645421,
                    0.7644898838004387,
                    0.20276600229911979
                ],
                [
                    -0.1063061523603219,
                    0.7755652679711058,
                    -0.6222519723450066,
                    -0.14485172270332924
                ],
                [
                    -0.9857191788289036,
                    -3.0546467381288768e-06,
                    0.16839744796029754,
                    -0.46177124099598776
                ],
                [
                    0.0,
                    0.0,
                    0.0,
                    1.0
                ]
            ],
            "size": [
                0.09102,
                0.10007,
                0.11882
            ]
        },
        "distance": 0.0
    },
    {
        "case": 1,
        "collider1": {
            "type": "Box",
            "collider2origin": [
                [
                    1.0,
                    0.0,
                    0.0,
                    0.205
                ],
                [
                    0.0,
                    1.0,
                    0.0,
                    -0.17586
                ],
                [
                    0.0,
                    0.0,
                    1.0,
                    -0.10301
                ],
                [
                    0.0,
                    0.0,
                    0.0,
                    1.0
                ]
            ],
            "size": [
                0.05,
                0.05,
                1.2
            ]
        },
        "collider2": {
            "type": "Box",
            "collider2origin": [
                [
                    0.6188850044423423,
                    0.18037895898134515,
                    0.7644898838004387,
                    0.2893223494602808
                ],
                [
                    0.6353705421613133,
                    0.4572819229604294,
                    -0.6222519723450066,
                    -0.2088096585361897
                ],
                [
                    -0.4618285671437409,
                    0.8708367666161196,
                    0.16839744796029754,
                    -0.44169622253051544
                ],
                [
                    0.0,
                    0.0,
                    0.0,
                    1.0
                ]
            ],
            "size": [
                0.09126,
                0.11887,
                0.10009
            ]
        },
        "distance": 0.0
    },
    {
        "case": 2,
        "collider1": {
            "type": "Box",
            "collider2origin": [
                [
                    1.0,
                    0.0,
                    0.0,
                    0.205
                ],
                [
                    0.0,
                    1.0,
                    0.0,
                    -0.17586
                ],
                [
                    0.0,
                    0.0,
                    1.0,
                    -0.10301
                ],
                [
                    0.0,
                    0.0,
                    0.0,
                    1.0
                ]
            ],
            "size": [
                0.05,
                0.05,
                1.2
            ]
        },
        "collider2": {
            "type": "Box",
            "collider2origin": [
                [
                    -0.20567803716235528,
                    0.6312618330131241,
                    -0.747800135871846,
                    0.34856623691414645
                ],
                [
                    0.16741391614907383,
                    0.7755697893544544,
                    0.6086576069682511,
                    -0.40762476047216833
                ],
                [
                    0.9641935105095198,
                    -4.647337949044807e-06,
                    -0.2651996875370153,
                    -0.3850582103775537
                ],
                [
                    0.0,
                    0.0,
                    0.0,
                    1.0
                ]
            ],
            "size": [
                0.1202,
                0.13634,
                0.67816
            ]
        },
        "distance": 0.0
    }
]