[
    {
        "case": 0,
        "collider1": {
            "type": "Box",
            "collider2origin": [
                [
                    1.0,
                    0.0,
                    0.0,
                    1.2009999999999998
                ],
                [
                    0.0,
                    1.0,
                    0.0,
                    0.02914
                ],
                [
                    0.0,
                    0.0,
                    1.0,
                    -1.22801
                ],
                [
                    0.0,
                    0.0,
                    0.0,
                    1.0
                ]
            ],
            "size": [
                0.41,
                0.6,
                0.82
            ]
        },
        "collider2": {
            "type": "Box",
            "collider2origin": [
                [
                    -0.6940614792545106,
                    0.6007767099150195,
                    -0.39666863732683083,
                    1.435611175774515
                ],
                [
                    0.6887869081029863,
                    0.3938854661973496,
                    -0.6086270078992755,
                    -0.03244480631171187
                ],
                [
                    -0.20940692023180324,
                    -0.6956447256625905,
                    -0.687187861808436,
                    -0.7500176507781955
                ],
                [
                    0.0,
                    0.0,
                    0.0,
                    1.0
                ]
            ],
            "size": [
                0.09126,
                0.11887,
                0.10009
            ]
        },
        "distance": 0.0
    },
    {
        "case": 1,
        "collider1": {
            "type": "Box",
            "collider2origin": [
                [
                    1.0,
                    0.0,
                    0.0,
                    1.23
                ],
                [
                    0.0,
                    1.0,
                    0.0,
                    -0.23086
                ],
                [
                    0.0,
                    0.0,
                    1.0,
                    -0.54301
                ],
                [
                    0.0,
                    0.0,
                    0.0,
                    1.0
                ]
            ],
            "size": [
                0.1,
                0.16,
                0.1
            ]
        },
        "collider2": {
            "type": "Box",
            "collider2origin": [
                [
                    -0.04536356480029166,
                    -0.83776893035829,
                    0.5441372678974822,
                    1.4168802644479341
                ],
                [
                    -0.0696088182472671,
                    0.5460249255395754,
                    0.8348720818854346,
                    -0.2721002804227117
                ],
                [
                    -0.99654240221419,
                    -3.978396076000727e-06,
                    -0.08308574229880658,
                    -0.6472559679119771
                ],
                [
                    0.0,
                    0.0,
                    0.0,
                    1.0
                ]
            ],
            "size": [
                0.1202,
                0.13634,
                0.67816
            ]
        },
        "distance": 0.025339984246092306
    },
    {
        "case": 2,
        "collider1": {
            "type": "Box",
            "collider2origin": [
                [
                    1.0,
                    0.0,
                    0.0,
                    1.28
                ],
                [
                    0.0,
                    1.0,
                    0.0,
                    -0.23086
                ],
                [
                    0.0,
                    0.0,
                    1.0,
                    -0.67301
                ],
                [
                    0.0,
                    0.0,
                    0.0,
                    1.0
                ]
            ],
            "size": [
                0.06,
                0.06,
                0.33
            ]
        },
        "collider2": {
            "type": "Box",
            "collider2origin": [
                [
                    -0.04536356480029166,
                    -0.83776893035829,
                    0.5441372678974822,
                    1.4168802644479341
                ],
                [
                    -0.0696088182472671,
                    0.5460249255395754,
                    0.8348720818854346,
                    -0.2721002804227117
                ],
                [
                    -0.99654240221419,
                    -3.978396076000727e-06,
                    -0.08308574229880658,
                    -0.6472559679119771
                ],
                [
                    0.0,
                    0.0,
                    0.0,
                    1.0
                ]
            ],
            "size": [
                0.1202,
                0.13634,
                0.67816
            ]
        },
        "distance": 0.027508181939931584
    }
]