[
    {
        "case": 0,
        "collider1": {
            "type": "Box",
            "collider2origin": [
                [
                    1.0,
                    0.0,
                    0.0,
                    1.23
                ],
                [
                    0.0,
                    1.0,
                    0.0,
                    -0.23086
                ],
                [
                    0.0,
                    0.0,
                    1.0,
                    -0.54301
                ],
                [
                    0.0,
                    0.0,
                    0.0,
                    1.0
                ]
            ],
            "size": [
                0.1,
                0.16,
                0.1
            ]
        },
        "collider2": {
            "type": "Box",
            "collider2origin": [
                [
                    0.0038574042369902343,
                    -0.8248851369927426,
                    0.5652872112484207,
                    1.4489235147379917
                ],
                [
                    0.005622262966373122,
                    0.5653003721519696,
                    0.8248659766313444,
                    -0.259662885468086
                ],
                [
                    -0.9999767550256802,
                    -3.648160040499575e-06,
                    0.006818313207937077,
                    -0.5534392081481758
                ],
                [
                    0.0,
                    0.0,
                    0.0,
                    1.0
                ]
            ],
            "size": [
                0.1202,
                0.13634,
                0.67816
            ]
        },
        "distance": 0.0422305328654931
    },
    {
        "case": 1,
        "collider1": {
            "type": "Box",
            "collider2origin": [
                [
                    1.0,
                    0.0,
                    0.0,
                    1.28
                ],
                [
                    0.0,
                    1.0,
                    0.0,
                    -0.23086
                ],
                [
                    0.0,
                    0.0,
                    1.0,
                    -0.67301
                ],
                [
                    0.0,
                    0.0,
                    0.0,
                    1.0
                ]
            ],
            "size": [
                0.06,
                0.06,
                0.33
            ]
        },
        "collider2": {
            "type": "Box",
            "collider2origin": [
                [
                    0.0038574042369902343,
                    -0.8248851369927426,
                    0.5652872112484207,
                    1.4489235147379917
                ],
                [
                    0.005622262966373122,
                    0.5653003721519696,
                    0.8248659766313444,
                    -0.259662885468086
                ],
                [
                    -0.9999767550256802,
                    -3.648160040499575e-06,
                    0.006818313207937077,
                    -0.5534392081481758
                ],
                [
                    0.0,
                    0.0,
                    0.0,
                    1.0
                ]
            ],
            "size": [
                0.1202,
                0.13634,
                0.67816
            ]
        },
        "distance": 0.045749047462740285
    },
    {
        "case": 2,
        "collider1": {
            "type": "Box",
            "collider2origin": [
                [
                    1.0,
                    0.0,
                    0.0,
                    1.23
                ],
                [
                    0.0,
                    1.0,
                    0.0,
                    -0.23086
                ],
                [
                    0.0,
                    0.0,
                    1.0,
                    -0.54301
                ],
                [
                    0.0,
                    0.0,
                    0.0,
                    1.0
                ]
            ],
            "size": [
                0.1,
                0.16,
                0.1
            ]
        },
        "collider2": {
            "type": "Box",
            "collider2origin": [
                [
                    -0.16877128599447483,
                    -0.8248852316451567,
                    0.5395188668040137,
                    1.0178794427106628
                ],
                [
                    -0.24627885375978847,
                    0.565300234026985,
                    0.7872625810997247,
                    -0.665152865746355
                ],
                [
                    -0.9543914182422931,
                    -4.769870742448433e-06,
                    -0.2985582368026587,
                    -0.46216476798426065
                ],
                [
                    0.0,
                    0.0,
                    0.0,
                    1.0
                ]
            ],
            "size": [
                0.15068,
                0.17726,
                0.74884
            ]
        },
        "distance": 0.004061129228710487
    },
    {
        "case": 3,
        "collider1": {
            "type": "Box",
            "collider2origin": [
                [
                    1.0,
                    0.0,
                    0.0,
                    1.23
                ],
                [
                    0.0,
                    1.0,
                    0.0,
                    -0.23086
                ],
                [
                    0.0,
                    0.0,
                    1.0,
                    -0.54301
                ],
                [
                    0.0,
                    0.0,
                    0.0,
                    1.0
                ]
            ],
            "size": [
                0.1,
                0.16,
                0.1
            ]
        },
        "collider2": {
            "type": "Box",
            "collider2origin": [
                [
                    -0.16877128599447483,
                    -0.8248852316451567,
                    0.5395188668040137,
                    1.0178794427106628
                ],
                [
                    -0.24627885375978847,
                    0.565300234026985,
                    0.7872625810997247,
                    -0.665152865746355
                ],
                [
                    -0.9543914182422931,
                    -4.769870742448433e-06,
                    -0.2985582368026587,
                    -0.46216476798426065
                ],
                [
                    0.0,
                    0.0,
                    0.0,
                    1.0
                ]
            ],
            "size": [
                0.15068,
                0.17726,
                0.74884
            ]
        },
        "distance": 0.004061129228710487
    }
]