[
    {
        "case": 0,
        "collider1": {
            "type": "Cylinder",
            "collider2origin": [
                [
                    1.0,
                    0.0,
                    0.0,
                    0.4849999999999999
                ],
                [
                    0.0,
                    -3.673205103346574e-06,
                    -0.9999999999932537,
                    -0.46086
                ],
                [
                    0.0,
                    0.9999999999932537,
                    -3.673205103346574e-06,
                    -0.70001
                ],
                [
                    0.0,
                    0.0,
                    0.0,
                    1.0
                ]
            ],
            "radius": 0.026,
            "height": 0.272
        },
        "collider2": {
            "type": "Box",
            "collider2origin": [
                [
                    -0.34981863432140603,
                    0.3831270095823773,
                    -0.8548921672409752,
                    0.8104645511880406
                ],
                [
                    0.14510152900837264,
                    0.9236956720169354,
                    0.35458687479461876,
                    -0.7324262922767442
                ],
                [
                    0.9255120038988898,
                    -5.064314997994952e-06,
                    -0.378718273408366,
                    -0.48639629316243704
                ],
                [
                    0.0,
                    0.0,
                    0.0,
                    1.0
                ]
            ],
            "size": [
                0.15068,
                0.17726,
                0.74884
            ]
        },
        "distance": 0.00847611322165953
    },
    {
        "case": 1,
        "collider1": {
            "type": "Box",
            "collider2origin": [
                [
                    1.0,
                    0.0,
                    0.0,
                    -0.26
                ],
                [
                    0.0,
                    1.0,
                    0.0,
                    -0.4608599999999999
                ],
                [
                    0.0,
                    0.0,
                    1.0,
                    -1.143
                ],
                [
                    0.0,
                    0.0,
                    0.0,
                    1.0
                ]
            ],
            "size": [
                1.48,
                0.272,
                0.945
            ]
        },
        "collider2": {
            "type": "Box",
            "collider2origin": [
                [
                    -0.34981863432140603,
                    0.3831270095823773,
                    -0.8548921672409752,
                    0.8104645511880406
                ],
                [
                    0.14510152900837264,
                    0.9236956720169354,
                    0.35458687479461876,
                    -0.7324262922767442
                ],
                [
                    0.9255120038988898,
                    -5.064314997994952e-06,
                    -0.378718273408366,
                    -0.48639629316243704
                ],
                [
                    0.0,
                    0.0,
                    0.0,
                    1.0
                ]
            ],
            "size": [
                0.15068,
                0.17726,
                0.74884
            ]
        },
        "distance": 0.025885022248966754
    },
    {
        "case": 2,
        "collider1": {
            "type": "Cylinder",
            "collider2origin": [
                [
                    1.0,
                    0.0,
                    0.0,
                    0.4849999999999999
                ],
                [
                    0.0,
                    -3.673205103346574e-06,
                    -0.9999999999932537,
                    -0.46086
                ],
                [
                    0.0,
                    0.9999999999932537,
                    -3.673205103346574e-06,
                    -0.70001
                ],
                [
                    0.0,
                    0.0,
                    0.0,
                    1.0
                ]
            ],
            "radius": 0.026,
            "height": 0.272
        },
        "collider2": {
            "type": "Box",
            "collider2origin": [
                [
                    -0.34981863432140603,
                    0.3831270095823773,
                    -0.8548921672409752,
                    0.8104645511880406
                ],
                [
                    0.14510152900837264,
                    0.9236956720169354,
                    0.35458687479461876,
                    -0.7324262922767442
                ],
                [
                    0.9255120038988898,
                    -5.064314997994952e-06,
                    -0.378718273408366,
                    -0.48639629316243704
                ],
                [
                    0.0,
                    0.0,
                    0.0,
                    1.0
                ]
            ],
            "size": [
                0.15068,
                0.17726,
                0.74884
            ]
        },
        "distance": 0.00847611322165953
    },
    {
        "case": 3,
        "collider1": {
            "type": "Box",
            "collider2origin": [
                [
                    1.0,
                    0.0,
                    0.0,
                    -0.26
                ],
                [
                    0.0,
                    1.0,
                    0.0,
                    -0.4608599999999999
                ],
                [
                    0.0,
                    0.0,
                    1.0,
                    -1.143
                ],
                [
                    0.0,
                    0.0,
                    0.0,
                    1.0
                ]
            ],
            "size": [
                1.48,
                0.272,
                0.945
            ]
        },
        "collider2": {
            "type": "Box",
            "collider2origin": [
                [
                    -0.34981863432140603,
                    0.3831270095823773,
                    -0.8548921672409752,
                    0.8104645511880406
                ],
                [
                    0.14510152900837264,
                    0.9236956720169354,
                    0.35458687479461876,
                    -0.7324262922767442
                ],
                [
                    0.9255120038988898,
                    -5.064314997994952e-06,
                    -0.378718273408366,
                    -0.48639629316243704
                ],
                [
                    0.0,
                    0.0,
                    0.0,
                    1.0
                ]
            ],
            "size": [
                0.15068,
                0.17726,
                0.74884
            ]
        },
        "distance": 0.025885022248966754
    }
]