[
    {
        "case": 0,
        "collider1": {
            "type": "Box",
            "collider2origin": [
                [
                    1.0,
                    0.0,
                    0.0,
                    1.2009999999999998
                ],
                [
                    0.0,
                    1.0,
                    0.0,
                    0.02914
                ],
                [
                    0.0,
                    0.0,
                    1.0,
                    -1.22801
                ],
                [
                    0.0,
                    0.0,
                    0.0,
                    1.0
                ]
            ],
            "size": [
                0.41,
                0.6,
                0.82
            ]
        },
        "collider2": {
            "type": "Box",
            "collider2origin": [
                [
                    0.45247331072046304,
                    -0.8640128414673283,
                    0.22079337142499653,
                    1.2552636825010073
                ],
                [
                    0.776496645175517,
                    0.5034697704722843,
                    0.3789078387309407,
                    -0.46620127479686313
                ],
                [
                    -0.43854402642930906,
                    -3.720600223405515e-07,
                    0.8987097066812123,
                    -0.5164309271707482
                ],
                [
                    0.0,
                    0.0,
                    0.0,
                    1.0
                ]
            ],
            "size": [
                0.1202,
                0.13634,
                0.67816
            ]
        },
        "distance": 0.21229275331808423
    },
    {
        "case": 1,
        "collider1": {
            "type": "Box",
            "collider2origin": [
                [
                    1.0,
                    0.0,
                    0.0,
                    1.23
                ],
                [
                    0.0,
                    1.0,
                    0.0,
                    -0.23086
                ],
                [
                    0.0,
                    0.0,
                    1.0,
                    -0.54301
                ],
                [
                    0.0,
                    0.0,
                    0.0,
                    1.0
                ]
            ],
            "size": [
                0.1,
                0.16,
                0.1
            ]
        },
        "collider2": {
            "type": "Box",
            "collider2origin": [
                [
                    0.45247331072046304,
                    -0.8640128414673283,
                    0.22079337142499653,
                    1.2552636825010073
                ],
                [
                    0.776496645175517,
                    0.5034697704722843,
                    0.3789078387309407,
                    -0.46620127479686313
                ],
                [
                    -0.43854402642930906,
                    -3.720600223405515e-07,
                    0.8987097066812123,
                    -0.5164309271707482
                ],
                [
                    0.0,
                    0.0,
                    0.0,
                    1.0
                ]
            ],
            "size": [
                0.1202,
                0.13634,
                0.67816
            ]
        },
        "distance": 0.04917363673757307
    },
    {
        "case": 2,
        "collider1": {
            "type": "Box",
            "collider2origin": [
                [
                    1.0,
                    0.0,
                    0.0,
                    1.28
                ],
                [
                    0.0,
                    1.0,
                    0.0,
                    -0.23086
                ],
                [
                    0.0,
                    0.0,
                    1.0,
                    -0.67301
                ],
                [
                    0.0,
                    0.0,
                    0.0,
                    1.0
                ]
            ],
            "size": [
                0.06,
                0.06,
                0.33
            ]
        },
        "collider2": {
            "type": "Box",
            "collider2origin": [
                [
                    0.45247331072046304,
                    -0.8640128414673283,
                    0.22079337142499653,
                    1.2552636825010073
                ],
                [
                    0.776496645175517,
                    0.5034697704722843,
                    0.3789078387309407,
                    -0.46620127479686313
                ],
                [
                    -0.43854402642930906,
                    -3.720600223405515e-07,
                    0.8987097066812123,
                    -0.5164309271707482
                ],
                [
                    0.0,
                    0.0,
                    0.0,
                    1.0
                ]
            ],
            "size": [
                0.1202,
                0.13634,
                0.67816
            ]
        },
        "distance": 0.1013934859395028
    }
]