[
    {
        "case": 0,
        "collider1": {
            "type": "Box",
            "collider2origin": [
                [
                    1.0,
                    0.0,
                    0.0,
                    1.2009999999999998
                ],
                [
                    0.0,
                    1.0,
                    0.0,
                    0.02914
                ],
                [
                    0.0,
                    0.0,
                    1.0,
                    -1.22801
                ],
                [
                    0.0,
                    0.0,
                    0.0,
                    1.0
                ]
            ],
            "size": [
                0.41,
                0.6,
                0.82
            ]
        },
        "collider2": {
            "type": "Box",
            "collider2origin": [
                [
                    -0.3761404561703297,
                    -0.8134154185170577,
                    0.44370453474209165,
                    1.4412156471811461
                ],
                [
                    -0.5259960318372969,
                    0.5816832100741224,
                    0.6204617777182424,
                    -0.30014612006246955
                ],
                [
                    -0.7627886546897467,
                    -6.048475360858796e-06,
                    -0.6466478703591485,
                    -0.5559105686990014
                ],
                [
                    0.0,
                    0.0,
                    0.0,
                    1.0
                ]
            ],
            "size": [
                0.1202,
                0.13634,
                0.67816
            ]
        },
        "distance": 0.0870279599591737
    },
    {
        "case": 1,
        "collider1": {
            "type": "Box",
            "collider2origin": [
                [
                    1.0,
                    0.0,
                    0.0,
                    1.23
                ],
                [
                    0.0,
                    1.0,
                    0.0,
                    -0.23086
                ],
                [
                    0.0,
                    0.0,
                    1.0,
                    -0.54301
                ],
                [
                    0.0,
                    0.0,
                    0.0,
                    1.0
                ]
            ],
            "size": [
                0.1,
                0.16,
                0.1
            ]
        },
        "collider2": {
            "type": "Box",
            "collider2origin": [
                [
                    -0.3761404561703297,
                    -0.8134154185170577,
                    0.44370453474209165,
                    1.4412156471811461
                ],
                [
                    -0.5259960318372969,
                    0.5816832100741224,
                    0.6204617777182424,
                    -0.30014612006246955
                ],
                [
                    -0.7627886546897467,
                    -6.048475360858796e-06,
                    -0.6466478703591485,
                    -0.5559105686990014
                ],
                [
                    0.0,
                    0.0,
                    0.0,
                    1.0
                ]
            ],
            "size": [
                0.1202,
                0.13634,
                0.67816
            ]
        },
        "distance": 0.05673282859639894
    },
    {
        "case": 2,
        "collider1": {
            "type": "Box",
            "collider2origin": [
                [
                    1.0,
                    0.0,
                    0.0,
                    1.28
                ],
                [
                    0.0,
                    1.0,
                    0.0,
                    -0.23086
                ],
                [
                    0.0,
                    0.0,
                    1.0,
                    -0.67301
                ],
                [
                    0.0,
                    0.0,
                    0.0,
                    1.0
                ]
            ],
            "size": [
                0.06,
                0.06,
                0.33
            ]
        },
        "collider2": {
            "type": "Box",
            "collider2origin": [
                [
                    -0.3761404561703297,
                    -0.8134154185170577,
                    0.44370453474209165,
                    1.4412156471811461
                ],
                [
                    -0.5259960318372969,
                    0.5816832100741224,
                    0.6204617777182424,
                    -0.30014612006246955
                ],
                [
                    -0.7627886546897467,
                    -6.048475360858796e-06,
                    -0.6466478703591485,
                    -0.5559105686990014
                ],
                [
                    0.0,
                    0.0,
                    0.0,
                    1.0
                ]
            ],
            "size": [
                0.1202,
                0.13634,
                0.67816
            ]
        },
        "distance": 0.06141461727172371
    }
]