[
    {
        "case": 0,
        "collider1": {
            "type": "Box",
            "collider2origin": [
                [
                    1.0,
                    0.0,
                    0.0,
                    1.23
                ],
                [
                    0.0,
                    1.0,
                    0.0,
                    -0.23086
                ],
                [
                    0.0,
                    0.0,
                    1.0,
                    -0.54301
                ],
                [
                    0.0,
                    0.0,
                    0.0,
                    1.0
                ]
            ],
            "size": [
                0.1,
                0.16,
                0.1
            ]
        },
        "collider2": {
            "type": "Box",
            "collider2origin": [
                [
                    0.553428165724435,
                    -0.8281826176780875,
                    -0.08849190448147115,
                    1.2485330428109291
                ],
                [
                    0.6117509385179147,
                    0.4762854092844667,
                    -0.6315955969805194,
                    -0.3940226834434777
                ],
                [
                    0.5652238977656004,
                    0.2954077870987806,
                    0.7702312540504076,
                    -0.4647503691064878
                ],
                [
                    0.0,
                    0.0,
                    0.0,
                    1.0
                ]
            ],
            "size": [
                0.09126,
                0.11887,
                0.10009
            ]
        },
        "distance": 0.021116030226504476
    },
    {
        "case": 1,
        "collider1": {
            "type": "Box",
            "collider2origin": [
                [
                    1.0,
                    0.0,
                    0.0,
                    1.23
                ],
                [
                    0.0,
                    1.0,
                    0.0,
                    -0.23086
                ],
                [
                    0.0,
                    0.0,
                    1.0,
                    -0.54301
                ],
                [
                    0.0,
                    0.0,
                    0.0,
                    1.0
                ]
            ],
            "size": [
                0.1,
                0.16,
                0.1
            ]
        },
        "collider2": {
            "type": "Box",
            "collider2origin": [
                [
                    -0.41650452176255665,
                    -0.8281836701339395,
                    -0.3750143888903753,
                    1.1859639422270187
                ],
                [
                    -0.8757120472980999,
                    0.4762874382066131,
                    -0.07923816267147724,
                    -0.3609351786611751
                ],
                [
                    0.24423839495114952,
                    0.29540156521260913,
                    -0.9236262889836053,
                    -0.4407081439845508
                ],
                [
                    0.0,
                    0.0,
                    0.0,
                    1.0
                ]
            ],
            "size": [
                0.08993,
                0.0305,
                0.09007
            ]
        },
        "distance": 0.00930504998634792
    },
    {
        "case": 2,
        "collider1": {
            "type": "Box",
            "collider2origin": [
                [
                    1.0,
                    0.0,
                    0.0,
                    1.23
                ],
                [
                    0.0,
                    1.0,
                    0.0,
                    -0.23086
                ],
                [
                    0.0,
                    0.0,
                    1.0,
                    -0.54301
                ],
                [
                    0.0,
                    0.0,
                    0.0,
                    1.0
                ]
            ],
            "size": [
                0.1,
                0.16,
                0.1
            ]
        },
        "collider2": {
            "type": "Box",
            "collider2origin": [
                [
                    -0.10687337533438061,
                    0.9903268473013738,
                    -0.08849190448147115,
                    1.256050296683684
                ],
                [
                    -0.7627806148306421,
                    -0.1387542270109595,
                    -0.6315955969805194,
                    -0.32531222258309234
                ],
                [
                    -0.6377647021302011,
                    -8.439877302172784e-07,
                    0.7702312540504076,
                    -0.549513931191201
                ],
                [
                    0.0,
                    0.0,
                    0.0,
                    1.0
                ]
            ],
            "size": [
                0.09102,
                0.10007,
                0.11882
            ]
        },
        "distance": 0.0
    },
    {
        "case": 3,
        "collider1": {
            "type": "Box",
            "collider2origin": [
                [
                    1.0,
                    0.0,
                    0.0,
                    1.28
                ],
                [
                    0.0,
                    1.0,
                    0.0,
                    -0.23086
                ],
                [
                    0.0,
                    0.0,
                    1.0,
                    -0.67301
                ],
                [
                    0.0,
                    0.0,
                    0.0,
                    1.0
                ]
            ],
            "size": [
                0.06,
                0.06,
                0.33
            ]
        },
        "collider2": {
            "type": "Box",
            "collider2origin": [
                [
                    -0.10687337533438061,
                    0.9903268473013738,
                    -0.08849190448147115,
                    1.256050296683684
                ],
                [
                    -0.7627806148306421,
                    -0.1387542270109595,
                    -0.6315955969805194,
                    -0.32531222258309234
                ],
                [
                    -0.6377647021302011,
                    -8.439877302172784e-07,
                    0.7702312540504076,
                    -0.549513931191201
                ],
                [
                    0.0,
                    0.0,
                    0.0,
                    1.0
                ]
            ],
            "size": [
                0.09102,
                0.10007,
                0.11882
            ]
        },
        "distance": 0.0
    },
    {
        "case": 4,
        "collider1": {
            "type": "Box",
            "collider2origin": [
                [
                    1.0,
                    0.0,
                    0.0,
                    1.23
                ],
                [
                    0.0,
                    1.0,
                    0.0,
                    -0.23086
                ],
                [
                    0.0,
                    0.0,
                    1.0,
                    -0.54301
                ],
                [
                    0.0,
                    0.0,
                    0.0,
                    1.0
                ]
            ],
            "size": [
                0.1,
                0.16,
                0.1
            ]
        },
        "collider2": {
            "type": "Box",
            "collider2origin": [
                [
                    0.12940360836997525,
                    0.990327356246712,
                    0.050064294764111575,
                    1.1309546146881535
                ],
                [
                    0.9235951185377443,
                    -0.13875059430144232,
                    0.3573798113971275,
                    -0.4127102655159688
                ],
                [
                    0.3608694544486689,
                    -7.098896201293698e-06,
                    -0.9326163395499382,
                    -0.2794215849224191
                ],
                [
                    0.0,
                    0.0,
                    0.0,
                    1.0
                ]
            ],
            "size": [
                0.1202,
                0.13634,
                0.67816
            ]
        },
        "distance": 0.0
    }
]