[
    {
        "case": 0,
        "collider1": {
            "type": "Box",
            "collider2origin": [
                [
                    1.0,
                    0.0,
                    0.0,
                    0.0
                ],
                [
                    0.0,
                    1.0,
                    0.0,
                    -0.37086
                ],
                [
                    0.0,
                    0.0,
                    1.0,
                    0.39699
                ],
                [
                    0.0,
                    0.0,
                    0.0,
                    1.0
                ]
            ],
            "size": [
                0.6,
                1.6,
                0.1
            ]
        },
        "collider2": {
            "type": "Box",
            "collider2origin": [
                [
                    -0.8009116995481479,
                    -0.12805428108899983,
                    -0.5849295262009576,
                    0.2972154870459357
                ],
                [
                    0.10341196287248143,
                    -0.991767160725883,
                    0.0755239355474857,
                    -0.9578619499373741
                ],
                [
                    -0.5897850586966049,
                    -7.068706100278632e-07,
                    0.807560266814646,
                    0.14718075350812088
                ],
                [
                    0.0,
                    0.0,
                    0.0,
                    1.0
                ]
            ],
            "size": [
                0.1202,
                0.13634,
                0.67816
            ]
        },
        "distance": 0.0
    },
    {
        "case": 1,
        "collider1": {
            "type": "Box",
            "collider2origin": [
                [
                    1.0,
                    0.0,
                    0.0,
                    0.0
                ],
                [
                    0.0,
                    1.0,
                    0.0,
                    -0.37086
                ],
                [
                    0.0,
                    0.0,
                    1.0,
                    0.39699
                ],
                [
                    0.0,
                    0.0,
                    0.0,
                    1.0
                ]
            ],
            "size": [
                0.6,
                1.6,
                0.1
            ]
        },
        "collider2": {
            "type": "Box",
            "collider2origin": [
                [
                    -0.21222496203566724,
                    0.3862689202760605,
                    0.8976396196234467,
                    0.21289634970903304
                ],
                [
                    -0.9592480249464421,
                    -0.25770367777806685,
                    -0.11589668285161597,
                    -1.0641751334331735
                ],
                [
                    0.18655774474759648,
                    -0.8856552013557109,
                    0.4252188521059079,
                    0.4285686392530921
                ],
                [
                    0.0,
                    0.0,
                    0.0,
                    1.0
                ]
            ],
            "size": [
                0.09126,
                0.11887,
                0.10009
            ]
        },
        "distance": 0.0
    },
    {
        "case": 2,
        "collider1": {
            "type": "Box",
            "collider2origin": [
                [
                    1.0,
                    0.0,
                    0.0,
                    0.0
                ],
                [
                    0.0,
                    1.0,
                    0.0,
                    -0.37086
                ],
                [
                    0.0,
                    0.0,
                    1.0,
                    0.39699
                ],
                [
                    0.0,
                    0.0,
                    0.0,
                    1.0
                ]
            ],
            "size": [
                0.6,
                1.6,
                0.1
            ]
        },
        "collider2": {
            "type": "Box",
            "collider2origin": [
                [
                    -0.42171863731453,
                    -0.1280488353084473,
                    0.8976396196234467,
                    0.11450977210034752
                ],
                [
                    0.05444688358666045,
                    -0.9917678638530754,
                    -0.11589668285161597,
                    -1.046960471735161
                ],
                [
                    0.9050905633190949,
                    -2.1112890457662234e-06,
                    0.4252188521059079,
                    0.38379364163089624
                ],
                [
                    0.0,
                    0.0,
                    0.0,
                    1.0
                ]
            ],
            "size": [
                0.09102,
                0.10007,
                0.11882
            ]
        },
        "distance": 0.0
    },
    {
        "case": 3,
        "collider1": {
            "type": "Box",
            "collider2origin": [
                [
                    1.0,
                    0.0,
                    0.0,
                    0.0
                ],
                [
                    0.0,
                    1.0,
                    0.0,
                    -0.37086
                ],
                [
                    0.0,
                    0.0,
                    1.0,
                    0.39699
                ],
                [
                    0.0,
                    0.0,
                    0.0,
                    1.0
                ]
            ],
            "size": [
                0.6,
                1.6,
                0.1
            ]
        },
        "collider2": {
            "type": "Box",
            "collider2origin": [
                [
                    0.30216765617787217,
                    0.3862624218975236,
                    -0.8714907050507369,
                    0.24429206982361418
                ],
                [
                    0.9425479452299552,
                    -0.25770247119380085,
                    0.21258599973516043,
                    -1.0836041781038674
                ],
                [
                    -0.14247132519479339,
                    -0.8856583866087803,
                    -0.4419402037909331,
                    0.36359316208475434
                ],
                [
                    0.0,
                    0.0,
                    0.0,
                    1.0
                ]
            ],
            "size": [
                0.08993,
                0.0305,
                0.09007
            ]
        },
        "distance": 0.0
    }
]