[
    {
        "case": 0,
        "collider1": {
            "type": "Box",
            "collider2origin": [
                [
                    1.0,
                    0.0,
                    0.0,
                    -0.26
                ],
                [
                    0.0,
                    1.0,
                    0.0,
                    -0.4608599999999999
                ],
                [
                    0.0,
                    0.0,
                    1.0,
                    -1.143
                ],
                [
                    0.0,
                    0.0,
                    0.0,
                    1.0
                ]
            ],
            "size": [
                1.48,
                0.272,
                0.945
            ]
        },
        "collider2": {
            "type": "Cylinder",
            "collider2origin": [
                [
                    0.7296356978551894,
                    -0.029340821856097935,
                    0.6832063118767121,
                    0.09571174899144408
                ],
                [
                    -0.19832748288660265,
                    0.947059268045997,
                    0.2524776274049721,
                    -0.37137503976092645
                ],
                [
                    -0.6544447707387041,
                    -0.31971527799119687,
                    0.685189158606422,
                    -0.7156314995346861
                ],
                [
                    0.0,
                    0.0,
                    0.0,
                    1.0
                ]
            ],
            "radius": 0.0076,
            "height": 0.02993
        },
        "distance": 0.0
    },
    {
        "case": 1,
        "collider1": {
            "type": "Box",
            "collider2origin": [
                [
                    1.0,
                    0.0,
                    0.0,
                    -0.26
                ],
                [
                    0.0,
                    1.0,
                    0.0,
                    -0.4608599999999999
                ],
                [
                    0.0,
                    0.0,
                    1.0,
                    -1.143
                ],
                [
                    0.0,
                    0.0,
                    0.0,
                    1.0
                ]
            ],
            "size": [
                1.48,
                0.272,
                0.945
            ]
        },
        "collider2": {
            "type": "Cylinder",
            "collider2origin": [
                [
                    0.7322871639108552,
                    -0.37618916901668287,
                    0.5676594213839256,
                    0.11886359360968879
                ],
                [
                    -0.20331060608729176,
                    0.6747868569646975,
                    0.7094557739000522,
                    -0.3535572966122288
                ],
                [
                    -0.649938694819607,
                    -0.6349365376021775,
                    0.41765450577474195,
                    -0.6951198755165909
                ],
                [
                    0.0,
                    0.0,
                    0.0,
                    1.0
                ]
            ],
            "radius": 0.00783,
            "height": 0.03683
        },
        "distance": 0.0
    },
    {
        "case": 2,
        "collider1": {
            "type": "Box",
            "collider2origin": [
                [
                    1.0,
                    0.0,
                    0.0,
                    -0.26
                ],
                [
                    0.0,
                    1.0,
                    0.0,
                    -0.4608599999999999
                ],
                [
                    0.0,
                    0.0,
                    1.0,
                    -1.143
                ],
                [
                    0.0,
                    0.0,
                    0.0,
                    1.0
                ]
            ],
            "size": [
                1.48,
                0.272,
                0.945
            ]
        },
        "collider2": {
            "type": "Cylinder",
            "collider2origin": [
                [
                    0.7981071675059273,
                    0.09847692427076264,
                    0.5944133616952397,
                    0.13670944440431898
                ],
                [
                    -0.04967117627632166,
                    0.9939484576481702,
                    -0.09797569997784909,
                    -0.33260565552235455
                ],
                [
                    -0.6004645896495415,
                    0.04866989752396663,
                    0.7981688528450696,
                    -0.7111237288852906
                ],
                [
                    0.0,
                    0.0,
                    0.0,
                    1.0
                ]
            ],
            "radius": 0.00683,
            "height": 0.01782
        },
        "distance": 0.0
    },
    {
        "case": 3,
        "collider1": {
            "type": "Box",
            "collider2origin": [
                [
                    1.0,
                    0.0,
                    0.0,
                    -0.26
                ],
                [
                    0.0,
                    1.0,
                    0.0,
                    -0.4608599999999999
                ],
                [
                    0.0,
                    0.0,
                    1.0,
                    -1.143
                ],
                [
                    0.0,
                    0.0,
                    0.0,
                    1.0
                ]
            ],
            "size": [
                1.48,
                0.272,
                0.945
            ]
        },
        "collider2": {
            "type": "Sphere",
            "collider2origin": [
                [
                    1.0,
                    0.0,
                    0.0,
                    0.08417480831981594
                ],
                [
                    0.0,
                    1.0,
                    0.0,
                    -0.37421789582437814
                ],
                [
                    0.0,
                    0.0,
                    1.0,
                    -0.7271101305219521
                ],
                [
                    0.0,
                    0.0,
                    0.0,
                    1.0
                ]
            ],
            "radius": 0.00487
        },
        "distance": 0.0
    },
    {
        "case": 4,
        "collider1": {
            "type": "Box",
            "collider2origin": [
                [
                    1.0,
                    0.0,
                    0.0,
                    -0.26
                ],
                [
                    0.0,
                    1.0,
                    0.0,
                    -0.4608599999999999
                ],
                [
                    0.0,
                    0.0,
                    1.0,
                    -1.143
                ],
                [
                    0.0,
                    0.0,
                    0.0,
                    1.0
                ]
            ],
            "size": [
                1.48,
                0.272,
                0.945
            ]
        },
        "collider2": {
            "type": "Sphere",
            "collider2origin": [
                [
                    1.0,
                    0.0,
                    0.0,
                    0.16468650775367133
                ],
                [
                    0.0,
                    1.0,
                    0.0,
                    -0.41223971435197293
                ],
                [
                    0.0,
                    0.0,
                    1.0,
                    -0.7287597494562579
                ],
                [
                    0.0,
                    0.0,
                    0.0,
                    1.0
                ]
            ],
            "radius": 0.00663
        },
        "distance": 0.0
    },
    {
        "case": 5,
        "collider1": {
            "type": "Box",
            "collider2origin": [
                [
                    1.0,
                    0.0,
                    0.0,
                    -0.26
                ],
                [
                    0.0,
                    1.0,
                    0.0,
                    -0.4608599999999999
                ],
                [
                    0.0,
                    0.0,
                    1.0,
                    -1.143
                ],
                [
                    0.0,
                    0.0,
                    0.0,
                    1.0
                ]
            ],
            "size": [
                1.48,
                0.272,
                0.945
            ]
        },
        "collider2": {
            "type": "Cylinder",
            "collider2origin": [
                [
                    0.7981071675059273,
                    0.38028917645814797,
                    0.4673383051328544,
                    0.1108609736988414
                ],
                [
                    -0.04967117627632166,
                    0.814533211494193,
                    -0.5779865237358758,
                    -0.3200709419505444
                ],
                [
                    -0.6004645896495415,
                    0.4380819439805059,
                    0.668974204984967,
                    -0.746517146604702
                ],
                [
                    0.0,
                    0.0,
                    0.0,
                    1.0
                ]
            ],
            "radius": 0.00813,
            "height": 0.03824
        },
        "distance": 0.0
    },
    {
        "case": 6,
        "collider1": {
            "type": "Box",
            "collider2origin": [
                [
                    1.0,
                    0.0,
                    0.0,
                    -0.26
                ],
                [
                    0.0,
                    1.0,
                    0.0,
                    -0.4608599999999999
                ],
                [
                    0.0,
                    0.0,
                    1.0,
                    -1.143
                ],
                [
                    0.0,
                    0.0,
                    0.0,
                    1.0
                ]
            ],
            "size": [
                1.48,
                0.272,
                0.945
            ]
        },
        "collider2": {
            "type": "Cylinder",
            "collider2origin": [
                [
                    0.8319547591104077,
                    -0.5277931265180615,
                    0.17113063546259777,
                    0.16976007479832023
                ],
                [
                    0.12864233861027002,
                    0.48351343994671364,
                    0.8658324907900925,
                    -0.39517947090758654
                ],
                [
                    -0.5397243995878119,
                    -0.6983188161514656,
                    0.47015784955522255,
                    -0.7189938080750226
                ],
                [
                    0.0,
                    0.0,
                    0.0,
                    1.0
                ]
            ],
            "radius": 0.00796,
            "height": 0.03037
        },
        "distance": 0.0
    },
    {
        "case": 7,
        "collider1": {
            "type": "Box",
            "collider2origin": [
                [
                    1.0,
                    0.0,
                    0.0,
                    0.246
                ],
                [
                    0.0,
                    1.0,
                    0.0,
                    -0.24786000000000002
                ],
                [
                    0.0,
                    0.0,
                    1.0,
                    -0.71801
                ],
                [
                    0.0,
                    0.0,
                    0.0,
                    1.0
                ]
            ],
            "size": [
                0.12,
                0.16,
                0.08
            ]
        },
        "collider2": {
            "type": "Box",
            "collider2origin": [
                [
                    0.7871546222369934,
                    -0.3498944390788587,
                    -0.5078990866231473,
                    0.15090398997287147
                ],
                [
                    -0.100309086903455,
                    -0.8851658831319354,
                    0.4543340691868215,
                    -0.31840776443230023
                ],
                [
                    -0.6085439078452202,
                    -0.3066842689818817,
                    -0.7318600080503901,
                    -0.6842887082263492
                ],
                [
                    0.0,
                    0.0,
                    0.0,
                    1.0
                ]
            ],
            "size": [
                0.07264,
                0.04753,
                0.03326
            ]
        },
        "distance": 0.0
    },
    {
        "case": 8,
        "collider1": {
            "type": "Box",
            "collider2origin": [
                [
                    1.0,
                    0.0,
                    0.0,
                    -0.26
                ],
                [
                    0.0,
                    1.0,
                    0.0,
                    -0.4608599999999999
                ],
                [
                    0.0,
                    0.0,
                    1.0,
                    -1.143
                ],
                [
                    0.0,
                    0.0,
                    0.0,
                    1.0
                ]
            ],
            "size": [
                1.48,
                0.272,
                0.945
            ]
        },
        "collider2": {
            "type": "Box",
            "collider2origin": [
                [
                    0.7871546222369934,
                    -0.3498944390788587,
                    -0.5078990866231473,
                    0.15090398997287147
                ],
                [
                    -0.100309086903455,
                    -0.8851658831319354,
                    0.4543340691868215,
                    -0.31840776443230023
                ],
                [
                    -0.6085439078452202,
                    -0.3066842689818817,
                    -0.7318600080503901,
                    -0.6842887082263492
                ],
                [
                    0.0,
                    0.0,
                    0.0,
                    1.0
                ]
            ],
            "size": [
                0.07264,
                0.04753,
                0.03326
            ]
        },
        "distance": 0.0
    },
    {
        "case": 9,
        "collider1": {
            "type": "Box",
            "collider2origin": [
                [
                    1.0,
                    0.0,
                    0.0,
                    -0.26
                ],
                [
                    0.0,
                    1.0,
                    0.0,
                    -0.4608599999999999
                ],
                [
                    0.0,
                    0.0,
                    1.0,
                    -1.143
                ],
                [
                    0.0,
                    0.0,
                    0.0,
                    1.0
                ]
            ],
            "size": [
                1.48,
                0.272,
                0.945
            ]
        },
        "collider2": {
            "type": "Cylinder",
            "collider2origin": [
                [
                    0.6437240136894306,
                    -0.40954735252114266,
                    0.6464443984152792,
                    0.10492861000941134
                ],
                [
                    -0.3514007866240576,
                    0.5922197919824693,
                    0.7251159942686646,
                    -0.3452671792943621
                ],
                [
                    -0.6798065028811971,
                    -0.6939356483328717,
                    0.23731083964554509,
                    -0.6806020909333802
                ],
                [
                    0.0,
                    0.0,
                    0.0,
                    1.0
                ]
            ],
            "radius": 0.00783,
            "height": 0.03044
        },
        "distance": 0.0
    },
    {
        "case": 10,
        "collider1": {
            "type": "Box",
            "collider2origin": [
                [
                    1.0,
                    0.0,
                    0.0,
                    0.246
                ],
                [
                    0.0,
                    1.0,
                    0.0,
                    -0.24786000000000002
                ],
                [
                    0.0,
                    0.0,
                    1.0,
                    -0.71801
                ],
                [
                    0.0,
                    0.0,
                    0.0,
                    1.0
                ]
            ],
            "size": [
                0.12,
                0.16,
                0.08
            ]
        },
        "collider2": {
            "type": "Box",
            "collider2origin": [
                [
                    0.6632538684928257,
                    -0.34989902567050707,
                    -0.6615625274787947,
                    0.16628756806910927
                ],
                [
                    -0.0028828266641489925,
                    -0.8851636088857782,
                    0.4652709692369914,
                    -0.2718753333615208
                ],
                [
                    -0.7483889331355227,
                    -0.3066856001496234,
                    -0.5880968860835257,
                    -0.6691733490311422
                ],
                [
                    0.0,
                    0.0,
                    0.0,
                    1.0
                ]
            ],
            "size": [
                0.06241,
                0.05638,
                0.02858
            ]
        },
        "distance": 0.0
    },
    {
        "case": 11,
        "collider1": {
            "type": "Box",
            "collider2origin": [
                [
                    0.9999999999999999,
                    0.0,
                    6.177235058912196e-23,
                    0.2860000183661401
                ],
                [
                    0.0,
                    1.0,
                    0.0,
                    -0.10086
                ],
                [
                    6.177235058912196e-23,
                    0.0,
                    0.9999999999999999,
                    -0.626009937555547
                ],
                [
                    0.0,
                    0.0,
                    0.0,
                    1.0
                ]
            ],
            "size": [
                0.04,
                0.234,
                0.044
            ]
        },
        "collider2": {
            "type": "Box",
            "collider2origin": [
                [
                    -0.4946054378215075,
                    0.6389863991891908,
                    -0.5891195485880832,
                    0.41613882867049423
                ],
                [
                    0.4108728038243789,
                    0.7692180325595661,
                    0.4893742509191546,
                    -0.4523248508139692
                ],
                [
                    0.7658648705580433,
                    -6.0350816974621836e-06,
                    -0.6430015552148295,
                    -0.3712548980394801
                ],
                [
                    0.0,
                    0.0,
                    0.0,
                    1.0
                ]
            ],
            "size": [
                0.1202,
                0.13634,
                0.67816
            ]
        },
        "distance": 0.021300847114582435
    },
    {
        "case": 12,
        "collider1": {
            "type": "Box",
            "collider2origin": [
                [
                    1.0,
                    0.0,
                    0.0,
                    -0.26
                ],
                [
                    0.0,
                    1.0,
                    0.0,
                    -0.4608599999999999
                ],
                [
                    0.0,
                    0.0,
                    1.0,
                    -1.143
                ],
                [
                    0.0,
                    0.0,
                    0.0,
                    1.0
                ]
            ],
            "size": [
                1.48,
                0.272,
                0.945
            ]
        },
        "collider2": {
            "type": "Cylinder",
            "collider2origin": [
                [
                    0.8319547591104077,
                    -0.5431874594088857,
                    -0.11313117490092227,
                    0.17147275093724323
                ],
                [
                    0.12864233861027002,
                    -0.009502093753007264,
                    0.9916455308885271,
                    -0.36962779196269246
                ],
                [
                    -0.5397243995878119,
                    -0.8395576776822594,
                    0.06197159296280275,
                    -0.7102700449225623
                ],
                [
                    0.0,
                    0.0,
                    0.0,
                    1.0
                ]
            ],
            "radius": 0.00713,
            "height": 0.01426
        },
        "distance": 0.0
    },
    {
        "case": 13,
        "collider1": {
            "type": "Box",
            "collider2origin": [
                [
                    1.0,
                    0.0,
                    0.0,
                    0.28600000000000003
                ],
                [
                    0.0,
                    1.0,
                    0.0,
                    -0.19785999999999998
                ],
                [
                    0.0,
                    0.0,
                    1.0,
                    -0.70601
                ],
                [
                    0.0,
                    0.0,
                    0.0,
                    1.0
                ]
            ],
            "size": [
                0.04,
                0.04,
                0.12
            ]
        },
        "collider2": {
            "type": "Box",
            "collider2origin": [
                [
                    0.5124418610871686,
                    -0.43252502489336203,
                    -0.7418392291099976,
                    0.23414116642091076
                ],
                [
                    0.2666186845007355,
                    -0.7410548004256703,
                    0.6162404237318152,
                    -0.15301756736853045
                ],
                [
                    -0.8162829264909419,
                    -0.513575588990624,
                    -0.2644282479469947,
                    -0.5896497107571576
                ],
                [
                    0.0,
                    0.0,
                    0.0,
                    1.0
                ]
            ],
            "size": [
                0.09126,
                0.11887,
                0.10009
            ]
        },
        "distance": 0.000728628176307124
    },
    {
        "case": 14,
        "collider1": {
            "type": "Box",
            "collider2origin": [
                [
                    0.9999999999999999,
                    0.0,
                    6.177235058912196e-23,
                    0.2860000183661401
                ],
                [
                    0.0,
                    1.0,
                    0.0,
                    -0.10086
                ],
                [
                    6.177235058912196e-23,
                    0.0,
                    0.9999999999999999,
                    -0.626009937555547
                ],
                [
                    0.0,
                    0.0,
                    0.0,
                    1.0
                ]
            ],
            "size": [
                0.04,
                0.234,
                0.044
            ]
        },
        "collider2": {
            "type": "Box",
            "collider2origin": [
                [
                    0.5124418610871686,
                    -0.43252502489336203,
                    -0.7418392291099976,
                    0.23414116642091076
                ],
                [
                    0.2666186845007355,
                    -0.7410548004256703,
                    0.6162404237318152,
                    -0.15301756736853045
                ],
                [
                    -0.8162829264909419,
                    -0.513575588990624,
                    -0.2644282479469947,
                    -0.5896497107571576
                ],
                [
                    0.0,
                    0.0,
                    0.0,
                    1.0
                ]
            ],
            "size": [
                0.09126,
                0.11887,
                0.10009
            ]
        },
        "distance": 0.0
    },
    {
        "case": 15,
        "collider1": {
            "type": "Box",
            "collider2origin": [
                [
                    1.0,
                    0.0,
                    0.0,
                    0.205
                ],
                [
                    0.0,
                    1.0,
                    0.0,
                    -0.17586
                ],
                [
                    0.0,
                    0.0,
                    1.0,
                    -0.10301
                ],
                [
                    0.0,
                    0.0,
                    0.0,
                    1.0
                ]
            ],
            "size": [
                0.05,
                0.05,
                1.2
            ]
        },
        "collider2": {
            "type": "Box",
            "collider2origin": [
                [
                    0.5124418610871686,
                    -0.43252502489336203,
                    -0.7418392291099976,
                    0.23414116642091076
                ],
                [
                    0.2666186845007355,
                    -0.7410548004256703,
                    0.6162404237318152,
                    -0.15301756736853045
                ],
                [
                    -0.8162829264909419,
                    -0.513575588990624,
                    -0.2644282479469947,
                    -0.5896497107571576
                ],
                [
                    0.0,
                    0.0,
                    0.0,
                    1.0
                ]
            ],
            "size": [
                0.09126,
                0.11887,
                0.10009
            ]
        },
        "distance": 0.0
    },
    {
        "case": 16,
        "collider1": {
            "type": "Box",
            "collider2origin": [
                [
                    1.0,
                    0.0,
                    0.0,
                    -0.26
                ],
                [
                    0.0,
                    1.0,
                    0.0,
                    -0.4608599999999999
                ],
                [
                    0.0,
                    0.0,
                    1.0,
                    -1.143
                ],
                [
                    0.0,
                    0.0,
                    0.0,
                    1.0
                ]
            ],
            "size": [
                1.48,
                0.272,
                0.945
            ]
        },
        "collider2": {
            "type": "Sphere",
            "collider2origin": [
                [
                    1.0,
                    0.0,
                    0.0,
                    0.07464268668592744
                ],
                [
                    0.0,
                    1.0,
                    0.0,
                    -0.36534605926053687
                ],
                [
                    0.0,
                    0.0,
                    1.0,
                    -0.6977617275189257
                ],
                [
                    0.0,
                    0.0,
                    0.0,
                    1.0
                ]
            ],
            "radius": 0.00484
        },
        "distance": 0.0
    },
    {
        "case": 17,
        "collider1": {
            "type": "Box",
            "collider2origin": [
                [
                    1.0,
                    0.0,
                    0.0,
                    -0.26
                ],
                [
                    0.0,
                    1.0,
                    0.0,
                    -0.4608599999999999
                ],
                [
                    0.0,
                    0.0,
                    1.0,
                    -1.143
                ],
                [
                    0.0,
                    0.0,
                    0.0,
                    1.0
                ]
            ],
            "size": [
                1.48,
                0.272,
                0.945
            ]
        },
        "collider2": {
            "type": "Cylinder",
            "collider2origin": [
                [
                    0.6400825570726308,
                    -0.13068005263280005,
                    0.7571109852427522,
                    0.08632587691114901
                ],
                [
                    -0.3479488371981034,
                    0.8292761495668807,
                    0.43730158295164673,
                    -0.3604432687271527
                ],
                [
                    -0.6850006765134254,
                    -0.5433450023727251,
                    0.4853352259755445,
                    -0.6907064875409347
                ],
                [
                    0.0,
                    0.0,
                    0.0,
                    1.0
                ]
            ],
            "radius": 0.0076,
            "height": 0.02993
        },
        "distance": 0.0
    },
    {
        "case": 18,
        "collider1": {
            "type": "Box",
            "collider2origin": [
                [
                    1.0,
                    0.0,
                    0.0,
                    0.246
                ],
                [
                    0.0,
                    1.0,
                    0.0,
                    -0.24786000000000002
                ],
                [
                    0.0,
                    0.0,
                    1.0,
                    -0.71801
                ],
                [
                    0.0,
                    0.0,
                    0.0,
                    1.0
                ]
            ],
            "size": [
                0.12,
                0.16,
                0.08
            ]
        },
        "collider2": {
            "type": "Box",
            "collider2origin": [
                [
                    0.4194686020043756,
                    -0.4325193683589162,
                    0.7981059377845143,
                    0.19979139828751802
                ],
                [
                    -0.6696019045395907,
                    -0.7410572464637346,
                    -0.049673402345124025,
                    -0.206103461116264
                ],
                [
                    0.6129268972475003,
                    -0.5135768233263567,
                    -0.600466039982746,
                    -0.6295334359375357
                ],
                [
                    0.0,
                    0.0,
                    0.0,
                    1.0
                ]
            ],
            "size": [
                0.08993,
                0.0305,
                0.09007
            ]
        },
        "distance": 0.0
    },
    {
        "case": 19,
        "collider1": {
            "type": "Box",
            "collider2origin": [
                [
                    1.0,
                    0.0,
                    0.0,
                    0.205
                ],
                [
                    0.0,
                    1.0,
                    0.0,
                    -0.17586
                ],
                [
                    0.0,
                    0.0,
                    1.0,
                    -0.10301
                ],
                [
                    0.0,
                    0.0,
                    0.0,
                    1.0
                ]
            ],
            "size": [
                0.05,
                0.05,
                1.2
            ]
        },
        "collider2": {
            "type": "Box",
            "collider2origin": [
                [
                    0.4194686020043756,
                    -0.4325193683589162,
                    0.7981059377845143,
                    0.19979139828751802
                ],
                [
                    -0.6696019045395907,
                    -0.7410572464637346,
                    -0.049673402345124025,
                    -0.206103461116264
                ],
                [
                    0.6129268972475003,
                    -0.5135768233263567,
                    -0.600466039982746,
                    -0.6295334359375357
                ],
                [
                    0.0,
                    0.0,
                    0.0,
                    1.0
                ]
            ],
            "size": [
                0.08993,
                0.0305,
                0.09007
            ]
        },
        "distance": 0.0
    },
    {
        "case": 20,
        "collider1": {
            "type": "Box",
            "collider2origin": [
                [
                    1.0,
                    0.0,
                    0.0,
                    -0.08500000000000019
                ],
                [
                    0.0,
                    1.0,
                    0.0,
                    -0.03585999999999995
                ],
                [
                    0.0,
                    0.0,
                    1.0,
                    -0.81301
                ],
                [
                    0.0,
                    0.0,
                    0.0,
                    1.0
                ]
            ],
            "size": [
                1.01,
                0.28,
                0.27
            ]
        },
        "collider2": {
            "type": "Box",
            "collider2origin": [
                [
                    0.4194686020043756,
                    -0.4325193683589162,
                    0.7981059377845143,
                    0.19979139828751802
                ],
                [
                    -0.6696019045395907,
                    -0.7410572464637346,
                    -0.049673402345124025,
                    -0.206103461116264
                ],
                [
                    0.6129268972475003,
                    -0.5135768233263567,
                    -0.600466039982746,
                    -0.6295334359375357
                ],
                [
                    0.0,
                    0.0,
                    0.0,
                    1.0
                ]
            ],
            "size": [
                0.08993,
                0.0305,
                0.09007
            ]
        },
        "distance": 0.0
    },
    {
        "case": 21,
        "collider1": {
            "type": "Box",
            "collider2origin": [
                [
                    1.0,
                    0.0,
                    0.0,
                    -0.26
                ],
                [
                    0.0,
                    1.0,
                    0.0,
                    -0.4608599999999999
                ],
                [
                    0.0,
                    0.0,
                    1.0,
                    -1.143
                ],
                [
                    0.0,
                    0.0,
                    0.0,
                    1.0
                ]
            ],
            "size": [
                1.48,
                0.272,
                0.945
            ]
        },
        "collider2": {
            "type": "Cylinder",
            "collider2origin": [
                [
                    0.7981071675059273,
                    0.09847692427076264,
                    0.5944133616952397,
                    0.12700810023958475
                ],
                [
                    -0.04967117627632166,
                    0.9939484576481702,
                    -0.09797569997784909,
                    -0.33101185231894414
                ],
                [
                    -0.6004645896495415,
                    0.04866989752396663,
                    0.7981688528450696,
                    -0.7241501064610473
                ],
                [
                    0.0,
                    0.0,
                    0.0,
                    1.0
                ]
            ],
            "radius": 0.00683,
            "height": 0.01183
        },
        "distance": 0.0
    },
    {
        "case": 22,
        "collider1": {
            "type": "Box",
            "collider2origin": [
                [
                    0.9999999999999999,
                    0.0,
                    6.177235058912196e-23,
                    0.2860000183661401
                ],
                [
                    0.0,
                    1.0,
                    0.0,
                    -0.10086
                ],
                [
                    6.177235058912196e-23,
                    0.0,
                    0.9999999999999999,
                    -0.626009937555547
                ],
                [
                    0.0,
                    0.0,
                    0.0,
                    1.0
                ]
            ],
            "size": [
                0.04,
                0.234,
                0.044
            ]
        },
        "collider2": {
            "type": "Box",
            "collider2origin": [
                [
                    -0.20340023773267762,
                    0.6389858382184809,
                    -0.7418392291099976,
                    0.3136671581670537
                ],
                [
                    0.16896935113853923,
                    0.7692184985650395,
                    0.6162404237318152,
                    -0.22191170434589869
                ],
                [
                    0.9644053616950248,
                    -4.644504293205801e-06,
                    -0.26442824794699454,
                    -0.559777210876864
                ],
                [
