[
    {
        "case": 0,
        "collider1": {
            "type": "Box",
            "collider2origin": [
                [
                    1.0,
                    0.0,
                    0.0,
                    1.2009999999999998
                ],
                [
                    0.0,
                    1.0,
                    0.0,
                    0.02914
                ],
                [
                    0.0,
                    0.0,
                    1.0,
                    -1.22801
                ],
                [
                    0.0,
                    0.0,
                    0.0,
                    1.0
                ]
            ],
            "size": [
                0.41,
                0.6,
                0.82
            ]
        },
        "collider2": {
            "type": "Box",
            "collider2origin": [
                [
                    0.8299346110161722,
                    0.2932787004985803,
                    0.4745483592546689,
                    1.1291028259166491
                ],
                [
                    0.5345331164245737,
                    -0.6614869007742946,
                    -0.5260317742774204,
                    -0.11480954162812362
                ],
                [
                    0.15963360824985315,
                    0.6902337893336443,
                    -0.705758051444863,
                    -0.8178915405512882
                ],
                [
                    0.0,
                    0.0,
                    0.0,
                    1.0
                ]
            ],
            "size": [
                0.06241,
                0.05638,
                0.02858
            ]
        },
        "distance": 0.0
    },
    {
        "case": 1,
        "collider1": {
            "type": "Box",
            "collider2origin": [
                [
                    1.0,
                    0.0,
                    0.0,
                    1.2009999999999998
                ],
                [
                    0.0,
                    1.0,
                    0.0,
                    0.02914
                ],
                [
                    0.0,
                    0.0,
                    1.0,
                    -1.22801
                ],
                [
                    0.0,
                    0.0,
                    0.0,
                    1.0
                ]
            ],
            "size": [
                0.41,
                0.6,
                0.82
            ]
        },
        "collider2": {
            "type": "Box",
            "collider2origin": [
                [
                    -0.07024504085643207,
                    0.9938677563234152,
                    -0.0853962363089748,
                    0.956769300546508
                ],
                [
                    0.6314155161506546,
                    0.11057523639847233,
                    0.767520399116287,
                    -0.17552049498642153
                ],
                [
                    0.7722564860195611,
                    -6.006832285967291e-06,
                    -0.6353108843429626,
                    -0.6231843424657656
                ],
                [
                    0.0,
                    0.0,
                    0.0,
                    1.0
                ]
            ],
            "size": [
                0.1202,
                0.13634,
                0.67816
            ]
        },
        "distance": 0.0
    },
    {
        "case": 2,
        "collider1": {
            "type": "Box",
            "collider2origin": [
                [
                    1.0,
                    0.0,
                    0.0,
                    1.2009999999999998
                ],
                [
                    0.0,
                    1.0,
                    0.0,
                    0.02914
                ],
                [
                    0.0,
                    0.0,
                    1.0,
                    -1.22801
                ],
                [
                    0.0,
                    0.0,
                    0.0,
                    1.0
                ]
            ],
            "size": [
                0.41,
                0.6,
                0.82
            ]
        },
        "collider2": {
            "type": "Box",
            "collider2origin": [
                [
                    0.7120722892906881,
                    0.2932780902800151,
                    0.6379192868898268,
                    1.1439263993820568
                ],
                [
                    0.6328932766283643,
                    -0.6614832391196288,
                    -0.4023506241605903,
                    -0.14665883727635554
                ],
                [
                    0.30397229351197663,
                    0.6902375577477007,
                    -0.6566376159279619,
                    -0.7805247138673543
                ],
                [
                    0.0,
                    0.0,
                    0.0,
                    1.0
                ]
            ],
            "size": [
                0.07264,
                0.04753,
                0.03326
            ]
        },
        "distance": 0.0
    },
    {
        "case": 3,
        "collider1": {
            "type": "Box",
            "collider2origin": [
                [
                    1.0,
                    0.0,
                    0.0,
                    1.2009999999999998
                ],
                [
                    0.0,
                    1.0,
                    0.0,
                    0.02914
                ],
                [
                    0.0,
                    0.0,
                    1.0,
                    -1.22801
                ],
                [
                    0.0,
                    0.0,
                    0.0,
                    1.0
                ]
            ],
            "size": [
                0.41,
                0.6,
                0.82
            ]
        },
        "collider2": {
            "type": "Box",
            "collider2origin": [
                [
                    -0.0918811504836799,
                    0.9938682959456581,
                    0.061511498923931825,
                    1.043089754395277
                ],
                [
                    0.8258451830539507,
                    0.11057038603912989,
                    -0.5529501997085673,
                    0.0593316435388771
                ],
                [
                    -0.5563610229090299,
                    -6.725420646350191e-06,
                    -0.8309406790754598,
                    -0.8106243312241701
                ],
                [
                    0.0,
                    0.0,
                    0.0,
                    1.0
                ]
            ],
            "size": [
                0.09102,
                0.10007,
                0.11882
            ]
        },
        "distance": 0.0
    },
    {
        "case": 4,
        "collider1": {
            "type": "Box",
            "collider2origin": [
                [
                    1.0,
                    0.0,
                    0.0,
                    1.2009999999999998
                ],
                [
                    0.0,
                    1.0,
                    0.0,
                    0.02914
                ],
                [
                    0.0,
                    0.0,
                    1.0,
                    -1.22801
                ],
                [
                    0.0,
                    0.0,
                    0.0,
                    1.0
                ]
            ],
            "size": [
                0.41,
                0.6,
                0.82
            ]
        },
        "collider2": {
            "type": "Box",
            "collider2origin": [
                [
                    -0.5231307689399564,
                    0.4811301799832813,
                    0.7034542973765566,
                    1.0916301347904311
                ],
                [
                    0.23338826569541415,
                    -0.7129778454185685,
                    0.661205345848007,
                    -0.05675809726970882
                ],
                [
                    0.8196731763477297,
                    0.5100748394613782,
                    0.26069051023094864,
                    -0.865279257901673
                ],
                [
                    0.0,
                    0.0,
                    0.0,
                    1.0
                ]
            ],
            "size": [
                0.08993,
                0.0305,
                0.09007
            ]
        },
        "distance": 0.0
    },
    {
        "case": 5,
        "collider1": {
            "type": "Box",
            "collider2origin": [
                [
                    1.0,
                    0.0,
                    0.0,
                    1.23
                ],
                [
                    0.0,
                    1.0,
                    0.0,
                    -0.23086
                ],
                [
                    0.0,
                    0.0,
                    1.0,
                    -0.54301
                ],
                [
                    0.0,
                    0.0,
                    0.0,
                    1.0
                ]
            ],
            "size": [
                0.1,
                0.16,
                0.1
            ]
        },
        "collider2": {
            "type": "Box",
            "collider2origin": [
                [
                    -0.013058792468061728,
                    0.9938676666752052,
                    -0.10980222710336378,
                    1.140534745417589
                ],
                [
                    0.11741051418244881,
                    0.11057604225470363,
                    0.9869081568406955,
                    -0.6846693399908602
                ],
                [
                    0.9929976027658319,
                    -4.1071373640026525e-06,
                    -0.11813450336139031,
                    -0.40823565376651727
                ],
                [
                    0.0,
                    0.0,
                    0.0,
                    1.0
                ]
            ],
            "size": [
                0.15068,
                0.17726,
                0.74884
            ]
        },
        "distance": 0.0
    },
    {
        "case": 6,
        "collider1": {
            "type": "Box",
            "collider2origin": [
                [
                    1.0,
                    0.0,
                    0.0,
                    1.23
                ],
                [
                    0.0,
                    1.0,
                    0.0,
                    -0.23086
                ],
                [
                    0.0,
                    0.0,
                    1.0,
                    -0.54301
                ],
                [
                    0.0,
                    0.0,
                    0.0,
                    1.0
                ]
            ],
            "size": [
                0.1,
                0.16,
                0.1
            ]
        },
        "collider2": {
            "type": "Box",
            "collider2origin": [
                [
                    -0.013058792468061728,
                    0.9938676666752052,
                    -0.10980222710336378,
                    1.140534745417589
                ],
                [
                    0.11741051418244881,
                    0.11057604225470363,
                    0.9869081568406955,
                    -0.6846693399908602
                ],
                [
                    0.9929976027658319,
                    -4.1071373640026525e-06,
                    -0.11813450336139031,
                    -0.40823565376651727
                ],
                [
                    0.0,
                    0.0,
                    0.0,
                    1.0
                ]
            ],
            "size": [
                0.15068,
                0.17726,
                0.74884
            ]
        },
        "distance": 0.0
    },
    {
        "case": 7,
        "collider1": {
            "type": "Box",
            "collider2origin": [
                [
                    1.0,
                    0.0,
                    0.0,
                    1.2009999999999998
                ],
                [
                    0.0,
                    1.0,
                    0.0,
                    0.02914
                ],
                [
                    0.0,
                    0.0,
                    1.0,
                    -1.22801
                ],
                [
                    0.0,
                    0.0,
                    0.0,
                    1.0
                ]
            ],
            "size": [
                0.41,
                0.6,
                0.82
            ]
        },
        "collider2": {
            "type": "Cylinder",
            "collider2origin": [
                [
                    0.8977818247313886,
                    0.11956740320096097,
                    -0.42390026099750977,
                    1.1936372555499077
                ],
                [
                    0.43207141566798885,
                    -0.4258212617453181,
                    0.7949783297727587,
                    -0.14547397796920458
                ],
                [
                    -0.08545224950016322,
                    -0.8968722813965231,
                    -0.43395624654791826,
                    -0.7996687386198166
                ],
                [
                    0.0,
                    0.0,
                    0.0,
                    1.0
                ]
            ],
            "radius": 0.01271,
            "height": 0.05982
        },
        "distance": 0.0
    },
    {
        "case": 8,
        "collider1": {
            "type": "Box",
            "collider2origin": [
                [
                    1.0,
                    0.0,
                    0.0,
                    1.2009999999999998
                ],
                [
                    0.0,
                    1.0,
                    0.0,
                    0.02914
                ],
                [
                    0.0,
                    0.0,
                    1.0,
                    -1.22801
                ],
                [
                    0.0,
                    0.0,
                    0.0,
                    1.0
                ]
            ],
            "size": [
                0.41,
                0.6,
                0.82
            ]
        },
        "collider2": {
            "type": "Cylinder",
            "collider2origin": [
                [
                    0.9149298468698056,
                    0.11093667924560825,
                    -0.3880675566248098,
                    1.1987748678909071
                ],
                [
                    0.3878959313547741,
                    -0.5073828955204491,
                    0.7694799177182577,
                    -0.158373617998966
                ],
                [
                    -0.11153529371999443,
                    -0.8545499695929089,
                    -0.5072516414202644,
                    -0.7944575653799226
                ],
                [
                    0.0,
                    0.0,
                    0.0,
                    1.0
                ]
            ],
            "radius": 0.01169,
            "height": 0.05502
        },
        "distance": 0.0
    },
    {
        "case": 9,
        "collider1": {
            "type": "Box",
            "collider2origin": [
                [
                    1.0,
                    0.0,
                    0.0,
                    1.2009999999999998
                ],
                [
                    0.0,
                    1.0,
                    0.0,
                    0.02914
                ],
                [
                    0.0,
                    0.0,
                    1.0,
                    -1.22801
                ],
                [
                    0.0,
                    0.0,
                    0.0,
                    1.0
                ]
            ],
            "size": [
                0.41,
                0.6,
                0.82
            ]
        },
        "collider2": {
            "type": "Sphere",
            "collider2origin": [
                [
                    1.0,
                    0.0,
                    0.0,
                    1.1706291460121805
                ],
                [
                    0.0,
                    1.0,
                    0.0,
                    -0.21133098720782506
                ],
                [
                    0.0,
                    0.0,
                    1.0,
                    -0.8201588149121996
                ],
                [
                    0.0,
                    0.0,
                    0.0,
                    1.0
                ]
            ],
            "radius": 0.00484
        },
        "distance": 0.0
    },
    {
        "case": 10,
        "collider1": {
            "type": "Box",
            "collider2origin": [
                [
                    1.0,
                    0.0,
                    0.0,
                    1.2009999999999998
                ],
                [
                    0.0,
                    1.0,
                    0.0,
                    0.02914
                ],
                [
                    0.0,
                    0.0,
                    1.0,
                    -1.22801
                ],
                [
                    0.0,
                    0.0,
                    0.0,
                    1.0
                ]
            ],
            "size": [
                0.41,
                0.6,
                0.82
            ]
        },
        "collider2": {
            "type": "Cylinder",
            "collider2origin": [
                [
                    0.7879084195027991,
                    -0.07544532427706714,
                    -0.6111532749820855,
                    1.1626580633828578
                ],
                [
                    0.38236127134943393,
                    0.8379036530827062,
                    0.38950908374863397,
                    -0.2064421436441467
                ],
                [
                    0.4827009225686703,
                    -0.5405788297698901,
                    0.6890387131039661,
                    -0.8090740618555731
                ],
                [
                    0.0,
                    0.0,
                    0.0,
                    1.0
                ]
            ],
            "radius": 0.0076,
            "height": 0.02993
        },
        "distance": 0.0
    },
    {
        "case": 11,
        "collider1": {
            "type": "Box",
            "collider2origin": [
                [
                    1.0,
                    0.0,
                    0.0,
                    1.2009999999999998
                ],
                [
                    0.0,
                    1.0,
                    0.0,
                    0.02914
                ],
                [
                    0.0,
                    0.0,
                    1.0,
                    -1.22801
                ],
                [
                    0.0,
                    0.0,
                    0.0,
                    1.0
                ]
            ],
            "size": [
                0.41,
                0.6,
                0.82
            ]
        },
        "collider2": {
            "type": "Box",
            "collider2origin": [
                [
                    0.8744897680372179,
                    0.481127821995718,
                    0.061511498923931825,
                    1.0548366290036086
                ],
                [
                    0.43116390042197084,
                    -0.7129823052609148,
                    -0.5529501997085673,
                    -0.0020466511869886572
                ],
                [
                    -0.22218311495504112,
                    0.5100708296761228,
                    -0.8309406790754598,
                    -0.9005083374708173
                ],
                [
                    0.0,
                    0.0,
                    0.0,
                    1.0
                ]
            ],
            "size": [
                0.09126,
                0.11887,
                0.10009
            ]
        },
        "distance": 0.0
    }
]