[
    {
        "case": 0,
        "collider1": {
            "type": "Box",
            "collider2origin": [
                [
                    1.0,
                    0.0,
                    0.0,
                    1.2009999999999998
                ],
                [
                    0.0,
                    1.0,
                    0.0,
                    0.02914
                ],
                [
                    0.0,
                    0.0,
                    1.0,
                    -1.22801
                ],
                [
                    0.0,
                    0.0,
                    0.0,
                    1.0
                ]
            ],
            "size": [
                0.41,
                0.6,
                0.82
            ]
        },
        "collider2": {
            "type": "Box",
            "collider2origin": [
                [
                    0.26571733290468214,
                    0.9326168685221722,
                    0.24417222516477957,
                    1.4688091323281105
                ],
                [
                    0.6867000992555405,
                    -0.3608680874048307,
                    0.6310445286786112,
                    -0.23168603347846872
                ],
                [
                    0.676636736126892,
                    -6.377848472439215e-06,
                    -0.7363170018971923,
                    -1.158958857732551
                ],
                [
                    0.0,
                    0.0,
                    0.0,
                    1.0
                ]
            ],
            "size": [
                0.09102,
                0.10007,
                0.11882
            ]
        },
        "distance": 0.0
    },
    {
        "case": 1,
        "collider1": {
            "type": "Box",
            "collider2origin": [
                [
                    1.0,
                    0.0,
                    0.0,
                    1.2009999999999998
                ],
                [
                    0.0,
                    1.0,
                    0.0,
                    0.02914
                ],
                [
                    0.0,
                    0.0,
                    1.0,
                    -1.22801
                ],
                [
                    0.0,
                    0.0,
                    0.0,
                    1.0
                ]
            ],
            "size": [
                0.41,
                0.6,
                0.82
            ]
        },
        "collider2": {
            "type": "Box",
            "collider2origin": [
                [
                    0.22080516319655644,
                    0.9326170200723001,
                    0.285430506038169,
                    1.2806639878145605
                ],
                [
                    0.570630102600559,
                    -0.36086769575068434,
                    0.7376691617315086,
                    -0.4082253926842806
                ],
                [
                    0.790965464424217,
                    -5.920695302906156e-06,
                    -0.6118607963034793,
                    -0.9783639896289114
                ],
                [
                    0.0,
                    0.0,
                    0.0,
                    1.0
                ]
            ],
            "size": [
                0.1202,
                0.13634,
                0.67816
            ]
        },
        "distance": 0.0
    },
    {
        "case": 2,
        "collider1": {
            "type": "Box",
            "collider2origin": [
                [
                    1.0,
                    0.0,
                    0.0,
                    1.28
                ],
                [
                    0.0,
                    1.0,
                    0.0,
                    -0.23086
                ],
                [
                    0.0,
                    0.0,
                    1.0,
                    -0.67301
                ],
                [
                    0.0,
                    0.0,
                    0.0,
                    1.0
                ]
            ],
            "size": [
                0.06,
                0.06,
                0.33
            ]
        },
        "collider2": {
            "type": "Box",
            "collider2origin": [
                [
                    0.22080516319655644,
                    0.9326170200723001,
                    0.285430506038169,
                    1.2806639878145605
                ],
                [
                    0.570630102600559,
                    -0.36086769575068434,
                    0.7376691617315086,
                    -0.4082253926842806
                ],
                [
                    0.790965464424217,
                    -5.920695302906156e-06,
                    -0.6118607963034793,
                    -0.9783639896289114
                ],
                [
                    0.0,
                    0.0,
                    0.0,
                    1.0
                ]
            ],
            "size": [
                0.1202,
                0.13634,
                0.67816
            ]
        },
        "distance": 0.1289555210950368
    }
]