[
    {
        "case": 0,
        "collider1": {
            "type": "Box",
            "collider2origin": [
                [
                    1.0,
                    0.0,
                    0.0,
                    0.5199999999999999
                ],
                [
                    0.0,
                    1.0,
                    0.0,
                    -0.43085999999999997
                ],
                [
                    0.0,
                    0.0,
                    1.0,
                    -0.80301
                ],
                [
                    0.0,
                    0.0,
                    0.0,
                    1.0
                ]
            ],
            "size": [
                0.2,
                0.08,
                0.04
            ]
        },
        "collider2": {
            "type": "Box",
            "collider2origin": [
                [
                    0.10961568351798777,
                    -0.9385511431518929,
                    -0.32727076498697427,
                    0.6648007331017751
                ],
                [
                    -0.29806825879867715,
                    -0.34514019132064544,
                    0.8899626741790203,
                    -0.2281402164611942
                ],
                [
                    -0.9482297796544932,
                    -4.839760251052751e-06,
                    -0.31758508301393423,
                    -0.6733660702214775
                ],
                [
                    0.0,
                    0.0,
                    0.0,
                    1.0
                ]
            ],
            "size": [
                0.1202,
                0.13634,
                0.67816
            ]
        },
        "distance": 0.09247343635923132
    },
    {
        "case": 1,
        "collider1": {
            "type": "Cylinder",
            "collider2origin": [
                [
                    1.0,
                    0.0,
                    0.0,
                    0.4849999999999999
                ],
                [
                    0.0,
                    -3.673205103346574e-06,
                    -0.9999999999932537,
                    -0.46086
                ],
                [
                    0.0,
                    0.9999999999932537,
                    -3.673205103346574e-06,
                    -0.70001
                ],
                [
                    0.0,
                    0.0,
                    0.0,
                    1.0
                ]
            ],
            "radius": 0.026,
            "height": 0.272
        },
        "collider2": {
            "type": "Box",
            "collider2origin": [
                [
                    0.10961568351798777,
                    -0.9385511431518929,
                    -0.32727076498697427,
                    0.6648007331017751
                ],
                [
                    -0.29806825879867715,
                    -0.34514019132064544,
                    0.8899626741790203,
                    -0.2281402164611942
                ],
                [
                    -0.9482297796544932,
                    -4.839760251052751e-06,
                    -0.31758508301393423,
                    -0.6733660702214775
                ],
                [
                    0.0,
                    0.0,
                    0.0,
                    1.0
                ]
            ],
            "size": [
                0.1202,
                0.13634,
                0.67816
            ]
        },
        "distance": 0.10956186741329964
    },
    {
        "case": 2,
        "collider1": {
            "type": "Box",
            "collider2origin": [
                [
                    1.0,
                    0.0,
                    0.0,
                    -0.08500000000000019
                ],
                [
                    0.0,
                    1.0,
                    0.0,
                    -0.03585999999999995
                ],
                [
                    0.0,
                    0.0,
                    1.0,
                    -0.81301
                ],
                [
                    0.0,
                    0.0,
                    0.0,
                    1.0
                ]
            ],
            "size": [
                1.01,
                0.28,
                0.27
            ]
        },
        "collider2": {
            "type": "Box",
            "collider2origin": [
                [
                    -0.2333368362645168,
                    -0.9385490068423595,
                    0.25432200572755564,
                    0.46508691948105907
                ],
                [
                    0.6345059155364321,
                    -0.3451460006342313,
                    -0.6915753620506366,
                    -0.00886408471057476
                ],
                [
                    0.7368555923594119,
                    -1.1899341588758669e-06,
                    0.6760501726996627,
                    -0.7645365362344616
                ],
                [
                    0.0,
                    0.0,
                    0.0,
                    1.0
                ]
            ],
            "size": [
                0.09102,
                0.10007,
                0.11882
            ]
        },
        "distance": 0.0
    },
    {
        "case": 3,
        "collider1": {
            "type": "Box",
            "collider2origin": [
                [
                    1.0,
                    0.0,
                    0.0,
                    0.44499999999999995
                ],
                [
                    0.0,
                    1.0,
                    0.0,
                    -0.025859999999999994
                ],
                [
                    0.0,
                    0.0,
                    1.0,
                    -0.67801
                ],
                [
                    0.0,
                    0.0,
                    0.0,
                    1.0
                ]
            ],
            "size": [
                0.06,
                0.09,
                0.004
            ]
        },
        "collider2": {
            "type": "Box",
            "collider2origin": [
                [
                    -0.24668167524021248,
                    0.9351301879970487,
                    0.25432200572755564,
                    0.49112209185219813
                ],
                [
                    -0.7223001408811714,
                    -0.002454605379863684,
                    -0.6915753620506366,
                    -0.08577618069392867
                ],
                [
                    -0.6460887381650621,
                    -0.3542957894317029,
                    0.6760501726996627,
                    -0.6912606766937289
                ],
                [
                    0.0,
                    0.0,
                    0.0,
                    1.0
                ]
            ],
            "size": [
                0.09126,
                0.11887,
                0.10009
            ]
        },
        "distance": 0.0
    },
    {
        "case": 4,
        "collider1": {
            "type": "Box",
            "collider2origin": [
                [
                    1.0,
                    0.0,
                    0.0,
                    -0.08500000000000019
                ],
                [
                    0.0,
                    1.0,
                    0.0,
                    -0.03585999999999995
                ],
                [
                    0.0,
                    0.0,
                    1.0,
                    -0.81301
                ],
                [
                    0.0,
                    0.0,
                    0.0,
                    1.0
                ]
            ],
            "size": [
                1.01,
                0.28,
                0.27
            ]
        },
        "collider2": {
            "type": "Box",
            "collider2origin": [
                [
                    -0.24668167524021248,
                    0.9351301879970487,
                    0.25432200572755564,
                    0.49112209185219813
                ],
                [
                    -0.7223001408811714,
                    -0.002454605379863684,
                    -0.6915753620506366,
                    -0.08577618069392867
                ],
                [
                    -0.6460887381650621,
                    -0.3542957894317029,
                    0.6760501726996627,
                    -0.6912606766937289
                ],
                [
                    0.0,
                    0.0,
                    0.0,
                    1.0
                ]
            ],
            "size": [
                0.09126,
                0.11887,
                0.10009
            ]
        },
        "distance": 0.0
    }
]