[
    {
        "case": 0,
        "collider1": {
            "type": "Box",
            "collider2origin": [
                [
                    1.0,
                    0.0,
                    0.0,
                    1.2009999999999998
                ],
                [
                    0.0,
                    1.0,
                    0.0,
                    0.02914
                ],
                [
                    0.0,
                    0.0,
                    1.0,
                    -1.22801
                ],
                [
                    0.0,
                    0.0,
                    0.0,
                    1.0
                ]
            ],
            "size": [
                0.41,
                0.6,
                0.82
            ]
        },
        "collider2": {
            "type": "Box",
            "collider2origin": [
                [
                    0.9834541384048354,
                    -0.13852855912730141,
                    0.11673815126391335,
                    1.075972523036445
                ],
                [
                    -0.1747435337103189,
                    -0.89535918236188,
                    0.4096298719413617,
                    -0.13627477762007767
                ],
                [
                    0.04777713973055708,
                    -0.4232514298456409,
                    -0.9047516631942639,
                    -1.0516043037166898
                ],
                [
                    0.0,
                    0.0,
                    0.0,
                    1.0
                ]
            ],
            "size": [
                0.09126,
                0.11887,
                0.10009
            ]
        },
        "distance": 0.0
    },
    {
        "case": 1,
        "collider1": {
            "type": "Box",
            "collider2origin": [
                [
                    1.0,
                    0.0,
                    0.0,
                    1.2009999999999998
                ],
                [
                    0.0,
                    1.0,
                    0.0,
                    0.02914
                ],
                [
                    0.0,
                    0.0,
                    1.0,
                    -1.22801
                ],
                [
                    0.0,
                    0.0,
                    0.0,
                    1.0
                ]
            ],
            "size": [
                0.41,
                0.6,
                0.82
            ]
        },
        "collider2": {
            "type": "Box",
            "collider2origin": [
                [
                    0.9102265236111382,
                    -0.13853042140787505,
                    -0.3902524798887746,
                    1.0656423366998653
                ],
                [
                    0.0532981454853107,
                    -0.8953590629302395,
                    0.4421441576188804,
                    -0.2011667775182494
                ],
                [
                    -0.41066651117738884,
                    -0.4232510729735238,
                    -0.80759615268038,
                    -1.0873923204537497
                ],
                [
                    0.0,
                    0.0,
                    0.0,
                    1.0
                ]
            ],
            "size": [
                0.08993,
                0.0305,
                0.09007
            ]
        },
        "distance": 0.0
    },
    {
        "case": 2,
        "collider1": {
            "type": "Box",
            "collider2origin": [
                [
                    1.0,
                    0.0,
                    0.0,
                    1.2009999999999998
                ],
                [
                    0.0,
                    1.0,
                    0.0,
                    0.02914
                ],
                [
                    0.0,
                    0.0,
                    1.0,
                    -1.22801
                ],
                [
                    0.0,
                    0.0,
                    0.0,
                    1.0
                ]
            ],
            "size": [
                0.41,
                0.6,
                0.82
            ]
        },
        "collider2": {
            "type": "Box",
            "collider2origin": [
                [
                    -0.24795144969794508,
                    -0.9617132018601859,
                    0.11673815126391335,
                    1.0673348652855488
                ],
                [
                    -0.8701124356624413,
                    0.2740578722074542,
                    0.4096298719413617,
                    -0.18004192682621756
                ],
                [
                    -0.42593946506312497,
                    -6.996543529900245e-06,
                    -0.9047516631942639,
                    -0.9516726726003315
                ],
                [
                    0.0,
                    0.0,
                    0.0,
                    1.0
                ]
            ],
            "size": [
                0.09102,
                0.10007,
                0.11882
            ]
        },
        "distance": 0.0
    },
    {
        "case": 3,
        "collider1": {
            "type": "Box",
            "collider2origin": [
                [
                    1.0,
                    0.0,
                    0.0,
                    1.2009999999999998
                ],
                [
                    0.0,
                    1.0,
                    0.0,
                    0.02914
                ],
                [
                    0.0,
                    0.0,
                    1.0,
                    -1.22801
                ],
                [
                    0.0,
                    0.0,
                    0.0,
                    1.0
                ]
            ],
            "size": [
                0.41,
                0.6,
                0.82
            ]
        },
        "collider2": {
            "type": "Box",
            "collider2origin": [
                [
                    -0.257663292729827,
                    -0.9617132877114841,
                    0.09336583860701614,
                    1.1472289696733051
                ],
                [
                    -0.9041919158908344,
                    0.27405757093789246,
                    0.32761170163668474,
                    -0.3074745955729903
                ],
                [
                    -0.34065614161098795,
                    -7.12670830250335e-06,
                    -0.9401879562789156,
                    -0.6749396658917863
                ],
                [
                    0.0,
                    0.0,
                    0.0,
                    1.0
                ]
            ],
            "size": [
                0.1202,
                0.13634,
                0.67816
            ]
        },
        "distance": 0.0
    },
    {
        "case": 4,
        "collider1": {
            "type": "Box",
            "collider2origin": [
                [
                    1.0,
                    0.0,
                    0.0,
                    1.23
                ],
                [
                    0.0,
                    1.0,
                    0.0,
                    -0.23086
                ],
                [
                    0.0,
                    0.0,
                    1.0,
                    -0.54301
                ],
                [
                    0.0,
                    0.0,
                    0.0,
                    1.0
                ]
            ],
            "size": [
                0.1,
                0.16,
                0.1
            ]
        },
        "collider2": {
            "type": "Box",
            "collider2origin": [
                [
                    -0.257663292729827,
                    -0.9617132877114841,
                    0.09336583860701614,
                    1.1472289696733051
                ],
                [
                    -0.9041919158908344,
                    0.27405757093789246,
                    0.32761170163668474,
                    -0.3074745955729903
                ],
                [
                    -0.34065614161098795,
                    -7.12670830250335e-06,
                    -0.9401879562789156,
                    -0.6749396658917863
                ],
                [
                    0.0,
                    0.0,
                    0.0,
                    1.0
                ]
            ],
            "size": [
                0.1202,
                0.13634,
                0.67816
            ]
        },
        "distance": 0.0
    },
    {
        "case": 5,
        "collider1": {
            "type": "Box",
            "collider2origin": [
                [
                    1.0,
                    0.0,
                    0.0,
                    1.28
                ],
                [
                    0.0,
                    1.0,
                    0.0,
                    -0.23086
                ],
                [
                    0.0,
                    0.0,
                    1.0,
                    -0.67301
                ],
                [
                    0.0,
                    0.0,
                    0.0,
                    1.0
                ]
            ],
            "size": [
                0.06,
                0.06,
                0.33
            ]
        },
        "collider2": {
            "type": "Box",
            "collider2origin": [
                [
                    -0.257663292729827,
                    -0.9617132877114841,
                    0.09336583860701614,
                    1.1472289696733051
                ],
                [
                    -0.9041919158908344,
                    0.27405757093789246,
                    0.32761170163668474,
                    -0.3074745955729903
                ],
                [
                    -0.34065614161098795,
                    -7.12670830250335e-06,
                    -0.9401879562789156,
                    -0.6749396658917863
                ],
                [
                    0.0,
                    0.0,
                    0.0,
                    1.0
                ]
            ],
            "size": [
                0.1202,
                0.13634,
                0.67816
            ]
        },
        "distance": 0.0034813930939880874
    },
    {
        "case": 6,
        "collider1": {
            "type": "Box",
            "collider2origin": [
                [
                    1.0,
                    0.0,
                    0.0,
                    1.2009999999999998
                ],
                [
                    0.0,
                    1.0,
                    0.0,
                    0.02914
                ],
                [
                    0.0,
                    0.0,
                    1.0,
                    -1.22801
                ],
                [
                    0.0,
                    0.0,
                    0.0,
                    1.0
                ]
            ],
            "size": [
                0.41,
                0.6,
                0.82
            ]
        },
        "collider2": {
            "type": "Box",
            "collider2origin": [
                [
                    -0.5583408442623733,
                    0.12110223655092668,
                    -0.8207251366509637,
                    1.0591137491478737
                ],
                [
                    0.3340886040018662,
                    -0.8727033144743415,
                    -0.3560529870420727,
                    -0.27556058388358873
                ],
                [
                    -0.7593683600891361,
                    -0.47299384056017213,
                    0.4468070282433724,
                    -1.1253753120035397
                ],
                [
                    0.0,
                    0.0,
                    0.0,
                    1.0
                ]
            ],
            "size": [
                0.06241,
                0.05638,
                0.02858
            ]
        },
        "distance": 0.0
    }
]