[
    {
        "case": 0,
        "collider1": {
            "type": "Box",
            "collider2origin": [
                [
                    1.0,
                    0.0,
                    0.0,
                    1.2009999999999998
                ],
                [
                    0.0,
                    1.0,
                    0.0,
                    0.02914
                ],
                [
                    0.0,
                    0.0,
                    1.0,
                    -1.22801
                ],
                [
                    0.0,
                    0.0,
                    0.0,
                    1.0
                ]
            ],
            "size": [
                0.41,
                0.6,
                0.82
            ]
        },
        "collider2": {
            "type": "Box",
            "collider2origin": [
                [
                    0.4642584566780597,
                    0.8564801726614957,
                    0.2256231354286178,
                    1.4167940516252548
                ],
                [
                    0.77032270157717,
                    -0.5161799238531627,
                    0.374381118174773,
                    -0.40180691664401413
                ],
                [
                    0.43711213760058926,
                    -6.976911541862327e-06,
                    -0.8994070152681521,
                    -0.532495278153084
                ],
                [
                    0.0,
                    0.0,
                    0.0,
                    1.0
                ]
            ],
            "size": [
                0.1202,
                0.13634,
                0.67816
            ]
        },
        "distance": 0.008664791737561463
    },
    {
        "case": 1,
        "collider1": {
            "type": "Box",
            "collider2origin": [
                [
                    1.0,
                    0.0,
                    0.0,
                    1.23
                ],
                [
                    0.0,
                    1.0,
                    0.0,
                    -0.23086
                ],
                [
                    0.0,
                    0.0,
                    1.0,
                    -0.54301
                ],
                [
                    0.0,
                    0.0,
                    0.0,
                    1.0
                ]
            ],
            "size": [
                0.1,
                0.16,
                0.1
            ]
        },
        "collider2": {
            "type": "Box",
            "collider2origin": [
                [
                    0.4642584566780597,
                    0.8564801726614957,
                    0.2256231354286178,
                    1.4167940516252548
                ],
                [
                    0.77032270157717,
                    -0.5161799238531627,
                    0.374381118174773,
                    -0.40180691664401413
                ],
                [
                    0.43711213760058926,
                    -6.976911541862327e-06,
                    -0.8994070152681521,
                    -0.532495278153084
                ],
                [
                    0.0,
                    0.0,
                    0.0,
                    1.0
                ]
            ],
            "size": [
                0.1202,
                0.13634,
                0.67816
            ]
        },
        "distance": 0.09593594325718971
    },
    {
        "case": 2,
        "collider1": {
            "type": "Box",
            "collider2origin": [
                [
                    1.0,
                    0.0,
                    0.0,
                    1.28
                ],
                [
                    0.0,
                    1.0,
                    0.0,
                    -0.23086
                ],
                [
                    0.0,
                    0.0,
                    1.0,
                    -0.67301
                ],
                [
                    0.0,
                    0.0,
                    0.0,
                    1.0
                ]
            ],
            "size": [
                0.06,
                0.06,
                0.33
            ]
        },
        "collider2": {
            "type": "Box",
            "collider2origin": [
                [
                    0.4642584566780597,
                    0.8564801726614957,
                    0.2256231354286178,
                    1.4167940516252548
                ],
                [
                    0.77032270157717,
                    -0.5161799238531627,
                    0.374381118174773,
                    -0.40180691664401413
                ],
                [
                    0.43711213760058926,
                    -6.976911541862327e-06,
                    -0.8994070152681521,
                    -0.532495278153084
                ],
                [
                    0.0,
                    0.0,
                    0.0,
                    1.0
                ]
            ],
            "size": [
                0.1202,
                0.13634,
                0.67816
            ]
        },
        "distance": 0.09604905555035159
    }
]