[
    {
        "case": 0,
        "collider1": {
            "type": "Box",
            "collider2origin": [
                [
                    1.0,
                    0.0,
                    0.0,
                    1.23
                ],
                [
                    0.0,
                    1.0,
                    0.0,
                    -0.23086
                ],
                [
                    0.0,
                    0.0,
                    1.0,
                    -0.54301
                ],
                [
                    0.0,
                    0.0,
                    0.0,
                    1.0
                ]
            ],
            "size": [
                0.1,
                0.16,
                0.1
            ]
        },
        "collider2": {
            "type": "Box",
            "collider2origin": [
                [
                    0.1685927271431684,
                    0.9821551223874851,
                    0.08335351175837026,
                    1.1651495547117048
                ],
                [
                    0.880410508784656,
                    -0.18807263362727686,
                    0.4353228922329297,
                    -0.3938453587003289
                ],
                [
                    0.4432311229775861,
                    -6.96589322665631e-06,
                    -0.8964073692108426,
                    -0.274278882149418
                ],
                [
                    0.0,
                    0.0,
                    0.0,
                    1.0
                ]
            ],
            "size": [
                0.1202,
                0.13634,
                0.67816
            ]
        },
        "distance": 0.0
    },
    {
        "case": 1,
        "collider1": {
            "type": "Box",
            "collider2origin": [
                [
                    1.0,
                    0.0,
                    0.0,
                    1.28
                ],
                [
                    0.0,
                    1.0,
                    0.0,
                    -0.23086
                ],
                [
                    0.0,
                    0.0,
                    1.0,
                    -0.67301
                ],
                [
                    0.0,
                    0.0,
                    0.0,
                    1.0
                ]
            ],
            "size": [
                0.06,
                0.06,
                0.33
            ]
        },
        "collider2": {
            "type": "Box",
            "collider2origin": [
                [
                    0.1685927271431684,
                    0.9821551223874851,
                    0.08335351175837026,
                    1.1651495547117048
                ],
                [
                    0.880410508784656,
                    -0.18807263362727686,
                    0.4353228922329297,
                    -0.3938453587003289
                ],
                [
                    0.4432311229775861,
                    -6.96589322665631e-06,
                    -0.8964073692108426,
                    -0.274278882149418
                ],
                [
                    0.0,
                    0.0,
                    0.0,
                    1.0
                ]
            ],
            "size": [
                0.1202,
                0.13634,
                0.67816
            ]
        },
        "distance": 0.0
    },
    {
        "case": 2,
        "collider1": {
            "type": "Box",
            "collider2origin": [
                [
                    1.0,
                    0.0,
                    0.0,
                    1.23
                ],
                [
                    0.0,
                    1.0,
                    0.0,
                    -0.23086
                ],
                [
                    0.0,
                    0.0,
                    1.0,
                    -0.54301
                ],
                [
                    0.0,
                    0.0,
                    0.0,
                    1.0
                ]
            ],
            "size": [
                0.1,
                0.16,
                0.1
            ]
        },
        "collider2": {
            "type": "Box",
            "collider2origin": [
                [
                    -0.187824166045842,
                    0.9821547805867099,
                    -0.009698949420184145,
                    1.2992723898394618
                ],
                [
                    -0.9808479197289155,
                    -0.18807441870353153,
                    -0.05064949548403474,
                    -0.28766207289089996
                ],
                [
                    -0.051569768398185854,
                    -4.887587876172216e-09,
                    0.9986693942378313,
                    -0.5333211984707723
                ],
                [
                    0.0,
                    0.0,
                    0.0,
                    1.0
                ]
            ],
            "size": [
                0.09102,
                0.10007,
                0.11882
            ]
        },
        "distance": 0.0
    },
    {
        "case": 3,
        "collider1": {
            "type": "Box",
            "collider2origin": [
                [
                    1.0,
                    0.0,
                    0.0,
                    1.28
                ],
                [
                    0.0,
                    1.0,
                    0.0,
                    -0.23086
                ],
                [
                    0.0,
                    0.0,
                    1.0,
                    -0.67301
                ],
                [
                    0.0,
                    0.0,
                    0.0,
                    1.0
                ]
            ],
            "size": [
                0.06,
                0.06,
                0.33
            ]
        },
        "collider2": {
            "type": "Box",
            "collider2origin": [
                [
                    -0.187824166045842,
                    0.9821547805867099,
                    -0.009698949420184145,
                    1.2992723898394618
                ],
                [
                    -0.9808479197289155,
                    -0.18807441870353153,
                    -0.05064949548403474,
                    -0.28766207289089996
                ],
                [
                    -0.051569768398185854,
                    -4.887587876172216e-09,
                    0.9986693942378313,
                    -0.5333211984707723
                ],
                [
                    0.0,
                    0.0,
                    0.0,
                    1.0
                ]
            ],
            "size": [
                0.09102,
                0.10007,
                0.11882
            ]
        },
        "distance": 0.0
    }
]