[
    {
        "case": 0,
        "collider1": {
            "type": "Box",
            "collider2origin": [
                [
                    1.0,
                    0.0,
                    0.0,
                    0.5199999999999999
                ],
                [
                    0.0,
                    1.0,
                    0.0,
                    -0.43085999999999997
                ],
                [
                    0.0,
                    0.0,
                    1.0,
                    -0.80301
                ],
                [
                    0.0,
                    0.0,
                    0.0,
                    1.0
                ]
            ],
            "size": [
                0.2,
                0.08,
                0.04
            ]
        },
        "collider2": {
            "type": "Box",
            "collider2origin": [
                [
                    -0.7037229649754119,
                    0.61562931681696,
                    0.3546470539024656,
                    0.5661317070119607
                ],
                [
                    0.5497584198753978,
                    0.7880358774999608,
                    -0.27706521894487696,
                    -0.45807118282366865
                ],
                [
                    -0.45004407377758154,
                    -6.95340056593245e-06,
                    -0.8930063446635353,
                    -0.8009605740475404
                ],
                [
                    0.0,
                    0.0,
                    0.0,
                    1.0
                ]
            ],
            "size": [
                0.09102,
                0.10007,
                0.11882
            ]
        },
        "distance": 0.0
    },
    {
        "case": 1,
        "collider1": {
            "type": "Box",
            "collider2origin": [
                [
                    1.0,
                    0.0,
                    0.0,
                    0.5199999999999999
                ],
                [
                    0.0,
                    1.0,
                    0.0,
                    -0.43085999999999997
                ],
                [
                    0.0,
                    0.0,
                    1.0,
                    -0.80301
                ],
                [
                    0.0,
                    0.0,
                    0.0,
                    1.0
                ]
            ],
            "size": [
                0.2,
                0.08,
                0.04
            ]
        },
        "collider2": {
            "type": "Box",
            "collider2origin": [
                [
                    -0.7800618981009986,
                    0.6156276033487621,
                    -0.11183062695937354,
                    0.5289690927675839
                ],
                [
                    0.609398470277873,
                    0.7880372160892112,
                    0.08735473931821926,
                    -0.5708585213469296
                ],
                [
                    0.141904684750207,
                    -7.309238569657338e-06,
                    -0.9898803262983455,
                    -0.5097914055975621
                ],
                [
                    0.0,
                    0.0,
                    0.0,
                    1.0
                ]
            ],
            "size": [
                0.1202,
                0.13634,
                0.67816
            ]
        },
        "distance": 0.0
    },
    {
        "case": 2,
        "collider1": {
            "type": "Cylinder",
            "collider2origin": [
                [
                    1.0,
                    0.0,
                    0.0,
                    0.4849999999999999
                ],
                [
                    0.0,
                    -3.673205103346574e-06,
                    -0.9999999999932537,
                    -0.46086
                ],
                [
                    0.0,
                    0.9999999999932537,
                    -3.673205103346574e-06,
                    -0.70001
                ],
                [
                    0.0,
                    0.0,
                    0.0,
                    1.0
                ]
            ],
            "radius": 0.026,
            "height": 0.272
        },
        "collider2": {
            "type": "Box",
            "collider2origin": [
                [
                    -0.7800618981009986,
                    0.6156276033487621,
                    -0.11183062695937354,
                    0.5289690927675839
                ],
                [
                    0.609398470277873,
                    0.7880372160892112,
                    0.08735473931821926,
                    -0.5708585213469296
                ],
                [
                    0.141904684750207,
                    -7.309238569657338e-06,
                    -0.9898803262983455,
                    -0.5097914055975621
                ],
                [
                    0.0,
                    0.0,
                    0.0,
                    1.0
                ]
            ],
            "size": [
                0.1202,
                0.13634,
                0.67816
            ]
        },
        "distance": 0.0
    },
    {
        "case": 3,
        "collider1": {
            "type": "Box",
            "collider2origin": [
                [
                    1.0,
                    0.0,
                    0.0,
                    -0.26
                ],
                [
                    0.0,
                    1.0,
                    0.0,
                    -0.4608599999999999
                ],
                [
                    0.0,
                    0.0,
                    1.0,
                    -1.143
                ],
                [
                    0.0,
                    0.0,
                    0.0,
                    1.0
                ]
            ],
            "size": [
                1.48,
                0.272,
                0.945
            ]
        },
        "collider2": {
            "type": "Box",
            "collider2origin": [
                [
                    -0.7800618981009986,
                    0.6156276033487621,
                    -0.11183062695937354,
                    0.5289690927675839
                ],
                [
                    0.609398470277873,
                    0.7880372160892112,
                    0.08735473931821926,
                    -0.5708585213469296
                ],
                [
                    0.141904684750207,
                    -7.309238569657338e-06,
                    -0.9898803262983455,
                    -0.5097914055975621
                ],
                [
                    0.0,
                    0.0,
                    0.0,
                    1.0
                ]
            ],
            "size": [
                0.1202,
                0.13634,
                0.67816
            ]
        },
        "distance": 0.0
    }
]