[
    {
        "case": 0,
        "collider1": {
            "type": "Box",
            "collider2origin": [
                [
                    1.0,
                    0.0,
                    0.0,
                    -0.26
                ],
                [
                    0.0,
                    1.0,
                    0.0,
                    -0.4608599999999999
                ],
                [
                    0.0,
                    0.0,
                    1.0,
                    -1.143
                ],
                [
                    0.0,
                    0.0,
                    0.0,
                    1.0
                ]
            ],
            "size": [
                1.48,
                0.272,
                0.945
            ]
        },
        "collider2": {
            "type": "Box",
            "collider2origin": [
                [
                    -0.838871277715838,
                    -0.48236289774180946,
                    -0.252232064388178,
                    0.4555191499577983
                ],
                [
                    -0.5434621507122009,
                    0.7160348775972322,
                    0.4381129361335791,
                    -0.3832222533820707
                ],
                [
                    -0.03072247006127927,
                    0.5045989387091904,
                    -0.8628070704896269,
                    -1.0487776299499245
                ],
                [
                    0.0,
                    0.0,
                    0.0,
                    1.0
                ]
            ],
            "size": [
                0.09126,
                0.11887,
                0.10009
            ]
        },
        "distance": 0.0
    },
    {
        "case": 1,
        "collider1": {
            "type": "Box",
            "collider2origin": [
                [
                    1.0,
                    0.0,
                    0.0,
                    -0.08499999999999996
                ],
                [
                    0.0,
                    1.0,
                    0.0,
                    0.42914
                ],
                [
                    0.0,
                    0.0,
                    1.0,
                    -1.2880099999999999
                ],
                [
                    0.0,
                    0.0,
                    0.0,
                    1.0
                ]
            ],
            "size": [
                1.02,
                1.22,
                0.75
            ]
        },
        "collider2": {
            "type": "Sphere",
            "collider2origin": [
                [
                    1.0,
                    0.0,
                    0.0,
                    0.3015104157690337
                ],
                [
                    0.0,
                    1.0,
                    0.0,
                    -0.1629757179549538
                ],
                [
                    0.0,
                    0.0,
                    1.0,
                    -0.9219643433100201
                ],
                [
                    0.0,
                    0.0,
                    0.0,
                    1.0
                ]
            ],
            "radius": 0.00563
        },
        "distance": 0.0
    },
    {
        "case": 2,
        "collider1": {
            "type": "Box",
            "collider2origin": [
                [
                    1.0,
                    0.0,
                    0.0,
                    -0.08500000000000019
                ],
                [
                    0.0,
                    1.0,
                    0.0,
                    -0.03585999999999995
                ],
                [
                    0.0,
                    0.0,
                    1.0,
                    -0.81301
                ],
                [
                    0.0,
                    0.0,
                    0.0,
                    1.0
                ]
            ],
            "size": [
                1.01,
                0.28,
                0.27
            ]
        },
        "collider2": {
            "type": "Sphere",
            "collider2origin": [
                [
                    1.0,
                    0.0,
                    0.0,
                    0.3015104157690337
                ],
                [
                    0.0,
                    1.0,
                    0.0,
                    -0.1629757179549538
                ],
                [
                    0.0,
                    0.0,
                    1.0,
                    -0.9219643433100201
                ],
                [
                    0.0,
                    0.0,
                    0.0,
                    1.0
                ]
            ],
            "radius": 0.00563
        },
        "distance": 0.0
    },
    {
        "case": 3,
        "collider1": {
            "type": "Box",
            "collider2origin": [
                [
                    1.0,
                    0.0,
                    0.0,
                    -0.08499999999999996
                ],
                [
                    0.0,
                    1.0,
                    0.0,
                    0.42914
                ],
                [
                    0.0,
                    0.0,
                    1.0,
                    -1.2880099999999999
                ],
                [
                    0.0,
                    0.0,
                    0.0,
                    1.0
                ]
            ],
            "size": [
                1.02,
                1.22,
                0.75
            ]
        },
        "collider2": {
            "type": "Cylinder",
            "collider2origin": [
                [
                    -0.8415435089701637,
                    0.20847755407490118,
                    0.4983388726129337,
                    0.3114025394768897
                ],
                [
                    -0.5387034250138165,
                    -0.25550868078819994,
                    -0.8028162516542973,
                    -0.17906254854544867
                ],
                [
                    -0.04003926058965872,
                    -0.9440616629695431,
                    0.32732924422149184,
                    -0.9134371649900135
                ],
                [
                    0.0,
                    0.0,
                    0.0,
                    1.0
                ]
            ],
            "radius": 0.00813,
            "height": 0.03824
        },
        "distance": 0.0
    },
    {
        "case": 4,
        "collider1": {
            "type": "Box",
            "collider2origin": [
                [
                    1.0,
                    0.0,
                    0.0,
                    -0.08500000000000019
                ],
                [
                    0.0,
                    1.0,
                    0.0,
                    -0.03585999999999995
                ],
                [
                    0.0,
                    0.0,
                    1.0,
                    -0.81301
                ],
                [
                    0.0,
                    0.0,
                    0.0,
                    1.0
                ]
            ],
            "size": [
                1.01,
                0.28,
                0.27
            ]
        },
        "collider2": {
            "type": "Cylinder",
            "collider2origin": [
                [
                    -0.8415435089701637,
                    0.20847755407490118,
                    0.4983388726129337,
                    0.3114025394768897
                ],
                [
                    -0.5387034250138165,
                    -0.25550868078819994,
                    -0.8028162516542973,
                    -0.17906254854544867
                ],
                [
                    -0.04003926058965872,
                    -0.9440616629695431,
                    0.32732924422149184,
                    -0.9134371649900135
                ],
                [
                    0.0,
                    0.0,
                    0.0,
                    1.0
                ]
            ],
            "radius": 0.00813,
            "height": 0.03824
        },
        "distance": 0.0
    },
    {
        "case": 5,
        "collider1": {
            "type": "Box",
            "collider2origin": [
                [
                    1.0,
                    0.0,
                    0.0,
                    -0.08500000000000019
                ],
                [
                    0.0,
                    1.0,
                    0.0,
                    -0.03585999999999995
                ],
                [
                    0.0,
                    0.0,
                    1.0,
                    -0.81301
                ],
                [
                    0.0,
                    0.0,
                    0.0,
                    1.0
                ]
            ],
            "size": [
                1.01,
                0.28,
                0.27
            ]
        },
        "collider2": {
            "type": "Cylinder",
            "collider2origin": [
                [
                    -0.9009514428811815,
                    -0.10547485654578323,
                    0.4209056333751817,
                    0.3405373136530657
                ],
                [
                    -0.42683891230216814,
                    0.040901052775886314,
                    -0.9034022619113401,
                    -0.17352033549934098
                ],
                [
                    0.07807074045388852,
                    -0.993580474102863,
                    -0.08187063555702358,
                    -0.887429566034251
                ],
                [
                    0.0,
                    0.0,
                    0.0,
                    1.0
                ]
            ],
            "radius": 0.0076,
            "height": 0.02993
        },
        "distance": 0.0
    },
    {
        "case": 6,
        "collider1": {
            "type": "Box",
            "collider2origin": [
                [
                    1.0,
                    0.0,
                    0.0,
                    -0.26
                ],
                [
                    0.0,
                    1.0,
                    0.0,
                    -0.4608599999999999
                ],
                [
                    0.0,
                    0.0,
                    1.0,
                    -1.143
                ],
                [
                    0.0,
                    0.0,
                    0.0,
                    1.0
                ]
            ],
            "size": [
                1.48,
                0.272,
                0.945
            ]
        },
        "collider2": {
            "type": "Box",
            "collider2origin": [
                [
                    0.43050283870097794,
                    -0.8666292699677743,
                    -0.252232064388178,
                    0.48754801392456015
                ],
                [
                    -0.7477321357305111,
                    -0.49895261136535074,
                    0.4381129361335791,
                    -0.4305137736477723
                ],
                [
                    -0.5055333412014366,
                    -6.842472437918739e-06,
                    -0.8628070704896269,
                    -0.9554169530862113
                ],
                [
                    0.0,
                    0.0,
                    0.0,
                    1.0
                ]
            ],
            "size": [
                0.09102,
                0.10007,
                0.11882
            ]
        },
        "distance": 0.0
    },
    {
        "case": 7,
        "collider1": {
            "type": "Box",
            "collider2origin": [
                [
                    1.0,
                    0.0,
                    0.0,
                    -0.08500000000000019
                ],
                [
                    0.0,
                    1.0,
                    0.0,
                    -0.03585999999999995
                ],
                [
                    0.0,
                    0.0,
                    1.0,
                    -0.81301
                ],
                [
                    0.0,
                    0.0,
                    0.0,
                    1.0
                ]
            ],
            "size": [
                1.01,
                0.28,
                0.27
            ]
        },
        "collider2": {
            "type": "Sphere",
            "collider2origin": [
                [
                    1.0,
                    0.0,
                    0.0,
                    0.3337762949602481
                ],
                [
                    0.0,
                    1.0,
                    0.0,
                    -0.1584461775376117
                ],
                [
                    0.0,
                    0.0,
                    1.0,
                    -0.8874158554471594
                ],
                [
                    0.0,
                    0.0,
                    0.0,
                    1.0
                ]
            ],
            "radius": 0.00487
        },
        "distance": 0.0
    },
    {
        "case": 8,
        "collider1": {
            "type": "Box",
            "collider2origin": [
                [
                    1.0,
                    0.0,
                    0.0,
                    -0.26
                ],
                [
                    0.0,
                    1.0,
                    0.0,
                    -0.4608599999999999
                ],
                [
                    0.0,
                    0.0,
                    1.0,
                    -1.143
                ],
                [
                    0.0,
                    0.0,
                    0.0,
                    1.0
                ]
            ],
            "size": [
                1.48,
                0.272,
                0.945
            ]
        },
        "collider2": {
            "type": "Box",
            "collider2origin": [
                [
                    0.24316258356332687,
                    -0.48236506240454713,
                    -0.841543762692271,
                    0.41778194181200257
                ],
                [
                    -0.4439573139949662,
                    0.7160312895513589,
                    -0.5387031610579177,
                    -0.32859141876680453
                ],
                [
                    0.8624232495156788,
                    0.5046019609106521,
                    -0.04003747919064798,
                    -1.0143752825492105
                ],
                [
                    0.0,
                    0.0,
                    0.0,
                    1.0
                ]
            ],
            "size": [
                0.08993,
                0.0305,
                0.09007
            ]
        },
        "distance": 0.0
    },
    {
        "case": 9,
        "collider1": {
            "type": "Box",
            "collider2origin": [
                [
                    1.0,
                    0.0,
                    0.0,
                    -0.08499999999999996
                ],
                [
                    0.0,
                    1.0,
                    0.0,
                    0.42914
                ],
                [
                    0.0,
                    0.0,
                    1.0,
                    -1.2880099999999999
                ],
                [
                    0.0,
                    0.0,
                    0.0,
                    1.0
                ]
            ],
            "size": [
                1.02,
                1.22,
                0.75
            ]
        },
        "collider2": {
            "type": "Cylinder",
            "collider2origin": [
                [
                    -0.9354350437756555,
                    -0.10328964884424463,
                    0.3380717783519783,
                    0.36806203167361484
                ],
                [
                    -0.2834241564677643,
                    -0.3524081930778275,
                    -0.8918964138184188,
                    -0.19431427811165625
                ],
                [
                    0.2112629319283741,
                    -0.9301288695085497,
                    0.30038019192312565,
                    -0.9310506025144738
                ],
                [
                    0.0,
                    0.0,
                    0.0,
                    1.0
                ]
            ],
            "radius": 0.00783,
            "height": 0.03044
        },
        "distance": 0.0
    },
    {
        "case": 10,
        "collider1": {
            "type": "Box",
            "collider2origin": [
                [
                    1.0,
                    0.0,
                    0.0,
                    -0.08499999999999996
                ],
                [
                    0.0,
                    1.0,
                    0.0,
                    0.42914
                ],
                [
                    0.0,
                    0.0,
                    1.0,
                    -1.2880099999999999
                ],
                [
                    0.0,
                    0.0,
                    0.0,
                    1.0
                ]
            ],
            "size": [
                1.02,
                1.22,
                0.75
            ]
        },
        "collider2": {
            "type": "Sphere",
            "collider2origin": [
                [
                    1.0,
                    0.0,
                    0.0,
                    0.35458627642144835
                ],
                [
                    0.0,
                    1.0,
                    0.0,
                    -0.16439239258156724
                ],
                [
                    0.0,
                    0.0,
                    1.0,
                    -0.9542440603573217
                ],
                [
                    0.0,
                    0.0,
                    0.0,
                    1.0
                ]
            ],
            "radius": 0.00484
        },
        "distance": 0.0
    },
    {
        "case": 11,
        "collider1": {
            "type": "Box",
            "collider2origin": [
                [
                    1.0,
                    0.0,
                    0.0,
                    -0.08499999999999996
                ],
                [
                    0.0,
                    1.0,
                    0.0,
                    0.42914
                ],
                [
                    0.0,
                    0.0,
                    1.0,
                    -1.2880099999999999
                ],
                [
                    0.0,
                    0.0,
                    0.0,
                    1.0
                ]
            ],
            "size": [
                1.02,
                1.22,
                0.75
            ]
        },
        "collider2": {
            "type": "Cylinder",
            "collider2origin": [
                [
                    -0.9365144706152657,
                    0.04170179381054983,
                    0.34814021129595285,
                    0.35867045868764724
                ],
                [
                    -0.28496655798542964,
                    -0.669030165367686,
                    -0.6864347737826391,
                    -0.1736881089489798
                ],
                [
                    0.20429074173379752,
                    -0.742064416490286,
                    0.6384400477889728,
                    -0.9438893603407548
                ],
                [
                    0.0,
                    0.0,
                    0.0,
                    1.0
                ]
            ],
            "radius": 0.0076,
            "height": 0.02993
        },
        "distance": 0.0
    },
    {
        "case": 12,
        "collider1": {
            "type": "Box",
            "collider2origin": [
                [
                    1.0,
                    0.0,
                    0.0,
                    -0.08500000000000019
                ],
                [
                    0.0,
                    1.0,
                    0.0,
                    -0.03585999999999995
                ],
                [
                    0.0,
                    0.0,
                    1.0,
                    -0.81301
                ],
                [
                    0.0,
                    0.0,
                    0.0,
                    1.0
                ]
            ],
            "size": [
                1.01,
                0.28,
                0.27
            ]
        },
        "collider2": {
            "type": "Cylinder",
            "collider2origin": [
                [
                    -0.9365144706152657,
                    0.04170179381054983,
                    0.34814021129595285,
                    0.35867045868764724
                ],
                [
                    -0.28496655798542964,
                    -0.669030165367686,
                    -0.6864347737826391,
                    -0.1736881089489798
                ],
                [
                    0.20429074173379752,
                    -0.742064416490286,
                    0.6384400477889728,
                    -0.9438893603407548
                ],
                [
                    0.0,
                    0.0,
                    0.0,
                    1.0
                ]
            ],
            "radius": 0.0076,
            "height": 0.02993
        },
        "distance": 0.0
    }
]