[
    {
        "case": 0,
        "collider1": {
            "type": "Cylinder",
            "collider2origin": [
                [
                    1.0,
                    0.0,
                    0.0,
                    0.4849999999999999
                ],
                [
                    0.0,
                    -3.673205103346574e-06,
                    -0.9999999999932537,
                    -0.46086
                ],
                [
                    0.0,
                    0.9999999999932537,
                    -3.673205103346574e-06,
                    -0.70001
                ],
                [
                    0.0,
                    0.0,
                    0.0,
                    1.0
                ]
            ],
            "radius": 0.026,
            "height": 0.272
        },
        "collider2": {
            "type": "Box",
            "collider2origin": [
                [
                    0.27830907827979123,
                    -0.8707471271062793,
                    -0.40539301619935914,
                    0.539865228038028
                ],
                [
                    0.7025242728412306,
                    -0.10327780956231646,
                    0.7041259405254928,
                    -0.5327925874066461
                ],
                [
                    -0.6549837425585101,
                    -0.48076307542090907,
                    0.5829778403128854,
                    -0.6395963535801232
                ],
                [
                    0.0,
                    0.0,
                    0.0,
                    1.0
                ]
            ],
            "size": [
                0.09126,
                0.11887,
                0.10009
            ]
        },
        "distance": 0.0
    },
    {
        "case": 1,
        "collider1": {
            "type": "Box",
            "collider2origin": [
                [
                    1.0,
                    0.0,
                    0.0,
                    -0.26
                ],
                [
                    0.0,
                    1.0,
                    0.0,
                    -0.4608599999999999
                ],
                [
                    0.0,
                    0.0,
                    1.0,
                    -1.143
                ],
                [
                    0.0,
                    0.0,
                    0.0,
                    1.0
                ]
            ],
            "size": [
                1.48,
                0.272,
                0.945
            ]
        },
        "collider2": {
            "type": "Box",
            "collider2origin": [
                [
                    0.27830907827979123,
                    -0.8707471271062793,
                    -0.40539301619935914,
                    0.539865228038028
                ],
                [
                    0.7025242728412306,
                    -0.10327780956231646,
                    0.7041259405254928,
                    -0.5327925874066461
                ],
                [
                    -0.6549837425585101,
                    -0.48076307542090907,
                    0.5829778403128854,
                    -0.6395963535801232
                ],
                [
                    0.0,
                    0.0,
                    0.0,
                    1.0
                ]
            ],
            "size": [
                0.09126,
                0.11887,
                0.10009
            ]
        },
        "distance": 0.0013535570629757028
    },
    {
        "case": 2,
        "collider1": {
            "type": "Box",
            "collider2origin": [
                [
                    1.0,
                    0.0,
                    0.0,
                    -0.26
                ],
                [
                    0.0,
                    1.0,
                    0.0,
                    -0.4608599999999999
                ],
                [
                    0.0,
                    0.0,
                    1.0,
                    -1.143
                ],
                [
                    0.0,
                    0.0,
                    0.0,
                    1.0
                ]
            ],
            "size": [
                1.48,
                0.272,
                0.945
            ]
        },
        "collider2": {
            "type": "Cylinder",
            "collider2origin": [
                [
                    -0.7605565102810093,
                    0.4245484608767921,
                    0.4912355840493631,
                    0.34503845812814204
                ],
                [
                    -0.0020573521344302357,
                    -0.7581667889065089,
                    0.6520574265364879,
                    -0.5490324822625102
                ],
                [
                    0.6492684821946676,
                    0.4949158762520551,
                    0.5775021328638472,
                    -0.7830068174389803
                ],
                [
                    0.0,
                    0.0,
                    0.0,
                    1.0
                ]
            ],
            "radius": 0.00783,
            "height": 0.03044
        },
        "distance": 0.0
    },
    {
        "case": 3,
        "collider1": {
            "type": "Box",
            "collider2origin": [
                [
                    1.0,
                    0.0,
                    0.0,
                    -0.26
                ],
                [
                    0.0,
                    1.0,
                    0.0,
                    -0.4608599999999999
                ],
                [
                    0.0,
                    0.0,
                    1.0,
                    -1.143
                ],
                [
                    0.0,
                    0.0,
                    0.0,
                    1.0
                ]
            ],
            "size": [
                1.48,
                0.272,
                0.945
            ]
        },
        "collider2": {
            "type": "Sphere",
            "collider2origin": [
                [
                    1.0,
                    0.0,
                    0.0,
                    0.2549244261162419
                ],
                [
                    0.0,
                    1.0,
                    0.0,
                    -0.5565790630640179
                ],
                [
                    0.0,
                    0.0,
                    1.0,
                    -0.7510900483291072
                ],
                [
                    0.0,
                    0.0,
                    0.0,
                    1.0
                ]
            ],
            "radius": 0.00663
        },
        "distance": 0.0
    },
    {
        "case": 4,
        "collider1": {
            "type": "Cylinder",
            "collider2origin": [
                [
                    1.0,
                    0.0,
                    0.0,
                    0.4849999999999999
                ],
                [
                    0.0,
                    -3.673205103346574e-06,
                    -0.9999999999932537,
                    -0.46086
                ],
                [
                    0.0,
                    0.9999999999932537,
                    -3.673205103346574e-06,
                    -0.70001
                ],
                [
                    0.0,
                    0.0,
                    0.0,
                    1.0
                ]
            ],
            "radius": 0.026,
            "height": 0.272
        },
        "collider2": {
            "type": "Box",
            "collider2origin": [
                [
                    -0.29087666756705366,
                    -0.8666298325593642,
                    -0.40539301619935914,
                    0.5895695689043408
                ],
                [
                    0.5052266091204108,
                    -0.4989516342450255,
                    0.7041259405254928,
                    -0.6077158053686897
                ],
                [
                    -0.812488053882503,
                    -1.5318079251816531e-06,
                    0.5829778403128854,
                    -0.702111270757086
                ],
                [
                    0.0,
                    0.0,
                    0.0,
                    1.0
                ]
            ],
            "size": [
                0.09102,
                0.10007,
                0.11882
            ]
        },
        "distance": 0.0
    },
    {
        "case": 5,
        "collider1": {
            "type": "Box",
            "collider2origin": [
                [
                    1.0,
                    0.0,
                    0.0,
                    -0.26
                ],
                [
                    0.0,
                    1.0,
                    0.0,
                    -0.4608599999999999
                ],
                [
                    0.0,
                    0.0,
                    1.0,
                    -1.143
                ],
                [
                    0.0,
                    0.0,
                    0.0,
                    1.0
                ]
            ],
            "size": [
                1.48,
                0.272,
                0.945
            ]
        },
        "collider2": {
            "type": "Cylinder",
            "collider2origin": [
                [
                    -0.47782256118428446,
                    0.6403780514625864,
                    0.6013331449606536,
                    0.3142890778150763
                ],
                [
                    -0.05315235603787134,
                    -0.7043555277493784,
                    0.7078545878755869,
                    -0.5553254533317582
                ],
                [
                    0.8768468663745758,
                    0.30626661870643773,
                    0.37059456444369404,
                    -0.7542650290326907
                ],
                [
                    0.0,
                    0.0,
                    0.0,
                    1.0
                ]
            ],
            "radius": 0.00683,
            "height": 0.01183
        },
        "distance": 0.0
    },
    {
        "case": 6,
        "collider1": {
            "type": "Box",
            "collider2origin": [
                [
                    1.0,
                    0.0,
                    0.0,
                    -0.26
                ],
                [
                    0.0,
                    1.0,
                    0.0,
                    -0.4608599999999999
                ],
                [
                    0.0,
                    0.0,
                    1.0,
                    -1.143
                ],
                [
                    0.0,
                    0.0,
                    0.0,
                    1.0
                ]
            ],
            "size": [
                1.48,
                0.272,
                0.945
            ]
        },
        "collider2": {
            "type": "Box",
            "collider2origin": [
                [
                    -0.520407181857247,
                    -0.8456197767559005,
                    -0.11875840277933307,
                    0.35528979975731734
                ],
                [
                    -0.03367597999080008,
                    0.1592903381614149,
                    -0.9866572436971619,
                    -0.5306093911592444
                ],
                [
                    0.8532539442880163,
                    -0.5094642100557429,
                    -0.11137291066152628,
                    -0.7366851746404225
                ],
                [
                    0.0,
                    0.0,
                    0.0,
                    1.0
                ]
            ],
            "size": [
                0.07264,
                0.04753,
                0.03326
            ]
        },
        "distance": 0.0
    },
    {
        "case": 7,
        "collider1": {
            "type": "Box",
            "collider2origin": [
                [
                    1.0,
                    0.0,
                    0.0,
                    -0.26
                ],
                [
                    0.0,
                    1.0,
                    0.0,
                    -0.4608599999999999
                ],
                [
                    0.0,
                    0.0,
                    1.0,
                    -1.143
                ],
                [
                    0.0,
                    0.0,
                    0.0,
                    1.0
                ]
            ],
            "size": [
                1.48,
                0.272,
                0.945
            ]
        },
        "collider2": {
            "type": "Cylinder",
            "collider2origin": [
                [
                    -0.47782256118428446,
                    0.6403780514625864,
                    0.6013331449606536,
                    0.3241061669783071
                ],
                [
                    -0.05315235603787134,
                    -0.7043555277493784,
                    0.7078545878755869,
                    -0.5437769159133998
                ],
                [
                    0.8768468663745758,
                    0.30626661870643773,
                    0.37059456444369404,
                    -0.7482153312007358
                ],
                [
                    0.0,
                    0.0,
                    0.0,
                    1.0
                ]
            ],
            "radius": 0.00683,
            "height": 0.01782
        },
        "distance": 0.0
    },
    {
        "case": 8,
        "collider1": {
            "type": "Cylinder",
            "collider2origin": [
                [
                    1.0,
                    0.0,
                    0.0,
                    0.4849999999999999
                ],
                [
                    0.0,
                    -3.673205103346574e-06,
                    -0.9999999999932537,
                    -0.46086
                ],
                [
                    0.0,
                    0.9999999999932537,
                    -3.673205103346574e-06,
                    -0.70001
                ],
                [
                    0.0,
                    0.0,
                    0.0,
                    1.0
                ]
            ],
            "radius": 0.026,
            "height": 0.272
        },
        "collider2": {
            "type": "Box",
            "collider2origin": [
                [
                    -0.11611453824010448,
                    -0.8707473931625075,
                    -0.4778246449378521,
                    0.47284090178873517
                ],
                [
                    0.9932310910862555,
                    -0.10328059119896212,
                    -0.05315185021425605,
                    -0.5379439733153495
                ],
                [
                    -0.003068176802787972,
                    -0.4807619959837611,
                    0.8768457615275428,
                    -0.6724331910582806
                ],
                [
                    0.0,
                    0.0,
                    0.0,
                    1.0
                ]
            ],
            "size": [
                0.08993,
                0.0305,
                0.09007
            ]
        },
        "distance": 0.0
    },
    {
        "case": 9,
        "collider1": {
            "type": "Box",
            "collider2origin": [
                [
                    1.0,
                    0.0,
                    0.0,
                    -0.26
                ],
                [
                    0.0,
                    1.0,
                    0.0,
                    -0.4608599999999999
                ],
                [
                    0.0,
                    0.0,
                    1.0,
                    -1.143
                ],
                [
                    0.0,
                    0.0,
                    0.0,
                    1.0
                ]
            ],
            "size": [
                1.48,
                0.272,
                0.945
            ]
        },
        "collider2": {
            "type": "Box",
            "collider2origin": [
                [
                    -0.11611453824010448,
                    -0.8707473931625075,
                    -0.4778246449378521,
                    0.47284090178873517
                ],
                [
                    0.9932310910862555,
                    -0.10328059119896212,
                    -0.05315185021425605,
                    -0.5379439733153495
                ],
                [
                    -0.003068176802787972,
                    -0.4807619959837611,
                    0.8768457615275428,
                    -0.6724331910582806
                ],
                [
                    0.0,
                    0.0,
                    0.0,
                    1.0
                ]
            ],
            "size": [
                0.08993,
                0.0305,
                0.09007
            ]
        },
        "distance": 0.0
    },
    {
        "case": 10,
        "collider1": {
            "type": "Box",
            "collider2origin": [
                [
                    1.0,
                    0.0,
                    0.0,
                    -0.26
                ],
                [
                    0.0,
                    1.0,
                    0.0,
                    -0.4608599999999999
                ],
                [
                    0.0,
                    0.0,
                    1.0,
                    -1.143
                ],
                [
                    0.0,
                    0.0,
                    0.0,
                    1.0
                ]
            ],
            "size": [
                1.48,
                0.272,
                0.945
            ]
        },
        "collider2": {
            "type": "Box",
            "collider2origin": [
                [
                    -0.5337405541205423,
                    -0.8456187157953375,
                    -0.00707166060694607,
                    0.39923676577196365
                ],
                [
                    -0.23967233528287069,
                    0.15928616099004175,
                    -0.9576978075662014,
                    -0.5409424491728704
                ],
                [
                    0.8109736078240468,
                    -0.5094672770784185,
                    -0.28768889620412963,
                    -0.7123482111857397
                ],
                [
                    0.0,
                    0.0,
                    0.0,
                    1.0
                ]
            ],
            "size": [
                0.06241,
                0.05638,
                0.02858
            ]
        },
        "distance": 0.0
    },
    {
        "case": 11,
        "collider1": {
            "type": "Box",
            "collider2origin": [
                [
                    1.0,
                    0.0,
                    0.0,
                    -0.26
                ],
                [
                    0.0,
                    1.0,
                    0.0,
                    -0.4608599999999999
                ],
                [
                    0.0,
                    0.0,
                    1.0,
                    -1.143
                ],
                [
                    0.0,
                    0.0,
                    0.0,
                    1.0
                ]
            ],
            "size": [
                1.48,
                0.272,
                0.945
            ]
        },
        "collider2": {
            "type": "Cylinder",
            "collider2origin": [
                [
                    -0.3497230254876269,
                    0.537536967105527,
                    0.7672990384711632,
                    0.2693761728078332
                ],
                [
                    -0.09982007103832244,
                    -0.835735171954301,
                    0.5399839588139803,
                    -0.5447253025622988
                ],
                [
                    0.9315201333635708,
                    0.11225297926338351,
                    0.3459328110844785,
                    -0.7431652783305543
                ],
                [
                    0.0,
                    0.0,
                    0.0,
                    1.0
                ]
            ],
            "radius": 0.00796,
            "height": 0.03037
        },
        "distance": 0.0
    },
    {
        "case": 12,
        "collider1": {
            "type": "Box",
            "collider2origin": [
                [
                    1.0,
                    0.0,
                    0.0,
                    -0.26
                ],
                [
                    0.0,
                    1.0,
                    0.0,
                    -0.4608599999999999
                ],
                [
                    0.0,
                    0.0,
                    1.0,
                    -1.143
                ],
                [
                    0.0,
                    0.0,
                    0.0,
                    1.0
                ]
            ],
            "size": [
                1.48,
                0.272,
                0.945
            ]
        },
        "collider2": {
            "type": "Cylinder",
            "collider2origin": [
                [
                    -0.47782256118428446,
                    0.8542942191745612,
                    0.20461423974937895,
                    0.30238595269296875
                ],
                [
                    -0.05315235603787134,
                    -0.2606141705568651,
                    0.9639787762977875,
                    -0.5812882528811485
                ],
                [
                    0.8768468663745758,
                    0.449735078896324,
                    0.16993508095506074,
                    -0.7623251997433905
                ],
                [
                    0.0,
                    0.0,
                    0.0,
                    1.0
                ]
            ],
            "radius": 0.00813,
            "height": 0.03824
        },
        "distance": 0.0
    },
    {
        "case": 13,
        "collider1": {
            "type": "Box",
            "collider2origin": [
                [
                    1.0,
                    0.0,
                    0.0,
                    -0.26
                ],
                [
                    0.0,
                    1.0,
                    0.0,
                    -0.4608599999999999
                ],
                [
                    0.0,
                    0.0,
                    1.0,
                    -1.143
                ],
                [
                    0.0,
                    0.0,
                    0.0,
                    1.0
                ]
            ],
            "size": [
                1.48,
                0.272,
                0.945
            ]
        },
        "collider2": {
            "type": "Sphere",
            "collider2origin": [
                [
                    1.0,
                    0.0,
                    0.0,
                    0.33213063775370344
                ],
                [
                    0.0,
                    1.0,
                    0.0,
                    -0.5833624069680763
                ],
                [
                    0.0,
                    0.0,
                    1.0,
                    -0.7994292454839249
                ],
                [
                    0.0,
                    0.0,
                    0.0,
                    1.0
                ]
            ],
            "radius": 0.00484
        },
        "distance": 0.0
    },
    {
        "case": 14,
        "collider1": {
            "type": "Box",
            "collider2origin": [
                [
                    1.0,
                    0.0,
                    0.0,
                    -0.26
                ],
                [
                    0.0,
                    1.0,
                    0.0,
                    -0.4608599999999999
                ],
                [
                    0.0,
                    0.0,
                    1.0,
                    -1.143
                ],
                [
                    0.0,
                    0.0,
                    0.0,
                    1.0
                ]
            ],
            "size": [
                1.48,
                0.272,
                0.945
            ]
        },
        "collider2": {
            "type": "Sphere",
            "collider2origin": [
                [
                    1.0,
                    0.0,
                    0.0,
                    0.3085091787148019
                ],
                [
                    0.0,
                    1.0,
                    0.0,
                    -0.6037087150489153
                ],
                [
                    0.0,
                    0.0,
                    1.0,
                    -0.6964074136282643
                ],
                [
                    0.0,
                    0.0,
                    0.0,
                    1.0
                ]
            ],
            "radius": 0.01051
        },
        "distance": 0.0
    },
    {
        "case": 15,
        "collider1": {
            "type": "Box",
            "collider2origin": [
                [
                    1.0,
                    0.0,
                    0.0,
                    -0.26
                ],
                [
                    0.0,
                    1.0,
                    0.0,
                    -0.4608599999999999
                ],
                [
                    0.0,
                    0.0,
                    1.0,
                    -1.143
                ],
                [
                    0.0,
                    0.0,
                    0.0,
                    1.0
                ]
            ],
            "size": [
                1.48,
                0.272,
                0.945
            ]
        },
        "collider2": {
            "type": "Sphere",
            "collider2origin": [
                [
                    1.0,
                    0.0,
                    0.0,
                    0.29976759402078623
                ],
                [
                    0.0,
                    1.0,
                    0.0,
                    -0.6016698512607448
                ],
                [
                    0.0,
                    0.0,
                    1.0,
                    -0.7649874629453768
                ],
                [
                    0.0,
                    0.0,
                    0.0,
                    1.0
                ]
            ],
            "radius": 0.00563
        },
        "distance": 0.0
    },
    {
        "case": 16,
        "collider1": {
            "type": "Box",
            "collider2origin": [
                [
                    1.0,
                    0.0,
                    0.0,
                    -0.26
                ],
                [
                    0.0,
                    1.0,
                    0.0,
                    -0.4608599999999999
                ],
                [
                    0.0,
                    0.0,
                    1.0,
                    -1.143
                ],
                [
                    0.0,
                    0.0,
                    0.0,
                    1.0
                ]
            ],
            "size": [
                1.48,
                0.272,
                0.945
            ]
        },
        "collider2": {
            "type": "Cylinder",
            "collider2origin": [
                [
                    -0.3497230254876269,
                    0.08627410861895934,
                    0.9328722225609378,
                    0.29260276574638233
                ],
                [
                    -0.09982007103832244,
                    -0.993513942068601,
                    0.054460998275941516,
                    -0.5348847262743217
                ],
                [
                    0.9315201333635708,
                    -0.0740731064375718,
                    0.3560665893354825,
                    -0.7333870351965632
                ],
                [
                    0.0,
                    0.0,
                    0.0,
                    1.0
                ]
            ],
            "radius": 0.00713,
            "height": 0.01426
        },
        "distance": 0.0
    },
    {
        "case": 17,
        "collider1": {
            "type": "Box",
            "collider2origin": [
                [
                    1.0,
                    0.0,
                    0.0,
                    -0.26
                ],
                [
                    0.0,
                    1.0,
                    0.0,
                    -0.4608599999999999
                ],
                [
                    0.0,
                    0.0,
                    1.0,
                    -1.143
                ],
                [
                    0.0,
                    0.0,
                    0.0,
                    1.0
                ]
            ],
            "size": [
                1.48,
                0.272,
                0.945
            ]
        },
        "collider2": {
            "type": "Cylinder",
            "collider2origin": [
                [
                    -0.6218323396809396,
                    0.6877331452424386,
                    0.3746300338492233,
                    0.3344990610862185
                ],
                [
                    -0.025026262933869912,
                    -0.49556865392915955,
                    0.8682081521192971,
                    -0.5534242662951834
                ],
                [
                    0.7827504247782254,
                    0.530504316832373,
                    0.3253720060664778,
                    -0.7657829274864673
                ],
                [
                    0.0,
                    0.0,
                    0.0,
                    1.0
                ]
            ],
            "radius": 0.00783,
            "height": 0.03683
        },
        "distance": 0.0
    },
    {
        "case": 18,
        "collider1": {
            "type": "Box",
            "collider2origin": [
                [
                    1.0,
                    0.0,
                    0.0,
                    -0.26
                ],
                [
                    0.0,
                    1.0,
                    0.0,
                    -0.4608599999999999
                ],
                [
                    0.0,
                    0.0,
                    1.0,
                    -1.143
                ],
                [
                    0.0,
                    0.0,
                    0.0,
                    1.0
                ]
            ],
            "size": [
                1.48,
                0.272,
                0.945
            ]
        },
        "collider2": {
            "type": "Cylinder",
            "collider2origin": [
                [
                    -0.6167944328102762,
                    0.7860322664613576,
                    -0.04144760229337549,
                    0.32830828594870165
                ],
                [
                    -0.02847548434198146,
                    0.03033995811999734,
                    0.999133941838013,
                    -0.5880591572805254
                ],
                [
                    0.7866090353191596,
                    0.6174404935075904,
                    0.0036691322358013007,
                    -0.7718083096013356
                ],
                [
                    0.0,
                    0.0,
                    0.0,
                    1.0
                ]
            ],
            "radius": 0.0076,
            "height": 0.02993
        },
        "distance": 0.0
    },
    {
        "case": 19,
        "collider1": {
            "type": "Box",
            "collider2origin": [
                [
                    1.0,
                    0.0,
                    0.0,
                    0.5199999999999999
                ],
                [
                    0.0,
                    1.0,
                    0.0,
                    -0.43085999999999997
                ],
                [
                    0.0,
                    0.0,
                    1.0,
                    -0.80301
                ],
                [
                    0.0,
                    0.0,
                    0.0,
                    1.0
                ]
            ],
            "size": [
                0.2,
                0.08,
                0.04
            ]
        },
        "collider2": {
            "type": "Box",
            "collider2origin": [
                [
                    -0.24357691908015308,
                    -0.8666299429906591,
                    -0.43545703163851557,
                    0.8145482561831843
                ],
                [
                    0.4230726165216425,
                    -0.4989514424355061,
                    0.7563445109479269,
                    -0.7744893775029857
                ],
                [
                    -0.8727427144588211,
                    -1.8800181733088335e-06,
                    0.48818045265609894,
                    -0.8462259984779391
                ],
                [
                    0.0,
                    0.0,
                    0.0,
                    1.0
                ]
            ],
            "size": [
                0.1202,
                0.13634,
                0.67816
            ]
        },
        "distance": 0.060884501249046395
    },
    {
        "case": 20,
        "collider1": {
            "type": "Box",
            "collider2origin": [
                [
                    1.0,
                    0.0,
                    0.0,
                    -0.26
                ],
                [
                    0.0,
                    1.0,
                    0.0,
                    -0.4608599999999999
                ],
                [
                    0.0,
                    0.0,
                    1.0,
                    -1.143
                ],
                [
                    0.0,
                    0.0,
                    0.0,
                    1.0
                ]
            ],
            "size": [
                1.48,
                0.272,
                0.945
            ]
        },
        "collider2": {
            "type": "Cylinder",
            "collider2origin": [
                [
                    -0.7580376527428193,
                    0.5865347861099691,
                    0.2852294895467305,
                    0.33477047315041353
                ],
                [
                    -0.008177222335103856,
                    -0.44583979392176254,
                    0.8950754220682645,
                    -0.5698917015716326
                ],
                [
                    0.6521595280750243,
                    0.676168487019864,
                    0.3427595762370893,
                    -0.7947514185097306
                ],
                [
                    0.0,
                    0.0,
                    0.0,
                    1.0
                ]
            ],
            "radius": 0.0076,
            "height": 0.02993
        },
        "distance": 0.0
    },
    {
        "case": 21,
        "collider1": {
            "type": "Box",
            "collider2origin": [
                [
                    1.0,
                    0.0,
                    0.0,
                    -0.26
                ],
                [
                    0.0,
                    1.0,
                    0.0,
                    -0.4608599999999999
                ],
                [
                    0.0,
                    0.0,
                    1.0,
                    -1.143
                ],
                [
                    0.0,
                    0.0,
                    0.0,
                    1.0
                ]
            ],
            "size": [
                1.48,
                0.272,
                0.945
            ]
        },
        "collider2": {
            "type": "Cylinder",
            "collider2origin": [
                [
                    0.1328201065222066,
                    0.528369757912652,
                    0.8385608017471092,
                    0.34035775450846606
                ],
                [
                    -0.21878065386724205,
                    -0.8095581464846852,
                    0.5447482289587572,
                    -0.5843693070683814
                ],
                [
                    0.9666922182353859,
                    -0.25581439831175706,
                    0.008071481867790624,
                    -0.6936947546232136
                ],
                [
                    0.0,
                    0.0,
                    0.0,
                    1.0
                ]
            ],
            "radius": 0.01271,
            "height": 0.05982
        },
        "distance": 0.0
    },
    {
        "case": 22,
        "collider1": {
            "type": "Box",
            "collider2origin": [
                [
                    1.0,
                    0.0,
                    0.0,
                    -0.26
                ],
                [
                    0.0,
                    1.0,
                    0.0,
                    -0.4608599999999999
                ],
                [
                    0.0,
                    0.0,
                    1.0,
                    -1.143
                ],
                [
                    0.0,
                    0.0,
                    0.0,
                    1.0
                ]
            ],
            "size": [
                1.48,
                0.272,
                0.945
            ]
        },
        "collider2": {
            "type": "Cylinder",
            "collider2origin": [
                [
                    0.12995547102190472,
                    0.4532241317955379,
                    0.8818727016467034,
                    0.32860638661394126
                ],
                [
                    -0.27121169636091613,
                    -0.8392470655124613,
                    0.47128396830971847,
                    -0.5932267260032258
                ],
                [
                    0.9537063443788701,
                    -0.3004201214747487,
                    0.013854937913547962,
                    -0.6955396346789877
                ],
                [
                    0.0,
                    0.0,
                    0.0,
                    1.0
                ]
            ],
            "radius": 0.01169,
            "height": 0.05502
        },
        "distance": 0.0
    },
    {
        "case": 23,
        "collider1": {
            "type": "Box",
            "collider2origin": [
                [
                    1.0,
