[
    {
        "case": 0,
        "collider1": {
            "type": "Box",
            "collider2origin": [
                [
                    1.0,
                    0.0,
                    0.0,
                    -0.06
                ],
                [
                    0.0,
                    1.0,
                    0.0,
                    -0.37086
                ],
                [
                    0.0,
                    0.0,
                    1.0,
                    -0.40301
                ],
                [
                    0.0,
                    0.0,
                    0.0,
                    1.0
                ]
            ],
            "size": [
                0.1,
                1.0,
                1.64
            ]
        },
        "collider2": {
            "type": "Box",
            "collider2origin": [
                [
                    0.30560631626359014,
                    0.46498892740347686,
                    0.8308971517895356,
                    0.029262454533144355
                ],
                [
                    0.8895479900587353,
                    -0.4506454839372291,
                    -0.07498680676922087,
                    -0.7486305043444748
                ],
                [
                    0.3395720142212288,
                    0.7620393331050206,
                    -0.5513500720582095,
                    -0.43077835002488696
                ],
                [
                    0.0,
                    0.0,
                    0.0,
                    1.0
                ]
            ],
            "size": [
                0.09126,
                0.11887,
                0.10009
            ]
        },
        "distance": 0.0
    },
    {
        "case": 1,
        "collider1": {
            "type": "Box",
            "collider2origin": [
                [
                    1.0,
                    0.0,
                    0.0,
                    -0.06
                ],
                [
                    0.0,
                    1.0,
                    0.0,
                    -0.37086
                ],
                [
                    0.0,
                    0.0,
                    1.0,
                    -0.40301
                ],
                [
                    0.0,
                    0.0,
                    0.0,
                    1.0
                ]
            ],
            "size": [
                0.1,
                1.0,
                1.64
            ]
        },
        "collider2": {
            "type": "Box",
            "collider2origin": [
                [
                    -0.5491190180501555,
                    0.0898789584033458,
                    0.8308971517895356,
                    -0.06286372505963422
                ],
                [
                    0.049550035385436064,
                    0.9959526960673671,
                    -0.07498680676922087,
                    -0.7434759968068441
                ],
                [
                    -0.834273994565895,
                    -5.698427001799733e-06,
                    -0.5513500720582095,
                    -0.3719843337853235
                ],
                [
                    0.0,
                    0.0,
                    0.0,
                    1.0
                ]
            ],
            "size": [
                0.09102,
                0.10007,
                0.11882
            ]
        },
        "distance": 0.0
    },
    {
        "case": 2,
        "collider1": {
            "type": "Box",
            "collider2origin": [
                [
                    1.0,
                    0.0,
                    0.0,
                    -0.06
                ],
                [
                    0.0,
                    1.0,
                    0.0,
                    -0.37086
                ],
                [
                    0.0,
                    0.0,
                    1.0,
                    -0.40301
                ],
                [
                    0.0,
                    0.0,
                    0.0,
                    1.0
                ]
            ],
            "size": [
                0.1,
                1.0,
                1.64
            ]
        },
        "collider2": {
            "type": "Box",
            "collider2origin": [
                [
                    0.41662197303672044,
                    0.08987258346912101,
                    -0.9046264700546717,
                    0.18886970137818737
                ],
                [
                    -0.03759308132191333,
                    0.9959532713616741,
                    0.0816323557218791,
                    -0.8784072815594403
                ],
                [
                    0.9083022029147094,
                    -2.136649764019632e-06,
                    0.4183146043060419,
                    -0.49289755248861145
                ],
                [
                    0.0,
                    0.0,
                    0.0,
                    1.0
                ]
            ],
            "size": [
                0.1202,
                0.13634,
                0.67816
            ]
        },
        "distance": 0.0
    }
]