[
    {
        "case": 0,
        "collider1": {
            "type": "Box",
            "collider2origin": [
                [
                    1.0,
                    0.0,
                    0.0,
                    0.5199999999999999
                ],
                [
                    0.0,
                    1.0,
                    0.0,
                    -0.43085999999999997
                ],
                [
                    0.0,
                    0.0,
                    1.0,
                    -0.80301
                ],
                [
                    0.0,
                    0.0,
                    0.0,
                    1.0
                ]
            ],
            "size": [
                0.2,
                0.08,
                0.04
            ]
        },
        "collider2": {
            "type": "Box",
            "collider2origin": [
                [
                    -0.512716266457831,
                    0.8094300467288524,
                    -0.2862604226260942,
                    0.6000920633895958
                ],
                [
                    0.7067434873496485,
                    0.5872163139807914,
                    0.39457653716822766,
                    -0.3666766545590563
                ],
                [
                    0.48747889513126585,
                    -6.880408196826664e-06,
                    -0.8731347700980989,
                    -0.6552229319849627
                ],
                [
                    0.0,
                    0.0,
                    0.0,
                    1.0
                ]
            ],
            "size": [
                0.1202,
                0.13634,
                0.67816
            ]
        },
        "distance": 0.0
    },
    {
        "case": 1,
        "collider1": {
            "type": "Cylinder",
            "collider2origin": [
                [
                    1.0,
                    0.0,
                    0.0,
                    0.4849999999999999
                ],
                [
                    0.0,
                    -3.673205103346574e-06,
                    -0.9999999999932537,
                    -0.46086
                ],
                [
                    0.0,
                    0.9999999999932537,
                    -3.673205103346574e-06,
                    -0.70001
                ],
                [
                    0.0,
                    0.0,
                    0.0,
                    1.0
                ]
            ],
            "radius": 0.026,
            "height": 0.272
        },
        "collider2": {
            "type": "Box",
            "collider2origin": [
                [
                    -0.512716266457831,
                    0.8094300467288524,
                    -0.2862604226260942,
                    0.6000920633895958
                ],
                [
                    0.7067434873496485,
                    0.5872163139807914,
                    0.39457653716822766,
                    -0.3666766545590563
                ],
                [
                    0.48747889513126585,
                    -6.880408196826664e-06,
                    -0.8731347700980989,
                    -0.6552229319849627
                ],
                [
                    0.0,
                    0.0,
                    0.0,
                    1.0
                ]
            ],
            "size": [
                0.1202,
                0.13634,
                0.67816
            ]
        },
        "distance": 0.0
    },
    {
        "case": 2,
        "collider1": {
            "type": "Box",
            "collider2origin": [
                [
                    1.0,
                    0.0,
                    0.0,
                    -0.08499999999999996
                ],
                [
                    0.0,
                    1.0,
                    0.0,
                    0.42914
                ],
                [
                    0.0,
                    0.0,
                    1.0,
                    -1.2880099999999999
                ],
                [
                    0.0,
                    0.0,
                    0.0,
                    1.0
                ]
            ],
            "size": [
                1.02,
                1.22,
                0.75
            ]
        },
        "collider2": {
            "type": "Box",
            "collider2origin": [
                [
                    -0.512716266457831,
                    0.8094300467288524,
                    -0.2862604226260942,
                    0.6000920633895958
                ],
                [
                    0.7067434873496485,
                    0.5872163139807914,
                    0.39457653716822766,
                    -0.3666766545590563
                ],
                [
                    0.48747889513126585,
                    -6.880408196826664e-06,
                    -0.8731347700980989,
                    -0.6552229319849627
                ],
                [
                    0.0,
                    0.0,
                    0.0,
                    1.0
                ]
            ],
            "size": [
                0.1202,
                0.13634,
                0.67816
            ]
        },
        "distance": 0.03545275601049926
    },
    {
        "case": 3,
        "collider1": {
            "type": "Box",
            "collider2origin": [
                [
                    1.0,
                    0.0,
                    0.0,
                    -0.26
                ],
                [
                    0.0,
                    1.0,
                    0.0,
                    -0.4608599999999999
                ],
                [
                    0.0,
                    0.0,
                    1.0,
                    -1.143
                ],
                [
                    0.0,
                    0.0,
                    0.0,
                    1.0
                ]
            ],
            "size": [
                1.48,
                0.272,
                0.945
            ]
        },
        "collider2": {
            "type": "Box",
            "collider2origin": [
                [
                    -0.512716266457831,
                    0.8094300467288524,
                    -0.2862604226260942,
                    0.6000920633895958
                ],
                [
                    0.7067434873496485,
                    0.5872163139807914,
                    0.39457653716822766,
                    -0.3666766545590563
                ],
                [
                    0.48747889513126585,
                    -6.880408196826664e-06,
                    -0.8731347700980989,
                    -0.6552229319849627
                ],
                [
                    0.0,
                    0.0,
                    0.0,
                    1.0
                ]
            ],
            "size": [
                0.1202,
                0.13634,
                0.67816
            ]
        },
        "distance": 0.0044785682718279304
    },
    {
        "case": 4,
        "collider1": {
            "type": "Box",
            "collider2origin": [
                [
                    1.0,
                    0.0,
                    0.0,
                    -0.08500000000000019
                ],
                [
                    0.0,
                    1.0,
                    0.0,
                    -0.03585999999999995
                ],
                [
                    0.0,
                    0.0,
                    1.0,
                    -0.81301
                ],
                [
                    0.0,
                    0.0,
                    0.0,
                    1.0
                ]
            ],
            "size": [
                1.01,
                0.28,
                0.27
            ]
        },
        "collider2": {
            "type": "Box",
            "collider2origin": [
                [
                    -0.512716266457831,
                    0.8094300467288524,
                    -0.2862604226260942,
                    0.6000920633895958
                ],
                [
                    0.7067434873496485,
                    0.5872163139807914,
                    0.39457653716822766,
                    -0.3666766545590563
                ],
                [
                    0.48747889513126585,
                    -6.880408196826664e-06,
                    -0.8731347700980989,
                    -0.6552229319849627
                ],
                [
                    0.0,
                    0.0,
                    0.0,
                    1.0
                ]
            ],
            "size": [
                0.1202,
                0.13634,
                0.67816
            ]
        },
        "distance": 0.042435987814212914
    }
]