[
    {
        "case": 0,
        "collider1": {
            "type": "Box",
            "collider2origin": [
                [
                    1.0,
                    0.0,
                    0.0,
                    0.0
                ],
                [
                    0.0,
                    1.0,
                    0.0,
                    -0.37086
                ],
                [
                    0.0,
                    0.0,
                    1.0,
                    0.39699
                ],
                [
                    0.0,
                    0.0,
                    0.0,
                    1.0
                ]
            ],
            "size": [
                0.6,
                1.6,
                0.1
            ]
        },
        "collider2": {
            "type": "Box",
            "collider2origin": [
                [
                    -0.15435394616771692,
                    0.05211113201305453,
                    -0.986640405225111,
                    0.03323547478506916
                ],
                [
                    -0.9821882646512997,
                    -0.11639162322538538,
                    0.14751000923404523,
                    -1.0215148658225657
                ],
                [
                    -0.10714976473946045,
                    0.9918353794674184,
                    0.06914844866662112,
                    0.44318752149654683
                ],
                [
                    0.0,
                    0.0,
                    0.0,
                    1.0
                ]
            ],
            "size": [
                0.09126,
                0.11887,
                0.10009
            ]
        },
        "distance": 0.0
    },
    {
        "case": 1,
        "collider1": {
            "type": "Box",
            "collider2origin": [
                [
                    1.0,
                    0.0,
                    0.0,
                    0.0
                ],
                [
                    0.0,
                    1.0,
                    0.0,
                    -0.37086
                ],
                [
                    0.0,
                    0.0,
                    1.0,
                    0.39699
                ],
                [
                    0.0,
                    0.0,
                    0.0,
                    1.0
                ]
            ],
            "size": [
                0.6,
                1.6,
                0.1
            ]
        },
        "collider2": {
            "type": "Box",
            "collider2origin": [
                [
                    -0.06838784225187475,
                    -0.1478641735152946,
                    -0.986640405225111,
                    0.14162198473688103
                ],
                [
                    0.010227951741381287,
                    -0.9890076775126408,
                    0.14751000923404523,
                    -1.0334099519809892
                ],
                [
                    -0.9976063813124435,
                    -3.4192086688389085e-06,
                    0.06914844866662112,
                    0.4336886676005316
                ],
                [
                    0.0,
                    0.0,
                    0.0,
                    1.0
                ]
            ],
            "size": [
                0.09102,
                0.10007,
                0.11882
            ]
        },
        "distance": 0.0
    },
    {
        "case": 2,
        "collider1": {
            "type": "Box",
            "collider2origin": [
                [
                    1.0,
                    0.0,
                    0.0,
                    0.0
                ],
                [
                    0.0,
                    1.0,
                    0.0,
                    -0.37086
                ],
                [
                    0.0,
                    0.0,
                    1.0,
                    0.39699
                ],
                [
                    0.0,
                    0.0,
                    0.0,
                    1.0
                ]
            ],
            "size": [
                0.6,
                1.6,
                0.1
            ]
        },
        "collider2": {
            "type": "Box",
            "collider2origin": [
                [
                    -0.8044764172081499,
                    -0.1478626625272967,
                    -0.5752863001899815,
                    0.3286777604521487
                ],
                [
                    0.12027449248367167,
                    -0.9890079034213372,
                    0.08600821721164874,
                    -0.9483725356949921
                ],
                [
                    -0.5816801016140519,
                    -6.853552717068495e-07,
                    0.8134176414276961,
                    0.19590706017445658
                ],
                [
                    0.0,
                    0.0,
                    0.0,
                    1.0
                ]
            ],
            "size": [
                0.1202,
                0.13634,
                0.67816
            ]
        },
        "distance": 0.0
    }
]