[
    {
        "case": 0,
        "collider1": {
            "type": "Box",
            "collider2origin": [
                [
                    1.0,
                    0.0,
                    0.0,
                    -0.26
                ],
                [
                    0.0,
                    1.0,
                    0.0,
                    -0.4608599999999999
                ],
                [
                    0.0,
                    0.0,
                    1.0,
                    -1.143
                ],
                [
                    0.0,
                    0.0,
                    0.0,
                    1.0
                ]
            ],
            "size": [
                1.48,
                0.272,
                0.945
            ]
        },
        "collider2": {
            "type": "Box",
            "collider2origin": [
                [
                    0.4829990115837394,
                    0.5480192086366675,
                    -0.6829252534314214,
                    0.4410861663638356
                ],
                [
                    -0.31644029605748764,
                    0.8364657476327593,
                    0.4474266331681859,
                    -0.4425883982982656
                ],
                [
                    0.8164419721206035,
                    -1.5521955004363972e-06,
                    0.5774274899564535,
                    -0.9506146871161132
                ],
                [
                    0.0,
                    0.0,
                    0.0,
                    1.0
                ]
            ],
            "size": [
                0.09102,
                0.10007,
                0.11882
            ]
        },
        "distance": 0.0
    },
    {
        "case": 1,
        "collider1": {
            "type": "Box",
            "collider2origin": [
                [
                    1.0,
                    0.0,
                    0.0,
                    0.5199999999999999
                ],
                [
                    0.0,
                    1.0,
                    0.0,
                    -0.43085999999999997
                ],
                [
                    0.0,
                    0.0,
                    1.0,
                    -0.80301
                ],
                [
                    0.0,
                    0.0,
                    0.0,
                    1.0
                ]
            ],
            "size": [
                0.2,
                0.08,
                0.04
            ]
        },
        "collider2": {
            "type": "Box",
            "collider2origin": [
                [
                    0.3624782668707354,
                    0.6342102208826476,
                    -0.6829252534314214,
                    0.3700742618176387
                ],
                [
                    -0.47872126699660666,
                    0.7554041014297876,
                    0.4474266331681859,
                    -0.38878837255903753
                ],
                [
                    0.7996470812624478,
                    0.16474841204405644,
                    0.5774274899564535,
                    -0.8869138783913144
                ],
                [
                    0.0,
                    0.0,
                    0.0,
                    1.0
                ]
            ],
            "size": [
                0.09126,
                0.11887,
                0.10009
            ]
        },
        "distance": 0.02455927699883184
    },
    {
        "case": 2,
        "collider1": {
            "type": "Box",
            "collider2origin": [
                [
                    1.0,
                    0.0,
                    0.0,
                    -0.26
                ],
                [
                    0.0,
                    1.0,
                    0.0,
                    -0.4608599999999999
                ],
                [
                    0.0,
                    0.0,
                    1.0,
                    -1.143
                ],
                [
                    0.0,
                    0.0,
                    0.0,
                    1.0
                ]
            ],
            "size": [
                1.48,
                0.272,
                0.945
            ]
        },
        "collider2": {
            "type": "Box",
            "collider2origin": [
                [
                    0.3624782668707354,
                    0.6342102208826476,
                    -0.6829252534314214,
                    0.3700742618176387
                ],
                [
                    -0.47872126699660666,
                    0.7554041014297876,
                    0.4474266331681859,
                    -0.38878837255903753
                ],
                [
                    0.7996470812624478,
                    0.16474841204405644,
                    0.5774274899564535,
                    -0.8869138783913144
                ],
                [
                    0.0,
                    0.0,
                    0.0,
                    1.0
                ]
            ],
            "size": [
                0.09126,
                0.11887,
                0.10009
            ]
        },
        "distance": 0.0
    },
    {
        "case": 3,
        "collider1": {
            "type": "Box",
            "collider2origin": [
                [
                    1.0,
                    0.0,
                    0.0,
                    -0.26
                ],
                [
                    0.0,
                    1.0,
                    0.0,
                    -0.4608599999999999
                ],
                [
                    0.0,
                    0.0,
                    1.0,
                    -1.143
                ],
                [
                    0.0,
                    0.0,
                    0.0,
                    1.0
                ]
            ],
            "size": [
                1.48,
                0.272,
                0.945
            ]
        },
        "collider2": {
            "type": "Box",
            "collider2origin": [
                [
                    0.5707696444631719,
                    0.6342146450947327,
                    0.5215302454381205,
                    0.41535179098807185
                ],
                [
                    -0.31370892417848883,
                    0.7554003447867927,
                    -0.5752886492768384,
                    -0.3312207832556685
                ],
                [
                    -0.7588206137488354,
                    0.16474860558850354,
                    0.6301183802322262,
                    -0.8718743751669985
                ],
                [
                    0.0,
                    0.0,
                    0.0,
                    1.0
                ]
            ],
            "size": [
                0.08993,
                0.0305,
                0.09007
            ]
        },
        "distance": 0.0
    },
    {
        "case": 4,
        "collider1": {
            "type": "Box",
            "collider2origin": [
                [
                    1.0,
                    0.0,
                    0.0,
                    0.5199999999999999
                ],
                [
                    0.0,
                    1.0,
                    0.0,
                    -0.43085999999999997
                ],
                [
                    0.0,
                    0.0,
                    1.0,
                    -0.80301
                ],
                [
                    0.0,
                    0.0,
                    0.0,
                    1.0
                ]
            ],
            "size": [
                0.2,
                0.08,
                0.04
            ]
        },
        "collider2": {
            "type": "Box",
            "collider2origin": [
                [
                    -0.8033341375320263,
                    0.5480208610017783,
                    -0.23308238754257052,
                    0.44980021708416107
                ],
                [
                    0.526317357615917,
                    0.8364646650367342,
                    0.1526987335153207,
                    -0.5819063482858102
                ],
                [
                    0.2786472726367057,
                    -7.200927451954723e-06,
                    -0.9603935117441557,
                    -0.6716178597203278
                ],
                [
                    0.0,
                    0.0,
                    0.0,
                    1.0
                ]
            ],
            "size": [
                0.1202,
                0.13634,
                0.67816
            ]
        },
        "distance": 0.008386008024661804
    },
    {
        "case": 5,
        "collider1": {
            "type": "Cylinder",
            "collider2origin": [
                [
                    1.0,
                    0.0,
                    0.0,
                    0.4849999999999999
                ],
                [
                    0.0,
                    -3.673205103346574e-06,
                    -0.9999999999932537,
                    -0.46086
                ],
                [
                    0.0,
                    0.9999999999932537,
                    -3.673205103346574e-06,
                    -0.70001
                ],
                [
                    0.0,
                    0.0,
                    0.0,
                    1.0
                ]
            ],
            "radius": 0.026,
            "height": 0.272
        },
        "collider2": {
            "type": "Box",
            "collider2origin": [
                [
                    -0.8033341375320263,
                    0.5480208610017783,
                    -0.23308238754257052,
                    0.44980021708416107
                ],
                [
                    0.526317357615917,
                    0.8364646650367342,
                    0.1526987335153207,
                    -0.5819063482858102
                ],
                [
                    0.2786472726367057,
                    -7.200927451954723e-06,
                    -0.9603935117441557,
                    -0.6716178597203278
                ],
                [
                    0.0,
                    0.0,
                    0.0,
                    1.0
                ]
            ],
            "size": [
                0.1202,
                0.13634,
                0.67816
            ]
        },
        "distance": 0.0
    },
    {
        "case": 6,
        "collider1": {
            "type": "Box",
            "collider2origin": [
                [
                    1.0,
                    0.0,
                    0.0,
                    -0.26
                ],
                [
                    0.0,
                    1.0,
                    0.0,
                    -0.4608599999999999
                ],
                [
                    0.0,
                    0.0,
                    1.0,
                    -1.143
                ],
                [
                    0.0,
                    0.0,
                    0.0,
                    1.0
                ]
            ],
            "size": [
                1.48,
                0.272,
                0.945
            ]
        },
        "collider2": {
            "type": "Box",
            "collider2origin": [
                [
                    -0.8033341375320263,
                    0.5480208610017783,
                    -0.23308238754257052,
                    0.44980021708416107
                ],
                [
                    0.526317357615917,
                    0.8364646650367342,
                    0.1526987335153207,
                    -0.5819063482858102
                ],
                [
                    0.2786472726367057,
                    -7.200927451954723e-06,
                    -0.9603935117441557,
                    -0.6716178597203278
                ],
                [
                    0.0,
                    0.0,
                    0.0,
                    1.0
                ]
            ],
            "size": [
                0.1202,
                0.13634,
                0.67816
            ]
        },
        "distance": 0.0
    }
]