[
    {
        "case": 0,
        "collider1": {
            "type": "Cylinder",
            "collider2origin": [
                [
                    1.0,
                    0.0,
                    0.0,
                    0.4849999999999999
                ],
                [
                    0.0,
                    -3.673205103346574e-06,
                    -0.9999999999932537,
                    -0.46086
                ],
                [
                    0.0,
                    0.9999999999932537,
                    -3.673205103346574e-06,
                    -0.70001
                ],
                [
                    0.0,
                    0.0,
                    0.0,
                    1.0
                ]
            ],
            "radius": 0.026,
            "height": 0.272
        },
        "collider2": {
            "type": "Box",
            "collider2origin": [
                [
                    -0.6765956880515663,
                    0.6668665106131113,
                    -0.31226164018771296,
                    0.5266750325051437
                ],
                [
                    0.6054961737160787,
                    0.7451771983720221,
                    0.27943751831422403,
                    -0.5117328087369801
                ],
                [
                    0.41903777696672634,
                    -7.008360732529857e-06,
                    -0.9079687998084884,
                    -0.38247192984394207
                ],
                [
                    0.0,
                    0.0,
                    0.0,
                    1.0
                ]
            ],
            "size": [
                0.1202,
                0.13634,
                0.67816
            ]
        },
        "distance": 0.0
    },
    {
        "case": 1,
        "collider1": {
            "type": "Box",
            "collider2origin": [
                [
                    1.0,
                    0.0,
                    0.0,
                    -0.26
                ],
                [
                    0.0,
                    1.0,
                    0.0,
                    -0.4608599999999999
                ],
                [
                    0.0,
                    0.0,
                    1.0,
                    -1.143
                ],
                [
                    0.0,
                    0.0,
                    0.0,
                    1.0
                ]
            ],
            "size": [
                1.48,
                0.272,
                0.945
            ]
        },
        "collider2": {
            "type": "Box",
            "collider2origin": [
                [
                    -0.6765956880515663,
                    0.6668665106131113,
                    -0.31226164018771296,
                    0.5266750325051437
                ],
                [
                    0.6054961737160787,
                    0.7451771983720221,
                    0.27943751831422403,
                    -0.5117328087369801
                ],
                [
                    0.41903777696672634,
                    -7.008360732529857e-06,
                    -0.9079687998084884,
                    -0.38247192984394207
                ],
                [
                    0.0,
                    0.0,
                    0.0,
                    1.0
                ]
            ],
            "size": [
                0.1202,
                0.13634,
                0.67816
            ]
        },
        "distance": 0.0
    },
    {
        "case": 2,
        "collider1": {
            "type": "Cylinder",
            "collider2origin": [
                [
                    1.0,
                    0.0,
                    0.0,
                    0.4849999999999999
                ],
                [
                    0.0,
                    -3.673205103346574e-06,
                    -0.9999999999932537,
                    -0.46086
                ],
                [
                    0.0,
                    0.9999999999932537,
                    -3.673205103346574e-06,
                    -0.70001
                ],
                [
                    0.0,
                    0.0,
                    0.0,
                    1.0
                ]
            ],
            "radius": 0.026,
            "height": 0.272
        },
        "collider2": {
            "type": "Box",
            "collider2origin": [
                [
                    0.3826106991494607,
                    0.6668700064369647,
                    0.6394477675394007,
                    0.5115841484061167
                ],
                [
                    -0.34240742306372635,
                    0.745174069940419,
                    -0.5722523587712764,
                    -0.3482511259132638
                ],
                [
                    -0.8581178296290197,
                    -1.7871876128519612e-06,
                    0.5134528123105245,
                    -0.6459862641784588
                ],
                [
                    0.0,
                    0.0,
                    0.0,
                    1.0
                ]
            ],
            "size": [
                0.09102,
                0.10007,
                0.11882
            ]
        },
        "distance": 0.0
    },
    {
        "case": 3,
        "collider1": {
            "type": "Box",
            "collider2origin": [
                [
                    1.0,
                    0.0,
                    0.0,
                    -0.26
                ],
                [
                    0.0,
                    1.0,
                    0.0,
                    -0.4608599999999999
                ],
                [
                    0.0,
                    0.0,
                    1.0,
                    -1.143
                ],
                [
                    0.0,
                    0.0,
                    0.0,
                    1.0
                ]
            ],
            "size": [
                1.48,
                0.272,
                0.945
            ]
        },
        "collider2": {
            "type": "Box",
            "collider2origin": [
                [
                    0.3826106991494607,
                    0.6668700064369647,
                    0.6394477675394007,
                    0.5115841484061167
                ],
                [
                    -0.34240742306372635,
                    0.745174069940419,
                    -0.5722523587712764,
                    -0.3482511259132638
                ],
                [
                    -0.8581178296290197,
                    -1.7871876128519612e-06,
                    0.5134528123105245,
                    -0.6459862641784588
                ],
                [
                    0.0,
                    0.0,
                    0.0,
                    1.0
                ]
            ],
            "size": [
                0.09102,
                0.10007,
                0.11882
            ]
        },
        "distance": 0.0
    },
    {
        "case": 4,
        "collider1": {
            "type": "Cylinder",
            "collider2origin": [
                [
                    1.0,
                    0.0,
                    0.0,
                    0.4849999999999999
                ],
                [
                    0.0,
                    -3.673205103346574e-06,
                    -0.9999999999932537,
                    -0.46086
                ],
                [
                    0.0,
                    0.9999999999932537,
                    -3.673205103346574e-06,
                    -0.70001
                ],
                [
                    0.0,
                    0.0,
                    0.0,
                    1.0
                ]
            ],
            "radius": 0.026,
            "height": 0.272
        },
        "collider2": {
            "type": "Box",
            "collider2origin": [
                [
                    -0.594655401340336,
                    -0.6972069471147173,
                    0.4003591219789293,
                    0.4492520670761203
                ],
                [
                    0.25704434231123463,
                    -0.6367053598125455,
                    -0.7270037763806741,
                    -0.5639556458618753
                ],
                [
                    0.7617828822850701,
                    -0.32940667522221245,
                    0.5578333824507984,
                    -0.6294566108476343
                ],
                [
                    0.0,
                    0.0,
                    0.0,
                    1.0
                ]
            ],
            "size": [
                0.07264,
                0.04753,
                0.03326
            ]
        },
        "distance": 0.013276957223595547
    },
    {
        "case": 5,
        "collider1": {
            "type": "Box",
            "collider2origin": [
                [
                    1.0,
                    0.0,
                    0.0,
                    -0.26
                ],
                [
                    0.0,
                    1.0,
                    0.0,
                    -0.4608599999999999
                ],
                [
                    0.0,
                    0.0,
                    1.0,
                    -1.143
                ],
                [
                    0.0,
                    0.0,
                    0.0,
                    1.0
                ]
            ],
            "size": [
                1.48,
                0.272,
                0.945
            ]
        },
        "collider2": {
            "type": "Box",
            "collider2origin": [
                [
                    -0.594655401340336,
                    -0.6972069471147173,
                    0.4003591219789293,
                    0.4492520670761203
                ],
                [
                    0.25704434231123463,
                    -0.6367053598125455,
                    -0.7270037763806741,
                    -0.5639556458618753
                ],
                [
                    0.7617828822850701,
                    -0.32940667522221245,
                    0.5578333824507984,
                    -0.6294566108476343
                ],
                [
                    0.0,
                    0.0,
                    0.0,
                    1.0
                ]
            ],
            "size": [
                0.07264,
                0.04753,
                0.03326
            ]
        },
        "distance": 0.0
    }
]