[
    {
        "case": 0,
        "collider1": {
            "type": "Box",
            "collider2origin": [
                [
                    1.0,
                    0.0,
                    0.0,
                    0.0
                ],
                [
                    0.0,
                    1.0,
                    0.0,
                    -0.37086
                ],
                [
                    0.0,
                    0.0,
                    1.0,
                    0.39699
                ],
                [
                    0.0,
                    0.0,
                    0.0,
                    1.0
                ]
            ],
            "size": [
                0.6,
                1.6,
                0.1
            ]
        },
        "collider2": {
            "type": "Box",
            "collider2origin": [
                [
                    -0.4788041746620276,
                    -0.3319856704577392,
                    -0.8127312452077501,
                    0.25009520824931075
                ],
                [
                    0.16851511419203327,
                    -0.9432844293252454,
                    0.28603695859345174,
                    -0.905656760971553
                ],
                [
                    -0.8615969003049283,
                    -1.8087114431660577e-06,
                    0.5075931258219203,
                    0.38926237153160814
                ],
                [
                    0.0,
                    0.0,
                    0.0,
                    1.0
                ]
            ],
            "size": [
                0.09102,
                0.10007,
                0.11882
            ]
        },
        "distance": 0.0
    },
    {
        "case": 1,
        "collider1": {
            "type": "Box",
            "collider2origin": [
                [
                    1.0,
                    0.0,
                    0.0,
                    0.0
                ],
                [
                    0.0,
                    1.0,
                    0.0,
                    -0.37086
                ],
                [
                    0.0,
                    0.0,
                    1.0,
                    0.39699
                ],
                [
                    0.0,
                    0.0,
                    0.0,
                    1.0
                ]
            ],
            "size": [
                0.6,
                1.6,
                0.1
            ]
        },
        "collider2": {
            "type": "Box",
            "collider2origin": [
                [
                    -0.5261775613006601,
                    0.5787196292632043,
                    0.6230736430705036,
                    0.2018165051920484
                ],
                [
                    0.8332304155840656,
                    0.49725472776076596,
                    0.24179497568223324,
                    -0.8385828788481633
                ],
                [
                    -0.16989481607540446,
                    0.6463910011943433,
                    -0.7438510771960196,
                    0.4954588676274576
                ],
                [
                    0.0,
                    0.0,
                    0.0,
                    1.0
                ]
            ],
            "size": [
                0.08993,
                0.0305,
                0.09007
            ]
        },
        "distance": 0.0
    },
    {
        "case": 2,
        "collider1": {
            "type": "Box",
            "collider2origin": [
                [
                    1.0,
                    0.0,
                    0.0,
                    0.0
                ],
                [
                    0.0,
                    1.0,
                    0.0,
                    -0.37086
                ],
                [
                    0.0,
                    0.0,
                    1.0,
                    0.39699
                ],
                [
                    0.0,
                    0.0,
                    0.0,
                    1.0
                ]
            ],
            "size": [
                0.6,
                1.6,
                0.1
            ]
        },
        "collider2": {
            "type": "Box",
            "collider2origin": [
                [
                    0.06751013318100132,
                    0.5787143552573614,
                    -0.8127312452077501,
                    0.16105925524658626
                ],
                [
                    -0.8190973278069819,
                    0.4972548902706434,
                    0.28603695859345174,
                    -0.8770664689527679
                ],
                [
                    0.5696682802274889,
                    0.6463955980055766,
                    0.5075931258219203,
                    0.4460200437453823
                ],
                [
                    0.0,
                    0.0,
                    0.0,
                    1.0
                ]
            ],
            "size": [
                0.09126,
                0.11887,
                0.10009
            ]
        },
        "distance": 0.0
    },
    {
        "case": 3,
        "collider1": {
            "type": "Box",
            "collider2origin": [
                [
                    1.0,
                    0.0,
                    0.0,
                    0.0
                ],
                [
                    0.0,
                    1.0,
                    0.0,
                    -0.37086
                ],
                [
                    0.0,
                    0.0,
                    1.0,
                    0.39699
                ],
                [
                    0.0,
                    0.0,
                    0.0,
                    1.0
                ]
            ],
            "size": [
                0.6,
                1.6,
                0.1
            ]
        },
        "collider2": {
            "type": "Box",
            "collider2origin": [
                [
                    -0.9045399816517934,
                    -0.3319836679725211,
                    -0.2675710481215856,
                    0.36737811763032646
                ],
                [
                    0.3183475842887527,
                    -0.9432851340922785,
                    0.0941699069662244,
                    -0.8284530512160829
                ],
                [
                    -0.2836586631338598,
                    -1.508757366599599e-07,
                    0.9589253166066105,
                    0.10787606781105064
                ],
                [
                    0.0,
                    0.0,
                    0.0,
                    1.0
                ]
            ],
            "size": [
                0.1202,
                0.13634,
                0.67816
            ]
        },
        "distance": 0.0
    }
]