[
    {
        "case": 0,
        "collider1": {
            "type": "Box",
            "collider2origin": [
                [
                    1.0,
                    0.0,
                    0.0,
                    1.2009999999999998
                ],
                [
                    0.0,
                    1.0,
                    0.0,
                    0.02914
                ],
                [
                    0.0,
                    0.0,
                    1.0,
                    -1.22801
                ],
                [
                    0.0,
                    0.0,
                    0.0,
                    1.0
                ]
            ],
            "size": [
                0.41,
                0.6,
                0.82
            ]
        },
        "collider2": {
            "type": "Box",
            "collider2origin": [
                [
                    0.1651244752385968,
                    0.9821551469069892,
                    0.09002874586090917,
                    1.1693764107718205
                ],
                [
                    0.8622980292924032,
                    -0.18807250558368607,
                    0.47018171096067946,
                    -0.37175881887631934
                ],
                [
                    0.4787233192101838,
                    -6.898153639228518e-06,
                    -0.8779658214286019,
                    -0.9499810303977111
                ],
                [
                    0.0,
                    0.0,
                    0.0,
                    1.0
                ]
            ],
            "size": [
                0.1202,
                0.13634,
                0.67816
            ]
        },
        "distance": 0.0
    },
    {
        "case": 1,
        "collider1": {
            "type": "Box",
            "collider2origin": [
                [
                    1.0,
                    0.0,
                    0.0,
                    1.28
                ],
                [
                    0.0,
                    1.0,
                    0.0,
                    -0.23086
                ],
                [
                    0.0,
                    0.0,
                    1.0,
                    -0.67301
                ],
                [
                    0.0,
                    0.0,
                    0.0,
                    1.0
                ]
            ],
            "size": [
                0.06,
                0.06,
                0.33
            ]
        },
        "collider2": {
            "type": "Box",
            "collider2origin": [
                [
                    0.1651244752385968,
                    0.9821551469069892,
                    0.09002874586090917,
                    1.1693764107718205
                ],
                [
                    0.8622980292924032,
                    -0.18807250558368607,
                    0.47018171096067946,
                    -0.37175881887631934
                ],
                [
                    0.4787233192101838,
                    -6.898153639228518e-06,
                    -0.8779658214286019,
                    -0.9499810303977111
                ],
                [
                    0.0,
                    0.0,
                    0.0,
                    1.0
                ]
            ],
            "size": [
                0.1202,
                0.13634,
                0.67816
            ]
        },
        "distance": 0.10244390415843735
    },
    {
        "case": 2,
        "collider1": {
            "type": "Box",
            "collider2origin": [
                [
                    1.0,
                    0.0,
                    0.0,
                    1.2009999999999998
                ],
                [
                    0.0,
                    1.0,
                    0.0,
                    0.02914
                ],
                [
                    0.0,
                    0.0,
                    1.0,
                    -1.22801
                ],
                [
                    0.0,
                    0.0,
                    0.0,
                    1.0
                ]
            ],
            "size": [
                0.41,
                0.6,
                0.82
            ]
        },
        "collider2": {
            "type": "Box",
            "collider2origin": [
                [
                    0.08644678086748414,
                    0.9821542026658876,
                    -0.16703315917321077,
                    1.3049852171956378
                ],
                [
                    0.45145676328183976,
                    -0.18807743659723494,
                    -0.8722463348906077,
                    -0.2578155793463013
                ],
                [
                    -0.8880955719767631,
                    -5.36162632350888e-06,
                    -0.4596588463268369,
                    -1.2072473169829885
                ],
                [
                    0.0,
                    0.0,
                    0.0,
                    1.0
                ]
            ],
            "size": [
                0.09102,
                0.10007,
                0.11882
            ]
        },
        "distance": 0.0
    }
]