[
    {
        "case": 0,
        "collider1": {
            "type": "Box",
            "collider2origin": [
                [
                    1.0,
                    0.0,
                    0.0,
                    0.5199999999999999
                ],
                [
                    0.0,
                    1.0,
                    0.0,
                    -0.43085999999999997
                ],
                [
                    0.0,
                    0.0,
                    1.0,
                    -0.80301
                ],
                [
                    0.0,
                    0.0,
                    0.0,
                    1.0
                ]
            ],
            "size": [
                0.2,
                0.08,
                0.04
            ]
        },
        "collider2": {
            "type": "Box",
            "collider2origin": [
                [
                    0.25655147886959895,
                    0.779068907773424,
                    -0.5720428092639097,
                    0.7198497216586557
                ],
                [
                    -0.31880218372505154,
                    0.6269383039311083,
                    0.7108540853903308,
                    -0.5749877796561088
                ],
                [
                    0.9124398645072235,
                    -2.1700898379570393e-06,
                    0.40921081810398224,
                    -0.8162371554912595
                ],
                [
                    0.0,
                    0.0,
                    0.0,
                    1.0
                ]
            ],
            "size": [
                0.1202,
                0.13634,
                0.67816
            ]
        },
        "distance": 0.0
    },
    {
        "case": 1,
        "collider1": {
            "type": "Cylinder",
            "collider2origin": [
                [
                    1.0,
                    0.0,
                    0.0,
                    0.4849999999999999
                ],
                [
                    0.0,
                    -3.673205103346574e-06,
                    -0.9999999999932537,
                    -0.46086
                ],
                [
                    0.0,
                    0.9999999999932537,
                    -3.673205103346574e-06,
                    -0.70001
                ],
                [
                    0.0,
                    0.0,
                    0.0,
                    1.0
                ]
            ],
            "radius": 0.026,
            "height": 0.272
        },
        "collider2": {
            "type": "Box",
            "collider2origin": [
                [
                    0.25655147886959895,
                    0.779068907773424,
                    -0.5720428092639097,
                    0.7198497216586557
                ],
                [
                    -0.31880218372505154,
                    0.6269383039311083,
                    0.7108540853903308,
                    -0.5749877796561088
                ],
                [
                    0.9124398645072235,
                    -2.1700898379570393e-06,
                    0.40921081810398224,
                    -0.8162371554912595
                ],
                [
                    0.0,
                    0.0,
                    0.0,
                    1.0
                ]
            ],
            "size": [
                0.1202,
                0.13634,
                0.67816
            ]
        },
        "distance": 0.0
    },
    {
        "case": 2,
        "collider1": {
            "type": "Box",
            "collider2origin": [
                [
                    1.0,
                    0.0,
                    0.0,
                    -0.26
                ],
                [
                    0.0,
                    1.0,
                    0.0,
                    -0.4608599999999999
                ],
                [
                    0.0,
                    0.0,
                    1.0,
                    -1.143
                ],
                [
                    0.0,
                    0.0,
                    0.0,
                    1.0
                ]
            ],
            "size": [
                1.48,
                0.272,
                0.945
            ]
        },
        "collider2": {
            "type": "Box",
            "collider2origin": [
                [
                    0.25655147886959895,
                    0.779068907773424,
                    -0.5720428092639097,
                    0.7198497216586557
                ],
                [
                    -0.31880218372505154,
                    0.6269383039311083,
                    0.7108540853903308,
                    -0.5749877796561088
                ],
                [
                    0.9124398645072235,
                    -2.1700898379570393e-06,
                    0.40921081810398224,
                    -0.8162371554912595
                ],
                [
                    0.0,
                    0.0,
                    0.0,
                    1.0
                ]
            ],
            "size": [
                0.1202,
                0.13634,
                0.67816
            ]
        },
        "distance": 0.0
    }
]