[
    {
        "case": 0,
        "collider1": {
            "type": "Box",
            "collider2origin": [
                [
                    1.0,
                    0.0,
                    0.0,
                    -0.06
                ],
                [
                    0.0,
                    1.0,
                    0.0,
                    -0.37086
                ],
                [
                    0.0,
                    0.0,
                    1.0,
                    -0.40301
                ],
                [
                    0.0,
                    0.0,
                    0.0,
                    1.0
                ]
            ],
            "size": [
                0.1,
                1.0,
                1.64
            ]
        },
        "collider2": {
            "type": "Box",
            "collider2origin": [
                [
                    0.8762251124282517,
                    -0.4808204068026285,
                    -0.03226900606235833,
                    -0.1011984254277658
                ],
                [
                    -0.4804943734643557,
                    -0.876819101267885,
                    0.01770369229496514,
                    -0.5785684569149758
                ],
                [
                    -0.03680637742557868,
                    -7.343921300645725e-06,
                    -0.9993224157031966,
                    -0.5659648481827814
                ],
                [
                    0.0,
                    0.0,
                    0.0,
                    1.0
                ]
            ],
            "size": [
                0.09102,
                0.10007,
                0.11882
            ]
        },
        "distance": 0.0
    },
    {
        "case": 1,
        "collider1": {
            "type": "Box",
            "collider2origin": [
                [
                    1.0,
                    0.0,
                    0.0,
                    -0.26
                ],
                [
                    0.0,
                    1.0,
                    0.0,
                    -0.4608599999999999
                ],
                [
                    0.0,
                    0.0,
                    1.0,
                    -1.143
                ],
                [
                    0.0,
                    0.0,
                    0.0,
                    1.0
                ]
            ],
            "size": [
                1.48,
                0.272,
                0.945
            ]
        },
        "collider2": {
            "type": "Sphere",
            "collider2origin": [
                [
                    1.0,
                    0.0,
                    0.0,
                    -0.36073984227737155
                ],
                [
                    0.0,
                    1.0,
                    0.0,
                    -0.6048616390185337
                ],
                [
                    0.0,
                    0.0,
                    1.0,
                    -0.6857808256510468
                ],
                [
                    0.0,
                    0.0,
                    0.0,
                    1.0
                ]
            ],
            "radius": 0.01051
        },
        "distance": 0.0
    },
    {
        "case": 2,
        "collider1": {
            "type": "Box",
            "collider2origin": [
                [
                    1.0,
                    0.0,
                    0.0,
                    -0.26
                ],
                [
                    0.0,
                    1.0,
                    0.0,
                    -0.4608599999999999
                ],
                [
                    0.0,
                    0.0,
                    1.0,
                    -1.143
                ],
                [
                    0.0,
                    0.0,
                    0.0,
                    1.0
                ]
            ],
            "size": [
                1.48,
                0.272,
                0.945
            ]
        },
        "collider2": {
            "type": "Box",
            "collider2origin": [
                [
                    0.27211259003296584,
                    -0.9617242066171046,
                    -0.03226900606235833,
                    -0.10852937939172436
                ],
                [
                    -0.9619187399301328,
                    -0.27276164878947123,
                    0.01770369229496514,
                    -0.5808560227149429
                ],
                [
                    -0.025827816724935025,
                    0.026222764086771905,
                    -0.9993224157031966,
                    -0.6751927804574648
                ],
                [
                    0.0,
                    0.0,
                    0.0,
                    1.0
                ]
            ],
            "size": [
                0.09126,
                0.11887,
                0.10009
            ]
        },
        "distance": 0.0
    },
    {
        "case": 3,
        "collider1": {
            "type": "Box",
            "collider2origin": [
                [
                    1.0,
                    0.0,
                    0.0,
                    -0.06
                ],
                [
                    0.0,
                    1.0,
                    0.0,
                    -0.37086
                ],
                [
                    0.0,
                    0.0,
                    1.0,
                    -0.40301
                ],
                [
                    0.0,
                    0.0,
                    0.0,
                    1.0
                ]
            ],
            "size": [
                0.1,
                1.0,
                1.64
            ]
        },
        "collider2": {
            "type": "Box",
            "collider2origin": [
                [
                    0.27211259003296584,
                    -0.9617242066171046,
                    -0.03226900606235833,
                    -0.10852937939172436
                ],
                [
                    -0.9619187399301328,
                    -0.27276164878947123,
                    0.01770369229496514,
                    -0.5808560227149429
                ],
                [
                    -0.025827816724935025,
                    0.026222764086771905,
                    -0.9993224157031966,
                    -0.6751927804574648
                ],
                [
                    0.0,
                    0.0,
                    0.0,
                    1.0
                ]
            ],
            "size": [
                0.09126,
                0.11887,
                0.10009
            ]
        },
        "distance": 0.0
    },
    {
        "case": 4,
        "collider1": {
            "type": "Box",
            "collider2origin": [
                [
                    1.0,
                    0.0,
                    0.0,
                    -0.26
                ],
                [
                    0.0,
                    1.0,
                    0.0,
                    -0.4608599999999999
                ],
                [
                    0.0,
                    0.0,
                    1.0,
                    -1.143
                ],
                [
                    0.0,
                    0.0,
                    0.0,
                    1.0
                ]
            ],
            "size": [
                1.48,
                0.272,
                0.945
            ]
        },
        "collider2": {
            "type": "Box",
            "collider2origin": [
                [
                    0.27318548631875633,
                    -0.9617241665519288,
                    -0.02136159017449569,
                    -0.1805063925727901
                ],
                [
                    -0.9618572263392049,
                    -0.272761790136792,
                    -0.020776957920349393,
                    -0.6011311466691301
                ],
                [
                    0.014155076963268537,
                    0.026222763229130207,
                    -0.9995559016307154,
                    -0.6779502552829608
                ],
                [
                    0.0,
                    0.0,
                    0.0,
                    1.0
                ]
            ],
            "size": [
                0.08993,
                0.0305,
                0.09007
            ]
        },
        "distance": 0.0
    },
    {
        "case": 5,
        "collider1": {
            "type": "Box",
            "collider2origin": [
                [
                    1.0,
                    0.0,
                    0.0,
                    -0.26
                ],
                [
                    0.0,
                    1.0,
                    0.0,
                    -0.4608599999999999
                ],
                [
                    0.0,
                    0.0,
                    1.0,
                    -1.143
                ],
                [
                    0.0,
                    0.0,
                    0.0,
                    1.0
                ]
            ],
            "size": [
                1.48,
                0.272,
                0.945
            ]
        },
        "collider2": {
            "type": "Cylinder",
            "collider2origin": [
                [
                    -0.07690324322186518,
                    0.14677584916859637,
                    0.9861758166183129,
                    -0.3241225186286847
                ],
                [
                    0.7449183865293735,
                    0.6658935079119207,
                    -0.04101747836265947,
                    -0.6041194498815199
                ],
                [
                    -0.6627084491633053,
                    0.7314661210347299,
                    -0.16054539914296095,
                    -0.6931512913142334
                ],
                [
                    0.0,
                    0.0,
                    0.0,
                    1.0
                ]
            ],
            "radius": 0.01271,
            "height": 0.05982
        },
        "distance": 0.0
    },
    {
        "case": 6,
        "collider1": {
            "type": "Box",
            "collider2origin": [
                [
                    1.0,
                    0.0,
                    0.0,
                    -0.26
                ],
                [
                    0.0,
                    1.0,
                    0.0,
                    -0.4608599999999999
                ],
                [
                    0.0,
                    0.0,
                    1.0,
                    -1.143
                ],
                [
                    0.0,
                    0.0,
                    0.0,
                    1.0
                ]
            ],
            "size": [
                1.48,
                0.272,
                0.945
            ]
        },
        "collider2": {
            "type": "Cylinder",
            "collider2origin": [
                [
                    -0.1009344718852646,
                    0.07128732508535729,
                    0.9923358048903694,
                    -0.33829501654435123
                ],
                [
                    0.7745716793645847,
                    0.631603013976223,
                    0.03341176832311864,
                    -0.603609855500747
                ],
                [
                    -0.6243804496551515,
                    0.7720076100779871,
                    -0.11896765976560571,
                    -0.6888116235392169
                ],
                [
                    0.0,
                    0.0,
                    0.0,
                    1.0
                ]
            ],
            "radius": 0.01169,
            "height": 0.05502
        },
        "distance": 0.0
    },
    {
        "case": 7,
        "collider1": {
            "type": "Box",
            "collider2origin": [
                [
                    1.0,
                    0.0,
                    0.0,
                    -0.06
                ],
                [
                    0.0,
                    1.0,
                    0.0,
                    -0.37086
                ],
                [
                    0.0,
                    0.0,
                    1.0,
                    -0.40301
                ],
                [
                    0.0,
                    0.0,
                    0.0,
                    1.0
                ]
            ],
            "size": [
                0.1,
                1.0,
                1.64
            ]
        },
        "collider2": {
            "type": "Box",
            "collider2origin": [
                [
                    0.17693202955418713,
                    -0.48082344274870914,
                    -0.8587804572887735,
                    0.20347141997870632
                ],
                [
                    -0.09701990453573485,
                    -0.8768174364619991,
                    0.47093345733774866,
                    -0.6181794398089824
                ],
                [
                    -0.9794295253062941,
                    -4.414408426530253e-06,
                    -0.2017865330957441,
                    -0.5044104368006296
                ],
                [
                    0.0,
                    0.0,
                    0.0,
                    1.0
                ]
            ],
            "size": [
                0.1202,
                0.13634,
                0.67816
            ]
        },
        "distance": 0.0
    }
]