[
    {
        "case": 0,
        "collider1": {
            "type": "Box",
            "collider2origin": [
                [
                    1.0,
                    0.0,
                    0.0,
                    0.0
                ],
                [
                    0.0,
                    1.0,
                    0.0,
                    -0.37086
                ],
                [
                    0.0,
                    0.0,
                    1.0,
                    0.39699
                ],
                [
                    0.0,
                    0.0,
                    0.0,
                    1.0
                ]
            ],
            "size": [
                0.6,
                1.6,
                0.1
            ]
        },
        "collider2": {
            "type": "Box",
            "collider2origin": [
                [
                    0.36884245369188834,
                    0.6497064619671463,
                    -0.6647080243480444,
                    0.16971608322644938
                ],
                [
                    0.6246793667074294,
                    -0.7028185146658893,
                    -0.34032605579478936,
                    -1.243125286805881
                ],
                [
                    -0.6882811439844565,
                    -0.28970269022045037,
                    -0.6650875266568166,
                    0.4250655800877663
                ],
                [
                    0.0,
                    0.0,
                    0.0,
                    1.0
                ]
            ],
            "size": [
                0.09126,
                0.11887,
                0.10009
            ]
        },
        "distance": 0.0
    },
    {
        "case": 1,
        "collider1": {
            "type": "Box",
            "collider2origin": [
                [
                    1.0,
                    0.0,
                    0.0,
                    0.0
                ],
                [
                    0.0,
                    1.0,
                    0.0,
                    -0.37086
                ],
                [
                    0.0,
                    0.0,
                    1.0,
                    0.39699
                ],
                [
                    0.0,
                    0.0,
                    0.0,
                    1.0
                ]
            ],
            "size": [
                0.6,
                1.6,
                0.1
            ]
        },
        "collider2": {
            "type": "Box",
            "collider2origin": [
                [
                    -0.592008943611015,
                    -0.455728705538602,
                    -0.6647080243480444,
                    0.24291247927146153
                ],
                [
                    -0.30309541210064495,
                    0.8901187263004312,
                    -0.34032605579478936,
                    -1.207906206828389
                ],
                [
                    0.7467654128627746,
                    -6.116208000475804e-06,
                    -0.6650875266568166,
                    0.4983037345345822
                ],
                [
                    0.0,
                    0.0,
                    0.0,
                    1.0
                ]
            ],
            "size": [
                0.09102,
                0.10007,
                0.11882
            ]
        },
        "distance": 0.0
    },
    {
        "case": 2,
        "collider1": {
            "type": "Box",
            "collider2origin": [
                [
                    1.0,
                    0.0,
                    0.0,
                    0.0
                ],
                [
                    0.0,
                    1.0,
                    0.0,
                    -0.37086
                ],
                [
                    0.0,
                    0.0,
                    1.0,
                    0.39699
                ],
                [
                    0.0,
                    0.0,
                    0.0,
                    1.0
                ]
            ],
            "size": [
                0.6,
                1.6,
                0.1
            ]
        },
        "collider2": {
            "type": "Box",
            "collider2origin": [
                [
                    0.7728126915613664,
                    -0.4557278862752262,
                    -0.44167028135566316,
                    0.4243211776919753
                ],
                [
                    0.3956689801382673,
                    0.8901191457725646,
                    -0.2261282036488666,
                    -1.2405851900957534
                ],
                [
                    0.49619210182954304,
                    -4.840815594494943e-07,
                    0.8682127608378869,
                    0.24670082255285664
                ],
                [
                    0.0,
                    0.0,
                    0.0,
                    1.0
                ]
            ],
            "size": [
                0.1202,
                0.13634,
                0.67816
            ]
        },
        "distance": 0.05055025721937499
    }
]