[
    {
        "case": 0,
        "collider1": {
            "type": "Box",
            "collider2origin": [
                [
                    1.0,
                    0.0,
                    0.0,
                    -0.06
                ],
                [
                    0.0,
                    1.0,
                    0.0,
                    -0.37086
                ],
                [
                    0.0,
                    0.0,
                    1.0,
                    -0.40301
                ],
                [
                    0.0,
                    0.0,
                    0.0,
                    1.0
                ]
            ],
            "size": [
                0.1,
                1.0,
                1.64
            ]
        },
        "collider2": {
            "type": "Box",
            "collider2origin": [
                [
                    0.01956310692071607,
                    -0.2069029685059295,
                    -0.9781658583650539,
                    0.14554106231562958
                ],
                [
                    -0.00413335881117693,
                    -0.9783614677660791,
                    0.20686167778383002,
                    -0.8685683859384282
                ],
                [
                    -0.9998000801122925,
                    -3.7466508181415466e-06,
                    -0.01999499420894917,
                    -0.5649335027042536
                ],
                [
                    0.0,
                    0.0,
                    0.0,
                    1.0
                ]
            ],
            "size": [
                0.1202,
                0.13634,
                0.67816
            ]
        },
        "distance": 0.0
    },
    {
        "case": 1,
        "collider1": {
            "type": "Box",
            "collider2origin": [
                [
                    1.0,
                    0.0,
                    0.0,
                    -0.06
                ],
                [
                    0.0,
                    1.0,
                    0.0,
                    -0.37086
                ],
                [
                    0.0,
                    0.0,
                    1.0,
                    -0.40301
                ],
                [
                    0.0,
                    0.0,
                    0.0,
                    1.0
                ]
            ],
            "size": [
                0.1,
                1.0,
                1.64
            ]
        },
        "collider2": {
            "type": "Cylinder",
            "collider2origin": [
                [
                    -0.35026924175932983,
                    -0.9204561171758993,
                    0.17341278681461292,
                    -0.1176744699337191
                ],
                [
                    0.6447229206295286,
                    -0.37123385877879894,
                    -0.6682198573157885,
                    -0.6870903915435386
                ],
                [
                    0.6794437532954984,
                    -0.1222536643609055,
                    0.7234709584068016,
                    -0.7672000918999001
                ],
                [
                    0.0,
                    0.0,
                    0.0,
                    1.0
                ]
            ],
            "radius": 0.00796,
            "height": 0.03037
        },
        "distance": 0.0
    },
    {
        "case": 2,
        "collider1": {
            "type": "Box",
            "collider2origin": [
                [
                    1.0,
                    0.0,
                    0.0,
                    -0.06
                ],
                [
                    0.0,
                    1.0,
                    0.0,
                    -0.37086
                ],
                [
                    0.0,
                    0.0,
                    1.0,
                    -0.40301
                ],
                [
                    0.0,
                    0.0,
                    0.0,
                    1.0
                ]
            ],
            "size": [
                0.1,
                1.0,
                1.64
            ]
        },
        "collider2": {
            "type": "Cylinder",
            "collider2origin": [
                [
                    -0.35026924175932983,
                    -0.8852979761080827,
                    -0.30587407830065655,
                    -0.11800952932660924
                ],
                [
                    0.6447229206295286,
                    0.009005230944904305,
                    -0.7643633046075399,
                    -0.7067974043572569
                ],
                [
                    0.6794437532954984,
                    -0.4649369842404031,
                    0.5676176413688746,
                    -0.7486677692941613
                ],
                [
                    0.0,
                    0.0,
                    0.0,
                    1.0
                ]
            ],
            "radius": 0.00713,
            "height": 0.01426
        },
        "distance": 0.0
    },
    {
        "case": 3,
        "collider1": {
            "type": "Box",
            "collider2origin": [
                [
                    1.0,
                    0.0,
                    0.0,
                    -0.06
                ],
                [
                    0.0,
                    1.0,
                    0.0,
                    -0.37086
                ],
                [
                    0.0,
                    0.0,
                    1.0,
                    -0.40301
                ],
                [
                    0.0,
                    0.0,
                    0.0,
                    1.0
                ]
            ],
            "size": [
                0.1,
                1.0,
                1.64
            ]
        },
        "collider2": {
            "type": "Box",
            "collider2origin": [
                [
                    0.5530683354735658,
                    -0.20690233991025223,
                    -0.8070358344188698,
                    -0.16531807725372416
                ],
                [
                    -0.1169571555561957,
                    -0.9783616006909734,
                    0.17067396420544068,
                    -0.9170610713075916
                ],
                [
                    -0.8248857133328853,
                    -5.7496662260854236e-06,
                    -0.5652995311392344,
                    -0.5721408586595624
                ],
                [
                    0.0,
                    0.0,
                    0.0,
                    1.0
                ]
            ],
            "size": [
                0.09102,
                0.10007,
                0.11882
            ]
        },
        "distance": 0.006611652073345559
    },
    {
        "case": 4,
        "collider1": {
            "type": "Box",
            "collider2origin": [
                [
                    1.0,
                    0.0,
                    0.0,
                    -0.06
                ],
                [
                    0.0,
                    1.0,
                    0.0,
                    -0.37086
                ],
                [
                    0.0,
                    0.0,
                    1.0,
                    -0.40301
                ],
                [
                    0.0,
                    0.0,
                    0.0,
                    1.0
                ]
            ],
            "size": [
                0.1,
                1.0,
                1.64
            ]
        },
        "collider2": {
            "type": "Box",
            "collider2origin": [
                [
                    -0.19277934736194421,
                    0.7230685136123703,
                    -0.6633310243408639,
                    -0.1318132512341812
                ],
                [
                    0.7387632759726428,
                    0.551870774861306,
                    0.3868688019576542,
                    -0.7662992534220538
                ],
                [
                    0.6458056559870564,
                    -0.4154642854402518,
                    -0.6405657516748366,
                    -0.7371859326199196
                ],
                [
                    0.0,
                    0.0,
                    0.0,
                    1.0
                ]
            ],
            "size": [
                0.07264,
                0.04753,
                0.03326
            ]
        },
        "distance": 0.0
    }
]