[
    {
        "case": 0,
        "collider1": {
            "type": "Box",
            "collider2origin": [
                [
                    1.0,
                    0.0,
                    0.0,
                    -0.26
                ],
                [
                    0.0,
                    1.0,
                    0.0,
                    -0.4608599999999999
                ],
                [
                    0.0,
                    0.0,
                    1.0,
                    -1.143
                ],
                [
                    0.0,
                    0.0,
                    0.0,
                    1.0
                ]
            ],
            "size": [
                1.48,
                0.272,
                0.945
            ]
        },
        "collider2": {
            "type": "Sphere",
            "collider2origin": [
                [
                    1.0,
                    0.0,
                    0.0,
                    0.43421353890889525
                ],
                [
                    0.0,
                    1.0,
                    0.0,
                    -0.5937323926217801
                ],
                [
                    0.0,
                    0.0,
                    1.0,
                    -0.9048986987594081
                ],
                [
                    0.0,
                    0.0,
                    0.0,
                    1.0
                ]
            ],
            "radius": 0.01051
        },
        "distance": 0.0
    },
    {
        "case": 1,
        "collider1": {
            "type": "Box",
            "collider2origin": [
                [
                    1.0,
                    0.0,
                    0.0,
                    0.5199999999999999
                ],
                [
                    0.0,
                    1.0,
                    0.0,
                    -0.43085999999999997
                ],
                [
                    0.0,
                    0.0,
                    1.0,
                    -0.80301
                ],
                [
                    0.0,
                    0.0,
                    0.0,
                    1.0
                ]
            ],
            "size": [
                0.2,
                0.08,
                0.04
            ]
        },
        "collider2": {
            "type": "Box",
            "collider2origin": [
                [
                    0.2536294323153442,
                    -0.7805114034698091,
                    0.5713790861739557,
                    0.6606641451227895
                ],
                [
                    -0.6958816308206088,
                    -0.557518568758275,
                    -0.4526828927363769,
                    -0.5245738273548263
                ],
                [
                    0.6718786102785578,
                    -0.28279850519992655,
                    -0.6845466664200776,
                    -0.8557384278327691
                ],
                [
                    0.0,
                    0.0,
                    0.0,
                    1.0
                ]
            ],
            "size": [
                0.09126,
                0.11887,
                0.10009
            ]
        },
        "distance": 0.01990910899732194
    },
    {
        "case": 2,
        "collider1": {
            "type": "Box",
            "collider2origin": [
                [
                    1.0,
                    0.0,
                    0.0,
                    -0.26
                ],
                [
                    0.0,
                    1.0,
                    0.0,
                    -0.4608599999999999
                ],
                [
                    0.0,
                    0.0,
                    1.0,
                    -1.143
                ],
                [
                    0.0,
                    0.0,
                    0.0,
                    1.0
                ]
            ],
            "size": [
                1.48,
                0.272,
                0.945
            ]
        },
        "collider2": {
            "type": "Cylinder",
            "collider2origin": [
                [
                    0.04033328387818416,
                    0.0012300919582827648,
                    0.9991855248578091,
                    0.4568943877564544
                ],
                [
                    0.9980715275106206,
                    -0.047273285932526145,
                    -0.04023011819218642,
                    -0.5940516628419654
                ],
                [
                    0.047185296271375375,
                    0.9988812358388336,
                    -0.0031344066211526924,
                    -0.9048908196297847
                ],
                [
                    0.0,
                    0.0,
                    0.0,
                    1.0
                ]
            ],
            "radius": 0.01169,
            "height": 0.05502
        },
        "distance": 0.0
    },
    {
        "case": 3,
        "collider1": {
            "type": "Box",
            "collider2origin": [
                [
                    1.0,
                    0.0,
                    0.0,
                    0.5199999999999999
                ],
                [
                    0.0,
                    1.0,
                    0.0,
                    -0.43085999999999997
                ],
                [
                    0.0,
                    0.0,
                    1.0,
                    -0.80301
                ],
                [
                    0.0,
                    0.0,
                    0.0,
                    1.0
                ]
            ],
            "size": [
                0.2,
                0.08,
                0.04
            ]
        },
        "collider2": {
            "type": "Box",
            "collider2origin": [
                [
                    -0.5365652992665905,
                    0.620986005885776,
                    0.5713790861739557,
                    0.5974926043146973
                ],
                [
                    0.4250903647085905,
                    0.7838216509230548,
                    -0.4526828927363769,
                    -0.47703887936518075
                ],
                [
                    -0.7289690401209585,
                    -6.1876854119614304e-06,
                    -0.6845466664200776,
                    -0.7801601905895867
                ],
                [
                    0.0,
                    0.0,
                    0.0,
                    1.0
                ]
            ],
            "size": [
                0.09102,
                0.10007,
                0.11882
            ]
        },
        "distance": 0.0
    },
    {
        "case": 4,
        "collider1": {
            "type": "Cylinder",
            "collider2origin": [
                [
                    1.0,
                    0.0,
                    0.0,
                    0.4849999999999999
                ],
                [
                    0.0,
                    -3.673205103346574e-06,
                    -0.9999999999932537,
                    -0.46086
                ],
                [
                    0.0,
                    0.9999999999932537,
                    -3.673205103346574e-06,
                    -0.70001
                ],
                [
                    0.0,
                    0.0,
                    0.0,
                    1.0
                ]
            ],
            "radius": 0.026,
            "height": 0.272
        },
        "collider2": {
            "type": "Box",
            "collider2origin": [
                [
                    -0.5365652992665905,
                    0.620986005885776,
                    0.5713790861739557,
                    0.5974926043146973
                ],
                [
                    0.4250903647085905,
                    0.7838216509230548,
                    -0.4526828927363769,
                    -0.47703887936518075
                ],
                [
                    -0.7289690401209585,
                    -6.1876854119614304e-06,
                    -0.6845466664200776,
                    -0.7801601905895867
                ],
                [
                    0.0,
                    0.0,
                    0.0,
                    1.0
                ]
            ],
            "size": [
                0.09102,
                0.10007,
                0.11882
            ]
        },
        "distance": 0.03563894151325729
    },
    {
        "case": 5,
        "collider1": {
            "type": "Box",
            "collider2origin": [
                [
                    1.0,
                    0.0,
                    0.0,
                    -0.26
                ],
                [
                    0.0,
                    1.0,
                    0.0,
                    -0.4608599999999999
                ],
                [
                    0.0,
                    0.0,
                    1.0,
                    -1.143
                ],
                [
                    0.0,
                    0.0,
                    0.0,
                    1.0
                ]
            ],
            "size": [
                1.48,
                0.272,
                0.945
            ]
        },
        "collider2": {
            "type": "Cylinder",
            "collider2origin": [
                [
                    0.06761069258269595,
                    0.08382270050562574,
                    0.9941843637517295,
                    0.4714780534518067
                ],
                [
                    0.9977116651307294,
                    -0.006156692356909196,
                    -0.06733148150225901,
                    -0.5936290201350556
                ],
                [
                    0.0004769806651049734,
                    0.9964616651026603,
                    -0.08404714433149132,
                    -0.9075535565729493
                ],
                [
                    0.0,
                    0.0,
                    0.0,
                    1.0
                ]
            ],
            "radius": 0.01271,
            "height": 0.05982
        },
        "distance": 0.0
    },
    {
        "case": 6,
        "collider1": {
            "type": "Box",
            "collider2origin": [
                [
                    1.0,
                    0.0,
                    0.0,
                    0.5199999999999999
                ],
                [
                    0.0,
                    1.0,
                    0.0,
                    -0.43085999999999997
                ],
                [
                    0.0,
                    0.0,
                    1.0,
                    -0.80301
                ],
                [
                    0.0,
                    0.0,
                    0.0,
                    1.0
                ]
            ],
            "size": [
                0.2,
                0.08,
                0.04
            ]
        },
        "collider2": {
            "type": "Box",
            "collider2origin": [
                [
                    0.2699430671797018,
                    0.6209812040707271,
                    -0.735875726378092,
                    0.7412938838484355
                ],
                [
                    -0.21385795639513905,
                    0.7838254551780454,
                    0.582994365582914,
                    -0.7335490397909359
                ],
                [
                    0.9388266692889108,
                    -2.408189928887553e-06,
                    0.344390018766646,
                    -0.8791302128191508
                ],
                [
                    0.0,
                    0.0,
                    0.0,
                    1.0
                ]
            ],
            "size": [
                0.1202,
                0.13634,
                0.67816
            ]
        },
        "distance": 0.0
    },
    {
        "case": 7,
        "collider1": {
            "type": "Cylinder",
            "collider2origin": [
                [
                    1.0,
                    0.0,
                    0.0,
                    0.4849999999999999
                ],
                [
                    0.0,
                    -3.673205103346574e-06,
                    -0.9999999999932537,
                    -0.46086
                ],
                [
                    0.0,
                    0.9999999999932537,
                    -3.673205103346574e-06,
                    -0.70001
                ],
                [
                    0.0,
                    0.0,
                    0.0,
                    1.0
                ]
            ],
            "radius": 0.026,
            "height": 0.272
        },
        "collider2": {
            "type": "Box",
            "collider2origin": [
                [
                    0.2699430671797018,
                    0.6209812040707271,
                    -0.735875726378092,
                    0.7412938838484355
                ],
                [
                    -0.21385795639513905,
                    0.7838254551780454,
                    0.582994365582914,
                    -0.7335490397909359
                ],
                [
                    0.9388266692889108,
                    -2.408189928887553e-06,
                    0.344390018766646,
                    -0.8791302128191508
                ],
                [
                    0.0,
                    0.0,
                    0.0,
                    1.0
                ]
            ],
            "size": [
                0.1202,
                0.13634,
                0.67816
            ]
        },
        "distance": 0.0
    },
    {
        "case": 8,
        "collider1": {
            "type": "Box",
            "collider2origin": [
                [
                    1.0,
                    0.0,
                    0.0,
                    -0.26
                ],
                [
                    0.0,
                    1.0,
                    0.0,
                    -0.4608599999999999
                ],
                [
                    0.0,
                    0.0,
                    1.0,
                    -1.143
                ],
                [
                    0.0,
                    0.0,
                    0.0,
                    1.0
                ]
            ],
            "size": [
                1.48,
                0.272,
                0.945
            ]
        },
        "collider2": {
            "type": "Box",
            "collider2origin": [
                [
                    0.2699430671797018,
                    0.6209812040707271,
                    -0.735875726378092,
                    0.7412938838484355
                ],
                [
                    -0.21385795639513905,
                    0.7838254551780454,
                    0.582994365582914,
                    -0.7335490397909359
                ],
                [
                    0.9388266692889108,
                    -2.408189928887553e-06,
                    0.344390018766646,
                    -0.8791302128191508
                ],
                [
                    0.0,
                    0.0,
                    0.0,
                    1.0
                ]
            ],
            "size": [
                0.1202,
                0.13634,
                0.67816
            ]
        },
        "distance": 0.0
    }
]