[
    {
        "case": 0,
        "collider1": {
            "type": "Box",
            "collider2origin": [
                [
                    1.0,
                    0.0,
                    0.0,
                    0.5199999999999999
                ],
                [
                    0.0,
                    1.0,
                    0.0,
                    -0.43085999999999997
                ],
                [
                    0.0,
                    0.0,
                    1.0,
                    -0.80301
                ],
                [
                    0.0,
                    0.0,
                    0.0,
                    1.0
                ]
            ],
            "size": [
                0.2,
                0.08,
                0.04
            ]
        },
        "collider2": {
            "type": "Box",
            "collider2origin": [
                [
                    0.6569169028447613,
                    -0.7435778227041309,
                    -0.12470847741605375,
                    0.5247248673356455
                ],
                [
                    -0.7305285570353366,
                    -0.6686494010537639,
                    0.13869392858489366,
                    -0.5435500990153568
                ],
                [
                    -0.18651597817000862,
                    -7.281952537254818e-06,
                    -0.9824519274927693,
                    -0.7415401973267945
                ],
                [
                    0.0,
                    0.0,
                    0.0,
                    1.0
                ]
            ],
            "size": [
                0.1202,
                0.13634,
                0.67816
            ]
        },
        "distance": 0.0
    },
    {
        "case": 1,
        "collider1": {
            "type": "Cylinder",
            "collider2origin": [
                [
                    1.0,
                    0.0,
                    0.0,
                    0.4849999999999999
                ],
                [
                    0.0,
                    -3.673205103346574e-06,
                    -0.9999999999932537,
                    -0.46086
                ],
                [
                    0.0,
                    0.9999999999932537,
                    -3.673205103346574e-06,
                    -0.70001
                ],
                [
                    0.0,
                    0.0,
                    0.0,
                    1.0
                ]
            ],
            "radius": 0.026,
            "height": 0.272
        },
        "collider2": {
            "type": "Box",
            "collider2origin": [
                [
                    0.6569169028447613,
                    -0.7435778227041309,
                    -0.12470847741605375,
                    0.5247248673356455
                ],
                [
                    -0.7305285570353366,
                    -0.6686494010537639,
                    0.13869392858489366,
                    -0.5435500990153568
                ],
                [
                    -0.18651597817000862,
                    -7.281952537254818e-06,
                    -0.9824519274927693,
                    -0.7415401973267945
                ],
                [
                    0.0,
                    0.0,
                    0.0,
                    1.0
                ]
            ],
            "size": [
                0.1202,
                0.13634,
                0.67816
            ]
        },
        "distance": 0.0
    },
    {
        "case": 2,
        "collider1": {
            "type": "Box",
            "collider2origin": [
                [
                    1.0,
                    0.0,
                    0.0,
                    -0.26
                ],
                [
                    0.0,
                    1.0,
                    0.0,
                    -0.4608599999999999
                ],
                [
                    0.0,
                    0.0,
                    1.0,
                    -1.143
                ],
                [
                    0.0,
                    0.0,
                    0.0,
                    1.0
                ]
            ],
            "size": [
                1.48,
                0.272,
                0.945
            ]
        },
        "collider2": {
            "type": "Box",
            "collider2origin": [
                [
                    0.6569169028447613,
                    -0.7435778227041309,
                    -0.12470847741605375,
                    0.5247248673356455
                ],
                [
                    -0.7305285570353366,
                    -0.6686494010537639,
                    0.13869392858489366,
                    -0.5435500990153568
                ],
                [
                    -0.18651597817000862,
                    -7.281952537254818e-06,
                    -0.9824519274927693,
                    -0.7415401973267945
                ],
                [
                    0.0,
                    0.0,
                    0.0,
                    1.0
                ]
            ],
            "size": [
                0.1202,
                0.13634,
                0.67816
            ]
        },
        "distance": 0.0
    },
    {
        "case": 3,
        "collider1": {
            "type": "Box",
            "collider2origin": [
                [
                    1.0,
                    0.0,
                    0.0,
                    -0.26
                ],
                [
                    0.0,
                    1.0,
                    0.0,
                    -0.4608599999999999
                ],
                [
                    0.0,
                    0.0,
                    1.0,
                    -1.143
                ],
                [
                    0.0,
                    0.0,
                    0.0,
                    1.0
                ]
            ],
            "size": [
                1.48,
                0.272,
                0.945
            ]
        },
        "collider2": {
            "type": "Box",
            "collider2origin": [
                [
                    0.5899705015190713,
                    -0.7435762087067098,
                    0.31468909924350874,
                    0.4059619443099083
                ],
                [
                    -0.6560838976254728,
                    -0.6686511959142444,
                    -0.3499421344722847,
                    -0.5786200453269001
                ],
                [
                    0.47062588816798356,
                    -6.914194662396997e-06,
                    -0.8823328585847239,
                    -1.0307207731407089
                ],
                [
                    0.0,
                    0.0,
                    0.0,
                    1.0
                ]
            ],
            "size": [
                0.09102,
                0.10007,
                0.11882
            ]
        },
        "distance": 0.0
    },
    {
        "case": 4,
        "collider1": {
            "type": "Box",
            "collider2origin": [
                [
                    1.0,
                    0.0,
                    0.0,
                    -0.26
                ],
                [
                    0.0,
                    1.0,
                    0.0,
                    -0.4608599999999999
                ],
                [
                    0.0,
                    0.0,
                    1.0,
                    -1.143
                ],
                [
                    0.0,
                    0.0,
                    0.0,
                    1.0
                ]
            ],
            "size": [
                1.48,
                0.272,
                0.945
            ]
        },
        "collider2": {
            "type": "Box",
            "collider2origin": [
                [
                    0.6215220348732164,
                    -0.7174128037499506,
                    0.31468909924350874,
                    0.43601290900846934
                ],
                [
                    -0.6266052713841931,
                    -0.6963521640624972,
                    -0.3499421344722847,
                    -0.6212143899011164
                ],
                [
                    0.4701874031070993,
                    0.020310899071965132,
                    -0.8823328585847239,
                    -1.12704237975872
                ],
                [
                    0.0,
                    0.0,
                    0.0,
                    1.0
                ]
            ],
            "size": [
                0.09126,
                0.11887,
                0.10009
            ]
        },
        "distance": 0.0
    }
]