[
    {
        "case": 0,
        "collider1": {
            "type": "Box",
            "collider2origin": [
                [
                    1.0,
                    0.0,
                    0.0,
                    0.5199999999999999
                ],
                [
                    0.0,
                    1.0,
                    0.0,
                    -0.43085999999999997
                ],
                [
                    0.0,
                    0.0,
                    1.0,
                    -0.80301
                ],
                [
                    0.0,
                    0.0,
                    0.0,
                    1.0
                ]
            ],
            "size": [
                0.2,
                0.08,
                0.04
            ]
        },
        "collider2": {
            "type": "Box",
            "collider2origin": [
                [
                    0.6830622993179575,
                    -0.7253828735484338,
                    -0.08512098456363384,
                    0.519967096368092
                ],
                [
                    -0.7198139671898001,
                    -0.6883456157404221,
                    0.0897115707666555,
                    -0.5641603340839506
                ],
                [
                    -0.12366789352514572,
                    -7.31821344632839e-06,
                    -0.9923236629535228,
                    -0.6367411430244418
                ],
                [
                    0.0,
                    0.0,
                    0.0,
                    1.0
                ]
            ],
            "size": [
                0.1202,
                0.13634,
                0.67816
            ]
        },
        "distance": 0.0
    },
    {
        "case": 1,
        "collider1": {
            "type": "Cylinder",
            "collider2origin": [
                [
                    1.0,
                    0.0,
                    0.0,
                    0.4849999999999999
                ],
                [
                    0.0,
                    -3.673205103346574e-06,
                    -0.9999999999932537,
                    -0.46086
                ],
                [
                    0.0,
                    0.9999999999932537,
                    -3.673205103346574e-06,
                    -0.70001
                ],
                [
                    0.0,
                    0.0,
                    0.0,
                    1.0
                ]
            ],
            "radius": 0.026,
            "height": 0.272
        },
        "collider2": {
            "type": "Box",
            "collider2origin": [
                [
                    0.6830622993179575,
                    -0.7253828735484338,
                    -0.08512098456363384,
                    0.519967096368092
                ],
                [
                    -0.7198139671898001,
                    -0.6883456157404221,
                    0.0897115707666555,
                    -0.5641603340839506
                ],
                [
                    -0.12366789352514572,
                    -7.31821344632839e-06,
                    -0.9923236629535228,
                    -0.6367411430244418
                ],
                [
                    0.0,
                    0.0,
                    0.0,
                    1.0
                ]
            ],
            "size": [
                0.1202,
                0.13634,
                0.67816
            ]
        },
        "distance": 0.0
    },
    {
        "case": 2,
        "collider1": {
            "type": "Box",
            "collider2origin": [
                [
                    1.0,
                    0.0,
                    0.0,
                    -0.26
                ],
                [
                    0.0,
                    1.0,
                    0.0,
                    -0.4608599999999999
                ],
                [
                    0.0,
                    0.0,
                    1.0,
                    -1.143
                ],
                [
                    0.0,
                    0.0,
                    0.0,
                    1.0
                ]
            ],
            "size": [
                1.48,
                0.272,
                0.945
            ]
        },
        "collider2": {
            "type": "Box",
            "collider2origin": [
                [
                    0.6830622993179575,
                    -0.7253828735484338,
                    -0.08512098456363384,
                    0.519967096368092
                ],
                [
                    -0.7198139671898001,
                    -0.6883456157404221,
                    0.0897115707666555,
                    -0.5641603340839506
                ],
                [
                    -0.12366789352514572,
                    -7.31821344632839e-06,
                    -0.9923236629535228,
                    -0.6367411430244418
                ],
                [
                    0.0,
                    0.0,
                    0.0,
                    1.0
                ]
            ],
            "size": [
                0.1202,
                0.13634,
                0.67816
            ]
        },
        "distance": 0.0
    },
    {
        "case": 3,
        "collider1": {
            "type": "Box",
            "collider2origin": [
                [
                    1.0,
                    0.0,
                    0.0,
                    -0.26
                ],
                [
                    0.0,
                    1.0,
                    0.0,
                    -0.4608599999999999
                ],
                [
                    0.0,
                    0.0,
                    1.0,
                    -1.143
                ],
                [
                    0.0,
                    0.0,
                    0.0,
                    1.0
                ]
            ],
            "size": [
                1.48,
                0.272,
                0.945
            ]
        },
        "collider2": {
            "type": "Box",
            "collider2origin": [
                [
                    0.03026215801004957,
                    -0.7253800348806311,
                    0.6876830714719893,
                    0.41587348358820087
                ],
                [
                    -0.03189575166237249,
                    -0.6883486071620029,
                    -0.7246784501032322,
                    -0.6168246137819636
                ],
                [
                    0.9990329638297563,
                    -3.83470658628551e-06,
                    -0.043967455769329755,
                    -0.9267332254015038
                ],
                [
                    0.0,
                    0.0,
                    0.0,
                    1.0
                ]
            ],
            "size": [
                0.09102,
                0.10007,
                0.11882
            ]
        },
        "distance": 0.0
    }
]