[
    {
        "case": 0,
        "collider1": {
            "type": "Box",
            "collider2origin": [
                [
                    1.0,
                    0.0,
                    0.0,
                    0.5199999999999999
                ],
                [
                    0.0,
                    1.0,
                    0.0,
                    -0.43085999999999997
                ],
                [
                    0.0,
                    0.0,
                    1.0,
                    -0.80301
                ],
                [
                    0.0,
                    0.0,
                    0.0,
                    1.0
                ]
            ],
            "size": [
                0.2,
                0.08,
                0.04
            ]
        },
        "collider2": {
            "type": "Box",
            "collider2origin": [
                [
                    0.44860343944687875,
                    -0.8827055897673449,
                    0.13994926191271756,
                    0.7278282041062013
                ],
                [
                    -0.8426572405434838,
                    -0.4699264216256998,
                    -0.26286485732730885,
                    -0.5913192508884219
                ],
                [
                    0.29779813477601225,
                    -7.179752724002661e-06,
                    -0.954628865513912,
                    -0.8578042827685959
                ],
                [
                    0.0,
                    0.0,
                    0.0,
                    1.0
                ]
            ],
            "size": [
                0.1202,
                0.13634,
                0.67816
            ]
        },
        "distance": 0.06750436528259728
    },
    {
        "case": 1,
        "collider1": {
            "type": "Cylinder",
            "collider2origin": [
                [
                    1.0,
                    0.0,
                    0.0,
                    0.4849999999999999
                ],
                [
                    0.0,
                    -3.673205103346574e-06,
                    -0.9999999999932537,
                    -0.46086
                ],
                [
                    0.0,
                    0.9999999999932537,
                    -3.673205103346574e-06,
                    -0.70001
                ],
                [
                    0.0,
                    0.0,
                    0.0,
                    1.0
                ]
            ],
            "radius": 0.026,
            "height": 0.272
        },
        "collider2": {
            "type": "Box",
            "collider2origin": [
                [
                    0.1669441085250742,
                    -0.8827077173527133,
                    -0.4392684263121248,
                    0.7141476435622416
                ],
                [
                    -0.31357984140608164,
                    -0.46992242519503247,
                    0.825130654722363,
                    -0.834475851623822
                ],
                [
                    -0.934771280951926,
                    -4.978111680510476e-06,
                    -0.3552501263655136,
                    -0.47917257451250905
                ],
                [
                    0.0,
                    0.0,
                    0.0,
                    1.0
                ]
            ],
            "size": [
                0.15068,
                0.17726,
                0.74884
            ]
        },
        "distance": 0.0
    },
    {
        "case": 2,
        "collider1": {
            "type": "Box",
            "collider2origin": [
                [
                    1.0,
                    0.0,
                    0.0,
                    -0.26
                ],
                [
                    0.0,
                    1.0,
                    0.0,
                    -0.4608599999999999
                ],
                [
                    0.0,
                    0.0,
                    1.0,
                    -1.143
                ],
                [
                    0.0,
                    0.0,
                    0.0,
                    1.0
                ]
            ],
            "size": [
                1.48,
                0.272,
                0.945
            ]
        },
        "collider2": {
            "type": "Box",
            "collider2origin": [
                [
                    0.1669441085250742,
                    -0.8827077173527133,
                    -0.4392684263121248,
                    0.7141476435622416
                ],
                [
                    -0.31357984140608164,
                    -0.46992242519503247,
                    0.825130654722363,
                    -0.834475851623822
                ],
                [
                    -0.934771280951926,
                    -4.978111680510476e-06,
                    -0.3552501263655136,
                    -0.47917257451250905
                ],
                [
                    0.0,
                    0.0,
                    0.0,
                    1.0
                ]
            ],
            "size": [
                0.15068,
                0.17726,
                0.74884
            ]
        },
        "distance": 0.0018279955564847825
    },
    {
        "case": 3,
        "collider1": {
            "type": "Cylinder",
            "collider2origin": [
                [
                    1.0,
                    0.0,
                    0.0,
                    0.4849999999999999
                ],
                [
                    0.0,
                    -3.673205103346574e-06,
                    -0.9999999999932537,
                    -0.46086
                ],
                [
                    0.0,
                    0.9999999999932537,
                    -3.673205103346574e-06,
                    -0.70001
                ],
                [
                    0.0,
                    0.0,
                    0.0,
                    1.0
                ]
            ],
            "radius": 0.026,
            "height": 0.272
        },
        "collider2": {
            "type": "Box",
            "collider2origin": [
                [
                    0.1669441085250742,
                    -0.8827077173527133,
                    -0.4392684263121248,
                    0.7141476435622416
                ],
                [
                    -0.31357984140608164,
                    -0.46992242519503247,
                    0.825130654722363,
                    -0.834475851623822
                ],
                [
                    -0.934771280951926,
                    -4.978111680510476e-06,
                    -0.3552501263655136,
                    -0.47917257451250905
                ],
                [
                    0.0,
                    0.0,
                    0.0,
                    1.0
                ]
            ],
            "size": [
                0.15068,
                0.17726,
                0.74884
            ]
        },
        "distance": 0.0
    },
    {
        "case": 4,
        "collider1": {
            "type": "Box",
            "collider2origin": [
                [
                    1.0,
                    0.0,
                    0.0,
                    -0.26
                ],
                [
                    0.0,
                    1.0,
                    0.0,
                    -0.4608599999999999
                ],
                [
                    0.0,
                    0.0,
                    1.0,
                    -1.143
                ],
                [
                    0.0,
                    0.0,
                    0.0,
                    1.0
                ]
            ],
            "size": [
                1.48,
                0.272,
                0.945
            ]
        },
        "collider2": {
            "type": "Box",
            "collider2origin": [
                [
                    0.1669441085250742,
                    -0.8827077173527133,
                    -0.4392684263121248,
                    0.7141476435622416
                ],
                [
                    -0.31357984140608164,
                    -0.46992242519503247,
                    0.825130654722363,
                    -0.834475851623822
                ],
                [
                    -0.934771280951926,
                    -4.978111680510476e-06,
                    -0.3552501263655136,
                    -0.47917257451250905
                ],
                [
                    0.0,
                    0.0,
                    0.0,
                    1.0
                ]
            ],
            "size": [
                0.15068,
                0.17726,
                0.74884
            ]
        },
        "distance": 0.0018279955564847825
    }
]