[
    {
        "case": 0,
        "collider1": {
            "type": "Box",
            "collider2origin": [
                [
                    1.0,
                    0.0,
                    0.0,
                    -0.26
                ],
                [
                    0.0,
                    1.0,
                    0.0,
                    -0.4608599999999999
                ],
                [
                    0.0,
                    0.0,
                    1.0,
                    -1.143
                ],
                [
                    0.0,
                    0.0,
                    0.0,
                    1.0
                ]
            ],
            "size": [
                1.48,
                0.272,
                0.945
            ]
        },
        "collider2": {
            "type": "Box",
            "collider2origin": [
                [
                    -0.8416825305279994,
                    -0.4514644724942995,
                    -0.2962268520567088,
                    -0.0071707466451220725
                ],
                [
                    0.42585954563390277,
                    -0.8922890955712729,
                    0.14987934252953422,
                    -0.6696790179257901
                ],
                [
                    -0.3319851882184946,
                    -2.083273002120806e-07,
                    0.9432845990492409,
                    -0.7206950132054776
                ],
                [
                    0.0,
                    0.0,
                    0.0,
                    1.0
                ]
            ],
            "size": [
                0.09102,
                0.10007,
                0.11882
            ]
        },
        "distance": 0.0
    },
    {
        "case": 1,
        "collider1": {
            "type": "Box",
            "collider2origin": [
                [
                    1.0,
                    0.0,
                    0.0,
                    -0.06
                ],
                [
                    0.0,
                    1.0,
                    0.0,
                    -0.37086
                ],
                [
                    0.0,
                    0.0,
                    1.0,
                    -0.40301
                ],
                [
                    0.0,
                    0.0,
                    0.0,
                    1.0
                ]
            ],
            "size": [
                0.1,
                1.0,
                1.64
            ]
        },
        "collider2": {
            "type": "Box",
            "collider2origin": [
                [
                    -0.8416825305279994,
                    -0.4514644724942995,
                    -0.2962268520567088,
                    -0.0071707466451220725
                ],
                [
                    0.42585954563390277,
                    -0.8922890955712729,
                    0.14987934252953422,
                    -0.6696790179257901
                ],
                [
                    -0.3319851882184946,
                    -2.083273002120806e-07,
                    0.9432845990492409,
                    -0.7206950132054776
                ],
                [
                    0.0,
                    0.0,
                    0.0,
                    1.0
                ]
            ],
            "size": [
                0.09102,
                0.10007,
                0.11882
            ]
        },
        "distance": 0.0
    },
    {
        "case": 2,
        "collider1": {
            "type": "Box",
            "collider2origin": [
                [
                    1.0,
                    0.0,
                    0.0,
                    -0.06
                ],
                [
                    0.0,
                    1.0,
                    0.0,
                    -0.37086
                ],
                [
                    0.0,
                    0.0,
                    1.0,
                    -0.40301
                ],
                [
                    0.0,
                    0.0,
                    0.0,
                    1.0
                ]
            ],
            "size": [
                0.1,
                1.0,
                1.64
            ]
        },
        "collider2": {
            "type": "Cylinder",
            "collider2origin": [
                [
                    0.9179006418586416,
                    -0.3840205011177682,
                    0.09993330974580608,
                    -0.10848084775436817
                ],
                [
                    0.1200880534284586,
                    0.5088658215095506,
                    0.8524285513303582,
                    -0.856874290895427
                ],
                [
                    -0.37820268520894523,
                    -0.7704439177647313,
                    0.5132045386393955,
                    -0.6564308695874865
                ],
                [
                    0.0,
                    0.0,
                    0.0,
                    1.0
                ]
            ],
            "radius": 0.01271,
            "height": 0.05982
        },
        "distance": 0.0
    },
    {
        "case": 3,
        "collider1": {
            "type": "Box",
            "collider2origin": [
                [
                    1.0,
                    0.0,
                    0.0,
                    -0.06
                ],
                [
                    0.0,
                    1.0,
                    0.0,
                    -0.37086
                ],
                [
                    0.0,
                    0.0,
                    1.0,
                    -0.40301
                ],
                [
                    0.0,
                    0.0,
                    0.0,
                    1.0
                ]
            ],
            "size": [
                0.1,
                1.0,
                1.64
            ]
        },
        "collider2": {
            "type": "Cylinder",
            "collider2origin": [
                [
                    0.8964584389936758,
                    -0.43311359193027,
                    0.09367434890236001,
                    -0.11179072197113005
                ],
                [
                    0.1159480566759302,
                    0.43329350536508765,
                    0.893763271991812,
                    -0.8688394859755559
                ],
                [
                    -0.4276895080664203,
                    -0.7903602689240482,
                    0.438648298749931,
                    -0.6645444963575362
                ],
                [
                    0.0,
                    0.0,
                    0.0,
                    1.0
                ]
            ],
            "radius": 0.01169,
            "height": 0.05502
        },
        "distance": 0.0
    },
    {
        "case": 4,
        "collider1": {
            "type": "Box",
            "collider2origin": [
                [
                    1.0,
                    0.0,
                    0.0,
                    -0.06
                ],
                [
                    0.0,
                    1.0,
                    0.0,
                    -0.37086
                ],
                [
                    0.0,
                    0.0,
                    1.0,
                    -0.40301
                ],
                [
                    0.0,
                    0.0,
                    0.0,
                    1.0
                ]
            ],
            "size": [
                0.1,
                1.0,
                1.64
            ]
        },
        "collider2": {
            "type": "Box",
            "collider2origin": [
                [
                    0.1743721533262939,
                    -0.4929626339938586,
                    0.8523979080395423,
                    -0.07970360368403995
                ],
                [
                    -0.11746831880692671,
                    -0.869892170418727,
                    -0.47904989919722346,
                    -0.7234948964744752
                ],
                [
                    0.9776479664076559,
                    -0.016596786738182445,
                    -0.20959246276748975,
                    -0.6155426311615549
                ],
                [
                    0.0,
                    0.0,
                    0.0,
                    1.0
                ]
            ],
            "size": [
                0.08993,
                0.0305,
                0.09007
            ]
        },
        "distance": 0.0
    },
    {
        "case": 5,
        "collider1": {
            "type": "Box",
            "collider2origin": [
                [
                    1.0,
                    0.0,
                    0.0,
                    -0.26
                ],
                [
                    0.0,
                    1.0,
                    0.0,
                    -0.4608599999999999
                ],
                [
                    0.0,
                    0.0,
                    1.0,
                    -1.143
                ],
                [
                    0.0,
                    0.0,
                    0.0,
                    1.0
                ]
            ],
            "size": [
                1.48,
                0.272,
                0.945
            ]
        },
        "collider2": {
            "type": "Box",
            "collider2origin": [
                [
                    -0.8180668272442434,
                    -0.4929668531281894,
                    -0.2962268520567088,
                    -0.0426342130101478
                ],
                [
                    0.4699231998394794,
                    -0.8698898602326268,
                    0.14987934252953422,
                    -0.6586116893656817
                ],
                [
                    -0.33157028276846784,
                    -0.01659255198427542,
                    0.9432845990492409,
                    -0.6176656723836738
                ],
                [
                    0.0,
                    0.0,
                    0.0,
                    1.0
                ]
            ],
            "size": [
                0.09126,
                0.11887,
                0.10009
            ]
        },
        "distance": 0.0
    },
    {
        "case": 6,
        "collider1": {
            "type": "Box",
            "collider2origin": [
                [
                    1.0,
                    0.0,
                    0.0,
                    -0.06
                ],
                [
                    0.0,
                    1.0,
                    0.0,
                    -0.37086
                ],
                [
                    0.0,
                    0.0,
                    1.0,
                    -0.40301
                ],
                [
                    0.0,
                    0.0,
                    0.0,
                    1.0
                ]
            ],
            "size": [
                0.1,
                1.0,
                1.64
            ]
        },
        "collider2": {
            "type": "Box",
            "collider2origin": [
                [
                    -0.8180668272442434,
                    -0.4929668531281894,
                    -0.2962268520567088,
                    -0.0426342130101478
                ],
                [
                    0.4699231998394794,
                    -0.8698898602326268,
                    0.14987934252953422,
                    -0.6586116893656817
                ],
                [
                    -0.33157028276846784,
                    -0.01659255198427542,
                    0.9432845990492409,
                    -0.6176656723836738
                ],
                [
                    0.0,
                    0.0,
                    0.0,
                    1.0
                ]
            ],
            "size": [
                0.09126,
                0.11887,
                0.10009
            ]
        },
        "distance": 0.0
    },
    {
        "case": 7,
        "collider1": {
            "type": "Box",
            "collider2origin": [
                [
                    1.0,
                    0.0,
                    0.0,
                    -0.06
                ],
                [
                    0.0,
                    1.0,
                    0.0,
                    -0.37086
                ],
                [
                    0.0,
                    0.0,
                    1.0,
                    -0.40301
                ],
                [
                    0.0,
                    0.0,
                    0.0,
                    1.0
                ]
            ],
            "size": [
                0.1,
                1.0,
                1.64
            ]
        },
        "collider2": {
            "type": "Box",
            "collider2origin": [
                [
                    0.8325960761531249,
                    -0.4742121553277889,
                    -0.28619330130838566,
                    -0.14180877883532772
                ],
                [
                    -0.5216240409830389,
                    -0.8450812365182773,
                    -0.11724360772879663,
                    -0.8409606113789794
                ],
                [
                    -0.18625824503346,
                    0.24690187407978884,
                    -0.9509717823011065,
                    -0.5969650069903396
                ],
                [
                    0.0,
                    0.0,
                    0.0,
                    1.0
                ]
            ],
            "size": [
                0.07264,
                0.04753,
                0.03326
            ]
        },
        "distance": 0.0
    },
    {
        "case": 8,
        "collider1": {
            "type": "Cylinder",
            "collider2origin": [
                [
                    1.0,
                    0.0,
                    0.0,
                    0.4849999999999999
                ],
                [
                    0.0,
                    -3.673205103346574e-06,
                    -0.9999999999932537,
                    -0.46086
                ],
                [
                    0.0,
                    0.9999999999932537,
                    -3.673205103346574e-06,
                    -0.70001
                ],
                [
                    0.0,
                    0.0,
                    0.0,
                    1.0
                ]
            ],
            "radius": 0.026,
            "height": 0.272
        },
        "collider2": {
            "type": "Box",
            "collider2origin": [
                [
                    -0.05350687845232314,
                    -0.4514666560509051,
                    -0.8906822511044564,
                    0.30388703915436055
                ],
                [
                    0.027076480304597663,
                    -0.8922879907643556,
                    0.4506539756309975,
                    -0.701811103719919
                ],
                [
                    -0.9982003196616412,
                    -3.45293154055073e-06,
                    0.05996767308704101,
                    -0.7406383259307395
                ],
                [
                    0.0,
                    0.0,
                    0.0,
                    1.0
                ]
            ],
            "size": [
                0.1202,
                0.13634,
                0.67816
            ]
        },
        "distance": 0.09550507949580467
    },
    {
        "case": 9,
        "collider1": {
            "type": "Box",
            "collider2origin": [
                [
                    1.0,
                    0.0,
                    0.0,
                    -0.26
                ],
                [
                    0.0,
                    1.0,
                    0.0,
                    -0.4608599999999999
                ],
                [
                    0.0,
                    0.0,
                    1.0,
                    -1.143
                ],
                [
                    0.0,
                    0.0,
                    0.0,
                    1.0
                ]
            ],
            "size": [
                1.48,
                0.272,
                0.945
            ]
        },
        "collider2": {
            "type": "Box",
            "collider2origin": [
                [
                    -0.05350687845232314,
                    -0.4514666560509051,
                    -0.8906822511044564,
                    0.30388703915436055
                ],
                [
                    0.027076480304597663,
                    -0.8922879907643556,
                    0.4506539756309975,
                    -0.701811103719919
                ],
                [
                    -0.9982003196616412,
                    -3.45293154055073e-06,
                    0.05996767308704101,
                    -0.7406383259307395
                ],
                [
                    0.0,
                    0.0,
                    0.0,
                    1.0
                ]
            ],
            "size": [
                0.1202,
                0.13634,
                0.67816
            ]
        },
        "distance": 0.0
    },
    {
        "case": 10,
        "collider1": {
            "type": "Box",
            "collider2origin": [
                [
                    1.0,
                    0.0,
                    0.0,
                    -0.06
                ],
                [
                    0.0,
                    1.0,
                    0.0,
                    -0.37086
                ],
                [
                    0.0,
                    0.0,
                    1.0,
                    -0.40301
                ],
                [
                    0.0,
                    0.0,
                    0.0,
                    1.0
                ]
            ],
            "size": [
                0.1,
                1.0,
                1.64
            ]
        },
        "collider2": {
            "type": "Box",
            "collider2origin": [
                [
                    -0.05350687845232314,
                    -0.4514666560509051,
                    -0.8906822511044564,
                    0.30388703915436055
                ],
                [
                    0.027076480304597663,
                    -0.8922879907643556,
                    0.4506539756309975,
                    -0.701811103719919
                ],
                [
                    -0.9982003196616412,
                    -3.45293154055073e-06,
                    0.05996767308704101,
                    -0.7406383259307395
                ],
                [
                    0.0,
                    0.0,
                    0.0,
                    1.0
                ]
            ],
            "size": [
                0.1202,
                0.13634,
                0.67816
            ]
        },
        "distance": 0.0
    },
    {
        "case": 11,
        "collider1": {
            "type": "Box",
            "collider2origin": [
                [
                    1.0,
                    0.0,
                    0.0,
                    -0.06
                ],
                [
                    0.0,
                    1.0,
                    0.0,
                    -0.37086
                ],
                [
                    0.0,
                    0.0,
                    1.0,
                    -0.40301
                ],
                [
                    0.0,
                    0.0,
                    0.0,
                    1.0
                ]
            ],
            "size": [
                0.1,
                1.0,
                1.64
            ]
        },
        "collider2": {
            "type": "Box",
            "collider2origin": [
                [
                    0.7541425282949942,
                    -0.47421591799027574,
                    -0.45429980204868414,
                    -0.11963676326723638
                ],
                [
                    -0.5346129875746173,
                    -0.8450801653028739,
                    -0.005335515739727121,
                    -0.7970356528285254
                ],
                [
                    -0.38138956531789864,
                    0.2468983137575198,
                    -0.8908328811456819,
                    -0.6114355094691479
                ],
                [
                    0.0,
                    0.0,
                    0.0,
                    1.0
                ]
            ],
            "size": [
                0.06241,
                0.05638,
                0.02858
            ]
        },
        "distance": 0.0
    }
]