[
    {
        "case": 0,
        "collider1": {
            "type": "Box",
            "collider2origin": [
                [
                    1.0,
                    0.0,
                    0.0,
                    -0.26
                ],
                [
                    0.0,
                    1.0,
                    0.0,
                    -0.4608599999999999
                ],
                [
                    0.0,
                    0.0,
                    1.0,
                    -1.143
                ],
                [
                    0.0,
                    0.0,
                    0.0,
                    1.0
                ]
            ],
            "size": [
                1.48,
                0.272,
                0.945
            ]
        },
        "collider2": {
            "type": "Box",
            "collider2origin": [
                [
                    0.8396664673018355,
                    -0.5421762498398239,
                    0.03170390825245707,
                    0.35891999765552496
                ],
                [
                    0.16966661472966538,
                    0.20641282553640644,
                    -0.9636425609634789,
                    -0.2905218890307807
                ],
                [
                    0.5159200166062863,
                    0.8145174396927922,
                    0.26530713692109276,
                    -1.2102736607188262
                ],
                [
                    0.0,
                    0.0,
                    0.0,
                    1.0
                ]
            ],
            "size": [
                0.08993,
                0.0305,
                0.09007
            ]
        },
        "distance": 0.0
    },
    {
        "case": 1,
        "collider1": {
            "type": "Box",
            "collider2origin": [
                [
                    1.0,
                    0.0,
                    0.0,
                    -0.26
                ],
                [
                    0.0,
                    1.0,
                    0.0,
                    -0.4608599999999999
                ],
                [
                    0.0,
                    0.0,
                    1.0,
                    -1.143
                ],
                [
                    0.0,
                    0.0,
                    0.0,
                    1.0
                ]
            ],
            "size": [
                1.48,
                0.272,
                0.945
            ]
        },
        "collider2": {
            "type": "Box",
            "collider2origin": [
                [
                    -0.7136340006795706,
                    -0.5421779956812588,
                    -0.4435871211759009,
                    0.40101164743596274
                ],
                [
                    -0.6248560043387643,
                    0.20641913096324135,
                    0.7529582433403424,
                    -0.3078745818778921
                ],
                [
                    -0.316672523146333,
                    0.8145146796537389,
                    -0.4860908862678893,
                    -1.2695444191874412
                ],
                [
                    0.0,
                    0.0,
                    0.0,
                    1.0
                ]
            ],
            "size": [
                0.09126,
                0.11887,
                0.10009
            ]
        },
        "distance": 0.0
    },
    {
        "case": 2,
        "collider1": {
            "type": "Box",
            "collider2origin": [
                [
                    1.0,
                    0.0,
                    0.0,
                    -0.26
                ],
                [
                    0.0,
                    1.0,
                    0.0,
                    -0.4608599999999999
                ],
                [
                    0.0,
                    0.0,
                    1.0,
                    -1.143
                ],
                [
                    0.0,
                    0.0,
                    0.0,
                    1.0
                ]
            ],
            "size": [
                1.48,
                0.272,
                0.945
            ]
        },
        "collider2": {
            "type": "Box",
            "collider2origin": [
                [
                    0.24674026952184913,
                    -0.8615971827502465,
                    -0.4435871211759009,
                    0.4541048455285235
                ],
                [
                    -0.41881211675258984,
                    -0.5075926463681685,
                    0.7529582433403424,
                    -0.3885209852529218
                ],
                [
                    -0.8739082619231267,
                    -5.458716627512869e-06,
                    -0.4860908862678893,
                    -1.2179591025823042
                ],
                [
                    0.0,
                    0.0,
                    0.0,
                    1.0
                ]
            ],
            "size": [
                0.09102,
                0.10007,
                0.11882
            ]
        },
        "distance": 0.0
    },
    {
        "case": 3,
        "collider1": {
            "type": "Box",
            "collider2origin": [
                [
                    1.0,
                    0.0,
                    0.0,
                    0.5199999999999999
                ],
                [
                    0.0,
                    1.0,
                    0.0,
                    -0.43085999999999997
                ],
                [
                    0.0,
                    0.0,
                    1.0,
                    -0.80301
                ],
                [
                    0.0,
                    0.0,
                    0.0,
                    1.0
                ]
            ],
            "size": [
                0.2,
                0.08,
                0.04
            ]
        },
        "collider2": {
            "type": "Box",
            "collider2origin": [
                [
                    0.29493184008296863,
                    -0.8615970708274268,
                    -0.4131170502979421,
                    0.6721679718863904
                ],
                [
                    -0.5006132174050065,
                    -0.507592836344123,
                    0.7012388459373425,
                    -0.538488548802371
                ],
                [
                    -0.8138805909128696,
                    -5.807455438999652e-06,
                    -0.5810321709695528,
                    -1.0472075531185427
                ],
                [
                    0.0,
                    0.0,
                    0.0,
                    1.0
                ]
            ],
            "size": [
                0.1202,
                0.13634,
                0.67816
            ]
        },
        "distance": 0.1716117783595752
    },
    {
        "case": 4,
        "collider1": {
            "type": "Box",
            "collider2origin": [
                [
                    1.0,
                    0.0,
                    0.0,
                    -0.26
                ],
                [
                    0.0,
                    1.0,
                    0.0,
                    -0.4608599999999999
                ],
                [
                    0.0,
                    0.0,
                    1.0,
                    -1.143
                ],
                [
                    0.0,
                    0.0,
                    0.0,
                    1.0
                ]
            ],
            "size": [
                1.48,
                0.272,
                0.945
            ]
        },
        "collider2": {
            "type": "Box",
            "collider2origin": [
                [
                    0.29493184008296863,
                    -0.8615970708274268,
                    -0.4131170502979421,
                    0.6721679718863904
                ],
                [
                    -0.5006132174050065,
                    -0.507592836344123,
                    0.7012388459373425,
                    -0.538488548802371
                ],
                [
                    -0.8138805909128696,
                    -5.807455438999652e-06,
                    -0.5810321709695528,
                    -1.0472075531185427
                ],
                [
                    0.0,
                    0.0,
                    0.0,
                    1.0
                ]
            ],
            "size": [
                0.1202,
                0.13634,
                0.67816
            ]
        },
        "distance": 0.0
    }
]