[
    {
        "case": 0,
        "collider1": {
            "type": "Cylinder",
            "collider2origin": [
                [
                    1.0,
                    0.0,
                    0.0,
                    0.4849999999999999
                ],
                [
                    0.0,
                    -3.673205103346574e-06,
                    -0.9999999999932537,
                    -0.46086
                ],
                [
                    0.0,
                    0.9999999999932537,
                    -3.673205103346574e-06,
                    -0.70001
                ],
                [
                    0.0,
                    0.0,
                    0.0,
                    1.0
                ]
            ],
            "radius": 0.026,
            "height": 0.272
        },
        "collider2": {
            "type": "Box",
            "collider2origin": [
                [
                    -0.573389609162046,
                    0.4966295437253223,
                    0.6516006847787797,
                    0.5631668254427498
                ],
                [
                    -0.791987498484372,
                    -0.5395784678087453,
                    -0.28567617912880544,
                    -0.6302284244457482
                ],
                [
                    0.20971446862213114,
                    -0.6798633490462219,
                    0.702713076777565,
                    -0.6782317560884233
                ],
                [
                    0.0,
                    0.0,
                    0.0,
                    1.0
                ]
            ],
            "size": [
                0.09126,
                0.11887,
                0.10009
            ]
        },
        "distance": 0.0008088274050944708
    },
    {
        "case": 1,
        "collider1": {
            "type": "Box",
            "collider2origin": [
                [
                    1.0,
                    0.0,
                    0.0,
                    -0.26
                ],
                [
                    0.0,
                    1.0,
                    0.0,
                    -0.4608599999999999
                ],
                [
                    0.0,
                    0.0,
                    1.0,
                    -1.143
                ],
                [
                    0.0,
                    0.0,
                    0.0,
                    1.0
                ]
            ],
            "size": [
                1.48,
                0.272,
                0.945
            ]
        },
        "collider2": {
            "type": "Box",
            "collider2origin": [
                [
                    -0.573389609162046,
                    0.4966295437253223,
                    0.6516006847787797,
                    0.5631668254427498
                ],
                [
                    -0.791987498484372,
                    -0.5395784678087453,
                    -0.28567617912880544,
                    -0.6302284244457482
                ],
                [
                    0.20971446862213114,
                    -0.6798633490462219,
                    0.702713076777565,
                    -0.6782317560884233
                ],
                [
                    0.0,
                    0.0,
                    0.0,
                    1.0
                ]
            ],
            "size": [
                0.09126,
                0.11887,
                0.10009
            ]
        },
        "distance": 0.009711188387259232
    },
    {
        "case": 2,
        "collider1": {
            "type": "Cylinder",
            "collider2origin": [
                [
                    1.0,
                    0.0,
                    0.0,
                    0.4849999999999999
                ],
                [
                    0.0,
                    -3.673205103346574e-06,
                    -0.9999999999932537,
                    -0.46086
                ],
                [
                    0.0,
                    0.9999999999932537,
                    -3.673205103346574e-06,
                    -0.70001
                ],
                [
                    0.0,
                    0.0,
                    0.0,
                    1.0
                ]
            ],
            "radius": 0.026,
            "height": 0.272
        },
        "collider2": {
            "type": "Box",
            "collider2origin": [
                [
                    0.6435769966235486,
                    0.40152857558689187,
                    0.6516006847787797,
                    0.4891432837989531
                ],
                [
                    -0.2821600923100174,
                    0.9158464953178391,
                    -0.28567617912880544,
                    -0.6013736671145689
                ],
                [
                    -0.7114733527860445,
                    -1.0919958435462153e-06,
                    0.702713076777565,
                    -0.7534731026326378
                ],
                [
                    0.0,
                    0.0,
                    0.0,
                    1.0
                ]
            ],
            "size": [
                0.09102,
                0.10007,
                0.11882
            ]
        },
        "distance": 0.0
    },
    {
        "case": 3,
        "collider1": {
            "type": "Box",
            "collider2origin": [
                [
                    1.0,
                    0.0,
                    0.0,
                    -0.26
                ],
                [
                    0.0,
                    1.0,
                    0.0,
                    -0.4608599999999999
                ],
                [
                    0.0,
                    0.0,
                    1.0,
                    -1.143
                ],
                [
                    0.0,
                    0.0,
                    0.0,
                    1.0
                ]
            ],
            "size": [
                1.48,
                0.272,
                0.945
            ]
        },
        "collider2": {
            "type": "Box",
            "collider2origin": [
                [
                    0.6435769966235486,
                    0.40152857558689187,
                    0.6516006847787797,
                    0.4891432837989531
                ],
                [
                    -0.2821600923100174,
                    0.9158464953178391,
                    -0.28567617912880544,
                    -0.6013736671145689
                ],
                [
                    -0.7114733527860445,
                    -1.0919958435462153e-06,
                    0.702713076777565,
                    -0.7534731026326378
                ],
                [
                    0.0,
                    0.0,
                    0.0,
                    1.0
                ]
            ],
            "size": [
                0.09102,
                0.10007,
                0.11882
            ]
        },
        "distance": 0.0
    }
]