[
    {
        "case": 0,
        "collider1": {
            "type": "Box",
            "collider2origin": [
                [
                    1.0,
                    0.0,
                    0.0,
                    -0.26
                ],
                [
                    0.0,
                    1.0,
                    0.0,
                    -0.4608599999999999
                ],
                [
                    0.0,
                    0.0,
                    1.0,
                    -1.143
                ],
                [
                    0.0,
                    0.0,
                    0.0,
                    1.0
                ]
            ],
            "size": [
                1.48,
                0.272,
                0.945
            ]
        },
        "collider2": {
            "type": "Box",
            "collider2origin": [
                [
                    0.2436440081523386,
                    -0.7717531321670976,
                    -0.587396544322264,
                    0.7216777066653806
                ],
                [
                    -0.2956781819778648,
                    -0.6359222460053294,
                    0.71286556217691,
                    -0.7380223529071184
                ],
                [
                    -0.9236947601852723,
                    -5.080517265245061e-06,
                    -0.38312920794486616,
                    -1.0801515679200762
                ],
                [
                    0.0,
                    0.0,
                    0.0,
                    1.0
                ]
            ],
            "size": [
                0.1202,
                0.13634,
                0.67816
            ]
        },
        "distance": 0.0
    },
    {
        "case": 1,
        "collider1": {
            "type": "Box",
            "collider2origin": [
                [
                    1.0,
                    0.0,
                    0.0,
                    -0.26
                ],
                [
                    0.0,
                    1.0,
                    0.0,
                    -0.4608599999999999
                ],
                [
                    0.0,
                    0.0,
                    1.0,
                    -1.143
                ],
                [
                    0.0,
                    0.0,
                    0.0,
                    1.0
                ]
            ],
            "size": [
                1.48,
                0.272,
                0.945
            ]
        },
        "collider2": {
            "type": "Box",
            "collider2origin": [
                [
                    0.9737765610849763,
                    -0.0396461211770256,
                    0.22402543194274596,
                    0.4859449446629478
                ],
                [
                    0.023375694597863653,
                    -0.9620518881956202,
                    -0.2718634608058049,
                    -0.6360629363907808
                ],
                [
                    0.22630242151507068,
                    0.2699710160273851,
                    -0.9358968236518149,
                    -1.2962267270402077
                ],
                [
                    0.0,
                    0.0,
                    0.0,
                    1.0
                ]
            ],
            "size": [
                0.09126,
                0.11887,
                0.10009
            ]
        },
        "distance": 0.0
    },
    {
        "case": 2,
        "collider1": {
            "type": "Box",
            "collider2origin": [
                [
                    1.0,
                    0.0,
                    0.0,
                    -0.26
                ],
                [
                    0.0,
                    1.0,
                    0.0,
                    -0.4608599999999999
                ],
                [
                    0.0,
                    0.0,
                    1.0,
                    -1.143
                ],
                [
                    0.0,
                    0.0,
                    0.0,
                    1.0
                ]
            ],
            "size": [
                1.48,
                0.272,
                0.945
            ]
        },
        "collider2": {
            "type": "Box",
            "collider2origin": [
                [
                    0.5951590621628269,
                    -0.7717501516477533,
                    0.22402543194274596,
                    0.4644375681839229
                ],
                [
                    -0.7222801086127089,
                    -0.6359258631170019,
                    -0.2718634608058049,
                    -0.6015821024635788
                ],
                [
                    0.3522742332727129,
                    -7.110946092238241e-06,
                    -0.9358968236518149,
                    -1.1945513021146343
                ],
                [
                    0.0,
                    0.0,
                    0.0,
                    1.0
                ]
            ],
            "size": [
                0.09102,
                0.10007,
                0.11882
            ]
        },
        "distance": 0.0
    }
]