[
    {
        "case": 0,
        "collider1": {
            "type": "Box",
            "collider2origin": [
                [
                    1.0,
                    0.0,
                    0.0,
                    0.5199999999999999
                ],
                [
                    0.0,
                    1.0,
                    0.0,
                    -0.43085999999999997
                ],
                [
                    0.0,
                    0.0,
                    1.0,
                    -0.80301
                ],
                [
                    0.0,
                    0.0,
                    0.0,
                    1.0
                ]
            ],
            "size": [
                0.2,
                0.08,
                0.04
            ]
        },
        "collider2": {
            "type": "Cylinder",
            "collider2origin": [
                [
                    0.5840724598208898,
                    -0.6942672055419342,
                    -0.42053823724813444,
                    0.4905778787023851
                ],
                [
                    0.8111461169467011,
                    0.48006623650856545,
                    0.33403350958667366,
                    -0.4669312117915728
                ],
                [
                    -0.030022302394446653,
                    -0.536217731778328,
                    0.8435456155332923,
                    -0.798059306115081
                ],
                [
                    0.0,
                    0.0,
                    0.0,
                    1.0
                ]
            ],
            "radius": 0.0076,
            "height": 0.02993
        },
        "distance": 0.0
    },
    {
        "case": 1,
        "collider1": {
            "type": "Box",
            "collider2origin": [
                [
                    1.0,
                    0.0,
                    0.0,
                    -0.26
                ],
                [
                    0.0,
                    1.0,
                    0.0,
                    -0.4608599999999999
                ],
                [
                    0.0,
                    0.0,
                    1.0,
                    -1.143
                ],
                [
                    0.0,
                    0.0,
                    0.0,
                    1.0
                ]
            ],
            "size": [
                1.48,
                0.272,
                0.945
            ]
        },
        "collider2": {
            "type": "Cylinder",
            "collider2origin": [
                [
                    0.5840724598208898,
                    -0.6942672055419342,
                    -0.42053823724813444,
                    0.4905778787023851
                ],
                [
                    0.8111461169467011,
                    0.48006623650856545,
                    0.33403350958667366,
                    -0.4669312117915728
                ],
                [
                    -0.030022302394446653,
                    -0.536217731778328,
                    0.8435456155332923,
                    -0.798059306115081
                ],
                [
                    0.0,
                    0.0,
                    0.0,
                    1.0
                ]
            ],
            "radius": 0.0076,
            "height": 0.02993
        },
        "distance": 0.0
    },
    {
        "case": 2,
        "collider1": {
            "type": "Box",
            "collider2origin": [
                [
                    1.0,
                    0.0,
                    0.0,
                    0.5199999999999999
                ],
                [
                    0.0,
                    1.0,
                    0.0,
                    -0.43085999999999997
                ],
                [
                    0.0,
                    0.0,
                    1.0,
                    -0.80301
                ],
                [
                    0.0,
                    0.0,
                    0.0,
                    1.0
                ]
            ],
            "size": [
                0.2,
                0.08,
                0.04
            ]
        },
        "collider2": {
            "type": "Cylinder",
            "collider2origin": [
                [
                    0.5868567732095172,
                    -0.3686676568992868,
                    -0.7208906203402167,
                    0.4693949556826241
                ],
                [
                    0.8093465943901262,
                    0.24113716609964012,
                    0.5355473436350313,
                    -0.45087658176079404
                ],
                [
                    -0.023605463079912643,
                    -0.8977399544867227,
                    0.43989289177134777,
                    -0.7742320270653511
                ],
                [
                    0.0,
                    0.0,
                    0.0,
                    1.0
                ]
            ],
            "radius": 0.00783,
            "height": 0.03683
        },
        "distance": 0.0
    },
    {
        "case": 3,
        "collider1": {
            "type": "Box",
            "collider2origin": [
                [
                    1.0,
                    0.0,
                    0.0,
                    -0.26
                ],
                [
                    0.0,
                    1.0,
                    0.0,
                    -0.4608599999999999
                ],
                [
                    0.0,
                    0.0,
                    1.0,
                    -1.143
                ],
                [
                    0.0,
                    0.0,
                    0.0,
                    1.0
                ]
            ],
            "size": [
                1.48,
                0.272,
                0.945
            ]
        },
        "collider2": {
            "type": "Cylinder",
            "collider2origin": [
                [
                    0.5868567732095172,
                    -0.3686676568992868,
                    -0.7208906203402167,
                    0.4693949556826241
                ],
                [
                    0.8093465943901262,
                    0.24113716609964012,
                    0.5355473436350313,
                    -0.45087658176079404
                ],
                [
                    -0.023605463079912643,
                    -0.8977399544867227,
                    0.43989289177134777,
                    -0.7742320270653511
                ],
                [
                    0.0,
                    0.0,
                    0.0,
                    1.0
                ]
            ],
            "radius": 0.00783,
            "height": 0.03683
        },
        "distance": 0.0
    },
    {
        "case": 4,
        "collider1": {
            "type": "Box",
            "collider2origin": [
                [
                    1.0,
                    0.0,
                    0.0,
                    -0.26
                ],
                [
                    0.0,
                    1.0,
                    0.0,
                    -0.4608599999999999
                ],
                [
                    0.0,
                    0.0,
                    1.0,
                    -1.143
                ],
                [
                    0.0,
                    0.0,
                    0.0,
                    1.0
                ]
            ],
            "size": [
                1.48,
                0.272,
                0.945
            ]
        },
        "collider2": {
            "type": "Sphere",
            "collider2origin": [
                [
                    1.0,
                    0.0,
                    0.0,
                    0.47055043398427054
                ],
                [
                    0.0,
                    1.0,
                    0.0,
                    -0.48723882340319846
                ],
                [
                    0.0,
                    0.0,
                    1.0,
                    -0.8039981560905005
                ],
                [
                    0.0,
                    0.0,
                    0.0,
                    1.0
                ]
            ],
            "radius": 0.00484
        },
        "distance": 0.0
    },
    {
        "case": 5,
        "collider1": {
            "type": "Box",
            "collider2origin": [
                [
                    1.0,
                    0.0,
                    0.0,
                    0.5199999999999999
                ],
                [
                    0.0,
                    1.0,
                    0.0,
                    -0.43085999999999997
                ],
                [
                    0.0,
                    0.0,
                    1.0,
                    -0.80301
                ],
                [
                    0.0,
                    0.0,
                    0.0,
                    1.0
                ]
            ],
            "size": [
                0.2,
                0.08,
                0.04
            ]
        },
        "collider2": {
            "type": "Sphere",
            "collider2origin": [
                [
                    1.0,
                    0.0,
                    0.0,
                    0.46066811605077185
                ],
                [
                    0.0,
                    1.0,
                    0.0,
                    -0.42506285500074437
                ],
                [
                    0.0,
                    0.0,
                    1.0,
                    -0.8149535014555013
                ],
                [
                    0.0,
                    0.0,
                    0.0,
                    1.0
                ]
            ],
            "radius": 0.01051
        },
        "distance": 0.0
    },
    {
        "case": 6,
        "collider1": {
            "type": "Box",
            "collider2origin": [
                [
                    1.0,
                    0.0,
                    0.0,
                    -0.26
                ],
                [
                    0.0,
                    1.0,
                    0.0,
                    -0.4608599999999999
                ],
                [
                    0.0,
                    0.0,
                    1.0,
                    -1.143
                ],
                [
                    0.0,
                    0.0,
                    0.0,
                    1.0
                ]
            ],
            "size": [
                1.48,
                0.272,
                0.945
            ]
        },
        "collider2": {
            "type": "Sphere",
            "collider2origin": [
                [
                    1.0,
                    0.0,
                    0.0,
                    0.46066811605077185
                ],
                [
                    0.0,
                    1.0,
                    0.0,
                    -0.42506285500074437
                ],
                [
                    0.0,
                    0.0,
                    1.0,
                    -0.8149535014555013
                ],
                [
                    0.0,
                    0.0,
                    0.0,
                    1.0
                ]
            ],
            "radius": 0.01051
        },
        "distance": 0.0
    },
    {
        "case": 7,
        "collider1": {
            "type": "Box",
            "collider2origin": [
                [
                    1.0,
                    0.0,
                    0.0,
                    0.5199999999999999
                ],
                [
                    0.0,
                    1.0,
                    0.0,
                    -0.43085999999999997
                ],
                [
                    0.0,
                    0.0,
                    1.0,
                    -0.80301
                ],
                [
                    0.0,
                    0.0,
                    0.0,
                    1.0
                ]
            ],
            "size": [
                0.2,
                0.08,
                0.04
            ]
        },
        "collider2": {
            "type": "Sphere",
            "collider2origin": [
                [
                    1.0,
                    0.0,
                    0.0,
                    0.5271877848574922
                ],
                [
                    0.0,
                    1.0,
                    0.0,
                    -0.41847739026110686
                ],
                [
                    0.0,
                    0.0,
                    1.0,
                    -0.8133691203805364
                ],
                [
                    0.0,
                    0.0,
                    0.0,
                    1.0
                ]
            ],
            "radius": 0.00663
        },
        "distance": 0.0
    },
    {
        "case": 8,
        "collider1": {
            "type": "Box",
            "collider2origin": [
                [
                    1.0,
                    0.0,
                    0.0,
                    0.5199999999999999
                ],
                [
                    0.0,
                    1.0,
                    0.0,
                    -0.43085999999999997
                ],
                [
                    0.0,
                    0.0,
                    1.0,
                    -0.80301
                ],
                [
                    0.0,
                    0.0,
                    0.0,
                    1.0
                ]
            ],
            "size": [
                0.2,
                0.08,
                0.04
            ]
        },
        "collider2": {
            "type": "Sphere",
            "collider2origin": [
                [
                    1.0,
                    0.0,
                    0.0,
                    0.4963886673445894
                ],
                [
                    0.0,
                    1.0,
                    0.0,
                    -0.4720765162282582
                ],
                [
                    0.0,
                    0.0,
                    1.0,
                    -0.8126436256950084
                ],
                [
                    0.0,
                    0.0,
                    0.0,
                    1.0
                ]
            ],
            "radius": 0.00487
        },
        "distance": 0.0
    },
    {
        "case": 9,
        "collider1": {
            "type": "Box",
            "collider2origin": [
                [
                    1.0,
                    0.0,
                    0.0,
                    0.5199999999999999
                ],
                [
                    0.0,
                    1.0,
                    0.0,
                    -0.43085999999999997
                ],
                [
                    0.0,
                    0.0,
                    1.0,
                    -0.80301
                ],
                [
                    0.0,
                    0.0,
                    0.0,
                    1.0
                ]
            ],
            "size": [
                0.2,
                0.08,
                0.04
            ]
        },
        "collider2": {
            "type": "Cylinder",
            "collider2origin": [
                [
                    0.4409036078923951,
                    -0.890816219246693,
                    -0.10977464221984962,
                    0.4864102301303007
                ],
                [
                    0.8974646999024386,
                    0.4392794787841039,
                    0.03988297817604602,
                    -0.43313696102892263
                ],
                [
                    0.012693343786963386,
                    -0.11610341530804702,
                    0.9931560179434605,
                    -0.8197493450182626
                ],
                [
                    0.0,
                    0.0,
                    0.0,
                    1.0
                ]
            ],
            "radius": 0.00813,
            "height": 0.03824
        },
        "distance": 0.0
    },
    {
        "case": 10,
        "collider1": {
            "type": "Box",
            "collider2origin": [
                [
                    1.0,
                    0.0,
                    0.0,
                    -0.26
                ],
                [
                    0.0,
                    1.0,
                    0.0,
                    -0.4608599999999999
                ],
                [
                    0.0,
                    0.0,
                    1.0,
                    -1.143
                ],
                [
                    0.0,
                    0.0,
                    0.0,
                    1.0
                ]
            ],
            "size": [
                1.48,
                0.272,
                0.945
            ]
        },
        "collider2": {
            "type": "Cylinder",
            "collider2origin": [
                [
                    0.4409036078923951,
                    -0.890816219246693,
                    -0.10977464221984962,
                    0.4864102301303007
                ],
                [
                    0.8974646999024386,
                    0.4392794787841039,
                    0.03988297817604602,
                    -0.43313696102892263
                ],
                [
                    0.012693343786963386,
                    -0.11610341530804702,
                    0.9931560179434605,
                    -0.8197493450182626
                ],
                [
                    0.0,
                    0.0,
                    0.0,
                    1.0
                ]
            ],
            "radius": 0.00813,
            "height": 0.03824
        },
        "distance": 0.0
    },
    {
        "case": 11,
        "collider1": {
            "type": "Box",
            "collider2origin": [
                [
                    1.0,
                    0.0,
                    0.0,
                    0.5199999999999999
                ],
                [
                    0.0,
                    1.0,
                    0.0,
                    -0.43085999999999997
                ],
                [
                    0.0,
                    0.0,
                    1.0,
                    -0.80301
                ],
                [
                    0.0,
                    0.0,
                    0.0,
                    1.0
                ]
            ],
            "size": [
                0.2,
                0.08,
                0.04
            ]
        },
        "collider2": {
            "type": "Cylinder",
            "collider2origin": [
                [
                    0.14471597647666232,
                    -0.7413782399353969,
                    -0.6552980936205288,
                    0.43627444138611415
                ],
                [
                    0.6066787904127231,
                    -0.45669707695883544,
                    0.6506678301257952,
                    -0.3994441492927392
                ],
                [
                    -0.781663694574438,
                    -0.4917174851960713,
                    0.38368709039618526,
                    -0.8029396114026726
                ],
                [
                    0.0,
                    0.0,
                    0.0,
                    1.0
                ]
            ],
            "radius": 0.01271,
            "height": 0.05982
        },
        "distance": 0.0
    },
    {
        "case": 12,
        "collider1": {
            "type": "Box",
            "collider2origin": [
                [
                    1.0,
                    0.0,
                    0.0,
                    -0.26
                ],
                [
                    0.0,
                    1.0,
                    0.0,
                    -0.4608599999999999
                ],
                [
                    0.0,
                    0.0,
                    1.0,
                    -1.143
                ],
                [
                    0.0,
                    0.0,
                    0.0,
                    1.0
                ]
            ],
            "size": [
                1.48,
                0.272,
                0.945
            ]
        },
        "collider2": {
            "type": "Cylinder",
            "collider2origin": [
                [
                    0.14471597647666232,
                    -0.7413782399353969,
                    -0.6552980936205288,
                    0.43627444138611415
                ],
                [
                    0.6066787904127231,
                    -0.45669707695883544,
                    0.6506678301257952,
                    -0.3994441492927392
                ],
                [
                    -0.781663694574438,
                    -0.4917174851960713,
                    0.38368709039618526,
                    -0.8029396114026726
                ],
                [
                    0.0,
                    0.0,
                    0.0,
                    1.0
                ]
            ],
            "radius": 0.01271,
            "height": 0.05982
        },
        "distance": 0.0
    },
    {
        "case": 13,
        "collider1": {
            "type": "Box",
            "collider2origin": [
                [
                    1.0,
                    0.0,
                    0.0,
                    0.5199999999999999
                ],
                [
                    0.0,
                    1.0,
                    0.0,
                    -0.43085999999999997
                ],
                [
                    0.0,
                    0.0,
                    1.0,
                    -0.80301
                ],
                [
                    0.0,
                    0.0,
                    0.0,
                    1.0
                ]
            ],
            "size": [
                0.2,
                0.08,
                0.04
            ]
        },
        "collider2": {
            "type": "Cylinder",
            "collider2origin": [
                [
                    0.13205430728013268,
                    -0.6928381552287273,
                    -0.7088984063940459,
                    0.444637238215426
                ],
                [
                    0.5653650189176924,
                    -0.5347853784465104,
                    0.6279864603508735,
                    -0.41051309385621393
                ],
                [
                    -0.8142014832416853,
                    -0.48371467794462913,
                    0.32108574404349133,
                    -0.808183102171462
                ],
                [
                    0.0,
                    0.0,
                    0.0,
                    1.0
                ]
            ],
            "radius": 0.01169,
            "height": 0.05502
        },
        "distance": 0.0
    },
    {
        "case": 14,
        "collider1": {
            "type": "Box",
            "collider2origin": [
                [
                    1.0,
                    0.0,
                    0.0,
                    -0.26
                ],
                [
                    0.0,
                    1.0,
                    0.0,
                    -0.4608599999999999
                ],
                [
                    0.0,
                    0.0,
                    1.0,
                    -1.143
                ],
                [
                    0.0,
                    0.0,
                    0.0,
                    1.0
                ]
            ],
            "size": [
                1.48,
                0.272,
                0.945
            ]
        },
        "collider2": {
            "type": "Cylinder",
            "collider2origin": [
                [
                    0.13205430728013268,
                    -0.6928381552287273,
                    -0.7088984063940459,
                    0.444637238215426
                ],
                [
                    0.5653650189176924,
                    -0.5347853784465104,
                    0.6279864603508735,
                    -0.41051309385621393
                ],
                [
                    -0.8142014832416853,
                    -0.48371467794462913,
                    0.32108574404349133,
                    -0.808183102171462
                ],
                [
                    0.0,
                    0.0,
                    0.0,
                    1.0
                ]
            ],
            "radius": 0.01169,
            "height": 0.05502
        },
        "distance": 0.0
    },
    {
        "case": 15,
        "collider1": {
            "type": "Box",
            "collider2origin": [
                [
                    1.0,
                    0.0,
                    0.0,
                    0.5199999999999999
                ],
                [
                    0.0,
                    1.0,
                    0.0,
                    -0.43085999999999997
                ],
                [
                    0.0,
                    0.0,
                    1.0,
                    -0.80301
                ],
                [
                    0.0,
                    0.0,
                    0.0,
                    1.0
                ]
            ],
            "size": [
                0.2,
                0.08,
                0.04
            ]
        },
        "collider2": {
            "type": "Cylinder",
            "collider2origin": [
                [
                    0.30473120011254035,
                    -0.759187938778771,
                    -0.5751283068071084,
                    0.5168491285307769
                ],
                [
                    0.9522636453302229,
                    0.2544232220235935,
                    0.1687091398754924,
                    -0.414291827307784
                ],
                [
                    0.018244052739623994,
                    -0.5990847166369488,
                    0.8004777678559598,
                    -0.7964056346502437
                ],
                [
                    0.0,
                    0.0,
                    0.0,
                    1.0
                ]
            ],
            "radius": 0.00796,
            "height": 0.03037
        },
        "distance": 0.0
    },
    {
        "case": 16,
        "collider1": {
            "type": "Box",
            "collider2origin": [
                [
                    1.0,
                    0.0,
                    0.0,
                    0.5199999999999999
                ],
                [
                    0.0,
                    1.0,
                    0.0,
                    -0.43085999999999997
                ],
                [
                    0.0,
                    0.0,
                    1.0,
                    -0.80301
                ],
                [
                    0.0,
                    0.0,
                    0.0,
                    1.0
                ]
            ],
            "size": [
                0.2,
                0.08,
                0.04
            ]
        },
        "collider2": {
            "type": "Box",
            "collider2origin": [
                [
                    0.014382636242261054,
                    -0.784316556996421,
                    -0.6201940649474182,
                    0.49869777105825497
                ],
                [
                    -0.018177780030099913,
                    -0.6203608130815119,
                    0.7841058792701547,
                    -0.44390689326285104
                ],
                [
                    -0.9997313179489277,
                    -3.7583483732313007e-06,
                    -0.023179557760550966,
                    -0.7748807531378237
                ],
                [
                    0.0,
                    0.0,
                    0.0,
                    1.0
                ]
            ],
            "size": [
                0.1202,
                0.13634,
                0.67816
            ]
        },
        "distance": 0.0
    },
    {
        "case": 17,
        "collider1": {
            "type": "Cylinder",
            "collider2origin": [
                [
                    1.0,
                    0.0,
                    0.0,
                    0.4849999999999999
                ],
                [
                    0.0,
                    -3.673205103346574e-06,
                    -0.9999999999932537,
                    -0.46086
                ],
                [
                    0.0,
                    0.9999999999932537,
                    -3.673205103346574e-06,
                    -0.70001
                ],
                [
                    0.0,
                    0.0,
                    0.0,
                    1.0
                ]
            ],
            "radius": 0.026,
            "height": 0.272
        },
        "collider2": {
            "type": "Box",
            "collider2origin": [
                [
                    0.014382636242261054,
                    -0.784316556996421,
                    -0.6201940649474182,
                    0.49869777105825497
                ],
                [
                    -0.018177780030099913,
                    -0.6203608130815119,
                    0.7841058792701547,
                    -0.44390689326285104
                ],
                [
                    -0.9997313179489277,
                    -3.7583483732313007e-06,
                    -0.023179557760550966,
                    -0.7748807531378237
                ],
                [
                    0.0,
                    0.0,
                    0.0,
                    1.0
                ]
            ],
            "size": [
                0.1202,
                0.13634,
                0.67816
            ]
        },
        "distance": 0.0
    },
    {
        "case": 18,
        "collider1": {
            "type": "Box",
            "collider2origin": [
                [
                    1.0,
                    0.0,
                    0.0,
                    0.246
                ],
                [
                    0.0,
                    1.0,
                    0.0,
                    -0.24786000000000002
                ],
                [
                    0.0,
                    0.0,
                    1.0,
                    -0.71801
                ],
                [
                    0.0,
                    0.0,
                    0.0,
                    1.0
                ]
            ],
            "size": [
                0.12,
                0.16,
                0.08
            ]
        },
        "collider2": {
            "type": "Box",
            "collider2origin": [
                [
                    0.014382636242261054,
                    -0.784316556996421,
                    -0.6201940649474182,
                    0.49869777105825497
                ],
                [
                    -0.018177780030099913,
                    -0.6203608130815119,
                    0.7841058792701547,
                    -0.44390689326285104
                ],
                [
                    -0.9997313179489277,
                    -3.7583483732313007e-06,
                    -0.023179557760550966,
                    -0.7748807531378237
                ],
                [
                    0.0,
                    0.0,
                    0.0,
                    1.0
                ]
            ],
            "size": [
                0.1202,
                0.13634,
                0.67816
            ]
        },
        "distance": 0.0
    },
    {
        "case": 19,
        "collider1": {
            "type": "Box",
            "collider2origin": [
                [
                    1.0,
                    0.0,
                    0.0,
                    0.28600000000000003
                ],
                [
                    0.0,
                    1.0,
                    0.0,
                    -0.19785999999999998
                ],
                [
                    0.0,
                    0.0,
                    1.0,
                    -0.70601
                ],
                [
                    0.0,
                    0.0,
                    0.0,
                    1.0
                ]
            ],
            "size": [
                0.04,
                0.04,
                0.12
            ]
        },
        "collider2": {
            "type": "Box",
            "collider2origin": [
                [
                    0.014382636242261054,
                    -0.784316556996421,
                    -0.6201940649474182,
                    0.49869777105825497
                ],
                [
                    -0.018177780030099913,
                    -0.6203608130815119,
                    0.7841058792701547,
                    -0.44390689326285104
                ],
                [
                    -0.9997313179489277,
                    -3.7583483732313007e-06,
                    -0.023179557760550966,
                    -0.7748807531378237
                ],
                [
                    0.0,
                    0.0,
                    0.0,
                    1.0
                ]
            ],
            "size": [
                0.1202,
                0.13634,
                0.67816
            ]
        },
        "distance": 0.0
    },
    {
        "case": 20,
        "collider1": {
            "type": "Box",
            "collider2origin": [
                [
                    1.0,
                    0.0,
                    0.0,
                    -0.26
                ],
                [
                    0.0,
                    1.0,
                    0.0,
                    -0.4608599999999999
                ],
                [
                    0.0,
                    0.0,
                    1.0,
                    -1.143
                ],
                [
                    0.0,
                    0.0,
                    0.0,
                    1.0
                ]
            ],
            "size": [
                1.48,
                0.272,
                0.945
            ]
        },
        "collider2": {
            "type": "Box",
            "collider2origin": [
                [
                    0.014382636242261054,
                    -0.784316556996421,
                    -0.6201940649474182,
                    0.49869777105825497
                ],
                [
                    -0.018177780030099913,
                    -0.6203608130815119,
                    0.7841058792701547,
                    -0.44390689326285104
                ],
                [
                    -0.9997313179489277,
                    -3.7583483732313007e-06,
                    -0.023179557760550966,
                    -0.7748807531378237
                ],
                [
                    0.0,
                    0.0,
                    0.0,
                    1.0
                ]
            ],
            "size": [
                0.1202,
                0.13634,
                0.67816
            ]
        },
        "distance": 0.0
    },
    {
        "case": 21,
        "collider1": {
            "type": "Box",
            "collider2origin": [
                [
                    1.0,
                    0.0,
                    0.0,
                    -0.08500000000000019
                ],
                [
                    0.0,
                    1.0,
                    0.0,
                    -0.03585999999999995
                ],
                [
                    0.0,
                    0.0,
                    1.0,
                    -0.81301
                ],
                [
                    0.0,
                    0.0,
                    0.0,
                    1.0
                ]
            ],
            "size": [
                1.01,
                0.28,
                0.27
            ]
        },
        "collider2": {
            "type": "Box",
            "collider2origin": [
                [
                    0.014382636242261054,
                    -0.784316556996421,
                    -0.6201940649474182,
                    0.49869777105825497
                ],
                [
                    -0.018177780030099913,
                    -0.6203608130815119,
                    0.7841058792701547,
                    -0.44390689326285104
                ],
                [
                    -0.9997313179489277,
                    -3.7583483732313007e-06,
                    -0.023179557760550966,
                    -0.7748807531378237
                ],
                [
                    0.0,
                    0.0,
                    0.0,
                    1.0
                ]
            ],
            "size": [
                0.1202,
                0.13634,
                0.67816
            ]
        },
        "distance": 0.0
    },
    {
        "case": 22,
        "collider1": {
            "type": "Box",
            "collider2origin": [
                [
                    1.0,
                    0.0,
                    0.0,
                    -0.26
                ],
                [
                    0.0,
                    1.0,
                    0.0,
                    -0.4608599999999999
                ],
                [
                    0.0,
                    0.0,
                    1.0,
                    -1.143
                ],
                [
                    0.0,
                    0.0,
                    0.0,
                    1.0
                ]
            ],
            "size": [
                1.48,
                0.272,
                0.945
            ]
        },
        "collider2": {
            "type": "Box",
            "collider2origin": [
                [
                    0.4873361187433702,
                    0.8552891710802306,
                    -0.17602255878449014,
                    0.4388602788486682
                ],
                [
                    0.8731130154193361,
                    -0.474203945457033,
                    0.11315600036382191,
                    -0.4167780977018828
                ],
                [
                    0.013310509888879815,
                    -0.20883259311198182,
                    -0.9778608174891877,
                    -0.7572398360629845
                ],
                [
                    0.0,
                    0.0,
                    0.0,
                    1.0
                ]
            ],
            "size": [
                0.07264,
                0.04753,
                0.03326
            ]
        },
        "distance": 0.0
    },
    {
        "case": 23,
        "collider1": {
            "type": "Box",
            "collider2origin": [
                [
                    1.0,
                    0.0,
                    0.0,
                    0.5199999999999999
                ],
                [
