[
    {
        "case": 0,
        "collider1": {
            "type": "Box",
            "collider2origin": [
                [
                    1.0,
                    0.0,
                    0.0,
                    0.7
                ],
                [
                    0.0,
                    1.0,
                    0.0,
                    -0.15085999999999994
                ],
                [
                    0.0,
                    0.0,
                    1.0,
                    -1.03301
                ],
                [
                    0.0,
                    0.0,
                    0.0,
                    1.0
                ]
            ],
            "size": [
                0.6,
                0.06,
                0.06
            ]
        },
        "collider2": {
            "type": "Box",
            "collider2origin": [
                [
                    0.6250664277456491,
                    0.5675228226907264,
                    0.5359195897058098,
                    0.5113340824002415
                ],
                [
                    -0.2453358848579565,
                    0.794618108843804,
                    -0.5553308605673376,
                    -0.25455072826388736
                ],
                [
                    -0.7410143483808237,
                    0.21563837047855502,
                    0.6359228165989145,
                    -0.9864201067285289
                ],
                [
                    0.0,
                    0.0,
                    0.0,
                    1.0
                ]
            ],
            "size": [
                0.09126,
                0.11887,
                0.10009
            ]
        },
        "distance": 0.0
    },
    {
        "case": 1,
        "collider1": {
            "type": "Box",
            "collider2origin": [
                [
                    1.0,
                    0.0,
                    0.0,
                    -0.08499999999999996
                ],
                [
                    0.0,
                    1.0,
                    0.0,
                    0.42914
                ],
                [
                    0.0,
                    0.0,
                    1.0,
                    -1.2880099999999999
                ],
                [
                    0.0,
                    0.0,
                    0.0,
                    1.0
                ]
            ],
            "size": [
                1.02,
                1.22,
                0.75
            ]
        },
        "collider2": {
            "type": "Box",
            "collider2origin": [
                [
                    0.6250664277456491,
                    0.5675228226907264,
                    0.5359195897058098,
                    0.5113340824002415
                ],
                [
                    -0.2453358848579565,
                    0.794618108843804,
                    -0.5553308605673376,
                    -0.25455072826388736
                ],
                [
                    -0.7410143483808237,
                    0.21563837047855502,
                    0.6359228165989145,
                    -0.9864201067285289
                ],
                [
                    0.0,
                    0.0,
                    0.0,
                    1.0
                ]
            ],
            "size": [
                0.09126,
                0.11887,
                0.10009
            ]
        },
        "distance": 0.04539046228811593
    },
    {
        "case": 2,
        "collider1": {
            "type": "Box",
            "collider2origin": [
                [
                    1.0,
                    0.0,
                    0.0,
                    -0.26
                ],
                [
                    0.0,
                    1.0,
                    0.0,
                    -0.4608599999999999
                ],
                [
                    0.0,
                    0.0,
                    1.0,
                    -1.143
                ],
                [
                    0.0,
                    0.0,
                    0.0,
                    1.0
                ]
            ],
            "size": [
                1.48,
                0.272,
                0.945
            ]
        },
        "collider2": {
            "type": "Box",
            "collider2origin": [
                [
                    0.6250664277456491,
                    0.5675228226907264,
                    0.5359195897058098,
                    0.5113340824002415
                ],
                [
                    -0.2453358848579565,
                    0.794618108843804,
                    -0.5553308605673376,
                    -0.25455072826388736
                ],
                [
                    -0.7410143483808237,
                    0.21563837047855502,
                    0.6359228165989145,
                    -0.9864201067285289
                ],
                [
                    0.0,
                    0.0,
                    0.0,
                    1.0
                ]
            ],
            "size": [
                0.09126,
                0.11887,
                0.10009
            ]
        },
        "distance": 0.004538636411066887
    },
    {
        "case": 3,
        "collider1": {
            "type": "Box",
            "collider2origin": [
                [
                    1.0,
                    0.0,
                    0.0,
                    0.7
                ],
                [
                    0.0,
                    1.0,
                    0.0,
                    -0.15085999999999994
                ],
                [
                    0.0,
                    0.0,
                    1.0,
                    -1.03301
                ],
                [
                    0.0,
                    0.0,
                    0.0,
                    1.0
                ]
            ],
            "size": [
                0.6,
                0.06,
                0.06
            ]
        },
        "collider2": {
            "type": "Box",
            "collider2origin": [
                [
                    0.8199346513236995,
                    0.5675205785950788,
                    -0.07501706758991548,
                    0.555628506987913
                ],
                [
                    -0.5692950384983464,
                    0.7946193739706857,
                    -0.2109104304002091,
                    -0.19748692767998088
                ],
                [
                    -0.060085994207048604,
                    0.21563961459236086,
                    0.9746226089716,
                    -0.9669524383692868
                ],
                [
                    0.0,
                    0.0,
                    0.0,
                    1.0
                ]
            ],
            "size": [
                0.08993,
                0.0305,
                0.09007
            ]
        },
        "distance": 0.0
    },
    {
        "case": 4,
        "collider1": {
            "type": "Box",
            "collider2origin": [
                [
                    1.0,
                    0.0,
                    0.0,
                    0.7
                ],
                [
                    0.0,
                    1.0,
                    0.0,
                    -0.15085999999999994
                ],
                [
                    0.0,
                    0.0,
                    1.0,
                    -1.03301
                ],
                [
                    0.0,
                    0.0,
                    0.0,
                    1.0
                ]
            ],
            "size": [
                0.6,
                0.06,
                0.06
            ]
        },
        "collider2": {
            "type": "Box",
            "collider2origin": [
                [
                    0.4415955388626704,
                    0.7195717986595529,
                    0.5359195897058098,
                    0.4485216666513242
                ],
                [
                    -0.45759284165016495,
                    0.694418048852467,
                    -0.5553308605673376,
                    -0.19820196888098862
                ],
                [
                    -0.7717526620149198,
                    -1.3373301680899359e-06,
                    0.6359228165989145,
                    -1.0562326297336346
                ],
                [
                    0.0,
                    0.0,
                    0.0,
                    1.0
                ]
            ],
            "size": [
                0.09102,
                0.10007,
                0.11882
            ]
        },
        "distance": 0.0
    },
    {
        "case": 5,
        "collider1": {
            "type": "Box",
            "collider2origin": [
                [
                    1.0,
                    0.0,
                    0.0,
                    -0.08499999999999996
                ],
                [
                    0.0,
                    1.0,
                    0.0,
                    0.42914
                ],
                [
                    0.0,
                    0.0,
                    1.0,
                    -1.2880099999999999
                ],
                [
                    0.0,
                    0.0,
                    0.0,
                    1.0
                ]
            ],
            "size": [
                1.02,
                1.22,
                0.75
            ]
        },
        "collider2": {
            "type": "Box",
            "collider2origin": [
                [
                    0.4415955388626704,
                    0.7195717986595529,
                    0.5359195897058098,
                    0.4485216666513242
                ],
                [
                    -0.45759284165016495,
                    0.694418048852467,
                    -0.5553308605673376,
                    -0.19820196888098862
                ],
                [
                    -0.7717526620149198,
                    -1.3373301680899359e-06,
                    0.6359228165989145,
                    -1.0562326297336346
                ],
                [
                    0.0,
                    0.0,
                    0.0,
                    1.0
                ]
            ],
            "size": [
                0.09102,
                0.10007,
                0.11882
            ]
        },
        "distance": 0.0
    },
    {
        "case": 6,
        "collider1": {
            "type": "Box",
            "collider2origin": [
                [
                    1.0,
                    0.0,
                    0.0,
                    0.7
                ],
                [
                    0.0,
                    1.0,
                    0.0,
                    -0.15085999999999994
                ],
                [
                    0.0,
                    0.0,
                    1.0,
                    -1.03301
                ],
                [
                    0.0,
                    0.0,
                    0.0,
                    1.0
                ]
            ],
            "size": [
                0.6,
                0.06,
                0.06
            ]
        },
        "collider2": {
            "type": "Box",
            "collider2origin": [
                [
                    -0.3579744291865606,
                    0.7195676444003258,
                    -0.5950434548675603,
                    0.5405266282111809
                ],
                [
                    0.3709436851123711,
                    0.6944223535437041,
                    0.6165860664774032,
                    -0.4544783231352234
                ],
                [
                    0.856886859815116,
                    -5.566758934569441e-06,
                    -0.5155045193256805,
                    -0.9076135866089498
                ],
                [
                    0.0,
                    0.0,
                    0.0,
                    1.0
                ]
            ],
            "size": [
                0.1202,
                0.13634,
                0.67816
            ]
        },
        "distance": 0.020718860827244875
    },
    {
        "case": 7,
        "collider1": {
            "type": "Box",
            "collider2origin": [
                [
                    1.0,
                    0.0,
                    0.0,
                    0.5199999999999999
                ],
                [
                    0.0,
                    1.0,
                    0.0,
                    -0.43085999999999997
                ],
                [
                    0.0,
                    0.0,
                    1.0,
                    -0.80301
                ],
                [
                    0.0,
                    0.0,
                    0.0,
                    1.0
                ]
            ],
            "size": [
                0.2,
                0.08,
                0.04
            ]
        },
        "collider2": {
            "type": "Box",
            "collider2origin": [
                [
                    -0.3579744291865606,
                    0.7195676444003258,
                    -0.5950434548675603,
                    0.5405266282111809
                ],
                [
                    0.3709436851123711,
                    0.6944223535437041,
                    0.6165860664774032,
                    -0.4544783231352234
                ],
                [
                    0.856886859815116,
                    -5.566758934569441e-06,
                    -0.5155045193256805,
                    -0.9076135866089498
                ],
                [
                    0.0,
                    0.0,
                    0.0,
                    1.0
                ]
            ],
            "size": [
                0.1202,
                0.13634,
                0.67816
            ]
        },
        "distance": 0.0
    },
    {
        "case": 8,
        "collider1": {
            "type": "Cylinder",
            "collider2origin": [
                [
                    1.0,
                    0.0,
                    0.0,
                    0.4849999999999999
                ],
                [
                    0.0,
                    -3.673205103346574e-06,
                    -0.9999999999932537,
                    -0.46086
                ],
                [
                    0.0,
                    0.9999999999932537,
                    -3.673205103346574e-06,
                    -0.70001
                ],
                [
                    0.0,
                    0.0,
                    0.0,
                    1.0
                ]
            ],
            "radius": 0.026,
            "height": 0.272
        },
        "collider2": {
            "type": "Box",
            "collider2origin": [
                [
                    -0.3579744291865606,
                    0.7195676444003258,
                    -0.5950434548675603,
                    0.5405266282111809
                ],
                [
                    0.3709436851123711,
                    0.6944223535437041,
                    0.6165860664774032,
                    -0.4544783231352234
                ],
                [
                    0.856886859815116,
                    -5.566758934569441e-06,
                    -0.5155045193256805,
                    -0.9076135866089498
                ],
                [
                    0.0,
                    0.0,
                    0.0,
                    1.0
                ]
            ],
            "size": [
                0.1202,
                0.13634,
                0.67816
            ]
        },
        "distance": 0.08213728465130664
    },
    {
        "case": 9,
        "collider1": {
            "type": "Box",
            "collider2origin": [
                [
                    1.0,
                    0.0,
                    0.0,
                    0.246
                ],
                [
                    0.0,
                    1.0,
                    0.0,
                    -0.24786000000000002
                ],
                [
                    0.0,
                    0.0,
                    1.0,
                    -0.71801
                ],
                [
                    0.0,
                    0.0,
                    0.0,
                    1.0
                ]
            ],
            "size": [
                0.12,
                0.16,
                0.08
            ]
        },
        "collider2": {
            "type": "Box",
            "collider2origin": [
                [
                    -0.3579744291865606,
                    0.7195676444003258,
                    -0.5950434548675603,
                    0.5405266282111809
                ],
                [
                    0.3709436851123711,
                    0.6944223535437041,
                    0.6165860664774032,
                    -0.4544783231352234
                ],
                [
                    0.856886859815116,
                    -5.566758934569441e-06,
                    -0.5155045193256805,
                    -0.9076135866089498
                ],
                [
                    0.0,
                    0.0,
                    0.0,
                    1.0
                ]
            ],
            "size": [
                0.1202,
                0.13634,
                0.67816
            ]
        },
        "distance": 0.1994185418465653
    },
    {
        "case": 10,
        "collider1": {
            "type": "Box",
            "collider2origin": [
                [
                    1.0,
                    0.0,
                    0.0,
                    0.28600000000000003
                ],
                [
                    0.0,
                    1.0,
                    0.0,
                    -0.19785999999999998
                ],
                [
                    0.0,
                    0.0,
                    1.0,
                    -0.70601
                ],
                [
                    0.0,
                    0.0,
                    0.0,
                    1.0
                ]
            ],
            "size": [
                0.04,
                0.04,
                0.12
            ]
        },
        "collider2": {
            "type": "Box",
            "collider2origin": [
                [
                    -0.3579744291865606,
                    0.7195676444003258,
                    -0.5950434548675603,
                    0.5405266282111809
                ],
                [
                    0.3709436851123711,
                    0.6944223535437041,
                    0.6165860664774032,
                    -0.4544783231352234
                ],
                [
                    0.856886859815116,
                    -5.566758934569441e-06,
                    -0.5155045193256805,
                    -0.9076135866089498
                ],
                [
                    0.0,
                    0.0,
                    0.0,
                    1.0
                ]
            ],
            "size": [
                0.1202,
                0.13634,
                0.67816
            ]
        },
        "distance": 0.23296486127973645
    },
    {
        "case": 11,
        "collider1": {
            "type": "Box",
            "collider2origin": [
                [
                    1.0,
                    0.0,
                    0.0,
                    -0.08499999999999996
                ],
                [
                    0.0,
                    1.0,
                    0.0,
                    0.42914
                ],
                [
                    0.0,
                    0.0,
                    1.0,
                    -1.2880099999999999
                ],
                [
                    0.0,
                    0.0,
                    0.0,
                    1.0
                ]
            ],
            "size": [
                1.02,
                1.22,
                0.75
            ]
        },
        "collider2": {
            "type": "Box",
            "collider2origin": [
                [
                    -0.3579744291865606,
                    0.7195676444003258,
                    -0.5950434548675603,
                    0.5405266282111809
                ],
                [
                    0.3709436851123711,
                    0.6944223535437041,
                    0.6165860664774032,
                    -0.4544783231352234
                ],
                [
                    0.856886859815116,
                    -5.566758934569441e-06,
                    -0.5155045193256805,
                    -0.9076135866089498
                ],
                [
                    0.0,
                    0.0,
                    0.0,
                    1.0
                ]
            ],
            "size": [
                0.1202,
                0.13634,
                0.67816
            ]
        },
        "distance": 0.0
    },
    {
        "case": 12,
        "collider1": {
            "type": "Box",
            "collider2origin": [
                [
                    1.0,
                    0.0,
                    0.0,
                    -0.26
                ],
                [
                    0.0,
                    1.0,
                    0.0,
                    -0.4608599999999999
                ],
                [
                    0.0,
                    0.0,
                    1.0,
                    -1.143
                ],
                [
                    0.0,
                    0.0,
                    0.0,
                    1.0
                ]
            ],
            "size": [
                1.48,
                0.272,
                0.945
            ]
        },
        "collider2": {
            "type": "Box",
            "collider2origin": [
                [
                    -0.3579744291865606,
                    0.7195676444003258,
                    -0.5950434548675603,
                    0.5405266282111809
                ],
                [
                    0.3709436851123711,
                    0.6944223535437041,
                    0.6165860664774032,
                    -0.4544783231352234
                ],
                [
                    0.856886859815116,
                    -5.566758934569441e-06,
                    -0.5155045193256805,
                    -0.9076135866089498
                ],
                [
                    0.0,
                    0.0,
                    0.0,
                    1.0
                ]
            ],
            "size": [
                0.1202,
                0.13634,
                0.67816
            ]
        },
        "distance": 0.0
    },
    {
        "case": 13,
        "collider1": {
            "type": "Box",
            "collider2origin": [
                [
                    1.0,
                    0.0,
                    0.0,
                    -0.08500000000000019
                ],
                [
                    0.0,
                    1.0,
                    0.0,
                    -0.03585999999999995
                ],
                [
                    0.0,
                    0.0,
                    1.0,
                    -0.81301
                ],
                [
                    0.0,
                    0.0,
                    0.0,
                    1.0
                ]
            ],
            "size": [
                1.01,
                0.28,
                0.27
            ]
        },
        "collider2": {
            "type": "Box",
            "collider2origin": [
                [
                    -0.3579744291865606,
                    0.7195676444003258,
                    -0.5950434548675603,
                    0.5405266282111809
                ],
                [
                    0.3709436851123711,
                    0.6944223535437041,
                    0.6165860664774032,
                    -0.4544783231352234
                ],
                [
                    0.856886859815116,
                    -5.566758934569441e-06,
                    -0.5155045193256805,
                    -0.9076135866089498
                ],
                [
                    0.0,
                    0.0,
                    0.0,
                    1.0
                ]
            ],
            "size": [
                0.1202,
                0.13634,
                0.67816
            ]
        },
        "distance": 0.06354661953877555
    }
]