[
    {
        "case": 0,
        "collider1": {
            "type": "Box",
            "collider2origin": [
                [
                    1.0,
                    0.0,
                    0.0,
                    1.23
                ],
                [
                    0.0,
                    1.0,
                    0.0,
                    -0.23086
                ],
                [
                    0.0,
                    0.0,
                    1.0,
                    -0.54301
                ],
                [
                    0.0,
                    0.0,
                    0.0,
                    1.0
                ]
            ],
            "size": [
                0.1,
                0.16,
                0.1
            ]
        },
        "collider2": {
            "type": "Box",
            "collider2origin": [
                [
                    -0.3245590349513479,
                    -0.9320394556377437,
                    0.1611331311864442,
                    1.1547783879298807
                ],
                [
                    -0.8348261150722152,
                    0.36235680355971067,
                    0.4144428844936557,
                    -0.4688628640553747
                ],
                [
                    -0.4446648068206907,
                    -6.9632840870112345e-06,
                    -0.8956970523154748,
                    -0.18479207759090244
                ],
                [
                    0.0,
                    0.0,
                    0.0,
                    1.0
                ]
            ],
            "size": [
                0.1202,
                0.13634,
                0.67816
            ]
        },
        "distance": 0.0065370846364250015
    },
    {
        "case": 1,
        "collider1": {
            "type": "Box",
            "collider2origin": [
                [
                    1.0,
                    0.0,
                    0.0,
                    1.28
                ],
                [
                    0.0,
                    1.0,
                    0.0,
                    -0.23086
                ],
                [
                    0.0,
                    0.0,
                    1.0,
                    -0.67301
                ],
                [
                    0.0,
                    0.0,
                    0.0,
                    1.0
                ]
            ],
            "size": [
                0.06,
                0.06,
                0.33
            ]
        },
        "collider2": {
            "type": "Box",
            "collider2origin": [
                [
                    -0.3245590349513479,
                    -0.9320394556377437,
                    0.1611331311864442,
                    1.1547783879298807
                ],
                [
                    -0.8348261150722152,
                    0.36235680355971067,
                    0.4144428844936557,
                    -0.4688628640553747
                ],
                [
                    -0.4446648068206907,
                    -6.9632840870112345e-06,
                    -0.8956970523154748,
                    -0.18479207759090244
                ],
                [
                    0.0,
                    0.0,
                    0.0,
                    1.0
                ]
            ],
            "size": [
                0.1202,
                0.13634,
                0.67816
            ]
        },
        "distance": 0.05197909684078046
    },
    {
        "case": 2,
        "collider1": {
            "type": "Box",
            "collider2origin": [
                [
                    1.0,
                    0.0,
                    0.0,
                    1.23
                ],
                [
                    0.0,
                    1.0,
                    0.0,
                    -0.23086
                ],
                [
                    0.0,
                    0.0,
                    1.0,
                    -0.54301
                ],
                [
                    0.0,
                    0.0,
                    0.0,
                    1.0
                ]
            ],
            "size": [
                0.1,
                0.16,
                0.1
            ]
        },
        "collider2": {
            "type": "Cylinder",
            "collider2origin": [
                [
                    0.31552646681204144,
                    -0.8704038907546295,
                    -0.3779419475267488,
                    1.2910209133088173
                ],
                [
                    0.8117524360645729,
                    0.45385112466896593,
                    -0.36752841955411514,
                    -0.14782517690232033
                ],
                [
                    0.4914275442873961,
                    -0.19083035292090367,
                    0.8497545205056235,
                    -0.5119530400408938
                ],
                [
                    0.0,
                    0.0,
                    0.0,
                    1.0
                ]
            ],
            "radius": 0.00783,
            "height": 0.03044
        },
        "distance": 0.0
    },
    {
        "case": 3,
        "collider1": {
            "type": "Box",
            "collider2origin": [
                [
                    1.0,
                    0.0,
                    0.0,
                    1.23
                ],
                [
                    0.0,
                    1.0,
                    0.0,
                    -0.23086
                ],
                [
                    0.0,
                    0.0,
                    1.0,
                    -0.54301
                ],
                [
                    0.0,
                    0.0,
                    0.0,
                    1.0
                ]
            ],
            "size": [
                0.1,
                0.16,
                0.1
            ]
        },
        "collider2": {
            "type": "Box",
            "collider2origin": [
                [
                    0.07433685838896185,
                    0.829824526955386,
                    -0.5530508891125018,
                    1.274104967523078
                ],
                [
                    0.7393884064391586,
                    0.3262737258676323,
                    0.5889399292218301,
                    -0.14375165537516632
                ],
                [
                    0.6691627723567868,
                    -0.4526993596988209,
                    -0.5893084708538102,
                    -0.4621656384578958
                ],
                [
                    0.0,
                    0.0,
                    0.0,
                    1.0
                ]
            ],
            "size": [
                0.07264,
                0.04753,
                0.03326
            ]
        },
        "distance": 0.0
    }
]