[
    {
        "case": 0,
        "collider1": {
            "type": "Box",
            "collider2origin": [
                [
                    1.0,
                    0.0,
                    0.0,
                    -0.06
                ],
                [
                    0.0,
                    1.0,
                    0.0,
                    -0.37086
                ],
                [
                    0.0,
                    0.0,
                    1.0,
                    -0.40301
                ],
                [
                    0.0,
                    0.0,
                    0.0,
                    1.0
                ]
            ],
            "size": [
                0.1,
                1.0,
                1.64
            ]
        },
        "collider2": {
            "type": "Box",
            "collider2origin": [
                [
                    -0.9762404859326651,
                    -0.16390857684378887,
                    -0.1417338776122254,
                    -0.018874865313647904
                ],
                [
                    0.21641652503846656,
                    -0.7046708021051588,
                    -0.6757240178880328,
                    -0.29098855346210706
                ],
                [
                    0.010881236888713626,
                    -0.6903426968524514,
                    0.7234006908942345,
                    -0.5051559255918835
                ],
                [
                    0.0,
                    0.0,
                    0.0,
                    1.0
                ]
            ],
            "size": [
                0.06241,
                0.05638,
                0.02858
            ]
        },
        "distance": 0.0
    },
    {
        "case": 1,
        "collider1": {
            "type": "Box",
            "collider2origin": [
                [
                    1.0,
                    0.0,
                    0.0,
                    -0.06
                ],
                [
                    0.0,
                    1.0,
                    0.0,
                    -0.37086
                ],
                [
                    0.0,
                    0.0,
                    1.0,
                    -0.40301
                ],
                [
                    0.0,
                    0.0,
                    0.0,
                    1.0
                ]
            ],
            "size": [
                0.1,
                1.0,
                1.64
            ]
        },
        "collider2": {
            "type": "Box",
            "collider2origin": [
                [
                    -0.1481314409117766,
                    0.5506803101930589,
                    -0.8214671461349368,
                    0.29203276809961165
                ],
                [
                    0.09773060671157982,
                    0.8347162367816802,
                    0.5419386797090759,
                    -0.4751905436050915
                ],
                [
                    0.9841269251093516,
                    -4.325074266168789e-06,
                    -0.17746603972621464,
                    -0.32406288252024895
                ],
                [
                    0.0,
                    0.0,
                    0.0,
                    1.0
                ]
            ],
            "size": [
                0.1202,
                0.13634,
                0.67816
            ]
        },
        "distance": 0.0
    },
    {
        "case": 2,
        "collider1": {
            "type": "Box",
            "collider2origin": [
                [
                    1.0,
                    0.0,
                    0.0,
                    -0.06
                ],
                [
                    0.0,
                    1.0,
                    0.0,
                    -0.37086
                ],
                [
                    0.0,
                    0.0,
                    1.0,
                    -0.40301
                ],
                [
                    0.0,
                    0.0,
                    0.0,
                    1.0
                ]
            ],
            "size": [
                0.1,
                1.0,
                1.64
            ]
        },
        "collider2": {
            "type": "Cylinder",
            "collider2origin": [
                [
                    -0.9398948096519589,
                    -0.15002542904111763,
                    0.30674112445242213,
                    -0.01942875397517363
                ],
                [
                    0.09836705077918377,
                    0.741269527286313,
                    0.6639603988474998,
                    -0.39099781910929077
                ],
                [
                    -0.32698879202552666,
                    0.6542261524562853,
                    -0.6819578222529107,
                    -0.5201698763544332
                ],
                [
                    0.0,
                    0.0,
                    0.0,
                    1.0
                ]
            ],
            "radius": 0.0076,
            "height": 0.02993
        },
        "distance": 0.0
    },
    {
        "case": 3,
        "collider1": {
            "type": "Box",
            "collider2origin": [
                [
                    1.0,
                    0.0,
                    0.0,
                    -0.06
                ],
                [
                    0.0,
                    1.0,
                    0.0,
                    -0.37086
                ],
                [
                    0.0,
                    0.0,
                    1.0,
                    -0.40301
                ],
                [
                    0.0,
                    0.0,
                    0.0,
                    1.0
                ]
            ],
            "size": [
                0.1,
                1.0,
                1.64
            ]
        },
        "collider2": {
            "type": "Sphere",
            "collider2origin": [
                [
                    1.0,
                    0.0,
                    0.0,
                    -0.023161225589133583
                ],
                [
                    0.0,
                    1.0,
                    0.0,
                    -0.3997007906283063
                ],
                [
                    0.0,
                    0.0,
                    1.0,
                    -0.5091863595046173
                ],
                [
                    0.0,
                    0.0,
                    0.0,
                    1.0
                ]
            ],
            "radius": 0.00484
        },
        "distance": 0.0
    },
    {
        "case": 4,
        "collider1": {
            "type": "Box",
            "collider2origin": [
                [
                    1.0,
                    0.0,
                    0.0,
                    -0.06
                ],
                [
                    0.0,
                    1.0,
                    0.0,
                    -0.37086
                ],
                [
                    0.0,
                    0.0,
                    1.0,
                    -0.40301
                ],
                [
                    0.0,
                    0.0,
                    0.0,
                    1.0
                ]
            ],
            "size": [
                0.1,
                1.0,
                1.64
            ]
        },
        "collider2": {
            "type": "Sphere",
            "collider2origin": [
                [
                    1.0,
                    0.0,
                    0.0,
                    -0.08763108083680526
                ],
                [
                    0.0,
                    1.0,
                    0.0,
                    -0.3968937953194448
                ],
                [
                    0.0,
                    0.0,
                    1.0,
                    -0.5176500164628454
                ],
                [
                    0.0,
                    0.0,
                    0.0,
                    1.0
                ]
            ],
            "radius": 0.00663
        },
        "distance": 0.0
    },
    {
        "case": 5,
        "collider1": {
            "type": "Box",
            "collider2origin": [
                [
                    1.0,
                    0.0,
                    0.0,
                    -0.06
                ],
                [
                    0.0,
                    1.0,
                    0.0,
                    -0.37086
                ],
                [
                    0.0,
                    0.0,
                    1.0,
                    -0.40301
                ],
                [
                    0.0,
                    0.0,
                    0.0,
                    1.0
                ]
            ],
            "size": [
                0.1,
                1.0,
                1.64
            ]
        },
        "collider2": {
            "type": "Sphere",
            "collider2origin": [
                [
                    1.0,
                    0.0,
                    0.0,
                    -0.06896084982049366
                ],
                [
                    0.0,
                    1.0,
                    0.0,
                    -0.40064774499743394
                ],
                [
                    0.0,
                    0.0,
                    1.0,
                    -0.5094144743040352
                ],
                [
                    0.0,
                    0.0,
                    0.0,
                    1.0
                ]
            ],
            "radius": 0.00563
        },
        "distance": 0.0
    },
    {
        "case": 6,
        "collider1": {
            "type": "Box",
            "collider2origin": [
                [
                    1.0,
                    0.0,
                    0.0,
                    -0.06
                ],
                [
                    0.0,
                    1.0,
                    0.0,
                    -0.37086
                ],
                [
                    0.0,
                    0.0,
                    1.0,
                    -0.40301
                ],
                [
                    0.0,
                    0.0,
                    0.0,
                    1.0
                ]
            ],
            "size": [
                0.1,
                1.0,
                1.64
            ]
        },
        "collider2": {
            "type": "Cylinder",
            "collider2origin": [
                [
                    -0.9191728514922992,
                    0.22869711142815882,
                    0.3206538636971819,
                    -0.06277332202852759
                ],
                [
                    0.3816556071347595,
                    0.718255480324755,
                    0.5817628920153404,
                    -0.38999131506711293
                ],
                [
                    -0.09726390194780762,
                    0.6571200013756018,
                    -0.7474844728621562,
                    -0.5260730457002806
                ],
                [
                    0.0,
                    0.0,
                    0.0,
                    1.0
                ]
            ],
            "radius": 0.00813,
            "height": 0.03824
        },
        "distance": 0.0
    },
    {
        "case": 7,
        "collider1": {
            "type": "Box",
            "collider2origin": [
                [
                    1.0,
                    0.0,
                    0.0,
                    -0.06
                ],
                [
                    0.0,
                    1.0,
                    0.0,
                    -0.37086
                ],
                [
                    0.0,
                    0.0,
                    1.0,
                    -0.40301
                ],
                [
                    0.0,
                    0.0,
                    0.0,
                    1.0
                ]
            ],
            "size": [
                0.1,
                1.0,
                1.64
            ]
        },
        "collider2": {
            "type": "Cylinder",
            "collider2origin": [
                [
                    -0.9096323162058769,
                    0.29084886489169154,
                    0.2966074629963744,
                    -0.08303484935044914
                ],
                [
                    0.41463089656896485,
                    0.5918410140778779,
                    0.6912347167682515,
                    -0.3831737413510361
                ],
                [
                    0.025500371062935182,
                    0.7517520547670511,
                    -0.6589526380774031,
                    -0.5318908512427236
                ],
                [
                    0.0,
                    0.0,
                    0.0,
                    1.0
                ]
            ],
            "radius": 0.00796,
            "height": 0.03037
        },
        "distance": 0.0
    },
    {
        "case": 8,
        "collider1": {
            "type": "Box",
            "collider2origin": [
                [
                    1.0,
                    0.0,
                    0.0,
                    -0.06
                ],
                [
                    0.0,
                    1.0,
                    0.0,
                    -0.37086
                ],
                [
                    0.0,
                    0.0,
                    1.0,
                    -0.40301
                ],
                [
                    0.0,
                    0.0,
                    0.0,
                    1.0
                ]
            ],
            "size": [
                0.1,
                1.0,
                1.64
            ]
        },
        "collider2": {
            "type": "Sphere",
            "collider2origin": [
                [
                    1.0,
                    0.0,
                    0.0,
                    -0.11640478923557729
                ],
                [
                    0.0,
                    1.0,
                    0.0,
                    -0.34564759094434994
                ],
                [
                    0.0,
                    0.0,
                    1.0,
                    -0.5065736862820703
                ],
                [
                    0.0,
                    0.0,
                    0.0,
                    1.0
                ]
            ],
            "radius": 0.01051
        },
        "distance": 0.0
    },
    {
        "case": 9,
        "collider1": {
            "type": "Box",
            "collider2origin": [
                [
                    1.0,
                    0.0,
                    0.0,
                    -0.06
                ],
                [
                    0.0,
                    1.0,
                    0.0,
                    -0.37086
                ],
                [
                    0.0,
                    0.0,
                    1.0,
                    -0.40301
                ],
                [
                    0.0,
                    0.0,
                    0.0,
                    1.0
                ]
            ],
            "size": [
                0.1,
                1.0,
                1.64
            ]
        },
        "collider2": {
            "type": "Sphere",
            "collider2origin": [
                [
                    1.0,
                    0.0,
                    0.0,
                    -0.04693083178822155
                ],
                [
                    0.0,
                    1.0,
                    0.0,
                    -0.3996731235630355
                ],
                [
                    0.0,
                    0.0,
                    1.0,
                    -0.5043097784616435
                ],
                [
                    0.0,
                    0.0,
                    0.0,
                    1.0
                ]
            ],
            "radius": 0.00487
        },
        "distance": 0.0
    },
    {
        "case": 10,
        "collider1": {
            "type": "Box",
            "collider2origin": [
                [
                    1.0,
                    0.0,
                    0.0,
                    -0.06
                ],
                [
                    0.0,
                    1.0,
                    0.0,
                    -0.37086
                ],
                [
                    0.0,
                    0.0,
                    1.0,
                    -0.40301
                ],
                [
                    0.0,
                    0.0,
                    0.0,
                    1.0
                ]
            ],
            "size": [
                0.1,
                1.0,
                1.64
            ]
        },
        "collider2": {
            "type": "Cylinder",
            "collider2origin": [
                [
                    -0.9423522948353057,
                    0.10807900402007067,
                    0.3166876715451077,
                    -0.042180949364311715
                ],
                [
                    0.2601956278648615,
                    0.8317540951605803,
                    0.49039102808229923,
                    -0.3926045689638552
                ],
                [
                    -0.21040529379899855,
                    0.54452185821474,
                    -0.8119270646232478,
                    -0.5184666126005828
                ],
                [
                    0.0,
                    0.0,
                    0.0,
                    1.0
                ]
            ],
            "radius": 0.0076,
            "height": 0.02993
        },
        "distance": 0.0
    },
    {
        "case": 11,
        "collider1": {
            "type": "Box",
            "collider2origin": [
                [
                    1.0,
                    0.0,
                    0.0,
                    -0.06
                ],
                [
                    0.0,
                    1.0,
                    0.0,
                    -0.37086
                ],
                [
                    0.0,
                    0.0,
                    1.0,
                    -0.40301
                ],
                [
                    0.0,
                    0.0,
                    0.0,
                    1.0
                ]
            ],
            "size": [
                0.1,
                1.0,
                1.64
            ]
        },
        "collider2": {
            "type": "Box",
            "collider2origin": [
                [
                    0.26661673830186994,
                    -0.28988877740850455,
                    -0.9191735481343413,
                    0.004142913765804446
                ],
                [
                    0.42118696781919873,
                    -0.8227649315106201,
                    0.3816535151359067,
                    -0.2247365077167044
                ],
                [
                    -0.8669008322735317,
                    -0.4888991350052964,
                    -0.09726552726702009,
                    -0.4593234392004861
                ],
                [
                    0.0,
                    0.0,
                    0.0,
                    1.0
                ]
            ],
            "size": [
                0.08993,
                0.0305,
                0.09007
            ]
        },
        "distance": 0.0
    },
    {
        "case": 12,
        "collider1": {
            "type": "Box",
            "collider2origin": [
                [
                    1.0,
                    0.0,
                    0.0,
                    -0.06
                ],
                [
                    0.0,
                    1.0,
                    0.0,
                    -0.37086
                ],
                [
                    0.0,
                    0.0,
                    1.0,
                    -0.40301
                ],
                [
                    0.0,
                    0.0,
                    0.0,
                    1.0
                ]
            ],
            "size": [
                0.1,
                1.0,
                1.64
            ]
        },
        "collider2": {
            "type": "Cylinder",
            "collider2origin": [
                [
                    -0.937790124831735,
                    -0.26396680137482303,
                    0.22554646869331252,
                    -0.01199124510873828
                ],
                [
                    0.09629977784485212,
                    0.4263749092574351,
                    0.8994057980370961,
                    -0.37055563187719587
                ],
                [
                    -0.3335806267682682,
                    0.8651739504444517,
                    -0.3744302350468381,
                    -0.5344972851581797
                ],
                [
                    0.0,
                    0.0,
                    0.0,
                    1.0
                ]
            ],
            "radius": 0.00783,
            "height": 0.03044
        },
        "distance": 0.0
    },
    {
        "case": 13,
        "collider1": {
            "type": "Box",
            "collider2origin": [
                [
                    1.0,
                    0.0,
                    0.0,
                    -0.06
                ],
                [
                    0.0,
                    1.0,
                    0.0,
                    -0.37086
                ],
                [
                    0.0,
                    0.0,
                    1.0,
                    -0.40301
                ],
                [
                    0.0,
                    0.0,
                    0.0,
                    1.0
                ]
            ],
            "size": [
                0.1,
                1.0,
                1.64
            ]
        },
        "collider2": {
            "type": "Box",
            "collider2origin": [
                [
                    0.5733272905386549,
                    -0.28988821598033804,
                    -0.7663293287871354,
                    0.02958428124107404
                ],
                [
                    0.25974191057386425,
                    -0.8227644763699934,
                    0.505561822446127,
                    -0.16554679497542335
                ],
                [
                    -0.7770649637031924,
                    -0.4889002338507801,
                    -0.3964172089170813,
                    -0.42126729528291706
                ],
                [
                    0.0,
                    0.0,
                    0.0,
                    1.0
                ]
            ],
            "size": [
                0.09126,
                0.11887,
                0.10009
            ]
        },
        "distance": 0.0
    },
    {
        "case": 14,
        "collider1": {
            "type": "Box",
            "collider2origin": [
                [
                    1.0,
                    0.0,
                    0.0,
                    -0.06
                ],
                [
                    0.0,
                    1.0,
                    0.0,
                    -0.37086
                ],
                [
                    0.0,
                    0.0,
                    1.0,
                    -0.40301
                ],
                [
                    0.0,
                    0.0,
                    0.0,
                    1.0
                ]
            ],
            "size": [
                0.1,
                1.0,
                1.64
            ]
        },
        "collider2": {
            "type": "Cylinder",
            "collider2origin": [
                [
                    -0.9418488636656849,
                    -0.07981790194224667,
                    0.32641969998943837,
                    -0.03019336567778441
                ],
                [
                    0.25678600756941977,
                    0.45561215739185507,
                    0.8523370861069559,
                    -0.3677507053764002
                ],
                [
                    -0.21675254168801525,
                    0.8865927275622538,
                    -0.40862167233947344,
                    -0.5411114774077457
                ],
                [
                    0.0,
                    0.0,
                    0.0,
                    1.0
                ]
            ],
            "radius": 0.00783,
            "height": 0.03683
        },
        "distance": 0.0
    },
    {
        "case": 15,
        "collider1": {
            "type": "Box",
            "collider2origin": [
                [
                    1.0,
                    0.0,
                    0.0,
                    -0.06
                ],
                [
                    0.0,
                    1.0,
                    0.0,
                    -0.37086
                ],
                [
                    0.0,
                    0.0,
                    1.0,
                    -0.40301
                ],
                [
                    0.0,
                    0.0,
                    0.0,
                    1.0
                ]
            ],
            "size": [
                0.1,
                1.0,
                1.64
            ]
        },
        "collider2": {
            "type": "Cylinder",
            "collider2origin": [
                [
                    -0.5610468254181755,
                    0.17114622481351063,
                    0.8098984068512977,
                    -0.08761373409360451
                ],
                [
                    0.744455675708706,
                    -0.3234904894745228,
                    0.5840716138665082,
                    -0.32208575563667086
                ],
                [
                    0.3619560837909502,
                    0.9306249905045626,
                    0.05408253373411648,
                    -0.5031651586313568
                ],
                [
                    0.0,
                    0.0,
                    0.0,
                    1.0
                ]
            ],
            "radius": 0.01271,
            "height": 0.05982
        },
        "distance": 0.0
    },
    {
        "case": 16,
        "collider1": {
            "type": "Box",
            "collider2origin": [
                [
                    1.0,
                    0.0,
                    0.0,
                    -0.06
                ],
                [
                    0.0,
                    1.0,
                    0.0,
                    -0.37086
                ],
                [
                    0.0,
                    0.0,
                    1.0,
                    -0.40301
                ],
                [
                    0.0,
                    0.0,
                    0.0,
                    1.0
                ]
            ],
            "size": [
                0.1,
                1.0,
                1.64
            ]
        },
        "collider2": {
            "type": "Cylinder",
            "collider2origin": [
                [
                    -0.5778145814211452,
                    0.1321400325247557,
                    0.8054001001374802,
                    -0.09848013593841043
                ],
                [
                    0.7109043777097509,
                    -0.40326973319450177,
                    0.5761844219018306,
                    -0.33217894615449295
                ],
                [
                    0.4009305117476321,
                    0.9054902175581976,
                    0.13907620449304026,
                    -0.5031348911877073
                ],
                [
                    0.0,
                    0.0,
                    0.0,
                    1.0
                ]
            ],
            "radius": 0.01169,
            "height": 0.05502
        },
        "distance": 0.0
    },
    {
        "case": 17,
        "collider1": {
            "type": "Box",
            "collider2origin": [
                [
                    1.0,
                    0.0,
                    0.0,
                    -0.06
                ],
                [
                    0.0,
                    1.0,
                    0.0,
                    -0.37086
                ],
                [
                    0.0,
                    0.0,
                    1.0,
                    -0.40301
                ],
                [
                    0.0,
                    0.0,
                    0.0,
                    1.0
                ]
            ],
            "size": [
                0.1,
                1.0,
                1.64
            ]
        },
        "collider2": {
            "type": "Cylinder",
            "collider2origin": [
                [
                    -0.9096323162058769,
                    0.1054759491846554,
                    0.4018007882738994,
                    -0.07361397112460755
                ],
                [
                    0.41463089656896485,
                    0.1711512887432342,
                    0.8937496606835414,
                    -0.361670581351363
                ],
                [
                    0.025500371062935182,
                    0.9795825950399107,
                    -0.1994183305780255,
                    -0.5453365480815756
                ],
                [
                    0.0,
                    0.0,
                    0.0,
                    1.0
                ]
            ],
            "radius": 0.00713,
            "height": 0.01426
        },
        "distance": 0.0
    },
    {
        "case": 18,
        "collider1": {
            "type": "Box",
            "collider2origin": [
                [
                    1.0,
                    0.0,
                    0.0,
                    -0.06
                ],
                [
                    0.0,
                    1.0,
                    0.0,
                    -0.37086
                ],
                [
                    0.0,
                    0.0,
                    1.0,
                    -0.40301
                ],
                [
                    0.0,
                    0.0,
                    0.0,
                    1.0
                ]
            ],
            "size": [
                0.1,
                1.0,
                1.64
            ]
        },
        "collider2": {
            "type": "Cylinder",
            "collider2origin": [
                [
                    -0.9191728514922992,
                    0.03958011217935344,
                    0.39186054126357805,
                    -0.05192077688605101
                ],
                [
                    0.3816556071347595,
                    0.3352144080175529,
                    0.86137697798353,
                    -0.36816995224934224
                ],
                [
                    -0.09726390194780762,
                    0.9413101058510475,
                    -0.3232259550230707,
                    -0.5430072740176772
                ],
                [
                    0.0,
                    0.0,
                    0.0,
                    1.0
                ]
            ],
            "radius": 0.00683,
            "height": 0.01183
        },
        "distance": 0.0
    },
    {
        "case": 19,
        "collider1": {
            "type": "Box",
            "collider2origin": [
                [
                    1.0,
                    0.0,
                    0.0,
                    0.205
                ],
                [
                    0.0,
                    1.0,
                    0.0,
                    -0.17586
                ],
                [
                    0.0,
                    0.0,
                    1.0,
                    -0.10301
                ],
                [
                    0.0,
                    0.0,
                    0.0,
                    1.0
                ]
            ],
            "size": [
                0.05,
                0.05,
                1.2
            ]
        },
        "collider2": {
            "type": "Box",
            "collider2origin": [
                [
                    -0.3308932346618174,
                    0.5506805127255708,
                    -0.7663293287871356,
                    0.11185411573374837
                ],
                [
                    0.21830316261327593,
                    0.8347161031620225,
                    0.5055618224461271,
                    -0.22243196622288686
                ],
                [
                    0.9180704746630736,
                    -5.129326818229806e-06,
                    -0.39641720891708143,
                    -0.3770077952082791
                ],
                [
                    0.0,
                    0.0,
                    0.0,
                    1.0
                ]
            ],
            "size": [
                0.09102,
                0.10007,
                0.11882
            ]
        },
        "distance": 0.005497843951341939
    },
    {
        "case": 20,
        "collider1": {
            "type": "Box",
            "collider2origin": [
                [
                    1.0,
                    0.0,
                    0.0,
                    -0.06
                ],
                [
                    0.0,
                    1.0,
                    0.0,
                    -0.37086
                ],
                [
                    0.0,
                    0.0,
                    1.0,
                    -0.40301
                ],
                [
                    0.0,
                    0.0,
                    0.0,
                    1.0
                ]
            ],
            "size": [
                0.1,
                1.0,
                1.64
            ]
        },
        "collider2": {
            "type": "Cylinder",
            "collider2origin": [
                [
                    -0.9191728514922992,
                    0.03958011217935344,
                    0.39186054126357805,
                    -0.04552540277657391
                ],
                [
                    0.3816556071347595,
                    0.3352144080175529,
                    0.86137697798353,
                    -0.35411052946406085
                ],
                [
                    -0.09726390194780762,
                    0.9413101058510475,
                    -0.3232259550230707,
                    -0.5482774372926187
                ],
                [
                    0.0,
                    0.0,
                    0.0,
                    1.0
                ]
            ],
            "radius": 0.00683,
            "height": 0.01782
        },
        "distance": 0.0
    },
    {
        "case": 21,
        "collider1": {
            "type": "Box",
            "collider2origin": [
                [
                    1.0,
                    0.0,
                    0.0,
                    -0.06
                ],
                [
                    0.0,
                    1.0,
                    0.0,
                    -0.37086
                ],
                [
                    0.0,
                    0.0,
                    1.0,
                    -0.40301
                ],
                [
                    0.0,
                    0.0,
                    0.0,
                    1.0
                ]
            ],
            "size": [
                0.1,
                1.0,
                1.64
            ]
        },
        "collider2": {
            "type": "Box",
            "collider2origin": [
                [
                    -0.9248685624177538,
                    -0.16390988948009738,
                    -0.3431496617832219,
                    -0.028115523133451337
                ],
                [
                    0.3532055213120533,
                    -0.704667063555674,
                    -0.6153780864269577,
                    -0.32505786477541954
                ],
                [
                    -0.14093971039418907,
                    -0.6903462013152863,
                    0.7096182920158951,
                    -0.5423619462027189
                ],
                [
                    0.0,
                    0.0,
                    0.0,
                    1.0
                ]
            ],
            "size": [
                0.07264,
                0.04753,
                0.03326
            ]
        },
        "distance": 0.0
    },
    {
        "case": 22,
        "collider1": {
            "type": "Box",
            "collider2origin": [
                [
                    1.0,
                    0.0,
                    0.0,
                    -0.06
                ],
                [
                    0.0,
                    1.0,
                    0.0,
                    -0.37086
                ],
                [
                    0.0,
                    0.0,
                    1.0,
                    -0.40301
                ],
                [
                    0.0,
                    0.0,
                    0.0,
                    1.0
                ]
            ],
            "size": [
                0.1,
                1.0,
                1.64
            ]
        },
        "collider2": {
            "type": "Cylinder",
            "collider2origin": [
                [
                    -0.9037107151544093,
                    0.08654811565739222,
                    0.4193046231455841,
                    -0.06751731785069803
                ],
                [
                    0.4281337382220476,
                    0.18932614466005965,
                    0.8836611981660012,
                    -0.34777689783897026
                ],
                [
                    -0.0029061161574714858,
                    0.9780925491099054,
                    -0.20815023388064322,
                    -0.5484379246876088
                ],
                [
                    0.0,
                    0.0,
                    0.0,
                    1.0
                ]
            ],
            "radius": 0.00713,
            "height": 0.01697
        },
        "distance": 0.0
    }
]