[
    {
        "case": 0,
        "collider1": {
            "type": "Box",
            "collider2origin": [
                [
                    0.8746175172834064,
                    0.0,
                    0.48481357083007715,
                    -0.095
                ],
                [
                    0.0,
                    1.0,
                    0.0,
                    0.12914
                ],
                [
                    -0.48481357083007715,
                    0.0,
                    0.8746175172834064,
                    -0.05301
                ],
                [
                    0.0,
                    0.0,
                    0.0,
                    1.0
                ]
            ],
            "size": [
                0.05,
                0.05,
                1.4
            ]
        },
        "collider2": {
            "type": "Cylinder",
            "collider2origin": [
                [
                    0.035143757953233365,
                    0.6888641306889903,
                    0.7240380692525948,
                    0.15677997719635695
                ],
                [
                    -0.9701378140211306,
                    -0.15046492735633585,
                    0.1902443887265917,
                    0.10721941427958281
                ],
                [
                    0.23999487095191535,
                    -0.7091026125221606,
                    0.6630052389167218,
                    -0.49288344003007123
                ],
                [
                    0.0,
                    0.0,
                    0.0,
                    1.0
                ]
            ],
            "radius": 0.00783,
            "height": 0.03683
        },
        "distance": 0.39528598220484235
    },
    {
        "case": 1,
        "collider1": {
            "type": "Box",
            "collider2origin": [
                [
                    0.8746175172834064,
                    0.0,
                    0.48481357083007715,
                    -0.095
                ],
                [
                    0.0,
                    1.0,
                    0.0,
                    0.12914
                ],
                [
                    -0.48481357083007715,
                    0.0,
                    0.8746175172834064,
                    -0.05301
                ],
                [
                    0.0,
                    0.0,
                    0.0,
                    1.0
                ]
            ],
            "size": [
                0.05,
                0.05,
                1.4
            ]
        },
        "collider2": {
            "type": "Cylinder",
            "collider2origin": [
                [
                    -0.10956999942351182,
                    0.46392846359748724,
                    0.879070415774758,
                    0.12664481043754228
                ],
                [
                    -0.9285429313341053,
                    -0.3633569203282821,
                    0.07602481909885385,
                    0.12915285229481044
                ],
                [
                    0.3546863965474268,
                    -0.8079245813277507,
                    0.47059051306903715,
                    -0.49355613277745225
                ],
                [
                    0.0,
                    0.0,
                    0.0,
                    1.0
                ]
            ],
            "radius": 0.0076,
            "height": 0.02993
        },
        "distance": 0.36795234699181845
    },
    {
        "case": 2,
        "collider1": {
            "type": "Box",
            "collider2origin": [
                [
                    0.8746175172834064,
                    0.0,
                    0.48481357083007715,
                    -0.095
                ],
                [
                    0.0,
                    1.0,
                    0.0,
                    0.12914
                ],
                [
                    -0.48481357083007715,
                    0.0,
                    0.8746175172834064,
                    -0.05301
                ],
                [
                    0.0,
                    0.0,
                    0.0,
                    1.0
                ]
            ],
            "size": [
                0.05,
                0.05,
                1.4
            ]
        },
        "collider2": {
            "type": "Cylinder",
            "collider2origin": [
                [
                    0.040224475475497186,
                    0.9651889005132999,
                    0.25844221384798594,
                    0.1385980287387747
                ],
                [
                    -0.971170834734363,
                    -0.023057592205272488,
                    0.23726684809103674,
                    0.09922348267996428
                ],
                [
                    0.2349663834127785,
                    -0.26053547506553165,
                    0.9364358306356592,
                    -0.5225429819709044
                ],
                [
                    0.0,
                    0.0,
                    0.0,
                    1.0
                ]
            ],
            "radius": 0.0076,
            "height": 0.02993
        },
        "distance": 0.3961375510572282
    },
    {
        "case": 3,
        "collider1": {
            "type": "Box",
            "collider2origin": [
                [
                    0.8746175172834064,
                    0.0,
                    0.48481357083007715,
                    -0.095
                ],
                [
                    0.0,
                    1.0,
                    0.0,
                    0.12914
                ],
                [
                    -0.48481357083007715,
                    0.0,
                    0.8746175172834064,
                    -0.05301
                ],
                [
                    0.0,
                    0.0,
                    0.0,
                    1.0
                ]
            ],
            "size": [
                0.05,
                0.05,
                1.4
            ]
        },
        "collider2": {
            "type": "Sphere",
            "collider2origin": [
                [
                    1.0,
                    0.0,
                    0.0,
                    0.11467767192179501
                ],
                [
                    0.0,
                    1.0,
                    0.0,
                    0.12845903385348278
                ],
                [
                    0.0,
                    0.0,
                    1.0,
                    -0.5017180511619616
                ],
                [
                    0.0,
                    0.0,
                    0.0,
                    1.0
                ]
            ],
            "radius": 0.00484
        },
        "distance": 0.3710875173900405
    },
    {
        "case": 4,
        "collider1": {
            "type": "Box",
            "collider2origin": [
                [
                    0.9999999999999999,
                    0.0,
                    6.177235058912196e-23,
                    0.3420001028494408
                ],
                [
                    0.0,
                    1.0,
                    0.0,
                    -0.0028599999999999737
                ],
                [
                    6.177235058912196e-23,
                    0.0,
                    0.9999999999999999,
                    -0.6330101644495814
                ],
                [
                    0.0,
                    0.0,
                    0.0,
                    1.0
                ]
            ],
            "size": [
                0.03,
                0.09,
                0.06
            ]
        },
        "collider2": {
            "type": "Box",
            "collider2origin": [
                [
                    -0.39267528874523305,
                    -0.8535181406824449,
                    -0.3425097095482545,
                    0.36110949953700633
                ],
                [
                    -0.5560726849024333,
                    -0.07628849647180529,
                    0.8276250566600014,
                    0.11035377291275617
                ],
                [
                    -0.7325225503110788,
                    0.5154482018904065,
                    -0.4446615167222142,
                    -0.6073487921844322
                ],
                [
                    0.0,
                    0.0,
                    0.0,
                    1.0
                ]
            ],
            "size": [
                0.09126,
                0.11887,
                0.10009
            ]
        },
        "distance": 0.0
    },
    {
        "case": 5,
        "collider1": {
            "type": "Box",
            "collider2origin": [
                [
                    1.0,
                    0.0,
                    0.0,
                    0.4
                ],
                [
                    0.0,
                    1.0,
                    0.0,
                    0.04114000000000001
                ],
                [
                    0.0,
                    0.0,
                    1.0,
                    -0.66301
                ],
                [
                    0.0,
                    0.0,
                    0.0,
                    1.0
                ]
            ],
            "size": [
                0.03,
                0.03,
                0.03
            ]
        },
        "collider2": {
            "type": "Box",
            "collider2origin": [
                [
                    -0.39267528874523305,
                    -0.8535181406824449,
                    -0.3425097095482545,
                    0.36110949953700633
                ],
                [
                    -0.5560726849024333,
                    -0.07628849647180529,
                    0.8276250566600014,
                    0.11035377291275617
                ],
                [
                    -0.7325225503110788,
                    0.5154482018904065,
                    -0.4446615167222142,
                    -0.6073487921844322
                ],
                [
                    0.0,
                    0.0,
                    0.0,
                    1.0
                ]
            ],
            "size": [
                0.09126,
                0.11887,
                0.10009
            ]
        },
        "distance": 0.0
    },
    {
        "case": 6,
        "collider1": {
            "type": "Box",
            "collider2origin": [
                [
                    1.0,
                    0.0,
                    0.0,
                    -0.08500000000000019
                ],
                [
                    0.0,
                    1.0,
                    0.0,
                    -0.03585999999999995
                ],
                [
                    0.0,
                    0.0,
                    1.0,
                    -0.81301
                ],
                [
                    0.0,
                    0.0,
                    0.0,
                    1.0
                ]
            ],
            "size": [
                1.01,
                0.28,
                0.27
            ]
        },
        "collider2": {
            "type": "Box",
            "collider2origin": [
                [
                    -0.39267528874523305,
                    -0.8535181406824449,
                    -0.3425097095482545,
                    0.36110949953700633
                ],
                [
                    -0.5560726849024333,
                    -0.07628849647180529,
                    0.8276250566600014,
                    0.11035377291275617
                ],
                [
                    -0.7325225503110788,
                    0.5154482018904065,
                    -0.4446615167222142,
                    -0.6073487921844322
                ],
                [
                    0.0,
                    0.0,
                    0.0,
                    1.0
                ]
            ],
            "size": [
                0.09126,
                0.11887,
                0.10009
            ]
        },
        "distance": 0.0
    },
    {
        "case": 7,
        "collider1": {
            "type": "Box",
            "collider2origin": [
                [
                    0.8746175172834064,
                    0.0,
                    0.48481357083007715,
                    -0.095
                ],
                [
                    0.0,
                    1.0,
                    0.0,
                    0.12914
                ],
                [
                    -0.48481357083007715,
                    0.0,
                    0.8746175172834064,
                    -0.05301
                ],
                [
                    0.0,
                    0.0,
                    0.0,
                    1.0
                ]
            ],
            "size": [
                0.05,
                0.05,
                1.4
            ]
        },
        "collider2": {
            "type": "Box",
            "collider2origin": [
                [
                    -0.018619645782716084,
                    -0.7035199371719741,
                    -0.7104315637642145,
                    0.227784456970483
                ],
                [
                    -0.9997220167838992,
                    0.023379208587064874,
                    0.0030498792394811824,
                    0.10118784393744318
                ],
                [
                    0.014463676865136334,
                    0.7102908633844193,
                    -0.7037596830198195,
                    -0.5224221065054059
                ],
                [
                    0.0,
                    0.0,
                    0.0,
                    1.0
                ]
            ],
            "size": [
                0.06241,
                0.05638,
                0.02858
            ]
        },
        "distance": 0.45376290555764853
    },
    {
        "case": 8,
        "collider1": {
            "type": "Box",
            "collider2origin": [
                [
                    0.8746175172834064,
                    0.0,
                    0.48481357083007715,
                    -0.095
                ],
                [
                    0.0,
                    1.0,
                    0.0,
                    0.12914
                ],
                [
                    -0.48481357083007715,
                    0.0,
                    0.8746175172834064,
                    -0.05301
                ],
                [
                    0.0,
                    0.0,
                    0.0,
                    1.0
                ]
            ],
            "size": [
                0.05,
                0.05,
                1.4
            ]
        },
        "collider2": {
            "type": "Box",
            "collider2origin": [
                [
                    0.4964078641693248,
                    -0.853516300754614,
                    0.15839557044629676,
                    0.2962525994606362
                ],
                [
                    0.1816485490539001,
                    -0.07629513771622874,
                    -0.9803993352647045,
                    0.10685508490759688
                ],
                [
                    0.8488716257582544,
                    0.5154502655999127,
                    0.11716649126571031,
                    -0.5703779650813227
                ],
                [
                    0.0,
                    0.0,
                    0.0,
                    1.0
                ]
            ],
            "size": [
                0.08993,
                0.0305,
                0.09007
            ]
        },
        "distance": 0.548130318226899
    },
    {
        "case": 9,
        "collider1": {
            "type": "Box",
            "collider2origin": [
                [
                    0.8746175172834064,
                    0.0,
                    0.48481357083007715,
                    -0.095
                ],
                [
                    0.0,
                    1.0,
                    0.0,
                    0.12914
                ],
                [
                    -0.48481357083007715,
                    0.0,
                    0.8746175172834064,
                    -0.05301
                ],
                [
                    0.0,
                    0.0,
                    0.0,
                    1.0
                ]
            ],
            "size": [
                0.05,
                0.05,
                1.4
            ]
        },
        "collider2": {
            "type": "Cylinder",
            "collider2origin": [
                [
                    -0.10911261919077041,
                    0.08583247185679221,
                    0.9903167286824361,
                    0.15136693706042847
                ],
                [
                    -0.9259936903115505,
                    -0.3710175686252144,
                    -0.06986880043789429,
                    0.12967996162361306
                ],
                [
                    0.36142789299738043,
                    -0.9246506099854079,
                    0.11996302604172154,
                    -0.4853699974867629
                ],
                [
                    0.0,
                    0.0,
                    0.0,
                    1.0
                ]
            ],
            "radius": 0.00783,
            "height": 0.03044
        },
        "distance": 0.3831798250931465
    },
    {
        "case": 10,
        "collider1": {
            "type": "Box",
            "collider2origin": [
                [
                    0.9999999999999999,
                    0.0,
                    6.177235058912196e-23,
                    0.3420001028494408
                ],
                [
                    0.0,
                    1.0,
                    0.0,
                    -0.0028599999999999737
                ],
                [
                    6.177235058912196e-23,
                    0.0,
                    0.9999999999999999,
                    -0.6330101644495814
                ],
                [
                    0.0,
                    0.0,
                    0.0,
                    1.0
                ]
            ],
            "size": [
                0.03,
                0.09,
                0.06
            ]
        },
        "collider2": {
            "type": "Box",
            "collider2origin": [
                [
                    0.17004132372694894,
                    -0.92399840210379,
                    -0.3425097095482545,
                    0.4040700534918614
                ],
                [
                    -0.41086471338756547,
                    -0.38239632958683495,
                    0.8276250566600014,
                    0.021649841064594444
                ],
                [
                    -0.8956986856740055,
                    -5.306538055868238e-06,
                    -0.4446615167222142,
                    -0.5596226429610692
                ],
                [
                    0.0,
                    0.0,
                    0.0,
                    1.0
                ]
            ],
            "size": [
                0.09102,
                0.10007,
                0.11882
            ]
        },
        "distance": 0.0
    },
    {
        "case": 11,
        "collider1": {
            "type": "Box",
            "collider2origin": [
                [
                    0.8746175172834064,
                    0.0,
                    0.48481357083007715,
                    -0.095
                ],
                [
                    0.0,
                    1.0,
                    0.0,
                    0.12914
                ],
                [
                    -0.48481357083007715,
                    0.0,
                    0.8746175172834064,
                    -0.05301
                ],
                [
                    0.0,
                    0.0,
                    0.0,
                    1.0
                ]
            ],
            "size": [
                0.05,
                0.05,
                1.4
            ]
        },
        "collider2": {
            "type": "Box",
            "collider2origin": [
                [
                    0.13065976240651084,
                    -0.7035165118005067,
                    -0.6985646313061669,
                    0.19357157966791172
                ],
                [
                    -0.9781673788623442,
                    0.02337714188844767,
                    -0.20649960815144108,
                    0.10113439801134594
                ],
                [
                    0.16160632851916873,
                    0.7102943241087982,
                    -0.6851024505293932,
                    -0.48421383684801134
                ],
                [
                    0.0,
                    0.0,
                    0.0,
                    1.0
                ]
            ],
            "size": [
                0.07264,
                0.04753,
                0.03326
            ]
        },
        "distance": 0.4076948560559362
    }
]