[
    {
        "case": 0,
        "collider1": {
            "type": "Box",
            "collider2origin": [
                [
                    1.0,
                    0.0,
                    0.0,
                    1.2009999999999998
                ],
                [
                    0.0,
                    1.0,
                    0.0,
                    0.02914
                ],
                [
                    0.0,
                    0.0,
                    1.0,
                    -1.22801
                ],
                [
                    0.0,
                    0.0,
                    0.0,
                    1.0
                ]
            ],
            "size": [
                0.41,
                0.6,
                0.82
            ]
        },
        "collider2": {
            "type": "Box",
            "collider2origin": [
                [
                    -0.5783631805242686,
                    -0.7649893397769462,
                    0.28335020988431264,
                    1.1102866168693335
                ],
                [
                    -0.19616689123278078,
                    0.46756274577367357,
                    0.8619185747787603,
                    -0.13345286034069137
                ],
                [
                    -0.7918425236105463,
                    0.44291803845882693,
                    -0.4204866573505828,
                    -0.7718415440522397
                ],
                [
                    0.0,
                    0.0,
                    0.0,
                    1.0
                ]
            ],
            "size": [
                0.09126,
                0.11887,
                0.10009
            ]
        },
        "distance": 0.0
    },
    {
        "case": 1,
        "collider1": {
            "type": "Box",
            "collider2origin": [
                [
                    1.0,
                    0.0,
                    0.0,
                    1.2009999999999998
                ],
                [
                    0.0,
                    1.0,
                    0.0,
                    0.02914
                ],
                [
                    0.0,
                    0.0,
                    1.0,
                    -1.22801
                ],
                [
                    0.0,
                    0.0,
                    0.0,
                    1.0
                ]
            ],
            "size": [
                0.41,
                0.6,
                0.82
            ]
        },
        "collider2": {
            "type": "Box",
            "collider2origin": [
                [
                    0.11781474176123445,
                    -0.9499839682914076,
                    0.28922335073960237,
                    1.105766817709095
                ],
                [
                    0.3583748755749484,
                    0.31229867112121484,
                    0.8797937193300275,
                    -0.5239277494212653
                ],
                [
                    -0.9261139968601996,
                    -2.287511348509058e-06,
                    0.3772437737251516,
                    -0.8357443622126683
                ],
                [
                    0.0,
                    0.0,
                    0.0,
                    1.0
                ]
            ],
            "size": [
                0.1202,
                0.13634,
                0.67816
            ]
        },
        "distance": 0.015398282146326476
    },
    {
        "case": 2,
        "collider1": {
            "type": "Box",
            "collider2origin": [
                [
                    1.0,
                    0.0,
                    0.0,
                    1.28
                ],
                [
                    0.0,
                    1.0,
                    0.0,
                    -0.23086
                ],
                [
                    0.0,
                    0.0,
                    1.0,
                    -0.67301
                ],
                [
                    0.0,
                    0.0,
                    0.0,
                    1.0
                ]
            ],
            "size": [
                0.06,
                0.06,
                0.33
            ]
        },
        "collider2": {
            "type": "Box",
            "collider2origin": [
                [
                    0.11781474176123445,
                    -0.9499839682914076,
                    0.28922335073960237,
                    1.105766817709095
                ],
                [
                    0.3583748755749484,
                    0.31229867112121484,
                    0.8797937193300275,
                    -0.5239277494212653
                ],
                [
                    -0.9261139968601996,
                    -2.287511348509058e-06,
                    0.3772437737251516,
                    -0.8357443622126683
                ],
                [
                    0.0,
                    0.0,
                    0.0,
                    1.0
                ]
            ],
            "size": [
                0.1202,
                0.13634,
                0.67816
            ]
        },
        "distance": 0.0
    }
]