[
    {
        "case": 0,
        "collider1": {
            "type": "Box",
            "collider2origin": [
                [
                    1.0,
                    0.0,
                    0.0,
                    0.5199999999999999
                ],
                [
                    0.0,
                    1.0,
                    0.0,
                    -0.43085999999999997
                ],
                [
                    0.0,
                    0.0,
                    1.0,
                    -0.80301
                ],
                [
                    0.0,
                    0.0,
                    0.0,
                    1.0
                ]
            ],
            "size": [
                0.2,
                0.08,
                0.04
            ]
        },
        "collider2": {
            "type": "Box",
            "collider2origin": [
                [
                    -0.17585475006071805,
                    -0.890484142646931,
                    -0.419658311695887,
                    0.6149349694200839
                ],
                [
                    0.3441605086382855,
                    -0.45501427635765596,
                    0.8212889580437295,
                    -0.3523440836395928
                ],
                [
                    -0.9222953166827415,
                    -2.2535631329888928e-06,
                    0.3864858973106295,
                    -0.62639972077713
                ],
                [
                    0.0,
                    0.0,
                    0.0,
                    1.0
                ]
            ],
            "size": [
                0.1202,
                0.13634,
                0.67816
            ]
        },
        "distance": 0.04266171932861824
    },
    {
        "case": 1,
        "collider1": {
            "type": "Box",
            "collider2origin": [
                [
                    1.0,
                    0.0,
                    0.0,
                    0.44499999999999995
                ],
                [
                    0.0,
                    1.0,
                    0.0,
                    -0.025859999999999994
                ],
                [
                    0.0,
                    0.0,
                    1.0,
                    -0.67801
                ],
                [
                    0.0,
                    0.0,
                    0.0,
                    1.0
                ]
            ],
            "size": [
                0.06,
                0.09,
                0.004
            ]
        },
        "collider2": {
            "type": "Box",
            "collider2origin": [
                [
                    -0.17585475006071805,
                    -0.890484142646931,
                    -0.419658311695887,
                    0.6149349694200839
                ],
                [
                    0.3441605086382855,
                    -0.45501427635765596,
                    0.8212889580437295,
                    -0.3523440836395928
                ],
                [
                    -0.9222953166827415,
                    -2.2535631329888928e-06,
                    0.3864858973106295,
                    -0.62639972077713
                ],
                [
                    0.0,
                    0.0,
                    0.0,
                    1.0
                ]
            ],
            "size": [
                0.1202,
                0.13634,
                0.67816
            ]
        },
        "distance": 0.10713926265768318
    },
    {
        "case": 2,
        "collider1": {
            "type": "Cylinder",
            "collider2origin": [
                [
                    1.0,
                    0.0,
                    0.0,
                    0.4849999999999999
                ],
                [
                    0.0,
                    -3.673205103346574e-06,
                    -0.9999999999932537,
                    -0.46086
                ],
                [
                    0.0,
                    0.9999999999932537,
                    -3.673205103346574e-06,
                    -0.70001
                ],
                [
                    0.0,
                    0.0,
                    0.0,
                    1.0
                ]
            ],
            "radius": 0.026,
            "height": 0.272
        },
        "collider2": {
            "type": "Box",
            "collider2origin": [
                [
                    -0.17585475006071805,
                    -0.890484142646931,
                    -0.419658311695887,
                    0.6149349694200839
                ],
                [
                    0.3441605086382855,
                    -0.45501427635765596,
                    0.8212889580437295,
                    -0.3523440836395928
                ],
                [
                    -0.9222953166827415,
                    -2.2535631329888928e-06,
                    0.3864858973106295,
                    -0.62639972077713
                ],
                [
                    0.0,
                    0.0,
                    0.0,
                    1.0
                ]
            ],
            "size": [
                0.1202,
                0.13634,
                0.67816
            ]
        },
        "distance": 0.02726931353681797
    },
    {
        "case": 3,
        "collider1": {
            "type": "Box",
            "collider2origin": [
                [
                    1.0,
                    0.0,
                    0.0,
                    -0.26
                ],
                [
                    0.0,
                    1.0,
                    0.0,
                    -0.4608599999999999
                ],
                [
                    0.0,
                    0.0,
                    1.0,
                    -1.143
                ],
                [
                    0.0,
                    0.0,
                    0.0,
                    1.0
                ]
            ],
            "size": [
                1.48,
                0.272,
                0.945
            ]
        },
        "collider2": {
            "type": "Box",
            "collider2origin": [
                [
                    -0.17585475006071805,
                    -0.890484142646931,
                    -0.419658311695887,
                    0.6149349694200839
                ],
                [
                    0.3441605086382855,
                    -0.45501427635765596,
                    0.8212889580437295,
                    -0.3523440836395928
                ],
                [
                    -0.9222953166827415,
                    -2.2535631329888928e-06,
                    0.3864858973106295,
                    -0.62639972077713
                ],
                [
                    0.0,
                    0.0,
                    0.0,
                    1.0
                ]
            ],
            "size": [
                0.1202,
                0.13634,
                0.67816
            ]
        },
        "distance": 0.04181143100405293
    },
    {
        "case": 4,
        "collider1": {
            "type": "Box",
            "collider2origin": [
                [
                    1.0,
                    0.0,
                    0.0,
                    -0.08500000000000019
                ],
                [
                    0.0,
                    1.0,
                    0.0,
                    -0.03585999999999995
                ],
                [
                    0.0,
                    0.0,
                    1.0,
                    -0.81301
                ],
                [
                    0.0,
                    0.0,
                    0.0,
                    1.0
                ]
            ],
            "size": [
                1.01,
                0.28,
                0.27
            ]
        },
        "collider2": {
            "type": "Box",
            "collider2origin": [
                [
                    -0.17585475006071805,
                    -0.890484142646931,
                    -0.419658311695887,
                    0.6149349694200839
                ],
                [
                    0.3441605086382855,
                    -0.45501427635765596,
                    0.8212889580437295,
                    -0.3523440836395928
                ],
                [
                    -0.9222953166827415,
                    -2.2535631329888928e-06,
                    0.3864858973106295,
                    -0.62639972077713
                ],
                [
                    0.0,
                    0.0,
                    0.0,
                    1.0
                ]
            ],
            "size": [
                0.1202,
                0.13634,
                0.67816
            ]
        },
        "distance": 0.08625596819345671
    },
    {
        "case": 5,
        "collider1": {
            "type": "Cylinder",
            "collider2origin": [
                [
                    1.0,
                    0.0,
                    0.0,
                    0.4849999999999999
                ],
                [
                    0.0,
                    -3.673205103346574e-06,
                    -0.9999999999932537,
                    -0.46086
                ],
                [
                    0.0,
                    0.9999999999932537,
                    -3.673205103346574e-06,
                    -0.70001
                ],
                [
                    0.0,
                    0.0,
                    0.0,
                    1.0
                ]
            ],
            "radius": 0.026,
            "height": 0.272
        },
        "collider2": {
            "type": "Box",
            "collider2origin": [
                [
                    0.2692421112760657,
                    -0.8904839485114594,
                    -0.3668065197880855,
                    0.7345166061939422
                ],
                [
                    -0.5269084451605746,
                    -0.45501465625763826,
                    0.7178642998570195,
                    -0.8640293551405811
                ],
                [
                    -0.8061489787465292,
                    -5.846686916912011e-06,
                    -0.5917126194629819,
                    -0.5501169491613792
                ],
                [
                    0.0,
                    0.0,
                    0.0,
                    1.0
                ]
            ],
            "size": [
                0.15068,
                0.17726,
                0.74884
            ]
        },
        "distance": 0.0
    },
    {
        "case": 6,
        "collider1": {
            "type": "Cylinder",
            "collider2origin": [
                [
                    1.0,
                    0.0,
                    0.0,
                    0.4849999999999999
                ],
                [
                    0.0,
                    -3.673205103346574e-06,
                    -0.9999999999932537,
                    -0.46086
                ],
                [
                    0.0,
                    0.9999999999932537,
                    -3.673205103346574e-06,
                    -0.70001
                ],
                [
                    0.0,
                    0.0,
                    0.0,
                    1.0
                ]
            ],
            "radius": 0.026,
            "height": 0.272
        },
        "collider2": {
            "type": "Box",
            "collider2origin": [
                [
                    0.2692421112760657,
                    -0.8904839485114594,
                    -0.3668065197880855,
                    0.7345166061939422
                ],
                [
                    -0.5269084451605746,
                    -0.45501465625763826,
                    0.7178642998570195,
                    -0.8640293551405811
                ],
                [
                    -0.8061489787465292,
                    -5.846686916912011e-06,
                    -0.5917126194629819,
                    -0.5501169491613792
                ],
                [
                    0.0,
                    0.0,
                    0.0,
                    1.0
                ]
            ],
            "size": [
                0.15068,
                0.17726,
                0.74884
            ]
        },
        "distance": 0.0
    }
]