[
    {
        "case": 0,
        "collider1": {
            "type": "Box",
            "collider2origin": [
                [
                    1.0,
                    0.0,
                    0.0,
                    1.23
                ],
                [
                    0.0,
                    1.0,
                    0.0,
                    -0.23086
                ],
                [
                    0.0,
                    0.0,
                    1.0,
                    -0.54301
                ],
                [
                    0.0,
                    0.0,
                    0.0,
                    1.0
                ]
            ],
            "size": [
                0.1,
                0.16,
                0.1
            ]
        },
        "collider2": {
            "type": "Box",
            "collider2origin": [
                [
                    0.3381739413708281,
                    -0.9168033882961703,
                    0.2123909898898283,
                    1.256988407182626
                ],
                [
                    0.7763799760638961,
                    0.39933888767354586,
                    0.48760904991466186,
                    -0.28930073926940525
                ],
                [
                    -0.5318576107801258,
                    -5.626108739398751e-07,
                    0.8468337982478849,
                    -0.2266759029603722
                ],
                [
                    0.0,
                    0.0,
                    0.0,
                    1.0
                ]
            ],
            "size": [
                0.1202,
                0.13634,
                0.67816
            ]
        },
        "distance": 0.03877816509399323
    },
    {
        "case": 1,
        "collider1": {
            "type": "Box",
            "collider2origin": [
                [
                    1.0,
                    0.0,
                    0.0,
                    1.28
                ],
                [
                    0.0,
                    1.0,
                    0.0,
                    -0.23086
                ],
                [
                    0.0,
                    0.0,
                    1.0,
                    -0.67301
                ],
                [
                    0.0,
                    0.0,
                    0.0,
                    1.0
                ]
            ],
            "size": [
                0.06,
                0.06,
                0.33
            ]
        },
        "collider2": {
            "type": "Box",
            "collider2origin": [
                [
                    0.3381739413708281,
                    -0.9168033882961703,
                    0.2123909898898283,
                    1.256988407182626
                ],
                [
                    0.7763799760638961,
                    0.39933888767354586,
                    0.48760904991466186,
                    -0.28930073926940525
                ],
                [
                    -0.5318576107801258,
                    -5.626108739398751e-07,
                    0.8468337982478849,
                    -0.2266759029603722
                ],
                [
                    0.0,
                    0.0,
                    0.0,
                    1.0
                ]
            ],
            "size": [
                0.1202,
                0.13634,
                0.67816
            ]
        },
        "distance": 0.10924720395484801
    },
    {
        "case": 2,
        "collider1": {
            "type": "Box",
            "collider2origin": [
                [
                    1.0,
                    0.0,
                    0.0,
                    1.23
                ],
                [
                    0.0,
                    1.0,
                    0.0,
                    -0.23086
                ],
                [
                    0.0,
                    0.0,
                    1.0,
                    -0.54301
                ],
                [
                    0.0,
                    0.0,
                    0.0,
                    1.0
                ]
            ],
            "size": [
                0.1,
                0.16,
                0.1
            ]
        },
        "collider2": {
            "type": "Box",
            "collider2origin": [
                [
                    -0.05967140976784189,
                    -0.9168027180608648,
                    0.39485706149507876,
                    0.9584311645312698
                ],
                [
                    -0.13700362335816152,
                    0.3993404263762734,
                    0.9065082630888429,
                    -0.6583604297358746
                ],
                [
                    -0.9887716268396121,
                    -4.222108673220771e-06,
                    -0.1494345004981128,
                    -0.41742872061122904
                ],
                [
                    0.0,
                    0.0,
                    0.0,
                    1.0
                ]
            ],
            "size": [
                0.15068,
                0.17726,
                0.74884
            ]
        },
        "distance": 0.03937448100703299
    },
    {
        "case": 3,
        "collider1": {
            "type": "Box",
            "collider2origin": [
                [
                    1.0,
                    0.0,
                    0.0,
                    1.23
                ],
                [
                    0.0,
                    1.0,
                    0.0,
                    -0.23086
                ],
                [
                    0.0,
                    0.0,
                    1.0,
                    -0.54301
                ],
                [
                    0.0,
                    0.0,
                    0.0,
                    1.0
                ]
            ],
            "size": [
                0.1,
                0.16,
                0.1
            ]
        },
        "collider2": {
            "type": "Box",
            "collider2origin": [
                [
                    -0.05967140976784189,
                    -0.9168027180608648,
                    0.39485706149507876,
                    0.9584311645312698
                ],
                [
                    -0.13700362335816152,
                    0.3993404263762734,
                    0.9065082630888429,
                    -0.6583604297358746
                ],
                [
                    -0.9887716268396121,
                    -4.222108673220771e-06,
                    -0.1494345004981128,
                    -0.41742872061122904
                ],
                [
                    0.0,
                    0.0,
                    0.0,
                    1.0
                ]
            ],
            "size": [
                0.15068,
                0.17726,
                0.74884
            ]
        },
        "distance": 0.03937448100703299
    }
]