[
    {
        "case": 0,
        "collider1": {
            "type": "Box",
            "collider2origin": [
                [
                    1.0,
                    0.0,
                    0.0,
                    -0.06
                ],
                [
                    0.0,
                    1.0,
                    0.0,
                    -0.37086
                ],
                [
                    0.0,
                    0.0,
                    1.0,
                    -0.40301
                ],
                [
                    0.0,
                    0.0,
                    0.0,
                    1.0
                ]
            ],
            "size": [
                0.1,
                1.0,
                1.64
            ]
        },
        "collider2": {
            "type": "Box",
            "collider2origin": [
                [
                    0.6574162765423999,
                    -0.7507097311155551,
                    0.06510559841931908,
                    -0.01960516562008574
                ],
                [
                    -0.7346204532373686,
                    -0.6577573448805377,
                    -0.16639731049818188,
                    -0.5213508582160693
                ],
                [
                    0.16773976577559158,
                    0.061564396075294105,
                    -0.9839071074615905,
                    -0.007081187124033939
                ],
                [
                    0.0,
                    0.0,
                    0.0,
                    1.0
                ]
            ],
            "size": [
                0.08993,
                0.0305,
                0.09007
            ]
        },
        "distance": 0.0
    },
    {
        "case": 1,
        "collider1": {
            "type": "Box",
            "collider2origin": [
                [
                    1.0,
                    0.0,
                    0.0,
                    -0.06
                ],
                [
                    0.0,
                    1.0,
                    0.0,
                    -0.37086
                ],
                [
                    0.0,
                    0.0,
                    1.0,
                    -0.40301
                ],
                [
                    0.0,
                    0.0,
                    0.0,
                    1.0
                ]
            ],
            "size": [
                0.1,
                1.0,
                1.64
            ]
        },
        "collider2": {
            "type": "Box",
            "collider2origin": [
                [
                    -0.6496144954133896,
                    -0.7507095289233043,
                    0.12015078248833087,
                    0.03591106882682682
                ],
                [
                    0.7519268934990297,
                    -0.6577568963639675,
                    -0.0442923483068967,
                    -0.471865691384726
                ],
                [
                    0.112280693717604,
                    0.061571653131869464,
                    0.991767098339576,
                    -0.014458293784862075
                ],
                [
                    0.0,
                    0.0,
                    0.0,
                    1.0
                ]
            ],
            "size": [
                0.09126,
                0.11887,
                0.10009
            ]
        },
        "distance": 0.0
    },
    {
        "case": 2,
        "collider1": {
            "type": "Box",
            "collider2origin": [
                [
                    1.0,
                    0.0,
                    0.0,
                    -0.06
                ],
                [
                    0.0,
                    1.0,
                    0.0,
                    -0.37086
                ],
                [
                    0.0,
                    0.0,
                    1.0,
                    -0.40301
                ],
                [
                    0.0,
                    0.0,
                    0.0,
                    1.0
                ]
            ],
            "size": [
                0.1,
                1.0,
                1.64
            ]
        },
        "collider2": {
            "type": "Box",
            "collider2origin": [
                [
                    0.9305517302317132,
                    0.3458862050302193,
                    0.12015078248833085,
                    0.022863714676038205
                ],
                [
                    -0.3430385615520046,
                    0.9382764694746384,
                    -0.044292348306896684,
                    -0.46930528766119806
                ],
                [
                    -0.12805476426551535,
                    -3.024113639462272e-08,
                    0.9917670983395762,
                    -0.12302100922076664
                ],
                [
                    0.0,
                    0.0,
                    0.0,
                    1.0
                ]
            ],
            "size": [
                0.09102,
                0.10007,
                0.11882
            ]
        },
        "distance": 0.0
    },
    {
        "case": 3,
        "collider1": {
            "type": "Box",
            "collider2origin": [
                [
                    1.0,
                    0.0,
                    0.0,
                    -0.06
                ],
                [
                    0.0,
                    1.0,
                    0.0,
                    -0.37086
                ],
                [
                    0.0,
                    0.0,
                    1.0,
                    -0.40301
                ],
                [
                    0.0,
                    0.0,
                    0.0,
                    1.0
                ]
            ],
            "size": [
                0.1,
                1.0,
                1.64
            ]
        },
        "collider2": {
            "type": "Box",
            "collider2origin": [
                [
                    0.04619150150815107,
                    -0.5580243647497803,
                    -0.8285379614320797,
                    -0.10521077681259228
                ],
                [
                    -0.2145905756855291,
                    -0.8156024189009694,
                    0.5373486569349926,
                    -0.6239273404961136
                ],
                [
                    -0.9756112084305796,
                    0.15297549682380904,
                    -0.15742067004092278,
                    0.005171147096616258
                ],
                [
                    0.0,
                    0.0,
                    0.0,
                    1.0
                ]
            ],
            "size": [
                0.07264,
                0.04753,
                0.03326
            ]
        },
        "distance": 0.0
    },
    {
        "case": 4,
        "collider1": {
            "type": "Box",
            "collider2origin": [
                [
                    1.0,
                    0.0,
                    0.0,
                    -0.06
                ],
                [
                    0.0,
                    1.0,
                    0.0,
                    -0.37086
                ],
                [
                    0.0,
                    0.0,
                    1.0,
                    -0.40301
                ],
                [
                    0.0,
                    0.0,
                    0.0,
                    1.0
                ]
            ],
            "size": [
                0.1,
                1.0,
                1.64
            ]
        },
        "collider2": {
            "type": "Box",
            "collider2origin": [
                [
                    -0.12844704525705994,
                    -0.5580280980158746,
                    -0.8198207111250095,
                    -0.07859422811857653
                ],
                [
                    -0.09723224157555681,
                    -0.8155994385284767,
                    0.5703888560186159,
                    -0.5805682163763759
                ],
                [
                    -0.9869383201410931,
                    0.15297776863589752,
                    0.050503015160072016,
                    -0.0013050702552233062
                ],
                [
                    0.0,
                    0.0,
                    0.0,
                    1.0
                ]
            ],
            "size": [
                0.06241,
                0.05638,
                0.02858
            ]
        },
        "distance": 0.0
    },
    {
        "case": 5,
        "collider1": {
            "type": "Box",
            "collider2origin": [
                [
                    1.0,
                    0.0,
                    0.0,
                    -0.06
                ],
                [
                    0.0,
                    1.0,
                    0.0,
                    -0.37086
                ],
                [
                    0.0,
                    0.0,
                    1.0,
                    -0.40301
                ],
                [
                    0.0,
                    0.0,
                    0.0,
                    1.0
                ]
            ],
            "size": [
                0.1,
                1.0,
                1.64
            ]
        },
        "collider2": {
            "type": "Box",
            "collider2origin": [
                [
                    0.4836810264636227,
                    0.3458828104308601,
                    -0.8040010858746064,
                    0.218743647854872
                ],
                [
                    -0.17830054373160412,
                    0.9382777208509653,
                    0.29638460597630906,
                    -0.6606269476254054
                ],
                [
                    0.8568906468996559,
                    -1.7796743951070153e-06,
                    0.5154982242963811,
                    -0.2761548741010229
                ],
                [
                    0.0,
                    0.0,
                    0.0,
                    1.0
                ]
            ],
            "size": [
                0.1202,
                0.13634,
                0.67816
            ]
        },
        "distance": 0.0
    }
]