[
    {
        "case": 0,
        "collider1": {
            "type": "Box",
            "collider2origin": [
                [
                    0.9999999999999999,
                    0.0,
                    6.177235058912196e-23,
                    0.2860000183661401
                ],
                [
                    0.0,
                    1.0,
                    0.0,
                    -0.10086
                ],
                [
                    6.177235058912196e-23,
                    0.0,
                    0.9999999999999999,
                    -0.626009937555547
                ],
                [
                    0.0,
                    0.0,
                    0.0,
                    1.0
                ]
            ],
            "size": [
                0.04,
                0.234,
                0.044
            ]
        },
        "collider2": {
            "type": "Box",
            "collider2origin": [
                [
                    -0.5694407812780986,
                    -0.8084942964342042,
                    0.14857378386091433,
                    0.19387897266226017
                ],
                [
                    0.7823049360171775,
                    -0.5885040124190715,
                    -0.2041127493563624,
                    -0.16434546425691943
                ],
                [
                    0.2524602616265553,
                    -1.1898516517300379e-07,
                    0.9676072634594248,
                    -0.5708864385320359
                ],
                [
                    0.0,
                    0.0,
                    0.0,
                    1.0
                ]
            ],
            "size": [
                0.09102,
                0.10007,
                0.11882
            ]
        },
        "distance": 0.00896951797227107
    },
    {
        "case": 1,
        "collider1": {
            "type": "Box",
            "collider2origin": [
                [
                    1.0,
                    0.0,
                    0.0,
                    0.205
                ],
                [
                    0.0,
                    1.0,
                    0.0,
                    -0.17586
                ],
                [
                    0.0,
                    0.0,
                    1.0,
                    -0.10301
                ],
                [
                    0.0,
                    0.0,
                    0.0,
                    1.0
                ]
            ],
            "size": [
                0.05,
                0.05,
                1.2
            ]
        },
        "collider2": {
            "type": "Box",
            "collider2origin": [
                [
                    -0.5694407812780986,
                    -0.8084942964342042,
                    0.14857378386091433,
                    0.19387897266226017
                ],
                [
                    0.7823049360171775,
                    -0.5885040124190715,
                    -0.2041127493563624,
                    -0.16434546425691943
                ],
                [
                    0.2524602616265553,
                    -1.1898516517300379e-07,
                    0.9676072634594248,
                    -0.5708864385320359
                ],
                [
                    0.0,
                    0.0,
                    0.0,
                    1.0
                ]
            ],
            "size": [
                0.09102,
                0.10007,
                0.11882
            ]
        },
        "distance": 0.0
    },
    {
        "case": 2,
        "collider1": {
            "type": "Box",
            "collider2origin": [
                [
                    1.0,
                    0.0,
                    0.0,
                    0.205
                ],
                [
                    0.0,
                    1.0,
                    0.0,
                    -0.17586
                ],
                [
                    0.0,
                    0.0,
                    1.0,
                    -0.10301
                ],
                [
                    0.0,
                    0.0,
                    0.0,
                    1.0
                ]
            ],
            "size": [
                0.05,
                0.05,
                1.2
            ]
        },
        "collider2": {
            "type": "Box",
            "collider2origin": [
                [
                    0.8209429480952877,
                    -0.4865685703822282,
                    -0.2988372505040368,
                    0.16967744005586927
                ],
                [
                    0.3395471348247665,
                    0.8367438354281201,
                    -0.4296131947523617,
                    -0.12573566111492263
                ],
                [
                    0.45908650514354016,
                    0.2512185904530821,
                    0.8521319150259873,
                    -0.4412681323296035
                ],
                [
                    0.0,
                    0.0,
                    0.0,
                    1.0
                ]
            ],
            "size": [
                0.08993,
                0.0305,
                0.09007
            ]
        },
        "distance": 0.0
    },
    {
        "case": 3,
        "collider1": {
            "type": "Box",
            "collider2origin": [
                [
                    1.0,
                    0.0,
                    0.0,
                    0.205
                ],
                [
                    0.0,
                    1.0,
                    0.0,
                    -0.17586
                ],
                [
                    0.0,
                    0.0,
                    1.0,
                    -0.10301
                ],
                [
                    0.0,
                    0.0,
                    0.0,
                    1.0
                ]
            ],
            "size": [
                0.05,
                0.05,
                1.2
            ]
        },
        "collider2": {
            "type": "Box",
            "collider2origin": [
                [
                    0.8609172180575453,
                    -0.4865669269497334,
                    0.14857378386091433,
                    0.20578554368777258
                ],
                [
                    0.5081302522552589,
                    0.836744663737507,
                    -0.2041127493563624,
                    -0.18701844492023578
                ],
                [
                    -0.025003807611323377,
                    0.25121901461772134,
                    0.9676072634594248,
                    -0.46448672395937285
                ],
                [
                    0.0,
                    0.0,
                    0.0,
                    1.0
                ]
            ],
            "size": [
                0.09126,
                0.11887,
                0.10009
            ]
        },
        "distance": 0.0
    },
    {
        "case": 4,
        "collider1": {
            "type": "Box",
            "collider2origin": [
                [
                    0.9999999999999999,
                    0.0,
                    6.177235058912196e-23,
                    0.2860000183661401
                ],
                [
                    0.0,
                    1.0,
                    0.0,
                    -0.10086
                ],
                [
                    6.177235058912196e-23,
                    0.0,
                    0.9999999999999999,
                    -0.626009937555547
                ],
                [
                    0.0,
                    0.0,
                    0.0,
                    1.0
                ]
            ],
            "size": [
                0.04,
                0.234,
                0.044
            ]
        },
        "collider2": {
            "type": "Box",
            "collider2origin": [
                [
                    0.19802525775946817,
                    -0.8084968778040038,
                    -0.5541829985397186,
                    0.4454960214248358
                ],
                [
                    -0.27204427002860615,
                    -0.5885004660636025,
                    0.7613534767685277,
                    -0.3201159484052063
                ],
                [
                    -0.941688861797727,
                    -4.909183153151838e-06,
                    -0.3364848994264094,
                    -0.4750514039238838
                ],
                [
                    0.0,
                    0.0,
                    0.0,
                    1.0
                ]
            ],
            "size": [
                0.1202,
                0.13634,
                0.67816
            ]
        },
        "distance": 0.0
    },
    {
        "case": 5,
        "collider1": {
            "type": "Cylinder",
            "collider2origin": [
                [
                    0.9999999999999999,
                    0.0,
                    6.177235058912196e-23,
                    0.2850002314120429
                ],
                [
                    0.0,
                    1.0,
                    0.0,
                    -0.0028599999999999737
                ],
                [
                    6.177235058912196e-23,
                    0.0,
                    0.9999999999999999,
                    -0.5680099338827331
                ],
                [
                    0.0,
                    0.0,
                    0.0,
                    1.0
                ]
            ],
            "radius": 0.015,
            "height": 0.14
        },
        "collider2": {
            "type": "Box",
            "collider2origin": [
                [
                    0.19802525775946817,
                    -0.8084968778040038,
                    -0.5541829985397186,
                    0.4454960214248358
                ],
                [
                    -0.27204427002860615,
                    -0.5885004660636025,
                    0.7613534767685277,
                    -0.3201159484052063
                ],
                [
                    -0.941688861797727,
                    -4.909183153151838e-06,
                    -0.3364848994264094,
                    -0.4750514039238838
                ],
                [
                    0.0,
                    0.0,
                    0.0,
                    1.0
                ]
            ],
            "size": [
                0.1202,
                0.13634,
                0.67816
            ]
        },
        "distance": 0.0
    },
    {
        "case": 6,
        "collider1": {
            "type": "Box",
            "collider2origin": [
                [
                    0.9999999999999999,
                    0.0,
                    6.177235058912196e-23,
                    0.3420001028494408
                ],
                [
                    0.0,
                    1.0,
                    0.0,
                    -0.0028599999999999737
                ],
                [
                    6.177235058912196e-23,
                    0.0,
                    0.9999999999999999,
                    -0.6330101644495814
                ],
                [
                    0.0,
                    0.0,
                    0.0,
                    1.0
                ]
            ],
            "size": [
                0.03,
                0.09,
                0.06
            ]
        },
        "collider2": {
            "type": "Box",
            "collider2origin": [
                [
                    0.19802525775946817,
                    -0.8084968778040038,
                    -0.5541829985397186,
                    0.4454960214248358
                ],
                [
                    -0.27204427002860615,
                    -0.5885004660636025,
                    0.7613534767685277,
                    -0.3201159484052063
                ],
                [
                    -0.941688861797727,
                    -4.909183153151838e-06,
                    -0.3364848994264094,
                    -0.4750514039238838
                ],
                [
                    0.0,
                    0.0,
                    0.0,
                    1.0
                ]
            ],
            "size": [
                0.1202,
                0.13634,
                0.67816
            ]
        },
        "distance": 0.0
    },
    {
        "case": 7,
        "collider1": {
            "type": "Box",
            "collider2origin": [
                [
                    1.0,
                    0.0,
                    0.0,
                    0.205
                ],
                [
                    0.0,
                    1.0,
                    0.0,
                    -0.17586
                ],
                [
                    0.0,
                    0.0,
                    1.0,
                    -0.10301
                ],
                [
                    0.0,
                    0.0,
                    0.0,
                    1.0
                ]
            ],
            "size": [
                0.05,
                0.05,
                1.2
            ]
        },
        "collider2": {
            "type": "Box",
            "collider2origin": [
                [
                    0.19802525775946817,
                    -0.8084968778040038,
                    -0.5541829985397186,
                    0.4454960214248358
                ],
                [
                    -0.27204427002860615,
                    -0.5885004660636025,
                    0.7613534767685277,
                    -0.3201159484052063
                ],
                [
                    -0.941688861797727,
                    -4.909183153151838e-06,
                    -0.3364848994264094,
                    -0.4750514039238838
                ],
                [
                    0.0,
                    0.0,
                    0.0,
                    1.0
                ]
            ],
            "size": [
                0.1202,
                0.13634,
                0.67816
            ]
        },
        "distance": 0.0064508051750393315
    }
]