[
    {
        "case": 0,
        "collider1": {
            "type": "Box",
            "collider2origin": [
                [
                    1.0,
                    0.0,
                    0.0,
                    1.2009999999999998
                ],
                [
                    0.0,
                    1.0,
                    0.0,
                    0.02914
                ],
                [
                    0.0,
                    0.0,
                    1.0,
                    -1.22801
                ],
                [
                    0.0,
                    0.0,
                    0.0,
                    1.0
                ]
            ],
            "size": [
                0.41,
                0.6,
                0.82
            ]
        },
        "collider2": {
            "type": "Box",
            "collider2origin": [
                [
                    -0.09989940690445882,
                    0.968320117456914,
                    0.2288585996382163,
                    1.2269049079726613
                ],
                [
                    -0.38739256808123806,
                    -0.24971213451366714,
                    0.8874518849335166,
                    -0.3131482835956393
                ],
                [
                    0.9164862828736504,
                    -2.2036802221683895e-06,
                    0.4000661111611218,
                    -0.6587714340452343
                ],
                [
                    0.0,
                    0.0,
                    0.0,
                    1.0
                ]
            ],
            "size": [
                0.1202,
                0.13634,
                0.67816
            ]
        },
        "distance": 0.09577026693440492
    },
    {
        "case": 1,
        "collider1": {
            "type": "Box",
            "collider2origin": [
                [
                    1.0,
                    0.0,
                    0.0,
                    1.23
                ],
                [
                    0.0,
                    1.0,
                    0.0,
                    -0.23086
                ],
                [
                    0.0,
                    0.0,
                    1.0,
                    -0.54301
                ],
                [
                    0.0,
                    0.0,
                    0.0,
                    1.0
                ]
            ],
            "size": [
                0.1,
                0.16,
                0.1
            ]
        },
        "collider2": {
            "type": "Box",
            "collider2origin": [
                [
                    -0.09989940690445882,
                    0.968320117456914,
                    0.2288585996382163,
                    1.2269049079726613
                ],
                [
                    -0.38739256808123806,
                    -0.24971213451366714,
                    0.8874518849335166,
                    -0.3131482835956393
                ],
                [
                    0.9164862828736504,
                    -2.2036802221683895e-06,
                    0.4000661111611218,
                    -0.6587714340452343
                ],
                [
                    0.0,
                    0.0,
                    0.0,
                    1.0
                ]
            ],
            "size": [
                0.1202,
                0.13634,
                0.67816
            ]
        },
        "distance": 0.0
    },
    {
        "case": 2,
        "collider1": {
            "type": "Box",
            "collider2origin": [
                [
                    1.0,
                    0.0,
                    0.0,
                    1.28
                ],
                [
                    0.0,
                    1.0,
                    0.0,
                    -0.23086
                ],
                [
                    0.0,
                    0.0,
                    1.0,
                    -0.67301
                ],
                [
                    0.0,
                    0.0,
                    0.0,
                    1.0
                ]
            ],
            "size": [
                0.06,
                0.06,
                0.33
            ]
        },
        "collider2": {
            "type": "Box",
            "collider2origin": [
                [
                    -0.09989940690445882,
                    0.968320117456914,
                    0.2288585996382163,
                    1.2269049079726613
                ],
                [
                    -0.38739256808123806,
                    -0.24971213451366714,
                    0.8874518849335166,
                    -0.3131482835956393
                ],
                [
                    0.9164862828736504,
                    -2.2036802221683895e-06,
                    0.4000661111611218,
                    -0.6587714340452343
                ],
                [
                    0.0,
                    0.0,
                    0.0,
                    1.0
                ]
            ],
            "size": [
                0.1202,
                0.13634,
                0.67816
            ]
        },
        "distance": 0.0
    }
]