[
    {
        "case": 0,
        "collider1": {
            "type": "Box",
            "collider2origin": [
                [
                    1.0,
                    0.0,
                    0.0,
                    1.2009999999999998
                ],
                [
                    0.0,
                    1.0,
                    0.0,
                    0.02914
                ],
                [
                    0.0,
                    0.0,
                    1.0,
                    -1.22801
                ],
                [
                    0.0,
                    0.0,
                    0.0,
                    1.0
                ]
            ],
            "size": [
                0.41,
                0.6,
                0.82
            ]
        },
        "collider2": {
            "type": "Box",
            "collider2origin": [
                [
                    0.10468515168727603,
                    -0.980538308683079,
                    0.1660892658215411,
                    0.9923014360541411
                ],
                [
                    0.5228313270458814,
                    0.19632785131505565,
                    0.8295196069156268,
                    -0.22369501664329894
                ],
                [
                    -0.8459837010697396,
                    -1.714619979510255e-06,
                    0.533208756043452,
                    -1.2804859263909854
                ],
                [
                    0.0,
                    0.0,
                    0.0,
                    1.0
                ]
            ],
            "size": [
                0.09102,
                0.10007,
                0.11882
            ]
        },
        "distance": 0.0
    },
    {
        "case": 1,
        "collider1": {
            "type": "Box",
            "collider2origin": [
                [
                    1.0,
                    0.0,
                    0.0,
                    1.2009999999999998
                ],
                [
                    0.0,
                    1.0,
                    0.0,
                    0.02914
                ],
                [
                    0.0,
                    0.0,
                    1.0,
                    -1.22801
                ],
                [
                    0.0,
                    0.0,
                    0.0,
                    1.0
                ]
            ],
            "size": [
                0.41,
                0.6,
                0.82
            ]
        },
        "collider2": {
            "type": "Box",
            "collider2origin": [
                [
                    -0.599949224861143,
                    -0.4937687081548447,
                    0.629486608622939,
                    0.9698687741002102
                ],
                [
                    -0.7794749791908027,
                    0.5380042632979977,
                    -0.3208896531343392,
                    -0.08794946642372725
                ],
                [
                    -0.18022120963974048,
                    -0.683186559821162,
                    -0.7076555942516912,
                    -1.273518922075222
                ],
                [
                    0.0,
                    0.0,
                    0.0,
                    1.0
                ]
            ],
            "size": [
                0.08993,
                0.0305,
                0.09007
            ]
        },
        "distance": 0.0
    },
    {
        "case": 2,
        "collider1": {
            "type": "Box",
            "collider2origin": [
                [
                    1.0,
                    0.0,
                    0.0,
                    1.2009999999999998
                ],
                [
                    0.0,
                    1.0,
                    0.0,
                    0.02914
                ],
                [
                    0.0,
                    0.0,
                    1.0,
                    -1.22801
                ],
                [
                    0.0,
                    0.0,
                    0.0,
                    1.0
                ]
            ],
            "size": [
                0.41,
                0.6,
                0.82
            ]
        },
        "collider2": {
            "type": "Box",
            "collider2origin": [
                [
                    0.8535837027982702,
                    -0.49377041030832913,
                    0.1660892658215411,
                    1.0055574171138018
                ],
                [
                    0.14981350913817484,
                    0.5380084889871628,
                    0.8295196069156268,
                    -0.1309314380598885
                ],
                [
                    -0.4989496716071675,
                    -0.6831820018718981,
                    0.533208756043452,
                    -1.2238493808859472
                ],
                [
                    0.0,
                    0.0,
                    0.0,
                    1.0
                ]
            ],
            "size": [
                0.09126,
                0.11887,
                0.10009
            ]
        },
        "distance": 0.0
    },
    {
        "case": 3,
        "collider1": {
            "type": "Box",
            "collider2origin": [
                [
                    1.0,
                    0.0,
                    0.0,
                    0.7
                ],
                [
                    0.0,
                    1.0,
                    0.0,
                    -0.15085999999999994
                ],
                [
                    0.0,
                    0.0,
                    1.0,
                    -1.03301
                ],
                [
                    0.0,
                    0.0,
                    0.0,
                    1.0
                ]
            ],
            "size": [
                0.6,
                0.06,
                0.06
            ]
        },
        "collider2": {
            "type": "Box",
            "collider2origin": [
                [
                    -0.14618902945565523,
                    -0.9805384374029721,
                    0.13104632937305485,
                    1.0632349481618861
                ],
                [
                    -0.7301496370380023,
                    0.1963272083392155,
                    0.654474701420157,
                    -0.43867619521567547
                ],
                [
                    -0.6674655610592105,
                    -6.4084230060344846e-06,
                    -0.7446406682144384,
                    -1.0646202277448882
                ],
                [
                    0.0,
                    0.0,
                    0.0,
                    1.0
                ]
            ],
            "size": [
                0.1202,
                0.13634,
                0.67816
            ]
        },
        "distance": 0.12794466950102637
    },
    {
        "case": 4,
        "collider1": {
            "type": "Box",
            "collider2origin": [
                [
                    1.0,
                    0.0,
                    0.0,
                    1.2009999999999998
                ],
                [
                    0.0,
                    1.0,
                    0.0,
                    0.02914
                ],
                [
                    0.0,
                    0.0,
                    1.0,
                    -1.22801
                ],
                [
                    0.0,
                    0.0,
                    0.0,
                    1.0
                ]
            ],
            "size": [
                0.41,
                0.6,
                0.82
            ]
        },
        "collider2": {
            "type": "Box",
            "collider2origin": [
                [
                    -0.14618902945565523,
                    -0.9805384374029721,
                    0.13104632937305485,
                    1.0632349481618861
                ],
                [
                    -0.7301496370380023,
                    0.1963272083392155,
                    0.654474701420157,
                    -0.43867619521567547
                ],
                [
                    -0.6674655610592105,
                    -6.4084230060344846e-06,
                    -0.7446406682144384,
                    -1.0646202277448882
                ],
                [
                    0.0,
                    0.0,
                    0.0,
                    1.0
                ]
            ],
            "size": [
                0.1202,
                0.13634,
                0.67816
            ]
        },
        "distance": 0.0
    }
]