[
    {
        "case": 0,
        "collider1": {
            "type": "Box",
            "collider2origin": [
                [
                    1.0,
                    0.0,
                    0.0,
                    -0.26
                ],
                [
                    0.0,
                    1.0,
                    0.0,
                    -0.4608599999999999
                ],
                [
                    0.0,
                    0.0,
                    1.0,
                    -1.143
                ],
                [
                    0.0,
                    0.0,
                    0.0,
                    1.0
                ]
            ],
            "size": [
                1.48,
                0.272,
                0.945
            ]
        },
        "collider2": {
            "type": "Cylinder",
            "collider2origin": [
                [
                    0.25490770262323964,
                    0.5713363726034887,
                    0.7801261516470455,
                    0.1453774535540856
                ],
                [
                    -0.7843544286391803,
                    -0.34966367573990464,
                    0.5123704169272102,
                    -0.5242198698725421
                ],
                [
                    0.5655176331622619,
                    -0.7425025678126276,
                    0.35899824982053485,
                    -1.0417061108056296
                ],
                [
                    0.0,
                    0.0,
                    0.0,
                    1.0
                ]
            ],
            "radius": 0.00783,
            "height": 0.03683
        },
        "distance": 0.0
    },
    {
        "case": 1,
        "collider1": {
            "type": "Box",
            "collider2origin": [
                [
                    1.0,
                    0.0,
                    0.0,
                    -0.26
                ],
                [
                    0.0,
                    1.0,
                    0.0,
                    -0.4608599999999999
                ],
                [
                    0.0,
                    0.0,
                    1.0,
                    -1.143
                ],
                [
                    0.0,
                    0.0,
                    0.0,
                    1.0
                ]
            ],
            "size": [
                1.48,
                0.272,
                0.945
            ]
        },
        "collider2": {
            "type": "Box",
            "collider2origin": [
                [
                    -0.15598025471391647,
                    -0.7980286950336818,
                    0.5820827793726769,
                    0.36073613155532713
                ],
                [
                    -0.04435603468318611,
                    -0.5830422174804002,
                    -0.8112301244546591,
                    -0.3939530271290994
                ],
                [
                    0.986763752033163,
                    -0.15235476539437973,
                    0.0555456851164676,
                    -1.0108973493021565
                ],
                [
                    0.0,
                    0.0,
                    0.0,
                    1.0
                ]
            ],
            "size": [
                0.09126,
                0.11887,
                0.10009
            ]
        },
        "distance": 0.0
    },
    {
        "case": 2,
        "collider1": {
            "type": "Box",
            "collider2origin": [
                [
                    1.0,
                    0.0,
                    0.0,
                    -0.26
                ],
                [
                    0.0,
                    1.0,
                    0.0,
                    -0.4608599999999999
                ],
                [
                    0.0,
                    0.0,
                    1.0,
                    -1.143
                ],
                [
                    0.0,
                    0.0,
                    0.0,
                    1.0
                ]
            ],
            "size": [
                1.48,
                0.272,
                0.945
            ]
        },
        "collider2": {
            "type": "Cylinder",
            "collider2origin": [
                [
                    0.0660580546248887,
                    0.9964530858094689,
                    -0.052130424897194744,
                    0.16912130241757783
                ],
                [
                    -0.8468821543782827,
                    0.08361707082988885,
                    0.5251654996869342,
                    -0.5112761545789741
                ],
                [
                    0.5276617761547381,
                    0.009456915280165124,
                    0.8494019170796651,
                    -1.0664080059532992
                ],
                [
                    0.0,
                    0.0,
                    0.0,
                    1.0
                ]
            ],
            "radius": 0.00783,
            "height": 0.03044
        },
        "distance": 0.0
    },
    {
        "case": 3,
        "collider1": {
            "type": "Box",
            "collider2origin": [
                [
                    1.0,
                    0.0,
                    0.0,
                    -0.26
                ],
                [
                    0.0,
                    1.0,
                    0.0,
                    -0.4608599999999999
                ],
                [
                    0.0,
                    0.0,
                    1.0,
                    -1.143
                ],
                [
                    0.0,
                    0.0,
                    0.0,
                    1.0
                ]
            ],
            "size": [
                1.48,
                0.272,
                0.945
            ]
        },
        "collider2": {
            "type": "Sphere",
            "collider2origin": [
                [
                    1.0,
                    0.0,
                    0.0,
                    0.1191483383257741
                ],
                [
                    0.0,
                    1.0,
                    0.0,
                    -0.5551339774796452
                ],
                [
                    0.0,
                    0.0,
                    1.0,
                    -1.0734850356646675
                ],
                [
                    0.0,
                    0.0,
                    0.0,
                    1.0
                ]
            ],
            "radius": 0.00487
        },
        "distance": 0.0
    },
    {
        "case": 4,
        "collider1": {
            "type": "Box",
            "collider2origin": [
                [
                    1.0,
                    0.0,
                    0.0,
                    -0.26
                ],
                [
                    0.0,
                    1.0,
                    0.0,
                    -0.4608599999999999
                ],
                [
                    0.0,
                    0.0,
                    1.0,
                    -1.143
                ],
                [
                    0.0,
                    0.0,
                    0.0,
                    1.0
                ]
            ],
            "size": [
                1.48,
                0.272,
                0.945
            ]
        },
        "collider2": {
            "type": "Cylinder",
            "collider2origin": [
                [
                    0.2591423235467878,
                    0.8928169055588473,
                    0.36840633720810956,
                    0.12412770560208708
                ],
                [
                    -0.7867829867126722,
                    -0.026096324428924293,
                    0.6166778037766453,
                    -0.5452150301166425
                ],
                [
                    0.5601944197921456,
                    -0.4496631572628821,
                    0.6956904893946134,
                    -1.061247299569394
                ],
                [
                    0.0,
                    0.0,
                    0.0,
                    1.0
                ]
            ],
            "radius": 0.0076,
            "height": 0.02993
        },
        "distance": 0.0
    },
    {
        "case": 5,
        "collider1": {
            "type": "Box",
            "collider2origin": [
                [
                    1.0,
                    0.0,
                    0.0,
                    -0.26
                ],
                [
                    0.0,
                    1.0,
                    0.0,
                    -0.4608599999999999
                ],
                [
                    0.0,
                    0.0,
                    1.0,
                    -1.143
                ],
                [
                    0.0,
                    0.0,
                    0.0,
                    1.0
                ]
            ],
            "size": [
                1.48,
                0.272,
                0.945
            ]
        },
        "collider2": {
            "type": "Cylinder",
            "collider2origin": [
                [
                    0.8066322796330856,
                    0.28952878256548475,
                    0.5152838533469485,
                    0.21741750353482436
                ],
                [
                    -0.5556514737710085,
                    0.07427399615273436,
                    0.8280910657600463,
                    -0.5732327225925289
                ],
                [
                    0.20148400718180368,
                    -0.954283216640454,
                    0.22078889756577674,
                    -1.0491924812756328
                ],
                [
                    0.0,
                    0.0,
                    0.0,
                    1.0
                ]
            ],
            "radius": 0.01169,
            "height": 0.05502
        },
        "distance": 0.0
    },
    {
        "case": 6,
        "collider1": {
            "type": "Box",
            "collider2origin": [
                [
                    1.0,
                    0.0,
                    0.0,
                    -0.26
                ],
                [
                    0.0,
                    1.0,
                    0.0,
                    -0.4608599999999999
                ],
                [
                    0.0,
                    0.0,
                    1.0,
                    -1.143
                ],
                [
                    0.0,
                    0.0,
                    0.0,
                    1.0
                ]
            ],
            "size": [
                1.48,
                0.272,
                0.945
            ]
        },
        "collider2": {
            "type": "Sphere",
            "collider2origin": [
                [
                    1.0,
                    0.0,
                    0.0,
                    0.2052374506823319
                ],
                [
                    0.0,
                    1.0,
                    0.0,
                    -0.5916821752652244
                ],
                [
                    0.0,
                    0.0,
                    1.0,
                    -1.05427056246723
                ],
                [
                    0.0,
                    0.0,
                    0.0,
                    1.0
                ]
            ],
            "radius": 0.01051
        },
        "distance": 0.0
    },
    {
        "case": 7,
        "collider1": {
            "type": "Box",
            "collider2origin": [
                [
                    1.0,
                    0.0,
                    0.0,
                    -0.26
                ],
                [
                    0.0,
                    1.0,
                    0.0,
                    -0.4608599999999999
                ],
                [
                    0.0,
                    0.0,
                    1.0,
                    -1.143
                ],
                [
                    0.0,
                    0.0,
                    0.0,
                    1.0
                ]
            ],
            "size": [
                1.48,
                0.272,
                0.945
            ]
        },
        "collider2": {
            "type": "Sphere",
            "collider2origin": [
                [
                    1.0,
                    0.0,
                    0.0,
                    0.17238722840725296
                ],
                [
                    0.0,
                    1.0,
                    0.0,
                    -0.5933647751049824
                ],
                [
                    0.0,
                    0.0,
                    1.0,
                    -1.0727402012406366
                ],
                [
                    0.0,
                    0.0,
                    0.0,
                    1.0
                ]
            ],
            "radius": 0.00663
        },
        "distance": 0.0
    },
    {
        "case": 8,
        "collider1": {
            "type": "Box",
            "collider2origin": [
                [
                    1.0,
                    0.0,
                    0.0,
                    -0.26
                ],
                [
                    0.0,
                    1.0,
                    0.0,
                    -0.4608599999999999
                ],
                [
                    0.0,
                    0.0,
                    1.0,
                    -1.143
                ],
                [
                    0.0,
                    0.0,
                    0.0,
                    1.0
                ]
            ],
            "size": [
                1.48,
                0.272,
                0.945
            ]
        },
        "collider2": {
            "type": "Box",
            "collider2origin": [
                [
                    0.36645430375779725,
                    -0.9039311572832992,
                    0.22049876677628655,
                    0.18853182154751935
                ],
                [
                    -0.7314452621476585,
                    -0.42634521102147604,
                    -0.5321819139361992,
                    -0.5099144509187039
                ],
                [
                    0.5750644066008008,
                    0.033737574476065485,
                    -0.8174121997678652,
                    -1.0249125579405107
                ],
                [
                    0.0,
                    0.0,
                    0.0,
                    1.0
                ]
            ],
            "size": [
                0.07264,
                0.04753,
                0.03326
            ]
        },
        "distance": 0.0
    },
    {
        "case": 9,
        "collider1": {
            "type": "Box",
            "collider2origin": [
                [
                    1.0,
                    0.0,
                    0.0,
                    -0.26
                ],
                [
                    0.0,
                    1.0,
                    0.0,
                    -0.4608599999999999
                ],
                [
                    0.0,
                    0.0,
                    1.0,
                    -1.143
                ],
                [
                    0.0,
                    0.0,
                    0.0,
                    1.0
                ]
            ],
            "size": [
                1.48,
                0.272,
                0.945
            ]
        },
        "collider2": {
            "type": "Cylinder",
            "collider2origin": [
                [
                    0.41471379075018394,
                    0.909404735020328,
                    -0.03155154012435488,
                    0.17576365988751086
                ],
                [
                    -0.7147755220949484,
                    0.3470234964253225,
                    0.6071825474621593,
                    -0.5454837774882577
                ],
                [
                    0.5631238094553502,
                    -0.2292547073701003,
                    0.7939356739517023,
                    -1.0509086500871727
                ],
                [
                    0.0,
                    0.0,
                    0.0,
                    1.0
                ]
            ],
            "radius": 0.00683,
            "height": 0.01183
        },
        "distance": 0.0
    },
    {
        "case": 10,
        "collider1": {
            "type": "Box",
            "collider2origin": [
                [
                    1.0,
                    0.0,
                    0.0,
                    -0.26
                ],
                [
                    0.0,
                    1.0,
                    0.0,
                    -0.4608599999999999
                ],
                [
                    0.0,
                    0.0,
                    1.0,
                    -1.143
                ],
                [
                    0.0,
                    0.0,
                    0.0,
                    1.0
                ]
            ],
            "size": [
                1.48,
                0.272,
                0.945
            ]
        },
        "collider2": {
            "type": "Box",
            "collider2origin": [
                [
                    -0.032385003119157506,
                    -0.8124843687916411,
                    0.5820827793726769,
                    0.30205743149138764
                ],
                [
                    0.04512798156427022,
                    -0.5829829761298464,
                    -0.8112301244546591,
                    -0.3016719470245349
                ],
                [
                    0.9984561466849242,
                    -3.4691744093312864e-06,
                    0.0555456851164676,
                    -1.0168911984724889
                ],
                [
                    0.0,
                    0.0,
                    0.0,
                    1.0
                ]
            ],
            "size": [
                0.09102,
                0.10007,
                0.11882
            ]
        },
        "distance": 0.0
    },
    {
        "case": 11,
        "collider1": {
            "type": "Box",
            "collider2origin": [
                [
                    1.0,
                    0.0,
                    0.0,
                    -0.26
                ],
                [
                    0.0,
                    1.0,
                    0.0,
                    -0.4608599999999999
                ],
                [
                    0.0,
                    0.0,
                    1.0,
                    -1.143
                ],
                [
                    0.0,
                    0.0,
                    0.0,
                    1.0
                ]
            ],
            "size": [
                1.48,
                0.272,
                0.945
            ]
        },
        "collider2": {
            "type": "Cylinder",
            "collider2origin": [
                [
                    0.41471379075018394,
                    0.909404735020328,
                    -0.03155154012435488,
                    0.17525346068263437
                ],
                [
                    -0.7147755220949484,
                    0.3470234964253225,
                    0.6071825474621593,
                    -0.5355727493118987
                ],
                [
                    0.5631238094553502,
                    -0.2292547073701003,
                    0.7939356739517023,
                    -1.0379528013207366
                ],
                [
                    0.0,
                    0.0,
                    0.0,
                    1.0
                ]
            ],
            "radius": 0.00683,
            "height": 0.01782
        },
        "distance": 0.0
    },
    {
        "case": 12,
        "collider1": {
            "type": "Box",
            "collider2origin": [
                [
                    1.0,
                    0.0,
                    0.0,
                    -0.26
                ],
                [
                    0.0,
                    1.0,
                    0.0,
                    -0.4608599999999999
                ],
                [
                    0.0,
                    0.0,
                    1.0,
                    -1.143
                ],
                [
                    0.0,
                    0.0,
                    0.0,
                    1.0
                ]
            ],
            "size": [
                1.48,
                0.272,
                0.945
            ]
        },
        "collider2": {
            "type": "Box",
            "collider2origin": [
                [
                    -0.43722269489207444,
                    -0.7980293098231291,
                    0.41471138847942457,
                    0.30373393183353226
                ],
                [
                    0.38620613790923797,
                    -0.5830418631904626,
                    -0.7147775911489004,
                    -0.4412288617102297
                ],
                [
                    0.8122075683669432,
                    -0.15235290095897142,
                    0.5631229523441955,
                    -1.0215750889624686
                ],
                [
                    0.0,
                    0.0,
                    0.0,
                    1.0
                ]
            ],
            "size": [
                0.08993,
                0.0305,
                0.09007
            ]
        },
        "distance": 0.0
    },
    {
        "case": 13,
        "collider1": {
            "type": "Box",
            "collider2origin": [
                [
                    1.0,
                    0.0,
                    0.0,
                    -0.26
                ],
                [
                    0.0,
                    1.0,
                    0.0,
                    -0.4608599999999999
                ],
                [
                    0.0,
                    0.0,
                    1.0,
                    -1.143
                ],
                [
                    0.0,
                    0.0,
                    0.0,
                    1.0
                ]
            ],
            "size": [
                1.48,
                0.272,
                0.945
            ]
        },
        "collider2": {
            "type": "Cylinder",
            "collider2origin": [
                [
                    0.5230635794499215,
                    0.8496892119045685,
                    -0.06657878810873769,
                    0.17057804631381512
                ],
                [
                    -0.6882245924235516,
                    0.4671607051813565,
                    0.5550745768974593,
                    -0.5835061765499517
                ],
                [
                    0.5027438733952623,
                    -0.24451813574344594,
                    0.8291317621802207,
                    -1.0550851312978828
                ],
                [
                    0.0,
                    0.0,
                    0.0,
                    1.0
                ]
            ],
            "radius": 0.00796,
            "height": 0.03037
        },
        "distance": 0.0
    },
    {
        "case": 14,
        "collider1": {
            "type": "Box",
            "collider2origin": [
                [
                    1.0,
                    0.0,
                    0.0,
                    -0.26
                ],
                [
                    0.0,
                    1.0,
                    0.0,
                    -0.4608599999999999
                ],
                [
                    0.0,
                    0.0,
                    1.0,
                    -1.143
                ],
                [
                    0.0,
                    0.0,
                    0.0,
                    1.0
                ]
            ],
            "size": [
                1.48,
                0.272,
                0.945
            ]
        },
        "collider2": {
            "type": "Cylinder",
            "collider2origin": [
                [
                    0.41471379075018394,
                    0.774057807992837,
                    -0.4783795372368428,
                    0.18411707019803758
                ],
                [
                    -0.7147755220949484,
                    0.6024531808043397,
                    0.35517054769874484,
                    -0.5599580785409771
                ],
                [
                    0.5631238094553502,
                    0.1946398592890388,
                    0.8031232162006253,
                    -1.0754327779048798
                ],
                [
                    0.0,
                    0.0,
                    0.0,
                    1.0
                ]
            ],
            "radius": 0.00813,
            "height": 0.03824
        },
        "distance": 0.0
    },
    {
        "case": 15,
        "collider1": {
            "type": "Box",
            "collider2origin": [
                [
                    1.0,
                    0.0,
                    0.0,
                    -0.26
                ],
                [
                    0.0,
                    1.0,
                    0.0,
                    -0.4608599999999999
                ],
                [
                    0.0,
                    0.0,
                    1.0,
                    -1.143
                ],
                [
                    0.0,
                    0.0,
                    0.0,
                    1.0
                ]
            ],
            "size": [
                1.48,
                0.272,
                0.945
            ]
        },
        "collider2": {
            "type": "Sphere",
            "collider2origin": [
                [
                    1.0,
                    0.0,
                    0.0,
                    0.18343805588089201
                ],
                [
                    0.0,
                    1.0,
                    0.0,
                    -0.529647945649647
                ],
                [
                    0.0,
                    0.0,
                    1.0,
                    -1.099154907533849
                ],
                [
                    0.0,
                    0.0,
                    0.0,
                    1.0
                ]
            ],
            "radius": 0.00484
        },
        "distance": 0.0
    },
    {
        "case": 16,
        "collider1": {
            "type": "Box",
            "collider2origin": [
                [
                    1.0,
                    0.0,
                    0.0,
                    0.7
                ],
                [
                    0.0,
                    1.0,
                    0.0,
                    -0.15085999999999994
                ],
                [
                    0.0,
                    0.0,
                    1.0,
                    -1.03301
                ],
                [
                    0.0,
                    0.0,
                    0.0,
                    1.0
                ]
            ],
            "size": [
                0.6,
                0.06,
                0.06
            ]
        },
        "collider2": {
            "type": "Box",
            "collider2origin": [
                [
                    0.3944663026746732,
                    -0.8124880836410006,
                    -0.42925452821787147,
                    0.5166233846332222
                ],
                [
                    -0.5497544439321375,
                    -0.5829777988083642,
                    0.59825323858164,
                    -0.40900439081216744
                ],
                [
                    -0.7363194873361966,
                    -6.15862068084827e-06,
                    -0.6766340314609012,
                    -0.8192663882172321
                ],
                [
                    0.0,
                    0.0,
                    0.0,
                    1.0
                ]
            ],
            "size": [
                0.1202,
                0.13634,
                0.67816
            ]
        },
        "distance": 0.0
    },
    {
        "case": 17,
        "collider1": {
            "type": "Box",
            "collider2origin": [
                [
                    1.0,
                    0.0,
                    0.0,
                    0.5199999999999999
                ],
                [
                    0.0,
                    1.0,
                    0.0,
                    -0.43085999999999997
                ],
                [
                    0.0,
                    0.0,
                    1.0,
                    -0.80301
                ],
                [
                    0.0,
                    0.0,
                    0.0,
                    1.0
                ]
            ],
            "size": [
                0.2,
                0.08,
                0.04
            ]
        },
        "collider2": {
            "type": "Box",
            "collider2origin": [
                [
                    0.3944663026746732,
                    -0.8124880836410006,
                    -0.42925452821787147,
                    0.5166233846332222
                ],
                [
                    -0.5497544439321375,
                    -0.5829777988083642,
                    0.59825323858164,
                    -0.40900439081216744
                ],
                [
                    -0.7363194873361966,
                    -6.15862068084827e-06,
                    -0.6766340314609012,
                    -0.8192663882172321
                ],
                [
                    0.0,
                    0.0,
                    0.0,
                    1.0
                ]
            ],
            "size": [
                0.1202,
                0.13634,
                0.67816
            ]
        },
        "distance": 0.0
    },
    {
        "case": 18,
        "collider1": {
            "type": "Cylinder",
            "collider2origin": [
                [
                    1.0,
                    0.0,
                    0.0,
                    0.4849999999999999
                ],
                [
                    0.0,
                    -3.673205103346574e-06,
                    -0.9999999999932537,
                    -0.46086
                ],
                [
                    0.0,
                    0.9999999999932537,
                    -3.673205103346574e-06,
                    -0.70001
                ],
                [
                    0.0,
                    0.0,
                    0.0,
                    1.0
                ]
            ],
            "radius": 0.026,
            "height": 0.272
        },
        "collider2": {
            "type": "Box",
            "collider2origin": [
                [
                    0.3944663026746732,
                    -0.8124880836410006,
                    -0.42925452821787147,
                    0.5166233846332222
                ],
                [
                    -0.5497544439321375,
                    -0.5829777988083642,
                    0.59825323858164,
                    -0.40900439081216744
                ],
                [
                    -0.7363194873361966,
                    -6.15862068084827e-06,
                    -0.6766340314609012,
                    -0.8192663882172321
                ],
                [
                    0.0,
                    0.0,
                    0.0,
                    1.0
                ]
            ],
            "size": [
                0.1202,
                0.13634,
                0.67816
            ]
        },
        "distance": 0.0
    },
    {
        "case": 19,
        "collider1": {
            "type": "Box",
            "collider2origin": [
                [
                    1.0,
                    0.0,
                    0.0,
                    0.246
                ],
                [
                    0.0,
                    1.0,
                    0.0,
                    -0.24786000000000002
                ],
                [
                    0.0,
                    0.0,
                    1.0,
                    -0.71801
                ],
                [
                    0.0,
                    0.0,
                    0.0,
                    1.0
                ]
            ],
            "size": [
                0.12,
                0.16,
                0.08
            ]
        },
        "collider2": {
            "type": "Box",
            "collider2origin": [
                [
                    0.3944663026746732,
                    -0.8124880836410006,
                    -0.42925452821787147,
                    0.5166233846332222
                ],
                [
                    -0.5497544439321375,
                    -0.5829777988083642,
                    0.59825323858164,
                    -0.40900439081216744
                ],
                [
                    -0.7363194873361966,
                    -6.15862068084827e-06,
                    -0.6766340314609012,
                    -0.8192663882172321
                ],
                [
                    0.0,
                    0.0,
                    0.0,
                    1.0
                ]
            ],
            "size": [
                0.1202,
                0.13634,
                0.67816
            ]
        },
        "distance": 0.12569021131485306
    },
    {
        "case": 20,
        "collider1": {
            "type": "Box",
            "collider2origin": [
                [
                    1.0,
                    0.0,
                    0.0,
                    0.28600000000000003
                ],
                [
                    0.0,
                    1.0,
                    0.0,
                    -0.19785999999999998
                ],
                [
                    0.0,
                    0.0,
                    1.0,
                    -0.70601
                ],
                [
                    0.0,
                    0.0,
                    0.0,
                    1.0
                ]
            ],
            "size": [
                0.04,
                0.04,
                0.12
            ]
        },
        "collider2": {
            "type": "Box",
            "collider2origin": [
                [
                    0.3944663026746732,
                    -0.8124880836410006,
                    -0.42925452821787147,
                    0.5166233846332222
                ],
                [
                    -0.5497544439321375,
                    -0.5829777988083642,
                    0.59825323858164,
                    -0.40900439081216744
                ],
                [
                    -0.7363194873361966,
                    -6.15862068084827e-06,
                    -0.6766340314609012,
                    -0.8192663882172321
                ],
                [
                    0.0,
                    0.0,
                    0.0,
                    1.0
                ]
            ],
            "size": [
                0.1202,
                0.13634,
                0.67816
            ]
        },
        "distance": 0.16728002254427274
    },
    {
        "case": 21,
        "collider1": {
            "type": "Box",
            "collider2origin": [
                [
                    0.9999999999999999,
                    0.0,
                    6.177235058912196e-23,
                    0.2860000183661401
                ],
                [
                    0.0,
                    1.0,
                    0.0,
                    -0.10086
                ],
                [
                    6.177235058912196e-23,
                    0.0,
                    0.9999999999999999,
                    -0.626009937555547
                ],
                [
                    0.0,
                    0.0,
                    0.0,
                    1.0
                ]
            ],
            "size": [
                0.04,
                0.234,
                0.044
            ]
        },
        "collider2": {
            "type": "Box",
            "collider2origin": [
                [
                    0.3944663026746732,
                    -0.8124880836410006,
                    -0.42925452821787147,
                    0.5166233846332222
                ],
                [
                    -0.5497544439321375,
                    -0.5829777988083642,
                    0.59825323858164,
                    -0.40900439081216744
                ],
                [
                    -0.7363194873361966,
                    -6.15862068084827e-06,
                    -0.6766340314609012,
                    -0.8192663882172321
                ],
                [
                    0.0,
                    0.0,
                    0.0,
                    1.0
                ]
            ],
            "size": [
                0.1202,
                0.13634,
                0.67816
            ]
        },
        "distance": 0.2541657607841882
    },
    {
        "case": 22,
        "collider1": {
            "type": "Box",
            "collider2origin": [
                [
                    1.0,
                    0.0,
                    0.0,
                    -0.08499999999999996
                ],
                [
                    0.0,
                    1.0,
                    0.0,
                    0.42914
                ],
                [
                    0.0,
                    0.0,
                    1.0,
                    -1.2880099999999999
                ],
                [
                    0.0,
                    0.0,
                    0.0,
                    1.0
                ]
            ],
            "size": [
                1.02,
                1.22,
                0.75
            ]
        },
        "collider2": {
            "type": "Box",
            "collider2origin": [
                [
                    0.3944663026746732,
                    -0.8124880836410006,
                    -0.42925452821787147,
                    0.5166233846332222
                ],
                [
                    -0.5497544439321375,
                    -0.5829777988083642,
                    0.59825323858164,
                    -0.40900439081216744
                ],
                [
                    -0.7363194873361966,
                    -6.15862068084827e-06,
                    -0.6766340314609012,
                    -0.8192663882172321
                ],
                [
                    0.0,
                    0.0,
                    0.0,
                    1.0
                ]
            ],
            "size": [
                0.1202,
                0.13634,
                0.67816
            ]
        },
        "distance": 0.0
