[
    {
        "case": 0,
        "collider1": {
            "type": "Cylinder",
            "collider2origin": [
                [
                    1.0,
                    0.0,
                    0.0,
                    0.4849999999999999
                ],
                [
                    0.0,
                    -3.673205103346574e-06,
                    -0.9999999999932537,
                    -0.46086
                ],
                [
                    0.0,
                    0.9999999999932537,
                    -3.673205103346574e-06,
                    -0.70001
                ],
                [
                    0.0,
                    0.0,
                    0.0,
                    1.0
                ]
            ],
            "radius": 0.026,
            "height": 0.272
        },
        "collider2": {
            "type": "Box",
            "collider2origin": [
                [
                    0.2728250868216937,
                    -0.8313837644325258,
                    -0.4841151807563335,
                    0.7096426592287894
                ],
                [
                    -0.40816647563226743,
                    -0.5556986919257677,
                    0.7242921316443552,
                    -0.8796864484432094
                ],
                [
                    -0.8711868916430439,
                    -5.476570750133389e-06,
                    -0.4909515248976606,
                    -0.5198852114584296
                ],
                [
                    0.0,
                    0.0,
                    0.0,
                    1.0
                ]
            ],
            "size": [
                0.15068,
                0.17726,
                0.74884
            ]
        },
        "distance": 0.009687804553750486
    },
    {
        "case": 1,
        "collider1": {
            "type": "Box",
            "collider2origin": [
                [
                    1.0,
                    0.0,
                    0.0,
                    -0.26
                ],
                [
                    0.0,
                    1.0,
                    0.0,
                    -0.4608599999999999
                ],
                [
                    0.0,
                    0.0,
                    1.0,
                    -1.143
                ],
                [
                    0.0,
                    0.0,
                    0.0,
                    1.0
                ]
            ],
            "size": [
                1.48,
                0.272,
                0.945
            ]
        },
        "collider2": {
            "type": "Box",
            "collider2origin": [
                [
                    0.2728250868216937,
                    -0.8313837644325258,
                    -0.4841151807563335,
                    0.7096426592287894
                ],
                [
                    -0.40816647563226743,
                    -0.5556986919257677,
                    0.7242921316443552,
                    -0.8796864484432094
                ],
                [
                    -0.8711868916430439,
                    -5.476570750133389e-06,
                    -0.4909515248976606,
                    -0.5198852114584296
                ],
                [
                    0.0,
                    0.0,
                    0.0,
                    1.0
                ]
            ],
            "size": [
                0.15068,
                0.17726,
                0.74884
            ]
        },
        "distance": 0.01554702881686787
    },
    {
        "case": 2,
        "collider1": {
            "type": "Cylinder",
            "collider2origin": [
                [
                    1.0,
                    0.0,
                    0.0,
                    0.4849999999999999
                ],
                [
                    0.0,
                    -3.673205103346574e-06,
                    -0.9999999999932537,
                    -0.46086
                ],
                [
                    0.0,
                    0.9999999999932537,
                    -3.673205103346574e-06,
                    -0.70001
                ],
                [
                    0.0,
                    0.0,
                    0.0,
                    1.0
                ]
            ],
            "radius": 0.026,
            "height": 0.272
        },
        "collider2": {
            "type": "Box",
            "collider2origin": [
                [
                    0.2728250868216937,
                    -0.8313837644325258,
                    -0.4841151807563335,
                    0.7096426592287894
                ],
                [
                    -0.40816647563226743,
                    -0.5556986919257677,
                    0.7242921316443552,
                    -0.8796864484432094
                ],
                [
                    -0.8711868916430439,
                    -5.476570750133389e-06,
                    -0.4909515248976606,
                    -0.5198852114584296
                ],
                [
                    0.0,
                    0.0,
                    0.0,
                    1.0
                ]
            ],
            "size": [
                0.15068,
                0.17726,
                0.74884
            ]
        },
        "distance": 0.009687804553750486
    },
    {
        "case": 3,
        "collider1": {
            "type": "Box",
            "collider2origin": [
                [
                    1.0,
                    0.0,
                    0.0,
                    -0.26
                ],
                [
                    0.0,
                    1.0,
                    0.0,
                    -0.4608599999999999
                ],
                [
                    0.0,
                    0.0,
                    1.0,
                    -1.143
                ],
                [
                    0.0,
                    0.0,
                    0.0,
                    1.0
                ]
            ],
            "size": [
                1.48,
                0.272,
                0.945
            ]
        },
        "collider2": {
            "type": "Box",
            "collider2origin": [
                [
                    0.2728250868216937,
                    -0.8313837644325258,
                    -0.4841151807563335,
                    0.7096426592287894
                ],
                [
                    -0.40816647563226743,
                    -0.5556986919257677,
                    0.7242921316443552,
                    -0.8796864484432094
                ],
                [
                    -0.8711868916430439,
                    -5.476570750133389e-06,
                    -0.4909515248976606,
                    -0.5198852114584296
                ],
                [
                    0.0,
                    0.0,
                    0.0,
                    1.0
                ]
            ],
            "size": [
                0.15068,
                0.17726,
                0.74884
            ]
        },
        "distance": 0.01554702881686787
    }
]