[
    {
        "case": 0,
        "collider1": {
            "type": "Box",
            "collider2origin": [
                [
                    1.0,
                    0.0,
                    0.0,
                    0.0
                ],
                [
                    0.0,
                    1.0,
                    0.0,
                    -0.37086
                ],
                [
                    0.0,
                    0.0,
                    1.0,
                    0.39699
                ],
                [
                    0.0,
                    0.0,
                    0.0,
                    1.0
                ]
            ],
            "size": [
                0.6,
                1.6,
                0.1
            ]
        },
        "collider2": {
            "type": "Box",
            "collider2origin": [
                [
                    -0.8982547280006657,
                    0.20178609769320777,
                    -0.39041108386186674,
                    0.23902046524628717
                ],
                [
                    0.18506498121038667,
                    0.9794296149944404,
                    0.08042749530752201,
                    -0.6798963042393994
                ],
                [
                    0.39860932798173393,
                    -7.041977990054429e-06,
                    -0.9171208227907384,
                    0.3794758590814644
                ],
                [
                    0.0,
                    0.0,
                    0.0,
                    1.0
                ]
            ],
            "size": [
                0.09102,
                0.10007,
                0.11882
            ]
        },
        "distance": 0.0
    },
    {
        "case": 1,
        "collider1": {
            "type": "Box",
            "collider2origin": [
                [
                    1.0,
                    0.0,
                    0.0,
                    0.0
                ],
                [
                    0.0,
                    1.0,
                    0.0,
                    -0.37086
                ],
                [
                    0.0,
                    0.0,
                    1.0,
                    0.39699
                ],
                [
                    0.0,
                    0.0,
                    0.0,
                    1.0
                ]
            ],
            "size": [
                0.6,
                1.6,
                0.1
            ]
        },
        "collider2": {
            "type": "Box",
            "collider2origin": [
                [
                    -0.4731941448225656,
                    0.789725576959138,
                    -0.39041108386186674,
                    0.1986347080333799
                ],
                [
                    0.8369903228775659,
                    0.541274992409465,
                    0.08042749530752201,
                    -0.6659550055100162
                ],
                [
                    0.27483540658901395,
                    -0.2887124792742605,
                    -0.9171208227907384,
                    0.2786585271684081
                ],
                [
                    0.0,
                    0.0,
                    0.0,
                    1.0
                ]
            ],
            "size": [
                0.09126,
                0.11887,
                0.10009
            ]
        },
        "distance": 0.0
    },
    {
        "case": 2,
        "collider1": {
            "type": "Box",
            "collider2origin": [
                [
                    1.0,
                    0.0,
                    0.0,
                    0.0
                ],
                [
                    0.0,
                    1.0,
                    0.0,
                    -0.37086
                ],
                [
                    0.0,
                    0.0,
                    1.0,
                    0.39699
                ],
                [
                    0.0,
                    0.0,
                    0.0,
                    1.0
                ]
            ],
            "size": [
                0.6,
                1.6,
                0.1
            ]
        },
        "collider2": {
            "type": "Box",
            "collider2origin": [
                [
                    0.8851399261844448,
                    0.20178599159040617,
                    -0.41929670243405454,
                    0.3396339775916064
                ],
                [
                    -0.18235989558660426,
                    0.9794296368794194,
                    0.08638550158383827,
                    -0.8147335097344384
                ],
                [
                    0.4281030011058533,
                    -3.536196431949167e-07,
                    0.9037299488475726,
                    0.11809309902224774
                ],
                [
                    0.0,
                    0.0,
                    0.0,
                    1.0
                ]
            ],
            "size": [
                0.1202,
                0.13634,
                0.67816
            ]
        },
        "distance": 0.0
    }
]