[
    {
        "case": 0,
        "collider1": {
            "type": "Box",
            "collider2origin": [
                [
                    1.0,
                    0.0,
                    0.0,
                    0.5199999999999999
                ],
                [
                    0.0,
                    1.0,
                    0.0,
                    -0.43085999999999997
                ],
                [
                    0.0,
                    0.0,
                    1.0,
                    -0.80301
                ],
                [
                    0.0,
                    0.0,
                    0.0,
                    1.0
                ]
            ],
            "size": [
                0.2,
                0.08,
                0.04
            ]
        },
        "collider2": {
            "type": "Box",
            "collider2origin": [
                [
                    -0.5760693246469315,
                    -0.7368550980559272,
                    -0.35382014876179396,
                    0.5830513344923898
                ],
                [
                    0.6278817488235755,
                    -0.6760507114623094,
                    0.3856422500524983,
                    -0.6168476319226397
                ],
                [
                    -0.5233628212770529,
                    -5.432305070556087e-07,
                    0.8521099443760927,
                    -0.5812022209489701
                ],
                [
                    0.0,
                    0.0,
                    0.0,
                    1.0
                ]
            ],
            "size": [
                0.1202,
                0.13634,
                0.67816
            ]
        },
        "distance": 0.12948816799508017
    },
    {
        "case": 1,
        "collider1": {
            "type": "Cylinder",
            "collider2origin": [
                [
                    1.0,
                    0.0,
                    0.0,
                    0.4849999999999999
                ],
                [
                    0.0,
                    -3.673205103346574e-06,
                    -0.9999999999932537,
                    -0.46086
                ],
                [
                    0.0,
                    0.9999999999932537,
                    -3.673205103346574e-06,
                    -0.70001
                ],
                [
                    0.0,
                    0.0,
                    0.0,
                    1.0
                ]
            ],
            "radius": 0.026,
            "height": 0.272
        },
        "collider2": {
            "type": "Box",
            "collider2origin": [
                [
                    -0.5760693246469315,
                    -0.7368550980559272,
                    -0.35382014876179396,
                    0.5830513344923898
                ],
                [
                    0.6278817488235755,
                    -0.6760507114623094,
                    0.3856422500524983,
                    -0.6168476319226397
                ],
                [
                    -0.5233628212770529,
                    -5.432305070556087e-07,
                    0.8521099443760927,
                    -0.5812022209489701
                ],
                [
                    0.0,
                    0.0,
                    0.0,
                    1.0
                ]
            ],
            "size": [
                0.1202,
                0.13634,
                0.67816
            ]
        },
        "distance": 0.05087800340298159
    },
    {
        "case": 2,
        "collider1": {
            "type": "Box",
            "collider2origin": [
                [
                    1.0,
                    0.0,
                    0.0,
                    -0.26
                ],
                [
                    0.0,
                    1.0,
                    0.0,
                    -0.4608599999999999
                ],
                [
                    0.0,
                    0.0,
                    1.0,
                    -1.143
                ],
                [
                    0.0,
                    0.0,
                    0.0,
                    1.0
                ]
            ],
            "size": [
                1.48,
                0.272,
                0.945
            ]
        },
        "collider2": {
            "type": "Box",
            "collider2origin": [
                [
                    -0.5760693246469315,
                    -0.7368550980559272,
                    -0.35382014876179396,
                    0.5830513344923898
                ],
                [
                    0.6278817488235755,
                    -0.6760507114623094,
                    0.3856422500524983,
                    -0.6168476319226397
                ],
                [
                    -0.5233628212770529,
                    -5.432305070556087e-07,
                    0.8521099443760927,
                    -0.5812022209489701
                ],
                [
                    0.0,
                    0.0,
                    0.0,
                    1.0
                ]
            ],
            "size": [
                0.1202,
                0.13634,
                0.67816
            ]
        },
        "distance": 0.058549719529347004
    }
]