[
    {
        "case": 0,
        "collider1": {
            "type": "Box",
            "collider2origin": [
                [
                    1.0,
                    0.0,
                    0.0,
                    0.0
                ],
                [
                    0.0,
                    1.0,
                    0.0,
                    -0.37086
                ],
                [
                    0.0,
                    0.0,
                    1.0,
                    0.39699
                ],
                [
                    0.0,
                    0.0,
                    0.0,
                    1.0
                ]
            ],
            "size": [
                0.6,
                1.6,
                0.1
            ]
        },
        "collider2": {
            "type": "Box",
            "collider2origin": [
                [
                    0.013007491675334442,
                    -0.4368054573101706,
                    -0.8994619489585807,
                    0.1524445605804089
                ],
                [
                    0.01719635488274974,
                    0.8995027369630841,
                    -0.43657658156922136,
                    -1.1420212985074036
                ],
                [
                    0.9997675182456482,
                    -0.009788700627413872,
                    0.019211736021615237,
                    0.3260725358458907
                ],
                [
                    0.0,
                    0.0,
                    0.0,
                    1.0
                ]
            ],
            "size": [
                0.08993,
                0.0305,
                0.09007
            ]
        },
        "distance": 0.0
    },
    {
        "case": 1,
        "collider1": {
            "type": "Box",
            "collider2origin": [
                [
                    1.0,
                    0.0,
                    0.0,
                    0.0
                ],
                [
                    0.0,
                    1.0,
                    0.0,
                    -0.37086
                ],
                [
                    0.0,
                    0.0,
                    1.0,
                    0.39699
                ],
                [
                    0.0,
                    0.0,
                    0.0,
                    1.0
                ]
            ],
            "size": [
                0.6,
                1.6,
                0.1
            ]
        },
        "collider2": {
            "type": "Cylinder",
            "collider2origin": [
                [
                    -0.899461703458116,
                    0.26909609440744414,
                    0.34431952600293153,
                    0.0548307024628476
                ],
                [
                    -0.4365771538142594,
                    -0.5879724550250414,
                    -0.6809469736325036,
                    -0.9520666345673063
                ],
                [
                    0.01921022591392678,
                    -0.7628077635331755,
                    0.6463399129822095,
                    0.3291812960143181
                ],
                [
                    0.0,
                    0.0,
                    0.0,
                    1.0
                ]
            ],
            "radius": 0.00813,
            "height": 0.03824
        },
        "distance": 0.0
    },
    {
        "case": 2,
        "collider1": {
            "type": "Box",
            "collider2origin": [
                [
                    1.0,
                    0.0,
                    0.0,
                    0.0
                ],
                [
                    0.0,
                    1.0,
                    0.0,
                    -0.37086
                ],
                [
                    0.0,
                    0.0,
                    1.0,
                    0.39699
                ],
                [
                    0.0,
                    0.0,
                    0.0,
                    1.0
                ]
            ],
            "size": [
                0.6,
                1.6,
                0.1
            ]
        },
        "collider2": {
            "type": "Box",
            "collider2origin": [
                [
                    -0.18124203180187326,
                    -0.43679891689753075,
                    0.8811118158925533,
                    0.18260609646359904
                ],
                [
                    -0.0986598894633044,
                    0.8995059040007856,
                    0.4256234895759607,
                    -1.2103825904010068
                ],
                [
                    -0.978477159733132,
                    -0.009789528327420185,
                    -0.20612281051768466,
                    0.327511284128418
                ],
                [
                    0.0,
                    0.0,
                    0.0,
                    1.0
                ]
            ],
            "size": [
                0.09126,
                0.11887,
                0.10009
            ]
        },
        "distance": 0.0
    },
    {
        "case": 3,
        "collider1": {
            "type": "Box",
            "collider2origin": [
                [
                    1.0,
                    0.0,
                    0.0,
                    0.0
                ],
                [
                    0.0,
                    1.0,
                    0.0,
                    -0.37086
                ],
                [
                    0.0,
                    0.0,
                    1.0,
                    0.39699
                ],
                [
                    0.0,
                    0.0,
                    0.0,
                    1.0
                ]
            ],
            "size": [
                0.6,
                1.6,
                0.1
            ]
        },
        "collider2": {
            "type": "Box",
            "collider2origin": [
                [
                    -0.9262961204782227,
                    -0.3720829170721535,
                    0.059412120060389706,
                    0.11570929281510733
                ],
                [
                    -0.34081358269687567,
                    0.8946011927001267,
                    0.2890238880591533,
                    -1.0668781159624723
                ],
                [
                    -0.16069100483945314,
                    0.24747324874132762,
                    -0.9554765262009838,
                    0.33095011180631984
                ],
                [
                    0.0,
                    0.0,
                    0.0,
                    1.0
                ]
            ],
            "size": [
                0.06241,
                0.05638,
                0.02858
            ]
        },
        "distance": 0.0
    },
    {
        "case": 4,
        "collider1": {
            "type": "Box",
            "collider2origin": [
                [
                    1.0,
                    0.0,
                    0.0,
                    0.0
                ],
                [
                    0.0,
                    1.0,
                    0.0,
                    -0.37086
                ],
                [
                    0.0,
                    0.0,
                    1.0,
                    0.39699
                ],
                [
                    0.0,
                    0.0,
                    0.0,
                    1.0
                ]
            ],
            "size": [
                0.6,
                1.6,
                0.1
            ]
        },
        "collider2": {
            "type": "Cylinder",
            "collider2origin": [
                [
                    -0.899461703458116,
                    0.06292559656035278,
                    0.4324453876615487,
                    0.06664949670970244
                ],
                [
                    -0.4365771538142594,
                    -0.17289370100465593,
                    -0.8828975914115702,
                    -0.975832198700511
                ],
                [
                    0.01921022591392678,
                    -0.982928348075502,
                    0.1829831406712093,
                    0.3424565272356961
                ],
                [
                    0.0,
                    0.0,
                    0.0,
                    1.0
                ]
            ],
            "radius": 0.00683,
            "height": 0.01183
        },
        "distance": 0.0
    },
    {
        "case": 5,
        "collider1": {
            "type": "Box",
            "collider2origin": [
                [
                    1.0,
                    0.0,
                    0.0,
                    0.0
                ],
                [
                    0.0,
                    1.0,
                    0.0,
                    -0.37086
                ],
                [
                    0.0,
                    0.0,
                    1.0,
                    0.39699
                ],
                [
                    0.0,
                    0.0,
                    0.0,
                    1.0
                ]
            ],
            "size": [
                0.6,
                1.6,
                0.1
            ]
        },
        "collider2": {
            "type": "Cylinder",
            "collider2origin": [
                [
                    -0.899461703458116,
                    0.06292559656035278,
                    0.4324453876615487,
                    0.07370733720229106
                ],
                [
                    -0.4365771538142594,
                    -0.17289370100465593,
                    -0.8828975914115702,
                    -0.9902419952462966
                ],
                [
                    0.01921022591392678,
                    -0.982928348075502,
                    0.1829831406712093,
                    0.3454377100697803
                ],
                [
                    0.0,
                    0.0,
                    0.0,
                    1.0
                ]
            ],
            "radius": 0.00683,
            "height": 0.01782
        },
        "distance": 0.0
    },
    {
        "case": 6,
        "collider1": {
            "type": "Box",
            "collider2origin": [
                [
                    1.0,
                    0.0,
                    0.0,
                    0.0
                ],
                [
                    0.0,
                    1.0,
                    0.0,
                    -0.37086
                ],
                [
                    0.0,
                    0.0,
                    1.0,
                    0.39699
                ],
                [
                    0.0,
                    0.0,
                    0.0,
                    1.0
                ]
            ],
            "size": [
                0.6,
                1.6,
                0.1
            ]
        },
        "collider2": {
            "type": "Box",
            "collider2origin": [
                [
                    -0.9181804875931833,
                    -0.3720851078495426,
                    -0.13600464962543882,
                    0.09535100049710366
                ],
                [
                    -0.3938123498760456,
                    0.8945990841198561,
                    0.21119732900067859,
                    -1.0222385278050667
                ],
                [
                    0.04308625405220659,
                    0.24747757718328328,
                    -0.967935133933695,
                    0.34589142376450943
                ],
                [
                    0.0,
                    0.0,
                    0.0,
                    1.0
                ]
            ],
            "size": [
                0.07264,
                0.04753,
                0.03326
            ]
        },
        "distance": 0.0
    },
    {
        "case": 7,
        "collider1": {
            "type": "Box",
            "collider2origin": [
                [
                    1.0,
                    0.0,
                    0.0,
                    0.0
                ],
                [
                    0.0,
                    1.0,
                    0.0,
                    -0.37086
                ],
                [
                    0.0,
                    0.0,
                    1.0,
                    0.39699
                ],
                [
                    0.0,
                    0.0,
                    0.0,
                    1.0
                ]
            ],
            "size": [
                0.6,
                1.6,
                0.1
            ]
        },
        "collider2": {
            "type": "Box",
            "collider2origin": [
                [
                    0.5720567692398896,
                    -0.4349704777960564,
                    -0.6953788436619927,
                    0.33821820698745586
                ],
                [
                    0.2763399427209746,
                    0.9004447142629444,
                    -0.33591003648729023,
                    -1.2661479872333035
                ],
                [
                    0.7722611532530871,
                    -1.339598759981278e-06,
                    0.6353052110398727,
                    0.16514833559394337
                ],
                [
                    0.0,
                    0.0,
                    0.0,
                    1.0
                ]
            ],
            "size": [
                0.1202,
                0.13634,
                0.67816
            ]
        },
        "distance": 0.07859330964193703
    },
    {
        "case": 8,
        "collider1": {
            "type": "Box",
            "collider2origin": [
                [
                    1.0,
                    0.0,
                    0.0,
                    0.0
                ],
                [
                    0.0,
                    1.0,
                    0.0,
                    -0.37086
                ],
                [
                    0.0,
                    0.0,
                    1.0,
                    0.39699
                ],
                [
                    0.0,
                    0.0,
                    0.0,
                    1.0
                ]
            ],
            "size": [
                0.6,
                1.6,
                0.1
            ]
        },
        "collider2": {
            "type": "Cylinder",
            "collider2origin": [
                [
                    -0.8431856461814873,
                    0.2311762957564565,
                    0.4853817944194351,
                    0.05256477173400509
                ],
                [
                    -0.5371303032317599,
                    -0.3236116628535874,
                    -0.7789521994418482,
                    -1.002145188330053
                ],
                [
                    -0.023000074427379467,
                    -0.9175145840505528,
                    0.39703650289472814,
                    0.3379290435851776
                ],
                [
                    0.0,
                    0.0,
                    0.0,
                    1.0
                ]
            ],
            "radius": 0.00713,
            "height": 0.01697
        },
        "distance": 0.0
    }
]