[
    {
        "case": 0,
        "collider1": {
            "type": "Box",
            "collider2origin": [
                [
                    1.0,
                    0.0,
                    0.0,
                    0.44499999999999995
                ],
                [
                    0.0,
                    1.0,
                    0.0,
                    -0.025859999999999994
                ],
                [
                    0.0,
                    0.0,
                    1.0,
                    -0.67801
                ],
                [
                    0.0,
                    0.0,
                    0.0,
                    1.0
                ]
            ],
            "size": [
                0.06,
                0.09,
                0.004
            ]
        },
        "collider2": {
            "type": "Box",
            "collider2origin": [
                [
                    -0.32435209758843464,
                    0.8572961545248369,
                    -0.39979872464392524,
                    0.6147122874830687
                ],
                [
                    0.5401276755185712,
                    0.5148235653125031,
                    0.66574679175932,
                    -0.26478206185872677
                ],
                [
                    0.77656796929109,
                    -5.987447306480777e-06,
                    -0.6300334824715771,
                    -0.5136838495342513
                ],
                [
                    0.0,
                    0.0,
                    0.0,
                    1.0
                ]
            ],
            "size": [
                0.1202,
                0.13634,
                0.67816
            ]
        },
        "distance": 0.0
    },
    {
        "case": 1,
        "collider1": {
            "type": "Cylinder",
            "collider2origin": [
                [
                    1.0,
                    0.0,
                    0.0,
                    0.4849999999999999
                ],
                [
                    0.0,
                    -3.673205103346574e-06,
                    -0.9999999999932537,
                    -0.46086
                ],
                [
                    0.0,
                    0.9999999999932537,
                    -3.673205103346574e-06,
                    -0.70001
                ],
                [
                    0.0,
                    0.0,
                    0.0,
                    1.0
                ]
            ],
            "radius": 0.026,
            "height": 0.272
        },
        "collider2": {
            "type": "Box",
            "collider2origin": [
                [
                    -0.32435209758843464,
                    0.8572961545248369,
                    -0.39979872464392524,
                    0.6147122874830687
                ],
                [
                    0.5401276755185712,
                    0.5148235653125031,
                    0.66574679175932,
                    -0.26478206185872677
                ],
                [
                    0.77656796929109,
                    -5.987447306480777e-06,
                    -0.6300334824715771,
                    -0.5136838495342513
                ],
                [
                    0.0,
                    0.0,
                    0.0,
                    1.0
                ]
            ],
            "size": [
                0.1202,
                0.13634,
                0.67816
            ]
        },
        "distance": 0.08800131075577969
    },
    {
        "case": 2,
        "collider1": {
            "type": "Box",
            "collider2origin": [
                [
                    1.0,
                    0.0,
                    0.0,
                    0.4
                ],
                [
                    0.0,
                    1.0,
                    0.0,
                    0.04114000000000001
                ],
                [
                    0.0,
                    0.0,
                    1.0,
                    -0.66301
                ],
                [
                    0.0,
                    0.0,
                    0.0,
                    1.0
                ]
            ],
            "size": [
                0.03,
                0.03,
                0.03
            ]
        },
        "collider2": {
            "type": "Box",
            "collider2origin": [
                [
                    -0.32435209758843464,
                    0.8572961545248369,
                    -0.39979872464392524,
                    0.6147122874830687
                ],
                [
                    0.5401276755185712,
                    0.5148235653125031,
                    0.66574679175932,
                    -0.26478206185872677
                ],
                [
                    0.77656796929109,
                    -5.987447306480777e-06,
                    -0.6300334824715771,
                    -0.5136838495342513
                ],
                [
                    0.0,
                    0.0,
                    0.0,
                    1.0
                ]
            ],
            "size": [
                0.1202,
                0.13634,
                0.67816
            ]
        },
        "distance": 0.05110718566440792
    },
    {
        "case": 3,
        "collider1": {
            "type": "Box",
            "collider2origin": [
                [
                    1.0,
                    0.0,
                    0.0,
                    -0.26
                ],
                [
                    0.0,
                    1.0,
                    0.0,
                    -0.4608599999999999
                ],
                [
                    0.0,
                    0.0,
                    1.0,
                    -1.143
                ],
                [
                    0.0,
                    0.0,
                    0.0,
                    1.0
                ]
            ],
            "size": [
                1.48,
                0.272,
                0.945
            ]
        },
        "collider2": {
            "type": "Box",
            "collider2origin": [
                [
                    -0.32435209758843464,
                    0.8572961545248369,
                    -0.39979872464392524,
                    0.6147122874830687
                ],
                [
                    0.5401276755185712,
                    0.5148235653125031,
                    0.66574679175932,
                    -0.26478206185872677
                ],
                [
                    0.77656796929109,
                    -5.987447306480777e-06,
                    -0.6300334824715771,
                    -0.5136838495342513
                ],
                [
                    0.0,
                    0.0,
                    0.0,
                    1.0
                ]
            ],
            "size": [
                0.1202,
                0.13634,
                0.67816
            ]
        },
        "distance": 0.09309223383859484
    },
    {
        "case": 4,
        "collider1": {
            "type": "Box",
            "collider2origin": [
                [
                    1.0,
                    0.0,
                    0.0,
                    -0.08500000000000019
                ],
                [
                    0.0,
                    1.0,
                    0.0,
                    -0.03585999999999995
                ],
                [
                    0.0,
                    0.0,
                    1.0,
                    -0.81301
                ],
                [
                    0.0,
                    0.0,
                    0.0,
                    1.0
                ]
            ],
            "size": [
                1.01,
                0.28,
                0.27
            ]
        },
        "collider2": {
            "type": "Box",
            "collider2origin": [
                [
                    -0.32435209758843464,
                    0.8572961545248369,
                    -0.39979872464392524,
                    0.6147122874830687
                ],
                [
                    0.5401276755185712,
                    0.5148235653125031,
                    0.66574679175932,
                    -0.26478206185872677
                ],
                [
                    0.77656796929109,
                    -5.987447306480777e-06,
                    -0.6300334824715771,
                    -0.5136838495342513
                ],
                [
                    0.0,
                    0.0,
                    0.0,
                    1.0
                ]
            ],
            "size": [
                0.1202,
                0.13634,
                0.67816
            ]
        },
        "distance": 0.0
    }
]