[
    {
        "case": 0,
        "collider1": {
            "type": "Cylinder",
            "collider2origin": [
                [
                    1.0,
                    0.0,
                    0.0,
                    0.4849999999999999
                ],
                [
                    0.0,
                    -3.673205103346574e-06,
                    -0.9999999999932537,
                    -0.46086
                ],
                [
                    0.0,
                    0.9999999999932537,
                    -3.673205103346574e-06,
                    -0.70001
                ],
                [
                    0.0,
                    0.0,
                    0.0,
                    1.0
                ]
            ],
            "radius": 0.026,
            "height": 0.272
        },
        "collider2": {
            "type": "Box",
            "collider2origin": [
                [
                    -0.36847967282506483,
                    0.46177385813755,
                    -0.8068380473524379,
                    0.8386082678859685
                ],
                [
                    0.1918370376509849,
                    0.8869976910419385,
                    0.42004005412765577,
                    -0.7192022721021916
                ],
                [
                    0.9096270014132317,
                    -5.199149815643329e-06,
                    -0.4154259480014952,
                    -0.49740592332628397
                ],
                [
                    0.0,
                    0.0,
                    0.0,
                    1.0
                ]
            ],
            "size": [
                0.15068,
                0.17726,
                0.74884
            ]
        },
        "distance": 0.022845294046595237
    },
    {
        "case": 1,
        "collider1": {
            "type": "Box",
            "collider2origin": [
                [
                    1.0,
                    0.0,
                    0.0,
                    -0.26
                ],
                [
                    0.0,
                    1.0,
                    0.0,
                    -0.4608599999999999
                ],
                [
                    0.0,
                    0.0,
                    1.0,
                    -1.143
                ],
                [
                    0.0,
                    0.0,
                    0.0,
                    1.0
                ]
            ],
            "size": [
                1.48,
                0.272,
                0.945
            ]
        },
        "collider2": {
            "type": "Box",
            "collider2origin": [
                [
                    -0.36847967282506483,
                    0.46177385813755,
                    -0.8068380473524379,
                    0.8386082678859685
                ],
                [
                    0.1918370376509849,
                    0.8869976910419385,
                    0.42004005412765577,
                    -0.7192022721021916
                ],
                [
                    0.9096270014132317,
                    -5.199149815643329e-06,
                    -0.4154259480014952,
                    -0.49740592332628397
                ],
                [
                    0.0,
                    0.0,
                    0.0,
                    1.0
                ]
            ],
            "size": [
                0.15068,
                0.17726,
                0.74884
            ]
        },
        "distance": 0.038215220117081894
    },
    {
        "case": 2,
        "collider1": {
            "type": "Cylinder",
            "collider2origin": [
                [
                    1.0,
                    0.0,
                    0.0,
                    0.4849999999999999
                ],
                [
                    0.0,
                    -3.673205103346574e-06,
                    -0.9999999999932537,
                    -0.46086
                ],
                [
                    0.0,
                    0.9999999999932537,
                    -3.673205103346574e-06,
                    -0.70001
                ],
                [
                    0.0,
                    0.0,
                    0.0,
                    1.0
                ]
            ],
            "radius": 0.026,
            "height": 0.272
        },
        "collider2": {
            "type": "Box",
            "collider2origin": [
                [
                    -0.36847967282506483,
                    0.46177385813755,
                    -0.8068380473524379,
                    0.8386082678859685
                ],
                [
                    0.1918370376509849,
                    0.8869976910419385,
                    0.42004005412765577,
                    -0.7192022721021916
                ],
                [
                    0.9096270014132317,
                    -5.199149815643329e-06,
                    -0.4154259480014952,
                    -0.49740592332628397
                ],
                [
                    0.0,
                    0.0,
                    0.0,
                    1.0
                ]
            ],
            "size": [
                0.15068,
                0.17726,
                0.74884
            ]
        },
        "distance": 0.022845294046595237
    },
    {
        "case": 3,
        "collider1": {
            "type": "Box",
            "collider2origin": [
                [
                    1.0,
                    0.0,
                    0.0,
                    -0.26
                ],
                [
                    0.0,
                    1.0,
                    0.0,
                    -0.4608599999999999
                ],
                [
                    0.0,
                    0.0,
                    1.0,
                    -1.143
                ],
                [
                    0.0,
                    0.0,
                    0.0,
                    1.0
                ]
            ],
            "size": [
                1.48,
                0.272,
                0.945
            ]
        },
        "collider2": {
            "type": "Box",
            "collider2origin": [
                [
                    -0.36847967282506483,
                    0.46177385813755,
                    -0.8068380473524379,
                    0.8386082678859685
                ],
                [
                    0.1918370376509849,
                    0.8869976910419385,
                    0.42004005412765577,
                    -0.7192022721021916
                ],
                [
                    0.9096270014132317,
                    -5.199149815643329e-06,
                    -0.4154259480014952,
                    -0.49740592332628397
                ],
                [
                    0.0,
                    0.0,
                    0.0,
                    1.0
                ]
            ],
            "size": [
                0.15068,
                0.17726,
                0.74884
            ]
        },
        "distance": 0.038215220117081894
    }
]