[
    {
        "case": 0,
        "collider1": {
            "type": "Box",
            "collider2origin": [
                [
                    1.0,
                    0.0,
                    0.0,
                    0.246
                ],
                [
                    0.0,
                    1.0,
                    0.0,
                    -0.24786000000000002
                ],
                [
                    0.0,
                    0.0,
                    1.0,
                    -0.71801
                ],
                [
                    0.0,
                    0.0,
                    0.0,
                    1.0
                ]
            ],
            "size": [
                0.12,
                0.16,
                0.08
            ]
        },
        "collider2": {
            "type": "Box",
            "collider2origin": [
                [
                    0.6869564154380496,
                    0.5412325855106276,
                    -0.4849310999203773,
                    0.3425574642225929
                ],
                [
                    0.563045897700534,
                    0.025462680307422755,
                    0.8260332735393663,
                    -0.2727534295761641
                ],
                [
                    0.45942376992391815,
                    -0.8404873231007371,
                    -0.28724703538218027,
                    -0.7889168609670574
                ],
                [
                    0.0,
                    0.0,
                    0.0,
                    1.0
                ]
            ],
            "size": [
                0.08993,
                0.0305,
                0.09007
            ]
        },
        "distance": 0.02938354575385921
    },
    {
        "case": 1,
        "collider1": {
            "type": "Box",
            "collider2origin": [
                [
                    1.0,
                    0.0,
                    0.0,
                    0.28600000000000003
                ],
                [
                    0.0,
                    1.0,
                    0.0,
                    -0.19785999999999998
                ],
                [
                    0.0,
                    0.0,
                    1.0,
                    -0.70601
                ],
                [
                    0.0,
                    0.0,
                    0.0,
                    1.0
                ]
            ],
            "size": [
                0.04,
                0.04,
                0.12
            ]
        },
        "collider2": {
            "type": "Box",
            "collider2origin": [
                [
                    0.6869564154380496,
                    0.5412325855106276,
                    -0.4849310999203773,
                    0.3425574642225929
                ],
                [
                    0.563045897700534,
                    0.025462680307422755,
                    0.8260332735393663,
                    -0.2727534295761641
                ],
                [
                    0.45942376992391815,
                    -0.8404873231007371,
                    -0.28724703538218027,
                    -0.7889168609670574
                ],
                [
                    0.0,
                    0.0,
                    0.0,
                    1.0
                ]
            ],
            "size": [
                0.08993,
                0.0305,
                0.09007
            ]
        },
        "distance": 0.025152058836157107
    },
    {
        "case": 2,
        "collider1": {
            "type": "Box",
            "collider2origin": [
                [
                    1.0,
                    0.0,
                    0.0,
                    -0.26
                ],
                [
                    0.0,
                    1.0,
                    0.0,
                    -0.4608599999999999
                ],
                [
                    0.0,
                    0.0,
                    1.0,
                    -1.143
                ],
                [
                    0.0,
                    0.0,
                    0.0,
                    1.0
                ]
            ],
            "size": [
                1.48,
                0.272,
                0.945
            ]
        },
        "collider2": {
            "type": "Box",
            "collider2origin": [
                [
                    0.6869564154380496,
                    0.5412325855106276,
                    -0.4849310999203773,
                    0.3425574642225929
                ],
                [
                    0.563045897700534,
                    0.025462680307422755,
                    0.8260332735393663,
                    -0.2727534295761641
                ],
                [
                    0.45942376992391815,
                    -0.8404873231007371,
                    -0.28724703538218027,
                    -0.7889168609670574
                ],
                [
                    0.0,
                    0.0,
                    0.0,
                    1.0
                ]
            ],
            "size": [
                0.08993,
                0.0305,
                0.09007
            ]
        },
        "distance": 0.0
    },
    {
        "case": 3,
        "collider1": {
            "type": "Box",
            "collider2origin": [
                [
                    1.0,
                    0.0,
                    0.0,
                    0.246
                ],
                [
                    0.0,
                    1.0,
                    0.0,
                    -0.24786000000000002
                ],
                [
                    0.0,
                    0.0,
                    1.0,
                    -0.71801
                ],
                [
                    0.0,
                    0.0,
                    0.0,
                    1.0
                ]
            ],
            "size": [
                0.12,
                0.16,
                0.08
            ]
        },
        "collider2": {
            "type": "Box",
            "collider2origin": [
                [
                    -0.43786863763237605,
                    0.5412370036361086,
                    0.7178673708095208,
                    0.2998823014898653
                ],
                [
                    -0.8447955475267884,
                    0.02545768285103161,
                    -0.5344832918462187,
                    -0.27348015380811996
                ],
                [
                    -0.30755737522758386,
                    -0.8404846294126166,
                    0.4460874899212665,
                    -0.7275664007239936
                ],
                [
                    0.0,
                    0.0,
                    0.0,
                    1.0
                ]
            ],
            "size": [
                0.09126,
                0.11887,
                0.10009
            ]
        },
        "distance": 0.0
    },
    {
        "case": 4,
        "collider1": {
            "type": "Box",
            "collider2origin": [
                [
                    1.0,
                    0.0,
                    0.0,
                    0.28600000000000003
                ],
                [
                    0.0,
                    1.0,
                    0.0,
                    -0.19785999999999998
                ],
                [
                    0.0,
                    0.0,
                    1.0,
                    -0.70601
                ],
                [
                    0.0,
                    0.0,
                    0.0,
                    1.0
                ]
            ],
            "size": [
                0.04,
                0.04,
                0.12
            ]
        },
        "collider2": {
            "type": "Box",
            "collider2origin": [
                [
                    -0.43786863763237605,
                    0.5412370036361086,
                    0.7178673708095208,
                    0.2998823014898653
                ],
                [
                    -0.8447955475267884,
                    0.02545768285103161,
                    -0.5344832918462187,
                    -0.27348015380811996
                ],
                [
                    -0.30755737522758386,
                    -0.8404846294126166,
                    0.4460874899212665,
                    -0.7275664007239936
                ],
                [
                    0.0,
                    0.0,
                    0.0,
                    1.0
                ]
            ],
            "size": [
                0.09126,
                0.11887,
                0.10009
            ]
        },
        "distance": 0.0
    },
    {
        "case": 5,
        "collider1": {
            "type": "Box",
            "collider2origin": [
                [
                    0.9999999999999999,
                    0.0,
                    6.177235058912196e-23,
                    0.2860000183661401
                ],
                [
                    0.0,
                    1.0,
                    0.0,
                    -0.10086
                ],
                [
                    6.177235058912196e-23,
                    0.0,
                    0.9999999999999999,
                    -0.626009937555547
                ],
                [
                    0.0,
                    0.0,
                    0.0,
                    1.0
                ]
            ],
            "size": [
                0.04,
                0.234,
                0.044
            ]
        },
        "collider2": {
            "type": "Box",
            "collider2origin": [
                [
                    -0.43786863763237605,
                    0.5412370036361086,
                    0.7178673708095208,
                    0.2998823014898653
                ],
                [
                    -0.8447955475267884,
                    0.02545768285103161,
                    -0.5344832918462187,
                    -0.27348015380811996
                ],
                [
                    -0.30755737522758386,
                    -0.8404846294126166,
                    0.4460874899212665,
                    -0.7275664007239936
                ],
                [
                    0.0,
                    0.0,
                    0.0,
                    1.0
                ]
            ],
            "size": [
                0.09126,
                0.11887,
                0.10009
            ]
        },
        "distance": 0.023861200863076724
    },
    {
        "case": 6,
        "collider1": {
            "type": "Box",
            "collider2origin": [
                [
                    1.0,
                    0.0,
                    0.0,
                    -0.26
                ],
                [
                    0.0,
                    1.0,
                    0.0,
                    -0.4608599999999999
                ],
                [
                    0.0,
                    0.0,
                    1.0,
                    -1.143
                ],
                [
                    0.0,
                    0.0,
                    0.0,
                    1.0
                ]
            ],
            "size": [
                1.48,
                0.272,
                0.945
            ]
        },
        "collider2": {
            "type": "Box",
            "collider2origin": [
                [
                    -0.43786863763237605,
                    0.5412370036361086,
                    0.7178673708095208,
                    0.2998823014898653
                ],
                [
                    -0.8447955475267884,
                    0.02545768285103161,
                    -0.5344832918462187,
                    -0.27348015380811996
                ],
                [
                    -0.30755737522758386,
                    -0.8404846294126166,
                    0.4460874899212665,
                    -0.7275664007239936
                ],
                [
                    0.0,
                    0.0,
                    0.0,
                    1.0
                ]
            ],
            "size": [
                0.09126,
                0.11887,
                0.10009
            ]
        },
        "distance": 0.0
    },
    {
        "case": 7,
        "collider1": {
            "type": "Box",
            "collider2origin": [
                [
                    1.0,
                    0.0,
                    0.0,
                    0.246
                ],
                [
                    0.0,
                    1.0,
                    0.0,
                    -0.24786000000000002
                ],
                [
                    0.0,
                    0.0,
                    1.0,
                    -0.71801
                ],
                [
                    0.0,
                    0.0,
                    0.0,
                    1.0
                ]
            ],
            "size": [
                0.12,
                0.16,
                0.08
            ]
        },
        "collider2": {
            "type": "Box",
            "collider2origin": [
                [
                    0.357803626963162,
                    0.5971959498012631,
                    0.7178673708095208,
                    0.21778768776487145
                ],
                [
                    -0.2664031028355381,
                    0.8020953793264413,
                    -0.5344832918462187,
                    -0.2181865547172217
                ],
                [
                    -0.8949893582225458,
                    -2.0346342588424403e-06,
                    0.4460874899212665,
                    -0.7743362305864049
                ],
                [
                    0.0,
                    0.0,
                    0.0,
                    1.0
                ]
            ],
            "size": [
                0.09102,
                0.10007,
                0.11882
            ]
        },
        "distance": 0.0
    },
    {
        "case": 8,
        "collider1": {
            "type": "Box",
            "collider2origin": [
                [
                    1.0,
                    0.0,
                    0.0,
                    0.28600000000000003
                ],
                [
                    0.0,
                    1.0,
                    0.0,
                    -0.19785999999999998
                ],
                [
                    0.0,
                    0.0,
                    1.0,
                    -0.70601
                ],
                [
                    0.0,
                    0.0,
                    0.0,
                    1.0
                ]
            ],
            "size": [
                0.04,
                0.04,
                0.12
            ]
        },
        "collider2": {
            "type": "Box",
            "collider2origin": [
                [
                    0.357803626963162,
                    0.5971959498012631,
                    0.7178673708095208,
                    0.21778768776487145
                ],
                [
                    -0.2664031028355381,
                    0.8020953793264413,
                    -0.5344832918462187,
                    -0.2181865547172217
                ],
                [
                    -0.8949893582225458,
                    -2.0346342588424403e-06,
                    0.4460874899212665,
                    -0.7743362305864049
                ],
                [
                    0.0,
                    0.0,
                    0.0,
                    1.0
                ]
            ],
            "size": [
                0.09102,
                0.10007,
                0.11882
            ]
        },
        "distance": 0.0
    },
    {
        "case": 9,
        "collider1": {
            "type": "Box",
            "collider2origin": [
                [
                    1.0,
                    0.0,
                    0.0,
                    -0.08500000000000019
                ],
                [
                    0.0,
                    1.0,
                    0.0,
                    -0.03585999999999995
                ],
                [
                    0.0,
                    0.0,
                    1.0,
                    -0.81301
                ],
                [
                    0.0,
                    0.0,
                    0.0,
                    1.0
                ]
            ],
            "size": [
                1.01,
                0.28,
                0.27
            ]
        },
        "collider2": {
            "type": "Box",
            "collider2origin": [
                [
                    0.357803626963162,
                    0.5971959498012631,
                    0.7178673708095208,
                    0.21778768776487145
                ],
                [
                    -0.2664031028355381,
                    0.8020953793264413,
                    -0.5344832918462187,
                    -0.2181865547172217
                ],
                [
                    -0.8949893582225458,
                    -2.0346342588424403e-06,
                    0.4460874899212665,
                    -0.7743362305864049
                ],
                [
                    0.0,
                    0.0,
                    0.0,
                    1.0
                ]
            ],
            "size": [
                0.09102,
                0.10007,
                0.11882
            ]
        },
        "distance": 0.0
    },
    {
        "case": 10,
        "collider1": {
            "type": "Box",
            "collider2origin": [
                [
                    1.0,
                    0.0,
                    0.0,
                    0.5199999999999999
                ],
                [
                    0.0,
                    1.0,
                    0.0,
                    -0.43085999999999997
                ],
                [
                    0.0,
                    0.0,
                    1.0,
                    -0.80301
                ],
                [
                    0.0,
                    0.0,
                    0.0,
                    1.0
                ]
            ],
            "size": [
                0.2,
                0.08,
                0.04
            ]
        },
        "collider2": {
            "type": "Box",
            "collider2origin": [
                [
                    -0.14485652683955588,
                    0.5971904150961259,
                    -0.7889107647568879,
                    0.37955823774432607
                ],
                [
                    0.10785593889147131,
                    0.8020995001235888,
                    0.5873699756944751,
                    -0.47796562531314246
                ],
                [
                    0.9835566496536029,
                    -4.336585506771119e-06,
                    -0.1805998806848271,
                    -0.723021176990778
                ],
                [
                    0.0,
                    0.0,
                    0.0,
                    1.0
                ]
            ],
            "size": [
                0.1202,
                0.13634,
                0.67816
            ]
        },
        "distance": 0.0
    },
    {
        "case": 11,
        "collider1": {
            "type": "Cylinder",
            "collider2origin": [
                [
                    1.0,
                    0.0,
                    0.0,
                    0.4849999999999999
                ],
                [
                    0.0,
                    -3.673205103346574e-06,
                    -0.9999999999932537,
                    -0.46086
                ],
                [
                    0.0,
                    0.9999999999932537,
                    -3.673205103346574e-06,
                    -0.70001
                ],
                [
                    0.0,
                    0.0,
                    0.0,
                    1.0
                ]
            ],
            "radius": 0.026,
            "height": 0.272
        },
        "collider2": {
            "type": "Box",
            "collider2origin": [
                [
                    -0.14485652683955588,
                    0.5971904150961259,
                    -0.7889107647568879,
                    0.37955823774432607
                ],
                [
                    0.10785593889147131,
                    0.8020995001235888,
                    0.5873699756944751,
                    -0.47796562531314246
                ],
                [
                    0.9835566496536029,
                    -4.336585506771119e-06,
                    -0.1805998806848271,
                    -0.723021176990778
                ],
                [
                    0.0,
                    0.0,
                    0.0,
                    1.0
                ]
            ],
            "size": [
                0.1202,
                0.13634,
                0.67816
            ]
        },
        "distance": 0.0
    },
    {
        "case": 12,
        "collider1": {
            "type": "Box",
            "collider2origin": [
                [
                    1.0,
                    0.0,
                    0.0,
                    0.246
                ],
                [
                    0.0,
                    1.0,
                    0.0,
                    -0.24786000000000002
                ],
                [
                    0.0,
                    0.0,
                    1.0,
                    -0.71801
                ],
                [
                    0.0,
                    0.0,
                    0.0,
                    1.0
                ]
            ],
            "size": [
                0.12,
                0.16,
                0.08
            ]
        },
        "collider2": {
            "type": "Box",
            "collider2origin": [
                [
                    -0.14485652683955588,
                    0.5971904150961259,
                    -0.7889107647568879,
                    0.37955823774432607
                ],
                [
                    0.10785593889147131,
                    0.8020995001235888,
                    0.5873699756944751,
                    -0.47796562531314246
                ],
                [
                    0.9835566496536029,
                    -4.336585506771119e-06,
                    -0.1805998806848271,
                    -0.723021176990778
                ],
                [
                    0.0,
                    0.0,
                    0.0,
                    1.0
                ]
            ],
            "size": [
                0.1202,
                0.13634,
                0.67816
            ]
        },
        "distance": 0.0
    },
    {
        "case": 13,
        "collider1": {
            "type": "Box",
            "collider2origin": [
                [
                    1.0,
                    0.0,
                    0.0,
                    0.28600000000000003
                ],
                [
                    0.0,
                    1.0,
                    0.0,
                    -0.19785999999999998
                ],
                [
                    0.0,
                    0.0,
                    1.0,
                    -0.70601
                ],
                [
                    0.0,
                    0.0,
                    0.0,
                    1.0
                ]
            ],
            "size": [
                0.04,
                0.04,
                0.12
            ]
        },
        "collider2": {
            "type": "Box",
            "collider2origin": [
                [
                    -0.14485652683955588,
                    0.5971904150961259,
                    -0.7889107647568879,
                    0.37955823774432607
                ],
                [
                    0.10785593889147131,
                    0.8020995001235888,
                    0.5873699756944751,
                    -0.47796562531314246
                ],
                [
                    0.9835566496536029,
                    -4.336585506771119e-06,
                    -0.1805998806848271,
                    -0.723021176990778
                ],
                [
                    0.0,
                    0.0,
                    0.0,
                    1.0
                ]
            ],
            "size": [
                0.1202,
                0.13634,
                0.67816
            ]
        },
        "distance": 0.07264463214026555
    },
    {
        "case": 14,
        "collider1": {
            "type": "Box",
            "collider2origin": [
                [
                    0.9999999999999999,
                    0.0,
                    6.177235058912196e-23,
                    0.2860000183661401
                ],
                [
                    0.0,
                    1.0,
                    0.0,
                    -0.10086
                ],
                [
                    6.177235058912196e-23,
                    0.0,
                    0.9999999999999999,
                    -0.626009937555547
                ],
                [
                    0.0,
                    0.0,
                    0.0,
                    1.0
                ]
            ],
            "size": [
                0.04,
                0.234,
                0.044
            ]
        },
        "collider2": {
            "type": "Box",
            "collider2origin": [
                [
                    -0.14485652683955588,
                    0.5971904150961259,
                    -0.7889107647568879,
                    0.37955823774432607
                ],
                [
                    0.10785593889147131,
                    0.8020995001235888,
                    0.5873699756944751,
                    -0.47796562531314246
                ],
                [
                    0.9835566496536029,
                    -4.336585506771119e-06,
                    -0.1805998806848271,
                    -0.723021176990778
                ],
                [
                    0.0,
                    0.0,
                    0.0,
                    1.0
                ]
            ],
            "size": [
                0.1202,
                0.13634,
                0.67816
            ]
        },
        "distance": 0.09307137546582578
    },
    {
        "case": 15,
        "collider1": {
            "type": "Box",
            "collider2origin": [
                [
                    1.0,
                    0.0,
                    0.0,
                    -0.26
                ],
                [
                    0.0,
                    1.0,
                    0.0,
                    -0.4608599999999999
                ],
                [
                    0.0,
                    0.0,
                    1.0,
                    -1.143
                ],
                [
                    0.0,
                    0.0,
                    0.0,
                    1.0
                ]
            ],
            "size": [
                1.48,
                0.272,
                0.945
            ]
        },
        "collider2": {
            "type": "Box",
            "collider2origin": [
                [
                    -0.14485652683955588,
                    0.5971904150961259,
                    -0.7889107647568879,
                    0.37955823774432607
                ],
                [
                    0.10785593889147131,
                    0.8020995001235888,
                    0.5873699756944751,
                    -0.47796562531314246
                ],
                [
                    0.9835566496536029,
                    -4.336585506771119e-06,
                    -0.1805998806848271,
                    -0.723021176990778
                ],
                [
                    0.0,
                    0.0,
                    0.0,
                    1.0
                ]
            ],
            "size": [
                0.1202,
                0.13634,
                0.67816
            ]
        },
        "distance": 0.0
    }
]