[
    {
        "case": 0,
        "collider1": {
            "type": "Box",
            "collider2origin": [
                [
                    1.0,
                    0.0,
                    0.0,
                    -0.06
                ],
                [
                    0.0,
                    1.0,
                    0.0,
                    -0.37086
                ],
                [
                    0.0,
                    0.0,
                    1.0,
                    -0.40301
                ],
                [
                    0.0,
                    0.0,
                    0.0,
                    1.0
                ]
            ],
            "size": [
                0.1,
                1.0,
                1.64
            ]
        },
        "collider2": {
            "type": "Cylinder",
            "collider2origin": [
                [
                    0.725918127199946,
                    -0.666115800252265,
                    0.1712676655320772,
                    -0.10497226220049338
                ],
                [
                    -0.015462924043238718,
                    0.23314560276379462,
                    0.9723188910496077,
                    -0.8799144762910068
                ],
                [
                    -0.6876072793263286,
                    -0.7084722073350452,
                    0.15894452129989436,
                    -0.8579244828982125
                ],
                [
                    0.0,
                    0.0,
                    0.0,
                    1.0
                ]
            ],
            "radius": 0.01271,
            "height": 0.05982
        },
        "distance": 0.0
    },
    {
        "case": 1,
        "collider1": {
            "type": "Box",
            "collider2origin": [
                [
                    1.0,
                    0.0,
                    0.0,
                    -0.06
                ],
                [
                    0.0,
                    1.0,
                    0.0,
                    -0.37086
                ],
                [
                    0.0,
                    0.0,
                    1.0,
                    -0.40301
                ],
                [
                    0.0,
                    0.0,
                    0.0,
                    1.0
                ]
            ],
            "size": [
                0.1,
                1.0,
                1.64
            ]
        },
        "collider2": {
            "type": "Cylinder",
            "collider2origin": [
                [
                    0.6900565665556755,
                    -0.7107344597841431,
                    0.13666917219598043,
                    -0.10946470612275738
                ],
                [
                    -0.03533128012776888,
                    0.15552805443332862,
                    0.9871994352352093,
                    -0.893845959729704
                ],
                [
                    -0.7228925477537619,
                    -0.6860521495917974,
                    0.08221199695025513,
                    -0.8603085585687016
                ],
                [
                    0.0,
                    0.0,
                    0.0,
                    1.0
                ]
            ],
            "radius": 0.01169,
            "height": 0.05502
        },
        "distance": 0.0
    },
    {
        "case": 2,
        "collider1": {
            "type": "Box",
            "collider2origin": [
                [
                    1.0,
                    0.0,
                    0.0,
                    -0.06
                ],
                [
                    0.0,
                    1.0,
                    0.0,
                    -0.37086
                ],
                [
                    0.0,
                    0.0,
                    1.0,
                    -0.40301
                ],
                [
                    0.0,
                    0.0,
                    0.0,
                    1.0
                ]
            ],
            "size": [
                0.1,
                1.0,
                1.64
            ]
        },
        "collider2": {
            "type": "Box",
            "collider2origin": [
                [
                    0.8238050953295882,
                    -0.1561627145473851,
                    -0.5449388695020748,
                    -0.1168766104419352
                ],
                [
                    -0.3316313934493555,
                    -0.9124042854569646,
                    -0.23987296379251202,
                    -0.8143118185287483
                ],
                [
                    -0.4597453466734018,
                    0.378327406441771,
                    -0.8034317579901832,
                    -0.8225206975300252
                ],
                [
                    0.0,
                    0.0,
                    0.0,
                    1.0
                ]
            ],
            "size": [
                0.06241,
                0.05638,
                0.02858
            ]
        },
        "distance": 0.0
    },
    {
        "case": 3,
        "collider1": {
            "type": "Box",
            "collider2origin": [
                [
                    1.0,
                    0.0,
                    0.0,
                    -0.06
                ],
                [
                    0.0,
                    1.0,
                    0.0,
                    -0.37086
                ],
                [
                    0.0,
                    0.0,
                    1.0,
                    -0.40301
                ],
                [
                    0.0,
                    0.0,
                    0.0,
                    1.0
                ]
            ],
            "size": [
                0.1,
                1.0,
                1.64
            ]
        },
        "collider2": {
            "type": "Box",
            "collider2origin": [
                [
                    0.9197036963447839,
                    -0.15615836702004837,
                    -0.36022170303768924,
                    -0.1224412385862248
                ],
                [
                    -0.2740034172138382,
                    -0.9124037966284795,
                    -0.30404183799778994,
                    -0.8608259566371846
                ],
                [
                    -0.2811889725520557,
                    0.3783303798369447,
                    -0.8819290705082533,
                    -0.8016433037835561
                ],
                [
                    0.0,
                    0.0,
                    0.0,
                    1.0
                ]
            ],
            "size": [
                0.07264,
                0.04753,
                0.03326
            ]
        },
        "distance": 0.0
    },
    {
        "case": 4,
        "collider1": {
            "type": "Box",
            "collider2origin": [
                [
                    1.0,
                    0.0,
                    0.0,
                    -0.06
                ],
                [
                    0.0,
                    1.0,
                    0.0,
                    -0.37086
                ],
                [
                    0.0,
                    0.0,
                    1.0,
                    -0.40301
                ],
                [
                    0.0,
                    0.0,
                    0.0,
                    1.0
                ]
            ],
            "size": [
                0.1,
                1.0,
                1.64
            ]
        },
        "collider2": {
            "type": "Box",
            "collider2origin": [
                [
                    -0.031186994474621088,
                    0.159311962435339,
                    -0.986735562347198,
                    0.2895925313196245
                ],
                [
                    0.005036574307759601,
                    0.9872282910303182,
                    0.15923232808886412,
                    -0.8365347588126857
                ],
                [
                    0.9995008775858489,
                    -3.7892455821613713e-06,
                    -0.03159106979447266,
                    -0.7995025045843093
                ],
                [
                    0.0,
                    0.0,
                    0.0,
                    1.0
                ]
            ],
            "size": [
                0.1202,
                0.13634,
                0.67816
            ]
        },
        "distance": 0.0
    },
    {
        "case": 5,
        "collider1": {
            "type": "Box",
            "collider2origin": [
                [
                    1.0,
                    0.0,
                    0.0,
                    -0.26
                ],
                [
                    0.0,
                    1.0,
                    0.0,
                    -0.4608599999999999
                ],
                [
                    0.0,
                    0.0,
                    1.0,
                    -1.143
                ],
                [
                    0.0,
                    0.0,
                    0.0,
                    1.0
                ]
            ],
            "size": [
                1.48,
                0.272,
                0.945
            ]
        },
        "collider2": {
            "type": "Box",
            "collider2origin": [
                [
                    0.3062114872441959,
                    -0.20123096380049518,
                    -0.9304518387792146,
                    -0.08458236553967802
                ],
                [
                    -0.18232965491466468,
                    -0.9717053974572951,
                    0.1501483183091273,
                    -0.6610900765706094
                ],
                [
                    -0.9343395646221971,
                    0.12367182282267664,
                    -0.3342377271065004,
                    -0.8458477991440952
                ],
                [
                    0.0,
                    0.0,
                    0.0,
                    1.0
                ]
            ],
            "size": [
                0.09126,
                0.11887,
                0.10009
            ]
        },
        "distance": 0.0
    },
    {
        "case": 6,
        "collider1": {
            "type": "Box",
            "collider2origin": [
                [
                    1.0,
                    0.0,
                    0.0,
                    -0.06
                ],
                [
                    0.0,
                    1.0,
                    0.0,
                    -0.37086
                ],
                [
                    0.0,
                    0.0,
                    1.0,
                    -0.40301
                ],
                [
                    0.0,
                    0.0,
                    0.0,
                    1.0
                ]
            ],
            "size": [
                0.1,
                1.0,
                1.64
            ]
        },
        "collider2": {
            "type": "Box",
            "collider2origin": [
                [
                    0.3062114872441959,
                    -0.20123096380049518,
                    -0.9304518387792146,
                    -0.08458236553967802
                ],
                [
                    -0.18232965491466468,
                    -0.9717053974572951,
                    0.1501483183091273,
                    -0.6610900765706094
                ],
                [
                    -0.9343395646221971,
                    0.12367182282267664,
                    -0.3342377271065004,
                    -0.8458477991440952
                ],
                [
                    0.0,
                    0.0,
                    0.0,
                    1.0
                ]
            ],
            "size": [
                0.09126,
                0.11887,
                0.10009
            ]
        },
        "distance": 0.0
    },
    {
        "case": 7,
        "collider1": {
            "type": "Box",
            "collider2origin": [
                [
                    1.0,
                    0.0,
                    0.0,
                    -0.06
                ],
                [
                    0.0,
                    1.0,
                    0.0,
                    -0.37086
                ],
                [
                    0.0,
                    0.0,
                    1.0,
                    -0.40301
                ],
                [
                    0.0,
                    0.0,
                    0.0,
                    1.0
                ]
            ],
            "size": [
                0.1,
                1.0,
                1.64
            ]
        },
        "collider2": {
            "type": "Box",
            "collider2origin": [
                [
                    0.33004073278580087,
                    -0.20122415837318205,
                    0.9222699999399396,
                    -0.10223877741062082
                ],
                [
                    0.05161571783320672,
                    -0.97170679558868,
                    -0.23048149834496778,
                    -0.7333046186867169
                ],
                [
                    0.9425544718342671,
                    0.12367191069027401,
                    -0.31031649348921597,
                    -0.838119926546857
                ],
                [
                    0.0,
                    0.0,
                    0.0,
                    1.0
                ]
            ],
            "size": [
                0.08993,
                0.0305,
                0.09007
            ]
        },
        "distance": 0.0
    },
    {
        "case": 8,
        "collider1": {
            "type": "Box",
            "collider2origin": [
                [
                    1.0,
                    0.0,
                    0.0,
                    -0.06
                ],
                [
                    0.0,
                    1.0,
                    0.0,
                    -0.37086
                ],
                [
                    0.0,
                    0.0,
                    1.0,
                    -0.40301
                ],
                [
                    0.0,
                    0.0,
                    0.0,
                    1.0
                ]
            ],
            "size": [
                0.1,
                1.0,
                1.64
            ]
        },
        "collider2": {
            "type": "Box",
            "collider2origin": [
                [
                    -0.32996819311033243,
                    0.1593121691769996,
                    -0.9304518387792146,
                    0.017013742749841354
                ],
                [
                    0.0532526974043667,
                    0.9872282576628869,
                    0.1501483183091273,
                    -0.6793410220160991
                ],
                [
                    0.9424888019253391,
                    -4.900928828318193e-06,
                    -0.3342377271065004,
                    -0.809707800983313
                ],
                [
                    0.0,
                    0.0,
                    0.0,
                    1.0
                ]
            ],
            "size": [
                0.09102,
                0.10007,
                0.11882
            ]
        },
        "distance": 0.0
    }
]