[
    {
        "case": 0,
        "collider1": {
            "type": "Box",
            "collider2origin": [
                [
                    1.0,
                    0.0,
                    0.0,
                    0.0
                ],
                [
                    0.0,
                    1.0,
                    0.0,
                    -0.37086
                ],
                [
                    0.0,
                    0.0,
                    1.0,
                    0.39699
                ],
                [
                    0.0,
                    0.0,
                    0.0,
                    1.0
                ]
            ],
            "size": [
                0.6,
                1.6,
                0.1
            ]
        },
        "collider2": {
            "type": "Cylinder",
            "collider2origin": [
                [
                    0.7511472014872796,
                    0.5903630554870354,
                    -0.2953800000234264,
                    0.1041639833179322
                ],
                [
                    0.6592445346524552,
                    -0.6940801266792308,
                    0.28922209680418626,
                    -0.6757292579963918
                ],
                [
                    -0.03427134705108456,
                    -0.4119760192838333,
                    -0.9105499625535932,
                    0.35411216584045735
                ],
                [
                    0.0,
                    0.0,
                    0.0,
                    1.0
                ]
            ],
            "radius": 0.00783,
            "height": 0.03683
        },
        "distance": 0.0
    },
    {
        "case": 1,
        "collider1": {
            "type": "Box",
            "collider2origin": [
                [
                    1.0,
                    0.0,
                    0.0,
                    0.0
                ],
                [
                    0.0,
                    1.0,
                    0.0,
                    -0.37086
                ],
                [
                    0.0,
                    0.0,
                    1.0,
                    0.39699
                ],
                [
                    0.0,
                    0.0,
                    0.0,
                    1.0
                ]
            ],
            "size": [
                0.6,
                1.6,
                0.1
            ]
        },
        "collider2": {
            "type": "Sphere",
            "collider2origin": [
                [
                    1.0,
                    0.0,
                    0.0,
                    0.12027143074505597
                ],
                [
                    0.0,
                    1.0,
                    0.0,
                    -0.7286553123666505
                ],
                [
                    0.0,
                    0.0,
                    1.0,
                    0.35654430658115044
                ],
                [
                    0.0,
                    0.0,
                    0.0,
                    1.0
                ]
            ],
            "radius": 0.00484
        },
        "distance": 0.0
    },
    {
        "case": 2,
        "collider1": {
            "type": "Box",
            "collider2origin": [
                [
                    1.0,
                    0.0,
                    0.0,
                    0.0
                ],
                [
                    0.0,
                    1.0,
                    0.0,
                    -0.37086
                ],
                [
                    0.0,
                    0.0,
                    1.0,
                    0.39699
                ],
                [
                    0.0,
                    0.0,
                    0.0,
                    1.0
                ]
            ],
            "size": [
                0.6,
                1.6,
                0.1
            ]
        },
        "collider2": {
            "type": "Sphere",
            "collider2origin": [
                [
                    1.0,
                    0.0,
                    0.0,
                    0.1733976791951899
                ],
                [
                    0.0,
                    1.0,
                    0.0,
                    -0.6714161174903487
                ],
                [
                    0.0,
                    0.0,
                    1.0,
                    0.38169980226069766
                ],
                [
                    0.0,
                    0.0,
                    0.0,
                    1.0
                ]
            ],
            "radius": 0.00663
        },
        "distance": 0.0
    },
    {
        "case": 3,
        "collider1": {
            "type": "Box",
            "collider2origin": [
                [
                    1.0,
                    0.0,
                    0.0,
                    0.0
                ],
                [
                    0.0,
                    1.0,
                    0.0,
                    -0.37086
                ],
                [
                    0.0,
                    0.0,
                    1.0,
                    0.39699
                ],
                [
                    0.0,
                    0.0,
                    0.0,
                    1.0
                ]
            ],
            "size": [
                0.6,
                1.6,
                0.1
            ]
        },
        "collider2": {
            "type": "Cylinder",
            "collider2origin": [
                [
                    0.7553468894928669,
                    0.34485023485668453,
                    -0.5572516415881967,
                    0.1200426744248495
                ],
                [
                    0.6542581981373311,
                    -0.44534158621743547,
                    0.6112422447405211,
                    -0.6924034542787096
                ],
                [
                    -0.03738029833406187,
                    -0.8262863832259532,
                    -0.562008475195729,
                    0.3813893531417507
                ],
                [
                    0.0,
                    0.0,
                    0.0,
                    1.0
                ]
            ],
            "radius": 0.0076,
            "height": 0.02993
        },
        "distance": 0.0
    },
    {
        "case": 4,
        "collider1": {
            "type": "Box",
            "collider2origin": [
                [
                    1.0,
                    0.0,
                    0.0,
                    0.0
                ],
                [
                    0.0,
                    1.0,
                    0.0,
                    -0.37086
                ],
                [
                    0.0,
                    0.0,
                    1.0,
                    0.39699
                ],
                [
                    0.0,
                    0.0,
                    0.0,
                    1.0
                ]
            ],
            "size": [
                0.6,
                1.6,
                0.1
            ]
        },
        "collider2": {
            "type": "Sphere",
            "collider2origin": [
                [
                    1.0,
                    0.0,
                    0.0,
                    0.12941341538513706
                ],
                [
                    0.0,
                    1.0,
                    0.0,
                    -0.7032772235676272
                ],
                [
                    0.0,
                    0.0,
                    1.0,
                    0.3895681155974393
                ],
                [
                    0.0,
                    0.0,
                    0.0,
                    1.0
                ]
            ],
            "radius": 0.00487
        },
        "distance": 0.0
    },
    {
        "case": 5,
        "collider1": {
            "type": "Box",
            "collider2origin": [
                [
                    1.0,
                    0.0,
                    0.0,
                    0.0
                ],
                [
                    0.0,
                    1.0,
                    0.0,
                    -0.37086
                ],
                [
                    0.0,
                    0.0,
                    1.0,
                    0.39699
                ],
                [
                    0.0,
                    0.0,
                    0.0,
                    1.0
                ]
            ],
            "size": [
                0.6,
                1.6,
                0.1
            ]
        },
        "collider2": {
            "type": "Sphere",
            "collider2origin": [
                [
                    1.0,
                    0.0,
                    0.0,
                    0.15329829759279257
                ],
                [
                    0.0,
                    1.0,
                    0.0,
                    -0.6867595719707282
                ],
                [
                    0.0,
                    0.0,
                    1.0,
                    0.39076342427045896
                ],
                [
                    0.0,
                    0.0,
                    0.0,
                    1.0
                ]
            ],
            "radius": 0.00563
        },
        "distance": 0.0
    },
    {
        "case": 6,
        "collider1": {
            "type": "Box",
            "collider2origin": [
                [
                    1.0,
                    0.0,
                    0.0,
                    0.0
                ],
                [
                    0.0,
                    1.0,
                    0.0,
                    -0.37086
                ],
                [
                    0.0,
                    0.0,
                    1.0,
                    0.39699
                ],
                [
                    0.0,
                    0.0,
                    0.0,
                    1.0
                ]
            ],
            "size": [
                0.6,
                1.6,
                0.1
            ]
        },
        "collider2": {
            "type": "Cylinder",
            "collider2origin": [
                [
                    0.7492583001444145,
                    0.258012878544178,
                    -0.6099519277533674,
                    0.1402271071096225
                ],
                [
                    0.6294245136629282,
                    -0.5638936579521204,
                    0.5346482246501553,
                    -0.6746680652757464
                ],
                [
                    -0.20600189626527302,
                    -0.784508315460533,
                    -0.584901634215863,
                    0.38016661129683826
                ],
                [
                    0.0,
                    0.0,
                    0.0,
                    1.0
                ]
            ],
            "radius": 0.00813,
            "height": 0.03824
        },
        "distance": 0.0
    },
    {
        "case": 7,
        "collider1": {
            "type": "Box",
            "collider2origin": [
                [
                    1.0,
                    0.0,
                    0.0,
                    0.0
                ],
                [
                    0.0,
                    1.0,
                    0.0,
                    -0.37086
                ],
                [
                    0.0,
                    0.0,
                    1.0,
                    0.39699
                ],
                [
                    0.0,
                    0.0,
                    0.0,
                    1.0
                ]
            ],
            "size": [
                0.6,
                1.6,
                0.1
            ]
        },
        "collider2": {
            "type": "Cylinder",
            "collider2origin": [
                [
                    0.7580086465946968,
                    0.16431983931524607,
                    -0.6312066873022554,
                    0.16129021353545192
                ],
                [
                    0.5670941854277581,
                    -0.6441205868206653,
                    0.5133350314247301,
                    -0.6595773212095372
                ],
                [
                    -0.3222220919516586,
                    -0.747066034592132,
                    -0.581433799685814,
                    0.37050074971507096
                ],
                [
                    0.0,
                    0.0,
                    0.0,
                    1.0
                ]
            ],
            "radius": 0.00796,
            "height": 0.03037
        },
        "distance": 0.0
    },
    {
        "case": 8,
        "collider1": {
            "type": "Box",
            "collider2origin": [
                [
                    1.0,
                    0.0,
                    0.0,
                    0.0
                ],
                [
                    0.0,
                    1.0,
                    0.0,
                    -0.37086
                ],
                [
                    0.0,
                    0.0,
                    1.0,
                    0.39699
                ],
                [
                    0.0,
                    0.0,
                    0.0,
                    1.0
                ]
            ],
            "size": [
                0.6,
                1.6,
                0.1
            ]
        },
        "collider2": {
            "type": "Cylinder",
            "collider2origin": [
                [
                    0.7381583659601294,
                    0.30009365021685597,
                    -0.6042069412565488,
                    0.11186762676556383
                ],
                [
                    0.6561640920706783,
                    -0.11126934965834558,
                    0.7463697582992433,
                    -0.7171369601463986
                ],
                [
                    0.15675111176681789,
                    -0.9473979802206309,
                    -0.27904507885596974,
                    0.3538958464994255
                ],
                [
                    0.0,
                    0.0,
                    0.0,
                    1.0
                ]
            ],
            "radius": 0.0076,
            "height": 0.02993
        },
        "distance": 0.0
    },
    {
        "case": 9,
        "collider1": {
            "type": "Box",
            "collider2origin": [
                [
                    1.0,
                    0.0,
                    0.0,
                    0.0
                ],
                [
                    0.0,
                    1.0,
                    0.0,
                    -0.37086
                ],
                [
                    0.0,
                    0.0,
                    1.0,
                    0.39699
                ],
                [
                    0.0,
                    0.0,
                    0.0,
                    1.0
                ]
            ],
            "size": [
                0.6,
                1.6,
                0.1
            ]
        },
        "collider2": {
            "type": "Cylinder",
            "collider2origin": [
                [
                    0.7492583001444145,
                    0.526531930428012,
                    -0.4017164745245741,
                    0.12445360639901037
                ],
                [
                    0.6294245136629282,
                    -0.7548074964536682,
                    0.18463592526247788,
                    -0.6632153846230758
                ],
                [
                    -0.20600189626527302,
                    -0.3911901961157713,
                    -0.8969578859667913,
                    0.3577891565443365
                ],
                [
                    0.0,
                    0.0,
                    0.0,
                    1.0
                ]
            ],
            "radius": 0.00683,
            "height": 0.01183
        },
        "distance": 0.0
    },
    {
        "case": 10,
        "collider1": {
            "type": "Box",
            "collider2origin": [
                [
                    1.0,
                    0.0,
                    0.0,
                    0.0
                ],
                [
                    0.0,
                    1.0,
                    0.0,
                    -0.37086
                ],
                [
                    0.0,
                    0.0,
                    1.0,
                    0.39699
                ],
                [
                    0.0,
                    0.0,
                    0.0,
                    1.0
                ]
            ],
            "size": [
                0.6,
                1.6,
                0.1
            ]
        },
        "collider2": {
            "type": "Cylinder",
            "collider2origin": [
                [
                    0.7580086465946968,
                    0.4557116267873871,
                    -0.4666366947620692,
                    0.14543497048077692
                ],
                [
                    0.5670941854277581,
                    -0.8139051868911026,
                    0.12634291276437412,
                    -0.6494143106223946
                ],
                [
                    -0.3222220919516586,
                    -0.36039597661815215,
                    -0.8753785829546805,
                    0.35107782296643664
                ],
                [
                    0.0,
                    0.0,
                    0.0,
                    1.0
                ]
            ],
            "radius": 0.00713,
            "height": 0.01426
        },
        "distance": 0.0
    },
    {
        "case": 11,
        "collider1": {
            "type": "Box",
            "collider2origin": [
                [
                    1.0,
                    0.0,
                    0.0,
                    0.0
                ],
                [
                    0.0,
                    1.0,
                    0.0,
                    -0.37086
                ],
                [
                    0.0,
                    0.0,
                    1.0,
                    0.39699
                ],
                [
                    0.0,
                    0.0,
                    0.0,
                    1.0
                ]
            ],
            "size": [
                0.6,
                1.6,
                0.1
            ]
        },
        "collider2": {
            "type": "Cylinder",
            "collider2origin": [
                [
                    0.7340134566133563,
                    0.5162239425101419,
                    -0.4412902522034651,
                    0.09756696734315917
                ],
                [
                    0.6596450687370053,
                    -0.38737570768163754,
                    0.6440562431877371,
                    -0.6987236782081491
                ],
                [
                    0.16153212931631875,
                    -0.7638408880633687,
                    -0.6248635602442343,
                    0.3422804950907543
                ],
                [
                    0.0,
                    0.0,
                    0.0,
                    1.0
                ]
            ],
            "radius": 0.00783,
            "height": 0.03044
        },
        "distance": 0.0
    },
    {
        "case": 12,
        "collider1": {
            "type": "Box",
            "collider2origin": [
                [
                    1.0,
                    0.0,
                    0.0,
                    0.0
                ],
                [
                    0.0,
                    1.0,
                    0.0,
                    -0.37086
                ],
                [
                    0.0,
                    0.0,
                    1.0,
                    0.39699
                ],
                [
                    0.0,
                    0.0,
                    0.0,
                    1.0
                ]
            ],
            "size": [
                0.6,
                1.6,
                0.1
            ]
        },
        "collider2": {
            "type": "Cylinder",
            "collider2origin": [
                [
                    0.7492583001444145,
                    0.526531930428012,
                    -0.4017164745245741,
                    0.11790032304282672
                ],
                [
                    0.6294245136629282,
                    -0.7548074964536682,
                    0.18463592526247788,
                    -0.6602060437934467
                ],
                [
                    -0.20600189626527302,
                    -0.3911901961157713,
                    -0.8969578859667913,
                    0.3431487622523548
                ],
                [
                    0.0,
                    0.0,
                    0.0,
                    1.0
                ]
            ],
            "radius": 0.00683,
            "height": 0.01782
        },
        "distance": 0.0
    },
    {
        "case": 13,
        "collider1": {
            "type": "Box",
            "collider2origin": [
                [
                    1.0,
                    0.0,
                    0.0,
                    0.0
                ],
                [
                    0.0,
                    1.0,
                    0.0,
                    -0.37086
                ],
                [
                    0.0,
                    0.0,
                    1.0,
                    0.39699
                ],
                [
                    0.0,
                    0.0,
                    0.0,
                    1.0
                ]
            ],
            "size": [
                0.6,
                1.6,
                0.1
            ]
        },
        "collider2": {
            "type": "Cylinder",
            "collider2origin": [
                [
                    0.7368922504181072,
                    0.47011885609473525,
                    -0.4857757429286839,
                    0.13830409529498922
                ],
                [
                    0.5896036016669306,
                    -0.7984792360676606,
                    0.1216490956406492,
                    -0.647366815844985
                ],
                [
                    -0.3306923104263547,
                    -0.3760574034811466,
                    -0.8655769319430229,
                    0.3374844222234863
                ],
                [
                    0.0,
                    0.0,
                    0.0,
                    1.0
                ]
            ],
            "radius": 0.00713,
            "height": 0.01697
        },
        "distance": 0.0
    }
]