[
    {
        "case": 0,
        "collider1": {
            "type": "Box",
            "collider2origin": [
                [
                    1.0,
                    0.0,
                    0.0,
                    1.2009999999999998
                ],
                [
                    0.0,
                    1.0,
                    0.0,
                    0.02914
                ],
                [
                    0.0,
                    0.0,
                    1.0,
                    -1.22801
                ],
                [
                    0.0,
                    0.0,
                    0.0,
                    1.0
                ]
            ],
            "size": [
                0.41,
                0.6,
                0.82
            ]
        },
        "collider2": {
            "type": "Box",
            "collider2origin": [
                [
                    -0.5597521998654319,
                    -0.7322111187152824,
                    0.38800045409190426,
                    1.131138430913868
                ],
                [
                    -0.08662068781205143,
                    0.5173624517133578,
                    0.8513712175074456,
                    -0.3122826699194934
                ],
                [
                    -0.8241203378080026,
                    0.44294804569707474,
                    -0.3530194012010748,
                    -1.3539713438689356
                ],
                [
                    0.0,
                    0.0,
                    0.0,
                    1.0
                ]
            ],
            "size": [
                0.09126,
                0.11887,
                0.10009
            ]
        },
        "distance": 0.0
    },
    {
        "case": 1,
        "collider1": {
            "type": "Box",
            "collider2origin": [
                [
                    1.0,
                    0.0,
                    0.0,
                    1.2009999999999998
                ],
                [
                    0.0,
                    1.0,
                    0.0,
                    0.02914
                ],
                [
                    0.0,
                    0.0,
                    1.0,
                    -1.22801
                ],
                [
                    0.0,
                    0.0,
                    0.0,
                    1.0
                ]
            ],
            "size": [
                0.41,
                0.6,
                0.82
            ]
        },
        "collider2": {
            "type": "Box",
            "collider2origin": [
                [
                    0.08361751330777045,
                    -0.7322150267171814,
                    -0.675921050210586,
                    1.0772949089864754
                ],
                [
                    -0.5771600842744004,
                    0.5173570035563736,
                    -0.6318448923521792,
                    -0.271047076450847
                ],
                [
                    0.8123388139123918,
                    0.4429479489970882,
                    -0.3793451803973277,
                    -1.3225423204765865
                ],
                [
                    0.0,
                    0.0,
                    0.0,
                    1.0
                ]
            ],
            "size": [
                0.08993,
                0.0305,
                0.09007
            ]
        },
        "distance": 0.0
    },
    {
        "case": 2,
        "collider1": {
            "type": "Box",
            "collider2origin": [
                [
                    1.0,
                    0.0,
                    0.0,
                    1.2009999999999998
                ],
                [
                    0.0,
                    1.0,
                    0.0,
                    0.02914
                ],
                [
                    0.0,
                    0.0,
                    1.0,
                    -1.22801
                ],
                [
                    0.0,
                    0.0,
                    0.0,
                    1.0
                ]
            ],
            "size": [
                0.41,
                0.6,
                0.82
            ]
        },
        "collider2": {
            "type": "Box",
            "collider2origin": [
                [
                    -0.7495156187126524,
                    -0.6503103508909852,
                    -0.12378523672002503,
                    1.016341959159513
                ],
                [
                    -0.46389601667685343,
                    0.3825710170965051,
                    0.7990243441780064,
                    -0.23129421119171312
                ],
                [
                    -0.4722571577193275,
                    0.656304703930871,
                    -0.5884193339626709,
                    -1.2810186388105782
                ],
                [
                    0.0,
                    0.0,
                    0.0,
                    1.0
                ]
            ],
            "size": [
                0.06241,
                0.05638,
                0.02858
            ]
        },
        "distance": 0.0
    },
    {
        "case": 3,
        "collider1": {
            "type": "Box",
            "collider2origin": [
                [
                    1.0,
                    0.0,
                    0.0,
                    1.2009999999999998
                ],
                [
                    0.0,
                    1.0,
                    0.0,
                    0.02914
                ],
                [
                    0.0,
                    0.0,
                    1.0,
                    -1.22801
                ],
                [
                    0.0,
                    0.0,
                    0.0,
                    1.0
                ]
            ],
            "size": [
                0.41,
                0.6,
                0.82
            ]
        },
        "collider2": {
            "type": "Box",
            "collider2origin": [
                [
                    -0.706936463900196,
                    -0.650311285695689,
                    -0.27809363118400676,
                    0.9824295064834968
                ],
                [
                    -0.6210263710868527,
                    0.3825661694969478,
                    0.6840828695202993,
                    -0.21434493133731092
                ],
                [
                    -0.33847759515657994,
                    0.6563066033899488,
                    -0.6743104329044344,
                    -1.2464778923520243
                ],
                [
                    0.0,
                    0.0,
                    0.0,
                    1.0
                ]
            ],
            "size": [
                0.07264,
                0.04753,
                0.03326
            ]
        },
        "distance": 0.0
    }
]