[
    {
        "case": 0,
        "collider1": {
            "type": "Cylinder",
            "collider2origin": [
                [
                    1.0,
                    0.0,
                    0.0,
                    0.4849999999999999
                ],
                [
                    0.0,
                    -3.673205103346574e-06,
                    -0.9999999999932537,
                    -0.46086
                ],
                [
                    0.0,
                    0.9999999999932537,
                    -3.673205103346574e-06,
                    -0.70001
                ],
                [
                    0.0,
                    0.0,
                    0.0,
                    1.0
                ]
            ],
            "radius": 0.026,
            "height": 0.272
        },
        "collider2": {
            "type": "Box",
            "collider2origin": [
                [
                    -0.3348099822609652,
                    0.4378260726387609,
                    -0.8343923572853064,
                    0.8261596164531562
                ],
                [
                    0.16305170769480676,
                    0.8990596921741655,
                    0.4063321431113981,
                    -0.7212060636023073
                ],
                [
                    0.9280713422987584,
                    -5.04111567736221e-06,
                    -0.37240244840544173,
                    -0.4845019882478194
                ],
                [
                    0.0,
                    0.0,
                    0.0,
                    1.0
                ]
            ],
            "size": [
                0.15068,
                0.17726,
                0.74884
            ]
        },
        "distance": 0.017265798962587977
    },
    {
        "case": 1,
        "collider1": {
            "type": "Box",
            "collider2origin": [
                [
                    1.0,
                    0.0,
                    0.0,
                    -0.26
                ],
                [
                    0.0,
                    1.0,
                    0.0,
                    -0.4608599999999999
                ],
                [
                    0.0,
                    0.0,
                    1.0,
                    -1.143
                ],
                [
                    0.0,
                    0.0,
                    0.0,
                    1.0
                ]
            ],
            "size": [
                1.48,
                0.272,
                0.945
            ]
        },
        "collider2": {
            "type": "Box",
            "collider2origin": [
                [
                    -0.3348099822609652,
                    0.4378260726387609,
                    -0.8343923572853064,
                    0.8261596164531562
                ],
                [
                    0.16305170769480676,
                    0.8990596921741655,
                    0.4063321431113981,
                    -0.7212060636023073
                ],
                [
                    0.9280713422987584,
                    -5.04111567736221e-06,
                    -0.37240244840544173,
                    -0.4845019882478194
                ],
                [
                    0.0,
                    0.0,
                    0.0,
                    1.0
                ]
            ],
            "size": [
                0.15068,
                0.17726,
                0.74884
            ]
        },
        "distance": 0.034204855855374555
    },
    {
        "case": 2,
        "collider1": {
            "type": "Cylinder",
            "collider2origin": [
                [
                    1.0,
                    0.0,
                    0.0,
                    0.4849999999999999
                ],
                [
                    0.0,
                    -3.673205103346574e-06,
                    -0.9999999999932537,
                    -0.46086
                ],
                [
                    0.0,
                    0.9999999999932537,
                    -3.673205103346574e-06,
                    -0.70001
                ],
                [
                    0.0,
                    0.0,
                    0.0,
                    1.0
                ]
            ],
            "radius": 0.026,
            "height": 0.272
        },
        "collider2": {
            "type": "Box",
            "collider2origin": [
                [
                    -0.3348099822609652,
                    0.4378260726387609,
                    -0.8343923572853064,
                    0.8261596164531562
                ],
                [
                    0.16305170769480676,
                    0.8990596921741655,
                    0.4063321431113981,
                    -0.7212060636023073
                ],
                [
                    0.9280713422987584,
                    -5.04111567736221e-06,
                    -0.37240244840544173,
                    -0.4845019882478194
                ],
                [
                    0.0,
                    0.0,
                    0.0,
                    1.0
                ]
            ],
            "size": [
                0.15068,
                0.17726,
                0.74884
            ]
        },
        "distance": 0.017265798962587977
    },
    {
        "case": 3,
        "collider1": {
            "type": "Box",
            "collider2origin": [
                [
                    1.0,
                    0.0,
                    0.0,
                    -0.26
                ],
                [
                    0.0,
                    1.0,
                    0.0,
                    -0.4608599999999999
                ],
                [
                    0.0,
                    0.0,
                    1.0,
                    -1.143
                ],
                [
                    0.0,
                    0.0,
                    0.0,
                    1.0
                ]
            ],
            "size": [
                1.48,
                0.272,
                0.945
            ]
        },
        "collider2": {
            "type": "Box",
            "collider2origin": [
                [
                    -0.3348099822609652,
                    0.4378260726387609,
                    -0.8343923572853064,
                    0.8261596164531562
                ],
                [
                    0.16305170769480676,
                    0.8990596921741655,
                    0.4063321431113981,
                    -0.7212060636023073
                ],
                [
                    0.9280713422987584,
                    -5.04111567736221e-06,
                    -0.37240244840544173,
                    -0.4845019882478194
                ],
                [
                    0.0,
                    0.0,
                    0.0,
                    1.0
                ]
            ],
            "size": [
                0.15068,
                0.17726,
                0.74884
            ]
        },
        "distance": 0.034204855855374555
    },
    {
        "case": 4,
        "collider1": {
            "type": "Cylinder",
            "collider2origin": [
                [
                    1.0,
                    0.0,
                    0.0,
                    0.4849999999999999
                ],
                [
                    0.0,
                    -3.673205103346574e-06,
                    -0.9999999999932537,
                    -0.46086
                ],
                [
                    0.0,
                    0.9999999999932537,
                    -3.673205103346574e-06,
                    -0.70001
                ],
                [
                    0.0,
                    0.0,
                    0.0,
                    1.0
                ]
            ],
            "radius": 0.026,
            "height": 0.272
        },
        "collider2": {
            "type": "Box",
            "collider2origin": [
                [
                    0.44547950442884904,
                    0.43782626900637106,
                    -0.7809328839931046,
                    0.29145942799467806
                ],
                [
                    -0.216938921979765,
                    0.89905959655883,
                    0.38030165127925863,
                    -0.6013390672095144
                ],
                [
                    0.8686112566989243,
                    -1.8531533441103759e-06,
                    0.4954941823396933,
                    -0.46173668344443075
                ],
                [
                    0.0,
                    0.0,
                    0.0,
                    1.0
                ]
            ],
            "size": [
                0.1202,
                0.13634,
                0.67816
            ]
        },
        "distance": 0.04364836930870396
    },
    {
        "case": 5,
        "collider1": {
            "type": "Box",
            "collider2origin": [
                [
                    1.0,
                    0.0,
                    0.0,
                    -0.26
                ],
                [
                    0.0,
                    1.0,
                    0.0,
                    -0.4608599999999999
                ],
                [
                    0.0,
                    0.0,
                    1.0,
                    -1.143
                ],
                [
                    0.0,
                    0.0,
                    0.0,
                    1.0
                ]
            ],
            "size": [
                1.48,
                0.272,
                0.945
            ]
        },
        "collider2": {
            "type": "Box",
            "collider2origin": [
                [
                    0.44547950442884904,
                    0.43782626900637106,
                    -0.7809328839931046,
                    0.29145942799467806
                ],
                [
                    -0.216938921979765,
                    0.89905959655883,
                    0.38030165127925863,
                    -0.6013390672095144
                ],
                [
                    0.8686112566989243,
                    -1.8531533441103759e-06,
                    0.4954941823396933,
                    -0.46173668344443075
                ],
                [
                    0.0,
                    0.0,
                    0.0,
                    1.0
                ]
            ],
            "size": [
                0.1202,
                0.13634,
                0.67816
            ]
        },
        "distance": 0.042416208641170114
    },
    {
        "case": 6,
        "collider1": {
            "type": "Box",
            "collider2origin": [
                [
                    1.0,
                    0.0,
                    0.0,
                    -0.06
                ],
                [
                    0.0,
                    1.0,
                    0.0,
                    -0.37086
                ],
                [
                    0.0,
                    0.0,
                    1.0,
                    -0.40301
                ],
                [
                    0.0,
                    0.0,
                    0.0,
                    1.0
                ]
            ],
            "size": [
                0.1,
                1.0,
                1.64
            ]
        },
        "collider2": {
            "type": "Box",
            "collider2origin": [
                [
                    0.44547950442884904,
                    0.43782626900637106,
                    -0.7809328839931046,
                    0.29145942799467806
                ],
                [
                    -0.216938921979765,
                    0.89905959655883,
                    0.38030165127925863,
                    -0.6013390672095144
                ],
                [
                    0.8686112566989243,
                    -1.8531533441103759e-06,
                    0.4954941823396933,
                    -0.46173668344443075
                ],
                [
                    0.0,
                    0.0,
                    0.0,
                    1.0
                ]
            ],
            "size": [
                0.1202,
                0.13634,
                0.67816
            ]
        },
        "distance": 0.0
    }
]