[
    {
        "case": 0,
        "collider1": {
            "type": "Box",
            "collider2origin": [
                [
                    1.0,
                    0.0,
                    0.0,
                    1.2009999999999998
                ],
                [
                    0.0,
                    1.0,
                    0.0,
                    0.02914
                ],
                [
                    0.0,
                    0.0,
                    1.0,
                    -1.22801
                ],
                [
                    0.0,
                    0.0,
                    0.0,
                    1.0
                ]
            ],
            "size": [
                0.41,
                0.6,
                0.82
            ]
        },
        "collider2": {
            "type": "Box",
            "collider2origin": [
                [
                    0.5199363376133312,
                    -0.7727648346973558,
                    0.36400647670667086,
                    1.3643565915741396
                ],
                [
                    0.633043823060502,
                    0.6346924532832631,
                    0.4431940972420736,
                    -0.48043701250483406
                ],
                [
                    -0.5735169770060689,
                    -6.641387158791295e-07,
                    0.8191936749544511,
                    -0.5325276623323101
                ],
                [
                    0.0,
                    0.0,
                    0.0,
                    1.0
                ]
            ],
            "size": [
                0.1202,
                0.13634,
                0.67816
            ]
        },
        "distance": 0.23225451528226512
    },
    {
        "case": 1,
        "collider1": {
            "type": "Box",
            "collider2origin": [
                [
                    1.0,
                    0.0,
                    0.0,
                    1.23
                ],
                [
                    0.0,
                    1.0,
                    0.0,
                    -0.23086
                ],
                [
                    0.0,
                    0.0,
                    1.0,
                    -0.54301
                ],
                [
                    0.0,
                    0.0,
                    0.0,
                    1.0
                ]
            ],
            "size": [
                0.1,
                0.16,
                0.1
            ]
        },
        "collider2": {
            "type": "Box",
            "collider2origin": [
                [
                    0.5199363376133312,
                    -0.7727648346973558,
                    0.36400647670667086,
                    1.3643565915741396
                ],
                [
                    0.633043823060502,
                    0.6346924532832631,
                    0.4431940972420736,
                    -0.48043701250483406
                ],
                [
                    -0.5735169770060689,
                    -6.641387158791295e-07,
                    0.8191936749544511,
                    -0.5325276623323101
                ],
                [
                    0.0,
                    0.0,
                    0.0,
                    1.0
                ]
            ],
            "size": [
                0.1202,
                0.13634,
                0.67816
            ]
        },
        "distance": 0.10464703138535246
    },
    {
        "case": 2,
        "collider1": {
            "type": "Box",
            "collider2origin": [
                [
                    1.0,
                    0.0,
                    0.0,
                    1.28
                ],
                [
                    0.0,
                    1.0,
                    0.0,
                    -0.23086
                ],
                [
                    0.0,
                    0.0,
                    1.0,
                    -0.67301
                ],
                [
                    0.0,
                    0.0,
                    0.0,
                    1.0
                ]
            ],
            "size": [
                0.06,
                0.06,
                0.33
            ]
        },
        "collider2": {
            "type": "Box",
            "collider2origin": [
                [
                    0.5199363376133312,
                    -0.7727648346973558,
                    0.36400647670667086,
                    1.3643565915741396
                ],
                [
                    0.633043823060502,
                    0.6346924532832631,
                    0.4431940972420736,
                    -0.48043701250483406
                ],
                [
                    -0.5735169770060689,
                    -6.641387158791295e-07,
                    0.8191936749544511,
                    -0.5325276623323101
                ],
                [
                    0.0,
                    0.0,
                    0.0,
                    1.0
                ]
            ],
            "size": [
                0.1202,
                0.13634,
                0.67816
            ]
        },
        "distance": 0.11896194598480396
    }
]