[
    {
        "case": 0,
        "collider1": {
            "type": "Cylinder",
            "collider2origin": [
                [
                    1.0,
                    0.0,
                    0.0,
                    0.4849999999999999
                ],
                [
                    0.0,
                    -3.673205103346574e-06,
                    -0.9999999999932537,
                    -0.46086
                ],
                [
                    0.0,
                    0.9999999999932537,
                    -3.673205103346574e-06,
                    -0.70001
                ],
                [
                    0.0,
                    0.0,
                    0.0,
                    1.0
                ]
            ],
            "radius": 0.026,
            "height": 0.272
        },
        "collider2": {
            "type": "Box",
            "collider2origin": [
                [
                    0.21422037425789528,
                    -0.8858894917235763,
                    -0.4114722830356269,
                    0.7219256089106074
                ],
                [
                    -0.40908022339913136,
                    -0.46389633370497035,
                    0.7857821341814814,
                    -0.845217956658092
                ],
                [
                    -0.8869966189769406,
                    -5.369402759795066e-06,
                    -0.4617759174043677,
                    -0.5111318409151855
                ],
                [
                    0.0,
                    0.0,
                    0.0,
                    1.0
                ]
            ],
            "size": [
                0.15068,
                0.17726,
                0.74884
            ]
        },
        "distance": 0.0
    },
    {
        "case": 1,
        "collider1": {
            "type": "Box",
            "collider2origin": [
                [
                    1.0,
                    0.0,
                    0.0,
                    -0.26
                ],
                [
                    0.0,
                    1.0,
                    0.0,
                    -0.4608599999999999
                ],
                [
                    0.0,
                    0.0,
                    1.0,
                    -1.143
                ],
                [
                    0.0,
                    0.0,
                    0.0,
                    1.0
                ]
            ],
            "size": [
                1.48,
                0.272,
                0.945
            ]
        },
        "collider2": {
            "type": "Box",
            "collider2origin": [
                [
                    0.21422037425789528,
                    -0.8858894917235763,
                    -0.4114722830356269,
                    0.7219256089106074
                ],
                [
                    -0.40908022339913136,
                    -0.46389633370497035,
                    0.7857821341814814,
                    -0.845217956658092
                ],
                [
                    -0.8869966189769406,
                    -5.369402759795066e-06,
                    -0.4617759174043677,
                    -0.5111318409151855
                ],
                [
                    0.0,
                    0.0,
                    0.0,
                    1.0
                ]
            ],
            "size": [
                0.15068,
                0.17726,
                0.74884
            ]
        },
        "distance": 0.005908139544261598
    },
    {
        "case": 2,
        "collider1": {
            "type": "Cylinder",
            "collider2origin": [
                [
                    1.0,
                    0.0,
                    0.0,
                    0.4849999999999999
                ],
                [
                    0.0,
                    -3.673205103346574e-06,
                    -0.9999999999932537,
                    -0.46086
                ],
                [
                    0.0,
                    0.9999999999932537,
                    -3.673205103346574e-06,
                    -0.70001
                ],
                [
                    0.0,
                    0.0,
                    0.0,
                    1.0
                ]
            ],
            "radius": 0.026,
            "height": 0.272
        },
        "collider2": {
            "type": "Box",
            "collider2origin": [
                [
                    0.21422037425789528,
                    -0.8858894917235763,
                    -0.4114722830356269,
                    0.7219256089106074
                ],
                [
                    -0.40908022339913136,
                    -0.46389633370497035,
                    0.7857821341814814,
                    -0.845217956658092
                ],
                [
                    -0.8869966189769406,
                    -5.369402759795066e-06,
                    -0.4617759174043677,
                    -0.5111318409151855
                ],
                [
                    0.0,
                    0.0,
                    0.0,
                    1.0
                ]
            ],
            "size": [
                0.15068,
                0.17726,
                0.74884
            ]
        },
        "distance": 0.0
    },
    {
        "case": 3,
        "collider1": {
            "type": "Box",
            "collider2origin": [
                [
                    1.0,
                    0.0,
                    0.0,
                    -0.26
                ],
                [
                    0.0,
                    1.0,
                    0.0,
                    -0.4608599999999999
                ],
                [
                    0.0,
                    0.0,
                    1.0,
                    -1.143
                ],
                [
                    0.0,
                    0.0,
                    0.0,
                    1.0
                ]
            ],
            "size": [
                1.48,
                0.272,
                0.945
            ]
        },
        "collider2": {
            "type": "Box",
            "collider2origin": [
                [
                    0.21422037425789528,
                    -0.8858894917235763,
                    -0.4114722830356269,
                    0.7219256089106074
                ],
                [
                    -0.40908022339913136,
                    -0.46389633370497035,
                    0.7857821341814814,
                    -0.845217956658092
                ],
                [
                    -0.8869966189769406,
                    -5.369402759795066e-06,
                    -0.4617759174043677,
                    -0.5111318409151855
                ],
                [
                    0.0,
                    0.0,
                    0.0,
                    1.0
                ]
            ],
            "size": [
                0.15068,
                0.17726,
                0.74884
            ]
        },
        "distance": 0.005908139544261598
    }
]