[
    {
        "case": 0,
        "collider1": {
            "type": "Cylinder",
            "collider2origin": [
                [
                    1.0,
                    0.0,
                    0.0,
                    0.4849999999999999
                ],
                [
                    0.0,
                    -3.673205103346574e-06,
                    -0.9999999999932537,
                    -0.46086
                ],
                [
                    0.0,
                    0.9999999999932537,
                    -3.673205103346574e-06,
                    -0.70001
                ],
                [
                    0.0,
                    0.0,
                    0.0,
                    1.0
                ]
            ],
            "radius": 0.026,
            "height": 0.272
        },
        "collider2": {
            "type": "Box",
            "collider2origin": [
                [
                    0.4216338005721015,
                    0.6365327635122602,
                    -0.6457948429575527,
                    0.4169934537748696
                ],
                [
                    -0.34798372987732,
                    0.771249661894689,
                    0.5329927605211876,
                    -0.4563305508253781
                ],
                [
                    0.8373364090709263,
                    -1.6651080569806909e-06,
                    0.5466879713707204,
                    -0.46431460805473956
                ],
                [
                    0.0,
                    0.0,
                    0.0,
                    1.0
                ]
            ],
            "size": [
                0.1202,
                0.13634,
                0.67816
            ]
        },
        "distance": 0.035305886420649024
    },
    {
        "case": 1,
        "collider1": {
            "type": "Box",
            "collider2origin": [
                [
                    1.0,
                    0.0,
                    0.0,
                    0.246
                ],
                [
                    0.0,
                    1.0,
                    0.0,
                    -0.24786000000000002
                ],
                [
                    0.0,
                    0.0,
                    1.0,
                    -0.71801
                ],
                [
                    0.0,
                    0.0,
                    0.0,
                    1.0
                ]
            ],
            "size": [
                0.12,
                0.16,
                0.08
            ]
        },
        "collider2": {
            "type": "Box",
            "collider2origin": [
                [
                    0.4216338005721015,
                    0.6365327635122602,
                    -0.6457948429575527,
                    0.4169934537748696
                ],
                [
                    -0.34798372987732,
                    0.771249661894689,
                    0.5329927605211876,
                    -0.4563305508253781
                ],
                [
                    0.8373364090709263,
                    -1.6651080569806909e-06,
                    0.5466879713707204,
                    -0.46431460805473956
                ],
                [
                    0.0,
                    0.0,
                    0.0,
                    1.0
                ]
            ],
            "size": [
                0.1202,
                0.13634,
                0.67816
            ]
        },
        "distance": 0.21033918533577958
    },
    {
        "case": 2,
        "collider1": {
            "type": "Box",
            "collider2origin": [
                [
                    1.0,
                    0.0,
                    0.0,
                    0.28600000000000003
                ],
                [
                    0.0,
                    1.0,
                    0.0,
                    -0.19785999999999998
                ],
                [
                    0.0,
                    0.0,
                    1.0,
                    -0.70601
                ],
                [
                    0.0,
                    0.0,
                    0.0,
                    1.0
                ]
            ],
            "size": [
                0.04,
                0.04,
                0.12
            ]
        },
        "collider2": {
            "type": "Box",
            "collider2origin": [
                [
                    0.4216338005721015,
                    0.6365327635122602,
                    -0.6457948429575527,
                    0.4169934537748696
                ],
                [
                    -0.34798372987732,
                    0.771249661894689,
                    0.5329927605211876,
                    -0.4563305508253781
                ],
                [
                    0.8373364090709263,
                    -1.6651080569806909e-06,
                    0.5466879713707204,
                    -0.46431460805473956
                ],
                [
                    0.0,
                    0.0,
                    0.0,
                    1.0
                ]
            ],
            "size": [
                0.1202,
                0.13634,
                0.67816
            ]
        },
        "distance": 0.22636090462556985
    },
    {
        "case": 3,
        "collider1": {
            "type": "Box",
            "collider2origin": [
                [
                    0.9999999999999999,
                    0.0,
                    6.177235058912196e-23,
                    0.2860000183661401
                ],
                [
                    0.0,
                    1.0,
                    0.0,
                    -0.10086
                ],
                [
                    6.177235058912196e-23,
                    0.0,
                    0.9999999999999999,
                    -0.626009937555547
                ],
                [
                    0.0,
                    0.0,
                    0.0,
                    1.0
                ]
            ],
            "size": [
                0.04,
                0.234,
                0.044
            ]
        },
        "collider2": {
            "type": "Box",
            "collider2origin": [
                [
                    0.4216338005721015,
                    0.6365327635122602,
                    -0.6457948429575527,
                    0.4169934537748696
                ],
                [
                    -0.34798372987732,
                    0.771249661894689,
                    0.5329927605211876,
                    -0.4563305508253781
                ],
                [
                    0.8373364090709263,
                    -1.6651080569806909e-06,
                    0.5466879713707204,
                    -0.46431460805473956
                ],
                [
                    0.0,
                    0.0,
                    0.0,
                    1.0
                ]
            ],
            "size": [
                0.1202,
                0.13634,
                0.67816
            ]
        },
        "distance": 0.19202566218546807
    },
    {
        "case": 4,
        "collider1": {
            "type": "Box",
            "collider2origin": [
                [
                    1.0,
                    0.0,
                    0.0,
                    -0.26
                ],
                [
                    0.0,
                    1.0,
                    0.0,
                    -0.4608599999999999
                ],
                [
                    0.0,
                    0.0,
                    1.0,
                    -1.143
                ],
                [
                    0.0,
                    0.0,
                    0.0,
                    1.0
                ]
            ],
            "size": [
                1.48,
                0.272,
                0.945
            ]
        },
        "collider2": {
            "type": "Box",
            "collider2origin": [
                [
                    0.4216338005721015,
                    0.6365327635122602,
                    -0.6457948429575527,
                    0.4169934537748696
                ],
                [
                    -0.34798372987732,
                    0.771249661894689,
                    0.5329927605211876,
                    -0.4563305508253781
                ],
                [
                    0.8373364090709263,
                    -1.6651080569806909e-06,
                    0.5466879713707204,
                    -0.46431460805473956
                ],
                [
                    0.0,
                    0.0,
                    0.0,
                    1.0
                ]
            ],
            "size": [
                0.1202,
                0.13634,
                0.67816
            ]
        },
        "distance": 0.03707903927737444
    },
    {
        "case": 5,
        "collider1": {
            "type": "Box",
            "collider2origin": [
                [
                    1.0,
                    0.0,
                    0.0,
                    0.205
                ],
                [
                    0.0,
                    1.0,
                    0.0,
                    -0.17586
                ],
                [
                    0.0,
                    0.0,
                    1.0,
                    -0.10301
                ],
                [
                    0.0,
                    0.0,
                    0.0,
                    1.0
                ]
            ],
            "size": [
                0.05,
                0.05,
                1.2
            ]
        },
        "collider2": {
            "type": "Box",
            "collider2origin": [
                [
                    -0.049559688757379323,
                    -0.7639054452921972,
                    -0.6434223402270093,
                    0.17215572556926173
                ],
                [
                    0.49706081049831863,
                    -0.577633234553223,
                    0.6475109242370631,
                    -0.1969078962138625
                ],
                [
                    -0.8662992484800077,
                    -0.28772959005377047,
                    0.4083347831013945,
                    -0.25581575750994756
                ],
                [
                    0.0,
                    0.0,
                    0.0,
                    1.0
                ]
            ],
            "size": [
                0.08993,
                0.0305,
                0.09007
            ]
        },
        "distance": 0.0
    },
    {
        "case": 6,
        "collider1": {
            "type": "Box",
            "collider2origin": [
                [
                    1.0,
                    0.0,
                    0.0,
                    0.205
                ],
                [
                    0.0,
                    1.0,
                    0.0,
                    -0.17586
                ],
                [
                    0.0,
                    0.0,
                    1.0,
                    -0.10301
                ],
                [
                    0.0,
                    0.0,
                    0.0,
                    1.0
                ]
            ],
            "size": [
                0.05,
                0.05,
                1.2
            ]
        },
        "collider2": {
            "type": "Box",
            "collider2origin": [
                [
                    0.4704371466455857,
                    0.6365328907384779,
                    -0.6111585474032712,
                    0.2979723150641883
                ],
                [
                    -0.388262889618868,
                    0.7712495568919727,
                    0.5044066311407319,
                    -0.2131898227570722
                ],
                [
                    0.792427169903182,
                    -1.4326728943195101e-06,
                    0.6099665403915046,
                    -0.30325049370954593
                ],
                [
                    0.0,
                    0.0,
                    0.0,
                    1.0
                ]
            ],
            "size": [
                0.09102,
                0.10007,
                0.11882
            ]
        },
        "distance": 0.0
    },
    {
        "case": 7,
        "collider1": {
            "type": "Box",
            "collider2origin": [
                [
                    1.0,
                    0.0,
                    0.0,
                    0.205
                ],
                [
                    0.0,
                    1.0,
                    0.0,
                    -0.17586
                ],
                [
                    0.0,
                    0.0,
                    1.0,
                    -0.10301
                ],
                [
                    0.0,
                    0.0,
                    0.0,
                    1.0
                ]
            ],
            "size": [
                0.05,
                0.05,
                1.2
            ]
        },
        "collider2": {
            "type": "Box",
            "collider2origin": [
                [
                    -0.20720492670794016,
                    -0.7639053267806688,
                    -0.6111585474032712,
                    0.23210949388740643
                ],
                [
                    0.641804635019959,
                    -0.5776337602046429,
                    0.5044066311407319,
                    -0.15625632261226619
                ],
                [
                    -0.7383447222096561,
                    -0.28772884941897053,
                    0.6099665403915046,
                    -0.23705059325502664
                ],
                [
                    0.0,
                    0.0,
                    0.0,
                    1.0
                ]
            ],
            "size": [
                0.09126,
                0.11887,
                0.10009
            ]
        },
        "distance": 0.0
    }
]