[
    {
        "case": 0,
        "collider1": {
            "type": "Box",
            "collider2origin": [
                [
                    1.0,
                    0.0,
                    0.0,
                    0.0
                ],
                [
                    0.0,
                    1.0,
                    0.0,
                    -0.37086
                ],
                [
                    0.0,
                    0.0,
                    1.0,
                    0.39699
                ],
                [
                    0.0,
                    0.0,
                    0.0,
                    1.0
                ]
            ],
            "size": [
                0.6,
                1.6,
                0.1
            ]
        },
        "collider2": {
            "type": "Sphere",
            "collider2origin": [
                [
                    1.0,
                    0.0,
                    0.0,
                    0.30194855760622674
                ],
                [
                    0.0,
                    1.0,
                    0.0,
                    -1.1119748125602482
                ],
                [
                    0.0,
                    0.0,
                    1.0,
                    0.3388822832340055
                ],
                [
                    0.0,
                    0.0,
                    0.0,
                    1.0
                ]
            ],
            "radius": 0.01051
        },
        "distance": 0.0
    },
    {
        "case": 1,
        "collider1": {
            "type": "Box",
            "collider2origin": [
                [
                    1.0,
                    0.0,
                    0.0,
                    0.0
                ],
                [
                    0.0,
                    1.0,
                    0.0,
                    -0.37086
                ],
                [
                    0.0,
                    0.0,
                    1.0,
                    0.39699
                ],
                [
                    0.0,
                    0.0,
                    0.0,
                    1.0
                ]
            ],
            "size": [
                0.6,
                1.6,
                0.1
            ]
        },
        "collider2": {
            "type": "Cylinder",
            "collider2origin": [
                [
                    -0.523774801046336,
                    0.23171646446435984,
                    -0.8197362001796725,
                    0.2701395825342148
                ],
                [
                    0.8084920854659017,
                    0.4383368958363599,
                    -0.3926847507703106,
                    -1.1242791544426969
                ],
                [
                    0.2683290992938862,
                    -0.868428607223807,
                    -0.41693074799953356,
                    0.3236344874684547
                ],
                [
                    0.0,
                    0.0,
                    0.0,
                    1.0
                ]
            ],
            "radius": 0.01271,
            "height": 0.05982
        },
        "distance": 0.0
    },
    {
        "case": 2,
        "collider1": {
            "type": "Box",
            "collider2origin": [
                [
                    1.0,
                    0.0,
                    0.0,
                    0.0
                ],
                [
                    0.0,
                    1.0,
                    0.0,
                    -0.37086
                ],
                [
                    0.0,
                    0.0,
                    1.0,
                    0.39699
                ],
                [
                    0.0,
                    0.0,
                    0.0,
                    1.0
                ]
            ],
            "size": [
                0.6,
                1.6,
                0.1
            ]
        },
        "collider2": {
            "type": "Cylinder",
            "collider2origin": [
                [
                    -0.4872859508801765,
                    0.3203480882300931,
                    -0.8123604522883463,
                    0.28325374825407856
                ],
                [
                    0.8389078477616209,
                    0.43002682388845176,
                    -0.3336323630890369,
                    -1.1190177019948668
                ],
                [
                    0.24245829546288253,
                    -0.8440699219281154,
                    -0.47828855501412376,
                    0.3281386939036848
                ],
                [
                    0.0,
                    0.0,
                    0.0,
                    1.0
                ]
            ],
            "radius": 0.01169,
            "height": 0.05502
        },
        "distance": 0.0
    },
    {
        "case": 3,
        "collider1": {
            "type": "Box",
            "collider2origin": [
                [
                    1.0,
                    0.0,
                    0.0,
                    0.0
                ],
                [
                    0.0,
                    1.0,
                    0.0,
                    -0.37086
                ],
                [
                    0.0,
                    0.0,
                    1.0,
                    0.39699
                ],
                [
                    0.0,
                    0.0,
                    0.0,
                    1.0
                ]
            ],
            "size": [
                0.6,
                1.6,
                0.1
            ]
        },
        "collider2": {
            "type": "Cylinder",
            "collider2origin": [
                [
                    -0.791157326248842,
                    -0.2295269562705892,
                    -0.5669104527771045,
                    0.31214575851524584
                ],
                [
                    0.43586958080478855,
                    0.4386480161630483,
                    -0.7858788878989427,
                    -1.1185143707165848
                ],
                [
                    0.4290545345895325,
                    -0.868852861111351,
                    -0.2469957734188554,
                    0.38668884473605925
                ],
                [
                    0.0,
                    0.0,
                    0.0,
                    1.0
                ]
            ],
            "radius": 0.00796,
            "height": 0.03037
        },
        "distance": 0.0
    },
    {
        "case": 4,
        "collider1": {
            "type": "Box",
            "collider2origin": [
                [
                    1.0,
                    0.0,
                    0.0,
                    0.0
                ],
                [
                    0.0,
                    1.0,
                    0.0,
                    -0.37086
                ],
                [
                    0.0,
                    0.0,
                    1.0,
                    0.39699
                ],
                [
                    0.0,
                    0.0,
                    0.0,
                    1.0
                ]
            ],
            "size": [
                0.6,
                1.6,
                0.1
            ]
        },
        "collider2": {
            "type": "Cylinder",
            "collider2origin": [
                [
                    -0.791157326248842,
                    0.08181985148732797,
                    -0.6061151681201968,
                    0.2958796597292037
                ],
                [
                    0.43586958080478855,
                    0.7706345574226937,
                    -0.4649086872010313,
                    -1.1370023106908933
                ],
                [
                    0.4290545345895325,
                    -0.6320030781638016,
                    -0.6453559603347901,
                    0.3754845729708314
                ],
                [
                    0.0,
                    0.0,
                    0.0,
                    1.0
                ]
            ],
            "radius": 0.00713,
            "height": 0.01426
        },
        "distance": 0.0
    },
    {
        "case": 5,
        "collider1": {
            "type": "Box",
            "collider2origin": [
                [
                    1.0,
                    0.0,
                    0.0,
                    0.0
                ],
                [
                    0.0,
                    1.0,
                    0.0,
                    -0.37086
                ],
                [
                    0.0,
                    0.0,
                    1.0,
                    0.39699
                ],
                [
                    0.0,
                    0.0,
                    0.0,
                    1.0
                ]
            ],
            "size": [
                0.6,
                1.6,
                0.1
            ]
        },
        "collider2": {
            "type": "Box",
            "collider2origin": [
                [
                    0.638577528917599,
                    -0.4528909366304661,
                    -0.6221804714706755,
                    0.3119761583407046
                ],
                [
                    0.3243806142412921,
                    0.891565925502367,
                    -0.31604970746316063,
                    -1.295430912151653
                ],
                [
                    0.6978509559110275,
                    -1.0422976392754256e-06,
                    0.7162430057829384,
                    0.09339996893695268
                ],
                [
                    0.0,
                    0.0,
                    0.0,
                    1.0
                ]
            ],
            "size": [
                0.1202,
                0.13634,
                0.67816
            ]
        },
        "distance": 0.12597115688203375
    },
    {
        "case": 6,
        "collider1": {
            "type": "Box",
            "collider2origin": [
                [
                    1.0,
                    0.0,
                    0.0,
                    0.0
                ],
                [
                    0.0,
                    1.0,
                    0.0,
                    -0.37086
                ],
                [
                    0.0,
                    0.0,
                    1.0,
                    0.39699
                ],
                [
                    0.0,
                    0.0,
                    0.0,
                    1.0
                ]
            ],
            "size": [
                0.6,
                1.6,
                0.1
            ]
        },
        "collider2": {
            "type": "Box",
            "collider2origin": [
                [
                    -0.66713836558338,
                    0.7278760480225355,
                    0.1585019239057751,
                    0.281120123056843
                ],
                [
                    0.46143864254688083,
                    0.2367496084453246,
                    0.8549994164123604,
                    -1.1741997189766162
                ],
                [
                    0.5848083278572804,
                    0.6435418258482357,
                    -0.493814882372626,
                    0.32689002422072155
                ],
                [
                    0.0,
                    0.0,
                    0.0,
                    1.0
                ]
            ],
            "size": [
                0.07264,
                0.04753,
                0.03326
            ]
        },
        "distance": 0.0
    },
    {
        "case": 7,
        "collider1": {
            "type": "Box",
            "collider2origin": [
                [
                    1.0,
                    0.0,
                    0.0,
                    0.0
                ],
                [
                    0.0,
                    1.0,
                    0.0,
                    -0.37086
                ],
                [
                    0.0,
                    0.0,
                    1.0,
                    0.39699
                ],
                [
                    0.0,
                    0.0,
                    0.0,
                    1.0
                ]
            ],
            "size": [
                0.6,
                1.6,
                0.1
            ]
        },
        "collider2": {
            "type": "Cylinder",
            "collider2origin": [
                [
                    -0.7016116602803206,
                    -0.4752498596499388,
                    -0.5309224510805742,
                    0.3011657003837189
                ],
                [
                    0.458558152458222,
                    0.26916317318566596,
                    -0.8469212519560034,
                    -1.1484241248451361
                ],
                [
                    0.5454039777750002,
                    -0.8376686439776385,
                    0.029081676771990785,
                    0.34107134299945363
                ],
                [
                    0.0,
                    0.0,
                    0.0,
                    1.0
                ]
            ],
            "radius": 0.00683,
            "height": 0.01782
        },
        "distance": 0.0
    },
    {
        "case": 8,
        "collider1": {
            "type": "Box",
            "collider2origin": [
                [
                    1.0,
                    0.0,
                    0.0,
                    0.0
                ],
                [
                    0.0,
                    1.0,
                    0.0,
                    -0.37086
                ],
                [
                    0.0,
                    0.0,
                    1.0,
                    0.39699
                ],
                [
                    0.0,
                    0.0,
                    0.0,
                    1.0
                ]
            ],
            "size": [
                0.6,
                1.6,
                0.1
            ]
        },
        "collider2": {
            "type": "Cylinder",
            "collider2origin": [
                [
                    -0.8049790281486587,
                    0.05682189547636416,
                    -0.5905760208773414,
                    0.28638465435443183
                ],
                [
                    0.4071142150488329,
                    0.7769867111361606,
                    -0.48015587742209753,
                    -1.1441556015540058
                ],
                [
                    0.43158635305812576,
                    -0.6269473047332487,
                    -0.6485910089892564,
                    0.36555998419859415
                ],
                [
                    0.0,
                    0.0,
                    0.0,
                    1.0
                ]
            ],
            "radius": 0.00713,
            "height": 0.01697
        },
        "distance": 0.0
    }
]