[
    {
        "case": 0,
        "collider1": {
            "type": "Box",
            "collider2origin": [
                [
                    1.0,
                    0.0,
                    0.0,
                    -0.06
                ],
                [
                    0.0,
                    1.0,
                    0.0,
                    -0.37086
                ],
                [
                    0.0,
                    0.0,
                    1.0,
                    -0.40301
                ],
                [
                    0.0,
                    0.0,
                    0.0,
                    1.0
                ]
            ],
            "size": [
                0.1,
                1.0,
                1.64
            ]
        },
        "collider2": {
            "type": "Box",
            "collider2origin": [
                [
                    -0.4732038870206344,
                    0.16918290941629796,
                    0.864554928544161,
                    -0.08563513777053
                ],
                [
                    0.08122411353280126,
                    0.9855846707066205,
                    -0.14840990616846536,
                    -0.651345666073486
                ],
                [
                    -0.8772005042687637,
                    -5.436799871617846e-06,
                    -0.4801242290085637,
                    -0.0750244935505493
                ],
                [
                    0.0,
                    0.0,
                    0.0,
                    1.0
                ]
            ],
            "size": [
                0.09102,
                0.10007,
                0.11882
            ]
        },
        "distance": 0.0
    },
    {
        "case": 1,
        "collider1": {
            "type": "Box",
            "collider2origin": [
                [
                    1.0,
                    0.0,
                    0.0,
                    -0.06
                ],
                [
                    0.0,
                    1.0,
                    0.0,
                    -0.37086
                ],
                [
                    0.0,
                    0.0,
                    1.0,
                    -0.40301
                ],
                [
                    0.0,
                    0.0,
                    0.0,
                    1.0
                ]
            ],
            "size": [
                0.1,
                1.0,
                1.64
            ]
        },
        "collider2": {
            "type": "Box",
            "collider2origin": [
                [
                    0.16406428491854166,
                    0.47500282730123633,
                    0.864554928544161,
                    0.010516917840639795
                ],
                [
                    0.9864041360963172,
                    -0.0705788923343608,
                    -0.14840990616846536,
                    -0.6637381360447796
                ],
                [
                    -0.009475795810672928,
                    0.8771493225287736,
                    -0.4801242290085637,
                    -0.12580736396786651
                ],
                [
                    0.0,
                    0.0,
                    0.0,
                    1.0
                ]
            ],
            "size": [
                0.09126,
                0.11887,
                0.10009
            ]
        },
        "distance": 0.0
    },
    {
        "case": 2,
        "collider1": {
            "type": "Box",
            "collider2origin": [
                [
                    1.0,
                    0.0,
                    0.0,
                    -0.06
                ],
                [
                    0.0,
                    1.0,
                    0.0,
                    -0.37086
                ],
                [
                    0.0,
                    0.0,
                    1.0,
                    -0.40301
                ],
                [
                    0.0,
                    0.0,
                    0.0,
                    1.0
                ]
            ],
            "size": [
                0.1,
                1.0,
                1.64
            ]
        },
        "collider2": {
            "type": "Box",
            "collider2origin": [
                [
                    0.40044615300818376,
                    0.169176425758783,
                    -0.9005677184467745,
                    0.15597957598706758
                ],
                [
                    -0.06873481470679527,
                    0.9855857836650889,
                    0.15458391987685943,
                    -0.8062148163555547
                ],
                [
                    0.9137386955733945,
                    -2.1807732532467333e-06,
                    0.40630234580552865,
                    -0.19262466049722127
                ],
                [
                    0.0,
                    0.0,
                    0.0,
                    1.0
                ]
            ],
            "size": [
                0.1202,
                0.13634,
                0.67816
            ]
        },
        "distance": 0.0
    }
]