[
    {
        "case": 0,
        "collider1": {
            "type": "Box",
            "collider2origin": [
                [
                    1.0,
                    0.0,
                    0.0,
                    -0.06
                ],
                [
                    0.0,
                    1.0,
                    0.0,
                    -0.37086
                ],
                [
                    0.0,
                    0.0,
                    1.0,
                    -0.40301
                ],
                [
                    0.0,
                    0.0,
                    0.0,
                    1.0
                ]
            ],
            "size": [
                0.1,
                1.0,
                1.64
            ]
        },
        "collider2": {
            "type": "Cylinder",
            "collider2origin": [
                [
                    -0.006100144611032584,
                    -0.2001162990714325,
                    0.9797531602815461,
                    -0.07218890315301407
                ],
                [
                    -0.2715599882256077,
                    0.9432831847696154,
                    0.19097645437540045,
                    -0.5031842643663822
                ],
                [
                    -0.9624021825778616,
                    -0.26489677268106615,
                    -0.06009774365584057,
                    0.04383488874087105
                ],
                [
                    0.0,
                    0.0,
                    0.0,
                    1.0
                ]
            ],
            "radius": 0.01271,
            "height": 0.05982
        },
        "distance": 0.0
    },
    {
        "case": 1,
        "collider1": {
            "type": "Box",
            "collider2origin": [
                [
                    1.0,
                    0.0,
                    0.0,
                    -0.06
                ],
                [
                    0.0,
                    1.0,
                    0.0,
                    -0.37086
                ],
                [
                    0.0,
                    0.0,
                    1.0,
                    -0.40301
                ],
                [
                    0.0,
                    0.0,
                    0.0,
                    1.0
                ]
            ],
            "size": [
                0.1,
                1.0,
                1.64
            ]
        },
        "collider2": {
            "type": "Box",
            "collider2origin": [
                [
                    -0.3985874195358116,
                    -0.673106681711354,
                    0.6229409795665335,
                    0.046978740487456094
                ],
                [
                    0.3627774978360395,
                    -0.7395453975468049,
                    -0.5669789167430833,
                    -0.3488872384732986
                ],
                [
                    0.8423304316309632,
                    -1.693489156893799e-06,
                    0.5389614494057315,
                    -0.08188060192302404
                ],
                [
                    0.0,
                    0.0,
                    0.0,
                    1.0
                ]
            ],
            "size": [
                0.09102,
                0.10007,
                0.11882
            ]
        },
        "distance": 0.0
    },
    {
        "case": 2,
        "collider1": {
            "type": "Box",
            "collider2origin": [
                [
                    1.0,
                    0.0,
                    0.0,
                    -0.06
                ],
                [
                    0.0,
                    1.0,
                    0.0,
                    -0.37086
                ],
                [
                    0.0,
                    0.0,
                    1.0,
                    -0.40301
                ],
                [
                    0.0,
                    0.0,
                    0.0,
                    1.0
                ]
            ],
            "size": [
                0.1,
                1.0,
                1.64
            ]
        },
        "collider2": {
            "type": "Sphere",
            "collider2origin": [
                [
                    1.0,
                    0.0,
                    0.0,
                    -0.11115700246436755
                ],
                [
                    0.0,
                    1.0,
                    0.0,
                    -0.46819929876118105
                ],
                [
                    0.0,
                    0.0,
                    1.0,
                    0.11957570094776004
                ],
                [
                    0.0,
                    0.0,
                    0.0,
                    1.0
                ]
            ],
            "radius": 0.00484
        },
        "distance": 0.0
    },
    {
        "case": 3,
        "collider1": {
            "type": "Box",
            "collider2origin": [
                [
                    1.0,
                    0.0,
                    0.0,
                    -0.06
                ],
                [
                    0.0,
                    1.0,
                    0.0,
                    -0.37086
                ],
                [
                    0.0,
                    0.0,
                    1.0,
                    -0.40301
                ],
                [
                    0.0,
                    0.0,
                    0.0,
                    1.0
                ]
            ],
            "size": [
                0.1,
                1.0,
                1.64
            ]
        },
        "collider2": {
            "type": "Cylinder",
            "collider2origin": [
                [
                    -0.045386900914068655,
                    -0.27691632422837537,
                    0.9598215347663658,
                    -0.08686386529552159
                ],
                [
                    -0.23535170906803707,
                    0.936730302887336,
                    0.2591252837747663,
                    -0.504256409173873
                ],
                [
                    -0.9708499380770286,
                    -0.2141347450285554,
                    -0.10768801561634019,
                    0.04569179251536992
                ],
                [
                    0.0,
                    0.0,
                    0.0,
                    1.0
                ]
            ],
            "radius": 0.01169,
            "height": 0.05502
        },
        "distance": 0.0
    },
    {
        "case": 4,
        "collider1": {
            "type": "Box",
            "collider2origin": [
                [
                    1.0,
                    0.0,
                    0.0,
                    -0.06
                ],
                [
                    0.0,
                    1.0,
                    0.0,
                    -0.37086
                ],
                [
                    0.0,
                    0.0,
                    1.0,
                    -0.40301
                ],
                [
                    0.0,
                    0.0,
                    0.0,
                    1.0
                ]
            ],
            "size": [
                0.1,
                1.0,
                1.64
            ]
        },
        "collider2": {
            "type": "Cylinder",
            "collider2origin": [
                [
                    0.04615776182049712,
                    0.6459737415316202,
                    0.7619628509811756,
                    -0.10896148670435246
                ],
                [
                    -0.843801450528397,
                    0.4334791500494587,
                    -0.3163778414468546,
                    -0.5057436075617296
                ],
                [
                    -0.534666786989705,
                    -0.6283420658558817,
                    0.5650820074697716,
                    0.09073465964054872
                ],
                [
                    0.0,
                    0.0,
                    0.0,
                    1.0
                ]
            ],
            "radius": 0.00813,
            "height": 0.03824
        },
        "distance": 0.0
    },
    {
        "case": 5,
        "collider1": {
            "type": "Box",
            "collider2origin": [
                [
                    1.0,
                    0.0,
                    0.0,
                    -0.06
                ],
                [
                    0.0,
                    1.0,
                    0.0,
                    -0.37086
                ],
                [
                    0.0,
                    0.0,
                    1.0,
                    -0.40301
                ],
                [
                    0.0,
                    0.0,
                    0.0,
                    1.0
                ]
            ],
            "size": [
                0.1,
                1.0,
                1.64
            ]
        },
        "collider2": {
            "type": "Cylinder",
            "collider2origin": [
                [
                    -0.05660568728992375,
                    -0.39376321646498963,
                    0.9174673430294836,
                    -0.07266428939981306
                ],
                [
                    -0.910118366337501,
                    0.3981485291075867,
                    0.11472710239791993,
                    -0.5019148488340024
                ],
                [
                    -0.4104635859873483,
                    -0.8285096729239854,
                    -0.38090860642652374,
                    0.12961898975167463
                ],
                [
                    0.0,
                    0.0,
                    0.0,
                    1.0
                ]
            ],
            "radius": 0.00783,
            "height": 0.03683
        },
        "distance": 0.0
    },
    {
        "case": 6,
        "collider1": {
            "type": "Box",
            "collider2origin": [
                [
                    1.0,
                    0.0,
                    0.0,
                    -0.06
                ],
                [
                    0.0,
                    1.0,
                    0.0,
                    -0.37086
                ],
                [
                    0.0,
                    0.0,
                    1.0,
                    -0.40301
                ],
                [
                    0.0,
                    0.0,
                    0.0,
                    1.0
                ]
            ],
            "size": [
                0.1,
                1.0,
                1.64
            ]
        },
        "collider2": {
            "type": "Cylinder",
            "collider2origin": [
                [
                    -0.05931164083812031,
                    0.14308617673588647,
                    0.9879314122388234,
                    -0.10800271852366139
                ],
                [
                    -0.9072025669072878,
                    0.4051918624728007,
                    -0.11315059514934105,
                    -0.5019897893729718
                ],
                [
                    -0.41649205497574265,
                    -0.9029650605715199,
                    0.10577555260623003,
                    0.1346584749410944
                ],
                [
                    0.0,
                    0.0,
                    0.0,
                    1.0
                ]
            ],
            "radius": 0.0076,
            "height": 0.02993
        },
        "distance": 0.0
    },
    {
        "case": 7,
        "collider1": {
            "type": "Box",
            "collider2origin": [
                [
                    1.0,
                    0.0,
                    0.0,
                    -0.06
                ],
                [
                    0.0,
                    1.0,
                    0.0,
                    -0.37086
                ],
                [
                    0.0,
                    0.0,
                    1.0,
                    -0.40301
                ],
                [
                    0.0,
                    0.0,
                    0.0,
                    1.0
                ]
            ],
            "size": [
                0.1,
                1.0,
                1.64
            ]
        },
        "collider2": {
            "type": "Cylinder",
            "collider2origin": [
                [
                    -0.17709825915767582,
                    0.2786569604467737,
                    0.9439208150040369,
                    -0.09807875389058451
                ],
                [
                    -0.9465559071369469,
                    0.21446726520072895,
                    -0.2409060124228353,
                    -0.4728384733651786
                ],
                [
                    -0.26957025293505926,
                    -0.9361378587322942,
                    0.22578261266236355,
                    0.123788559031766
                ],
                [
                    0.0,
                    0.0,
                    0.0,
                    1.0
                ]
            ],
            "radius": 0.0076,
            "height": 0.02993
        },
        "distance": 0.0
    },
    {
        "case": 8,
        "collider1": {
            "type": "Box",
            "collider2origin": [
                [
                    1.0,
                    0.0,
                    0.0,
                    -0.06
                ],
                [
                    0.0,
                    1.0,
                    0.0,
                    -0.37086
                ],
                [
                    0.0,
                    0.0,
                    1.0,
                    -0.40301
                ],
                [
                    0.0,
                    0.0,
                    0.0,
                    1.0
                ]
            ],
            "size": [
                0.1,
                1.0,
                1.64
            ]
        },
        "collider2": {
            "type": "Sphere",
            "collider2origin": [
                [
                    1.0,
                    0.0,
                    0.0,
                    -0.1085868476898666
                ],
                [
                    0.0,
                    1.0,
                    0.0,
                    -0.5100393806137501
                ],
                [
                    0.0,
                    0.0,
                    1.0,
                    0.048723652871740075
                ],
                [
                    0.0,
                    0.0,
                    0.0,
                    1.0
                ]
            ],
            "radius": 0.01051
        },
        "distance": 0.0
    },
    {
        "case": 9,
        "collider1": {
            "type": "Box",
            "collider2origin": [
                [
                    1.0,
                    0.0,
                    0.0,
                    -0.06
                ],
                [
                    0.0,
                    1.0,
                    0.0,
                    -0.37086
                ],
                [
                    0.0,
                    0.0,
                    1.0,
                    -0.40301
                ],
                [
                    0.0,
                    0.0,
                    0.0,
                    1.0
                ]
            ],
            "size": [
                0.1,
                1.0,
                1.64
            ]
        },
        "collider2": {
            "type": "Cylinder",
            "collider2origin": [
                [
                    0.09598020480569863,
                    -0.0009554012427358963,
                    0.9953827844070443,
                    -0.10457846249243707
                ],
                [
                    -0.7667200012237023,
                    0.637639186514485,
                    0.07454332662734425,
                    -0.5508158359276976
                ],
                [
                    -0.6347662877067285,
                    -0.7703345734352123,
                    0.06046821447179944,
                    0.10918110094052791
                ],
                [
                    0.0,
                    0.0,
                    0.0,
                    1.0
                ]
            ],
            "radius": 0.00796,
            "height": 0.03037
        },
        "distance": 0.0
    },
    {
        "case": 10,
        "collider1": {
            "type": "Box",
            "collider2origin": [
                [
                    1.0,
                    0.0,
                    0.0,
                    -0.06
                ],
                [
                    0.0,
                    1.0,
                    0.0,
                    -0.37086
                ],
                [
                    0.0,
                    0.0,
                    1.0,
                    -0.40301
                ],
                [
                    0.0,
                    0.0,
                    0.0,
                    1.0
                ]
            ],
            "size": [
                0.1,
                1.0,
                1.64
            ]
        },
        "collider2": {
            "type": "Box",
            "collider2origin": [
                [
                    -0.14435493009106912,
                    -0.5897802325240988,
                    -0.7945570662213142,
                    -0.006304189791350279
                ],
                [
                    -0.7925790585668275,
                    -0.4118274500143115,
                    0.44968498678078,
                    -0.47805981518045193
                ],
                [
                    -0.5924357265389412,
                    0.6946635363530528,
                    -0.4079981386988757,
                    0.06451009435068089
                ],
                [
                    0.0,
                    0.0,
                    0.0,
                    1.0
                ]
            ],
            "size": [
                0.06241,
                0.05638,
                0.02858
            ]
        },
        "distance": 0.0
    },
    {
        "case": 11,
        "collider1": {
            "type": "Box",
            "collider2origin": [
                [
                    1.0,
                    0.0,
                    0.0,
                    -0.06
                ],
                [
                    0.0,
                    1.0,
                    0.0,
                    -0.37086
                ],
                [
                    0.0,
                    0.0,
                    1.0,
                    -0.40301
                ],
                [
                    0.0,
                    0.0,
                    0.0,
                    1.0
                ]
            ],
            "size": [
                0.1,
                1.0,
                1.64
            ]
        },
        "collider2": {
            "type": "Cylinder",
            "collider2origin": [
                [
                    -0.1752533337080948,
                    -0.11056523681505295,
                    0.9782952506438072,
                    -0.07253904481285489
                ],
                [
                    -0.9487603147963657,
                    0.28435563963602367,
                    -0.13782501686808651,
                    -0.4777324039258345
                ],
                [
                    -0.2629451161206454,
                    -0.9523220036391149,
                    -0.15473418269109548,
                    0.12528752664062193
                ],
                [
                    0.0,
                    0.0,
                    0.0,
                    1.0
                ]
            ],
            "radius": 0.00783,
            "height": 0.03044
        },
        "distance": 0.0
    },
    {
        "case": 12,
        "collider1": {
            "type": "Box",
            "collider2origin": [
                [
                    1.0,
                    0.0,
                    0.0,
                    0.205
                ],
                [
                    0.0,
                    1.0,
                    0.0,
                    -0.17586
                ],
                [
                    0.0,
                    0.0,
                    1.0,
                    -0.10301
                ],
                [
                    0.0,
                    0.0,
                    0.0,
                    1.0
                ]
            ],
            "size": [
                0.05,
                0.05,
                1.2
            ]
        },
        "collider2": {
            "type": "Box",
            "collider2origin": [
                [
                    -0.2326358286404043,
                    -0.6731115484845577,
                    -0.7019981584943888,
                    0.3254498087000224
                ],
                [
                    0.21174249912327175,
                    -0.7395409679594375,
                    0.6389399586617269,
                    -0.45122205888072753
                ],
                [
                    -0.9492342626021373,
                    -2.517724800042207e-06,
                    0.3145700473596259,
                    -0.17486631370279704
                ],
                [
                    0.0,
                    0.0,
                    0.0,
                    1.0
                ]
            ],
            "size": [
                0.1202,
                0.13634,
                0.67816
            ]
        },
        "distance": 0.01907912435274693
    },
    {
        "case": 13,
        "collider1": {
            "type": "Box",
            "collider2origin": [
                [
                    1.0,
                    0.0,
                    0.0,
                    -0.06
                ],
                [
                    0.0,
                    1.0,
                    0.0,
                    -0.37086
                ],
                [
                    0.0,
                    0.0,
                    1.0,
                    -0.40301
                ],
                [
                    0.0,
                    0.0,
                    0.0,
                    1.0
                ]
            ],
            "size": [
                0.1,
                1.0,
                1.64
            ]
        },
        "collider2": {
            "type": "Cylinder",
            "collider2origin": [
                [
                    0.09598020480569863,
                    -0.4944478020663446,
                    0.8638918747836539,
                    -0.07818757815400224
                ],
                [
                    -0.7667200012237023,
                    0.5167433962589495,
                    0.380941861897969,
                    -0.5454248472218648
                ],
                [
                    -0.6347662877067285,
                    -0.698926057215301,
                    -0.3295058824004385,
                    0.10665443028352906
                ],
                [
                    0.0,
                    0.0,
                    0.0,
                    1.0
                ]
            ],
            "radius": 0.00713,
            "height": 0.01426
        },
        "distance": 0.0
    },
    {
        "case": 14,
        "collider1": {
            "type": "Box",
            "collider2origin": [
                [
                    1.0,
                    0.0,
                    0.0,
                    -0.06
                ],
                [
                    0.0,
                    1.0,
                    0.0,
                    -0.37086
                ],
                [
                    0.0,
                    0.0,
                    1.0,
                    -0.40301
                ],
                [
                    0.0,
                    0.0,
                    0.0,
                    1.0
                ]
            ],
            "size": [
                0.1,
                1.0,
                1.64
            ]
        },
        "collider2": {
            "type": "Cylinder",
            "collider2origin": [
                [
                    0.04615776182049712,
                    0.18308416526925472,
                    0.9820130597152881,
                    -0.08245239222670864
                ],
                [
                    -0.843801450528397,
                    0.5333167791794499,
                    -0.05976893115850641,
                    -0.5118194061685593
                ],
                [
                    -0.534666786989705,
                    -0.8258652441369094,
                    0.17910339309121784,
                    0.10261196073400436
                ],
                [
                    0.0,
                    0.0,
                    0.0,
                    1.0
                ]
            ],
            "radius": 0.00683,
            "height": 0.01183
        },
        "distance": 0.0
    },
    {
        "case": 15,
        "collider1": {
            "type": "Box",
            "collider2origin": [
                [
                    1.0,
                    0.0,
                    0.0,
                    -0.06
                ],
                [
                    0.0,
                    1.0,
                    0.0,
                    -0.37086
                ],
                [
                    0.0,
                    0.0,
                    1.0,
                    -0.40301
                ],
                [
                    0.0,
                    0.0,
                    0.0,
                    1.0
                ]
            ],
            "size": [
                0.1,
                1.0,
                1.64
            ]
        },
        "collider2": {
            "type": "Cylinder",
            "collider2origin": [
                [
                    0.04615776182049712,
                    0.18308416526925472,
                    0.9820130597152881,
                    -0.06642497716011575
                ],
                [
                    -0.843801450528397,
                    0.5333167791794499,
                    -0.05976893115850641,
                    -0.5127920663598409
                ],
                [
                    -0.534666786989705,
                    -0.8258652441369094,
                    0.17910339309121784,
                    0.10553064167501991
                ],
                [
                    0.0,
                    0.0,
                    0.0,
                    1.0
                ]
            ],
            "radius": 0.00683,
            "height": 0.01782
        },
        "distance": 0.0
    },
    {
        "case": 16,
        "collider1": {
            "type": "Box",
            "collider2origin": [
                [
                    1.0,
                    0.0,
                    0.0,
                    -0.06
                ],
                [
                    0.0,
                    1.0,
                    0.0,
                    -0.37086
                ],
                [
                    0.0,
                    0.0,
                    1.0,
                    -0.40301
                ],
                [
                    0.0,
                    0.0,
                    0.0,
                    1.0
                ]
            ],
            "size": [
                0.1,
                1.0,
                1.64
            ]
        },
        "collider2": {
            "type": "Box",
            "collider2origin": [
                [
                    0.025343119669356692,
                    -0.589776655075087,
                    -0.8071686462034225,
                    -0.03463172420222427
                ],
                [
                    -0.8692096450015183,
                    -0.4118312690528545,
                    0.273623096369166,
                    -0.5012954358184202
                ],
                [
                    -0.4937938024335253,
                    0.6946643095472492,
                    -0.5230766461231887,
                    0.1003995416544381
                ],
                [
                    0.0,
                    0.0,
                    0.0,
                    1.0
                ]
            ],
            "size": [
                0.07264,
                0.04753,
                0.03326
            ]
        },
        "distance": 0.0
    },
    {
        "case": 17,
        "collider1": {
            "type": "Box",
            "collider2origin": [
                [
                    1.0,
                    0.0,
                    0.0,
                    -0.06
                ],
                [
                    0.0,
                    1.0,
                    0.0,
                    -0.37086
                ],
                [
                    0.0,
                    0.0,
                    1.0,
                    -0.40301
                ],
                [
                    0.0,
                    0.0,
                    0.0,
                    1.0
                ]
            ],
            "size": [
                0.1,
                1.0,
                1.64
            ]
        },
        "collider2": {
            "type": "Cylinder",
            "collider2origin": [
                [
                    0.12561309036184443,
                    -0.4841853703311389,
                    0.865901771962065,
                    -0.06478821091859999
                ],
                [
                    -0.7715279247083907,
                    0.5010192308053897,
                    0.392077022737037,
                    -0.5396388029713846
                ],
                [
                    -0.6236713981937205,
                    -0.7173174036090808,
                    -0.31062796003356785,
                    0.1014774804904981
                ],
                [
                    0.0,
                    0.0,
                    0.0,
                    1.0
                ]
            ],
            "radius": 0.00713,
            "height": 0.01697
        },
        "distance": 0.0
    }
]