[
    {
        "case": 0,
        "collider1": {
            "type": "Box",
            "collider2origin": [
                [
                    1.0,
                    0.0,
                    0.0,
                    1.2009999999999998
                ],
                [
                    0.0,
                    1.0,
                    0.0,
                    0.02914
                ],
                [
                    0.0,
                    0.0,
                    1.0,
                    -1.22801
                ],
                [
                    0.0,
                    0.0,
                    0.0,
                    1.0
                ]
            ],
            "size": [
                0.41,
                0.6,
                0.82
            ]
        },
        "collider2": {
            "type": "Box",
            "collider2origin": [
                [
                    0.3780003287790473,
                    -0.925413902872922,
                    -0.026923220692146095,
                    1.1030160053738778
                ],
                [
                    -0.8696858595347432,
                    -0.36490783064192106,
                    0.33239852716509116,
                    -0.26631264347294115
                ],
                [
                    -0.31743071238972265,
                    -0.10223200822498285,
                    -0.9427546655021335,
                    -1.114774886686305
                ],
                [
                    0.0,
                    0.0,
                    0.0,
                    1.0
                ]
            ],
            "size": [
                0.09126,
                0.11887,
                0.10009
            ]
        },
        "distance": 0.0
    },
    {
        "case": 1,
        "collider1": {
            "type": "Box",
            "collider2origin": [
                [
                    1.0,
                    0.0,
                    0.0,
                    1.2009999999999998
                ],
                [
                    0.0,
                    1.0,
                    0.0,
                    0.02914
                ],
                [
                    0.0,
                    0.0,
                    1.0,
                    -1.22801
                ],
                [
                    0.0,
                    0.0,
                    0.0,
                    1.0
                ]
            ],
            "size": [
                0.41,
                0.6,
                0.82
            ]
        },
        "collider2": {
            "type": "Box",
            "collider2origin": [
                [
                    0.2944018358619941,
                    -0.925414680445699,
                    -0.23861103967895542,
                    1.0335568924006122
                ],
                [
                    -0.5224167587798069,
                    -0.3649062208001392,
                    0.7706647651004689,
                    -0.2915308018684013
                ],
                [
                    -0.8002551400566499,
                    -0.10223071572157072,
                    -0.5908811992067157,
                    -1.1265057585695781
                ],
                [
                    0.0,
                    0.0,
                    0.0,
                    1.0
                ]
            ],
            "size": [
                0.08993,
                0.0305,
                0.09007
            ]
        },
        "distance": 0.0
    },
    {
        "case": 2,
        "collider1": {
            "type": "Box",
            "collider2origin": [
                [
                    1.0,
                    0.0,
                    0.0,
                    1.2009999999999998
                ],
                [
                    0.0,
                    1.0,
                    0.0,
                    0.02914
                ],
                [
                    0.0,
                    0.0,
                    1.0,
                    -1.22801
                ],
                [
                    0.0,
                    0.0,
                    0.0,
                    1.0
                ]
            ],
            "size": [
                0.41,
                0.6,
                0.82
            ]
        },
        "collider2": {
            "type": "Box",
            "collider2origin": [
                [
                    -0.0760895388810113,
                    0.9967374389780073,
                    -0.026923220692146095,
                    1.1039878419566675
                ],
                [
                    0.9396790630049386,
                    0.08071231435560805,
                    0.33239852716509116,
                    -0.3023379367093567
                ],
                [
                    0.33348709213856437,
                    -7.1361363519209455e-06,
                    -0.9427546655021335,
                    -1.0115146541370872
                ],
                [
                    0.0,
                    0.0,
                    0.0,
                    1.0
                ]
            ],
            "size": [
                0.09102,
                0.10007,
                0.11882
            ]
        },
        "distance": 0.0
    },
    {
        "case": 3,
        "collider1": {
            "type": "Box",
            "collider2origin": [
                [
                    1.0,
                    0.0,
                    0.0,
                    1.2009999999999998
                ],
                [
                    0.0,
                    1.0,
                    0.0,
                    0.02914
                ],
                [
                    0.0,
                    0.0,
                    1.0,
                    -1.22801
                ],
                [
                    0.0,
                    0.0,
                    0.0,
                    1.0
                ]
            ],
            "size": [
                0.41,
                0.6,
                0.82
            ]
        },
        "collider2": {
            "type": "Box",
            "collider2origin": [
                [
                    -0.004964709463964409,
                    0.9967372419520811,
                    -0.08056191510693156,
                    1.0161630712000975
                ],
                [
                    0.061356850942640546,
                    0.08071474766455848,
                    0.994846956245959,
                    -0.6024414077001246
                ],
                [
                    0.9981035459822495,
                    -3.899317999163251e-06,
                    -0.06155738365504422,
                    -0.9911075332267565
                ],
                [
                    0.0,
                    0.0,
                    0.0,
                    1.0
                ]
            ],
            "size": [
                0.1202,
                0.13634,
                0.67816
            ]
        },
        "distance": 0.0
    }
]