[
    {
        "case": 0,
        "collider1": {
            "type": "Box",
            "collider2origin": [
                [
                    0.9999999999999999,
                    0.0,
                    6.177235058912196e-23,
                    0.3420001028494408
                ],
                [
                    0.0,
                    1.0,
                    0.0,
                    -0.0028599999999999737
                ],
                [
                    6.177235058912196e-23,
                    0.0,
                    0.9999999999999999,
                    -0.6330101644495814
                ],
                [
                    0.0,
                    0.0,
                    0.0,
                    1.0
                ]
            ],
            "size": [
                0.03,
                0.09,
                0.06
            ]
        },
        "collider2": {
            "type": "Box",
            "collider2origin": [
                [
                    -0.5301114261363541,
                    0.7533756650769411,
                    -0.38911050249197493,
                    0.42109240981946583
                ],
                [
                    0.6073339670419499,
                    0.6575903795113351,
                    0.4457806021477667,
                    -0.09351379318246744
                ],
                [
                    0.5917155806270173,
                    -6.634347662446707e-06,
                    -0.8061468052403463,
                    -0.5343438766271505
                ],
                [
                    0.0,
                    0.0,
                    0.0,
                    1.0
                ]
            ],
            "size": [
                0.09102,
                0.10007,
                0.11882
            ]
        },
        "distance": 0.04123567374195301
    },
    {
        "case": 1,
        "collider1": {
            "type": "Box",
            "collider2origin": [
                [
                    1.0,
                    0.0,
                    0.0,
                    0.44499999999999995
                ],
                [
                    0.0,
                    1.0,
                    0.0,
                    -0.025859999999999994
                ],
                [
                    0.0,
                    0.0,
                    1.0,
                    -0.67801
                ],
                [
                    0.0,
                    0.0,
                    0.0,
                    1.0
                ]
            ],
            "size": [
                0.06,
                0.09,
                0.004
            ]
        },
        "collider2": {
            "type": "Box",
            "collider2origin": [
                [
                    0.12085864732333813,
                    -0.9132284512747155,
                    -0.38911050249197493,
                    0.3794693774098624
                ],
                [
                    -0.842844915502942,
                    -0.3014831722660701,
                    0.4457806021477667,
                    -0.04272208703582758
                ],
                [
                    -0.5244097975610406,
                    0.27408336801559385,
                    -0.8061468052403463,
                    -0.6218119017005189
                ],
                [
                    0.0,
                    0.0,
                    0.0,
                    1.0
                ]
            ],
            "size": [
                0.09126,
                0.11887,
                0.10009
            ]
        },
        "distance": 0.0
    },
    {
        "case": 2,
        "collider1": {
            "type": "Box",
            "collider2origin": [
                [
                    0.9999999999999999,
                    0.0,
                    6.177235058912196e-23,
                    0.2860000183661401
                ],
                [
                    0.0,
                    1.0,
                    0.0,
                    -0.10086
                ],
                [
                    6.177235058912196e-23,
                    0.0,
                    0.9999999999999999,
                    -0.626009937555547
                ],
                [
                    0.0,
                    0.0,
                    0.0,
                    1.0
                ]
            ],
            "size": [
                0.04,
                0.234,
                0.044
            ]
        },
        "collider2": {
            "type": "Box",
            "collider2origin": [
                [
                    0.12085864732333813,
                    -0.9132284512747155,
                    -0.38911050249197493,
                    0.3794693774098624
                ],
                [
                    -0.842844915502942,
                    -0.3014831722660701,
                    0.4457806021477667,
                    -0.04272208703582758
                ],
                [
                    -0.5244097975610406,
                    0.27408336801559385,
                    -0.8061468052403463,
                    -0.6218119017005189
                ],
                [
                    0.0,
                    0.0,
                    0.0,
                    1.0
                ]
            ],
            "size": [
                0.09126,
                0.11887,
                0.10009
            ]
        },
        "distance": 0.0
    },
    {
        "case": 3,
        "collider1": {
            "type": "Box",
            "collider2origin": [
                [
                    0.9999999999999999,
                    0.0,
                    6.177235058912196e-23,
                    0.3420001028494408
                ],
                [
                    0.0,
                    1.0,
                    0.0,
                    -0.0028599999999999737
                ],
                [
                    6.177235058912196e-23,
                    0.0,
                    0.9999999999999999,
                    -0.6330101644495814
                ],
                [
                    0.0,
                    0.0,
                    0.0,
                    1.0
                ]
            ],
            "size": [
                0.03,
                0.09,
                0.06
            ]
        },
        "collider2": {
            "type": "Box",
            "collider2origin": [
                [
                    0.12085864732333813,
                    -0.9132284512747155,
                    -0.38911050249197493,
                    0.3794693774098624
                ],
                [
                    -0.842844915502942,
                    -0.3014831722660701,
                    0.4457806021477667,
                    -0.04272208703582758
                ],
                [
                    -0.5244097975610406,
                    0.27408336801559385,
                    -0.8061468052403463,
                    -0.6218119017005189
                ],
                [
                    0.0,
                    0.0,
                    0.0,
                    1.0
                ]
            ],
            "size": [
                0.09126,
                0.11887,
                0.10009
            ]
        },
        "distance": 0.0
    },
    {
        "case": 4,
        "collider1": {
            "type": "Box",
            "collider2origin": [
                [
                    1.0,
                    0.0,
                    0.0,
                    0.4
                ],
                [
                    0.0,
                    1.0,
                    0.0,
                    0.04114000000000001
                ],
                [
                    0.0,
                    0.0,
                    1.0,
                    -0.66301
                ],
                [
                    0.0,
                    0.0,
                    0.0,
                    1.0
                ]
            ],
            "size": [
                0.03,
                0.03,
                0.03
            ]
        },
        "collider2": {
            "type": "Box",
            "collider2origin": [
                [
                    0.12085864732333813,
                    -0.9132284512747155,
                    -0.38911050249197493,
                    0.3794693774098624
                ],
                [
                    -0.842844915502942,
                    -0.3014831722660701,
                    0.4457806021477667,
                    -0.04272208703582758
                ],
                [
                    -0.5244097975610406,
                    0.27408336801559385,
                    -0.8061468052403463,
                    -0.6218119017005189
                ],
                [
                    0.0,
                    0.0,
                    0.0,
                    1.0
                ]
            ],
            "size": [
                0.09126,
                0.11887,
                0.10009
            ]
        },
        "distance": 0.0
    },
    {
        "case": 5,
        "collider1": {
            "type": "Box",
            "collider2origin": [
                [
                    1.0,
                    0.0,
                    0.0,
                    -0.08500000000000019
                ],
                [
                    0.0,
                    1.0,
                    0.0,
                    -0.03585999999999995
                ],
                [
                    0.0,
                    0.0,
                    1.0,
                    -0.81301
                ],
                [
                    0.0,
                    0.0,
                    0.0,
                    1.0
                ]
            ],
            "size": [
                1.01,
                0.28,
                0.27
            ]
        },
        "collider2": {
            "type": "Box",
            "collider2origin": [
                [
                    0.12085864732333813,
                    -0.9132284512747155,
                    -0.38911050249197493,
                    0.3794693774098624
                ],
                [
                    -0.842844915502942,
                    -0.3014831722660701,
                    0.4457806021477667,
                    -0.04272208703582758
                ],
                [
                    -0.5244097975610406,
                    0.27408336801559385,
                    -0.8061468052403463,
                    -0.6218119017005189
                ],
                [
                    0.0,
                    0.0,
                    0.0,
                    1.0
                ]
            ],
            "size": [
                0.09126,
                0.11887,
                0.10009
            ]
        },
        "distance": 0.0
    },
    {
        "case": 6,
        "collider1": {
            "type": "Box",
            "collider2origin": [
                [
                    0.9999999999999999,
                    0.0,
                    6.177235058912196e-23,
                    0.2860000183661401
                ],
                [
                    0.0,
                    1.0,
                    0.0,
                    -0.10086
                ],
                [
                    6.177235058912196e-23,
                    0.0,
                    0.9999999999999999,
                    -0.626009937555547
                ],
                [
                    0.0,
                    0.0,
                    0.0,
                    1.0
                ]
            ],
            "size": [
                0.04,
                0.234,
                0.044
            ]
        },
        "collider2": {
            "type": "Box",
            "collider2origin": [
                [
                    -0.4963979270050523,
                    -0.8416549193959723,
                    -0.21261724935114187,
                    0.23336442841455418
                ],
                [
                    0.6418468123132013,
                    -0.5207510254831494,
                    0.5628952291338327,
                    -0.09247670620460058
                ],
                [
                    -0.5844841893400272,
                    0.14295232112423706,
                    0.7987132566176197,
                    -0.5859011201833335
                ],
                [
                    0.0,
                    0.0,
                    0.0,
                    1.0
                ]
            ],
            "size": [
                0.06241,
                0.05638,
                0.02858
            ]
        },
        "distance": 0.006200330197467072
    },
    {
        "case": 7,
        "collider1": {
            "type": "Box",
            "collider2origin": [
                [
                    0.9999999999999999,
                    0.0,
                    6.177235058912196e-23,
                    0.2860000183661401
                ],
                [
                    0.0,
                    1.0,
                    0.0,
                    -0.10086
                ],
                [
                    6.177235058912196e-23,
                    0.0,
                    0.9999999999999999,
                    -0.626009937555547
                ],
                [
                    0.0,
                    0.0,
                    0.0,
                    1.0
                ]
            ],
            "size": [
                0.04,
                0.234,
                0.044
            ]
        },
        "collider2": {
            "type": "Box",
            "collider2origin": [
                [
                    0.07340783007627077,
                    -0.9132284941410044,
                    -0.400780498493186,
                    0.3094156037942065
                ],
                [
                    -0.7834184635179492,
                    -0.30148281341941396,
                    0.5434736647086871,
                    -0.0629968142246996
                ],
                [
                    -0.6171440686765686,
                    0.2740836199076261,
                    -0.7375712628591644,
                    -0.6050563602039066
                ],
                [
                    0.0,
                    0.0,
                    0.0,
                    1.0
                ]
            ],
            "size": [
                0.08993,
                0.0305,
                0.09007
            ]
        },
        "distance": 0.0
    },
    {
        "case": 8,
        "collider1": {
            "type": "Cylinder",
            "collider2origin": [
                [
                    0.9999999999999999,
                    0.0,
                    6.177235058912196e-23,
                    0.2850002314120429
                ],
                [
                    0.0,
                    1.0,
                    0.0,
                    -0.0028599999999999737
                ],
                [
                    6.177235058912196e-23,
                    0.0,
                    0.9999999999999999,
                    -0.5680099338827331
                ],
                [
                    0.0,
                    0.0,
                    0.0,
                    1.0
                ]
            ],
            "radius": 0.015,
            "height": 0.14
        },
        "collider2": {
            "type": "Box",
            "collider2origin": [
                [
                    0.07340783007627077,
                    -0.9132284941410044,
                    -0.400780498493186,
                    0.3094156037942065
                ],
                [
                    -0.7834184635179492,
                    -0.30148281341941396,
                    0.5434736647086871,
                    -0.0629968142246996
                ],
                [
                    -0.6171440686765686,
                    0.2740836199076261,
                    -0.7375712628591644,
                    -0.6050563602039066
                ],
                [
                    0.0,
                    0.0,
                    0.0,
                    1.0
                ]
            ],
            "size": [
                0.08993,
                0.0305,
                0.09007
            ]
        },
        "distance": 0.0
    },
    {
        "case": 9,
        "collider1": {
            "type": "Box",
            "collider2origin": [
                [
                    0.9999999999999999,
                    0.0,
                    6.177235058912196e-23,
                    0.3420001028494408
                ],
                [
                    0.0,
                    1.0,
                    0.0,
                    -0.0028599999999999737
                ],
                [
                    6.177235058912196e-23,
                    0.0,
                    0.9999999999999999,
                    -0.6330101644495814
                ],
                [
                    0.0,
                    0.0,
                    0.0,
                    1.0
                ]
            ],
            "size": [
                0.03,
                0.09,
                0.06
            ]
        },
        "collider2": {
            "type": "Box",
            "collider2origin": [
                [
                    0.07340783007627077,
                    -0.9132284941410044,
                    -0.400780498493186,
                    0.3094156037942065
                ],
                [
                    -0.7834184635179492,
                    -0.30148281341941396,
                    0.5434736647086871,
                    -0.0629968142246996
                ],
                [
                    -0.6171440686765686,
                    0.2740836199076261,
                    -0.7375712628591644,
                    -0.6050563602039066
                ],
                [
                    0.0,
                    0.0,
                    0.0,
                    1.0
                ]
            ],
            "size": [
                0.08993,
                0.0305,
                0.09007
            ]
        },
        "distance": 0.004811326191719919
    },
    {
        "case": 10,
        "collider1": {
            "type": "Box",
            "collider2origin": [
                [
                    1.0,
                    0.0,
                    0.0,
                    0.205
                ],
                [
                    0.0,
                    1.0,
                    0.0,
                    -0.17586
                ],
                [
                    0.0,
                    0.0,
                    1.0,
                    -0.10301
                ],
                [
                    0.0,
                    0.0,
                    0.0,
                    1.0
                ]
            ],
            "size": [
                0.05,
                0.05,
                1.2
            ]
        },
        "collider2": {
            "type": "Box",
            "collider2origin": [
                [
                    -0.4408235218403516,
                    -0.8416549016154142,
                    -0.31191609317092944,
                    0.19019792472107855
                ],
                [
                    0.5096502812915721,
                    -0.5207524524403543,
                    0.6848893881910987,
                    -0.11979936899686627
                ],
                [
                    -0.7388715811097964,
                    0.14294722754955155,
                    0.6585095874504836,
                    -0.5813711359867484
                ],
                [
                    0.0,
                    0.0,
                    0.0,
                    1.0
                ]
            ],
            "size": [
                0.07264,
                0.04753,
                0.03326
            ]
        },
        "distance": 0.0
    },
    {
        "case": 11,
        "collider1": {
            "type": "Cylinder",
            "collider2origin": [
                [
                    1.0,
                    0.0,
                    0.0,
                    0.4849999999999999
                ],
                [
                    0.0,
                    -3.673205103346574e-06,
                    -0.9999999999932537,
                    -0.46086
                ],
                [
                    0.0,
                    0.9999999999932537,
                    -3.673205103346574e-06,
                    -0.70001
                ],
                [
                    0.0,
                    0.0,
                    0.0,
                    1.0
                ]
            ],
            "radius": 0.026,
            "height": 0.272
        },
        "collider2": {
            "type": "Box",
            "collider2origin": [
                [
                    0.1953313845190346,
                    0.7533747879141585,
                    -0.6279108847258293,
                    0.5210755282570477
                ],
                [
                    -0.2237792013073143,
                    0.6575913844695879,
                    0.7193722542144858,
                    -0.3780157773665954
                ],
                [
                    0.9548657074605504,
                    -2.582124179260765e-06,
                    0.29703784390073107,
                    -0.6189133841505398
                ],
                [
                    0.0,
                    0.0,
                    0.0,
                    1.0
                ]
            ],
            "size": [
                0.1202,
                0.13634,
                0.67816
            ]
        },
        "distance": 0.0
    },
    {
        "case": 12,
        "collider1": {
            "type": "Box",
            "collider2origin": [
                [
                    1.0,
                    0.0,
                    0.0,
                    0.246
                ],
                [
                    0.0,
                    1.0,
                    0.0,
                    -0.24786000000000002
                ],
                [
                    0.0,
                    0.0,
                    1.0,
                    -0.71801
                ],
                [
                    0.0,
                    0.0,
                    0.0,
                    1.0
                ]
            ],
            "size": [
                0.12,
                0.16,
                0.08
            ]
        },
        "collider2": {
            "type": "Box",
            "collider2origin": [
                [
                    0.1953313845190346,
                    0.7533747879141585,
                    -0.6279108847258293,
                    0.5210755282570477
                ],
                [
                    -0.2237792013073143,
                    0.6575913844695879,
                    0.7193722542144858,
                    -0.3780157773665954
                ],
                [
                    0.9548657074605504,
                    -2.582124179260765e-06,
                    0.29703784390073107,
                    -0.6189133841505398
                ],
                [
                    0.0,
                    0.0,
                    0.0,
                    1.0
                ]
            ],
            "size": [
                0.1202,
                0.13634,
                0.67816
            ]
        },
        "distance": 0.06653478497429646
    },
    {
        "case": 13,
        "collider1": {
            "type": "Box",
            "collider2origin": [
                [
                    1.0,
                    0.0,
                    0.0,
                    0.28600000000000003
                ],
                [
                    0.0,
                    1.0,
                    0.0,
                    -0.19785999999999998
                ],
                [
                    0.0,
                    0.0,
                    1.0,
                    -0.70601
                ],
                [
                    0.0,
                    0.0,
                    0.0,
                    1.0
                ]
            ],
            "size": [
                0.04,
                0.04,
                0.12
            ]
        },
        "collider2": {
            "type": "Box",
            "collider2origin": [
                [
                    0.1953313845190346,
                    0.7533747879141585,
                    -0.6279108847258293,
                    0.5210755282570477
                ],
                [
                    -0.2237792013073143,
                    0.6575913844695879,
                    0.7193722542144858,
                    -0.3780157773665954
                ],
                [
                    0.9548657074605504,
                    -2.582124179260765e-06,
                    0.29703784390073107,
                    -0.6189133841505398
                ],
                [
                    0.0,
                    0.0,
                    0.0,
                    1.0
                ]
            ],
            "size": [
                0.1202,
                0.13634,
                0.67816
            ]
        },
        "distance": 0.04362416191734227
    },
    {
        "case": 14,
        "collider1": {
            "type": "Box",
            "collider2origin": [
                [
                    0.9999999999999999,
                    0.0,
                    6.177235058912196e-23,
                    0.2860000183661401
                ],
                [
                    0.0,
                    1.0,
                    0.0,
                    -0.10086
                ],
                [
                    6.177235058912196e-23,
                    0.0,
                    0.9999999999999999,
                    -0.626009937555547
                ],
                [
                    0.0,
                    0.0,
                    0.0,
                    1.0
                ]
            ],
            "size": [
                0.04,
                0.234,
                0.044
            ]
        },
        "collider2": {
            "type": "Box",
            "collider2origin": [
                [
                    0.1953313845190346,
                    0.7533747879141585,
                    -0.6279108847258293,
                    0.5210755282570477
                ],
                [
                    -0.2237792013073143,
                    0.6575913844695879,
                    0.7193722542144858,
                    -0.3780157773665954
                ],
                [
                    0.9548657074605504,
                    -2.582124179260765e-06,
                    0.29703784390073107,
                    -0.6189133841505398
                ],
                [
                    0.0,
                    0.0,
                    0.0,
                    1.0
                ]
            ],
            "size": [
                0.1202,
                0.13634,
                0.67816
            ]
        },
        "distance": 0.003519738990448771
    },
    {
        "case": 15,
        "collider1": {
            "type": "Box",
            "collider2origin": [
                [
                    1.0,
                    0.0,
                    0.0,
                    -0.26
                ],
                [
                    0.0,
                    1.0,
                    0.0,
                    -0.4608599999999999
                ],
                [
                    0.0,
                    0.0,
                    1.0,
                    -1.143
                ],
                [
                    0.0,
                    0.0,
                    0.0,
                    1.0
                ]
            ],
            "size": [
                1.48,
                0.272,
                0.945
            ]
        },
        "collider2": {
            "type": "Box",
            "collider2origin": [
                [
                    0.1953313845190346,
                    0.7533747879141585,
                    -0.6279108847258293,
                    0.5210755282570477
                ],
                [
                    -0.2237792013073143,
                    0.6575913844695879,
                    0.7193722542144858,
                    -0.3780157773665954
                ],
                [
                    0.9548657074605504,
                    -2.582124179260765e-06,
                    0.29703784390073107,
                    -0.6189133841505398
                ],
                [
                    0.0,
                    0.0,
                    0.0,
                    1.0
                ]
            ],
            "size": [
                0.1202,
                0.13634,
                0.67816
            ]
        },
        "distance": 0.0
    },
    {
        "case": 16,
        "collider1": {
            "type": "Box",
            "collider2origin": [
                [
                    1.0,
                    0.0,
                    0.0,
                    -0.08500000000000019
                ],
                [
                    0.0,
                    1.0,
                    0.0,
                    -0.03585999999999995
                ],
                [
                    0.0,
                    0.0,
                    1.0,
                    -0.81301
                ],
                [
                    0.0,
                    0.0,
                    0.0,
                    1.0
                ]
            ],
            "size": [
                1.01,
                0.28,
                0.27
            ]
        },
        "collider2": {
            "type": "Box",
            "collider2origin": [
                [
                    0.1953313845190346,
                    0.7533747879141585,
                    -0.6279108847258293,
                    0.5210755282570477
                ],
                [
                    -0.2237792013073143,
                    0.6575913844695879,
                    0.7193722542144858,
                    -0.3780157773665954
                ],
                [
                    0.9548657074605504,
                    -2.582124179260765e-06,
                    0.29703784390073107,
                    -0.6189133841505398
                ],
                [
                    0.0,
                    0.0,
                    0.0,
                    1.0
                ]
            ],
            "size": [
                0.1202,
                0.13634,
                0.67816
            ]
        },
        "distance": 0.06131081317581721
    }
]