[
    {
        "case": 0,
        "collider1": {
            "type": "Box",
            "collider2origin": [
                [
                    1.0,
                    0.0,
                    0.0,
                    1.2009999999999998
                ],
                [
                    0.0,
                    1.0,
                    0.0,
                    0.02914
                ],
                [
                    0.0,
                    0.0,
                    1.0,
                    -1.22801
                ],
                [
                    0.0,
                    0.0,
                    0.0,
                    1.0
                ]
            ],
            "size": [
                0.41,
                0.6,
                0.82
            ]
        },
        "collider2": {
            "type": "Box",
            "collider2origin": [
                [
                    -0.1894865635336488,
                    0.9756338504376281,
                    0.11060484673130778,
                    1.2902273983651582
                ],
                [
                    -0.14243297667845364,
                    -0.13876628844377958,
                    0.9800289609731198,
                    0.09085388173393483
                ],
                [
                    0.9714976527993897,
                    0.1699485424232446,
                    0.1652567805976235,
                    -0.8594271669911766
                ],
                [
                    0.0,
                    0.0,
                    0.0,
                    1.0
                ]
            ],
            "size": [
                0.09126,
                0.11887,
                0.10009
            ]
        },
        "distance": 0.0
    },
    {
        "case": 1,
        "collider1": {
            "type": "Box",
            "collider2origin": [
                [
                    1.0,
                    0.0,
                    0.0,
                    1.2009999999999998
                ],
                [
                    0.0,
                    1.0,
                    0.0,
                    0.02914
                ],
                [
                    0.0,
                    0.0,
                    1.0,
                    -1.22801
                ],
                [
                    0.0,
                    0.0,
                    0.0,
                    1.0
                ]
            ],
            "size": [
                0.41,
                0.6,
                0.82
            ]
        },
        "collider2": {
            "type": "Box",
            "collider2origin": [
                [
                    -0.1796310723505622,
                    0.9756329813837604,
                    -0.12598794975084454,
                    1.3633921441167929
                ],
                [
                    -0.9499659061951912,
                    -0.13876886039749212,
                    0.27983563113143906,
                    0.08445154286523393
                ],
                [
                    0.255533666887431,
                    0.16995143135677201,
                    0.9517452684762073,
                    -0.8452489338496985
                ],
                [
                    0.0,
                    0.0,
                    0.0,
                    1.0
                ]
            ],
            "size": [
                0.08993,
                0.0305,
                0.09007
            ]
        },
        "distance": 0.0
    },
    {
        "case": 2,
        "collider1": {
            "type": "Box",
            "collider2origin": [
                [
                    1.0,
                    0.0,
                    0.0,
                    1.2009999999999998
                ],
                [
                    0.0,
                    1.0,
                    0.0,
                    0.02914
                ],
                [
                    0.0,
                    0.0,
                    1.0,
                    -1.22801
                ],
                [
                    0.0,
                    0.0,
                    0.0,
                    1.0
                ]
            ],
            "size": [
                0.41,
                0.6,
                0.82
            ]
        },
        "collider2": {
            "type": "Box",
            "collider2origin": [
                [
                    -0.018529929932667423,
                    0.9936917075110541,
                    0.11060484673130778,
                    1.2720832653382126
                ],
                [
                    -0.16421463162453878,
                    -0.11214629023897388,
                    0.9800289609731198,
                    -0.01552618223287272
                ],
                [
                    0.9862505748830301,
                    -3.0661830535134432e-06,
                    0.1652567805976235,
                    -0.8781108951780211
                ],
                [
                    0.0,
                    0.0,
                    0.0,
                    1.0
                ]
            ],
            "size": [
                0.09102,
                0.10007,
                0.11882
            ]
        },
        "distance": 0.0
    },
    {
        "case": 3,
        "collider1": {
            "type": "Box",
            "collider2origin": [
                [
                    1.0,
                    0.0,
                    0.0,
                    1.2009999999999998
                ],
                [
                    0.0,
                    1.0,
                    0.0,
                    0.02914
                ],
                [
                    0.0,
                    0.0,
                    1.0,
                    -1.22801
                ],
                [
                    0.0,
                    0.0,
                    0.0,
                    1.0
                ]
            ],
            "size": [
                0.41,
                0.6,
                0.82
            ]
        },
        "collider2": {
            "type": "Box",
            "collider2origin": [
                [
                    0.07979451271230915,
                    0.9936915906950784,
                    0.07880265428835256,
                    1.1377281240710753
                ],
                [
                    0.7069871571691797,
                    -0.11214732516811586,
                    0.6982779797870461,
                    -0.20944787919777796
                ],
                [
                    0.7027104633765223,
                    -6.286602134963985e-06,
                    -0.7114759339722123,
                    -0.6707042531109575
                ],
                [
                    0.0,
                    0.0,
                    0.0,
                    1.0
                ]
            ],
            "size": [
                0.1202,
                0.13634,
                0.67816
            ]
        },
        "distance": 0.0
    },
    {
        "case": 4,
        "collider1": {
            "type": "Box",
            "collider2origin": [
                [
                    1.0,
                    0.0,
                    0.0,
                    1.23
                ],
                [
                    0.0,
                    1.0,
                    0.0,
                    -0.23086
                ],
                [
                    0.0,
                    0.0,
                    1.0,
                    -0.54301
                ],
                [
                    0.0,
                    0.0,
                    0.0,
                    1.0
                ]
            ],
            "size": [
                0.1,
                0.16,
                0.1
            ]
        },
        "collider2": {
            "type": "Box",
            "collider2origin": [
                [
                    0.07979451271230915,
                    0.9936915906950784,
                    0.07880265428835256,
                    1.1377281240710753
                ],
                [
                    0.7069871571691797,
                    -0.11214732516811586,
                    0.6982779797870461,
                    -0.20944787919777796
                ],
                [
                    0.7027104633765223,
                    -6.286602134963985e-06,
                    -0.7114759339722123,
                    -0.6707042531109575
                ],
                [
                    0.0,
                    0.0,
                    0.0,
                    1.0
                ]
            ],
            "size": [
                0.1202,
                0.13634,
                0.67816
            ]
        },
        "distance": 0.0
    }
]