[
    {
        "case": 0,
        "collider1": {
            "type": "Box",
            "collider2origin": [
                [
                    1.0,
                    0.0,
                    0.0,
                    0.7
                ],
                [
                    0.0,
                    1.0,
                    0.0,
                    -0.15085999999999994
                ],
                [
                    0.0,
                    0.0,
                    1.0,
                    -1.03301
                ],
                [
                    0.0,
                    0.0,
                    0.0,
                    1.0
                ]
            ],
            "size": [
                0.6,
                0.06,
                0.06
            ]
        },
        "collider2": {
            "type": "Cylinder",
            "collider2origin": [
                [
                    0.22794286123589463,
                    -0.9611088199632708,
                    -0.15592269943918505,
                    0.973730960539322
                ],
                [
                    -0.970891974280825,
                    -0.21226016009670587,
                    -0.11097026048812424,
                    -0.17233759586797126
                ],
                [
                    0.07355831896308596,
                    0.1766789761814616,
                    -0.9815160279316864,
                    -0.9740404873556515
                ],
                [
                    0.0,
                    0.0,
                    0.0,
                    1.0
                ]
            ],
            "radius": 0.01271,
            "height": 0.05982
        },
        "distance": 0.0
    },
    {
        "case": 1,
        "collider1": {
            "type": "Box",
            "collider2origin": [
                [
                    1.0,
                    0.0,
                    0.0,
                    0.7
                ],
                [
                    0.0,
                    1.0,
                    0.0,
                    -0.15085999999999994
                ],
                [
                    0.0,
                    0.0,
                    1.0,
                    -1.03301
                ],
                [
                    0.0,
                    0.0,
                    0.0,
                    1.0
                ]
            ],
            "size": [
                0.6,
                0.06,
                0.06
            ]
        },
        "collider2": {
            "type": "Box",
            "collider2origin": [
                [
                    0.7072580983491742,
                    0.3783958430491387,
                    -0.5971620954838319,
                    0.9787697074958797
                ],
                [
                    -0.567031611355878,
                    0.8081032977480308,
                    -0.15951241924036325,
                    -0.12232411082325745
                ],
                [
                    0.4222098222953443,
                    0.45142623553786543,
                    0.7861000062494877,
                    -1.0246543032323294
                ],
                [
                    0.0,
                    0.0,
                    0.0,
                    1.0
                ]
            ],
            "size": [
                0.07264,
                0.04753,
                0.03326
            ]
        },
        "distance": 0.0
    },
    {
        "case": 2,
        "collider1": {
            "type": "Box",
            "collider2origin": [
                [
                    1.0,
                    0.0,
                    0.0,
                    1.2009999999999998
                ],
                [
                    0.0,
                    1.0,
                    0.0,
                    0.02914
                ],
                [
                    0.0,
                    0.0,
                    1.0,
                    -1.22801
                ],
                [
                    0.0,
                    0.0,
                    0.0,
                    1.0
                ]
            ],
            "size": [
                0.41,
                0.6,
                0.82
            ]
        },
        "collider2": {
            "type": "Box",
            "collider2origin": [
                [
                    0.7072580983491742,
                    0.3783958430491387,
                    -0.5971620954838319,
                    0.9787697074958797
                ],
                [
                    -0.567031611355878,
                    0.8081032977480308,
                    -0.15951241924036325,
                    -0.12232411082325745
                ],
                [
                    0.4222098222953443,
                    0.45142623553786543,
                    0.7861000062494877,
                    -1.0246543032323294
                ],
                [
                    0.0,
                    0.0,
                    0.0,
                    1.0
                ]
            ],
            "size": [
                0.07264,
                0.04753,
                0.03326
            ]
        },
        "distance": 0.0
    },
    {
        "case": 3,
        "collider1": {
            "type": "Box",
            "collider2origin": [
                [
                    1.0,
                    0.0,
                    0.0,
                    0.7
                ],
                [
                    0.0,
                    1.0,
                    0.0,
                    -0.15085999999999994
                ],
                [
                    0.0,
                    0.0,
                    1.0,
                    -1.03301
                ],
                [
                    0.0,
                    0.0,
                    0.0,
                    1.0
                ]
            ],
            "size": [
                0.6,
                0.06,
                0.06
            ]
        },
        "collider2": {
            "type": "Box",
            "collider2origin": [
                [
                    0.6916093632742338,
                    0.2433214586398023,
                    0.6800523188673117,
                    0.9322983064442585
                ],
                [
                    0.34871281599510223,
                    0.7120525155800147,
                    -0.6094100319300123,
                    -0.22437389065931268
                ],
                [
                    -0.6325155022544308,
                    0.6586166432922657,
                    0.40761287588378897,
                    -1.0983199424283439
                ],
                [
                    0.0,
                    0.0,
                    0.0,
                    1.0
                ]
            ],
            "size": [
                0.08993,
                0.0305,
                0.09007
            ]
        },
        "distance": 0.025824164285874057
    },
    {
        "case": 4,
        "collider1": {
            "type": "Box",
            "collider2origin": [
                [
                    1.0,
                    0.0,
                    0.0,
                    1.2009999999999998
                ],
                [
                    0.0,
                    1.0,
                    0.0,
                    0.02914
                ],
                [
                    0.0,
                    0.0,
                    1.0,
                    -1.22801
                ],
                [
                    0.0,
                    0.0,
                    0.0,
                    1.0
                ]
            ],
            "size": [
                0.41,
                0.6,
                0.82
            ]
        },
        "collider2": {
            "type": "Box",
            "collider2origin": [
                [
                    0.6916093632742338,
                    0.2433214586398023,
                    0.6800523188673117,
                    0.9322983064442585
                ],
                [
                    0.34871281599510223,
                    0.7120525155800147,
                    -0.6094100319300123,
                    -0.22437389065931268
                ],
                [
                    -0.6325155022544308,
                    0.6586166432922657,
                    0.40761287588378897,
                    -1.0983199424283439
                ],
                [
                    0.0,
                    0.0,
                    0.0,
                    1.0
                ]
            ],
            "size": [
                0.08993,
                0.0305,
                0.09007
            ]
        },
        "distance": 0.0
    },
    {
        "case": 5,
        "collider1": {
            "type": "Box",
            "collider2origin": [
                [
                    1.0,
                    0.0,
                    0.0,
                    0.7
                ],
                [
                    0.0,
                    1.0,
                    0.0,
                    -0.15085999999999994
                ],
                [
                    0.0,
                    0.0,
                    1.0,
                    -1.03301
                ],
                [
                    0.0,
                    0.0,
                    0.0,
                    1.0
                ]
            ],
            "size": [
                0.6,
                0.06,
                0.06
            ]
        },
        "collider2": {
            "type": "Box",
            "collider2origin": [
                [
                    0.5664283558419921,
                    0.3783911112711588,
                    -0.7321059244461242,
                    0.9567977046070911
                ],
                [
                    -0.5878661313377013,
                    0.8081043231323107,
                    -0.037159313245997284,
                    -0.16307008661674793
                ],
                [
                    0.5775572087024641,
                    0.4514283662397025,
                    0.6801765218161904,
                    -1.0467312651087144
                ],
                [
                    0.0,
                    0.0,
                    0.0,
                    1.0
                ]
            ],
            "size": [
                0.06241,
                0.05638,
                0.02858
            ]
        },
        "distance": 0.0
    },
    {
        "case": 6,
        "collider1": {
            "type": "Box",
            "collider2origin": [
                [
                    1.0,
                    0.0,
                    0.0,
                    1.2009999999999998
                ],
                [
                    0.0,
                    1.0,
                    0.0,
                    0.02914
                ],
                [
                    0.0,
                    0.0,
                    1.0,
                    -1.22801
                ],
                [
                    0.0,
                    0.0,
                    0.0,
                    1.0
                ]
            ],
            "size": [
                0.41,
                0.6,
                0.82
            ]
        },
        "collider2": {
            "type": "Cylinder",
            "collider2origin": [
                [
                    0.5910519756647965,
                    -0.4728907136782546,
                    0.6534768052345938,
                    0.9861574960489866
                ],
                [
                    -0.6828310347601594,
                    -0.7246018217471331,
                    0.09324150303971486,
                    -0.12990271473213566
                ],
                [
                    0.42941744262559906,
                    -0.5013248176956796,
                    -0.7511817936633469,
                    -0.9856475122232179
                ],
                [
                    0.0,
                    0.0,
                    0.0,
                    1.0
                ]
            ],
            "radius": 0.00713,
            "height": 0.01697
        },
        "distance": 0.0
    }
]