[
    {
        "case": 0,
        "collider1": {
            "type": "Box",
            "collider2origin": [
                [
                    1.0,
                    0.0,
                    0.0,
                    0.7
                ],
                [
                    0.0,
                    1.0,
                    0.0,
                    -0.15085999999999994
                ],
                [
                    0.0,
                    0.0,
                    1.0,
                    -1.03301
                ],
                [
                    0.0,
                    0.0,
                    0.0,
                    1.0
                ]
            ],
            "size": [
                0.6,
                0.06,
                0.06
            ]
        },
        "collider2": {
            "type": "Box",
            "collider2origin": [
                [
                    0.2613788391443904,
                    -0.9326149703700379,
                    -0.24881804494293389,
                    0.706806663231628
                ],
                [
                    -0.6754771237064835,
                    -0.36087299289580804,
                    0.6430406972716718,
                    -0.37585569578512146
                ],
                [
                    -0.689501093397789,
                    -6.333651145457481e-06,
                    -0.7242846416728288,
                    -0.9362913848366903
                ],
                [
                    0.0,
                    0.0,
                    0.0,
                    1.0
                ]
            ],
            "size": [
                0.1202,
                0.13634,
                0.67816
            ]
        },
        "distance": 0.0
    },
    {
        "case": 1,
        "collider1": {
            "type": "Box",
            "collider2origin": [
                [
                    1.0,
                    0.0,
                    0.0,
                    0.5199999999999999
                ],
                [
                    0.0,
                    1.0,
                    0.0,
                    -0.43085999999999997
                ],
                [
                    0.0,
                    0.0,
                    1.0,
                    -0.80301
                ],
                [
                    0.0,
                    0.0,
                    0.0,
                    1.0
                ]
            ],
            "size": [
                0.2,
                0.08,
                0.04
            ]
        },
        "collider2": {
            "type": "Box",
            "collider2origin": [
                [
                    0.2613788391443904,
                    -0.9326149703700379,
                    -0.24881804494293389,
                    0.706806663231628
                ],
                [
                    -0.6754771237064835,
                    -0.36087299289580804,
                    0.6430406972716718,
                    -0.37585569578512146
                ],
                [
                    -0.689501093397789,
                    -6.333651145457481e-06,
                    -0.7242846416728288,
                    -0.9362913848366903
                ],
                [
                    0.0,
                    0.0,
                    0.0,
                    1.0
                ]
            ],
            "size": [
                0.1202,
                0.13634,
                0.67816
            ]
        },
        "distance": 0.030455038563872983
    },
    {
        "case": 2,
        "collider1": {
            "type": "Box",
            "collider2origin": [
                [
                    1.0,
                    0.0,
                    0.0,
                    0.7
                ],
                [
                    0.0,
                    1.0,
                    0.0,
                    -0.15085999999999994
                ],
                [
                    0.0,
                    0.0,
                    1.0,
                    -1.03301
                ],
                [
                    0.0,
                    0.0,
                    0.0,
                    1.0
                ]
            ],
            "size": [
                0.6,
                0.06,
                0.06
            ]
        },
        "collider2": {
            "type": "Cylinder",
            "collider2origin": [
                [
                    0.3136291442069678,
                    -0.542568908203871,
                    -0.7792661546316916,
                    0.7621158526340029
                ],
                [
                    -0.7110548325376487,
                    -0.6781013270824495,
                    0.1859559499824532,
                    -0.15548659730566494
                ],
                [
                    -0.6293153303621811,
                    0.49577975963070425,
                    -0.5984685830615164,
                    -1.0216257224661485
                ],
                [
                    0.0,
                    0.0,
                    0.0,
                    1.0
                ]
            ],
            "radius": 0.00783,
            "height": 0.03683
        },
        "distance": 0.0
    },
    {
        "case": 3,
        "collider1": {
            "type": "Box",
            "collider2origin": [
                [
                    1.0,
                    0.0,
                    0.0,
                    0.7
                ],
                [
                    0.0,
                    1.0,
                    0.0,
                    -0.15085999999999994
                ],
                [
                    0.0,
                    0.0,
                    1.0,
                    -1.03301
                ],
                [
                    0.0,
                    0.0,
                    0.0,
                    1.0
                ]
            ],
            "size": [
                0.6,
                0.06,
                0.06
            ]
        },
        "collider2": {
            "type": "Cylinder",
            "collider2origin": [
                [
                    0.15448163556762426,
                    -0.9178690720080955,
                    -0.36558417761624823,
                    0.7565261133715041
                ],
                [
                    -0.7788562290082969,
                    -0.340801560379348,
                    0.5265332572383026,
                    -0.18352223845003546
                ],
                [
                    -0.6078802503843385,
                    0.20339779520436901,
                    -0.7675356265989707,
                    -1.0215816722652966
                ],
                [
                    0.0,
                    0.0,
                    0.0,
                    1.0
                ]
            ],
            "radius": 0.00683,
            "height": 0.01183
        },
        "distance": 0.0
    },
    {
        "case": 4,
        "collider1": {
            "type": "Box",
            "collider2origin": [
                [
                    1.0,
                    0.0,
                    0.0,
                    0.7
                ],
                [
                    0.0,
                    1.0,
                    0.0,
                    -0.15085999999999994
                ],
                [
                    0.0,
                    0.0,
                    1.0,
                    -1.03301
                ],
                [
                    0.0,
                    0.0,
                    0.0,
                    1.0
                ]
            ],
            "size": [
                0.6,
                0.06,
                0.06
            ]
        },
        "collider2": {
            "type": "Box",
            "collider2origin": [
                [
                    0.16591181979690522,
                    0.9846336246652742,
                    -0.05449672678430337,
                    0.5222853579705429
                ],
                [
                    -0.97496381292643,
                    0.17207735906502342,
                    0.14083659318928482,
                    -0.2138737604320441
                ],
                [
                    0.14805009806020533,
                    0.029765881067603677,
                    0.9885318208275505,
                    -1.0370387951020619
                ],
                [
                    0.0,
                    0.0,
                    0.0,
                    1.0
                ]
            ],
            "size": [
                0.09126,
                0.11887,
                0.10009
            ]
        },
        "distance": 0.0
    },
    {
        "case": 5,
        "collider1": {
            "type": "Box",
            "collider2origin": [
                [
                    1.0,
                    0.0,
                    0.0,
                    0.7
                ],
                [
                    0.0,
                    1.0,
                    0.0,
                    -0.15085999999999994
                ],
                [
                    0.0,
                    0.0,
                    1.0,
                    -1.03301
                ],
                [
                    0.0,
                    0.0,
                    0.0,
                    1.0
                ]
            ],
            "size": [
                0.6,
                0.06,
                0.06
            ]
        },
        "collider2": {
            "type": "Cylinder",
            "collider2origin": [
                [
                    0.309587553343258,
                    -0.8713731215154684,
                    -0.3806106014226654,
                    0.7836154083853466
                ],
                [
                    -0.7159053464502707,
                    -0.47703750095190656,
                    0.5098183574661447,
                    -0.16845849450776373
                ],
                [
                    -0.625807543689634,
                    0.11464774653671683,
                    -0.7715055492186684,
                    -0.996254368827191
                ],
                [
                    0.0,
                    0.0,
                    0.0,
                    1.0
                ]
            ],
            "radius": 0.0076,
            "height": 0.02993
        },
        "distance": 0.0
    },
    {
        "case": 6,
        "collider1": {
            "type": "Box",
            "collider2origin": [
                [
                    1.0,
                    0.0,
                    0.0,
                    0.7
                ],
                [
                    0.0,
                    1.0,
                    0.0,
                    -0.15085999999999994
                ],
                [
                    0.0,
                    0.0,
                    1.0,
                    -1.03301
                ],
                [
                    0.0,
                    0.0,
                    0.0,
                    1.0
                ]
            ],
            "size": [
                0.6,
                0.06,
                0.06
            ]
        },
        "collider2": {
            "type": "Box",
            "collider2origin": [
                [
                    -0.08142144175099696,
                    0.9846343922985793,
                    0.15448515244513278,
                    0.5957528999206598
                ],
                [
                    0.6031363799744968,
                    0.17207398084459213,
                    -0.7788562462146366,
                    -0.20119242291953154
                ],
                [
                    -0.793471521842119,
                    0.02976001712200056,
                    -0.6078793345775536,
                    -1.0316899102453791
                ],
                [
                    0.0,
                    0.0,
                    0.0,
                    1.0
                ]
            ],
            "size": [
                0.08993,
                0.0305,
                0.09007
            ]
        },
        "distance": 0.0
    },
    {
        "case": 7,
        "collider1": {
            "type": "Box",
            "collider2origin": [
                [
                    1.0,
                    0.0,
                    0.0,
                    0.7
                ],
                [
                    0.0,
                    1.0,
                    0.0,
                    -0.15085999999999994
                ],
                [
                    0.0,
                    0.0,
                    1.0,
                    -1.03301
                ],
                [
                    0.0,
                    0.0,
                    0.0,
                    1.0
                ]
            ],
            "size": [
                0.6,
                0.06,
                0.06
            ]
        },
        "collider2": {
            "type": "Cylinder",
            "collider2origin": [
                [
                    0.47264702900380867,
                    -0.43242974495089037,
                    -0.7678602097098014,
                    0.7778056008179597
                ],
                [
                    -0.6223143484510171,
                    -0.7807175420434547,
                    0.05661246556733568,
                    -0.1327987975433278
                ],
                [
                    -0.6239628496039319,
                    0.4510927124520346,
                    -0.6381110617179478,
                    -1.0005345918689246
                ],
                [
                    0.0,
                    0.0,
                    0.0,
                    1.0
                ]
            ],
            "radius": 0.0076,
            "height": 0.02993
        },
        "distance": 0.0
    },
    {
        "case": 8,
        "collider1": {
            "type": "Box",
            "collider2origin": [
                [
                    1.0,
                    0.0,
                    0.0,
                    0.7
                ],
                [
                    0.0,
                    1.0,
                    0.0,
                    -0.15085999999999994
                ],
                [
                    0.0,
                    0.0,
                    1.0,
                    -1.03301
                ],
                [
                    0.0,
                    0.0,
                    0.0,
                    1.0
                ]
            ],
            "size": [
                0.6,
                0.06,
                0.06
            ]
        },
        "collider2": {
            "type": "Cylinder",
            "collider2origin": [
                [
                    0.4724052059575186,
                    -0.09734516927012947,
                    -0.8759892918318145,
                    0.7559731202489273
                ],
                [
                    -0.6172750067629577,
                    -0.7459741889550677,
                    -0.2499881505964224,
                    -0.13480594966443915
                ],
                [
                    -0.6291302626722267,
                    0.6588219998092034,
                    -0.4124908303918721,
                    -1.0145983158624317
                ],
                [
                    0.0,
                    0.0,
                    0.0,
                    1.0
                ]
            ],
            "radius": 0.00783,
            "height": 0.03044
        },
        "distance": 0.0
    },
    {
        "case": 9,
        "collider1": {
            "type": "Box",
            "collider2origin": [
                [
                    1.0,
                    0.0,
                    0.0,
                    0.7
                ],
                [
                    0.0,
                    1.0,
                    0.0,
                    -0.15085999999999994
                ],
                [
                    0.0,
                    0.0,
                    1.0,
                    -1.03301
                ],
                [
                    0.0,
                    0.0,
                    0.0,
                    1.0
                ]
            ],
            "size": [
                0.6,
                0.06,
                0.06
            ]
        },
        "collider2": {
            "type": "Box",
            "collider2origin": [
                [
                    0.19798540014519048,
                    0.9210732505423807,
                    0.3352996398218182,
                    0.7243997393169649
                ],
                [
                    -0.7551069012106214,
                    0.3614275853739494,
                    -0.5469768443680678,
                    -0.16521299005707435
                ],
                [
                    -0.6249922792110651,
                    -0.14489364260052498,
                    0.7670661531188224,
                    -1.044173747903831
                ],
                [
                    0.0,
                    0.0,
                    0.0,
                    1.0
                ]
            ],
            "size": [
                0.07264,
                0.04753,
                0.03326
            ]
        },
        "distance": 0.0
    },
    {
        "case": 10,
        "collider1": {
            "type": "Box",
            "collider2origin": [
                [
                    1.0,
                    0.0,
                    0.0,
                    0.7
                ],
                [
                    0.0,
                    1.0,
                    0.0,
                    -0.15085999999999994
                ],
                [
                    0.0,
                    0.0,
                    1.0,
                    -1.03301
                ],
                [
                    0.0,
                    0.0,
                    0.0,
                    1.0
                ]
            ],
            "size": [
                0.6,
                0.06,
                0.06
            ]
        },
        "collider2": {
            "type": "Cylinder",
            "collider2origin": [
                [
                    0.15448163556762426,
                    -0.9178690720080955,
                    -0.36558417761624823,
                    0.7505550091289899
                ],
                [
                    -0.7788562290082969,
                    -0.340801560379348,
                    0.5265332572383026,
                    -0.17493097931795165
                ],
                [
                    -0.6078802503843385,
                    0.20339779520436901,
                    -0.7675356265989707,
                    -1.034106806222681
                ],
                [
                    0.0,
                    0.0,
                    0.0,
                    1.0
                ]
            ],
            "radius": 0.00683,
            "height": 0.01782
        },
        "distance": 0.0
    },
    {
        "case": 11,
        "collider1": {
            "type": "Box",
            "collider2origin": [
                [
                    1.0,
                    0.0,
                    0.0,
                    0.7
                ],
                [
                    0.0,
                    1.0,
                    0.0,
                    -0.15085999999999994
                ],
                [
                    0.0,
                    0.0,
                    1.0,
                    -1.03301
                ],
                [
                    0.0,
                    0.0,
                    0.0,
                    1.0
                ]
            ],
            "size": [
                0.6,
                0.06,
                0.06
            ]
        },
        "collider2": {
            "type": "Box",
            "collider2origin": [
                [
                    0.26385075437191735,
                    0.9210741051502574,
                    0.2863656268462085,
                    0.67764602483258
                ],
                [
                    -0.8529564216465113,
                    0.3614274998920313,
                    -0.3766105483039132,
                    -0.18363341291486202
                ],
                [
                    -0.450386636335214,
                    -0.14488842308289326,
                    0.8809989912974948,
                    -1.0339183150191156
                ],
                [
                    0.0,
                    0.0,
                    0.0,
                    1.0
                ]
            ],
            "size": [
                0.06241,
                0.05638,
                0.02858
            ]
        },
        "distance": 0.0
    },
    {
        "case": 12,
        "collider1": {
            "type": "Box",
            "collider2origin": [
                [
                    1.0,
                    0.0,
                    0.0,
                    0.7
                ],
                [
                    0.0,
                    1.0,
                    0.0,
                    -0.15085999999999994
                ],
                [
                    0.0,
                    0.0,
                    1.0,
                    -1.03301
                ],
                [
                    0.0,
                    0.0,
                    0.0,
                    1.0
                ]
            ],
            "size": [
                0.6,
                0.06,
                0.06
            ]
        },
        "collider2": {
            "type": "Cylinder",
            "collider2origin": [
                [
                    -0.02302804335507534,
                    0.42217292197507045,
                    -0.9062227834093927,
                    0.764257375923875
                ],
                [
                    -0.8231008766483785,
                    -0.5224953881321825,
                    -0.2224938566371436,
                    -0.17814465214330866
                ],
                [
                    -0.567428106529723,
                    0.7407891692861269,
                    0.359522948625623,
                    -1.0696855642472554
                ],
                [
                    0.0,
                    0.0,
                    0.0,
                    1.0
                ]
            ],
            "radius": 0.00713,
            "height": 0.01697
        },
        "distance": 0.0
    }
]