[
    {
        "case": 0,
        "collider1": {
            "type": "Box",
            "collider2origin": [
                [
                    1.0,
                    0.0,
                    0.0,
                    0.0
                ],
                [
                    0.0,
                    1.0,
                    0.0,
                    -0.37086
                ],
                [
                    0.0,
                    0.0,
                    1.0,
                    0.39699
                ],
                [
                    0.0,
                    0.0,
                    0.0,
                    1.0
                ]
            ],
            "size": [
                0.6,
                1.6,
                0.1
            ]
        },
        "collider2": {
            "type": "Box",
            "collider2origin": [
                [
                    -0.3070224834238252,
                    -0.6377652529850129,
                    -0.7063941369782378,
                    0.5829715007620244
                ],
                [
                    0.25422288783193125,
                    -0.7702307979301286,
                    0.584906181555906,
                    -0.7172767881369586
                ],
                [
                    -0.9171193586304129,
                    -2.2090189113538586e-06,
                    0.3986126967627348,
                    0.30021359344644516
                ],
                [
                    0.0,
                    0.0,
                    0.0,
                    1.0
                ]
            ],
            "size": [
                0.1202,
                0.13634,
                0.67816
            ]
        },
        "distance": 0.0
    },
    {
        "case": 1,
        "collider1": {
            "type": "Box",
            "collider2origin": [
                [
                    1.0,
                    0.0,
                    0.0,
                    0.0
                ],
                [
                    0.0,
                    1.0,
                    0.0,
                    -0.37086
                ],
                [
                    0.0,
                    0.0,
                    1.0,
                    0.39699
                ],
                [
                    0.0,
                    0.0,
                    0.0,
                    1.0
                ]
            ],
            "size": [
                0.6,
                1.6,
                0.1
            ]
        },
        "collider2": {
            "type": "Box",
            "collider2origin": [
                [
                    0.7573453197141802,
                    -0.6377621428589437,
                    0.1403122084602565,
                    0.3056810626055839
                ],
                [
                    -0.627092408457313,
                    -0.770233373129792,
                    -0.11617083184822662,
                    -0.6327762879073232
                ],
                [
                    0.18216250427086492,
                    -7.284951749344347e-06,
                    -0.9832684384158257,
                    0.4139239356461908
                ],
                [
                    0.0,
                    0.0,
                    0.0,
                    1.0
                ]
            ],
            "size": [
                0.09102,
                0.10007,
                0.11882
            ]
        },
        "distance": 0.0
    },
    {
        "case": 2,
        "collider1": {
            "type": "Box",
            "collider2origin": [
                [
                    1.0,
                    0.0,
                    0.0,
                    0.0
                ],
                [
                    0.0,
                    1.0,
                    0.0,
                    -0.37086
                ],
                [
                    0.0,
                    0.0,
                    1.0,
                    0.39699
                ],
                [
                    0.0,
                    0.0,
                    0.0,
                    1.0
                ]
            ],
            "size": [
                0.6,
                1.6,
                0.1
            ]
        },
        "collider2": {
            "type": "Box",
            "collider2origin": [
                [
                    -0.3668614385055541,
                    0.14806254432528515,
                    -0.9184172079755246,
                    0.3296604378638217
                ],
                [
                    -0.18290290356724767,
                    -0.9794631682785222,
                    -0.08484356105485363,
                    -0.7244510548392248
                ],
                [
                    -0.9121179818446213,
                    0.13685534316833076,
                    0.3864083361445153,
                    0.31362933544411464
                ],
                [
                    0.0,
                    0.0,
                    0.0,
                    1.0
                ]
            ],
            "size": [
                0.08993,
                0.0305,
                0.09007
            ]
        },
        "distance": 0.0
    },
    {
        "case": 3,
        "collider1": {
            "type": "Box",
            "collider2origin": [
                [
                    1.0,
                    0.0,
                    0.0,
                    0.0
                ],
                [
                    0.0,
                    1.0,
                    0.0,
                    -0.37086
                ],
                [
                    0.0,
                    0.0,
                    1.0,
                    0.39699
                ],
                [
                    0.0,
                    0.0,
                    0.0,
                    1.0
                ]
            ],
            "size": [
                0.6,
                1.6,
                0.1
            ]
        },
        "collider2": {
            "type": "Box",
            "collider2origin": [
                [
                    0.9789733476964407,
                    0.14806643325558075,
                    0.1403122084602565,
                    0.3190058834729197
                ],
                [
                    0.16479082012327684,
                    -0.9794632833500133,
                    -0.11617083184822662,
                    -0.65077823514291
                ],
                [
                    0.12022965567247362,
                    0.13685031206461257,
                    -0.9832684384158257,
                    0.3067415579414847
                ],
                [
                    0.0,
                    0.0,
                    0.0,
                    1.0
                ]
            ],
            "size": [
                0.09126,
                0.11887,
                0.10009
            ]
        },
        "distance": 0.0
    }
]