[
    {
        "case": 0,
        "collider1": {
            "type": "Box",
            "collider2origin": [
                [
                    1.0,
                    0.0,
                    0.0,
                    -0.26
                ],
                [
                    0.0,
                    1.0,
                    0.0,
                    -0.4608599999999999
                ],
                [
                    0.0,
                    0.0,
                    1.0,
                    -1.143
                ],
                [
                    0.0,
                    0.0,
                    0.0,
                    1.0
                ]
            ],
            "size": [
                1.48,
                0.272,
                0.945
            ]
        },
        "collider2": {
            "type": "Box",
            "collider2origin": [
                [
                    -0.35745643255876064,
                    -0.4895613715638617,
                    0.7953329883104779,
                    -0.00862887559488068
                ],
                [
                    0.20068937766212788,
                    -0.8719688431749226,
                    -0.4465356763191213,
                    -0.617153193243106
                ],
                [
                    0.9121122039069274,
                    -2.167409056226458e-06,
                    0.4099406389702663,
                    -0.6930973810902417
                ],
                [
                    0.0,
                    0.0,
                    0.0,
                    1.0
                ]
            ],
            "size": [
                0.09102,
                0.10007,
                0.11882
            ]
        },
        "distance": 0.0
    },
    {
        "case": 1,
        "collider1": {
            "type": "Box",
            "collider2origin": [
                [
                    1.0,
                    0.0,
                    0.0,
                    -0.06
                ],
                [
                    0.0,
                    1.0,
                    0.0,
                    -0.37086
                ],
                [
                    0.0,
                    0.0,
                    1.0,
                    -0.40301
                ],
                [
                    0.0,
                    0.0,
                    0.0,
                    1.0
                ]
            ],
            "size": [
                0.1,
                1.0,
                1.64
            ]
        },
        "collider2": {
            "type": "Box",
            "collider2origin": [
                [
                    -0.35745643255876064,
                    -0.4895613715638617,
                    0.7953329883104779,
                    -0.00862887559488068
                ],
                [
                    0.20068937766212788,
                    -0.8719688431749226,
                    -0.4465356763191213,
                    -0.617153193243106
                ],
                [
                    0.9121122039069274,
                    -2.167409056226458e-06,
                    0.4099406389702663,
                    -0.6930973810902417
                ],
                [
                    0.0,
                    0.0,
                    0.0,
                    1.0
                ]
            ],
            "size": [
                0.09102,
                0.10007,
                0.11882
            ]
        },
        "distance": 0.0
    },
    {
        "case": 2,
        "collider1": {
            "type": "Box",
            "collider2origin": [
                [
                    1.0,
                    0.0,
                    0.0,
                    -0.26
                ],
                [
                    0.0,
                    1.0,
                    0.0,
                    -0.4608599999999999
                ],
                [
                    0.0,
                    0.0,
                    1.0,
                    -1.143
                ],
                [
                    0.0,
                    0.0,
                    0.0,
                    1.0
                ]
            ],
            "size": [
                1.48,
                0.272,
                0.945
            ]
        },
        "collider2": {
            "type": "Box",
            "collider2origin": [
                [
                    -0.48509539398607,
                    0.3634940115581339,
                    0.7953329883104777,
                    0.07708151839783761
                ],
                [
                    -0.8743881993223023,
                    -0.18987144772220713,
                    -0.44653567631912117,
                    -0.6698663650598504
                ],
                [
                    -0.011302018377322086,
                    -0.9120421793432849,
                    0.40994063897026617,
                    -0.6500585406069316
                ],
                [
                    0.0,
                    0.0,
                    0.0,
                    1.0
                ]
            ],
            "size": [
                0.09126,
                0.11887,
                0.10009
            ]
        },
        "distance": 0.010625297718214839
    },
    {
        "case": 3,
        "collider1": {
            "type": "Box",
            "collider2origin": [
                [
                    1.0,
                    0.0,
                    0.0,
                    0.5199999999999999
                ],
                [
                    0.0,
                    1.0,
                    0.0,
                    -0.43085999999999997
                ],
                [
                    0.0,
                    0.0,
                    1.0,
                    -0.80301
                ],
                [
                    0.0,
                    0.0,
                    0.0,
                    1.0
                ]
            ],
            "size": [
                0.2,
                0.08,
                0.04
            ]
        },
        "collider2": {
            "type": "Box",
            "collider2origin": [
                [
                    -0.05228804912478704,
                    -0.4895674901290018,
                    -0.8703962502949525,
                    0.29803504108189516
                ],
                [
                    0.029361228620764516,
                    -0.8719654079129899,
                    0.48868624459566296,
                    -0.661159018408419
                ],
                [
                    -0.9982003196616414,
                    -3.4529315405507303e-06,
                    0.059967673087040915,
                    -0.7114105134804648
                ],
                [
                    0.0,
                    0.0,
                    0.0,
                    1.0
                ]
            ],
            "size": [
                0.1202,
                0.13634,
                0.67816
            ]
        },
        "distance": 0.15782905414560763
    },
    {
        "case": 4,
        "collider1": {
            "type": "Cylinder",
            "collider2origin": [
                [
                    1.0,
                    0.0,
                    0.0,
                    0.4849999999999999
                ],
                [
                    0.0,
                    -3.673205103346574e-06,
                    -0.9999999999932537,
                    -0.46086
                ],
                [
                    0.0,
                    0.9999999999932537,
                    -3.673205103346574e-06,
                    -0.70001
                ],
                [
                    0.0,
                    0.0,
                    0.0,
                    1.0
                ]
            ],
            "radius": 0.026,
            "height": 0.272
        },
        "collider2": {
            "type": "Box",
            "collider2origin": [
                [
                    -0.05228804912478704,
                    -0.4895674901290018,
                    -0.8703962502949525,
                    0.29803504108189516
                ],
                [
                    0.029361228620764516,
                    -0.8719654079129899,
                    0.48868624459566296,
                    -0.661159018408419
                ],
                [
                    -0.9982003196616414,
                    -3.4529315405507303e-06,
                    0.059967673087040915,
                    -0.7114105134804648
                ],
                [
                    0.0,
                    0.0,
                    0.0,
                    1.0
                ]
            ],
            "size": [
                0.1202,
                0.13634,
                0.67816
            ]
        },
        "distance": 0.0666997701154223
    },
    {
        "case": 5,
        "collider1": {
            "type": "Box",
            "collider2origin": [
                [
                    1.0,
                    0.0,
                    0.0,
                    -0.26
                ],
                [
                    0.0,
                    1.0,
                    0.0,
                    -0.4608599999999999
                ],
                [
                    0.0,
                    0.0,
                    1.0,
                    -1.143
                ],
                [
                    0.0,
                    0.0,
                    0.0,
                    1.0
                ]
            ],
            "size": [
                1.48,
                0.272,
                0.945
            ]
        },
        "collider2": {
            "type": "Box",
            "collider2origin": [
                [
                    -0.05228804912478704,
                    -0.4895674901290018,
                    -0.8703962502949525,
                    0.29803504108189516
                ],
                [
                    0.029361228620764516,
                    -0.8719654079129899,
                    0.48868624459566296,
                    -0.661159018408419
                ],
                [
                    -0.9982003196616414,
                    -3.4529315405507303e-06,
                    0.059967673087040915,
                    -0.7114105134804648
                ],
                [
                    0.0,
                    0.0,
                    0.0,
                    1.0
                ]
            ],
            "size": [
                0.1202,
                0.13634,
                0.67816
            ]
        },
        "distance": 0.0
    },
    {
        "case": 6,
        "collider1": {
            "type": "Box",
            "collider2origin": [
                [
                    1.0,
                    0.0,
                    0.0,
                    -0.06
                ],
                [
                    0.0,
                    1.0,
                    0.0,
                    -0.37086
                ],
                [
                    0.0,
                    0.0,
                    1.0,
                    -0.40301
                ],
                [
                    0.0,
                    0.0,
                    0.0,
                    1.0
                ]
            ],
            "size": [
                0.1,
                1.0,
                1.64
            ]
        },
        "collider2": {
            "type": "Box",
            "collider2origin": [
                [
                    -0.05228804912478704,
                    -0.4895674901290018,
                    -0.8703962502949525,
                    0.29803504108189516
                ],
                [
                    0.029361228620764516,
                    -0.8719654079129899,
                    0.48868624459566296,
                    -0.661159018408419
                ],
                [
                    -0.9982003196616414,
                    -3.4529315405507303e-06,
                    0.059967673087040915,
                    -0.7114105134804648
                ],
                [
                    0.0,
                    0.0,
                    0.0,
                    1.0
                ]
            ],
            "size": [
                0.1202,
                0.13634,
                0.67816
            ]
        },
        "distance": 0.0
    }
]