[
    {
        "case": 0,
        "collider1": {
            "type": "Box",
            "collider2origin": [
                [
                    1.0,
                    0.0,
                    0.0,
                    -0.06
                ],
                [
                    0.0,
                    1.0,
                    0.0,
                    -0.37086
                ],
                [
                    0.0,
                    0.0,
                    1.0,
                    -0.40301
                ],
                [
                    0.0,
                    0.0,
                    0.0,
                    1.0
                ]
            ],
            "size": [
                0.1,
                1.0,
                1.64
            ]
        },
        "collider2": {
            "type": "Box",
            "collider2origin": [
                [
                    -0.502257783908758,
                    -0.40006986150886736,
                    -0.7666036944962755,
                    0.2120778556171008
                ],
                [
                    0.2192503624184302,
                    -0.9164846457576467,
                    0.33464185731893664,
                    -0.7086463793068333
                ],
                [
                    -0.8364606368995795,
                    -1.6601894960504182e-06,
                    0.5480270092931491,
                    -0.3164839354742164
                ],
                [
                    0.0,
                    0.0,
                    0.0,
                    1.0
                ]
            ],
            "size": [
                0.1202,
                0.13634,
                0.67816
            ]
        },
        "distance": 0.0
    },
    {
        "case": 1,
        "collider1": {
            "type": "Box",
            "collider2origin": [
                [
                    1.0,
                    0.0,
                    0.0,
                    -0.06
                ],
                [
                    0.0,
                    1.0,
                    0.0,
                    -0.37086
                ],
                [
                    0.0,
                    0.0,
                    1.0,
                    -0.40301
                ],
                [
                    0.0,
                    0.0,
                    0.0,
                    1.0
                ]
            ],
            "size": [
                0.1,
                1.0,
                1.64
            ]
        },
        "collider2": {
            "type": "Box",
            "collider2origin": [
                [
                    -0.10209809824482935,
                    0.8546457917154187,
                    0.5090742077908817,
                    -0.0024677001769248808
                ],
                [
                    0.05773351725151789,
                    0.5159766137844579,
                    -0.8546548864970543,
                    -0.67357166668757
                ],
                [
                    -0.9930975880146711,
                    -0.057867994009202055,
                    -0.10202193856613931,
                    -0.2762360536372528
                ],
                [
                    0.0,
                    0.0,
                    0.0,
                    1.0
                ]
            ],
            "size": [
                0.08993,
                0.0305,
                0.09007
            ]
        },
        "distance": 0.0
    },
    {
        "case": 2,
        "collider1": {
            "type": "Box",
            "collider2origin": [
                [
                    1.0,
                    0.0,
                    0.0,
                    -0.06
                ],
                [
                    0.0,
                    1.0,
                    0.0,
                    -0.37086
                ],
                [
                    0.0,
                    0.0,
                    1.0,
                    -0.40301
                ],
                [
                    0.0,
                    0.0,
                    0.0,
                    1.0
                ]
            ],
            "size": [
                0.1,
                1.0,
                1.64
            ]
        },
        "collider2": {
            "type": "Box",
            "collider2origin": [
                [
                    -0.5110903786959304,
                    0.8546435857089432,
                    -0.09149298449067222,
                    -0.06646273314612716
                ],
                [
                    0.8556687431706985,
                    0.5159798998398506,
                    0.039946776114410026,
                    -0.7113919974309542
                ],
                [
                    0.08134879694947779,
                    -0.05787127411607429,
                    -0.9950041652511082,
                    -0.2680709463814219
                ],
                [
                    0.0,
                    0.0,
                    0.0,
                    1.0
                ]
            ],
            "size": [
                0.09126,
                0.11887,
                0.10009
            ]
        },
        "distance": 0.0
    },
    {
        "case": 3,
        "collider1": {
            "type": "Box",
            "collider2origin": [
                [
                    1.0,
                    0.0,
                    0.0,
                    -0.06
                ],
                [
                    0.0,
                    1.0,
                    0.0,
                    -0.37086
                ],
                [
                    0.0,
                    0.0,
                    1.0,
                    -0.40301
                ],
                [
                    0.0,
                    0.0,
                    0.0,
                    1.0
                ]
            ],
            "size": [
                0.1,
                1.0,
                1.64
            ]
        },
        "collider2": {
            "type": "Box",
            "collider2origin": [
                [
                    0.9119074097175042,
                    -0.400067381688762,
                    -0.09149298449067222,
                    -0.056868399340253006
                ],
                [
                    -0.39806804069539076,
                    -0.9164857282331229,
                    0.039946776114410026,
                    -0.713189869251334
                ],
                [
                    -0.09983341664615475,
                    -7.328059481047479e-06,
                    -0.9950041652511082,
                    -0.15912632509399938
                ],
                [
                    0.0,
                    0.0,
                    0.0,
                    1.0
                ]
            ],
            "size": [
                0.09102,
                0.10007,
                0.11882
            ]
        },
        "distance": 0.0
    }
]