[
    {
        "case": 0,
        "collider1": {
            "type": "Box",
            "collider2origin": [
                [
                    1.0,
                    0.0,
                    0.0,
                    0.205
                ],
                [
                    0.0,
                    1.0,
                    0.0,
                    -0.17586
                ],
                [
                    0.0,
                    0.0,
                    1.0,
                    -0.10301
                ],
                [
                    0.0,
                    0.0,
                    0.0,
                    1.0
                ]
            ],
            "size": [
                0.05,
                0.05,
                1.2
            ]
        },
        "collider2": {
            "type": "Cylinder",
            "collider2origin": [
                [
                    0.38609667546948184,
                    -0.8721208483765623,
                    -0.30055712105747595,
                    0.22946053675956235
                ],
                [
                    -0.4385236097780948,
                    0.11312169423867512,
                    -0.8915719409894869,
                    -0.16798294837175543
                ],
                [
                    0.8115580083140098,
                    0.47603435602855015,
                    -0.338769672523797,
                    -0.038871784111093266
                ],
                [
                    0.0,
                    0.0,
                    0.0,
                    1.0
                ]
            ],
            "radius": 0.01169,
            "height": 0.05502
        },
        "distance": 0.0
    },
    {
        "case": 1,
        "collider1": {
            "type": "Box",
            "collider2origin": [
                [
                    1.0,
                    0.0,
                    0.0,
                    0.205
                ],
                [
                    0.0,
                    1.0,
                    0.0,
                    -0.17586
                ],
                [
                    0.0,
                    0.0,
                    1.0,
                    -0.10301
                ],
                [
                    0.0,
                    0.0,
                    0.0,
                    1.0
                ]
            ],
            "size": [
                0.05,
                0.05,
                1.2
            ]
        },
        "collider2": {
            "type": "Sphere",
            "collider2origin": [
                [
                    1.0,
                    0.0,
                    0.0,
                    0.20907531738917917
                ],
                [
                    0.0,
                    1.0,
                    0.0,
                    -0.1453774504597819
                ],
                [
                    0.0,
                    0.0,
                    1.0,
                    -0.0172121640659475
                ],
                [
                    0.0,
                    0.0,
                    0.0,
                    1.0
                ]
            ],
            "radius": 0.00563
        },
        "distance": 0.0
    },
    {
        "case": 2,
        "collider1": {
            "type": "Box",
            "collider2origin": [
                [
                    1.0,
                    0.0,
                    0.0,
                    0.205
                ],
                [
                    0.0,
                    1.0,
                    0.0,
                    -0.17586
                ],
                [
                    0.0,
                    0.0,
                    1.0,
                    -0.10301
                ],
                [
                    0.0,
                    0.0,
                    0.0,
                    1.0
                ]
            ],
            "size": [
                0.05,
                0.05,
                1.2
            ]
        },
        "collider2": {
            "type": "Cylinder",
            "collider2origin": [
                [
                    0.41793737199089115,
                    -0.8756287353898444,
                    -0.2420798852712248,
                    0.22774635509736119
                ],
                [
                    -0.4675975750082126,
                    0.021124060785708883,
                    -0.8836890187743427,
                    -0.18165596141146267
                ],
                [
                    0.7788972081987369,
                    0.4825226334748491,
                    -0.400613338825244,
                    -0.044354702644590294
                ],
                [
                    0.0,
                    0.0,
                    0.0,
                    1.0
                ]
            ],
            "radius": 0.01271,
            "height": 0.05982
        },
        "distance": 0.0
    },
    {
        "case": 3,
        "collider1": {
            "type": "Box",
            "collider2origin": [
                [
                    1.0,
                    0.0,
                    0.0,
                    0.205
                ],
                [
                    0.0,
                    1.0,
                    0.0,
                    -0.17586
                ],
                [
                    0.0,
                    0.0,
                    1.0,
                    -0.10301
                ],
                [
                    0.0,
                    0.0,
                    0.0,
                    1.0
                ]
            ],
            "size": [
                0.05,
                0.05,
                1.2
            ]
        },
        "collider2": {
            "type": "Cylinder",
            "collider2origin": [
                [
                    0.8147017854933001,
                    -0.3932610810056096,
                    0.4261534029904342,
                    0.21860758607154906
                ],
                [
                    -0.46866442403136244,
                    -0.8793237428314985,
                    0.0845187135500465,
                    -0.14198234293954437
                ],
                [
                    0.34148888468203376,
                    -0.2685804859983368,
                    -0.9006941013349189,
                    -0.0352942573820747
                ],
                [
                    0.0,
                    0.0,
                    0.0,
                    1.0
                ]
            ],
            "radius": 0.00813,
            "height": 0.03824
        },
        "distance": 0.0
    },
    {
        "case": 4,
        "collider1": {
            "type": "Box",
            "collider2origin": [
                [
                    1.0,
                    0.0,
                    0.0,
                    0.205
                ],
                [
                    0.0,
                    1.0,
                    0.0,
                    -0.17586
                ],
                [
                    0.0,
                    0.0,
                    1.0,
                    -0.10301
                ],
                [
                    0.0,
                    0.0,
                    0.0,
                    1.0
                ]
            ],
            "size": [
                0.05,
                0.05,
                1.2
            ]
        },
        "collider2": {
            "type": "Sphere",
            "collider2origin": [
                [
                    1.0,
                    0.0,
                    0.0,
                    0.23608977605292125
                ],
                [
                    0.0,
                    1.0,
                    0.0,
                    -0.14751055016056003
                ],
                [
                    0.0,
                    0.0,
                    1.0,
                    -0.03169843078969414
                ],
                [
                    0.0,
                    0.0,
                    0.0,
                    1.0
                ]
            ],
            "radius": 0.01051
        },
        "distance": 0.0
    },
    {
        "case": 5,
        "collider1": {
            "type": "Box",
            "collider2origin": [
                [
                    1.0,
                    0.0,
                    0.0,
                    0.205
                ],
                [
                    0.0,
                    1.0,
                    0.0,
                    -0.17586
                ],
                [
                    0.0,
                    0.0,
                    1.0,
                    -0.10301
                ],
                [
                    0.0,
                    0.0,
                    0.0,
                    1.0
                ]
            ],
            "size": [
                0.05,
                0.05,
                1.2
            ]
        },
        "collider2": {
            "type": "Box",
            "collider2origin": [
                [
                    0.7585884607790927,
                    0.44214551148086206,
                    -0.4785926178391528,
                    0.1966627140926983
                ],
                [
                    -0.3891837089788336,
                    0.8965699035536917,
                    0.2114200764052509,
                    -0.21780849858062568
                ],
                [
                    0.5225701750370807,
                    0.02587961976247359,
                    0.85220341318412,
                    -0.10047432667767442
                ],
                [
                    0.0,
                    0.0,
                    0.0,
                    1.0
                ]
            ],
            "size": [
                0.06241,
                0.05638,
                0.02858
            ]
        },
        "distance": 0.0
    },
    {
        "case": 6,
        "collider1": {
            "type": "Box",
            "collider2origin": [
                [
                    1.0,
                    0.0,
                    0.0,
                    0.205
                ],
                [
                    0.0,
                    1.0,
                    0.0,
                    -0.17586
                ],
                [
                    0.0,
                    0.0,
                    1.0,
                    -0.10301
                ],
                [
                    0.0,
                    0.0,
                    0.0,
                    1.0
                ]
            ],
            "size": [
                0.05,
                0.05,
                1.2
            ]
        },
        "collider2": {
            "type": "Box",
            "collider2origin": [
                [
                    0.8420308538155785,
                    0.4421494016904515,
                    -0.3090112422022594,
                    0.2214832720203217
                ],
                [
                    -0.4248475548356875,
                    0.8965680740414699,
                    0.12518084422029788,
                    -0.17292772238443832
                ],
                [
                    0.33239824965355236,
                    0.02587653752619599,
                    0.9427840730691782,
                    -0.10070133370232126
                ],
                [
                    0.0,
                    0.0,
                    0.0,
                    1.0
                ]
            ],
            "size": [
                0.07264,
                0.04753,
                0.03326
            ]
        },
        "distance": 0.0
    },
    {
        "case": 7,
        "collider1": {
            "type": "Box",
            "collider2origin": [
                [
                    1.0,
                    0.0,
                    0.0,
                    0.205
                ],
                [
                    0.0,
                    1.0,
                    0.0,
                    -0.17586
                ],
                [
                    0.0,
                    0.0,
                    1.0,
                    -0.10301
                ],
                [
                    0.0,
                    0.0,
                    0.0,
                    1.0
                ]
            ],
            "size": [
                0.05,
                0.05,
                1.2
            ]
        },
        "collider2": {
            "type": "Box",
            "collider2origin": [
                [
                    0.09138918886648571,
                    -0.7092320871496044,
                    -0.6990263676827517,
                    0.36601829567447164
                ],
                [
                    -0.0919352098370302,
                    -0.7049750680273728,
                    0.703248228331947,
                    -0.430566514865821
                ],
                [
                    -0.9915623698742034,
                    -4.149364518968867e-06,
                    -0.12963050039337096,
                    -0.19338705420191693
                ],
                [
                    0.0,
                    0.0,
                    0.0,
                    1.0
                ]
            ],
            "size": [
                0.1202,
                0.13634,
                0.67816
            ]
        },
        "distance": 0.0
    },
    {
        "case": 8,
        "collider1": {
            "type": "Box",
            "collider2origin": [
                [
                    1.0,
                    0.0,
                    0.0,
                    0.205
                ],
                [
                    0.0,
                    1.0,
                    0.0,
                    -0.17586
                ],
                [
                    0.0,
                    0.0,
                    1.0,
                    -0.10301
                ],
                [
                    0.0,
                    0.0,
                    0.0,
                    1.0
                ]
            ],
            "size": [
                0.05,
                0.05,
                1.2
            ]
        },
        "collider2": {
            "type": "Cylinder",
            "collider2origin": [
                [
                    0.8147017854933001,
                    -0.5528309725868117,
                    0.17503975680612685,
                    0.22813115705215992
                ],
                [
                    -0.46866442403136244,
                    -0.8054963743038219,
                    -0.36266961360272193,
                    -0.14572480799066323
                ],
                [
                    0.34148888468203376,
                    0.2134326749401699,
                    -0.9153315437077999,
                    -0.06315127177914226
                ],
                [
                    0.0,
                    0.0,
                    0.0,
                    1.0
                ]
            ],
            "radius": 0.00683,
            "height": 0.01183
        },
        "distance": 0.0
    },
    {
        "case": 9,
        "collider1": {
            "type": "Box",
            "collider2origin": [
                [
                    1.0,
                    0.0,
                    0.0,
                    0.205
                ],
                [
                    0.0,
                    1.0,
                    0.0,
                    -0.17586
                ],
                [
                    0.0,
                    0.0,
                    1.0,
                    -0.10301
                ],
                [
                    0.0,
                    0.0,
                    0.0,
                    1.0
                ]
            ],
            "size": [
                0.05,
                0.05,
                1.2
            ]
        },
        "collider2": {
            "type": "Cylinder",
            "collider2origin": [
                [
                    0.8147017854933001,
                    -0.5528309725868117,
                    0.17503975680612685,
                    0.230984937105019
                ],
                [
                    -0.46866442403136244,
                    -0.8054963743038219,
                    -0.36266961360272193,
                    -0.15164776294487825
                ],
                [
                    0.34148888468203376,
                    0.2134326749401699,
                    -0.9153315437077999,
                    -0.07808838475388535
                ],
                [
                    0.0,
                    0.0,
                    0.0,
                    1.0
                ]
            ],
            "radius": 0.00683,
            "height": 0.01782
        },
        "distance": 0.0
    }
]