[
    {
        "case": 0,
        "collider1": {
            "type": "Box",
            "collider2origin": [
                [
                    1.0,
                    0.0,
                    0.0,
                    -0.06
                ],
                [
                    0.0,
                    1.0,
                    0.0,
                    -0.37086
                ],
                [
                    0.0,
                    0.0,
                    1.0,
                    -0.40301
                ],
                [
                    0.0,
                    0.0,
                    0.0,
                    1.0
                ]
            ],
            "size": [
                0.1,
                1.0,
                1.64
            ]
        },
        "collider2": {
            "type": "Box",
            "collider2origin": [
                [
                    0.16628868362276114,
                    -0.2068958340633841,
                    0.9641276821802317,
                    -0.16750034850033146
                ],
                [
                    -0.035169637157393525,
                    -0.9783629765218774,
                    -0.20388472918163691,
                    -0.9165997275953102
                ],
                [
                    0.9854497299818121,
                    -4.297529280019982e-06,
                    -0.16996714288445494,
                    -0.5314962300841688
                ],
                [
                    0.0,
                    0.0,
                    0.0,
                    1.0
                ]
            ],
            "size": [
                0.09102,
                0.10007,
                0.11882
            ]
        },
        "distance": 0.006611405446041634
    },
    {
        "case": 1,
        "collider1": {
            "type": "Box",
            "collider2origin": [
                [
                    1.0,
                    0.0,
                    0.0,
                    -0.06
                ],
                [
                    0.0,
                    1.0,
                    0.0,
                    -0.37086
                ],
                [
                    0.0,
                    0.0,
                    1.0,
                    -0.40301
                ],
                [
                    0.0,
                    0.0,
                    0.0,
                    1.0
                ]
            ],
            "size": [
                0.1,
                1.0,
                1.64
            ]
        },
        "collider2": {
            "type": "Box",
            "collider2origin": [
                [
                    0.2451231956678441,
                    -0.10184513439216394,
                    0.9641276821802317,
                    -0.06307100352323158
                ],
                [
                    0.43818793669207207,
                    -0.8754555096314576,
                    -0.20388472918163691,
                    -0.9446649193149951
                ],
                [
                    0.8648155589969047,
                    0.47244599612714133,
                    -0.16996714288445494,
                    -0.5488213377040152
                ],
                [
                    0.0,
                    0.0,
                    0.0,
                    1.0
                ]
            ],
            "size": [
                0.09126,
                0.11887,
                0.10009
            ]
        },
        "distance": 0.0
    },
    {
        "case": 2,
        "collider1": {
            "type": "Box",
            "collider2origin": [
                [
                    1.0,
                    0.0,
                    0.0,
                    -0.06
                ],
                [
                    0.0,
                    1.0,
                    0.0,
                    -0.37086
                ],
                [
                    0.0,
                    0.0,
                    1.0,
                    -0.40301
                ],
                [
                    0.0,
                    0.0,
                    0.0,
                    1.0
                ]
            ],
            "size": [
                0.1,
                1.0,
                1.64
            ]
        },
        "collider2": {
            "type": "Box",
            "collider2origin": [
                [
                    0.27037320455866787,
                    -0.20690282927126905,
                    -0.9402603626103891,
                    0.1276113027378477
                ],
                [
                    -0.05717362694467928,
                    -0.9783614972072254,
                    0.19884656689122582,
                    -0.8647771169970411
                ],
                [
                    -0.9610564534087824,
                    -4.6883031149737175e-06,
                    -0.27635211839128787,
                    -0.4501202634681738
                ],
                [
                    0.0,
                    0.0,
                    0.0,
                    1.0
                ]
            ],
            "size": [
                0.1202,
                0.13634,
                0.67816
            ]
        },
        "distance": 0.0
    }
]