[
    {
        "case": 0,
        "collider1": {
            "type": "Box",
            "collider2origin": [
                [
                    1.0,
                    0.0,
                    0.0,
                    1.2009999999999998
                ],
                [
                    0.0,
                    1.0,
                    0.0,
                    0.02914
                ],
                [
                    0.0,
                    0.0,
                    1.0,
                    -1.22801
                ],
                [
                    0.0,
                    0.0,
                    0.0,
                    1.0
                ]
            ],
            "size": [
                0.41,
                0.6,
                0.82
            ]
        },
        "collider2": {
            "type": "Box",
            "collider2origin": [
                [
                    -0.05903228273608381,
                    0.9873548007954575,
                    0.14712473259492895,
                    1.1130733503611665
                ],
                [
                    -0.36768695266943785,
                    -0.158526014713194,
                    0.9163382604125042,
                    -0.5997887114357923
                ],
                [
                    0.9280740780948628,
                    -2.3053195732041713e-06,
                    0.3723956304295954,
                    -0.8609591673405402
                ],
                [
                    0.0,
                    0.0,
                    0.0,
                    1.0
                ]
            ],
            "size": [
                0.1202,
                0.13634,
                0.67816
            ]
        },
        "distance": 0.019988915773654123
    },
    {
        "case": 1,
        "collider1": {
            "type": "Box",
            "collider2origin": [
                [
                    1.0,
                    0.0,
                    0.0,
                    1.28
                ],
                [
                    0.0,
                    1.0,
                    0.0,
                    -0.23086
                ],
                [
                    0.0,
                    0.0,
                    1.0,
                    -0.67301
                ],
                [
                    0.0,
                    0.0,
                    0.0,
                    1.0
                ]
            ],
            "size": [
                0.06,
                0.06,
                0.33
            ]
        },
        "collider2": {
            "type": "Box",
            "collider2origin": [
                [
                    -0.6000812087768606,
                    0.7893139740094957,
                    0.12994611693405422,
                    1.342046830583631
                ],
                [
                    0.4144937327182534,
                    0.44574297930049606,
                    -0.7934154913672951,
                    -0.24881772433751825
                ],
                [
                    -0.6841765038425325,
                    -0.4222518760617344,
                    -0.594647681196315,
                    -0.6925115657294673
                ],
                [
                    0.0,
                    0.0,
                    0.0,
                    1.0
                ]
            ],
            "size": [
                0.08993,
                0.0305,
                0.09007
            ]
        },
        "distance": 0.0
    },
    {
        "case": 2,
        "collider1": {
            "type": "Box",
            "collider2origin": [
                [
                    1.0,
                    0.0,
                    0.0,
                    1.2009999999999998
                ],
                [
                    0.0,
                    1.0,
                    0.0,
                    0.02914
                ],
                [
                    0.0,
                    0.0,
                    1.0,
                    -1.22801
                ],
                [
                    0.0,
                    0.0,
                    0.0,
                    1.0
                ]
            ],
            "size": [
                0.41,
                0.6,
                0.82
            ]
        },
        "collider2": {
            "type": "Box",
            "collider2origin": [
                [
                    -0.12700263064190176,
                    0.9873546088703604,
                    0.09487469711410908,
                    1.2666352416680526
                ],
                [
                    -0.7910129104802791,
                    -0.15852721009947698,
                    0.5909041369897439,
                    -0.34835531318237345
                ],
                [
                    0.5984721440999191,
                    -7.304402862011245e-07,
                    0.8011436155496166,
                    -0.7502323416349612
                ],
                [
                    0.0,
                    0.0,
                    0.0,
                    1.0
                ]
            ],
            "size": [
                0.09102,
                0.10007,
                0.11882
            ]
        },
        "distance": 0.051076282995545584
    },
    {
        "case": 3,
        "collider1": {
            "type": "Box",
            "collider2origin": [
                [
                    1.0,
                    0.0,
                    0.0,
                    1.23
                ],
                [
                    0.0,
                    1.0,
                    0.0,
                    -0.23086
                ],
                [
                    0.0,
                    0.0,
                    1.0,
                    -0.54301
                ],
                [
                    0.0,
                    0.0,
                    0.0,
                    1.0
                ]
            ],
            "size": [
                0.1,
                0.16,
                0.1
            ]
        },
        "collider2": {
            "type": "Box",
            "collider2origin": [
                [
                    0.6066155666044281,
                    0.7893138451849774,
                    0.09487469711410908,
                    1.2826497181338496
                ],
                [
                    -0.6724142801568831,
                    0.4457480641904196,
                    0.5909041369897439,
                    -0.2835999660795656
                ],
                [
                    0.4241186039238189,
                    -0.42224674903402015,
                    0.8011436155496166,
                    -0.663398454513779
                ],
                [
                    0.0,
                    0.0,
                    0.0,
                    1.0
                ]
            ],
            "size": [
                0.09126,
                0.11887,
                0.10009
            ]
        },
        "distance": 0.0
    },
    {
        "case": 4,
        "collider1": {
            "type": "Box",
            "collider2origin": [
                [
                    1.0,
                    0.0,
                    0.0,
                    1.28
                ],
                [
                    0.0,
                    1.0,
                    0.0,
                    -0.23086
                ],
                [
                    0.0,
                    0.0,
                    1.0,
                    -0.67301
                ],
                [
                    0.0,
                    0.0,
                    0.0,
                    1.0
                ]
            ],
            "size": [
                0.06,
                0.06,
                0.33
            ]
        },
        "collider2": {
            "type": "Box",
            "collider2origin": [
                [
                    0.6066155666044281,
                    0.7893138451849774,
                    0.09487469711410908,
                    1.2826497181338496
                ],
                [
                    -0.6724142801568831,
                    0.4457480641904196,
                    0.5909041369897439,
                    -0.2835999660795656
                ],
                [
                    0.4241186039238189,
                    -0.42224674903402015,
                    0.8011436155496166,
                    -0.663398454513779
                ],
                [
                    0.0,
                    0.0,
                    0.0,
                    1.0
                ]
            ],
            "size": [
                0.09126,
                0.11887,
                0.10009
            ]
        },
        "distance": 0.0
    }
]