[
    {
        "case": 0,
        "collider1": {
            "type": "Box",
            "collider2origin": [
                [
                    1.0,
                    0.0,
                    0.0,
                    0.7
                ],
                [
                    0.0,
                    1.0,
                    0.0,
                    -0.15085999999999994
                ],
                [
                    0.0,
                    0.0,
                    1.0,
                    -1.03301
                ],
                [
                    0.0,
                    0.0,
                    0.0,
                    1.0
                ]
            ],
            "size": [
                0.6,
                0.06,
                0.06
            ]
        },
        "collider2": {
            "type": "Box",
            "collider2origin": [
                [
                    -0.5184527512387446,
                    0.792445113640246,
                    -0.3213059081322251,
                    0.5083978939568672
                ],
                [
                    -0.07699867256801136,
                    0.33095976678379363,
                    0.9404981856405576,
                    -0.062489062137197626
                ],
                [
                    0.8516325200200734,
                    0.5123440002948355,
                    -0.11056977980508513,
                    -0.937346064057889
                ],
                [
                    0.0,
                    0.0,
                    0.0,
                    1.0
                ]
            ],
            "size": [
                0.09126,
                0.11887,
                0.10009
            ]
        },
        "distance": 0.0013066490261798322
    },
    {
        "case": 1,
        "collider1": {
            "type": "Box",
            "collider2origin": [
                [
                    1.0,
                    0.0,
                    0.0,
                    -0.08499999999999996
                ],
                [
                    0.0,
                    1.0,
                    0.0,
                    0.42914
                ],
                [
                    0.0,
                    0.0,
                    1.0,
                    -1.2880099999999999
                ],
                [
                    0.0,
                    0.0,
                    0.0,
                    1.0
                ]
            ],
            "size": [
                1.02,
                1.22,
                0.75
            ]
        },
        "collider2": {
            "type": "Box",
            "collider2origin": [
                [
                    -0.5184527512387446,
                    0.792445113640246,
                    -0.3213059081322251,
                    0.5083978939568672
                ],
                [
                    -0.07699867256801136,
                    0.33095976678379363,
                    0.9404981856405576,
                    -0.062489062137197626
                ],
                [
                    0.8516325200200734,
                    0.5123440002948355,
                    -0.11056977980508513,
                    -0.937346064057889
                ],
                [
                    0.0,
                    0.0,
                    0.0,
                    1.0
                ]
            ],
            "size": [
                0.09126,
                0.11887,
                0.10009
            ]
        },
        "distance": 0.0
    },
    {
        "case": 2,
        "collider1": {
            "type": "Box",
            "collider2origin": [
                [
                    1.0,
                    0.0,
                    0.0,
                    0.5199999999999999
                ],
                [
                    0.0,
                    1.0,
                    0.0,
                    -0.43085999999999997
                ],
                [
                    0.0,
                    0.0,
                    1.0,
                    -0.80301
                ],
                [
                    0.0,
                    0.0,
                    0.0,
                    1.0
                ]
            ],
            "size": [
                0.2,
                0.08,
                0.04
            ]
        },
        "collider2": {
            "type": "Box",
            "collider2origin": [
                [
                    0.035492729595124256,
                    -0.9463004101333645,
                    -0.3213344051409887,
                    0.7460034117691179
                ],
                [
                    -0.10387848624675174,
                    -0.3232886230055249,
                    0.9405815894064027,
                    -0.40561893169920915
                ],
                [
                    -0.9939565011815007,
                    -4.076429907299409e-06,
                    -0.10977464981684937,
                    -0.8940027417107194
                ],
                [
                    0.0,
                    0.0,
                    0.0,
                    1.0
                ]
            ],
            "size": [
                0.1202,
                0.13634,
                0.67816
            ]
        },
        "distance": 0.049137489808479075
    }
]