[
    {
        "case": 0,
        "collider1": {
            "type": "Box",
            "collider2origin": [
                [
                    1.0,
                    0.0,
                    0.0,
                    0.7
                ],
                [
                    0.0,
                    1.0,
                    0.0,
                    -0.15085999999999994
                ],
                [
                    0.0,
                    0.0,
                    1.0,
                    -1.03301
                ],
                [
                    0.0,
                    0.0,
                    0.0,
                    1.0
                ]
            ],
            "size": [
                0.6,
                0.06,
                0.06
            ]
        },
        "collider2": {
            "type": "Box",
            "collider2origin": [
                [
                    -0.10980208442014279,
                    0.7990450636741943,
                    0.5911602900017002,
                    0.5841422595779645
                ],
                [
                    0.16700451015468942,
                    0.6011324090934048,
                    -0.7815045235477216,
                    -0.17492485724612283
                ],
                [
                    -0.9798229410689382,
                    0.012915608985327696,
                    -0.1994497209813892,
                    -0.9963379853942447
                ],
                [
                    0.0,
                    0.0,
                    0.0,
                    1.0
                ]
            ],
            "size": [
                0.09126,
                0.11887,
                0.10009
            ]
        },
        "distance": 0.0
    },
    {
        "case": 1,
        "collider1": {
            "type": "Box",
            "collider2origin": [
                [
                    1.0,
                    0.0,
                    0.0,
                    0.7
                ],
                [
                    0.0,
                    1.0,
                    0.0,
                    -0.15085999999999994
                ],
                [
                    0.0,
                    0.0,
                    1.0,
                    -1.03301
                ],
                [
                    0.0,
                    0.0,
                    0.0,
                    1.0
                ]
            ],
            "size": [
                0.6,
                0.06,
                0.06
            ]
        },
        "collider2": {
            "type": "Box",
            "collider2origin": [
                [
                    0.5763828679118227,
                    0.7990422633168768,
                    -0.1712140502738747,
                    0.6458788684107641
                ],
                [
                    -0.771904703807953,
                    0.6011360396258731,
                    0.20687820112828897,
                    -0.1327805350689798
                ],
                [
                    0.26822736217041454,
                    0.012919879889653135,
                    0.9632689961203661,
                    -0.9951496604902664
                ],
                [
                    0.0,
                    0.0,
                    0.0,
                    1.0
                ]
            ],
            "size": [
                0.08993,
                0.0305,
                0.09007
            ]
        },
        "distance": 0.0
    },
    {
        "case": 2,
        "collider1": {
            "type": "Box",
            "collider2origin": [
                [
                    1.0,
                    0.0,
                    0.0,
                    0.7
                ],
                [
                    0.0,
                    1.0,
                    0.0,
                    -0.15085999999999994
                ],
                [
                    0.0,
                    0.0,
                    1.0,
                    -1.03301
                ],
                [
                    0.0,
                    0.0,
                    0.0,
                    1.0
                ]
            ],
            "size": [
                0.6,
                0.06,
                0.06
            ]
        },
        "collider2": {
            "type": "Box",
            "collider2origin": [
                [
                    -0.12032788922742048,
                    0.7975278744966718,
                    0.5911602900017002,
                    0.5146280165592936
                ],
                [
                    0.15906410749455357,
                    0.6032820976801894,
                    -0.7815045235477216,
                    -0.09320727147063934
                ],
                [
                    -0.9799080613920034,
                    -4.405824836346186e-06,
                    -0.1994497209813892,
                    -0.9743110687399715
                ],
                [
                    0.0,
                    0.0,
                    0.0,
                    1.0
                ]
            ],
            "size": [
                0.09102,
                0.10007,
                0.11882
            ]
        },
        "distance": 0.0
    },
    {
        "case": 3,
        "collider1": {
            "type": "Box",
            "collider2origin": [
                [
                    1.0,
                    0.0,
                    0.0,
                    0.7
                ],
                [
                    0.0,
                    1.0,
                    0.0,
                    -0.15085999999999994
                ],
                [
                    0.0,
                    0.0,
                    1.0,
                    -1.03301
                ],
                [
                    0.0,
                    0.0,
                    0.0,
                    1.0
                ]
            ],
            "size": [
                0.6,
                0.06,
                0.06
            ]
        },
        "collider2": {
            "type": "Box",
            "collider2origin": [
                [
                    -0.1909157204918933,
                    0.9283555533836942,
                    -0.31891559098092936,
                    0.7158943358090799
                ],
                [
                    0.4002270996699319,
                    0.37027837445952466,
                    0.8382793055404658,
                    -0.0868561204924696
                ],
                [
                    0.8963087952033357,
                    0.03240203557288227,
                    -0.4422450132357378,
                    -0.9922254513973308
                ],
                [
                    0.0,
                    0.0,
                    0.0,
                    1.0
                ]
            ],
            "size": [
                0.06241,
                0.05638,
                0.02858
            ]
        },
        "distance": 0.0
    },
    {
        "case": 4,
        "collider1": {
            "type": "Box",
            "collider2origin": [
                [
                    1.0,
                    0.0,
                    0.0,
                    0.7
                ],
                [
                    0.0,
                    1.0,
                    0.0,
                    -0.15085999999999994
                ],
                [
                    0.0,
                    0.0,
                    1.0,
                    -1.03301
                ],
                [
                    0.0,
                    0.0,
                    0.0,
                    1.0
                ]
            ],
            "size": [
                0.6,
                0.06,
                0.06
            ]
        },
        "collider2": {
            "type": "Box",
            "collider2origin": [
                [
                    -0.279435695253521,
                    0.7975237390925858,
                    -0.5346695968558173,
                    0.5800357725312285
                ],
                [
                    0.3694114994122082,
                    0.6032875645617888,
                    0.7068092094385368,
                    -0.364926073649682
                ],
                [
                    0.8862566424688759,
                    -5.374613579250282e-06,
                    -0.4631945203161497,
                    -0.8388419409966336
                ],
                [
                    0.0,
                    0.0,
                    0.0,
                    1.0
                ]
            ],
            "size": [
                0.1202,
                0.13634,
                0.67816
            ]
        },
        "distance": 0.0
    },
    {
        "case": 5,
        "collider1": {
            "type": "Box",
            "collider2origin": [
                [
                    1.0,
                    0.0,
                    0.0,
                    0.5199999999999999
                ],
                [
                    0.0,
                    1.0,
                    0.0,
                    -0.43085999999999997
                ],
                [
                    0.0,
                    0.0,
                    1.0,
                    -0.80301
                ],
                [
                    0.0,
                    0.0,
                    0.0,
                    1.0
                ]
            ],
            "size": [
                0.2,
                0.08,
                0.04
            ]
        },
        "collider2": {
            "type": "Box",
            "collider2origin": [
                [
                    -0.279435695253521,
                    0.7975237390925858,
                    -0.5346695968558173,
                    0.5800357725312285
                ],
                [
                    0.3694114994122082,
                    0.6032875645617888,
                    0.7068092094385368,
                    -0.364926073649682
                ],
                [
                    0.8862566424688759,
                    -5.374613579250282e-06,
                    -0.4631945203161497,
                    -0.8388419409966336
                ],
                [
                    0.0,
                    0.0,
                    0.0,
                    1.0
                ]
            ],
            "size": [
                0.1202,
                0.13634,
                0.67816
            ]
        },
        "distance": 0.0
    },
    {
        "case": 6,
        "collider1": {
            "type": "Box",
            "collider2origin": [
                [
                    1.0,
                    0.0,
                    0.0,
                    0.44499999999999995
                ],
                [
                    0.0,
                    1.0,
                    0.0,
                    -0.025859999999999994
                ],
                [
                    0.0,
                    0.0,
                    1.0,
                    -0.67801
                ],
                [
                    0.0,
                    0.0,
                    0.0,
                    1.0
                ]
            ],
            "size": [
                0.06,
                0.09,
                0.004
            ]
        },
        "collider2": {
            "type": "Box",
            "collider2origin": [
                [
                    -0.279435695253521,
                    0.7975237390925858,
                    -0.5346695968558173,
                    0.5800357725312285
                ],
                [
                    0.3694114994122082,
                    0.6032875645617888,
                    0.7068092094385368,
                    -0.364926073649682
                ],
                [
                    0.8862566424688759,
                    -5.374613579250282e-06,
                    -0.4631945203161497,
                    -0.8388419409966336
                ],
                [
                    0.0,
                    0.0,
                    0.0,
                    1.0
                ]
            ],
            "size": [
                0.1202,
                0.13634,
                0.67816
            ]
        },
        "distance": 0.22012613607345996
    },
    {
        "case": 7,
        "collider1": {
            "type": "Cylinder",
            "collider2origin": [
                [
                    1.0,
                    0.0,
                    0.0,
                    0.4849999999999999
                ],
                [
                    0.0,
                    -3.673205103346574e-06,
                    -0.9999999999932537,
                    -0.46086
                ],
                [
                    0.0,
                    0.9999999999932537,
                    -3.673205103346574e-06,
                    -0.70001
                ],
                [
                    0.0,
                    0.0,
                    0.0,
                    1.0
                ]
            ],
            "radius": 0.026,
            "height": 0.272
        },
        "collider2": {
            "type": "Box",
            "collider2origin": [
                [
                    -0.279435695253521,
                    0.7975237390925858,
                    -0.5346695968558173,
                    0.5800357725312285
                ],
                [
                    0.3694114994122082,
                    0.6032875645617888,
                    0.7068092094385368,
                    -0.364926073649682
                ],
                [
                    0.8862566424688759,
                    -5.374613579250282e-06,
                    -0.4631945203161497,
                    -0.8388419409966336
                ],
                [
                    0.0,
                    0.0,
                    0.0,
                    1.0
                ]
            ],
            "size": [
                0.1202,
                0.13634,
                0.67816
            ]
        },
        "distance": 0.05430624772552072
    },
    {
        "case": 8,
        "collider1": {
            "type": "Box",
            "collider2origin": [
                [
                    1.0,
                    0.0,
                    0.0,
                    -0.08499999999999996
                ],
                [
                    0.0,
                    1.0,
                    0.0,
                    0.42914
                ],
                [
                    0.0,
                    0.0,
                    1.0,
                    -1.2880099999999999
                ],
                [
                    0.0,
                    0.0,
                    0.0,
                    1.0
                ]
            ],
            "size": [
                1.02,
                1.22,
                0.75
            ]
        },
        "collider2": {
            "type": "Box",
            "collider2origin": [
                [
                    -0.279435695253521,
                    0.7975237390925858,
                    -0.5346695968558173,
                    0.5800357725312285
                ],
                [
                    0.3694114994122082,
                    0.6032875645617888,
                    0.7068092094385368,
                    -0.364926073649682
                ],
                [
                    0.8862566424688759,
                    -5.374613579250282e-06,
                    -0.4631945203161497,
                    -0.8388419409966336
                ],
                [
                    0.0,
                    0.0,
                    0.0,
                    1.0
                ]
            ],
            "size": [
                0.1202,
                0.13634,
                0.67816
            ]
        },
        "distance": 0.0
    },
    {
        "case": 9,
        "collider1": {
            "type": "Box",
            "collider2origin": [
                [
                    1.0,
                    0.0,
                    0.0,
                    -0.26
                ],
                [
                    0.0,
                    1.0,
                    0.0,
                    -0.4608599999999999
                ],
                [
                    0.0,
                    0.0,
                    1.0,
                    -1.143
                ],
                [
                    0.0,
                    0.0,
                    0.0,
                    1.0
                ]
            ],
            "size": [
                1.48,
                0.272,
                0.945
            ]
        },
        "collider2": {
            "type": "Box",
            "collider2origin": [
                [
                    -0.279435695253521,
                    0.7975237390925858,
                    -0.5346695968558173,
                    0.5800357725312285
                ],
                [
                    0.3694114994122082,
                    0.6032875645617888,
                    0.7068092094385368,
                    -0.364926073649682
                ],
                [
                    0.8862566424688759,
                    -5.374613579250282e-06,
                    -0.4631945203161497,
                    -0.8388419409966336
                ],
                [
                    0.0,
                    0.0,
                    0.0,
                    1.0
                ]
            ],
            "size": [
                0.1202,
                0.13634,
                0.67816
            ]
        },
        "distance": 0.0
    },
    {
        "case": 10,
        "collider1": {
            "type": "Box",
            "collider2origin": [
                [
                    1.0,
                    0.0,
                    0.0,
                    -0.08500000000000019
                ],
                [
                    0.0,
                    1.0,
                    0.0,
                    -0.03585999999999995
                ],
                [
                    0.0,
                    0.0,
                    1.0,
                    -0.81301
                ],
                [
                    0.0,
                    0.0,
                    0.0,
                    1.0
                ]
            ],
            "size": [
                1.01,
                0.28,
                0.27
            ]
        },
        "collider2": {
            "type": "Box",
            "collider2origin": [
                [
                    -0.279435695253521,
                    0.7975237390925858,
                    -0.5346695968558173,
                    0.5800357725312285
                ],
                [
                    0.3694114994122082,
                    0.6032875645617888,
                    0.7068092094385368,
                    -0.364926073649682
                ],
                [
                    0.8862566424688759,
                    -5.374613579250282e-06,
                    -0.4631945203161497,
                    -0.8388419409966336
                ],
                [
                    0.0,
                    0.0,
                    0.0,
                    1.0
                ]
            ],
            "size": [
                0.1202,
                0.13634,
                0.67816
            ]
        },
        "distance": 0.0
    }
]