[
    {
        "case": 0,
        "collider1": {
            "type": "Box",
            "collider2origin": [
                [
                    1.0,
                    0.0,
                    0.0,
                    1.2009999999999998
                ],
                [
                    0.0,
                    1.0,
                    0.0,
                    0.02914
                ],
                [
                    0.0,
                    0.0,
                    1.0,
                    -1.22801
                ],
                [
                    0.0,
                    0.0,
                    0.0,
                    1.0
                ]
            ],
            "size": [
                0.41,
                0.6,
                0.82
            ]
        },
        "collider2": {
            "type": "Box",
            "collider2origin": [
                [
                    -0.4126543135508184,
                    0.40402227654669304,
                    -0.8163837440578604,
                    1.3824808584140227
                ],
                [
                    0.09560810263607199,
                    0.910511367241023,
                    0.40227868553431123,
                    -0.06002782028001319
                ],
                [
                    0.9058562293312514,
                    0.08794913404298202,
                    -0.414354246512397,
                    -0.8819141922534751
                ],
                [
                    0.0,
                    0.0,
                    0.0,
                    1.0
                ]
            ],
            "size": [
                0.08993,
                0.0305,
                0.09007
            ]
        },
        "distance": 0.0
    },
    {
        "case": 1,
        "collider1": {
            "type": "Box",
            "collider2origin": [
                [
                    1.0,
                    0.0,
                    0.0,
                    1.2009999999999998
                ],
                [
                    0.0,
                    1.0,
                    0.0,
                    0.02914
                ],
                [
                    0.0,
                    0.0,
                    1.0,
                    -1.22801
                ],
                [
                    0.0,
                    0.0,
                    0.0,
                    1.0
                ]
            ],
            "size": [
                0.41,
                0.6,
                0.82
            ]
        },
        "collider2": {
            "type": "Box",
            "collider2origin": [
                [
                    -0.9145574754337803,
                    0.404025343828721,
                    0.018658662124447566,
                    1.3529760872103584
                ],
                [
                    0.4040311186966211,
                    0.9105102125387995,
                    0.08792046398482774,
                    -0.12872129805048893
                ],
                [
                    0.018533193274430305,
                    0.08794699771245341,
                    -0.9959527329850639,
                    -0.8843385291483644
                ],
                [
                    0.0,
                    0.0,
                    0.0,
                    1.0
                ]
            ],
            "size": [
                0.09126,
                0.11887,
                0.10009
            ]
        },
        "distance": 0.0
    },
    {
        "case": 2,
        "collider1": {
            "type": "Box",
            "collider2origin": [
                [
                    1.0,
                    0.0,
                    0.0,
                    1.28
                ],
                [
                    0.0,
                    1.0,
                    0.0,
                    -0.23086
                ],
                [
                    0.0,
                    0.0,
                    1.0,
                    -0.67301
                ],
                [
                    0.0,
                    0.0,
                    0.0,
                    1.0
                ]
            ],
            "size": [
                0.06,
                0.06,
                0.33
            ]
        },
        "collider2": {
            "type": "Box",
            "collider2origin": [
                [
                    -0.9145574754337803,
                    0.404025343828721,
                    0.018658662124447566,
                    1.3529760872103584
                ],
                [
                    0.4040311186966211,
                    0.9105102125387995,
                    0.08792046398482774,
                    -0.12872129805048893
                ],
                [
                    0.018533193274430305,
                    0.08794699771245341,
                    -0.9959527329850639,
                    -0.8843385291483644
                ],
                [
                    0.0,
                    0.0,
                    0.0,
                    1.0
                ]
            ],
            "size": [
                0.09126,
                0.11887,
                0.10009
            ]
        },
        "distance": 0.01980389594329344
    },
    {
        "case": 3,
        "collider1": {
            "type": "Box",
            "collider2origin": [
                [
                    1.0,
                    0.0,
                    0.0,
                    1.2009999999999998
                ],
                [
                    0.0,
                    1.0,
                    0.0,
                    0.02914
                ],
                [
                    0.0,
                    0.0,
                    1.0,
                    -1.22801
                ],
                [
                    0.0,
                    0.0,
                    0.0,
                    1.0
                ]
            ],
            "size": [
                0.41,
                0.6,
                0.82
            ]
        },
        "collider2": {
            "type": "Sphere",
            "collider2origin": [
                [
                    1.0,
                    0.0,
                    0.0,
                    1.4159796085679874
                ],
                [
                    0.0,
                    1.0,
                    0.0,
                    0.09889466827919091
                ],
                [
                    0.0,
                    0.0,
                    1.0,
                    -0.9437586528367559
                ],
                [
                    0.0,
                    0.0,
                    0.0,
                    1.0
                ]
            ],
            "radius": 0.01051
        },
        "distance": 0.0
    },
    {
        "case": 4,
        "collider1": {
            "type": "Box",
            "collider2origin": [
                [
                    1.0,
                    0.0,
                    0.0,
                    1.2009999999999998
                ],
                [
                    0.0,
                    1.0,
                    0.0,
                    0.02914
                ],
                [
                    0.0,
                    0.0,
                    1.0,
                    -1.22801
                ],
                [
                    0.0,
                    0.0,
                    0.0,
                    1.0
                ]
            ],
            "size": [
                0.41,
                0.6,
                0.82
            ]
        },
        "collider2": {
            "type": "Box",
            "collider2origin": [
                [
                    0.20683819886360366,
                    0.9781972264418797,
                    0.018658662124447566,
                    1.3461737968922636
                ],
                [
                    0.9742380642764018,
                    -0.20767808292562412,
                    0.08792046398482774,
                    -0.13969050567435093
                ],
                [
                    0.0898785491974039,
                    -7.331543764888739e-06,
                    -0.9959527329850639,
                    -0.7756399510593673
                ],
                [
                    0.0,
                    0.0,
                    0.0,
                    1.0
                ]
            ],
            "size": [
                0.09102,
                0.10007,
                0.11882
            ]
        },
        "distance": 0.0
    },
    {
        "case": 5,
        "collider1": {
            "type": "Box",
            "collider2origin": [
                [
                    1.0,
                    0.0,
                    0.0,
                    1.2009999999999998
                ],
                [
                    0.0,
                    1.0,
                    0.0,
                    0.02914
                ],
                [
                    0.0,
                    0.0,
                    1.0,
                    -1.22801
                ],
                [
                    0.0,
                    0.0,
                    0.0,
                    1.0
                ]
            ],
            "size": [
                0.41,
                0.6,
                0.82
            ]
        },
        "collider2": {
            "type": "Cylinder",
            "collider2origin": [
                [
                    -0.7742041379844817,
                    0.6200836579125834,
                    -0.12690236371894673,
                    1.4095173604119313
                ],
                [
                    -0.32475372042700906,
                    -0.5612651393233472,
                    -0.7612597877526175,
                    0.06940780223621101
                ],
                [
                    -0.5432706266645762,
                    -0.5481584630105553,
                    0.635908268253672,
                    -0.9217480399481308
                ],
                [
                    0.0,
                    0.0,
                    0.0,
                    1.0
                ]
            ],
            "radius": 0.01271,
            "height": 0.05982
        },
        "distance": 0.0
    },
    {
        "case": 6,
        "collider1": {
            "type": "Box",
            "collider2origin": [
                [
                    1.0,
                    0.0,
                    0.0,
                    1.2009999999999998
                ],
                [
                    0.0,
                    1.0,
                    0.0,
                    0.02914
                ],
                [
                    0.0,
                    0.0,
                    1.0,
                    -1.22801
                ],
                [
                    0.0,
                    0.0,
                    0.0,
                    1.0
                ]
            ],
            "size": [
                0.41,
                0.6,
                0.82
            ]
        },
        "collider2": {
            "type": "Cylinder",
            "collider2origin": [
                [
                    -0.7416874340686999,
                    0.6636196256027658,
                    -0.09751278203103987,
                    1.413359816475995
                ],
                [
                    -0.32546570663328106,
                    -0.483183330313945,
                    -0.8127766871117948,
                    0.08024607832075725
                ],
                [
                    -0.5864911115697209,
                    -0.5710891890252958,
                    0.5743564348278364,
                    -0.9311139036515427
                ],
                [
                    0.0,
                    0.0,
                    0.0,
                    1.0
                ]
            ],
            "radius": 0.01169,
            "height": 0.05502
        },
        "distance": 0.0
    },
    {
        "case": 7,
        "collider1": {
            "type": "Box",
            "collider2origin": [
                [
                    1.0,
                    0.0,
                    0.0,
                    1.2009999999999998
                ],
                [
                    0.0,
                    1.0,
                    0.0,
                    0.02914
                ],
                [
                    0.0,
                    0.0,
                    1.0,
                    -1.22801
                ],
                [
                    0.0,
                    0.0,
                    0.0,
                    1.0
                ]
            ],
            "size": [
                0.41,
                0.6,
                0.82
            ]
        },
        "collider2": {
            "type": "Box",
            "collider2origin": [
                [
                    -0.8065638295226197,
                    0.3250928143238854,
                    0.4937301398342846,
                    1.4277469288833193
                ],
                [
                    0.44631092587558613,
                    0.8825568381195509,
                    0.14798643496110575,
                    0.06240058229016432
                ],
                [
                    -0.38763558447320556,
                    0.33971766154175165,
                    -0.8569308980814727,
                    -0.8508876844443679
                ],
                [
                    0.0,
                    0.0,
                    0.0,
                    1.0
                ]
            ],
            "size": [
                0.07264,
                0.04753,
                0.03326
            ]
        },
        "distance": 0.0
    },
    {
        "case": 8,
        "collider1": {
            "type": "Box",
            "collider2origin": [
                [
                    1.0,
                    0.0,
                    0.0,
                    1.2009999999999998
                ],
                [
                    0.0,
                    1.0,
                    0.0,
                    0.02914
                ],
                [
                    0.0,
                    0.0,
                    1.0,
                    -1.22801
                ],
                [
                    0.0,
                    0.0,
                    0.0,
                    1.0
                ]
            ],
            "size": [
                0.41,
                0.6,
                0.82
            ]
        },
        "collider2": {
            "type": "Box",
            "collider2origin": [
                [
                    -0.036850826666696715,
                    0.9781979086316035,
                    0.2043792262504629,
                    1.1771847452457191
                ],
                [
                    -0.1735904542634321,
                    -0.20767486978358302,
                    0.9626720639184392,
                    -0.3975142732323199
                ],
                [
                    0.9841282288211208,
                    -3.0213624970309673e-06,
                    0.17745880994832292,
                    -0.8249139926189759
                ],
                [
                    0.0,
                    0.0,
                    0.0,
                    1.0
                ]
            ],
            "size": [
                0.1202,
                0.13634,
                0.67816
            ]
        },
        "distance": 0.0
    },
    {
        "case": 9,
        "collider1": {
            "type": "Box",
            "collider2origin": [
                [
                    1.0,
                    0.0,
                    0.0,
                    1.28
                ],
                [
                    0.0,
                    1.0,
                    0.0,
                    -0.23086
                ],
                [
                    0.0,
                    0.0,
                    1.0,
                    -0.67301
                ],
                [
                    0.0,
                    0.0,
                    0.0,
                    1.0
                ]
            ],
            "size": [
                0.06,
                0.06,
                0.33
            ]
        },
        "collider2": {
            "type": "Box",
            "collider2origin": [
                [
                    -0.036850826666696715,
                    0.9781979086316035,
                    0.2043792262504629,
                    1.1771847452457191
                ],
                [
                    -0.1735904542634321,
                    -0.20767486978358302,
                    0.9626720639184392,
                    -0.3975142732323199
                ],
                [
                    0.9841282288211208,
                    -3.0213624970309673e-06,
                    0.17745880994832292,
                    -0.8249139926189759
                ],
                [
                    0.0,
                    0.0,
                    0.0,
                    1.0
                ]
            ],
            "size": [
                0.1202,
                0.13634,
                0.67816
            ]
        },
        "distance": 0.0
    },
    {
        "case": 10,
        "collider1": {
            "type": "Box",
            "collider2origin": [
                [
                    1.0,
                    0.0,
                    0.0,
                    1.2009999999999998
                ],
                [
                    0.0,
                    1.0,
                    0.0,
                    0.02914
                ],
                [
                    0.0,
                    0.0,
                    1.0,
                    -1.22801
                ],
                [
                    0.0,
                    0.0,
                    0.0,
                    1.0
                ]
            ],
            "size": [
                0.41,
                0.6,
                0.82
            ]
        },
        "collider2": {
            "type": "Box",
            "collider2origin": [
                [
                    -0.6852012061663018,
                    0.32509739824389605,
                    0.6517752593672872,
                    1.4136353674101325
                ],
                [
                    0.46741375294735216,
                    0.8825561283149481,
                    0.05117679092518476,
                    0.016758560367068354
                ],
                [
                    -0.558590807858415,
                    0.33971511892875467,
                    -0.7566835186174633,
                    -0.8695441945027915
                ],
                [
                    0.0,
                    0.0,
                    0.0,
                    1.0
                ]
            ],
            "size": [
                0.06241,
                0.05638,
                0.02858
            ]
        },
        "distance": 0.0
    }
]