[
    {
        "case": 0,
        "collider1": {
            "type": "Box",
            "collider2origin": [
                [
                    1.0,
                    0.0,
                    0.0,
                    1.2009999999999998
                ],
                [
                    0.0,
                    1.0,
                    0.0,
                    0.02914
                ],
                [
                    0.0,
                    0.0,
                    1.0,
                    -1.22801
                ],
                [
                    0.0,
                    0.0,
                    0.0,
                    1.0
                ]
            ],
            "size": [
                0.41,
                0.6,
                0.82
            ]
        },
        "collider2": {
            "type": "Box",
            "collider2origin": [
                [
                    -0.9389701453074517,
                    -0.32398095977005076,
                    -0.11563478684106843,
                    1.005496724801609
                ],
                [
                    0.09627817173173181,
                    -0.5702207669143976,
                    0.8158301236333156,
                    0.12292285983193674
                ],
                [
                    -0.3302507832985378,
                    0.7549070238685243,
                    0.5666125708494908,
                    -0.8166190249542966
                ],
                [
                    0.0,
                    0.0,
                    0.0,
                    1.0
                ]
            ],
            "size": [
                0.09126,
                0.11887,
                0.10009
            ]
        },
        "distance": 0.0
    },
    {
        "case": 1,
        "collider1": {
            "type": "Box",
            "collider2origin": [
                [
                    1.0,
                    0.0,
                    0.0,
                    1.2009999999999998
                ],
                [
                    0.0,
                    1.0,
                    0.0,
                    0.02914
                ],
                [
                    0.0,
                    0.0,
                    1.0,
                    -1.22801
                ],
                [
                    0.0,
                    0.0,
                    0.0,
                    1.0
                ]
            ],
            "size": [
                0.41,
                0.6,
                0.82
            ]
        },
        "collider2": {
            "type": "Box",
            "collider2origin": [
                [
                    0.07951813735032463,
                    0.9901037632008856,
                    -0.11563478684106843,
                    1.014931206462893
                ],
                [
                    -0.5610050545935735,
                    0.14033722988897213,
                    0.8158301236333156,
                    0.034492311217297456
                ],
                [
                    0.8239843412060671,
                    -1.5919209164926412e-06,
                    0.5666125708494908,
                    -0.8803569784568706
                ],
                [
                    0.0,
                    0.0,
                    0.0,
                    1.0
                ]
            ],
            "size": [
                0.09102,
                0.10007,
                0.11882
            ]
        },
        "distance": 0.0
    },
    {
        "case": 2,
        "collider1": {
            "type": "Box",
            "collider2origin": [
                [
                    1.0,
                    0.0,
                    0.0,
                    1.2009999999999998
                ],
                [
                    0.0,
                    1.0,
                    0.0,
                    0.02914
                ],
                [
                    0.0,
                    0.0,
                    1.0,
                    -1.22801
                ],
                [
                    0.0,
                    0.0,
                    0.0,
                    1.0
                ]
            ],
            "size": [
                0.41,
                0.6,
                0.82
            ]
        },
        "collider2": {
            "type": "Box",
            "collider2origin": [
                [
                    -0.02490098147460081,
                    0.9901036806412195,
                    -0.1381109796587929,
                    0.9449092348949376
                ],
                [
                    0.17571037646199023,
                    0.14033781230304132,
                    0.9743875830703005,
                    -0.2678627627759651
                ],
                [
                    0.9841269251093515,
                    -4.325074266168789e-06,
                    -0.17746603972621489,
                    -0.829925130125144
                ],
                [
                    0.0,
                    0.0,
                    0.0,
                    1.0
                ]
            ],
            "size": [
                0.1202,
                0.13634,
                0.67816
            ]
        },
        "distance": 0.0
    }
]