[
    {
        "case": 0,
        "collider1": {
            "type": "Box",
            "collider2origin": [
                [
                    1.0,
                    0.0,
                    0.0,
                    0.0
                ],
                [
                    0.0,
                    1.0,
                    0.0,
                    -0.37086
                ],
                [
                    0.0,
                    0.0,
                    1.0,
                    0.39699
                ],
                [
                    0.0,
                    0.0,
                    0.0,
                    1.0
                ]
            ],
            "size": [
                0.6,
                1.6,
                0.1
            ]
        },
        "collider2": {
            "type": "Box",
            "collider2origin": [
                [
                    0.8778321643364476,
                    -0.3709240467911195,
                    -0.30302812207530655,
                    0.35912588770677145
                ],
                [
                    0.3506213254160016,
                    0.9286632067181615,
                    -0.12103443580843955,
                    -1.2040708786958665
                ],
                [
                    0.32630565030338315,
                    -2.0105540259310075e-07,
                    0.9452643136075991,
                    0.08971194975569241
                ],
                [
                    0.0,
                    0.0,
                    0.0,
                    1.0
                ]
            ],
            "size": [
                0.1202,
                0.13634,
                0.67816
            ]
        },
        "distance": 0.0
    },
    {
        "case": 1,
        "collider1": {
            "type": "Box",
            "collider2origin": [
                [
                    1.0,
                    0.0,
                    0.0,
                    0.0
                ],
                [
                    0.0,
                    1.0,
                    0.0,
                    -0.37086
                ],
                [
                    0.0,
                    0.0,
                    1.0,
                    0.39699
                ],
                [
                    0.0,
                    0.0,
                    0.0,
                    1.0
                ]
            ],
            "size": [
                0.6,
                1.6,
                0.1
            ]
        },
        "collider2": {
            "type": "Box",
            "collider2origin": [
                [
                    -0.9720337089261561,
                    0.04310190518287513,
                    0.2308521052121183,
                    0.2959495480449146
                ],
                [
                    0.014943514898913192,
                    -0.9696685398816134,
                    0.24396642007933333,
                    -1.18035888290427
                ],
                [
                    0.23436544129569636,
                    0.2405933260368338,
                    0.941906413287863,
                    0.4774986443479958
                ],
                [
                    0.0,
                    0.0,
                    0.0,
                    1.0
                ]
            ],
            "size": [
                0.08993,
                0.0305,
                0.09007
            ]
        },
        "distance": 0.0011263619367331702
    },
    {
        "case": 2,
        "collider1": {
            "type": "Box",
            "collider2origin": [
                [
                    1.0,
                    0.0,
                    0.0,
                    0.0
                ],
                [
                    0.0,
                    1.0,
                    0.0,
                    -0.37086
                ],
                [
                    0.0,
                    0.0,
                    1.0,
                    0.39699
                ],
                [
                    0.0,
                    0.0,
                    0.0,
                    1.0
                ]
            ],
            "size": [
                0.6,
                1.6,
                0.1
            ]
        },
        "collider2": {
            "type": "Box",
            "collider2origin": [
                [
                    -0.8283999565560713,
                    0.043103108613266966,
                    0.5584761713858274,
                    0.2903676678089755
                ],
                [
                    0.09992741697886778,
                    -0.9696686166626541,
                    0.22306341070526584,
                    -1.1090119695944938
                ],
                [
                    0.5511515429660253,
                    0.24059280098832456,
                    0.798966257609645,
                    0.4556503423355296
                ],
                [
                    0.0,
                    0.0,
                    0.0,
                    1.0
                ]
            ],
            "size": [
                0.09126,
                0.11887,
                0.10009
            ]
        },
        "distance": 0.0
    },
    {
        "case": 3,
        "collider1": {
            "type": "Box",
            "collider2origin": [
                [
                    1.0,
                    0.0,
                    0.0,
                    0.0
                ],
                [
                    0.0,
                    1.0,
                    0.0,
                    -0.37086
                ],
                [
                    0.0,
                    0.0,
                    1.0,
                    0.39699
                ],
                [
                    0.0,
                    0.0,
                    0.0,
                    1.0
                ]
            ],
            "size": [
                0.6,
                1.6,
                0.1
            ]
        },
        "collider2": {
            "type": "Box",
            "collider2origin": [
                [
                    0.7419717414169007,
                    -0.3709208823091522,
                    0.5584761713858274,
                    0.2305746487882534
                ],
                [
                    0.29635285680768986,
                    0.9286644706601274,
                    0.22306341070526584,
                    -1.135070203455335
                ],
                [
                    -0.6013758551859999,
                    -7.384381684980938e-07,
                    0.798966257609645,
                    0.36785643382994193
                ],
                [
                    0.0,
                    0.0,
                    0.0,
                    1.0
                ]
            ],
            "size": [
                0.09102,
                0.10007,
                0.11882
            ]
        },
        "distance": 0.0
    }
]