[
    {
        "case": 0,
        "collider1": {
            "type": "Box",
            "collider2origin": [
                [
                    1.0,
                    0.0,
                    0.0,
                    -0.26
                ],
                [
                    0.0,
                    1.0,
                    0.0,
                    -0.4608599999999999
                ],
                [
                    0.0,
                    0.0,
                    1.0,
                    -1.143
                ],
                [
                    0.0,
                    0.0,
                    0.0,
                    1.0
                ]
            ],
            "size": [
                1.48,
                0.272,
                0.945
            ]
        },
        "collider2": {
            "type": "Box",
            "collider2origin": [
                [
                    0.06991770616030969,
                    0.21706459668644448,
                    0.9736500784319956,
                    0.3503840985607749
                ],
                [
                    -0.3311768101934117,
                    0.9257316991880759,
                    -0.18259994936602156,
                    -0.32547557394200755
                ],
                [
                    -0.9409747258855558,
                    -0.3096833576150124,
                    0.13661179766365222,
                    -0.7223423220001982
                ],
                [
                    0.0,
                    0.0,
                    0.0,
                    1.0
                ]
            ],
            "size": [
                0.06241,
                0.05638,
                0.02858
            ]
        },
        "distance": 0.0
    },
    {
        "case": 1,
        "collider1": {
            "type": "Cylinder",
            "collider2origin": [
                [
                    1.0,
                    0.0,
                    0.0,
                    0.4849999999999999
                ],
                [
                    0.0,
                    -3.673205103346574e-06,
                    -0.9999999999932537,
                    -0.46086
                ],
                [
                    0.0,
                    0.9999999999932537,
                    -3.673205103346574e-06,
                    -0.70001
                ],
                [
                    0.0,
                    0.0,
                    0.0,
                    1.0
                ]
            ],
            "radius": 0.026,
            "height": 0.272
        },
        "collider2": {
            "type": "Box",
            "collider2origin": [
                [
                    -0.10174967512739402,
                    0.44679441355155824,
                    -0.8888316801456778,
                    0.38161838122787906
                ],
                [
                    0.05081979414856125,
                    0.8946366592099736,
                    0.44389480343918747,
                    -0.5123704786083316
                ],
                [
                    0.9935111233067133,
                    -4.090977047436994e-06,
                    -0.11373498955508923,
                    -0.6505988729643742
                ],
                [
                    0.0,
                    0.0,
                    0.0,
                    1.0
                ]
            ],
            "size": [
                0.09102,
                0.10007,
                0.11882
            ]
        },
        "distance": 9.053245722175452e-06
    },
    {
        "case": 2,
        "collider1": {
            "type": "Box",
            "collider2origin": [
                [
                    1.0,
                    0.0,
                    0.0,
                    -0.26
                ],
                [
                    0.0,
                    1.0,
                    0.0,
                    -0.4608599999999999
                ],
                [
                    0.0,
                    0.0,
                    1.0,
                    -1.143
                ],
                [
                    0.0,
                    0.0,
                    0.0,
                    1.0
                ]
            ],
            "size": [
                1.48,
                0.272,
                0.945
            ]
        },
        "collider2": {
            "type": "Box",
            "collider2origin": [
                [
                    -0.10174967512739402,
                    0.44679441355155824,
                    -0.8888316801456778,
                    0.38161838122787906
                ],
                [
                    0.05081979414856125,
                    0.8946366592099736,
                    0.44389480343918747,
                    -0.5123704786083316
                ],
                [
                    0.9935111233067133,
                    -4.090977047436994e-06,
                    -0.11373498955508923,
                    -0.6505988729643742
                ],
                [
                    0.0,
                    0.0,
                    0.0,
                    1.0
                ]
            ],
            "size": [
                0.09102,
                0.10007,
                0.11882
            ]
        },
        "distance": 0.0
    },
    {
        "case": 3,
        "collider1": {
            "type": "Box",
            "collider2origin": [
                [
                    1.0,
                    0.0,
                    0.0,
                    -0.26
                ],
                [
                    0.0,
                    1.0,
                    0.0,
                    -0.4608599999999999
                ],
                [
                    0.0,
                    0.0,
                    1.0,
                    -1.143
                ],
                [
                    0.0,
                    0.0,
                    0.0,
                    1.0
                ]
            ],
            "size": [
                1.48,
                0.272,
                0.945
            ]
        },
        "collider2": {
            "type": "Box",
            "collider2origin": [
                [
                    0.06670375032817916,
                    0.45335290234161624,
                    -0.8888316801456778,
                    0.28716530491870473
                ],
                [
                    0.3708951057546783,
                    0.8157169999496826,
                    0.44389480343918747,
                    -0.45847890530414537
                ],
                [
                    0.9262761090621854,
                    -0.3592727681463234,
                    -0.11373498955508923,
                    -0.663566821842274
                ],
                [
                    0.0,
                    0.0,
                    0.0,
                    1.0
                ]
            ],
            "size": [
                0.09126,
                0.11887,
                0.10009
            ]
        },
        "distance": 0.0
    },
    {
        "case": 4,
        "collider1": {
            "type": "Box",
            "collider2origin": [
                [
                    1.0,
                    0.0,
                    0.0,
                    -0.26
                ],
                [
                    0.0,
                    1.0,
                    0.0,
                    -0.4608599999999999
                ],
                [
                    0.0,
                    0.0,
                    1.0,
                    -1.143
                ],
                [
                    0.0,
                    0.0,
                    0.0,
                    1.0
                ]
            ],
            "size": [
                1.48,
                0.272,
                0.945
            ]
        },
        "collider2": {
            "type": "Box",
            "collider2origin": [
                [
                    -0.8809826872370367,
                    0.45335566978314346,
                    -0.13541839411278814,
                    0.31754630715280374
                ],
                [
                    0.4713182259238866,
                    0.8157141375691848,
                    -0.3353648396623007,
                    -0.3962325823670789
                ],
                [
                    -0.04157685294210186,
                    -0.3592757749212128,
                    -0.932304822927669,
                    -0.6917662898475464
                ],
                [
                    0.0,
                    0.0,
                    0.0,
                    1.0
                ]
            ],
            "size": [
                0.08993,
                0.0305,
                0.09007
            ]
        },
        "distance": 0.0
    },
    {
        "case": 5,
        "collider1": {
            "type": "Box",
            "collider2origin": [
                [
                    1.0,
                    0.0,
                    0.0,
                    -0.26
                ],
                [
                    0.0,
                    1.0,
                    0.0,
                    -0.4608599999999999
                ],
                [
                    0.0,
                    0.0,
                    1.0,
                    -1.143
                ],
                [
                    0.0,
                    0.0,
                    0.0,
                    1.0
                ]
            ],
            "size": [
                1.48,
                0.272,
                0.945
            ]
        },
        "collider2": {
            "type": "Cylinder",
            "collider2origin": [
                [
                    0.5415232178171313,
                    0.5609627428258454,
                    -0.6261576524536642,
                    0.40733488120958383
                ],
                [
                    -0.5908083103269802,
                    -0.27593694095228566,
                    -0.758158522385967,
                    -0.3022355424107349
                ],
                [
                    -0.5980787113863509,
                    0.7804995873023889,
                    0.18199519006622852,
                    -0.759172558955669
                ],
                [
                    0.0,
                    0.0,
                    0.0,
                    1.0
                ]
            ],
            "radius": 0.01271,
            "height": 0.05982
        },
        "distance": 0.0
    },
    {
        "case": 6,
        "collider1": {
            "type": "Cylinder",
            "collider2origin": [
                [
                    1.0,
                    0.0,
                    0.0,
                    0.4849999999999999
                ],
                [
                    0.0,
                    -3.673205103346574e-06,
                    -0.9999999999932537,
                    -0.46086
                ],
                [
                    0.0,
                    0.9999999999932537,
                    -3.673205103346574e-06,
                    -0.70001
                ],
                [
                    0.0,
                    0.0,
                    0.0,
                    1.0
                ]
            ],
            "radius": 0.026,
            "height": 0.272
        },
        "collider2": {
            "type": "Box",
            "collider2origin": [
                [
                    -0.8310805102343053,
                    0.4467964619321199,
                    -0.3311768517176678,
                    0.43069841493566197
                ],
                [
                    0.4150588680018492,
                    0.8946356361976283,
                    0.16538807253936963,
                    -0.6618033121540372
                ],
                [
                    0.3701774190867267,
                    -7.085469663872419e-06,
                    -0.9289610747216943,
                    -0.37895846885257023
                ],
                [
                    0.0,
                    0.0,
                    0.0,
                    1.0
                ]
            ],
            "size": [
                0.1202,
                0.13634,
                0.67816
            ]
        },
        "distance": 0.049750057650214785
    },
    {
        "case": 7,
        "collider1": {
            "type": "Box",
            "collider2origin": [
                [
                    1.0,
                    0.0,
                    0.0,
                    -0.26
                ],
                [
                    0.0,
                    1.0,
                    0.0,
                    -0.4608599999999999
                ],
                [
                    0.0,
                    0.0,
                    1.0,
                    -1.143
                ],
                [
                    0.0,
                    0.0,
                    0.0,
                    1.0
                ]
            ],
            "size": [
                1.48,
                0.272,
                0.945
            ]
        },
        "collider2": {
            "type": "Box",
            "collider2origin": [
                [
                    -0.8310805102343053,
                    0.4467964619321199,
                    -0.3311768517176678,
                    0.43069841493566197
                ],
                [
                    0.4150588680018492,
                    0.8946356361976283,
                    0.16538807253936963,
                    -0.6618033121540372
                ],
                [
                    0.3701774190867267,
                    -7.085469663872419e-06,
                    -0.9289610747216943,
                    -0.37895846885257023
                ],
                [
                    0.0,
                    0.0,
                    0.0,
                    1.0
                ]
            ],
            "size": [
                0.1202,
                0.13634,
                0.67816
            ]
        },
        "distance": 0.0
    }
]