[
    {
        "case": 0,
        "collider1": {
            "type": "Box",
            "collider2origin": [
                [
                    1.0,
                    0.0,
                    0.0,
                    -0.08500000000000019
                ],
                [
                    0.0,
                    1.0,
                    0.0,
                    -0.03585999999999995
                ],
                [
                    0.0,
                    0.0,
                    1.0,
                    -0.81301
                ],
                [
                    0.0,
                    0.0,
                    0.0,
                    1.0
                ]
            ],
            "size": [
                1.01,
                0.28,
                0.27
            ]
        },
        "collider2": {
            "type": "Box",
            "collider2origin": [
                [
                    -0.9115226888420951,
                    -0.39039179186620276,
                    0.12930830046664515,
                    0.4092608308519976
                ],
                [
                    0.4111722993090023,
                    -0.8712320519632566,
                    0.26812693246453484,
                    -0.17482094155244887
                ],
                [
                    0.007982982339018277,
                    0.2975717736536656,
                    0.9546660733039517,
                    -0.739085869204609
                ],
                [
                    0.0,
                    0.0,
                    0.0,
                    1.0
                ]
            ],
            "size": [
                0.08993,
                0.0305,
                0.09007
            ]
        },
        "distance": 0.0
    },
    {
        "case": 1,
        "collider1": {
            "type": "Box",
            "collider2origin": [
                [
                    1.0,
                    0.0,
                    0.0,
                    0.246
                ],
                [
                    0.0,
                    1.0,
                    0.0,
                    -0.24786000000000002
                ],
                [
                    0.0,
                    0.0,
                    1.0,
                    -0.71801
                ],
                [
                    0.0,
                    0.0,
                    0.0,
                    1.0
                ]
            ],
            "size": [
                0.12,
                0.16,
                0.08
            ]
        },
        "collider2": {
            "type": "Cylinder",
            "collider2origin": [
                [
                    0.020896395879583692,
                    0.9609259307061309,
                    0.2760157537819144,
                    0.31828464275198953
                ],
                [
                    0.1364019358822815,
                    -0.27623471251492987,
                    0.9513616008066328,
                    -0.3258359809328818
                ],
                [
                    0.9904331640887278,
                    0.01776905451477065,
                    -0.1368444670961944,
                    -0.7028961941602813
                ],
                [
                    0.0,
                    0.0,
                    0.0,
                    1.0
                ]
            ],
            "radius": 0.00783,
            "height": 0.03683
        },
        "distance": 0.00340416110125252
    },
    {
        "case": 2,
        "collider1": {
            "type": "Box",
            "collider2origin": [
                [
                    1.0,
                    0.0,
                    0.0,
                    -0.26
                ],
                [
                    0.0,
                    1.0,
                    0.0,
                    -0.4608599999999999
                ],
                [
                    0.0,
                    0.0,
                    1.0,
                    -1.143
                ],
                [
                    0.0,
                    0.0,
                    0.0,
                    1.0
                ]
            ],
            "size": [
                1.48,
                0.272,
                0.945
            ]
        },
        "collider2": {
            "type": "Cylinder",
            "collider2origin": [
                [
                    0.020896395879583692,
                    0.9609259307061309,
                    0.2760157537819144,
                    0.31828464275198953
                ],
                [
                    0.1364019358822815,
                    -0.27623471251492987,
                    0.9513616008066328,
                    -0.3258359809328818
                ],
                [
                    0.9904331640887278,
                    0.01776905451477065,
                    -0.1368444670961944,
                    -0.7028961941602813
                ],
                [
                    0.0,
                    0.0,
                    0.0,
                    1.0
                ]
            ],
            "radius": 0.00783,
            "height": 0.03683
        },
        "distance": 0.0
    },
    {
        "case": 3,
        "collider1": {
            "type": "Box",
            "collider2origin": [
                [
                    1.0,
                    0.0,
                    0.0,
                    0.44499999999999995
                ],
                [
                    0.0,
                    1.0,
                    0.0,
                    -0.025859999999999994
                ],
                [
                    0.0,
                    0.0,
                    1.0,
                    -0.67801
                ],
                [
                    0.0,
                    0.0,
                    0.0,
                    1.0
                ]
            ],
            "size": [
                0.06,
                0.09,
                0.004
            ]
        },
        "collider2": {
            "type": "Box",
            "collider2origin": [
                [
                    -0.5274507930690857,
                    0.7533785368420058,
                    0.39270401209637606,
                    0.3918222905517803
                ],
                [
                    0.6042791289723496,
                    0.65758708942769,
                    -0.44991771926257546,
                    -0.05998078041603083
                ],
                [
                    -0.5971954413583638,
                    -6.619467334535137e-06,
                    -0.8020957578599773,
                    -0.6720227187915666
                ],
                [
                    0.0,
                    0.0,
                    0.0,
                    1.0
                ]
            ],
            "size": [
                0.09102,
                0.10007,
                0.11882
            ]
        },
        "distance": 0.0
    },
    {
        "case": 4,
        "collider1": {
            "type": "Box",
            "collider2origin": [
                [
                    0.9999999999999999,
                    0.0,
                    6.177235058912196e-23,
                    0.3420001028494408
                ],
                [
                    0.0,
                    1.0,
                    0.0,
                    -0.0028599999999999737
                ],
                [
                    6.177235058912196e-23,
                    0.0,
                    0.9999999999999999,
                    -0.6330101644495814
                ],
                [
                    0.0,
                    0.0,
                    0.0,
                    1.0
                ]
            ],
            "size": [
                0.03,
                0.09,
                0.06
            ]
        },
        "collider2": {
            "type": "Box",
            "collider2origin": [
                [
                    -0.5274507930690857,
                    0.7533785368420058,
                    0.39270401209637606,
                    0.3918222905517803
                ],
                [
                    0.6042791289723496,
                    0.65758708942769,
                    -0.44991771926257546,
                    -0.05998078041603083
                ],
                [
                    -0.5971954413583638,
                    -6.619467334535137e-06,
                    -0.8020957578599773,
                    -0.6720227187915666
                ],
                [
                    0.0,
                    0.0,
                    0.0,
                    1.0
                ]
            ],
            "size": [
                0.09102,
                0.10007,
                0.11882
            ]
        },
        "distance": 0.0
    },
    {
        "case": 5,
        "collider1": {
            "type": "Box",
            "collider2origin": [
                [
                    1.0,
                    0.0,
                    0.0,
                    0.4
                ],
                [
                    0.0,
                    1.0,
                    0.0,
                    0.04114000000000001
                ],
                [
                    0.0,
                    0.0,
                    1.0,
                    -0.66301
                ],
                [
                    0.0,
                    0.0,
                    0.0,
                    1.0
                ]
            ],
            "size": [
                0.03,
                0.03,
                0.03
            ]
        },
        "collider2": {
            "type": "Box",
            "collider2origin": [
                [
                    -0.5274507930690857,
                    0.7533785368420058,
                    0.39270401209637606,
                    0.3918222905517803
                ],
                [
                    0.6042791289723496,
                    0.65758708942769,
                    -0.44991771926257546,
                    -0.05998078041603083
                ],
                [
                    -0.5971954413583638,
                    -6.619467334535137e-06,
                    -0.8020957578599773,
                    -0.6720227187915666
                ],
                [
                    0.0,
                    0.0,
                    0.0,
                    1.0
                ]
            ],
            "size": [
                0.09102,
                0.10007,
                0.11882
            ]
        },
        "distance": 0.0014569976456899024
    },
    {
        "case": 6,
        "collider1": {
            "type": "Box",
            "collider2origin": [
                [
                    1.0,
                    0.0,
                    0.0,
                    -0.08500000000000019
                ],
                [
                    0.0,
                    1.0,
                    0.0,
                    -0.03585999999999995
                ],
                [
                    0.0,
                    0.0,
                    1.0,
                    -0.81301
                ],
                [
                    0.0,
                    0.0,
                    0.0,
                    1.0
                ]
            ],
            "size": [
                1.01,
                0.28,
                0.27
            ]
        },
        "collider2": {
            "type": "Box",
            "collider2origin": [
                [
                    -0.5274507930690857,
                    0.7533785368420058,
                    0.39270401209637606,
                    0.3918222905517803
                ],
                [
                    0.6042791289723496,
                    0.65758708942769,
                    -0.44991771926257546,
                    -0.05998078041603083
                ],
                [
                    -0.5971954413583638,
                    -6.619467334535137e-06,
                    -0.8020957578599773,
                    -0.6720227187915666
                ],
                [
                    0.0,
                    0.0,
                    0.0,
                    1.0
                ]
            ],
            "size": [
                0.09102,
                0.10007,
                0.11882
            ]
        },
        "distance": 0.0
    },
    {
        "case": 7,
        "collider1": {
            "type": "Box",
            "collider2origin": [
                [
                    1.0,
                    0.0,
                    0.0,
                    -0.26
                ],
                [
                    0.0,
                    1.0,
                    0.0,
                    -0.4608599999999999
                ],
                [
                    0.0,
                    0.0,
                    1.0,
                    -1.143
                ],
                [
                    0.0,
                    0.0,
                    0.0,
                    1.0
                ]
            ],
            "size": [
                1.48,
                0.272,
                0.945
            ]
        },
        "collider2": {
            "type": "Cylinder",
            "collider2origin": [
                [
                    -0.08730306895337404,
                    0.7568827000598213,
                    -0.6476934093392307,
                    0.34829910270026054
                ],
                [
                    -0.03431662846307782,
                    0.6475050277243768,
                    0.7612881242227415,
                    -0.3207046238435147
                ],
                [
                    0.9955905499562804,
                    0.08868944368868152,
                    -0.03055551367499385,
                    -0.7226160203748986
                ],
                [
                    0.0,
                    0.0,
                    0.0,
                    1.0
                ]
            ],
            "radius": 0.00783,
            "height": 0.03044
        },
        "distance": 0.0
    },
    {
        "case": 8,
        "collider1": {
            "type": "Box",
            "collider2origin": [
                [
                    1.0,
                    0.0,
                    0.0,
                    0.44499999999999995
                ],
                [
                    0.0,
                    1.0,
                    0.0,
                    -0.025859999999999994
                ],
                [
                    0.0,
                    0.0,
                    1.0,
                    -0.67801
                ],
                [
                    0.0,
                    0.0,
                    0.0,
                    1.0
                ]
            ],
            "size": [
                0.06,
                0.09,
                0.004
            ]
        },
        "collider2": {
            "type": "Box",
            "collider2origin": [
                [
                    0.8326935589634035,
                    -0.39039082435973055,
                    0.39270401209637606,
                    0.43685612845934174
                ],
                [
                    -0.1962757288239602,
                    -0.8712346894885359,
                    -0.44991771926257546,
                    -0.10833263150177619
                ],
                [
                    0.5177811073566552,
                    0.2975653207071419,
                    -0.8020957578599772,
                    -0.7591827134752259
                ],
                [
                    0.0,
                    0.0,
                    0.0,
                    1.0
                ]
            ],
            "size": [
                0.09126,
                0.11887,
                0.10009
            ]
        },
        "distance": 0.022307450174282057
    },
    {
        "case": 9,
        "collider1": {
            "type": "Box",
            "collider2origin": [
                [
                    1.0,
                    0.0,
                    0.0,
                    -0.08500000000000019
                ],
                [
                    0.0,
                    1.0,
                    0.0,
                    -0.03585999999999995
                ],
                [
                    0.0,
                    0.0,
                    1.0,
                    -0.81301
                ],
                [
                    0.0,
                    0.0,
                    0.0,
                    1.0
                ]
            ],
            "size": [
                1.01,
                0.28,
                0.27
            ]
        },
        "collider2": {
            "type": "Box",
            "collider2origin": [
                [
                    0.8326935589634035,
                    -0.39039082435973055,
                    0.39270401209637606,
                    0.43685612845934174
                ],
                [
                    -0.1962757288239602,
                    -0.8712346894885359,
                    -0.44991771926257546,
                    -0.10833263150177619
                ],
                [
                    0.5177811073566552,
                    0.2975653207071419,
                    -0.8020957578599772,
                    -0.7591827134752259
                ],
                [
                    0.0,
                    0.0,
                    0.0,
                    1.0
                ]
            ],
            "size": [
                0.09126,
                0.11887,
                0.10009
            ]
        },
        "distance": 0.0
    },
    {
        "case": 10,
        "collider1": {
            "type": "Box",
            "collider2origin": [
                [
                    1.0,
                    0.0,
                    0.0,
                    -0.26
                ],
                [
                    0.0,
                    1.0,
                    0.0,
                    -0.4608599999999999
                ],
                [
                    0.0,
                    0.0,
                    1.0,
                    -1.143
                ],
                [
                    0.0,
                    0.0,
                    0.0,
                    1.0
                ]
            ],
            "size": [
                1.48,
                0.272,
                0.945
            ]
        },
        "collider2": {
            "type": "Cylinder",
            "collider2origin": [
                [
                    0.6730524255953035,
                    0.7355085733287631,
                    -0.07763743272523305,
                    0.3936245631536808
                ],
                [
                    0.35269930456099663,
                    -0.2269253649844203,
                    0.90780398726205,
                    -0.29769771845785464
                ],
                [
                    0.6500797127756464,
                    -0.638382344121902,
                    -0.41214602964356944,
                    -0.6655894333716462
                ],
                [
                    0.0,
                    0.0,
                    0.0,
                    1.0
                ]
            ],
            "radius": 0.01271,
            "height": 0.05982
        },
        "distance": 0.0029900465476115474
    },
    {
        "case": 11,
        "collider1": {
            "type": "Box",
            "collider2origin": [
                [
                    1.0,
                    0.0,
                    0.0,
                    -0.26
                ],
                [
                    0.0,
                    1.0,
                    0.0,
                    -0.4608599999999999
                ],
                [
                    0.0,
                    0.0,
                    1.0,
                    -1.143
                ],
                [
                    0.0,
                    0.0,
                    0.0,
                    1.0
                ]
            ],
            "size": [
                1.48,
                0.272,
                0.945
            ]
        },
        "collider2": {
            "type": "Cylinder",
            "collider2origin": [
                [
                    0.7070293580424978,
                    0.7071839533168273,
                    0.0005856937740452172,
                    0.39487312311640643
                ],
                [
                    0.31393660036375076,
                    -0.3146098814620374,
                    0.8958037918196669,
                    -0.31185849758700734
                ],
                [
                    0.6336823319440613,
                    -0.6331757091500166,
                    -0.44444934866001257,
                    -0.6613626695416186
                ],
                [
                    0.0,
                    0.0,
                    0.0,
                    1.0
                ]
            ],
            "radius": 0.01169,
            "height": 0.05502
        },
        "distance": 0.0022737669458295197
    },
    {
        "case": 12,
        "collider1": {
            "type": "Box",
            "collider2origin": [
                [
                    1.0,
                    0.0,
                    0.0,
                    0.44499999999999995
                ],
                [
                    0.0,
                    1.0,
                    0.0,
                    -0.025859999999999994
                ],
                [
                    0.0,
                    0.0,
                    1.0,
                    -0.67801
                ],
                [
                    0.0,
                    0.0,
                    0.0,
                    1.0
                ]
            ],
            "size": [
                0.06,
                0.09,
                0.004
            ]
        },
        "collider2": {
            "type": "Box",
            "collider2origin": [
                [
                    -0.005528159382634704,
                    0.7533746789764917,
                    -0.6575682721443519,
                    0.4984526050156689
                ],
                [
                    0.0063390101766522475,
                    0.6575915092695067,
                    0.7533480098112906,
                    -0.3520977347408065
                ],
                [
                    0.9999646275763059,
                    -3.7041001392143743e-06,
                    -0.008410920428773245,
                    -0.6676801572966942
                ],
                [
                    0.0,
                    0.0,
                    0.0,
                    1.0
                ]
            ],
            "size": [
                0.1202,
                0.13634,
                0.67816
            ]
        },
        "distance": 0.0538984977928841
    },
    {
        "case": 13,
        "collider1": {
            "type": "Cylinder",
            "collider2origin": [
                [
                    1.0,
                    0.0,
                    0.0,
                    0.4849999999999999
                ],
                [
                    0.0,
                    -3.673205103346574e-06,
                    -0.9999999999932537,
                    -0.46086
                ],
                [
                    0.0,
                    0.9999999999932537,
                    -3.673205103346574e-06,
                    -0.70001
                ],
                [
                    0.0,
                    0.0,
                    0.0,
                    1.0
                ]
            ],
            "radius": 0.026,
            "height": 0.272
        },
        "collider2": {
            "type": "Box",
            "collider2origin": [
                [
                    -0.005528159382634704,
                    0.7533746789764917,
                    -0.6575682721443519,
                    0.4984526050156689
                ],
                [
                    0.0063390101766522475,
                    0.6575915092695067,
                    0.7533480098112906,
                    -0.3520977347408065
                ],
                [
                    0.9999646275763059,
                    -3.7041001392143743e-06,
                    -0.008410920428773245,
                    -0.6676801572966942
                ],
                [
                    0.0,
                    0.0,
                    0.0,
                    1.0
                ]
            ],
            "size": [
                0.1202,
                0.13634,
                0.67816
            ]
        },
        "distance": 0.0
    },
    {
        "case": 14,
        "collider1": {
            "type": "Box",
            "collider2origin": [
                [
                    1.0,
                    0.0,
                    0.0,
                    0.246
                ],
                [
                    0.0,
                    1.0,
                    0.0,
                    -0.24786000000000002
                ],
                [
                    0.0,
                    0.0,
                    1.0,
                    -0.71801
                ],
                [
                    0.0,
                    0.0,
                    0.0,
                    1.0
                ]
            ],
            "size": [
                0.12,
                0.16,
                0.08
            ]
        },
        "collider2": {
            "type": "Box",
            "collider2origin": [
                [
                    -0.005528159382634704,
                    0.7533746789764917,
                    -0.6575682721443519,
                    0.4984526050156689
                ],
                [
                    0.0063390101766522475,
                    0.6575915092695067,
                    0.7533480098112906,
                    -0.3520977347408065
                ],
                [
                    0.9999646275763059,
                    -3.7041001392143743e-06,
                    -0.008410920428773245,
                    -0.6676801572966942
                ],
                [
                    0.0,
                    0.0,
                    0.0,
                    1.0
                ]
            ],
            "size": [
                0.1202,
                0.13634,
                0.67816
            ]
        },
        "distance": 0.0
    },
    {
        "case": 15,
        "collider1": {
            "type": "Box",
            "collider2origin": [
                [
                    1.0,
                    0.0,
                    0.0,
                    0.28600000000000003
                ],
                [
                    0.0,
                    1.0,
                    0.0,
                    -0.19785999999999998
                ],
                [
                    0.0,
                    0.0,
                    1.0,
                    -0.70601
                ],
                [
                    0.0,
                    0.0,
                    0.0,
                    1.0
                ]
            ],
            "size": [
                0.04,
                0.04,
                0.12
            ]
        },
        "collider2": {
            "type": "Box",
            "collider2origin": [
                [
                    -0.005528159382634704,
                    0.7533746789764917,
                    -0.6575682721443519,
                    0.4984526050156689
                ],
                [
                    0.0063390101766522475,
                    0.6575915092695067,
                    0.7533480098112906,
                    -0.3520977347408065
                ],
                [
                    0.9999646275763059,
                    -3.7041001392143743e-06,
                    -0.008410920428773245,
                    -0.6676801572966942
                ],
                [
                    0.0,
                    0.0,
                    0.0,
                    1.0
                ]
            ],
            "size": [
                0.1202,
                0.13634,
                0.67816
            ]
        },
        "distance": 0.0
    },
    {
        "case": 16,
        "collider1": {
            "type": "Box",
            "collider2origin": [
                [
                    0.9999999999999999,
                    0.0,
                    6.177235058912196e-23,
                    0.2860000183661401
                ],
                [
                    0.0,
                    1.0,
                    0.0,
                    -0.10086
                ],
                [
                    6.177235058912196e-23,
                    0.0,
                    0.9999999999999999,
                    -0.626009937555547
                ],
                [
                    0.0,
                    0.0,
                    0.0,
                    1.0
                ]
            ],
            "size": [
                0.04,
                0.234,
                0.044
            ]
        },
        "collider2": {
            "type": "Box",
            "collider2origin": [
                [
                    -0.005528159382634704,
                    0.7533746789764917,
                    -0.6575682721443519,
                    0.4984526050156689
                ],
                [
                    0.0063390101766522475,
                    0.6575915092695067,
                    0.7533480098112906,
                    -0.3520977347408065
                ],
                [
                    0.9999646275763059,
                    -3.7041001392143743e-06,
                    -0.008410920428773245,
                    -0.6676801572966942
                ],
                [
                    0.0,
                    0.0,
                    0.0,
                    1.0
                ]
            ],
            "size": [
                0.1202,
                0.13634,
                0.67816
            ]
        },
        "distance": 0.0
    },
    {
        "case": 17,
        "collider1": {
            "type": "Box",
            "collider2origin": [
                [
                    1.0,
                    0.0,
                    0.0,
                    0.205
                ],
                [
                    0.0,
                    1.0,
                    0.0,
                    -0.17586
                ],
                [
                    0.0,
                    0.0,
                    1.0,
                    -0.10301
                ],
                [
                    0.0,
                    0.0,
                    0.0,
                    1.0
                ]
            ],
            "size": [
                0.05,
                0.05,
                1.2
            ]
        },
        "collider2": {
            "type": "Box",
            "collider2origin": [
                [
                    -0.005528159382634704,
                    0.7533746789764917,
                    -0.6575682721443519,
                    0.4984526050156689
                ],
                [
                    0.0063390101766522475,
                    0.6575915092695067,
                    0.7533480098112906,
                    -0.3520977347408065
                ],
                [
                    0.9999646275763059,
                    -3.7041001392143743e-06,
                    -0.008410920428773245,
                    -0.6676801572966942
                ],
                [
                    0.0,
                    0.0,
                    0.0,
                    1.0
                ]
            ],
            "size": [
                0.1202,
                0.13634,
                0.67816
            ]
        },
        "distance": 0.0017430385486235536
    },
    {
        "case": 18,
        "collider1": {
            "type": "Box",
            "collider2origin": [
                [
                    1.0,
                    0.0,
                    0.0,
                    -0.26
                ],
                [
                    0.0,
                    1.0,
                    0.0,
                    -0.4608599999999999
                ],
                [
                    0.0,
                    0.0,
                    1.0,
                    -1.143
                ],
                [
                    0.0,
                    0.0,
                    0.0,
                    1.0
                ]
            ],
            "size": [
                1.48,
                0.272,
                0.945
            ]
        },
        "collider2": {
            "type": "Box",
            "collider2origin": [
                [
                    -0.005528159382634704,
                    0.7533746789764917,
                    -0.6575682721443519,
                    0.4984526050156689
                ],
                [
                    0.0063390101766522475,
                    0.6575915092695067,
                    0.7533480098112906,
                    -0.3520977347408065
                ],
                [
                    0.9999646275763059,
                    -3.7041001392143743e-06,
                    -0.008410920428773245,
                    -0.6676801572966942
                ],
                [
                    0.0,
                    0.0,
                    0.0,
                    1.0
                ]
            ],
            "size": [
                0.1202,
                0.13634,
                0.67816
            ]
        },
        "distance": 0.0
    },
    {
        "case": 19,
        "collider1": {
            "type": "Box",
            "collider2origin": [
                [
                    1.0,
                    0.0,
                    0.0,
                    -0.08500000000000019
                ],
                [
                    0.0,
                    1.0,
                    0.0,
                    -0.03585999999999995
                ],
                [
                    0.0,
                    0.0,
                    1.0,
                    -0.81301
                ],
                [
                    0.0,
                    0.0,
                    0.0,
                    1.0
                ]
            ],
            "size": [
                1.01,
                0.28,
                0.27
            ]
        },
        "collider2": {
            "type": "Box",
            "collider2origin": [
                [
                    -0.005528159382634704,
                    0.7533746789764917,
                    -0.6575682721443519,
                    0.4984526050156689
                ],
                [
                    0.0063390101766522475,
                    0.6575915092695067,
                    0.7533480098112906,
                    -0.3520977347408065
                ],
                [
                    0.9999646275763059,
                    -3.7041001392143743e-06,
                    -0.008410920428773245,
                    -0.6676801572966942
                ],
                [
                    0.0,
                    0.0,
                    0.0,
                    1.0
                ]
            ],
            "size": [
                0.1202,
                0.13634,
                0.67816
            ]
        },
        "distance": 0.0
    },
    {
        "case": 20,
        "collider1": {
            "type": "Box",
            "collider2origin": [
                [
                    1.0,
                    0.0,
                    0.0,
                    -0.26
                ],
                [
                    0.0,
                    1.0,
                    0.0,
                    -0.4608599999999999
                ],
                [
                    0.0,
                    0.0,
                    1.0,
                    -1.143
                ],
                [
                    0.0,
                    0.0,
                    0.0,
                    1.0
                ]
            ],
            "size": [
                1.48,
                0.272,
                0.945
            ]
        },
        "collider2": {
            "type": "Cylinder",
            "collider2origin": [
                [
                    0.02787566888097267,
                    0.963635661377214,
                    -0.26576165864649637,
                    0.3181339620529384
                ],
                [
                    0.13454465263936555,
                    0.2598287694522405,
                    0.956235717284753,
                    -0.36119748519207084
                ],
                [
                    0.9905153625919135,
                    -0.06241252027464348,
                    -0.1224091245879014,
                    -0.6980230112318156
                ],
                [
                    0.0,
                    0.0,
                    0.0,
                    1.0
                ]
            ],
            "radius": 0.0076,
            "height": 0.02993
        },
        "distance": 0.0
    },
    {
        "case": 21,
        "collider1": {
            "type": "Box",
            "collider2origin": [
                [
                    1.0,
                    0.0,
                    0.0,
                    -0.26
                ],
                [
                    0.0,
                    1.0,
                    0.0,
                    -0.4608599999999999
                ],
                [
                    0.0,
                    0.0,
                    1.0,
                    -1.143
                ],
                [
                    0.0,
                    0.0,
                    0.0,
                    1.0
                ]
            ],
            "size": [
                1.48,
                0.272,
                0.945
            ]
        },
        "collider2": {
            "type": "Cylinder",
            "collider2origin": [
                [
                    0.12930940539994706,
                    0.8241772426015189,
                    -0.5513718803610388,
                    0.3487932066459031
                ],
                [
                    0.2681296307830236,
                    0.5062651353852506,
                    0.8196353541603194,
                    -0.324867096281802
                ],
                [
                    0.9546651657891735,
                    -0.2538256989965927,
                    -0.15552149612712554,
                    -0.6835896858152145
                ],
                [
                    0.0,
                    0.0,
                    0.0,
                    1.0
                ]
            ],
            "radius": 0.00683,
            "height": 0.01183
        },
        "distance": 0.0
    },
    {
        "case": 22,
        "collider1": {
            "type": "Box",
            "collider2origin": [
                [
                    1.0,
                    0.0,
                    0.0,
                    -0.26
                ],
                [
                    0.0,
                    1.0,
                    0.0,
                    -0.4608599999999999
                ],
                [
                    0.0,
                    0.0,
                    1.0,
                    -1.143
                ],
                [
