[
    {
        "case": 0,
        "collider1": {
            "type": "Box",
            "collider2origin": [
                [
                    1.0,
                    0.0,
                    0.0,
                    1.2009999999999998
                ],
                [
                    0.0,
                    1.0,
                    0.0,
                    0.02914
                ],
                [
                    0.0,
                    0.0,
                    1.0,
                    -1.22801
                ],
                [
                    0.0,
                    0.0,
                    0.0,
                    1.0
                ]
            ],
            "size": [
                0.41,
                0.6,
                0.82
            ]
        },
        "collider2": {
            "type": "Cylinder",
            "collider2origin": [
                [
                    -0.8185300298373118,
                    0.44379483069344977,
                    -0.3647666905081946,
                    1.4046448403750507
                ],
                [
                    -0.573072432007296,
                    -0.6749794039982993,
                    0.46474809504864356,
                    -0.264992876828132
                ],
                [
                    -0.039957201200437255,
                    0.5894480065517839,
                    0.8068174946320606,
                    -1.2844876929950984
                ],
                [
                    0.0,
                    0.0,
                    0.0,
                    1.0
                ]
            ],
            "radius": 0.00783,
            "height": 0.03683
        },
        "distance": 0.0
    },
    {
        "case": 1,
        "collider1": {
            "type": "Box",
            "collider2origin": [
                [
                    1.0,
                    0.0,
                    0.0,
                    1.2009999999999998
                ],
                [
                    0.0,
                    1.0,
                    0.0,
                    0.02914
                ],
                [
                    0.0,
                    0.0,
                    1.0,
                    -1.22801
                ],
                [
                    0.0,
                    0.0,
                    0.0,
                    1.0
                ]
            ],
            "size": [
                0.41,
                0.6,
                0.82
            ]
        },
        "collider2": {
            "type": "Box",
            "collider2origin": [
                [
                    -0.6102376287366791,
                    -0.11093803009343883,
                    -0.7844123851347722,
                    1.4156212943088398
                ],
                [
                    0.7920510080062207,
                    -0.06508132248448163,
                    -0.6069758003248569,
                    -0.26948370337081606
                ],
                [
                    0.016286104204650573,
                    -0.9916940934293487,
                    0.1275836504697098,
                    -1.110991838317321
                ],
                [
                    0.0,
                    0.0,
                    0.0,
                    1.0
                ]
            ],
            "size": [
                0.08993,
                0.0305,
                0.09007
            ]
        },
        "distance": 0.0
    },
    {
        "case": 2,
        "collider1": {
            "type": "Box",
            "collider2origin": [
                [
                    1.0,
                    0.0,
                    0.0,
                    1.2009999999999998
                ],
                [
                    0.0,
                    1.0,
                    0.0,
                    0.02914
                ],
                [
                    0.0,
                    0.0,
                    1.0,
                    -1.22801
                ],
                [
                    0.0,
                    0.0,
                    0.0,
                    1.0
                ]
            ],
            "size": [
                0.41,
                0.6,
                0.82
            ]
        },
        "collider2": {
            "type": "Box",
            "collider2origin": [
                [
                    -0.7494820026345926,
                    -0.11093754615260504,
                    -0.6526634573656466,
                    1.4270757238595666
                ],
                [
                    0.6607861709382765,
                    -0.06508183956698868,
                    -0.7477472771299858,
                    -0.26119608333536526
                ],
                [
                    0.04047670964358538,
                    -0.991694113631928,
                    0.12208366378927812,
                    -1.0375116163470264
                ],
                [
                    0.0,
                    0.0,
                    0.0,
                    1.0
                ]
            ],
            "size": [
                0.09126,
                0.11887,
                0.10009
            ]
        },
        "distance": 0.0
    },
    {
        "case": 3,
        "collider1": {
            "type": "Box",
            "collider2origin": [
                [
                    1.0,
                    0.0,
                    0.0,
                    1.2009999999999998
                ],
                [
                    0.0,
                    1.0,
                    0.0,
                    0.02914
                ],
                [
                    0.0,
                    0.0,
                    1.0,
                    -1.22801
                ],
                [
                    0.0,
                    0.0,
                    0.0,
                    1.0
                ]
            ],
            "size": [
                0.41,
                0.6,
                0.82
            ]
        },
        "collider2": {
            "type": "Box",
            "collider2origin": [
                [
                    -0.669925295391545,
                    -0.22434047798486045,
                    0.7077227200903435,
                    1.4026164548489928
                ],
                [
                    -0.7420663761940963,
                    0.17256326099252892,
                    -0.6477340613845977,
                    -0.27061670280105077
                ],
                [
                    0.023186028480803055,
                    -0.959110666655912,
                    -0.28208001912602515,
                    -1.1937526925355668
                ],
                [
                    0.0,
                    0.0,
                    0.0,
                    1.0
                ]
            ],
            "size": [
                0.06241,
                0.05638,
                0.02858
            ]
        },
        "distance": 0.0
    },
    {
        "case": 4,
        "collider1": {
            "type": "Box",
            "collider2origin": [
                [
                    1.0,
                    0.0,
                    0.0,
                    1.2009999999999998
                ],
                [
                    0.0,
                    1.0,
                    0.0,
                    0.02914
                ],
                [
                    0.0,
                    0.0,
                    1.0,
                    -1.22801
                ],
                [
                    0.0,
                    0.0,
                    0.0,
                    1.0
                ]
            ],
            "size": [
                0.41,
                0.6,
                0.82
            ]
        },
        "collider2": {
            "type": "Cylinder",
            "collider2origin": [
                [
                    -0.8267637951879764,
                    0.5084696850377073,
                    -0.24066617203925475,
                    1.4164785812496998
                ],
                [
                    -0.5204375407534613,
                    -0.8537515943911743,
                    -0.015905384277554103,
                    -0.2449310977095991
                ],
                [
                    -0.21355653382854614,
                    0.11210171484942538,
                    0.9704776207553448,
                    -1.2843136177800116
                ],
                [
                    0.0,
                    0.0,
                    0.0,
                    1.0
                ]
            ],
            "radius": 0.00783,
            "height": 0.03044
        },
        "distance": 0.0
    },
    {
        "case": 5,
        "collider1": {
            "type": "Box",
            "collider2origin": [
                [
                    1.0,
                    0.0,
                    0.0,
                    1.2009999999999998
                ],
                [
                    0.0,
                    1.0,
                    0.0,
                    0.02914
                ],
                [
                    0.0,
                    0.0,
                    1.0,
                    -1.22801
                ],
                [
                    0.0,
                    0.0,
                    0.0,
                    1.0
                ]
            ],
            "size": [
                0.41,
                0.6,
                0.82
            ]
        },
        "collider2": {
            "type": "Cylinder",
            "collider2origin": [
                [
                    -0.7844120555987022,
                    0.43900075972262953,
                    -0.43815072748355893,
                    1.3889223785185683
                ],
                [
                    -0.6069756027672333,
                    -0.3980122951504387,
                    0.6878712310850289,
                    -0.2768041519577663
                ],
                [
                    0.12758661637010252,
                    0.8055212882798528,
                    0.5786683933404297,
                    -1.2713288562630742
                ],
                [
                    0.0,
                    0.0,
                    0.0,
                    1.0
                ]
            ],
            "radius": 0.00683,
            "height": 0.01782
        },
        "distance": 0.0
    },
    {
        "case": 6,
        "collider1": {
            "type": "Box",
            "collider2origin": [
                [
                    1.0,
                    0.0,
                    0.0,
                    1.2009999999999998
                ],
                [
                    0.0,
                    1.0,
                    0.0,
                    0.02914
                ],
                [
                    0.0,
                    0.0,
                    1.0,
                    -1.22801
                ],
                [
                    0.0,
                    0.0,
                    0.0,
                    1.0
                ]
            ],
            "size": [
                0.41,
                0.6,
                0.82
            ]
        },
        "collider2": {
            "type": "Box",
            "collider2origin": [
                [
                    -0.2760257100509348,
                    -0.7533783919353786,
                    0.5968507400981758,
                    1.4134022856688677
                ],
                [
                    -0.31624174164996377,
                    0.6575872554556284,
                    0.6837910223895395,
                    -0.4530785196274095
                ],
                [
                    -0.9076348209654997,
                    -5.215072189647937e-06,
                    -0.4197606838946783,
                    -0.9264403523070678
                ],
                [
                    0.0,
                    0.0,
                    0.0,
                    1.0
                ]
            ],
            "size": [
                0.1202,
                0.13634,
                0.67816
            ]
        },
        "distance": 0.05723127232775941
    },
    {
        "case": 7,
        "collider1": {
            "type": "Box",
            "collider2origin": [
                [
                    1.0,
                    0.0,
                    0.0,
                    1.28
                ],
                [
                    0.0,
                    1.0,
                    0.0,
                    -0.23086
                ],
                [
                    0.0,
                    0.0,
                    1.0,
                    -0.67301
                ],
                [
                    0.0,
                    0.0,
                    0.0,
                    1.0
                ]
            ],
            "size": [
                0.06,
                0.06,
                0.33
            ]
        },
        "collider2": {
            "type": "Box",
            "collider2origin": [
                [
                    -0.2760257100509348,
                    -0.7533783919353786,
                    0.5968507400981758,
                    1.4134022856688677
                ],
                [
                    -0.31624174164996377,
                    0.6575872554556284,
                    0.6837910223895395,
                    -0.4530785196274095
                ],
                [
                    -0.9076348209654997,
                    -5.215072189647937e-06,
                    -0.4197606838946783,
                    -0.9264403523070678
                ],
                [
                    0.0,
                    0.0,
                    0.0,
                    1.0
                ]
            ],
            "size": [
                0.1202,
                0.13634,
                0.67816
            ]
        },
        "distance": 0.14587079342652715
    },
    {
        "case": 8,
        "collider1": {
            "type": "Box",
            "collider2origin": [
                [
                    1.0,
                    0.0,
                    0.0,
                    1.2009999999999998
                ],
                [
                    0.0,
                    1.0,
                    0.0,
                    0.02914
                ],
                [
                    0.0,
                    0.0,
                    1.0,
                    -1.22801
                ],
                [
                    0.0,
                    0.0,
                    0.0,
                    1.0
                ]
            ],
            "size": [
                0.41,
                0.6,
                0.82
            ]
        },
        "collider2": {
            "type": "Box",
            "collider2origin": [
                [
                    -0.8033486175175342,
                    -0.22434530330631888,
                    0.5516341030221595,
                    1.3884672921982075
                ],
                [
                    -0.5898667812469828,
                    0.1725648958799044,
                    -0.7888463330023674,
                    -0.2610291371247503
                ],
                [
                    0.08178128828767013,
                    -0.9591092438269757,
                    -0.2709636124863548,
                    -1.242108410715367
                ],
                [
                    0.0,
                    0.0,
                    0.0,
                    1.0
                ]
            ],
            "size": [
                0.07264,
                0.04753,
                0.03326
            ]
        },
        "distance": 0.0
    }
]