[
    {
        "case": 0,
        "collider1": {
            "type": "Box",
            "collider2origin": [
                [
                    0.9999999999999999,
                    0.0,
                    6.177235058912196e-23,
                    0.2860000183661401
                ],
                [
                    0.0,
                    1.0,
                    0.0,
                    -0.10086
                ],
                [
                    6.177235058912196e-23,
                    0.0,
                    0.9999999999999999,
                    -0.626009937555547
                ],
                [
                    0.0,
                    0.0,
                    0.0,
                    1.0
                ]
            ],
            "size": [
                0.04,
                0.234,
                0.044
            ]
        },
        "collider2": {
            "type": "Sphere",
            "collider2origin": [
                [
                    1.0,
                    0.0,
                    0.0,
                    0.3063316253206928
                ],
                [
                    0.0,
                    1.0,
                    0.0,
                    -0.14489732295015512
                ],
                [
                    0.0,
                    0.0,
                    1.0,
                    -0.6167362817616219
                ],
                [
                    0.0,
                    0.0,
                    0.0,
                    1.0
                ]
            ],
            "radius": 0.00663
        },
        "distance": 0.0
    },
    {
        "case": 1,
        "collider1": {
            "type": "Box",
            "collider2origin": [
                [
                    1.0,
                    0.0,
                    0.0,
                    0.205
                ],
                [
                    0.0,
                    1.0,
                    0.0,
                    -0.17586
                ],
                [
                    0.0,
                    0.0,
                    1.0,
                    -0.10301
                ],
                [
                    0.0,
                    0.0,
                    0.0,
                    1.0
                ]
            ],
            "size": [
                0.05,
                0.05,
                1.2
            ]
        },
        "collider2": {
            "type": "Box",
            "collider2origin": [
                [
                    0.45147045293423244,
                    0.617644497679761,
                    -0.6439640553736475,
                    0.20733730832231545
                ],
                [
                    -0.1737835331387334,
                    0.7687462228475113,
                    0.6154904779665585,
                    -0.1662721096174784
                ],
                [
                    0.8751992423083886,
                    -0.16596541610709004,
                    0.45440264845093353,
                    -0.6234170518062429
                ],
                [
                    0.0,
                    0.0,
                    0.0,
                    1.0
                ]
            ],
            "size": [
                0.07264,
                0.04753,
                0.03326
            ]
        },
        "distance": 0.0
    },
    {
        "case": 2,
        "collider1": {
            "type": "Cylinder",
            "collider2origin": [
                [
                    1.0,
                    0.0,
                    0.0,
                    0.4849999999999999
                ],
                [
                    0.0,
                    -3.673205103346574e-06,
                    -0.9999999999932537,
                    -0.46086
                ],
                [
                    0.0,
                    0.9999999999932537,
                    -3.673205103346574e-06,
                    -0.70001
                ],
                [
                    0.0,
                    0.0,
                    0.0,
                    1.0
                ]
            ],
            "radius": 0.026,
            "height": 0.272
        },
        "collider2": {
            "type": "Box",
            "collider2origin": [
                [
                    0.18351972379820133,
                    0.46177363419320894,
                    -0.8678050597576786,
                    0.28141506325282384
                ],
                [
                    -0.0955376877877513,
                    0.8869978076385022,
                    0.4517825134471903,
                    -0.5715593775944822
                ],
                [
                    0.9783624385621118,
                    -2.9132249255709176e-06,
                    0.20689837795959423,
                    -0.5595979388137821
                ],
                [
                    0.0,
                    0.0,
                    0.0,
                    1.0
                ]
            ],
            "size": [
                0.1202,
                0.13634,
                0.67816
            ]
        },
        "distance": 0.01250398570091165
    },
    {
        "case": 3,
        "collider1": {
            "type": "Box",
            "collider2origin": [
                [
                    1.0,
                    0.0,
                    0.0,
                    -0.26
                ],
                [
                    0.0,
                    1.0,
                    0.0,
                    -0.4608599999999999
                ],
                [
                    0.0,
                    0.0,
                    1.0,
                    -1.143
                ],
                [
                    0.0,
                    0.0,
                    0.0,
                    1.0
                ]
            ],
            "size": [
                1.48,
                0.272,
                0.945
            ]
        },
        "collider2": {
            "type": "Box",
            "collider2origin": [
                [
                    0.18351972379820133,
                    0.46177363419320894,
                    -0.8678050597576786,
                    0.28141506325282384
                ],
                [
                    -0.0955376877877513,
                    0.8869978076385022,
                    0.4517825134471903,
                    -0.5715593775944822
                ],
                [
                    0.9783624385621118,
                    -2.9132249255709176e-06,
                    0.20689837795959423,
                    -0.5595979388137821
                ],
                [
                    0.0,
                    0.0,
                    0.0,
                    1.0
                ]
            ],
            "size": [
                0.1202,
                0.13634,
                0.67816
            ]
        },
        "distance": 0.009603058006014631
    },
    {
        "case": 4,
        "collider1": {
            "type": "Box",
            "collider2origin": [
                [
                    1.0,
                    0.0,
                    0.0,
                    -0.06
                ],
                [
                    0.0,
                    1.0,
                    0.0,
                    -0.37086
                ],
                [
                    0.0,
                    0.0,
                    1.0,
                    -0.40301
                ],
                [
                    0.0,
                    0.0,
                    0.0,
                    1.0
                ]
            ],
            "size": [
                0.1,
                1.0,
                1.64
            ]
        },
        "collider2": {
            "type": "Box",
            "collider2origin": [
                [
                    0.18351972379820133,
                    0.46177363419320894,
                    -0.8678050597576786,
                    0.28141506325282384
                ],
                [
                    -0.0955376877877513,
                    0.8869978076385022,
                    0.4517825134471903,
                    -0.5715593775944822
                ],
                [
                    0.9783624385621118,
                    -2.9132249255709176e-06,
                    0.20689837795959423,
                    -0.5595979388137821
                ],
                [
                    0.0,
                    0.0,
                    0.0,
                    1.0
                ]
            ],
            "size": [
                0.1202,
                0.13634,
                0.67816
            ]
        },
        "distance": 0.0
    },
    {
        "case": 5,
        "collider1": {
            "type": "Box",
            "collider2origin": [
                [
                    1.0,
                    0.0,
                    0.0,
                    0.205
                ],
                [
                    0.0,
                    1.0,
                    0.0,
                    -0.17586
                ],
                [
                    0.0,
                    0.0,
                    1.0,
                    -0.10301
                ],
                [
                    0.0,
                    0.0,
                    0.0,
                    1.0
                ]
            ],
            "size": [
                0.05,
                0.05,
                1.2
            ]
        },
        "collider2": {
            "type": "Box",
            "collider2origin": [
                [
                    0.30651278614769734,
                    0.6176403375472739,
                    -0.7242722729488302,
                    0.17345736750547058
                ],
                [
                    -0.04095401434191941,
                    0.7687494185201377,
                    0.6382374951647947,
                    -0.2039376762263594
                ],
                [
                    0.9509851106285824,
                    -0.16596609581308777,
                    0.2609263773620886,
                    -0.6154264071339386
                ],
                [
                    0.0,
                    0.0,
                    0.0,
                    1.0
                ]
            ],
            "size": [
                0.06241,
                0.05638,
                0.02858
            ]
        },
        "distance": 0.0
    },
    {
        "case": 6,
        "collider1": {
            "type": "Box",
            "collider2origin": [
                [
                    0.9999999999999999,
                    0.0,
                    6.177235058912196e-23,
                    0.2860000183661401
                ],
                [
                    0.0,
                    1.0,
                    0.0,
                    -0.10086
                ],
                [
                    6.177235058912196e-23,
                    0.0,
                    0.9999999999999999,
                    -0.626009937555547
                ],
                [
                    0.0,
                    0.0,
                    0.0,
                    1.0
                ]
            ],
            "size": [
                0.04,
                0.234,
                0.044
            ]
        },
        "collider2": {
            "type": "Cylinder",
            "collider2origin": [
                [
                    0.24483382462203726,
                    -0.35166289442899196,
                    -0.9035428086165969,
                    0.28877135199401105
                ],
                [
                    -0.34406371258200324,
                    0.8397424741323517,
                    -0.42006277962033794,
                    -0.15483807866512678
                ],
                [
                    0.906463766515371,
                    0.4137218701252083,
                    0.08460292060482386,
                    -0.6145036204555815
                ],
                [
                    0.0,
                    0.0,
                    0.0,
                    1.0
                ]
            ],
            "radius": 0.00796,
            "height": 0.03037
        },
        "distance": 0.0
    },
    {
        "case": 7,
        "collider1": {
            "type": "Box",
            "collider2origin": [
                [
                    1.0,
                    0.0,
                    0.0,
                    0.205
                ],
                [
                    0.0,
                    1.0,
                    0.0,
                    -0.17586
                ],
                [
                    0.0,
                    0.0,
                    1.0,
                    -0.10301
                ],
                [
                    0.0,
                    0.0,
                    0.0,
                    1.0
                ]
            ],
            "size": [
                0.05,
                0.05,
                1.2
            ]
        },
        "collider2": {
            "type": "Cylinder",
            "collider2origin": [
                [
                    -0.35991538058018124,
                    -0.8961423739063206,
                    -0.25959538615192534,
                    0.17701741785310776
                ],
                [
                    0.2649611453376977,
                    0.16860841762835557,
                    -0.949403387905371,
                    -0.13998871183849082
                ],
                [
                    0.8945705731149207,
                    -0.41048757252127177,
                    0.17675814697613054,
                    -0.5870490692034194
                ],
                [
                    0.0,
                    0.0,
                    0.0,
                    1.0
                ]
            ],
            "radius": 0.01271,
            "height": 0.05982
        },
        "distance": 0.0
    },
    {
        "case": 8,
        "collider1": {
            "type": "Box",
            "collider2origin": [
                [
                    1.0,
                    0.0,
                    0.0,
                    0.205
                ],
                [
                    0.0,
                    1.0,
                    0.0,
                    -0.17586
                ],
                [
                    0.0,
                    0.0,
                    1.0,
                    -0.10301
                ],
                [
                    0.0,
                    0.0,
                    0.0,
                    1.0
                ]
            ],
            "size": [
                0.05,
                0.05,
                1.2
            ]
        },
        "collider2": {
            "type": "Cylinder",
            "collider2origin": [
                [
                    -0.3909817697136368,
                    -0.8549015985246772,
                    -0.340993420158724,
                    0.18005355534255374
                ],
                [
                    0.3015319176340116,
                    0.23106405010007586,
                    -0.9250340033746354,
                    -0.12616894737240547
                ],
                [
                    0.8696043688940089,
                    -0.46449183156574586,
                    0.1674382871661997,
                    -0.5914929503052385
                ],
                [
                    0.0,
                    0.0,
                    0.0,
                    1.0
                ]
            ],
            "radius": 0.01169,
            "height": 0.05502
        },
        "distance": 0.0
    },
    {
        "case": 9,
        "collider1": {
            "type": "Box",
            "collider2origin": [
                [
                    0.9999999999999999,
                    0.0,
                    6.177235058912196e-23,
                    0.2860000183661401
                ],
                [
                    0.0,
                    1.0,
                    0.0,
                    -0.10086
                ],
                [
                    6.177235058912196e-23,
                    0.0,
                    0.9999999999999999,
                    -0.626009937555547
                ],
                [
                    0.0,
                    0.0,
                    0.0,
                    1.0
                ]
            ],
            "size": [
                0.04,
                0.234,
                0.044
            ]
        },
        "collider2": {
            "type": "Cylinder",
            "collider2origin": [
                [
                    0.24483382462203726,
                    0.14269867316019663,
                    -0.9590065104050461,
                    0.26292750626475037
                ],
                [
                    -0.34406371258200324,
                    0.9375239272499798,
                    0.051662825300814307,
                    -0.161478637818804
                ],
                [
                    0.906463766515371,
                    0.3173105332510933,
                    0.2786350040513083,
                    -0.610039965893601
                ],
                [
                    0.0,
                    0.0,
                    0.0,
                    1.0
                ]
            ],
            "radius": 0.00713,
            "height": 0.01426
        },
        "distance": 0.0
    },
    {
        "case": 10,
        "collider1": {
            "type": "Cylinder",
            "collider2origin": [
                [
                    1.0,
                    0.0,
                    0.0,
                    0.4849999999999999
                ],
                [
                    0.0,
                    -3.673205103346574e-06,
                    -0.9999999999932537,
                    -0.46086
                ],
                [
                    0.0,
                    0.9999999999932537,
                    -3.673205103346574e-06,
                    -0.70001
                ],
                [
                    0.0,
                    0.0,
                    0.0,
                    1.0
                ]
            ],
            "radius": 0.026,
            "height": 0.272
        },
        "collider2": {
            "type": "Box",
            "collider2origin": [
                [
                    -0.3548615170903676,
                    0.4617738357988678,
                    -0.8129195705971918,
                    0.8367826465456154
                ],
                [
                    0.18474735242227153,
                    0.8869977026718571,
                    0.42320620414616883,
                    -0.7182518209232315
                ],
                [
                    0.9164833437991569,
                    -5.1427547157000815e-06,
                    -0.40007284400752363,
                    -0.49280113079514143
                ],
                [
                    0.0,
                    0.0,
                    0.0,
                    1.0
                ]
            ],
            "size": [
                0.15068,
                0.17726,
                0.74884
            ]
        },
        "distance": 0.02226672512780346
    },
    {
        "case": 11,
        "collider1": {
            "type": "Box",
            "collider2origin": [
                [
                    1.0,
                    0.0,
                    0.0,
                    -0.26
                ],
                [
                    0.0,
                    1.0,
                    0.0,
                    -0.4608599999999999
                ],
                [
                    0.0,
                    0.0,
                    1.0,
                    -1.143
                ],
                [
                    0.0,
                    0.0,
                    0.0,
                    1.0
                ]
            ],
            "size": [
                1.48,
                0.272,
                0.945
            ]
        },
        "collider2": {
            "type": "Box",
            "collider2origin": [
                [
                    -0.3548615170903676,
                    0.4617738357988678,
                    -0.8129195705971918,
                    0.8367826465456154
                ],
                [
                    0.18474735242227153,
                    0.8869977026718571,
                    0.42320620414616883,
                    -0.7182518209232315
                ],
                [
                    0.9164833437991569,
                    -5.1427547157000815e-06,
                    -0.40007284400752363,
                    -0.49280113079514143
                ],
                [
                    0.0,
                    0.0,
                    0.0,
                    1.0
                ]
            ],
            "size": [
                0.15068,
                0.17726,
                0.74884
            ]
        },
        "distance": 0.03808185955341249
    },
    {
        "case": 12,
        "collider1": {
            "type": "Cylinder",
            "collider2origin": [
                [
                    1.0,
                    0.0,
                    0.0,
                    0.4849999999999999
                ],
                [
                    0.0,
                    -3.673205103346574e-06,
                    -0.9999999999932537,
                    -0.46086
                ],
                [
                    0.0,
                    0.9999999999932537,
                    -3.673205103346574e-06,
                    -0.70001
                ],
                [
                    0.0,
                    0.0,
                    0.0,
                    1.0
                ]
            ],
            "radius": 0.026,
            "height": 0.272
        },
        "collider2": {
            "type": "Box",
            "collider2origin": [
                [
                    -0.3548615170903676,
                    0.4617738357988678,
                    -0.8129195705971918,
                    0.8367826465456154
                ],
                [
                    0.18474735242227153,
                    0.8869977026718571,
                    0.42320620414616883,
                    -0.7182518209232315
                ],
                [
                    0.9164833437991569,
                    -5.1427547157000815e-06,
                    -0.40007284400752363,
                    -0.49280113079514143
                ],
                [
                    0.0,
                    0.0,
                    0.0,
                    1.0
                ]
            ],
            "size": [
                0.15068,
                0.17726,
                0.74884
            ]
        },
        "distance": 0.02226672512780346
    },
    {
        "case": 13,
        "collider1": {
            "type": "Box",
            "collider2origin": [
                [
                    1.0,
                    0.0,
                    0.0,
                    -0.26
                ],
                [
                    0.0,
                    1.0,
                    0.0,
                    -0.4608599999999999
                ],
                [
                    0.0,
                    0.0,
                    1.0,
                    -1.143
                ],
                [
                    0.0,
                    0.0,
                    0.0,
                    1.0
                ]
            ],
            "size": [
                1.48,
                0.272,
                0.945
            ]
        },
        "collider2": {
            "type": "Box",
            "collider2origin": [
                [
                    -0.3548615170903676,
                    0.4617738357988678,
                    -0.8129195705971918,
                    0.8367826465456154
                ],
                [
                    0.18474735242227153,
                    0.8869977026718571,
                    0.42320620414616883,
                    -0.7182518209232315
                ],
                [
                    0.9164833437991569,
                    -5.1427547157000815e-06,
                    -0.40007284400752363,
                    -0.49280113079514143
                ],
                [
                    0.0,
                    0.0,
                    0.0,
                    1.0
                ]
            ],
            "size": [
                0.15068,
                0.17726,
                0.74884
            ]
        },
        "distance": 0.03808185955341249
    }
]