[
    {
        "case": 0,
        "collider1": {
            "type": "Box",
            "collider2origin": [
                [
                    1.0,
                    0.0,
                    0.0,
                    1.2009999999999998
                ],
                [
                    0.0,
                    1.0,
                    0.0,
                    0.02914
                ],
                [
                    0.0,
                    0.0,
                    1.0,
                    -1.22801
                ],
                [
                    0.0,
                    0.0,
                    0.0,
                    1.0
                ]
            ],
            "size": [
                0.41,
                0.6,
                0.82
            ]
        },
        "collider2": {
            "type": "Box",
            "collider2origin": [
                [
                    0.03281603748541016,
                    -0.8039074592632576,
                    0.5938483852168405,
                    1.1088823798792387
                ],
                [
                    0.7928498220004276,
                    -0.34082708629242914,
                    -0.5051990271203055,
                    -0.15322390477848857
                ],
                [
                    0.6085328811474743,
                    0.4874112167259863,
                    0.6261932915418746,
                    -0.9993197826190465
                ],
                [
                    0.0,
                    0.0,
                    0.0,
                    1.0
                ]
            ],
            "size": [
                0.08993,
                0.0305,
                0.09007
            ]
        },
        "distance": 0.0
    },
    {
        "case": 1,
        "collider1": {
            "type": "Box",
            "collider2origin": [
                [
                    1.0,
                    0.0,
                    0.0,
                    1.2009999999999998
                ],
                [
                    0.0,
                    1.0,
                    0.0,
                    0.02914
                ],
                [
                    0.0,
                    0.0,
                    1.0,
                    -1.22801
                ],
                [
                    0.0,
                    0.0,
                    0.0,
                    1.0
                ]
            ],
            "size": [
                0.41,
                0.6,
                0.82
            ]
        },
        "collider2": {
            "type": "Box",
            "collider2origin": [
                [
                    0.2886308919587155,
                    -0.9295482420914609,
                    0.22941724833104984,
                    1.1477775077763281
                ],
                [
                    0.727679607277158,
                    0.36870050938944726,
                    0.5783963377554558,
                    -0.19358561611943448
                ],
                [
                    -0.6222335553151063,
                    -7.977038671169957e-07,
                    0.7828316566409959,
                    -1.1257953235209932
                ],
                [
                    0.0,
                    0.0,
                    0.0,
                    1.0
                ]
            ],
            "size": [
                0.09102,
                0.10007,
                0.11882
            ]
        },
        "distance": 0.0
    },
    {
        "case": 2,
        "collider1": {
            "type": "Box",
            "collider2origin": [
                [
                    1.0,
                    0.0,
                    0.0,
                    1.2009999999999998
                ],
                [
                    0.0,
                    1.0,
                    0.0,
                    0.02914
                ],
                [
                    0.0,
                    0.0,
                    1.0,
                    -1.22801
                ],
                [
                    0.0,
                    0.0,
                    0.0,
                    1.0
                ]
            ],
            "size": [
                0.41,
                0.6,
                0.82
            ]
        },
        "collider2": {
            "type": "Cylinder",
            "collider2origin": [
                [
                    0.8446167322958891,
                    -0.11912960047267304,
                    0.5219489570992892,
                    1.0248410610651724
                ],
                [
                    -0.5352356710442744,
                    -0.2098492098043037,
                    0.8182212937746695,
                    -0.24680711292308244
                ],
                [
                    0.012056200379856465,
                    -0.9704490957467737,
                    -0.24100456551001304,
                    -0.9340711073146503
                ],
                [
                    0.0,
                    0.0,
                    0.0,
                    1.0
                ]
            ],
            "radius": 0.01271,
            "height": 0.05982
        },
        "distance": 0.0
    },
    {
        "case": 3,
        "collider1": {
            "type": "Box",
            "collider2origin": [
                [
                    1.0,
                    0.0,
                    0.0,
                    1.2009999999999998
                ],
                [
                    0.0,
                    1.0,
                    0.0,
                    0.02914
                ],
                [
                    0.0,
                    0.0,
                    1.0,
                    -1.22801
                ],
                [
                    0.0,
                    0.0,
                    0.0,
                    1.0
                ]
            ],
            "size": [
                0.41,
                0.6,
                0.82
            ]
        },
        "collider2": {
            "type": "Cylinder",
            "collider2origin": [
                [
                    0.8218928376782204,
                    -0.1995055862640955,
                    0.5335631962782489,
                    1.015812790727602
                ],
                [
                    -0.5691604789494537,
                    -0.24909775264902842,
                    0.7835857699239002,
                    -0.25837826158654953
                ],
                [
                    -0.023420345327726102,
                    -0.9477066163505574,
                    -0.3182823538151419,
                    -0.9319378109640015
                ],
                [
                    0.0,
                    0.0,
                    0.0,
                    1.0
                ]
            ],
            "radius": 0.01169,
            "height": 0.05502
        },
        "distance": 0.0
    },
    {
        "case": 4,
        "collider1": {
            "type": "Box",
            "collider2origin": [
                [
                    1.0,
                    0.0,
                    0.0,
                    1.2009999999999998
                ],
                [
                    0.0,
                    1.0,
                    0.0,
                    0.02914
                ],
                [
                    0.0,
                    0.0,
                    1.0,
                    -1.22801
                ],
                [
                    0.0,
                    0.0,
                    0.0,
                    1.0
                ]
            ],
            "size": [
                0.41,
                0.6,
                0.82
            ]
        },
        "collider2": {
            "type": "Box",
            "collider2origin": [
                [
                    -0.548724312234773,
                    -0.8039087978935696,
                    0.22941724833104984,
                    1.1674581392778534
                ],
                [
                    0.7411459281888785,
                    -0.3408231060244048,
                    0.5783963377554558,
                    -0.12942398851958892
                ],
                [
                    -0.38678720543927103,
                    0.48741179209082836,
                    0.7828316566409959,
                    -1.0392836730880044
                ],
                [
                    0.0,
                    0.0,
                    0.0,
                    1.0
                ]
            ],
            "size": [
                0.09126,
                0.11887,
                0.10009
            ]
        },
        "distance": 0.0
    },
    {
        "case": 5,
        "collider1": {
            "type": "Box",
            "collider2origin": [
                [
                    1.0,
                    0.0,
                    0.0,
                    1.2009999999999998
                ],
                [
                    0.0,
                    1.0,
                    0.0,
                    0.02914
                ],
                [
                    0.0,
                    0.0,
                    1.0,
                    -1.22801
                ],
                [
                    0.0,
                    0.0,
                    0.0,
                    1.0
                ]
            ],
            "size": [
                0.41,
                0.6,
                0.82
            ]
        },
        "collider2": {
            "type": "Sphere",
            "collider2origin": [
                [
                    1.0,
                    0.0,
                    0.0,
                    1.0032340207761279
                ],
                [
                    0.0,
                    1.0,
                    0.0,
                    -0.2757940421245725
                ],
                [
                    0.0,
                    0.0,
                    1.0,
                    -0.9246585228972113
                ],
                [
                    0.0,
                    0.0,
                    0.0,
                    1.0
                ]
            ],
            "radius": 0.01051
        },
        "distance": 0.0
    },
    {
        "case": 6,
        "collider1": {
            "type": "Box",
            "collider2origin": [
                [
                    1.0,
                    0.0,
                    0.0,
                    1.2009999999999998
                ],
                [
                    0.0,
                    1.0,
                    0.0,
                    0.02914
                ],
                [
                    0.0,
                    0.0,
                    1.0,
                    -1.22801
                ],
                [
                    0.0,
                    0.0,
                    0.0,
                    1.0
                ]
            ],
            "size": [
                0.41,
                0.6,
                0.82
            ]
        },
        "collider2": {
            "type": "Box",
            "collider2origin": [
                [
                    0.4953555412856001,
                    -0.7975113269487645,
                    -0.34438143258031545,
                    1.0420664976493843
                ],
                [
                    -0.6700527428839649,
                    -0.09847480250244661,
                    -0.7357526996387979,
                    -0.17736834523422584
                ],
                [
                    0.5528582182362175,
                    0.5952129002806679,
                    -0.5831546911996421,
                    -0.9549074824653209
                ],
                [
                    0.0,
                    0.0,
                    0.0,
                    1.0
                ]
            ],
            "size": [
                0.06241,
                0.05638,
                0.02858
            ]
        },
        "distance": 0.0
    },
    {
        "case": 7,
        "collider1": {
            "type": "Box",
            "collider2origin": [
                [
                    1.0,
                    0.0,
                    0.0,
                    1.2009999999999998
                ],
                [
                    0.0,
                    1.0,
                    0.0,
                    0.02914
                ],
                [
                    0.0,
                    0.0,
                    1.0,
                    -1.22801
                ],
                [
                    0.0,
                    0.0,
                    0.0,
                    1.0
                ]
            ],
            "size": [
                0.41,
                0.6,
                0.82
            ]
        },
        "collider2": {
            "type": "Box",
            "collider2origin": [
                [
                    0.5565228174582684,
                    -0.7975086313025989,
                    -0.23294277547536374,
                    1.0027337446995916
                ],
                [
                    -0.5010075894039201,
                    -0.09847259069206561,
                    -0.8598223911029913,
                    -0.18134294047091126
                ],
                [
                    0.6627772997078157,
                    0.5952168780203125,
                    -0.45436012051209823,
                    -0.922234361431433
                ],
                [
                    0.0,
                    0.0,
                    0.0,
                    1.0
                ]
            ],
            "size": [
                0.07264,
                0.04753,
                0.03326
            ]
        },
        "distance": 0.0
    },
    {
        "case": 8,
        "collider1": {
            "type": "Box",
            "collider2origin": [
                [
                    1.0,
                    0.0,
                    0.0,
                    1.2009999999999998
                ],
                [
                    0.0,
                    1.0,
                    0.0,
                    0.02914
                ],
                [
                    0.0,
                    0.0,
                    1.0,
                    -1.22801
                ],
                [
                    0.0,
                    0.0,
                    0.0,
                    1.0
                ]
            ],
            "size": [
                0.41,
                0.6,
                0.82
            ]
        },
        "collider2": {
            "type": "Box",
            "collider2origin": [
                [
                    -0.335498454783072,
                    -0.9295485231319461,
                    0.15290627842370785,
                    1.2065174274778774
                ],
                [
                    -0.8458507487801185,
                    0.36869980077835396,
                    0.3854827722403621,
                    -0.3486104164765218
                ],
                [
                    -0.41470145602141767,
                    -7.0156657381853296e-06,
                    -0.9099575277585742,
                    -0.862291718243752
                ],
                [
                    0.0,
                    0.0,
                    0.0,
                    1.0
                ]
            ],
            "size": [
                0.1202,
                0.13634,
                0.67816
            ]
        },
        "distance": 0.0
    },
    {
        "case": 9,
        "collider1": {
            "type": "Box",
            "collider2origin": [
                [
                    1.0,
                    0.0,
                    0.0,
                    1.23
                ],
                [
                    0.0,
                    1.0,
                    0.0,
                    -0.23086
                ],
                [
                    0.0,
                    0.0,
                    1.0,
                    -0.54301
                ],
                [
                    0.0,
                    0.0,
                    0.0,
                    1.0
                ]
            ],
            "size": [
                0.1,
                0.16,
                0.1
            ]
        },
        "collider2": {
            "type": "Box",
            "collider2origin": [
                [
                    -0.335498454783072,
                    -0.9295485231319461,
                    0.15290627842370785,
                    1.2065174274778774
                ],
                [
                    -0.8458507487801185,
                    0.36869980077835396,
                    0.3854827722403621,
                    -0.3486104164765218
                ],
                [
                    -0.41470145602141767,
                    -7.0156657381853296e-06,
                    -0.9099575277585742,
                    -0.862291718243752
                ],
                [
                    0.0,
                    0.0,
                    0.0,
                    1.0
                ]
            ],
            "size": [
                0.1202,
                0.13634,
                0.67816
            ]
        },
        "distance": 0.07460618273541025
    },
    {
        "case": 10,
        "collider1": {
            "type": "Box",
            "collider2origin": [
                [
                    1.0,
                    0.0,
                    0.0,
                    1.28
                ],
                [
                    0.0,
                    1.0,
                    0.0,
                    -0.23086
                ],
                [
                    0.0,
                    0.0,
                    1.0,
                    -0.67301
                ],
                [
                    0.0,
                    0.0,
                    0.0,
                    1.0
                ]
            ],
            "size": [
                0.06,
                0.06,
                0.33
            ]
        },
        "collider2": {
            "type": "Box",
            "collider2origin": [
                [
                    -0.335498454783072,
                    -0.9295485231319461,
                    0.15290627842370785,
                    1.2065174274778774
                ],
                [
                    -0.8458507487801185,
                    0.36869980077835396,
                    0.3854827722403621,
                    -0.3486104164765218
                ],
                [
                    -0.41470145602141767,
                    -7.0156657381853296e-06,
                    -0.9099575277585742,
                    -0.862291718243752
                ],
                [
                    0.0,
                    0.0,
                    0.0,
                    1.0
                ]
            ],
            "size": [
                0.1202,
                0.13634,
                0.67816
            ]
        },
        "distance": 0.03878175528398392
    },
    {
        "case": 11,
        "collider1": {
            "type": "Box",
            "collider2origin": [
                [
                    1.0,
                    0.0,
                    0.0,
                    1.2009999999999998
                ],
                [
                    0.0,
                    1.0,
                    0.0,
                    0.02914
                ],
                [
                    0.0,
                    0.0,
                    1.0,
                    -1.22801
                ],
                [
                    0.0,
                    0.0,
                    0.0,
                    1.0
                ]
            ],
            "size": [
                0.41,
                0.6,
                0.82
            ]
        },
        "collider2": {
            "type": "Cylinder",
            "collider2origin": [
                [
                    0.6577824546189897,
                    0.4684451619006033,
                    0.5898146935159663,
                    0.9927108906278977
                ],
                [
                    -0.5209844254828335,
                    -0.28256386447669857,
                    0.8054395637763986,
                    -0.2188385230070894
                ],
                [
                    0.5439645859793976,
                    -0.8370882825508373,
                    0.0581870811808883,
                    -0.8983351280286035
                ],
                [
                    0.0,
                    0.0,
                    0.0,
                    1.0
                ]
            ],
            "radius": 0.00713,
            "height": 0.01697
        },
        "distance": 0.0
    }
]