[
    {
        "case": 0,
        "collider1": {
            "type": "Box",
            "collider2origin": [
                [
                    1.0,
                    0.0,
                    0.0,
                    0.7
                ],
                [
                    0.0,
                    1.0,
                    0.0,
                    -0.15085999999999994
                ],
                [
                    0.0,
                    0.0,
                    1.0,
                    -1.03301
                ],
                [
                    0.0,
                    0.0,
                    0.0,
                    1.0
                ]
            ],
            "size": [
                0.6,
                0.06,
                0.06
            ]
        },
        "collider2": {
            "type": "Box",
            "collider2origin": [
                [
                    0.1911817005331386,
                    -0.9201282699876523,
                    -0.3417799352665208,
                    0.684440523261658
                ],
                [
                    -0.4491808675859157,
                    -0.39161711752635214,
                    0.8030395889712505,
                    -0.38165366286343894
                ],
                [
                    -0.8727463008091304,
                    -5.466368482436395e-06,
                    -0.4881740410899553,
                    -0.9266820243169923
                ],
                [
                    0.0,
                    0.0,
                    0.0,
                    1.0
                ]
            ],
            "size": [
                0.1202,
                0.13634,
                0.67816
            ]
        },
        "distance": 0.0
    },
    {
        "case": 1,
        "collider1": {
            "type": "Box",
            "collider2origin": [
                [
                    1.0,
                    0.0,
                    0.0,
                    0.5199999999999999
                ],
                [
                    0.0,
                    1.0,
                    0.0,
                    -0.43085999999999997
                ],
                [
                    0.0,
                    0.0,
                    1.0,
                    -0.80301
                ],
                [
                    0.0,
                    0.0,
                    0.0,
                    1.0
                ]
            ],
            "size": [
                0.2,
                0.08,
                0.04
            ]
        },
        "collider2": {
            "type": "Box",
            "collider2origin": [
                [
                    0.1911817005331386,
                    -0.9201282699876523,
                    -0.3417799352665208,
                    0.684440523261658
                ],
                [
                    -0.4491808675859157,
                    -0.39161711752635214,
                    0.8030395889712505,
                    -0.38165366286343894
                ],
                [
                    -0.8727463008091304,
                    -5.466368482436395e-06,
                    -0.4881740410899553,
                    -0.9266820243169923
                ],
                [
                    0.0,
                    0.0,
                    0.0,
                    1.0
                ]
            ],
            "size": [
                0.1202,
                0.13634,
                0.67816
            ]
        },
        "distance": 0.02136904028000363
    },
    {
        "case": 2,
        "collider1": {
            "type": "Cylinder",
            "collider2origin": [
                [
                    1.0,
                    0.0,
                    0.0,
                    0.4849999999999999
                ],
                [
                    0.0,
                    -3.673205103346574e-06,
                    -0.9999999999932537,
                    -0.46086
                ],
                [
                    0.0,
                    0.9999999999932537,
                    -3.673205103346574e-06,
                    -0.70001
                ],
                [
                    0.0,
                    0.0,
                    0.0,
                    1.0
                ]
            ],
            "radius": 0.026,
            "height": 0.272
        },
        "collider2": {
            "type": "Box",
            "collider2origin": [
                [
                    0.1911817005331386,
                    -0.9201282699876523,
                    -0.3417799352665208,
                    0.684440523261658
                ],
                [
                    -0.4491808675859157,
                    -0.39161711752635214,
                    0.8030395889712505,
                    -0.38165366286343894
                ],
                [
                    -0.8727463008091304,
                    -5.466368482436395e-06,
                    -0.4881740410899553,
                    -0.9266820243169923
                ],
                [
                    0.0,
                    0.0,
                    0.0,
                    1.0
                ]
            ],
            "size": [
                0.1202,
                0.13634,
                0.67816
            ]
        },
        "distance": 0.17650304860256388
    },
    {
        "case": 3,
        "collider1": {
            "type": "Box",
            "collider2origin": [
                [
                    1.0,
                    0.0,
                    0.0,
                    0.7
                ],
                [
                    0.0,
                    1.0,
                    0.0,
                    -0.15085999999999994
                ],
                [
                    0.0,
                    0.0,
                    1.0,
                    -1.03301
                ],
                [
                    0.0,
                    0.0,
                    0.0,
                    1.0
                ]
            ],
            "size": [
                0.6,
                0.06,
                0.06
            ]
        },
        "collider2": {
            "type": "Box",
            "collider2origin": [
                [
                    0.17302320202922486,
                    -0.9201283050361816,
                    -0.35132161025305214,
                    0.48090621204553385
                ],
                [
                    -0.4065165204058184,
                    -0.391617035180028,
                    0.8254577011536995,
                    -0.1888189445507139
                ],
                [
                    -0.8971105228435902,
                    -5.29604985623187e-06,
                    -0.4418061902862521,
                    -1.0702122030148729
                ],
                [
                    0.0,
                    0.0,
                    0.0,
                    1.0
                ]
            ],
            "size": [
                0.09102,
                0.10007,
                0.11882
            ]
        },
        "distance": 0.0
    },
    {
        "case": 4,
        "collider1": {
            "type": "Box",
            "collider2origin": [
                [
                    1.0,
                    0.0,
                    0.0,
                    -0.08499999999999996
                ],
                [
                    0.0,
                    1.0,
                    0.0,
                    0.42914
                ],
                [
                    0.0,
                    0.0,
                    1.0,
                    -1.2880099999999999
                ],
                [
                    0.0,
                    0.0,
                    0.0,
                    1.0
                ]
            ],
            "size": [
                1.02,
                1.22,
                0.75
            ]
        },
        "collider2": {
            "type": "Box",
            "collider2origin": [
                [
                    0.17302320202922486,
                    -0.9201283050361816,
                    -0.35132161025305214,
                    0.48090621204553385
                ],
                [
                    -0.4065165204058184,
                    -0.391617035180028,
                    0.8254577011536995,
                    -0.1888189445507139
                ],
                [
                    -0.8971105228435902,
                    -5.29604985623187e-06,
                    -0.4418061902862521,
                    -1.0702122030148729
                ],
                [
                    0.0,
                    0.0,
                    0.0,
                    1.0
                ]
            ],
            "size": [
                0.09102,
                0.10007,
                0.11882
            ]
        },
        "distance": 0.0
    },
    {
        "case": 5,
        "collider1": {
            "type": "Box",
            "collider2origin": [
                [
                    1.0,
                    0.0,
                    0.0,
                    0.7
                ],
                [
                    0.0,
                    1.0,
                    0.0,
                    -0.15085999999999994
                ],
                [
                    0.0,
                    0.0,
                    1.0,
                    -1.03301
                ],
                [
                    0.0,
                    0.0,
                    0.0,
                    1.0
                ]
            ],
            "size": [
                0.6,
                0.06,
                0.06
            ]
        },
        "collider2": {
            "type": "Box",
            "collider2origin": [
                [
                    0.4287852864786983,
                    0.8322958033467326,
                    -0.35132161025305214,
                    0.44068050899522737
                ],
                [
                    0.5613469549254283,
                    0.059238330513263306,
                    0.8254577011536995,
                    -0.10003923666784831
                ],
                [
                    0.7078366861750878,
                    -0.5511574329802857,
                    -0.4418061902862521,
                    -1.1198582548693916
                ],
                [
                    0.0,
                    0.0,
                    0.0,
                    1.0
                ]
            ],
            "size": [
                0.09126,
                0.11887,
                0.10009
            ]
        },
        "distance": 0.0
    },
    {
        "case": 6,
        "collider1": {
            "type": "Box",
            "collider2origin": [
                [
                    1.0,
                    0.0,
                    0.0,
                    -0.08499999999999996
                ],
                [
                    0.0,
                    1.0,
                    0.0,
                    0.42914
                ],
                [
                    0.0,
                    0.0,
                    1.0,
                    -1.2880099999999999
                ],
                [
                    0.0,
                    0.0,
                    0.0,
                    1.0
                ]
            ],
            "size": [
                1.02,
                1.22,
                0.75
            ]
        },
        "collider2": {
            "type": "Box",
            "collider2origin": [
                [
                    0.4287852864786983,
                    0.8322958033467326,
                    -0.35132161025305214,
                    0.44068050899522737
                ],
                [
                    0.5613469549254283,
                    0.059238330513263306,
                    0.8254577011536995,
                    -0.10003923666784831
                ],
                [
                    0.7078366861750878,
                    -0.5511574329802857,
                    -0.4418061902862521,
                    -1.1198582548693916
                ],
                [
                    0.0,
                    0.0,
                    0.0,
                    1.0
                ]
            ],
            "size": [
                0.09126,
                0.11887,
                0.10009
            ]
        },
        "distance": 0.0
    }
]