[
    {
        "case": 0,
        "collider1": {
            "type": "Cylinder",
            "collider2origin": [
                [
                    1.0,
                    0.0,
                    0.0,
                    0.4849999999999999
                ],
                [
                    0.0,
                    -3.673205103346574e-06,
                    -0.9999999999932537,
                    -0.46086
                ],
                [
                    0.0,
                    0.9999999999932537,
                    -3.673205103346574e-06,
                    -0.70001
                ],
                [
                    0.0,
                    0.0,
                    0.0,
                    1.0
                ]
            ],
            "radius": 0.026,
            "height": 0.272
        },
        "collider2": {
            "type": "Box",
            "collider2origin": [
                [
                    -0.4910065000511695,
                    0.4197588053821338,
                    -0.7633578205610161,
                    0.844329767730442
                ],
                [
                    0.22708347057520314,
                    0.9076356897302599,
                    0.3530305257614363,
                    -0.7357043841652402
                ],
                [
                    0.841038473732933,
                    -5.6603183716368295e-06,
                    -0.5409753096666604,
                    -0.5350601821126932
                ],
                [
                    0.0,
                    0.0,
                    0.0,
                    1.0
                ]
            ],
            "size": [
                0.15068,
                0.17726,
                0.74884
            ]
        },
        "distance": 0.013801616957236907
    },
    {
        "case": 1,
        "collider1": {
            "type": "Cylinder",
            "collider2origin": [
                [
                    1.0,
                    0.0,
                    0.0,
                    0.4849999999999999
                ],
                [
                    0.0,
                    -3.673205103346574e-06,
                    -0.9999999999932537,
                    -0.46086
                ],
                [
                    0.0,
                    0.9999999999932537,
                    -3.673205103346574e-06,
                    -0.70001
                ],
                [
                    0.0,
                    0.0,
                    0.0,
                    1.0
                ]
            ],
            "radius": 0.026,
            "height": 0.272
        },
        "collider2": {
            "type": "Box",
            "collider2origin": [
                [
                    -0.4910065000511695,
                    0.4197588053821338,
                    -0.7633578205610161,
                    0.844329767730442
                ],
                [
                    0.22708347057520314,
                    0.9076356897302599,
                    0.3530305257614363,
                    -0.7357043841652402
                ],
                [
                    0.841038473732933,
                    -5.6603183716368295e-06,
                    -0.5409753096666604,
                    -0.5350601821126932
                ],
                [
                    0.0,
                    0.0,
                    0.0,
                    1.0
                ]
            ],
            "size": [
                0.15068,
                0.17726,
                0.74884
            ]
        },
        "distance": 0.013801616957236907
    },
    {
        "case": 2,
        "collider1": {
            "type": "Cylinder",
            "collider2origin": [
                [
                    1.0,
                    0.0,
                    0.0,
                    0.4849999999999999
                ],
                [
                    0.0,
                    -3.673205103346574e-06,
                    -0.9999999999932537,
                    -0.46086
                ],
                [
                    0.0,
                    0.9999999999932537,
                    -3.673205103346574e-06,
                    -0.70001
                ],
                [
                    0.0,
                    0.0,
                    0.0,
                    1.0
                ]
            ],
            "radius": 0.026,
            "height": 0.272
        },
        "collider2": {
            "type": "Box",
            "collider2origin": [
                [
                    0.8852819747910006,
                    0.41976087400756323,
                    -0.20019149273271503,
                    0.4968650448951405
                ],
                [
                    -0.40942319855584525,
                    0.9076347330575214,
                    0.09258420940906971,
                    -0.7142059303987727
                ],
                [
                    0.22056398072769498,
                    -9.046182733306381e-08,
                    0.9753725085348389,
                    -0.43030569031507193
                ],
                [
                    0.0,
                    0.0,
                    0.0,
                    1.0
                ]
            ],
            "size": [
                0.1202,
                0.13634,
                0.67816
            ]
        },
        "distance": 0.055379985615453105
    },
    {
        "case": 3,
        "collider1": {
            "type": "Box",
            "collider2origin": [
                [
                    1.0,
                    0.0,
                    0.0,
                    -0.26
                ],
                [
                    0.0,
                    1.0,
                    0.0,
                    -0.4608599999999999
                ],
                [
                    0.0,
                    0.0,
                    1.0,
                    -1.143
                ],
                [
                    0.0,
                    0.0,
                    0.0,
                    1.0
                ]
            ],
            "size": [
                1.48,
                0.272,
                0.945
            ]
        },
        "collider2": {
            "type": "Box",
            "collider2origin": [
                [
                    0.8852819747910006,
                    0.41976087400756323,
                    -0.20019149273271503,
                    0.4968650448951405
                ],
                [
                    -0.40942319855584525,
                    0.9076347330575214,
                    0.09258420940906971,
                    -0.7142059303987727
                ],
                [
                    0.22056398072769498,
                    -9.046182733306381e-08,
                    0.9753725085348389,
                    -0.43030569031507193
                ],
                [
                    0.0,
                    0.0,
                    0.0,
                    1.0
                ]
            ],
            "size": [
                0.1202,
                0.13634,
                0.67816
            ]
        },
        "distance": 0.06400455447540997
    }
]