[
    {
        "case": 0,
        "collider1": {
            "type": "Box",
            "collider2origin": [
                [
                    1.0,
                    0.0,
                    0.0,
                    0.0
                ],
                [
                    0.0,
                    1.0,
                    0.0,
                    -0.37086
                ],
                [
                    0.0,
                    0.0,
                    1.0,
                    0.39699
                ],
                [
                    0.0,
                    0.0,
                    0.0,
                    1.0
                ]
            ],
            "size": [
                0.6,
                1.6,
                0.1
            ]
        },
        "collider2": {
            "type": "Cylinder",
            "collider2origin": [
                [
                    0.9399752062994303,
                    0.0066028010971319745,
                    -0.341178860071978,
                    0.19565131333763242
                ],
                [
                    0.055729044403796724,
                    -0.9893600605810299,
                    0.13439101211368423,
                    -1.0428359890590353
                ],
                [
                    -0.33666138054755,
                    -0.14533779117893764,
                    -0.930341894844602,
                    0.4625549503575521
                ],
                [
                    0.0,
                    0.0,
                    0.0,
                    1.0
                ]
            ],
            "radius": 0.01169,
            "height": 0.05502
        },
        "distance": 0.0
    },
    {
        "case": 1,
        "collider1": {
            "type": "Box",
            "collider2origin": [
                [
                    1.0,
                    0.0,
                    0.0,
                    0.0
                ],
                [
                    0.0,
                    1.0,
                    0.0,
                    -0.37086
                ],
                [
                    0.0,
                    0.0,
                    1.0,
                    0.39699
                ],
                [
                    0.0,
                    0.0,
                    0.0,
                    1.0
                ]
            ],
            "size": [
                0.6,
                1.6,
                0.1
            ]
        },
        "collider2": {
            "type": "Cylinder",
            "collider2origin": [
                [
                    0.9289385804983218,
                    0.020578549198613943,
                    -0.3696615167618111,
                    0.191496412904538
                ],
                [
                    0.10544160535832293,
                    -0.9718107552441732,
                    0.21086944741049923,
                    -1.038196071754864
                ],
                [
                    -0.35490165049098077,
                    -0.23486246891453272,
                    -0.9049223387529711,
                    0.449095378677832
                ],
                [
                    0.0,
                    0.0,
                    0.0,
                    1.0
                ]
            ],
            "radius": 0.01271,
            "height": 0.05982
        },
        "distance": 0.0
    },
    {
        "case": 2,
        "collider1": {
            "type": "Box",
            "collider2origin": [
                [
                    1.0,
                    0.0,
                    0.0,
                    0.0
                ],
                [
                    0.0,
                    1.0,
                    0.0,
                    -0.37086
                ],
                [
                    0.0,
                    0.0,
                    1.0,
                    0.39699
                ],
                [
                    0.0,
                    0.0,
                    0.0,
                    1.0
                ]
            ],
            "size": [
                0.6,
                1.6,
                0.1
            ]
        },
        "collider2": {
            "type": "Box",
            "collider2origin": [
                [
                    0.818700864010412,
                    -0.313271878717202,
                    0.4812375975270417,
                    0.14278101095439222
                ],
                [
                    0.5598910055616158,
                    0.24944971123686113,
                    -0.7901246126118643,
                    -1.0315225329768887
                ],
                [
                    0.12747924207417888,
                    0.9163163054146969,
                    0.3796228013059168,
                    0.3944576186696662
                ],
                [
                    0.0,
                    0.0,
                    0.0,
                    1.0
                ]
            ],
            "size": [
                0.06241,
                0.05638,
                0.02858
            ]
        },
        "distance": 0.0
    },
    {
        "case": 3,
        "collider1": {
            "type": "Box",
            "collider2origin": [
                [
                    1.0,
                    0.0,
                    0.0,
                    0.0
                ],
                [
                    0.0,
                    1.0,
                    0.0,
                    -0.37086
                ],
                [
                    0.0,
                    0.0,
                    1.0,
                    0.39699
                ],
                [
                    0.0,
                    0.0,
                    0.0,
                    1.0
                ]
            ],
            "size": [
                0.6,
                1.6,
                0.1
            ]
        },
        "collider2": {
            "type": "Box",
            "collider2origin": [
                [
                    0.6996881039548214,
                    -0.3132725445955538,
                    0.6421034729595638,
                    0.12651359422412856
                ],
                [
                    0.713023510893601,
                    0.2494547124586817,
                    -0.655263168005893,
                    -1.016011479093839
                ],
                [
                    0.045100222805101065,
                    0.9163147162600752,
                    0.3979111843969041,
                    0.4405572288671622
                ],
                [
                    0.0,
                    0.0,
                    0.0,
                    1.0
                ]
            ],
            "size": [
                0.07264,
                0.04753,
                0.03326
            ]
        },
        "distance": 0.0
    }
]