[
    {
        "case": 0,
        "collider1": {
            "type": "Box",
            "collider2origin": [
                [
                    1.0,
                    0.0,
                    0.0,
                    1.28
                ],
                [
                    0.0,
                    1.0,
                    0.0,
                    -0.23086
                ],
                [
                    0.0,
                    0.0,
                    1.0,
                    -0.67301
                ],
                [
                    0.0,
                    0.0,
                    0.0,
                    1.0
                ]
            ],
            "size": [
                0.06,
                0.06,
                0.33
            ]
        },
        "collider2": {
            "type": "Box",
            "collider2origin": [
                [
                    -0.5367497081599437,
                    -0.8431892805876277,
                    -0.030521924780952506,
                    1.3276581746568128
                ],
                [
                    -0.841828553274591,
                    0.5376168124679845,
                    -0.047883711670805615,
                    -0.18857382800291644
                ],
                [
                    0.056784132306695254,
                    -7.340483414669028e-06,
                    -0.9983864794077956,
                    -0.7345018872861303
                ],
                [
                    0.0,
                    0.0,
                    0.0,
                    1.0
                ]
            ],
            "size": [
                0.09102,
                0.10007,
                0.11882
            ]
        },
        "distance": 0.0
    },
    {
        "case": 1,
        "collider1": {
            "type": "Box",
            "collider2origin": [
                [
                    1.0,
                    0.0,
                    0.0,
                    1.2009999999999998
                ],
                [
                    0.0,
                    1.0,
                    0.0,
                    0.02914
                ],
                [
                    0.0,
                    0.0,
                    1.0,
                    -1.22801
                ],
                [
                    0.0,
                    0.0,
                    0.0,
                    1.0
                ]
            ],
            "size": [
                0.41,
                0.6,
                0.82
            ]
        },
        "collider2": {
            "type": "Box",
            "collider2origin": [
                [
                    0.601145176941155,
                    0.7985567533670059,
                    -0.03052192478095252,
                    1.3226119488709187
                ],
                [
                    0.7971322888832197,
                    -0.6019030355268415,
                    -0.047883711670805636,
                    -0.19309859254638795
                ],
                [
                    -0.05660910050677762,
                    0.004455050563183558,
                    -0.9983864794077955,
                    -0.8436573141503645
                ],
                [
                    0.0,
                    0.0,
                    0.0,
                    1.0
                ]
            ],
            "size": [
                0.09126,
                0.11887,
                0.10009
            ]
        },
        "distance": 0.0
    },
    {
        "case": 2,
        "collider1": {
            "type": "Box",
            "collider2origin": [
                [
                    1.0,
                    0.0,
                    0.0,
                    1.28
                ],
                [
                    0.0,
                    1.0,
                    0.0,
                    -0.23086
                ],
                [
                    0.0,
                    0.0,
                    1.0,
                    -0.67301
                ],
                [
                    0.0,
                    0.0,
                    0.0,
                    1.0
                ]
            ],
            "size": [
                0.06,
                0.06,
                0.33
            ]
        },
        "collider2": {
            "type": "Box",
            "collider2origin": [
                [
                    0.601145176941155,
                    0.7985567533670059,
                    -0.03052192478095252,
                    1.3226119488709187
                ],
                [
                    0.7971322888832197,
                    -0.6019030355268415,
                    -0.047883711670805636,
                    -0.19309859254638795
                ],
                [
                    -0.05660910050677762,
                    0.004455050563183558,
                    -0.9983864794077955,
                    -0.8436573141503645
                ],
                [
                    0.0,
                    0.0,
                    0.0,
                    1.0
                ]
            ],
            "size": [
                0.09126,
                0.11887,
                0.10009
            ]
        },
        "distance": 0.0
    },
    {
        "case": 3,
        "collider1": {
            "type": "Box",
            "collider2origin": [
                [
                    1.0,
                    0.0,
                    0.0,
                    1.2009999999999998
                ],
                [
                    0.0,
                    1.0,
                    0.0,
                    0.02914
                ],
                [
                    0.0,
                    0.0,
                    1.0,
                    -1.22801
                ],
                [
                    0.0,
                    0.0,
                    0.0,
                    1.0
                ]
            ],
            "size": [
                0.41,
                0.6,
                0.82
            ]
        },
        "collider2": {
            "type": "Box",
            "collider2origin": [
                [
                    0.5435809834557087,
                    0.7985559159147624,
                    -0.2585114380116661,
                    1.3818551776298056
                ],
                [
                    0.7179591385368344,
                    -0.6019041439287972,
                    -0.34963706455807625,
                    -0.2386042670159949
                ],
                [
                    -0.43480385211813766,
                    0.004455410068272115,
                    -0.9005141639665373,
                    -0.8479402635929394
                ],
                [
                    0.0,
                    0.0,
                    0.0,
                    1.0
                ]
            ],
            "size": [
                0.08993,
                0.0305,
                0.09007
            ]
        },
        "distance": 0.0
    },
    {
        "case": 4,
        "collider1": {
            "type": "Box",
            "collider2origin": [
                [
                    1.0,
                    0.0,
                    0.0,
                    1.23
                ],
                [
                    0.0,
                    1.0,
                    0.0,
                    -0.23086
                ],
                [
                    0.0,
                    0.0,
                    1.0,
                    -0.54301
                ],
                [
                    0.0,
                    0.0,
                    0.0,
                    1.0
                ]
            ],
            "size": [
                0.1,
                0.16,
                0.1
            ]
        },
        "collider2": {
            "type": "Box",
            "collider2origin": [
                [
                    -0.4758689199238552,
                    -0.8431882495683074,
                    0.25016463946856504,
                    1.348873871325472
                ],
                [
                    -0.7463477471239599,
                    0.5376184295036625,
                    0.39234100553090934,
                    -0.3631780493039034
                ],
                [
                    -0.465310446275917,
                    -6.9245336080478915e-06,
                    -0.8851475518457685,
                    -0.47348780666672496
                ],
                [
                    0.0,
                    0.0,
                    0.0,
                    1.0
                ]
            ],
            "size": [
                0.1202,
                0.13634,
                0.67816
            ]
        },
        "distance": 0.01803092168746107
    },
    {
        "case": 5,
        "collider1": {
            "type": "Box",
            "collider2origin": [
                [
                    1.0,
                    0.0,
                    0.0,
                    1.28
                ],
                [
                    0.0,
                    1.0,
                    0.0,
                    -0.23086
                ],
                [
                    0.0,
                    0.0,
                    1.0,
                    -0.67301
                ],
                [
                    0.0,
                    0.0,
                    0.0,
                    1.0
                ]
            ],
            "size": [
                0.06,
                0.06,
                0.33
            ]
        },
        "collider2": {
            "type": "Box",
            "collider2origin": [
                [
                    -0.4758689199238552,
                    -0.8431882495683074,
                    0.25016463946856504,
                    1.348873871325472
                ],
                [
                    -0.7463477471239599,
                    0.5376184295036625,
                    0.39234100553090934,
                    -0.3631780493039034
                ],
                [
                    -0.465310446275917,
                    -6.9245336080478915e-06,
                    -0.8851475518457685,
                    -0.47348780666672496
                ],
                [
                    0.0,
                    0.0,
                    0.0,
                    1.0
                ]
            ],
            "size": [
                0.1202,
                0.13634,
                0.67816
            ]
        },
        "distance": 0.019616299543599107
    }
]