[
    {
        "case": 0,
        "collider1": {
            "type": "Box",
            "collider2origin": [
                [
                    1.0,
                    0.0,
                    0.0,
                    0.7
                ],
                [
                    0.0,
                    1.0,
                    0.0,
                    -0.15085999999999994
                ],
                [
                    0.0,
                    0.0,
                    1.0,
                    -1.03301
                ],
                [
                    0.0,
                    0.0,
                    0.0,
                    1.0
                ]
            ],
            "size": [
                0.6,
                0.06,
                0.06
            ]
        },
        "collider2": {
            "type": "Sphere",
            "collider2origin": [
                [
                    1.0,
                    0.0,
                    0.0,
                    0.6801828124871975
                ],
                [
                    0.0,
                    1.0,
                    0.0,
                    -0.12787850127138
                ],
                [
                    0.0,
                    0.0,
                    1.0,
                    -1.0164148860312827
                ],
                [
                    0.0,
                    0.0,
                    0.0,
                    1.0
                ]
            ],
            "radius": 0.00487
        },
        "distance": 0.0
    },
    {
        "case": 1,
        "collider1": {
            "type": "Box",
            "collider2origin": [
                [
                    1.0,
                    0.0,
                    0.0,
                    0.7
                ],
                [
                    0.0,
                    1.0,
                    0.0,
                    -0.15085999999999994
                ],
                [
                    0.0,
                    0.0,
                    1.0,
                    -1.03301
                ],
                [
                    0.0,
                    0.0,
                    0.0,
                    1.0
                ]
            ],
            "size": [
                0.6,
                0.06,
                0.06
            ]
        },
        "collider2": {
            "type": "Cylinder",
            "collider2origin": [
                [
                    -0.26094389317578315,
                    -0.8396557256871375,
                    0.4763260930655294,
                    0.689041303428636
                ],
                [
                    0.9479329997098225,
                    -0.12955436231963136,
                    0.2909273023713838,
                    -0.12259389275465571
                ],
                [
                    -0.18256865195153946,
                    0.5274409251515848,
                    0.8297437904557269,
                    -1.003509776536768
                ],
                [
                    0.0,
                    0.0,
                    0.0,
                    1.0
                ]
            ],
            "radius": 0.0076,
            "height": 0.02993
        },
        "distance": 0.0
    },
    {
        "case": 2,
        "collider1": {
            "type": "Box",
            "collider2origin": [
                [
                    1.0,
                    0.0,
                    0.0,
                    -0.08499999999999996
                ],
                [
                    0.0,
                    1.0,
                    0.0,
                    0.42914
                ],
                [
                    0.0,
                    0.0,
                    1.0,
                    -1.2880099999999999
                ],
                [
                    0.0,
                    0.0,
                    0.0,
                    1.0
                ]
            ],
            "size": [
                1.02,
                1.22,
                0.75
            ]
        },
        "collider2": {
            "type": "Box",
            "collider2origin": [
                [
                    0.23397272038160183,
                    0.7707393650325852,
                    0.5926361424233254,
                    0.44759417271078117
                ],
                [
                    -0.2830322380556659,
                    0.6371505561354903,
                    -0.716890452605861,
                    -0.08072662315585155
                ],
                [
                    -0.9301341399703774,
                    -2.324330959094497e-06,
                    0.36721993635444655,
                    -0.8491346324379849
                ],
                [
                    0.0,
                    0.0,
                    0.0,
                    1.0
                ]
            ],
            "size": [
                0.09102,
                0.10007,
                0.11882
            ]
        },
        "distance": 0.0
    },
    {
        "case": 3,
        "collider1": {
            "type": "Box",
            "collider2origin": [
                [
                    1.0,
                    0.0,
                    0.0,
                    -0.08500000000000019
                ],
                [
                    0.0,
                    1.0,
                    0.0,
                    -0.03585999999999995
                ],
                [
                    0.0,
                    0.0,
                    1.0,
                    -0.81301
                ],
                [
                    0.0,
                    0.0,
                    0.0,
                    1.0
                ]
            ],
            "size": [
                1.01,
                0.28,
                0.27
            ]
        },
        "collider2": {
            "type": "Box",
            "collider2origin": [
                [
                    0.23397272038160183,
                    0.7707393650325852,
                    0.5926361424233254,
                    0.44759417271078117
                ],
                [
                    -0.2830322380556659,
                    0.6371505561354903,
                    -0.716890452605861,
                    -0.08072662315585155
                ],
                [
                    -0.9301341399703774,
                    -2.324330959094497e-06,
                    0.36721993635444655,
                    -0.8491346324379849
                ],
                [
                    0.0,
                    0.0,
                    0.0,
                    1.0
                ]
            ],
            "size": [
                0.09102,
                0.10007,
                0.11882
            ]
        },
        "distance": 0.0
    },
    {
        "case": 4,
        "collider1": {
            "type": "Box",
            "collider2origin": [
                [
                    1.0,
                    0.0,
                    0.0,
                    0.5199999999999999
                ],
                [
                    0.0,
                    1.0,
                    0.0,
                    -0.43085999999999997
                ],
                [
                    0.0,
                    0.0,
                    1.0,
                    -0.80301
                ],
                [
                    0.0,
                    0.0,
                    0.0,
                    1.0
                ]
            ],
            "size": [
                0.2,
                0.08,
                0.04
            ]
        },
        "collider2": {
            "type": "Box",
            "collider2origin": [
                [
                    -0.3641717145567001,
                    0.7707352677145718,
                    -0.5228251231700523,
                    0.5126113818177132
                ],
                [
                    0.44052780715794126,
                    0.637155512467422,
                    0.6324303155708084,
                    -0.3347794555825978
                ],
                [
                    0.8205572578665361,
                    -5.772678127517736e-06,
                    -0.5715643328001031,
                    -0.6834843229857673
                ],
                [
                    0.0,
                    0.0,
                    0.0,
                    1.0
                ]
            ],
            "size": [
                0.1202,
                0.13634,
                0.67816
            ]
        },
        "distance": 0.027978414830021652
    },
    {
        "case": 5,
        "collider1": {
            "type": "Box",
            "collider2origin": [
                [
                    1.0,
                    0.0,
                    0.0,
                    0.44499999999999995
                ],
                [
                    0.0,
                    1.0,
                    0.0,
                    -0.025859999999999994
                ],
                [
                    0.0,
                    0.0,
                    1.0,
                    -0.67801
                ],
                [
                    0.0,
                    0.0,
                    0.0,
                    1.0
                ]
            ],
            "size": [
                0.06,
                0.09,
                0.004
            ]
        },
        "collider2": {
            "type": "Box",
            "collider2origin": [
                [
                    -0.3641717145567001,
                    0.7707352677145718,
                    -0.5228251231700523,
                    0.5126113818177132
                ],
                [
                    0.44052780715794126,
                    0.637155512467422,
                    0.6324303155708084,
                    -0.3347794555825978
                ],
                [
                    0.8205572578665361,
                    -5.772678127517736e-06,
                    -0.5715643328001031,
                    -0.6834843229857673
                ],
                [
                    0.0,
                    0.0,
                    0.0,
                    1.0
                ]
            ],
            "size": [
                0.1202,
                0.13634,
                0.67816
            ]
        },
        "distance": 0.09607414352393995
    },
    {
        "case": 6,
        "collider1": {
            "type": "Cylinder",
            "collider2origin": [
                [
                    1.0,
                    0.0,
                    0.0,
                    0.4849999999999999
                ],
                [
                    0.0,
                    -3.673205103346574e-06,
                    -0.9999999999932537,
                    -0.46086
                ],
                [
                    0.0,
                    0.9999999999932537,
                    -3.673205103346574e-06,
                    -0.70001
                ],
                [
                    0.0,
                    0.0,
                    0.0,
                    1.0
                ]
            ],
            "radius": 0.026,
            "height": 0.272
        },
        "collider2": {
            "type": "Box",
            "collider2origin": [
                [
                    -0.3641717145567001,
                    0.7707352677145718,
                    -0.5228251231700523,
                    0.5126113818177132
                ],
                [
                    0.44052780715794126,
                    0.637155512467422,
                    0.6324303155708084,
                    -0.3347794555825978
                ],
                [
                    0.8205572578665361,
                    -5.772678127517736e-06,
                    -0.5715643328001031,
                    -0.6834843229857673
                ],
                [
                    0.0,
                    0.0,
                    0.0,
                    1.0
                ]
            ],
            "size": [
                0.1202,
                0.13634,
                0.67816
            ]
        },
        "distance": 0.0
    },
    {
        "case": 7,
        "collider1": {
            "type": "Box",
            "collider2origin": [
                [
                    1.0,
                    0.0,
                    0.0,
                    0.246
                ],
                [
                    0.0,
                    1.0,
                    0.0,
                    -0.24786000000000002
                ],
                [
                    0.0,
                    0.0,
                    1.0,
                    -0.71801
                ],
                [
                    0.0,
                    0.0,
                    0.0,
                    1.0
                ]
            ],
            "size": [
                0.12,
                0.16,
                0.08
            ]
        },
        "collider2": {
            "type": "Box",
            "collider2origin": [
                [
                    -0.3641717145567001,
                    0.7707352677145718,
                    -0.5228251231700523,
                    0.5126113818177132
                ],
                [
                    0.44052780715794126,
                    0.637155512467422,
                    0.6324303155708084,
                    -0.3347794555825978
                ],
                [
                    0.8205572578665361,
                    -5.772678127517736e-06,
                    -0.5715643328001031,
                    -0.6834843229857673
                ],
                [
                    0.0,
                    0.0,
                    0.0,
                    1.0
                ]
            ],
            "size": [
                0.1202,
                0.13634,
                0.67816
            ]
        },
        "distance": 0.013947498990531161
    },
    {
        "case": 8,
        "collider1": {
            "type": "Box",
            "collider2origin": [
                [
                    1.0,
                    0.0,
                    0.0,
                    0.28600000000000003
                ],
                [
                    0.0,
                    1.0,
                    0.0,
                    -0.19785999999999998
                ],
                [
                    0.0,
                    0.0,
                    1.0,
                    -0.70601
                ],
                [
                    0.0,
                    0.0,
                    0.0,
                    1.0
                ]
            ],
            "size": [
                0.04,
                0.04,
                0.12
            ]
        },
        "collider2": {
            "type": "Box",
            "collider2origin": [
                [
                    -0.3641717145567001,
                    0.7707352677145718,
                    -0.5228251231700523,
                    0.5126113818177132
                ],
                [
                    0.44052780715794126,
                    0.637155512467422,
                    0.6324303155708084,
                    -0.3347794555825978
                ],
                [
                    0.8205572578665361,
                    -5.772678127517736e-06,
                    -0.5715643328001031,
                    -0.6834843229857673
                ],
                [
                    0.0,
                    0.0,
                    0.0,
                    1.0
                ]
            ],
            "size": [
                0.1202,
                0.13634,
                0.67816
            ]
        },
        "distance": 0.008547927855608891
    },
    {
        "case": 9,
        "collider1": {
            "type": "Box",
            "collider2origin": [
                [
                    0.9999999999999999,
                    0.0,
                    6.177235058912196e-23,
                    0.2860000183661401
                ],
                [
                    0.0,
                    1.0,
                    0.0,
                    -0.10086
                ],
                [
                    6.177235058912196e-23,
                    0.0,
                    0.9999999999999999,
                    -0.626009937555547
                ],
                [
                    0.0,
                    0.0,
                    0.0,
                    1.0
                ]
            ],
            "size": [
                0.04,
                0.234,
                0.044
            ]
        },
        "collider2": {
            "type": "Box",
            "collider2origin": [
                [
                    -0.3641717145567001,
                    0.7707352677145718,
                    -0.5228251231700523,
                    0.5126113818177132
                ],
                [
                    0.44052780715794126,
                    0.637155512467422,
                    0.6324303155708084,
                    -0.3347794555825978
                ],
                [
                    0.8205572578665361,
                    -5.772678127517736e-06,
                    -0.5715643328001031,
                    -0.6834843229857673
                ],
                [
                    0.0,
                    0.0,
                    0.0,
                    1.0
                ]
            ],
            "size": [
                0.1202,
                0.13634,
                0.67816
            ]
        },
        "distance": 0.09718132227569602
    },
    {
        "case": 10,
        "collider1": {
            "type": "Box",
            "collider2origin": [
                [
                    1.0,
                    0.0,
                    0.0,
                    -0.08499999999999996
                ],
                [
                    0.0,
                    1.0,
                    0.0,
                    0.42914
                ],
                [
                    0.0,
                    0.0,
                    1.0,
                    -1.2880099999999999
                ],
                [
                    0.0,
                    0.0,
                    0.0,
                    1.0
                ]
            ],
            "size": [
                1.02,
                1.22,
                0.75
            ]
        },
        "collider2": {
            "type": "Box",
            "collider2origin": [
                [
                    -0.3641717145567001,
                    0.7707352677145718,
                    -0.5228251231700523,
                    0.5126113818177132
                ],
                [
                    0.44052780715794126,
                    0.637155512467422,
                    0.6324303155708084,
                    -0.3347794555825978
                ],
                [
                    0.8205572578665361,
                    -5.772678127517736e-06,
                    -0.5715643328001031,
                    -0.6834843229857673
                ],
                [
                    0.0,
                    0.0,
                    0.0,
                    1.0
                ]
            ],
            "size": [
                0.1202,
                0.13634,
                0.67816
            ]
        },
        "distance": 0.0
    },
    {
        "case": 11,
        "collider1": {
            "type": "Box",
            "collider2origin": [
                [
                    1.0,
                    0.0,
                    0.0,
                    -0.26
                ],
                [
                    0.0,
                    1.0,
                    0.0,
                    -0.4608599999999999
                ],
                [
                    0.0,
                    0.0,
                    1.0,
                    -1.143
                ],
                [
                    0.0,
                    0.0,
                    0.0,
                    1.0
                ]
            ],
            "size": [
                1.48,
                0.272,
                0.945
            ]
        },
        "collider2": {
            "type": "Box",
            "collider2origin": [
                [
                    -0.3641717145567001,
                    0.7707352677145718,
                    -0.5228251231700523,
                    0.5126113818177132
                ],
                [
                    0.44052780715794126,
                    0.637155512467422,
                    0.6324303155708084,
                    -0.3347794555825978
                ],
                [
                    0.8205572578665361,
                    -5.772678127517736e-06,
                    -0.5715643328001031,
                    -0.6834843229857673
                ],
                [
                    0.0,
                    0.0,
                    0.0,
                    1.0
                ]
            ],
            "size": [
                0.1202,
                0.13634,
                0.67816
            ]
        },
        "distance": 0.0
    },
    {
        "case": 12,
        "collider1": {
            "type": "Box",
            "collider2origin": [
                [
                    1.0,
                    0.0,
                    0.0,
                    -0.08500000000000019
                ],
                [
                    0.0,
                    1.0,
                    0.0,
                    -0.03585999999999995
                ],
                [
                    0.0,
                    0.0,
                    1.0,
                    -0.81301
                ],
                [
                    0.0,
                    0.0,
                    0.0,
                    1.0
                ]
            ],
            "size": [
                1.01,
                0.28,
                0.27
            ]
        },
        "collider2": {
            "type": "Box",
            "collider2origin": [
                [
                    -0.3641717145567001,
                    0.7707352677145718,
                    -0.5228251231700523,
                    0.5126113818177132
                ],
                [
                    0.44052780715794126,
                    0.637155512467422,
                    0.6324303155708084,
                    -0.3347794555825978
                ],
                [
                    0.8205572578665361,
                    -5.772678127517736e-06,
                    -0.5715643328001031,
                    -0.6834843229857673
                ],
                [
                    0.0,
                    0.0,
                    0.0,
                    1.0
                ]
            ],
            "size": [
                0.1202,
                0.13634,
                0.67816
            ]
        },
        "distance": 0.0
    },
    {
        "case": 13,
        "collider1": {
            "type": "Box",
            "collider2origin": [
                [
                    1.0,
                    0.0,
                    0.0,
                    0.7
                ],
                [
                    0.0,
                    1.0,
                    0.0,
                    -0.15085999999999994
                ],
                [
                    0.0,
                    0.0,
                    1.0,
                    -1.03301
                ],
                [
                    0.0,
                    0.0,
                    0.0,
                    1.0
                ]
            ],
            "size": [
                0.6,
                0.06,
                0.06
            ]
        },
        "collider2": {
            "type": "Sphere",
            "collider2origin": [
                [
                    1.0,
                    0.0,
                    0.0,
                    0.6854645088659914
                ],
                [
                    0.0,
                    1.0,
                    0.0,
                    -0.14578526902112
                ],
                [
                    0.0,
                    0.0,
                    1.0,
                    -1.0018104053160566
                ],
                [
                    0.0,
                    0.0,
                    0.0,
                    1.0
                ]
            ],
            "radius": 0.00484
        },
        "distance": 0.0
    },
    {
        "case": 14,
        "collider1": {
            "type": "Box",
            "collider2origin": [
                [
                    1.0,
                    0.0,
                    0.0,
                    0.7
                ],
                [
                    0.0,
                    1.0,
                    0.0,
                    -0.15085999999999994
                ],
                [
                    0.0,
                    0.0,
                    1.0,
                    -1.03301
                ],
                [
                    0.0,
                    0.0,
                    0.0,
                    1.0
                ]
            ],
            "size": [
                0.6,
                0.06,
                0.06
            ]
        },
        "collider2": {
            "type": "Cylinder",
            "collider2origin": [
                [
                    -0.08709364199063241,
                    -0.9284554740693994,
                    0.3610888120606542,
                    0.6917891018494797
                ],
                [
                    0.9559309036944709,
                    0.024124667991526808,
                    0.29259888543220836,
                    -0.1407010440606059
                ],
                [
                    -0.2803761845925569,
                    0.37065945700179503,
                    0.8854381751700422,
                    -0.9897912173175227
                ],
                [
                    0.0,
                    0.0,
                    0.0,
                    1.0
                ]
            ],
            "radius": 0.0076,
            "height": 0.02993
        },
        "distance": 0.0
    }
]