[
    {
        "case": 0,
        "collider1": {
            "type": "Box",
            "collider2origin": [
                [
                    1.0,
                    0.0,
                    0.0,
                    1.2009999999999998
                ],
                [
                    0.0,
                    1.0,
                    0.0,
                    0.02914
                ],
                [
                    0.0,
                    0.0,
                    1.0,
                    -1.22801
                ],
                [
                    0.0,
                    0.0,
                    0.0,
                    1.0
                ]
            ],
            "size": [
                0.41,
                0.6,
                0.82
            ]
        },
        "collider2": {
            "type": "Box",
            "collider2origin": [
                [
                    -0.4468777286513856,
                    0.8924644510595756,
                    -0.06170493683903105,
                    1.209856081664909
                ],
                [
                    0.15588464276408365,
                    0.009763685535309674,
                    -0.9877270111701318,
                    -0.30051182730407433
                ],
                [
                    -0.8809087772213947,
                    -0.45101205531526295,
                    -0.1434846757483515,
                    -0.9871121747623813
                ],
                [
                    0.0,
                    0.0,
                    0.0,
                    1.0
                ]
            ],
            "size": [
                0.09126,
                0.11887,
                0.10009
            ]
        },
        "distance": 0.0
    },
    {
        "case": 1,
        "collider1": {
            "type": "Box",
            "collider2origin": [
                [
                    1.0,
                    0.0,
                    0.0,
                    1.2009999999999998
                ],
                [
                    0.0,
                    1.0,
                    0.0,
                    0.02914
                ],
                [
                    0.0,
                    0.0,
                    1.0,
                    -1.22801
                ],
                [
                    0.0,
                    0.0,
                    0.0,
                    1.0
                ]
            ],
            "size": [
                0.41,
                0.6,
                0.82
            ]
        },
        "collider2": {
            "type": "Box",
            "collider2origin": [
                [
                    -0.4481880663210569,
                    0.8924644891751486,
                    -0.051328284295626726,
                    1.2762463847067829
                ],
                [
                    0.13294404444796273,
                    0.009763673235799415,
                    -0.9910754520876613,
                    -0.30445581118998566
                ],
                [
                    -0.8839984944858278,
                    -0.4510119801582717,
                    -0.12302380054487287,
                    -1.0214073245297073
                ],
                [
                    0.0,
                    0.0,
                    0.0,
                    1.0
                ]
            ],
            "size": [
                0.08993,
                0.0305,
                0.09007
            ]
        },
        "distance": 0.0
    },
    {
        "case": 2,
        "collider1": {
            "type": "Box",
            "collider2origin": [
                [
                    1.0,
                    0.0,
                    0.0,
                    1.2009999999999998
                ],
                [
                    0.0,
                    1.0,
                    0.0,
                    0.02914
                ],
                [
                    0.0,
                    0.0,
                    1.0,
                    -1.22801
                ],
                [
                    0.0,
                    0.0,
                    0.0,
                    1.0
                ]
            ],
            "size": [
                0.41,
                0.6,
                0.82
            ]
        },
        "collider2": {
            "type": "Box",
            "collider2origin": [
                [
                    0.008942048269146203,
                    0.9980543775478585,
                    -0.06170493683903105,
                    1.2107236767781306
                ],
                [
                    0.14320576791806947,
                    -0.06234949430359815,
                    -0.9877270111701318,
                    -0.19231324112772574
                ],
                [
                    -0.9896525389285615,
                    -4.200253746585782e-06,
                    -0.1434846757483515,
                    -0.9702059488621795
                ],
                [
                    0.0,
                    0.0,
                    0.0,
                    1.0
                ]
            ],
            "size": [
                0.09102,
                0.10007,
                0.11882
            ]
        },
        "distance": 0.0
    },
    {
        "case": 3,
        "collider1": {
            "type": "Box",
            "collider2origin": [
                [
                    1.0,
                    0.0,
                    0.0,
                    1.2009999999999998
                ],
                [
                    0.0,
                    1.0,
                    0.0,
                    0.02914
                ],
                [
                    0.0,
                    0.0,
                    1.0,
                    -1.22801
                ],
                [
                    0.0,
                    0.0,
                    0.0,
                    1.0
                ]
            ],
            "size": [
                0.41,
                0.6,
                0.82
            ]
        },
        "collider2": {
            "type": "Box",
            "collider2origin": [
                [
                    -0.02075741772503017,
                    0.7480583554242461,
                    0.6633082439479858,
                    1.3850466237621655
                ],
                [
                    -0.9860213840870219,
                    0.09438860120881841,
                    -0.13730485091560576,
                    -0.29979780902199726
                ],
                [
                    -0.16532077828422734,
                    -0.6568862069200527,
                    0.7356422713695036,
                    -1.0997730445591944
                ],
                [
                    0.0,
                    0.0,
                    0.0,
                    1.0
                ]
            ],
            "size": [
                0.07264,
                0.04753,
                0.03326
            ]
        },
        "distance": 0.0
    },
    {
        "case": 4,
        "collider1": {
            "type": "Box",
            "collider2origin": [
                [
                    1.0,
                    0.0,
                    0.0,
                    1.2009999999999998
                ],
                [
                    0.0,
                    1.0,
                    0.0,
                    0.02914
                ],
                [
                    0.0,
                    0.0,
                    1.0,
                    -1.22801
                ],
                [
                    0.0,
                    0.0,
                    0.0,
                    1.0
                ]
            ],
            "size": [
                0.41,
                0.6,
                0.82
            ]
        },
        "collider2": {
            "type": "Cylinder",
            "collider2origin": [
                [
                    0.20708822702673874,
                    0.5430964208965413,
                    -0.8137325997133755,
                    1.4200835263348761
                ],
                [
                    -0.9162356825412022,
                    -0.18392341479429927,
                    -0.35592745262013953,
                    -0.26197254559220606
                ],
                [
                    -0.3429674040855475,
                    0.8192792290176594,
                    0.4595159460073718,
                    -1.1135506068451515
                ],
                [
                    0.0,
                    0.0,
                    0.0,
                    1.0
                ]
            ],
            "radius": 0.00783,
            "height": 0.03044
        },
        "distance": 0.0
    },
    {
        "case": 5,
        "collider1": {
            "type": "Box",
            "collider2origin": [
                [
                    1.0,
                    0.0,
                    0.0,
                    1.2009999999999998
                ],
                [
                    0.0,
                    1.0,
                    0.0,
                    0.02914
                ],
                [
                    0.0,
                    0.0,
                    1.0,
                    -1.22801
                ],
                [
                    0.0,
                    0.0,
                    0.0,
                    1.0
                ]
            ],
            "size": [
                0.41,
                0.6,
                0.82
            ]
        },
        "collider2": {
            "type": "Box",
            "collider2origin": [
                [
                    0.1186946271025912,
                    0.7480612950579764,
                    0.6529286977405417,
                    1.348279936734542
                ],
                [
                    -0.9929024392813852,
                    0.09439099179075344,
                    0.07235389925797409,
                    -0.30321009296332746
                ],
                [
                    -0.0075054357669602275,
                    -0.6568825157552457,
                    0.753955588167504,
                    -1.064178624444287
                ],
                [
                    0.0,
                    0.0,
                    0.0,
                    1.0
                ]
            ],
            "size": [
                0.06241,
                0.05638,
                0.02858
            ]
        },
        "distance": 0.0
    },
    {
        "case": 6,
        "collider1": {
            "type": "Box",
            "collider2origin": [
                [
                    1.0,
                    0.0,
                    0.0,
                    0.7
                ],
                [
                    0.0,
                    1.0,
                    0.0,
                    -0.15085999999999994
                ],
                [
                    0.0,
                    0.0,
                    1.0,
                    -1.03301
                ],
                [
                    0.0,
                    0.0,
                    0.0,
                    1.0
                ]
            ],
            "size": [
                0.6,
                0.06,
                0.06
            ]
        },
        "collider2": {
            "type": "Box",
            "collider2origin": [
                [
                    0.004265475675879832,
                    0.9980548326618345,
                    0.0621961149720478,
                    1.0811856476923674
                ],
                [
                    0.06822445953570963,
                    -0.0623422086948931,
                    0.9957202780581014,
                    -0.47342410054524253
                ],
                [
                    0.9976608786748724,
                    -3.9242968483150965e-06,
                    -0.06835767072012543,
                    -0.9501484618947599
                ],
                [
                    0.0,
                    0.0,
                    0.0,
                    1.0
                ]
            ],
            "size": [
                0.1202,
                0.13634,
                0.67816
            ]
        },
        "distance": 0.031096506680944474
    },
    {
        "case": 7,
        "collider1": {
            "type": "Box",
            "collider2origin": [
                [
                    1.0,
                    0.0,
                    0.0,
                    1.2009999999999998
                ],
                [
                    0.0,
                    1.0,
                    0.0,
                    0.02914
                ],
                [
                    0.0,
                    0.0,
                    1.0,
                    -1.22801
                ],
                [
                    0.0,
                    0.0,
                    0.0,
                    1.0
                ]
            ],
            "size": [
                0.41,
                0.6,
                0.82
            ]
        },
        "collider2": {
            "type": "Box",
            "collider2origin": [
                [
                    0.004265475675879832,
                    0.9980548326618345,
                    0.0621961149720478,
                    1.0811856476923674
                ],
                [
                    0.06822445953570963,
                    -0.0623422086948931,
                    0.9957202780581014,
                    -0.47342410054524253
                ],
                [
                    0.9976608786748724,
                    -3.9242968483150965e-06,
                    -0.06835767072012543,
                    -0.9501484618947599
                ],
                [
                    0.0,
                    0.0,
                    0.0,
                    1.0
                ]
            ],
            "size": [
                0.1202,
                0.13634,
                0.67816
            ]
        },
        "distance": 0.0
    }
]