[
    {
        "case": 0,
        "collider1": {
            "type": "Box",
            "collider2origin": [
                [
                    1.0,
                    0.0,
                    0.0,
                    0.205
                ],
                [
                    0.0,
                    1.0,
                    0.0,
                    -0.17586
                ],
                [
                    0.0,
                    0.0,
                    1.0,
                    -0.10301
                ],
                [
                    0.0,
                    0.0,
                    0.0,
                    1.0
                ]
            ],
            "size": [
                0.05,
                0.05,
                1.2
            ]
        },
        "collider2": {
            "type": "Box",
            "collider2origin": [
                [
                    0.5450208039267255,
                    -0.8084940266772321,
                    0.22201290979197758,
                    0.17844198853620252
                ],
                [
                    -0.748760325532839,
                    -0.5885043829719359,
                    -0.3049927312753173,
                    -0.14313902303235826
                ],
                [
                    0.37724037190500015,
                    -7.075016852783793e-06,
                    -0.9261153825279662,
                    -0.3906094439496699
                ],
                [
                    0.0,
                    0.0,
                    0.0,
                    1.0
                ]
            ],
            "size": [
                0.09102,
                0.10007,
                0.11882
            ]
        },
        "distance": 0.0
    },
    {
        "case": 1,
        "collider1": {
            "type": "Box",
            "collider2origin": [
                [
                    1.0,
                    0.0,
                    0.0,
                    0.205
                ],
                [
                    0.0,
                    1.0,
                    0.0,
                    -0.17586
                ],
                [
                    0.0,
                    0.0,
                    1.0,
                    -0.10301
                ],
                [
                    0.0,
                    0.0,
                    0.0,
                    1.0
                ]
            ],
            "size": [
                0.05,
                0.05,
                1.2
            ]
        },
        "collider2": {
            "type": "Box",
            "collider2origin": [
                [
                    0.1218182213012686,
                    0.9674040463243341,
                    0.22201290979197755,
                    0.20170564265180768
                ],
                [
                    0.9510535373402998,
                    -0.049765479820102744,
                    -0.30499273127531723,
                    -0.17904215851672944
                ],
                [
                    -0.28400262335319726,
                    0.24829983522664817,
                    -0.9261153825279661,
                    -0.4912826000633894
                ],
                [
                    0.0,
                    0.0,
                    0.0,
                    1.0
                ]
            ],
            "size": [
                0.09126,
                0.11887,
                0.10009
            ]
        },
        "distance": 0.0
    },
    {
        "case": 2,
        "collider1": {
            "type": "Box",
            "collider2origin": [
                [
                    1.0,
                    0.0,
                    0.0,
                    0.205
                ],
                [
                    0.0,
                    1.0,
                    0.0,
                    -0.17586
                ],
                [
                    0.0,
                    0.0,
                    1.0,
                    -0.10301
                ],
                [
                    0.0,
                    0.0,
                    0.0,
                    1.0
                ]
            ],
            "size": [
                0.05,
                0.05,
                1.2
            ]
        },
        "collider2": {
            "type": "Box",
            "collider2origin": [
                [
                    0.07443178768781984,
                    -0.8084969864992332,
                    -0.5837743843328977,
                    0.4387385277643575
                ],
                [
                    -0.10224934430481772,
                    -0.5885003167412381,
                    0.8020052673048331,
                    -0.3108331729513957
                ],
                [
                    -0.9919702518578014,
                    -4.137760559092301e-06,
                    -0.12647141737186623,
                    -0.3511461735475754
                ],
                [
                    0.0,
                    0.0,
                    0.0,
                    1.0
                ]
            ],
            "size": [
                0.1202,
                0.13634,
                0.67816
            ]
        },
        "distance": 0.006450090057030599
    }
]