[
    {
        "case": 0,
        "collider1": {
            "type": "Box",
            "collider2origin": [
                [
                    1.0,
                    0.0,
                    0.0,
                    0.44499999999999995
                ],
                [
                    0.0,
                    1.0,
                    0.0,
                    -0.025859999999999994
                ],
                [
                    0.0,
                    0.0,
                    1.0,
                    -0.67801
                ],
                [
                    0.0,
                    0.0,
                    0.0,
                    1.0
                ]
            ],
            "size": [
                0.06,
                0.09,
                0.004
            ]
        },
        "collider2": {
            "type": "Box",
            "collider2origin": [
                [
                    -0.7058821045424677,
                    -0.6502671649438636,
                    0.28086129794360504,
                    0.5284009095882725
                ],
                [
                    0.1320172381675329,
                    -0.5103416171286045,
                    -0.8497781373118384,
                    -0.1009727116856487
                ],
                [
                    0.6959180291624244,
                    -0.5627646470971953,
                    0.44608748992126623,
                    -0.7462931912533769
                ],
                [
                    0.0,
                    0.0,
                    0.0,
                    1.0
                ]
            ],
            "size": [
                0.09126,
                0.11887,
                0.10009
            ]
        },
        "distance": 0.042167811298772465
    },
    {
        "case": 1,
        "collider1": {
            "type": "Box",
            "collider2origin": [
                [
                    1.0,
                    0.0,
                    0.0,
                    0.5199999999999999
                ],
                [
                    0.0,
                    1.0,
                    0.0,
                    -0.43085999999999997
                ],
                [
                    0.0,
                    0.0,
                    1.0,
                    -0.80301
                ],
                [
                    0.0,
                    0.0,
                    0.0,
                    1.0
                ]
            ],
            "size": [
                0.2,
                0.08,
                0.04
            ]
        },
        "collider2": {
            "type": "Box",
            "collider2origin": [
                [
                    0.08768647973809417,
                    -0.949485888909683,
                    -0.3013098538589963,
                    0.6962450846510031
                ],
                [
                    -0.26529630790182257,
                    -0.3138097301539632,
                    0.9116695247041868,
                    -0.23453820987695528
                ],
                [
                    -0.9601713129878449,
                    -4.699542582210481e-06,
                    -0.27941197127738127,
                    -0.7134156340021568
                ],
                [
                    0.0,
                    0.0,
                    0.0,
                    1.0
                ]
            ],
            "size": [
                0.1202,
                0.13634,
                0.67816
            ]
        },
        "distance": 0.06753984213328713
    },
    {
        "case": 2,
        "collider1": {
            "type": "Box",
            "collider2origin": [
                [
                    1.0,
                    0.0,
                    0.0,
                    -0.08500000000000019
                ],
                [
                    0.0,
                    1.0,
                    0.0,
                    -0.03585999999999995
                ],
                [
                    0.0,
                    0.0,
                    1.0,
                    -0.81301
                ],
                [
                    0.0,
                    0.0,
                    0.0,
                    1.0
                ]
            ],
            "size": [
                1.01,
                0.28,
                0.27
            ]
        },
        "collider2": {
            "type": "Box",
            "collider2origin": [
                [
                    -0.6091860300409747,
                    -0.7034507046150777,
                    0.3661276921778338,
                    0.4233659470340161
                ],
                [
                    -0.24918417430223025,
                    -0.2685034417257166,
                    -0.9304908108405799,
                    -0.18011837552707888
                ],
                [
                    0.7528609619845033,
                    -0.6580752297100952,
                    -0.011720237274602753,
                    -0.834390026830129
                ],
                [
                    0.0,
                    0.0,
                    0.0,
                    1.0
                ]
            ],
            "size": [
                0.06241,
                0.05638,
                0.02858
            ]
        },
        "distance": 0.0
    },
    {
        "case": 3,
        "collider1": {
            "type": "Box",
            "collider2origin": [
                [
                    1.0,
                    0.0,
                    0.0,
                    -0.08500000000000019
                ],
                [
                    0.0,
                    1.0,
                    0.0,
                    -0.03585999999999995
                ],
                [
                    0.0,
                    0.0,
                    1.0,
                    -0.81301
                ],
                [
                    0.0,
                    0.0,
                    0.0,
                    1.0
                ]
            ],
            "size": [
                1.01,
                0.28,
                0.27
            ]
        },
        "collider2": {
            "type": "Box",
            "collider2origin": [
                [
                    -0.6723784433630423,
                    -0.7034537398857382,
                    0.23034770400735488,
                    0.3856409843621271
                ],
                [
                    -0.048676318755118485,
                    -0.26849941671309197,
                    -0.9620492083137843,
                    -0.191773333945914
                ],
                [
                    0.7386053377096203,
                    -0.6580736273894411,
                    0.14629168138127524,
                    -0.867122042283807
                ],
                [
                    0.0,
                    0.0,
                    0.0,
                    1.0
                ]
            ],
            "size": [
                0.07264,
                0.04753,
                0.03326
            ]
        },
        "distance": 0.0
    }
]