[
    {
        "case": 0,
        "collider1": {
            "type": "Box",
            "collider2origin": [
                [
                    1.0,
                    0.0,
                    0.0,
                    -0.26
                ],
                [
                    0.0,
                    1.0,
                    0.0,
                    -0.4608599999999999
                ],
                [
                    0.0,
                    0.0,
                    1.0,
                    -1.143
                ],
                [
                    0.0,
                    0.0,
                    0.0,
                    1.0
                ]
            ],
            "size": [
                1.48,
                0.272,
                0.945
            ]
        },
        "collider2": {
            "type": "Cylinder",
            "collider2origin": [
                [
                    0.5179463080009268,
                    -0.7316510736967237,
                    -0.4431910743535349,
                    0.22415931163568703
                ],
                [
                    0.8539135392307208,
                    0.4115680288786244,
                    0.31850184477240945,
                    -0.36149162741430074
                ],
                [
                    -0.0506289398138361,
                    -0.543413713448046,
                    0.8379368988712284,
                    -1.0475851120344055
                ],
                [
                    0.0,
                    0.0,
                    0.0,
                    1.0
                ]
            ],
            "radius": 0.01271,
            "height": 0.05982
        },
        "distance": 0.0
    },
    {
        "case": 1,
        "collider1": {
            "type": "Box",
            "collider2origin": [
                [
                    1.0,
                    0.0,
                    0.0,
                    -0.26
                ],
                [
                    0.0,
                    1.0,
                    0.0,
                    -0.4608599999999999
                ],
                [
                    0.0,
                    0.0,
                    1.0,
                    -1.143
                ],
                [
                    0.0,
                    0.0,
                    0.0,
                    1.0
                ]
            ],
            "size": [
                1.48,
                0.272,
                0.945
            ]
        },
        "collider2": {
            "type": "Cylinder",
            "collider2origin": [
                [
                    0.9836839069891036,
                    -0.1677244532519774,
                    -0.06507287385675778,
                    0.19134220005068825
                ],
                [
                    0.17268971806308844,
                    0.9817102406513353,
                    0.08014527232212355,
                    -0.42677159192202285
                ],
                [
                    0.050440384672832614,
                    -0.09007503084441022,
                    0.9946568535994884,
                    -1.0352829594850375
                ],
                [
                    0.0,
                    0.0,
                    0.0,
                    1.0
                ]
            ],
            "radius": 0.00783,
            "height": 0.03683
        },
        "distance": 0.0
    },
    {
        "case": 2,
        "collider1": {
            "type": "Box",
            "collider2origin": [
                [
                    1.0,
                    0.0,
                    0.0,
                    -0.26
                ],
                [
                    0.0,
                    1.0,
                    0.0,
                    -0.4608599999999999
                ],
                [
                    0.0,
                    0.0,
                    1.0,
                    -1.143
                ],
                [
                    0.0,
                    0.0,
                    0.0,
                    1.0
                ]
            ],
            "size": [
                1.48,
                0.272,
                0.945
            ]
        },
        "collider2": {
            "type": "Cylinder",
            "collider2origin": [
                [
                    0.9999918878960242,
                    -0.0028120102880190836,
                    0.0028838759135535754,
                    0.17265239437640123
                ],
                [
                    0.0011355932474706547,
                    0.8837503171635589,
                    0.4679573563277801,
                    -0.46019276436067136
                ],
                [
                    -0.003864527153611307,
                    -0.4679502852990353,
                    0.8837463413889926,
                    -1.0468285700658946
                ],
                [
                    0.0,
                    0.0,
                    0.0,
                    1.0
                ]
            ],
            "radius": 0.0076,
            "height": 0.02993
        },
        "distance": 0.0
    },
    {
        "case": 3,
        "collider1": {
            "type": "Box",
            "collider2origin": [
                [
                    1.0,
                    0.0,
                    0.0,
                    -0.08499999999999996
                ],
                [
                    0.0,
                    1.0,
                    0.0,
                    0.42914
                ],
                [
                    0.0,
                    0.0,
                    1.0,
                    -1.2880099999999999
                ],
                [
                    0.0,
                    0.0,
                    0.0,
                    1.0
                ]
            ],
            "size": [
                1.02,
                1.22,
                0.75
            ]
        },
        "collider2": {
            "type": "Box",
            "collider2origin": [
                [
                    0.8215478152239529,
                    0.3372888986389762,
                    -0.4596687787479763,
                    0.12467445657386045
                ],
                [
                    0.5021623842730588,
                    -0.8098603330880402,
                    0.303247721692555,
                    -0.22734058911659472
                ],
                [
                    -0.2699854202025481,
                    -0.47996087314012875,
                    -0.8347127848144046,
                    -0.9157005911492305
                ],
                [
                    0.0,
                    0.0,
                    0.0,
                    1.0
                ]
            ],
            "size": [
                0.09126,
                0.11887,
                0.10009
            ]
        },
        "distance": 0.0
    },
    {
        "case": 4,
        "collider1": {
            "type": "Box",
            "collider2origin": [
                [
                    1.0,
                    0.0,
                    0.0,
                    -0.08500000000000019
                ],
                [
                    0.0,
                    1.0,
                    0.0,
                    -0.03585999999999995
                ],
                [
                    0.0,
                    0.0,
                    1.0,
                    -0.81301
                ],
                [
                    0.0,
                    0.0,
                    0.0,
                    1.0
                ]
            ],
            "size": [
                1.01,
                0.28,
                0.27
            ]
        },
        "collider2": {
            "type": "Box",
            "collider2origin": [
                [
                    0.8215478152239529,
                    0.3372888986389762,
                    -0.4596687787479763,
                    0.12467445657386045
                ],
                [
                    0.5021623842730588,
                    -0.8098603330880402,
                    0.303247721692555,
                    -0.22734058911659472
                ],
                [
                    -0.2699854202025481,
                    -0.47996087314012875,
                    -0.8347127848144046,
                    -0.9157005911492305
                ],
                [
                    0.0,
                    0.0,
                    0.0,
                    1.0
                ]
            ],
            "size": [
                0.09126,
                0.11887,
                0.10009
            ]
        },
        "distance": 0.0
    },
    {
        "case": 5,
        "collider1": {
            "type": "Box",
            "collider2origin": [
                [
                    1.0,
                    0.0,
                    0.0,
                    -0.26
                ],
                [
                    0.0,
                    1.0,
                    0.0,
                    -0.4608599999999999
                ],
                [
                    0.0,
                    0.0,
                    1.0,
                    -1.143
                ],
                [
                    0.0,
                    0.0,
                    0.0,
                    1.0
                ]
            ],
            "size": [
                1.48,
                0.272,
                0.945
            ]
        },
        "collider2": {
            "type": "Sphere",
            "collider2origin": [
                [
                    1.0,
                    0.0,
                    0.0,
                    0.2617960051649042
                ],
                [
                    0.0,
                    1.0,
                    0.0,
                    -0.4735535841516114
                ],
                [
                    0.0,
                    0.0,
                    1.0,
                    -0.9681193945760886
                ],
                [
                    0.0,
                    0.0,
                    0.0,
                    1.0
                ]
            ],
            "radius": 0.00663
        },
        "distance": 0.0
    },
    {
        "case": 6,
        "collider1": {
            "type": "Box",
            "collider2origin": [
                [
                    1.0,
                    0.0,
                    0.0,
                    0.246
                ],
                [
                    0.0,
                    1.0,
                    0.0,
                    -0.24786000000000002
                ],
                [
                    0.0,
                    0.0,
                    1.0,
                    -0.71801
                ],
                [
                    0.0,
                    0.0,
                    0.0,
                    1.0
                ]
            ],
            "size": [
                0.12,
                0.16,
                0.08
            ]
        },
        "collider2": {
            "type": "Box",
            "collider2origin": [
                [
                    -0.6967455390201464,
                    0.5506816391526683,
                    -0.4596687787479763,
                    0.1721170167865781
                ],
                [
                    0.45966410239822103,
                    0.834715360020835,
                    0.303247721692555,
                    -0.2621909796076315
                ],
                [
                    0.550685542593923,
                    -6.73927636440094e-06,
                    -0.8347127848144046,
                    -0.8234846558597818
                ],
                [
                    0.0,
                    0.0,
                    0.0,
                    1.0
                ]
            ],
            "size": [
                0.09102,
                0.10007,
                0.11882
            ]
        },
        "distance": 0.0
    },
    {
        "case": 7,
        "collider1": {
            "type": "Box",
            "collider2origin": [
                [
                    1.0,
                    0.0,
                    0.0,
                    -0.26
                ],
                [
                    0.0,
                    1.0,
                    0.0,
                    -0.4608599999999999
                ],
                [
                    0.0,
                    0.0,
                    1.0,
                    -1.143
                ],
                [
                    0.0,
                    0.0,
                    0.0,
                    1.0
                ]
            ],
            "size": [
                1.48,
                0.272,
                0.945
            ]
        },
        "collider2": {
            "type": "Box",
            "collider2origin": [
                [
                    -0.6967455390201464,
                    0.5506816391526683,
                    -0.4596687787479763,
                    0.1721170167865781
                ],
                [
                    0.45966410239822103,
                    0.834715360020835,
                    0.303247721692555,
                    -0.2621909796076315
                ],
                [
                    0.550685542593923,
                    -6.73927636440094e-06,
                    -0.8347127848144046,
                    -0.8234846558597818
                ],
                [
                    0.0,
                    0.0,
                    0.0,
                    1.0
                ]
            ],
            "size": [
                0.09102,
                0.10007,
                0.11882
            ]
        },
        "distance": 0.0
    },
    {
        "case": 8,
        "collider1": {
            "type": "Box",
            "collider2origin": [
                [
                    1.0,
                    0.0,
                    0.0,
                    -0.26
                ],
                [
                    0.0,
                    1.0,
                    0.0,
                    -0.4608599999999999
                ],
                [
                    0.0,
                    0.0,
                    1.0,
                    -1.143
                ],
                [
                    0.0,
                    0.0,
                    0.0,
                    1.0
                ]
            ],
            "size": [
                1.48,
                0.272,
                0.945
            ]
        },
        "collider2": {
            "type": "Cylinder",
            "collider2origin": [
                [
                    0.49857920960786334,
                    -0.7174195197767574,
                    -0.4865470217667399,
                    0.22889439356444707
                ],
                [
                    0.8609825683776122,
                    0.34468217569246257,
                    0.37403638153233176,
                    -0.36678274042819325
                ],
                [
                    -0.10063691517871351,
                    -0.6053952679061809,
                    0.789537067464293,
                    -1.0606056812309559
                ],
                [
                    0.0,
                    0.0,
                    0.0,
                    1.0
                ]
            ],
            "radius": 0.01169,
            "height": 0.05502
        },
        "distance": 0.0
    },
    {
        "case": 9,
        "collider1": {
            "type": "Box",
            "collider2origin": [
                [
                    1.0,
                    0.0,
                    0.0,
                    -0.26
                ],
                [
                    0.0,
                    1.0,
                    0.0,
                    -0.4608599999999999
                ],
                [
                    0.0,
                    0.0,
                    1.0,
                    -1.143
                ],
                [
                    0.0,
                    0.0,
                    0.0,
                    1.0
                ]
            ],
            "size": [
                1.48,
                0.272,
                0.945
            ]
        },
        "collider2": {
            "type": "Sphere",
            "collider2origin": [
                [
                    1.0,
                    0.0,
                    0.0,
                    0.19078641153092601
                ],
                [
                    0.0,
                    1.0,
                    0.0,
                    -0.4116014767390582
                ],
                [
                    0.0,
                    0.0,
                    1.0,
                    -1.0845080273311754
                ],
                [
                    0.0,
                    0.0,
                    0.0,
                    1.0
                ]
            ],
            "radius": 0.00487
        },
        "distance": 0.0
    },
    {
        "case": 10,
        "collider1": {
            "type": "Box",
            "collider2origin": [
                [
                    1.0,
                    0.0,
                    0.0,
                    -0.26
                ],
                [
                    0.0,
                    1.0,
                    0.0,
                    -0.4608599999999999
                ],
                [
                    0.0,
                    0.0,
                    1.0,
                    -1.143
                ],
                [
                    0.0,
                    0.0,
                    0.0,
                    1.0
                ]
            ],
            "size": [
                1.48,
                0.272,
                0.945
            ]
        },
        "collider2": {
            "type": "Cylinder",
            "collider2origin": [
                [
                    0.9824374557698999,
                    -0.18317088945356377,
                    0.035567833180499275,
                    0.19194890739498416
                ],
                [
                    0.17978609016009753,
                    0.8782322035061958,
                    -0.4431536511297141,
                    -0.41999229615579936
                ],
                [
                    0.04993603193397339,
                    0.44176534719400695,
                    0.8957397896338238,
                    -1.0703240732674564
                ],
                [
                    0.0,
                    0.0,
                    0.0,
                    1.0
                ]
            ],
            "radius": 0.0076,
            "height": 0.02993
        },
        "distance": 0.0
    },
    {
        "case": 11,
        "collider1": {
            "type": "Box",
            "collider2origin": [
                [
                    1.0,
                    0.0,
                    0.0,
                    -0.26
                ],
                [
                    0.0,
                    1.0,
                    0.0,
                    -0.4608599999999999
                ],
                [
                    0.0,
                    0.0,
                    1.0,
                    -1.143
                ],
                [
                    0.0,
                    0.0,
                    0.0,
                    1.0
                ]
            ],
            "size": [
                1.48,
                0.272,
                0.945
            ]
        },
        "collider2": {
            "type": "Sphere",
            "collider2origin": [
                [
                    1.0,
                    0.0,
                    0.0,
                    0.17166775310857507
                ],
                [
                    0.0,
                    1.0,
                    0.0,
                    -0.4657948477131112
                ],
                [
                    0.0,
                    0.0,
                    1.0,
                    -1.060168654161807
                ],
                [
                    0.0,
                    0.0,
                    0.0,
                    1.0
                ]
            ],
            "radius": 0.00484
        },
        "distance": 0.0
    },
    {
        "case": 12,
        "collider1": {
            "type": "Box",
            "collider2origin": [
                [
                    1.0,
                    0.0,
                    0.0,
                    -0.26
                ],
                [
                    0.0,
                    1.0,
                    0.0,
                    -0.4608599999999999
                ],
                [
                    0.0,
                    0.0,
                    1.0,
                    -1.143
                ],
                [
                    0.0,
                    0.0,
                    0.0,
                    1.0
                ]
            ],
            "size": [
                1.48,
                0.272,
                0.945
            ]
        },
        "collider2": {
            "type": "Sphere",
            "collider2origin": [
                [
                    1.0,
                    0.0,
                    0.0,
                    0.23966602466547204
                ],
                [
                    0.0,
                    1.0,
                    0.0,
                    -0.37579520501867436
                ],
                [
                    0.0,
                    0.0,
                    1.0,
                    -1.078417765483753
                ],
                [
                    0.0,
                    0.0,
                    0.0,
                    1.0
                ]
            ],
            "radius": 0.01051
        },
        "distance": 0.0
    },
    {
        "case": 13,
        "collider1": {
            "type": "Box",
            "collider2origin": [
                [
                    1.0,
                    0.0,
                    0.0,
                    -0.26
                ],
                [
                    0.0,
                    1.0,
                    0.0,
                    -0.4608599999999999
                ],
                [
                    0.0,
                    0.0,
                    1.0,
                    -1.143
                ],
                [
                    0.0,
                    0.0,
                    0.0,
                    1.0
                ]
            ],
            "size": [
                1.48,
                0.272,
                0.945
            ]
        },
        "collider2": {
            "type": "Box",
            "collider2origin": [
                [
                    0.0854692309860464,
                    0.33729403076857867,
                    0.9375114651899136,
                    0.14899374578665858
                ],
                [
                    -0.48138456911608335,
                    -0.8098602155219584,
                    0.3352541244066201,
                    -0.28638399726433916
                ],
                [
                    0.87233245220591,
                    -0.47995746490976876,
                    0.09315001184010353,
                    -0.9545797147312287
                ],
                [
                    0.0,
                    0.0,
                    0.0,
                    1.0
                ]
            ],
            "size": [
                0.08993,
                0.0305,
                0.09007
            ]
        },
        "distance": 0.0
    },
    {
        "case": 14,
        "collider1": {
            "type": "Box",
            "collider2origin": [
                [
                    1.0,
                    0.0,
                    0.0,
                    -0.26
                ],
                [
                    0.0,
                    1.0,
                    0.0,
                    -0.4608599999999999
                ],
                [
                    0.0,
                    0.0,
                    1.0,
                    -1.143
                ],
                [
                    0.0,
                    0.0,
                    0.0,
                    1.0
                ]
            ],
            "size": [
                1.48,
                0.272,
                0.945
            ]
        },
        "collider2": {
            "type": "Cylinder",
            "collider2origin": [
                [
                    0.8409639677335425,
                    0.17698655366390445,
                    -0.5113270624522334,
                    0.25219297985222
                ],
                [
                    0.5294416401415024,
                    -0.07411590932394996,
                    0.8451025864765528,
                    -0.4557576226826766
                ],
                [
                    0.11167432407734537,
                    -0.9814186628586484,
                    -0.15603286043205772,
                    -0.9699227969826912
                ],
                [
                    0.0,
                    0.0,
                    0.0,
                    1.0
                ]
            ],
            "radius": 0.00796,
            "height": 0.03037
        },
        "distance": 0.0
    },
    {
        "case": 15,
        "collider1": {
            "type": "Box",
            "collider2origin": [
                [
                    1.0,
                    0.0,
                    0.0,
                    -0.26
                ],
                [
                    0.0,
                    1.0,
                    0.0,
                    -0.4608599999999999
                ],
                [
                    0.0,
                    0.0,
                    1.0,
                    -1.143
                ],
                [
                    0.0,
                    0.0,
                    0.0,
                    1.0
                ]
            ],
            "size": [
                1.48,
                0.272,
                0.945
            ]
        },
        "collider2": {
            "type": "Cylinder",
            "collider2origin": [
                [
                    0.9999940017770765,
                    0.0034296388663060152,
                    0.0004837221458111213,
                    0.1724184443452127
                ],
                [
                    -0.00254553729596484,
                    0.6330290967570812,
                    0.7741238162586063,
                    -0.44407994525825645
                ],
                [
                    0.0023487549345294068,
                    -0.774120404224149,
                    0.6330340299810882,
                    -1.026364051308891
                ],
                [
                    0.0,
                    0.0,
                    0.0,
                    1.0
                ]
            ],
            "radius": 0.00783,
            "height": 0.03044
        },
        "distance": 0.0
    },
    {
        "case": 16,
        "collider1": {
            "type": "Box",
            "collider2origin": [
                [
                    1.0,
                    0.0,
                    0.0,
                    -0.26
                ],
                [
                    0.0,
                    1.0,
                    0.0,
                    -0.4608599999999999
                ],
                [
                    0.0,
                    0.0,
                    1.0,
                    -1.143
                ],
                [
                    0.0,
                    0.0,
                    0.0,
                    1.0
                ]
            ],
            "size": [
                1.48,
                0.272,
                0.945
            ]
        },
        "collider2": {
            "type": "Box",
            "collider2origin": [
                [
                    0.9539584349894399,
                    0.299534390659787,
                    0.015570906350265154,
                    0.19496271132236687
                ],
                [
                    0.2854813750717048,
                    -0.9226751351183338,
                    0.2591736474287703,
                    -0.4040422808094568
                ],
                [
                    0.091998308678297,
                    -0.24279568333566826,
                    -0.9657052176279768,
                    -0.9997876520789878
                ],
                [
                    0.0,
                    0.0,
                    0.0,
                    1.0
                ]
            ],
            "size": [
                0.07264,
                0.04753,
                0.03326
            ]
        },
        "distance": 0.0
    },
    {
        "case": 17,
        "collider1": {
            "type": "Box",
            "collider2origin": [
                [
                    1.0,
                    0.0,
                    0.0,
                    -0.26
                ],
                [
                    0.0,
                    1.0,
                    0.0,
                    -0.4608599999999999
                ],
                [
                    0.0,
                    0.0,
                    1.0,
                    -1.143
                ],
                [
                    0.0,
                    0.0,
                    0.0,
                    1.0
                ]
            ],
            "size": [
                1.48,
                0.272,
                0.945
            ]
        },
        "collider2": {
            "type": "Box",
            "collider2origin": [
                [
                    0.9360439480026618,
                    0.29953156920935414,
                    -0.18466880206080227,
                    0.17798382617317088
                ],
                [
                    0.33344908838183757,
                    -0.9226748756184555,
                    0.19360469870276437,
                    -0.3567089988669334
                ],
                [
                    -0.1123985447633169,
                    -0.24280015022534207,
                    -0.9635427619912046,
                    -0.9897043203062059
                ],
                [
                    0.0,
                    0.0,
                    0.0,
                    1.0
                ]
            ],
            "size": [
                0.06241,
                0.05638,
                0.02858
            ]
        },
        "distance": 0.0
    },
    {
        "case": 18,
        "collider1": {
            "type": "Box",
            "collider2origin": [
                [
                    1.0,
                    0.0,
                    0.0,
                    0.5199999999999999
                ],
                [
                    0.0,
                    1.0,
                    0.0,
                    -0.43085999999999997
                ],
                [
                    0.0,
                    0.0,
                    1.0,
                    -0.80301
                ],
                [
                    0.0,
                    0.0,
                    0.0,
                    1.0
                ]
            ],
            "size": [
                0.2,
                0.08,
                0.04
            ]
        },
        "collider2": {
            "type": "Box",
            "collider2origin": [
                [
                    -0.31611966599863855,
                    0.5506804899094035,
                    -0.772540843452337,
                    0.3371581101638067
                ],
                [
                    0.20855667672834252,
                    0.8347161182147449,
                    0.5096598027945087,
                    -0.5049626409867263
                ],
                [
                    0.9255120038988898,
                    -5.064314997994952e-06,
                    -0.378718273408366,
                    -0.7107263292401153
                ],
                [
                    0.0,
                    0.0,
                    0.0,
                    1.0
                ]
            ],
            "size": [
                0.1202,
                0.13634,
                0.67816
            ]
        },
        "distance": 0.026537325231421202
    },
    {
        "case": 19,
        "collider1": {
            "type": "Cylinder",
            "collider2origin": [
                [
                    1.0,
                    0.0,
                    0.0,
                    0.4849999999999999
                ],
                [
                    0.0,
                    -3.673205103346574e-06,
                    -0.9999999999932537,
                    -0.46086
                ],
                [
                    0.0,
                    0.9999999999932537,
                    -3.673205103346574e-06,
                    -0.70001
                ],
                [
                    0.0,
                    0.0,
                    0.0,
                    1.0
                ]
            ],
            "radius": 0.026,
            "height": 0.272
        },
        "collider2": {
            "type": "Box",
            "collider2origin": [
                [
                    -0.31611966599863855,
                    0.5506804899094035,
                    -0.772540843452337,
                    0.3371581101638067
                ],
                [
                    0.20855667672834252,
                    0.8347161182147449,
                    0.5096598027945087,
                    -0.5049626409867263
                ],
                [
                    0.9255120038988898,
                    -5.064314997994952e-06,
                    -0.378718273408366,
                    -0.7107263292401153
                ],
                [
                    0.0,
                    0.0,
                    0.0,
                    1.0
                ]
            ],
            "size": [
                0.1202,
                0.13634,
                0.67816
            ]
        },
        "distance": 0.0
    },
    {
        "case": 20,
        "collider1": {
            "type": "Box",
            "collider2origin": [
                [
                    1.0,
                    0.0,
                    0.0,
                    0.246
                ],
                [
                    0.0,
                    1.0,
                    0.0,
                    -0.24786000000000002
                ],
                [
                    0.0,
                    0.0,
                    1.0,
                    -0.71801
                ],
                [
                    0.0,
                    0.0,
                    0.0,
                    1.0
                ]
            ],
            "size": [
                0.12,
                0.16,
                0.08
            ]
        },
        "collider2": {
            "type": "Box",
            "collider2origin": [
                [
                    -0.31611966599863855,
                    0.5506804899094035,
                    -0.772540843452337,
                    0.3371581101638067
                ],
                [
                    0.20855667672834252,
                    0.8347161182147449,
                    0.5096598027945087,
                    -0.5049626409867263
                ],
                [
                    0.9255120038988898,
                    -5.064314997994952e-06,
                    -0.378718273408366,
                    -0.7107263292401153
                ],
                [
                    0.0,
                    0.0,
                    0.0,
                    1.0
                ]
            ],
            "size": [
                0.1202,
                0.13634,
                0.67816
            ]
        },
        "distance": 0.0
    },
    {
        "case": 21,
        "collider1": {
            "type": "Box",
            "collider2origin": [
                [
                    1.0,
                    0.0,
                    0.0,
                    -0.26
                ],
                [
                    0.0,
                    1.0,
                    0.0,
                    -0.4608599999999999
                ],
                [
                    0.0,
                    0.0,
                    1.0,
                    -1.143
                ],
                [
                    0.0,
                    0.0,
                    0.0,
                    1.0
                ]
            ],
            "size": [
                1.48,
                0.272,
                0.945
            ]
        },
        "collider2": {
            "type": "Box",
            "collider2origin": [
                [
                    -0.31611966599863855,
                    0.5506804899094035,
                    -0.772540843452337,
                    0.3371581101638067
                ],
                [
                    0.20855667672834252,
                    0.8347161182147449,
                    0.5096598027945087,
                    -0.5049626409867263
                ],
                [
                    0.9255120038988898,
                    -5.064314997994952e-06,
                    -0.378718273408366,
                    -0.7107263292401153
                ],
                [
                    0.0,
                    0.0,
                    0.0,
                    1.0
                ]
            ],
            "size": [
                0.1202,
                0.13634,
                0.67816
            ]
        },
        "distance": 0.0
    },
    {
        "case": 22,
        "collider1": {
            "type": "Box",
            "collider2origin": [
                [
                    1.0,
                    0.0,
                    0.0,
                    -0.26
                ],
                [
                    0.0,
                    1.0,
                    0.0,
                    -0.4608599999999999
                ],
                [
                    0.0,
                    0.0,
                    1.0,
                    -1.143
                ],
                [
                    0.0,
                    0.0,
                    0.0,
                    1.0
                ]
            ],
            "size": [
                1.48,
                0.272,
                0.945
            ]
        },
        "collider2": {
            "type": "Cylinder",
            "collider2origin": [
                [
                    0.8409639677335425,
                    0.40726183735955335,
                    -0.3562546853086665,
                    0.23958488254093657
                ],
                [
                    0.5294416401415024,
                    -0.4834534358914674,
                    0.6971114150614733,
                    -0.4337424249132943
                ],
                [
                    0.11167432407734537,
                    -0.7748616464603567,
                    -0.6221882948003858,
                    -0.9793192084979554
                ],
                [
                    0.0,
                    0.0,
                    0.0,
                    1.0
                ]
            ],
            "radius": 0.00713,
            "height": 0.01426
        },
        "distance": 0.0
    },
    {
        "case": 23,
        "collider1": {
            "type": "Box",
