[
    {
        "case": 0,
        "collider1": {
            "type": "Box",
            "collider2origin": [
                [
                    1.0,
                    0.0,
                    0.0,
                    -0.06
                ],
                [
                    0.0,
                    1.0,
                    0.0,
                    -0.37086
                ],
                [
                    0.0,
                    0.0,
                    1.0,
                    -0.40301
                ],
                [
                    0.0,
                    0.0,
                    0.0,
                    1.0
                ]
            ],
            "size": [
                0.1,
                1.0,
                1.64
            ]
        },
        "collider2": {
            "type": "Sphere",
            "collider2origin": [
                [
                    1.0,
                    0.0,
                    0.0,
                    -0.05548944550719215
                ],
                [
                    0.0,
                    1.0,
                    0.0,
                    -0.5920707842195889
                ],
                [
                    0.0,
                    0.0,
                    1.0,
                    -0.00795689906223096
                ],
                [
                    0.0,
                    0.0,
                    0.0,
                    1.0
                ]
            ],
            "radius": 0.00663
        },
        "distance": 0.0
    },
    {
        "case": 1,
        "collider1": {
            "type": "Box",
            "collider2origin": [
                [
                    1.0,
                    0.0,
                    0.0,
                    -0.06
                ],
                [
                    0.0,
                    1.0,
                    0.0,
                    -0.37086
                ],
                [
                    0.0,
                    0.0,
                    1.0,
                    -0.40301
                ],
                [
                    0.0,
                    0.0,
                    0.0,
                    1.0
                ]
            ],
            "size": [
                0.1,
                1.0,
                1.64
            ]
        },
        "collider2": {
            "type": "Sphere",
            "collider2origin": [
                [
                    1.0,
                    0.0,
                    0.0,
                    -0.042810911007448826
                ],
                [
                    0.0,
                    1.0,
                    0.0,
                    -0.591422803034972
                ],
                [
                    0.0,
                    0.0,
                    1.0,
                    -0.03762184290830417
                ],
                [
                    0.0,
                    0.0,
                    0.0,
                    1.0
                ]
            ],
            "radius": 0.00563
        },
        "distance": 0.0
    },
    {
        "case": 2,
        "collider1": {
            "type": "Box",
            "collider2origin": [
                [
                    1.0,
                    0.0,
                    0.0,
                    -0.06
                ],
                [
                    0.0,
                    1.0,
                    0.0,
                    -0.37086
                ],
                [
                    0.0,
                    0.0,
                    1.0,
                    -0.40301
                ],
                [
                    0.0,
                    0.0,
                    0.0,
                    1.0
                ]
            ],
            "size": [
                0.1,
                1.0,
                1.64
            ]
        },
        "collider2": {
            "type": "Cylinder",
            "collider2origin": [
                [
                    -0.5718529248421751,
                    0.2915773594571217,
                    0.7667899815473994,
                    -0.04099515236294238
                ],
                [
                    0.6654420362930235,
                    -0.381763705109706,
                    0.6414385159897267,
                    -0.5778553321206553
                ],
                [
                    0.47976153314291775,
                    0.8770627782051412,
                    0.024284859551481075,
                    -0.00801156048808327
                ],
                [
                    0.0,
                    0.0,
                    0.0,
                    1.0
                ]
            ],
            "radius": 0.00796,
            "height": 0.03037
        },
        "distance": 0.0
    },
    {
        "case": 3,
        "collider1": {
            "type": "Box",
            "collider2origin": [
                [
                    1.0,
                    0.0,
                    0.0,
                    -0.06
                ],
                [
                    0.0,
                    1.0,
                    0.0,
                    -0.37086
                ],
                [
                    0.0,
                    0.0,
                    1.0,
                    -0.40301
                ],
                [
                    0.0,
                    0.0,
                    0.0,
                    1.0
                ]
            ],
            "size": [
                0.1,
                1.0,
                1.64
            ]
        },
        "collider2": {
            "type": "Cylinder",
            "collider2origin": [
                [
                    -0.5718529248421751,
                    -0.1270586550236153,
                    0.8104568653130398,
                    -0.01910084645372323
                ],
                [
                    0.6654420362930235,
                    -0.6496085187700731,
                    0.36768963634503676,
                    -0.5628890330788765
                ],
                [
                    0.47976153314291775,
                    0.7495764607596354,
                    0.4560307015886269,
                    -0.0026660145154453474
                ],
                [
                    0.0,
                    0.0,
                    0.0,
                    1.0
                ]
            ],
            "radius": 0.00713,
            "height": 0.01426
        },
        "distance": 0.0
    },
    {
        "case": 4,
        "collider1": {
            "type": "Box",
            "collider2origin": [
                [
                    1.0,
                    0.0,
                    0.0,
                    -0.06
                ],
                [
                    0.0,
                    1.0,
                    0.0,
                    -0.37086
                ],
                [
                    0.0,
                    0.0,
                    1.0,
                    -0.40301
                ],
                [
                    0.0,
                    0.0,
                    0.0,
                    1.0
                ]
            ],
            "size": [
                0.1,
                1.0,
                1.64
            ]
        },
        "collider2": {
            "type": "Sphere",
            "collider2origin": [
                [
                    1.0,
                    0.0,
                    0.0,
                    -0.017272569398738558
                ],
                [
                    0.0,
                    1.0,
                    0.0,
                    -0.5776191746557211
                ],
                [
                    0.0,
                    0.0,
                    1.0,
                    -0.014353741347199467
                ],
                [
                    0.0,
                    0.0,
                    0.0,
                    1.0
                ]
            ],
            "radius": 0.01051
        },
        "distance": 0.0
    },
    {
        "case": 5,
        "collider1": {
            "type": "Box",
            "collider2origin": [
                [
                    1.0,
                    0.0,
                    0.0,
                    -0.06
                ],
                [
                    0.0,
                    1.0,
                    0.0,
                    -0.37086
                ],
                [
                    0.0,
                    0.0,
                    1.0,
                    -0.40301
                ],
                [
                    0.0,
                    0.0,
                    0.0,
                    1.0
                ]
            ],
            "size": [
                0.1,
                1.0,
                1.64
            ]
        },
        "collider2": {
            "type": "Cylinder",
            "collider2origin": [
                [
                    -0.542261992161242,
                    -0.0006940949452894237,
                    0.8402091704388418,
                    -0.025471369092071594
                ],
                [
                    0.7472291395015295,
                    -0.45765107595599486,
                    0.4818756123276244,
                    -0.5806197737155978
                ],
                [
                    0.38418816345265544,
                    0.8891316049430061,
                    0.24868543213133473,
                    -0.034159496350026686
                ],
                [
                    0.0,
                    0.0,
                    0.0,
                    1.0
                ]
            ],
            "radius": 0.00813,
            "height": 0.03824
        },
        "distance": 0.0
    },
    {
        "case": 6,
        "collider1": {
            "type": "Box",
            "collider2origin": [
                [
                    1.0,
                    0.0,
                    0.0,
                    -0.06
                ],
                [
                    0.0,
                    1.0,
                    0.0,
                    -0.37086
                ],
                [
                    0.0,
                    0.0,
                    1.0,
                    -0.40301
                ],
                [
                    0.0,
                    0.0,
                    0.0,
                    1.0
                ]
            ],
            "size": [
                0.1,
                1.0,
                1.64
            ]
        },
        "collider2": {
            "type": "Sphere",
            "collider2origin": [
                [
                    1.0,
                    0.0,
                    0.0,
                    -0.029012724786139144
                ],
                [
                    0.0,
                    1.0,
                    0.0,
                    -0.6217629137399918
                ],
                [
                    0.0,
                    0.0,
                    1.0,
                    -0.009691652604134182
                ],
                [
                    0.0,
                    0.0,
                    0.0,
                    1.0
                ]
            ],
            "radius": 0.00487
        },
        "distance": 0.0
    },
    {
        "case": 7,
        "collider1": {
            "type": "Box",
            "collider2origin": [
                [
                    1.0,
                    0.0,
                    0.0,
                    -0.06
                ],
                [
                    0.0,
                    1.0,
                    0.0,
                    -0.37086
                ],
                [
                    0.0,
                    0.0,
                    1.0,
                    -0.40301
                ],
                [
                    0.0,
                    0.0,
                    0.0,
                    1.0
                ]
            ],
            "size": [
                0.1,
                1.0,
                1.64
            ]
        },
        "collider2": {
            "type": "Cylinder",
            "collider2origin": [
                [
                    -0.5717174388051719,
                    0.3044032252728315,
                    0.7618909676650275,
                    -0.01706429572882362
                ],
                [
                    0.7890630960723759,
                    -0.05039448438299089,
                    0.6122416404986257,
                    -0.6113463785578573
                ],
                [
                    0.22476343248564823,
                    0.9512092684510961,
                    -0.21138194584684655,
                    -0.014347040650436904
                ],
                [
                    0.0,
                    0.0,
                    0.0,
                    1.0
                ]
            ],
            "radius": 0.0076,
            "height": 0.02993
        },
        "distance": 0.0
    },
    {
        "case": 8,
        "collider1": {
            "type": "Box",
            "collider2origin": [
                [
                    1.0,
                    0.0,
                    0.0,
                    -0.06
                ],
                [
                    0.0,
                    1.0,
                    0.0,
                    -0.37086
                ],
                [
                    0.0,
                    0.0,
                    1.0,
                    -0.40301
                ],
                [
                    0.0,
                    0.0,
                    0.0,
                    1.0
                ]
            ],
            "size": [
                0.1,
                1.0,
                1.64
            ]
        },
        "collider2": {
            "type": "Cylinder",
            "collider2origin": [
                [
                    -0.542261992161242,
                    -0.4172690739574738,
                    0.729272549720605,
                    -0.0012506117960779939
                ],
                [
                    0.7472291395015295,
                    -0.6363787256161608,
                    0.1914960330214538,
                    -0.5699420677760303
                ],
                [
                    0.38418816345265544,
                    0.6487747201470027,
                    0.6568796065954957,
                    -0.020740881970118252
                ],
                [
                    0.0,
                    0.0,
                    0.0,
                    1.0
                ]
            ],
            "radius": 0.00683,
            "height": 0.01183
        },
        "distance": 0.0
    },
    {
        "case": 9,
        "collider1": {
            "type": "Box",
            "collider2origin": [
                [
                    1.0,
                    0.0,
                    0.0,
                    -0.06
                ],
                [
                    0.0,
                    1.0,
                    0.0,
                    -0.37086
                ],
                [
                    0.0,
                    0.0,
                    1.0,
                    -0.40301
                ],
                [
                    0.0,
                    0.0,
                    0.0,
                    1.0
                ]
            ],
            "size": [
                0.1,
                1.0,
                1.64
            ]
        },
        "collider2": {
            "type": "Cylinder",
            "collider2origin": [
                [
                    -0.9240735856635853,
                    -0.33566595919659126,
                    0.18280145545229226,
                    -0.01304326537729894
                ],
                [
                    0.34196248337981267,
                    -0.9397084253190106,
                    0.0031201514669132774,
                    -0.5770552241564852
                ],
                [
                    0.17073273921411677,
                    0.06539448922575401,
                    0.9831448990557533,
                    0.022760918119494322
                ],
                [
                    0.0,
                    0.0,
                    0.0,
                    1.0
                ]
            ],
            "radius": 0.01271,
            "height": 0.05982
        },
        "distance": 0.0
    },
    {
        "case": 10,
        "collider1": {
            "type": "Box",
            "collider2origin": [
                [
                    1.0,
                    0.0,
                    0.0,
                    -0.06
                ],
                [
                    0.0,
                    1.0,
                    0.0,
                    -0.37086
                ],
                [
                    0.0,
                    0.0,
                    1.0,
                    -0.40301
                ],
                [
                    0.0,
                    0.0,
                    0.0,
                    1.0
                ]
            ],
            "size": [
                0.1,
                1.0,
                1.64
            ]
        },
        "collider2": {
            "type": "Cylinder",
            "collider2origin": [
                [
                    -0.9432558217280429,
                    -0.3057108003369488,
                    0.1296509210669006,
                    -0.014910920617289491
                ],
                [
                    0.29977907928292363,
                    -0.9518917522832749,
                    -0.06351846628625842,
                    -0.5789290628379752
                ],
                [
                    0.1428319236040602,
                    -0.021047529366131214,
                    0.9895231392479639,
                    0.008168019418403949
                ],
                [
                    0.0,
                    0.0,
                    0.0,
                    1.0
                ]
            ],
            "radius": 0.01169,
            "height": 0.05502
        },
        "distance": 0.0
    },
    {
        "case": 11,
        "collider1": {
            "type": "Box",
            "collider2origin": [
                [
                    1.0,
                    0.0,
                    0.0,
                    -0.06
                ],
                [
                    0.0,
                    1.0,
                    0.0,
                    -0.37086
                ],
                [
                    0.0,
                    0.0,
                    1.0,
                    -0.40301
                ],
                [
                    0.0,
                    0.0,
                    0.0,
                    1.0
                ]
            ],
            "size": [
                0.1,
                1.0,
                1.64
            ]
        },
        "collider2": {
            "type": "Cylinder",
            "collider2origin": [
                [
                    -0.5520973404073963,
                    -0.1339062488490823,
                    0.8229566472386294,
                    -0.006626020387098919
                ],
                [
                    0.6886656159936391,
                    -0.6296520262504606,
                    0.35955249295032005,
                    -0.5570935788302709
                ],
                [
                    0.4700299948547753,
                    0.7652499215013722,
                    0.4398458384240582,
                    0.004448307953845099
                ],
                [
                    0.0,
                    0.0,
                    0.0,
                    1.0
                ]
            ],
            "radius": 0.00713,
            "height": 0.01697
        },
        "distance": 0.0
    }
]