[
    {
        "case": 0,
        "collider1": {
            "type": "Box",
            "collider2origin": [
                [
                    1.0,
                    0.0,
                    0.0,
                    0.0
                ],
                [
                    0.0,
                    1.0,
                    0.0,
                    -0.37086
                ],
                [
                    0.0,
                    0.0,
                    1.0,
                    0.39699
                ],
                [
                    0.0,
                    0.0,
                    0.0,
                    1.0
                ]
            ],
            "size": [
                0.6,
                1.6,
                0.1
            ]
        },
        "collider2": {
            "type": "Box",
            "collider2origin": [
                [
                    0.14598020757211694,
                    -0.563328078791836,
                    -0.8132350549760511,
                    0.3207997451269151
                ],
                [
                    -0.09952454725212743,
                    -0.8262333058077588,
                    0.5544667608326412,
                    -0.7305274832084115
                ],
                [
                    -0.9842685830054013,
                    -4.322182137844216e-06,
                    -0.17667868148098126,
                    0.397362901620665
                ],
                [
                    0.0,
                    0.0,
                    0.0,
                    1.0
                ]
            ],
            "size": [
                0.09102,
                0.10007,
                0.11882
            ]
        },
        "distance": 0.0
    },
    {
        "case": 1,
        "collider1": {
            "type": "Box",
            "collider2origin": [
                [
                    1.0,
                    0.0,
                    0.0,
                    0.0
                ],
                [
                    0.0,
                    1.0,
                    0.0,
                    -0.37086
                ],
                [
                    0.0,
                    0.0,
                    1.0,
                    0.39699
                ],
                [
                    0.0,
                    0.0,
                    0.0,
                    1.0
                ]
            ],
            "size": [
                0.6,
                1.6,
                0.1
            ]
        },
        "collider2": {
            "type": "Box",
            "collider2origin": [
                [
                    -0.5677599495221982,
                    -0.12766121210708586,
                    -0.8132350549760511,
                    0.22935528377776215
                ],
                [
                    -0.8225770302609667,
                    0.12622852458460906,
                    0.5544667608326412,
                    -0.6729736830029844
                ],
                [
                    0.03186956236912569,
                    0.9837524965683911,
                    -0.17667868148098126,
                    0.3799727183338075
                ],
                [
                    0.0,
                    0.0,
                    0.0,
                    1.0
                ]
            ],
            "size": [
                0.09126,
                0.11887,
                0.10009
            ]
        },
        "distance": 0.0
    },
    {
        "case": 2,
        "collider1": {
            "type": "Box",
            "collider2origin": [
                [
                    1.0,
                    0.0,
                    0.0,
                    0.0
                ],
                [
                    0.0,
                    1.0,
                    0.0,
                    -0.37086
                ],
                [
                    0.0,
                    0.0,
                    1.0,
                    0.39699
                ],
                [
                    0.0,
                    0.0,
                    0.0,
                    1.0
                ]
            ],
            "size": [
                0.6,
                1.6,
                0.1
            ]
        },
        "collider2": {
            "type": "Box",
            "collider2origin": [
                [
                    -0.9449383581217703,
                    -0.1276571181091322,
                    0.30132235155428483,
                    0.21708139177262187
                ],
                [
                    0.28585827993209695,
                    0.12622997717132411,
                    0.9499215950053929,
                    -0.6605090564551747
                ],
                [
                    -0.1593001668059257,
                    0.9837528414492117,
                    -0.08278770317025444,
                    0.45269396676280493
                ],
                [
                    0.0,
                    0.0,
                    0.0,
                    1.0
                ]
            ],
            "size": [
                0.08993,
                0.0305,
                0.09007
            ]
        },
        "distance": 0.0
    },
    {
        "case": 3,
        "collider1": {
            "type": "Box",
            "collider2origin": [
                [
                    1.0,
                    0.0,
                    0.0,
                    0.0
                ],
                [
                    0.0,
                    1.0,
                    0.0,
                    -0.37086
                ],
                [
                    0.0,
                    0.0,
                    1.0,
                    0.39699
                ],
                [
                    0.0,
                    0.0,
                    0.0,
                    1.0
                ]
            ],
            "size": [
                0.6,
                1.6,
                0.1
            ]
        },
        "collider2": {
            "type": "Box",
            "collider2origin": [
                [
                    -0.26240381338267643,
                    -0.5633279694131988,
                    -0.7834576169768417,
                    0.6146108039794296
                ],
                [
                    0.17891044796496816,
                    -0.8262333803898986,
                    0.5341623842413985,
                    -0.7955825583800902
                ],
                [
                    -0.9482274465186101,
                    -2.5066243677635945e-06,
                    0.3175920491172802,
                    0.30498315388799435
                ],
                [
                    0.0,
                    0.0,
                    0.0,
                    1.0
                ]
            ],
            "size": [
                0.1202,
                0.13634,
                0.67816
            ]
        },
        "distance": 0.0
    }
]