[
    {
        "case": 0,
        "collider1": {
            "type": "Box",
            "collider2origin": [
                [
                    1.0,
                    0.0,
                    0.0,
                    0.246
                ],
                [
                    0.0,
                    1.0,
                    0.0,
                    -0.24786000000000002
                ],
                [
                    0.0,
                    0.0,
                    1.0,
                    -0.71801
                ],
                [
                    0.0,
                    0.0,
                    0.0,
                    1.0
                ]
            ],
            "size": [
                0.12,
                0.16,
                0.08
            ]
        },
        "collider2": {
            "type": "Cylinder",
            "collider2origin": [
                [
                    -0.14517924916824715,
                    -0.8196525668433026,
                    -0.554159413236055,
                    0.23515676715321365
                ],
                [
                    0.6550992001637718,
                    0.34010275099786275,
                    -0.6746667004591759,
                    -0.1619759125456396
                ],
                [
                    0.741463433728009,
                    -0.4609769933856469,
                    0.4875778789213053,
                    -0.6680474348810793
                ],
                [
                    0.0,
                    0.0,
                    0.0,
                    1.0
                ]
            ],
            "radius": 0.00783,
            "height": 0.03044
        },
        "distance": 0.003691191883202531
    },
    {
        "case": 1,
        "collider1": {
            "type": "Box",
            "collider2origin": [
                [
                    1.0,
                    0.0,
                    0.0,
                    0.205
                ],
                [
                    0.0,
                    1.0,
                    0.0,
                    -0.17586
                ],
                [
                    0.0,
                    0.0,
                    1.0,
                    -0.10301
                ],
                [
                    0.0,
                    0.0,
                    0.0,
                    1.0
                ]
            ],
            "size": [
                0.05,
                0.05,
                1.2
            ]
        },
        "collider2": {
            "type": "Cylinder",
            "collider2origin": [
                [
                    -0.14517924916824715,
                    -0.8196525668433026,
                    -0.554159413236055,
                    0.23515676715321365
                ],
                [
                    0.6550992001637718,
                    0.34010275099786275,
                    -0.6746667004591759,
                    -0.1619759125456396
                ],
                [
                    0.741463433728009,
                    -0.4609769933856469,
                    0.4875778789213053,
                    -0.6680474348810793
                ],
                [
                    0.0,
                    0.0,
                    0.0,
                    1.0
                ]
            ],
            "radius": 0.00783,
            "height": 0.03044
        },
        "distance": 0.0
    },
    {
        "case": 2,
        "collider1": {
            "type": "Box",
            "collider2origin": [
                [
                    1.0,
                    0.0,
                    0.0,
                    -0.08500000000000019
                ],
                [
                    0.0,
                    1.0,
                    0.0,
                    -0.03585999999999995
                ],
                [
                    0.0,
                    0.0,
                    1.0,
                    -0.81301
                ],
                [
                    0.0,
                    0.0,
                    0.0,
                    1.0
                ]
            ],
            "size": [
                1.01,
                0.28,
                0.27
            ]
        },
        "collider2": {
            "type": "Cylinder",
            "collider2origin": [
                [
                    -0.14517924916824715,
                    -0.8196525668433026,
                    -0.554159413236055,
                    0.23515676715321365
                ],
                [
                    0.6550992001637718,
                    0.34010275099786275,
                    -0.6746667004591759,
                    -0.1619759125456396
                ],
                [
                    0.741463433728009,
                    -0.4609769933856469,
                    0.4875778789213053,
                    -0.6680474348810793
                ],
                [
                    0.0,
                    0.0,
                    0.0,
                    1.0
                ]
            ],
            "radius": 0.00783,
            "height": 0.03044
        },
        "distance": 0.0
    },
    {
        "case": 3,
        "collider1": {
            "type": "Box",
            "collider2origin": [
                [
                    1.0,
                    0.0,
                    0.0,
                    0.205
                ],
                [
                    0.0,
                    1.0,
                    0.0,
                    -0.17586
                ],
                [
                    0.0,
                    0.0,
                    1.0,
                    -0.10301
                ],
                [
                    0.0,
                    0.0,
                    0.0,
                    1.0
                ]
            ],
            "size": [
                0.05,
                0.05,
                1.2
            ]
        },
        "collider2": {
            "type": "Box",
            "collider2origin": [
                [
                    -0.4857940917606841,
                    0.7306089545771337,
                    -0.4798068943878559,
                    0.16423936381479087
                ],
                [
                    0.5739069614207685,
                    0.68064526648085,
                    0.45536010019543066,
                    -0.21279927488113237
                ],
                [
                    0.6592684582498939,
                    -0.05415327052837664,
                    -0.7499550141494408,
                    -0.6295461586709671
                ],
                [
                    0.0,
                    0.0,
                    0.0,
                    1.0
                ]
            ],
            "size": [
                0.06241,
                0.05638,
                0.02858
            ]
        },
        "distance": 0.0
    },
    {
        "case": 4,
        "collider1": {
            "type": "Box",
            "collider2origin": [
                [
                    1.0,
                    0.0,
                    0.0,
                    -0.08500000000000019
                ],
                [
                    0.0,
                    1.0,
                    0.0,
                    -0.03585999999999995
                ],
                [
                    0.0,
                    0.0,
                    1.0,
                    -0.81301
                ],
                [
                    0.0,
                    0.0,
                    0.0,
                    1.0
                ]
            ],
            "size": [
                1.01,
                0.28,
                0.27
            ]
        },
        "collider2": {
            "type": "Sphere",
            "collider2origin": [
                [
                    1.0,
                    0.0,
                    0.0,
                    0.22539952420716924
                ],
                [
                    0.0,
                    1.0,
                    0.0,
                    -0.10586244050254412
                ],
                [
                    0.0,
                    0.0,
                    1.0,
                    -0.6846608981165134
                ],
                [
                    0.0,
                    0.0,
                    0.0,
                    1.0
                ]
            ],
            "radius": 0.00487
        },
        "distance": 0.0
    },
    {
        "case": 5,
        "collider1": {
            "type": "Box",
            "collider2origin": [
                [
                    1.0,
                    0.0,
                    0.0,
                    0.205
                ],
                [
                    0.0,
                    1.0,
                    0.0,
                    -0.17586
                ],
                [
                    0.0,
                    0.0,
                    1.0,
                    -0.10301
                ],
                [
                    0.0,
                    0.0,
                    0.0,
                    1.0
                ]
            ],
            "size": [
                0.05,
                0.05,
                1.2
            ]
        },
        "collider2": {
            "type": "Cylinder",
            "collider2origin": [
                [
                    -0.9106030116852928,
                    -0.20424690025641068,
                    -0.35928450960947594,
                    0.1598423458605881
                ],
                [
                    0.40998740054825406,
                    -0.3368844060855071,
                    -0.8475961469521319,
                    -0.1338048308244475
                ],
                [
                    0.052081537048739135,
                    -0.9191257262595053,
                    0.3905066104774385,
                    -0.6579282691209272
                ],
                [
                    0.0,
                    0.0,
                    0.0,
                    1.0
                ]
            ],
            "radius": 0.01169,
            "height": 0.05502
        },
        "distance": 0.013525299763802236
    },
    {
        "case": 6,
        "collider1": {
            "type": "Box",
            "collider2origin": [
                [
                    1.0,
                    0.0,
                    0.0,
                    -0.08500000000000019
                ],
                [
                    0.0,
                    1.0,
                    0.0,
                    -0.03585999999999995
                ],
                [
                    0.0,
                    0.0,
                    1.0,
                    -0.81301
                ],
                [
                    0.0,
                    0.0,
                    0.0,
                    1.0
                ]
            ],
            "size": [
                1.01,
                0.28,
                0.27
            ]
        },
        "collider2": {
            "type": "Cylinder",
            "collider2origin": [
                [
                    -0.9106030116852928,
                    -0.20424690025641068,
                    -0.35928450960947594,
                    0.1598423458605881
                ],
                [
                    0.40998740054825406,
                    -0.3368844060855071,
                    -0.8475961469521319,
                    -0.1338048308244475
                ],
                [
                    0.052081537048739135,
                    -0.9191257262595053,
                    0.3905066104774385,
                    -0.6579282691209272
                ],
                [
                    0.0,
                    0.0,
                    0.0,
                    1.0
                ]
            ],
            "radius": 0.01169,
            "height": 0.05502
        },
        "distance": 0.0
    },
    {
        "case": 7,
        "collider1": {
            "type": "Box",
            "collider2origin": [
                [
                    1.0,
                    0.0,
                    0.0,
                    -0.26
                ],
                [
                    0.0,
                    1.0,
                    0.0,
                    -0.4608599999999999
                ],
                [
                    0.0,
                    0.0,
                    1.0,
                    -1.143
                ],
                [
                    0.0,
                    0.0,
                    0.0,
                    1.0
                ]
            ],
            "size": [
                1.48,
                0.272,
                0.945
            ]
        },
        "collider2": {
            "type": "Box",
            "collider2origin": [
                [
                    0.6789198982327685,
                    0.5397219485489144,
                    -0.49776298580566414,
                    0.07710340543978833
                ],
                [
                    -0.30763308297121045,
                    0.8246863564934804,
                    0.4746096287214749,
                    -0.3436411974471134
                ],
                [
                    0.6666555767750206,
                    -0.16909355891952457,
                    0.7259323042038379,
                    -0.6098104444063861
                ],
                [
                    0.0,
                    0.0,
                    0.0,
                    1.0
                ]
            ],
            "size": [
                0.09126,
                0.11887,
                0.10009
            ]
        },
        "distance": 0.0
    },
    {
        "case": 8,
        "collider1": {
            "type": "Box",
            "collider2origin": [
                [
                    1.0,
                    0.0,
                    0.0,
                    -0.06
                ],
                [
                    0.0,
                    1.0,
                    0.0,
                    -0.37086
                ],
                [
                    0.0,
                    0.0,
                    1.0,
                    -0.40301
                ],
                [
                    0.0,
                    0.0,
                    0.0,
                    1.0
                ]
            ],
            "size": [
                0.1,
                1.0,
                1.64
            ]
        },
        "collider2": {
            "type": "Box",
            "collider2origin": [
                [
                    0.6789198982327685,
                    0.5397219485489144,
                    -0.49776298580566414,
                    0.07710340543978833
                ],
                [
                    -0.30763308297121045,
                    0.8246863564934804,
                    0.4746096287214749,
                    -0.3436411974471134
                ],
                [
                    0.6666555767750206,
                    -0.16909355891952457,
                    0.7259323042038379,
                    -0.6098104444063861
                ],
                [
                    0.0,
                    0.0,
                    0.0,
                    1.0
                ]
            ],
            "size": [
                0.09126,
                0.11887,
                0.10009
            ]
        },
        "distance": 0.0
    },
    {
        "case": 9,
        "collider1": {
            "type": "Box",
            "collider2origin": [
                [
                    1.0,
                    0.0,
                    0.0,
                    -0.08500000000000019
                ],
                [
                    0.0,
                    1.0,
                    0.0,
                    -0.03585999999999995
                ],
                [
                    0.0,
                    0.0,
                    1.0,
                    -0.81301
                ],
                [
                    0.0,
                    0.0,
                    0.0,
                    1.0
                ]
            ],
            "size": [
                1.01,
                0.28,
                0.27
            ]
        },
        "collider2": {
            "type": "Sphere",
            "collider2origin": [
                [
                    1.0,
                    0.0,
                    0.0,
                    0.16670902925254327
                ],
                [
                    0.0,
                    1.0,
                    0.0,
                    -0.11262073219583013
                ],
                [
                    0.0,
                    0.0,
                    1.0,
                    -0.6774113601573928
                ],
                [
                    0.0,
                    0.0,
                    0.0,
                    1.0
                ]
            ],
            "radius": 0.00563
        },
        "distance": 0.0
    },
    {
        "case": 10,
        "collider1": {
            "type": "Box",
            "collider2origin": [
                [
                    1.0,
                    0.0,
                    0.0,
                    -0.08500000000000019
                ],
                [
                    0.0,
                    1.0,
                    0.0,
                    -0.03585999999999995
                ],
                [
                    0.0,
                    0.0,
                    1.0,
                    -0.81301
                ],
                [
                    0.0,
                    0.0,
                    0.0,
                    1.0
                ]
            ],
            "size": [
                1.01,
                0.28,
                0.27
            ]
        },
        "collider2": {
            "type": "Cylinder",
            "collider2origin": [
                [
                    -0.2947765127347638,
                    -0.9310233682344436,
                    0.21517968152528336,
                    0.23006694439047204
                ],
                [
                    0.5529532418005116,
                    -0.3498493150958058,
                    -0.7562064328669121,
                    -0.1176638791327066
                ],
                [
                    0.7793263244124605,
                    -0.10392759271909642,
                    0.6179397507438547,
                    -0.6740834203882928
                ],
                [
                    0.0,
                    0.0,
                    0.0,
                    1.0
                ]
            ],
            "radius": 0.0076,
            "height": 0.02993
        },
        "distance": 0.0
    },
    {
        "case": 11,
        "collider1": {
            "type": "Box",
            "collider2origin": [
                [
                    1.0,
                    0.0,
                    0.0,
                    -0.26
                ],
                [
                    0.0,
                    1.0,
                    0.0,
                    -0.4608599999999999
                ],
                [
                    0.0,
                    0.0,
                    1.0,
                    -1.143
                ],
                [
                    0.0,
                    0.0,
                    0.0,
                    1.0
                ]
            ],
            "size": [
                1.48,
                0.272,
                0.945
            ]
        },
        "collider2": {
            "type": "Box",
            "collider2origin": [
                [
                    0.7307947630325901,
                    0.5397222419086076,
                    -0.41789821238345404,
                    0.11510309727125878
                ],
                [
                    -0.3592692096169341,
                    0.8246862177120251,
                    0.4368275144002004,
                    -0.2798343223863805
                ],
                [
                    0.5804004215585684,
                    -0.16909329940887655,
                    0.7965819523122877,
                    -0.6189774196661881
                ],
                [
                    0.0,
                    0.0,
                    0.0,
                    1.0
                ]
            ],
            "size": [
                0.08993,
                0.0305,
                0.09007
            ]
        },
        "distance": 0.02045724612798902
    },
    {
        "case": 12,
        "collider1": {
            "type": "Box",
            "collider2origin": [
                [
                    1.0,
                    0.0,
                    0.0,
                    -0.08500000000000019
                ],
                [
                    0.0,
                    1.0,
                    0.0,
                    -0.03585999999999995
                ],
                [
                    0.0,
                    0.0,
                    1.0,
                    -0.81301
                ],
                [
                    0.0,
                    0.0,
                    0.0,
                    1.0
                ]
            ],
            "size": [
                1.01,
                0.28,
                0.27
            ]
        },
        "collider2": {
            "type": "Sphere",
            "collider2origin": [
                [
                    1.0,
                    0.0,
                    0.0,
                    0.24626344037420167
                ],
                [
                    0.0,
                    1.0,
                    0.0,
                    -0.1324804680987577
                ],
                [
                    0.0,
                    0.0,
                    1.0,
                    -0.6929775826312049
                ],
                [
                    0.0,
                    0.0,
                    0.0,
                    1.0
                ]
            ],
            "radius": 0.00484
        },
        "distance": 0.0
    },
    {
        "case": 13,
        "collider1": {
            "type": "Box",
            "collider2origin": [
                [
                    1.0,
                    0.0,
                    0.0,
                    0.246
                ],
                [
                    0.0,
                    1.0,
                    0.0,
                    -0.24786000000000002
                ],
                [
                    0.0,
                    0.0,
                    1.0,
                    -0.71801
                ],
                [
                    0.0,
                    0.0,
                    0.0,
                    1.0
                ]
            ],
            "size": [
                0.12,
                0.16,
                0.08
            ]
        },
        "collider2": {
            "type": "Box",
            "collider2origin": [
                [
                    -0.525384291895558,
                    -0.6900748914365984,
                    -0.49776298580566414,
                    0.13318589689249827
                ],
                [
                    0.5009481571151955,
                    -0.723737966537443,
                    0.4746096287214749,
                    -0.39452510611353686
                ],
                [
                    -0.6877661591793338,
                    -1.0067068588676897e-06,
                    0.7259323042038379,
                    -0.688721664710484
                ],
                [
                    0.0,
                    0.0,
                    0.0,
                    1.0
                ]
            ],
            "size": [
                0.09102,
                0.10007,
                0.11882
            ]
        },
        "distance": 0.03465869645852479
    },
    {
        "case": 14,
        "collider1": {
            "type": "Box",
            "collider2origin": [
                [
                    1.0,
                    0.0,
                    0.0,
                    -0.26
                ],
                [
                    0.0,
                    1.0,
                    0.0,
                    -0.4608599999999999
                ],
                [
                    0.0,
                    0.0,
                    1.0,
                    -1.143
                ],
                [
                    0.0,
                    0.0,
                    0.0,
                    1.0
                ]
            ],
            "size": [
                1.48,
                0.272,
                0.945
            ]
        },
        "collider2": {
            "type": "Box",
            "collider2origin": [
                [
                    -0.525384291895558,
                    -0.6900748914365984,
                    -0.49776298580566414,
                    0.13318589689249827
                ],
                [
                    0.5009481571151955,
                    -0.723737966537443,
                    0.4746096287214749,
                    -0.39452510611353686
                ],
                [
                    -0.6877661591793338,
                    -1.0067068588676897e-06,
                    0.7259323042038379,
                    -0.688721664710484
                ],
                [
                    0.0,
                    0.0,
                    0.0,
                    1.0
                ]
            ],
            "size": [
                0.09102,
                0.10007,
                0.11882
            ]
        },
        "distance": 0.0
    },
    {
        "case": 15,
        "collider1": {
            "type": "Box",
            "collider2origin": [
                [
                    1.0,
                    0.0,
                    0.0,
                    -0.08500000000000019
                ],
                [
                    0.0,
                    1.0,
                    0.0,
                    -0.03585999999999995
                ],
                [
                    0.0,
                    0.0,
                    1.0,
                    -0.81301
                ],
                [
                    0.0,
                    0.0,
                    0.0,
                    1.0
                ]
            ],
            "size": [
                1.01,
                0.28,
                0.27
            ]
        },
        "collider2": {
            "type": "Cylinder",
            "collider2origin": [
                [
                    -0.41789974120576917,
                    -0.5525366415983294,
                    0.7211539821642737,
                    0.18262791510309806
                ],
                [
                    0.43682485414598987,
                    -0.8182173681185549,
                    -0.3737704981796704,
                    -0.1187974657575982
                ],
                [
                    0.7965826090873971,
                    0.15881938861607298,
                    0.5832945642633156,
                    -0.665672960105259
                ],
                [
                    0.0,
                    0.0,
                    0.0,
                    1.0
                ]
            ],
            "radius": 0.00813,
            "height": 0.03824
        },
        "distance": 0.0
    },
    {
        "case": 16,
        "collider1": {
            "type": "Box",
            "collider2origin": [
                [
                    1.0,
                    0.0,
                    0.0,
                    0.205
                ],
                [
                    0.0,
                    1.0,
                    0.0,
                    -0.17586
                ],
                [
                    0.0,
                    0.0,
                    1.0,
                    -0.10301
                ],
                [
                    0.0,
                    0.0,
                    0.0,
                    1.0
                ]
            ],
            "size": [
                0.05,
                0.05,
                1.2
            ]
        },
        "collider2": {
            "type": "Cylinder",
            "collider2origin": [
                [
                    -0.28817786928304157,
                    -0.9086431919695984,
                    -0.30219375463894776,
                    0.22850939916501078
                ],
                [
                    0.5523678376198821,
                    0.10004782797036721,
                    -0.827574893336879,
                    -0.14706257772289288
                ],
                [
                    0.7822041214533589,
                    -0.405410880226111,
                    0.4730737052253782,
                    -0.6538968611452215
                ],
                [
                    0.0,
                    0.0,
                    0.0,
                    1.0
                ]
            ],
            "radius": 0.00783,
            "height": 0.03683
        },
        "distance": 0.0
    },
    {
        "case": 17,
        "collider1": {
            "type": "Cylinder",
            "collider2origin": [
                [
                    1.0,
                    0.0,
                    0.0,
                    0.4849999999999999
                ],
                [
                    0.0,
                    -3.673205103346574e-06,
                    -0.9999999999932537,
                    -0.46086
                ],
                [
                    0.0,
                    0.9999999999932537,
                    -3.673205103346574e-06,
                    -0.70001
                ],
                [
                    0.0,
                    0.0,
                    0.0,
                    1.0
                ]
            ],
            "radius": 0.026,
            "height": 0.272
        },
        "collider2": {
            "type": "Box",
            "collider2origin": [
                [
                    0.4717578905469207,
                    -0.6900750791049233,
                    -0.5488541499388097,
                    0.37167582406110367
                ],
                [
                    -0.4498089886162375,
                    -0.7237377875733163,
                    0.5233311462148211,
                    -0.46750184835567554
                ],
                [
                    -0.7583642702994102,
                    -6.067514005390566e-06,
                    -0.6518309853761389,
                    -0.5004090906638511
                ],
                [
                    0.0,
                    0.0,
                    0.0,
                    1.0
                ]
            ],
            "size": [
                0.1202,
                0.13634,
                0.67816
            ]
        },
        "distance": 0.1022196458881522
    },
    {
        "case": 18,
        "collider1": {
            "type": "Box",
            "collider2origin": [
                [
                    1.0,
                    0.0,
                    0.0,
                    0.246
                ],
                [
                    0.0,
                    1.0,
                    0.0,
                    -0.24786000000000002
                ],
                [
                    0.0,
                    0.0,
                    1.0,
                    -0.71801
                ],
                [
                    0.0,
                    0.0,
                    0.0,
                    1.0
                ]
            ],
            "size": [
                0.12,
                0.16,
                0.08
            ]
        },
        "collider2": {
            "type": "Box",
            "collider2origin": [
                [
                    0.4717578905469207,
                    -0.6900750791049233,
                    -0.5488541499388097,
                    0.37167582406110367
                ],
                [
                    -0.4498089886162375,
                    -0.7237377875733163,
                    0.5233311462148211,
                    -0.46750184835567554
                ],
                [
                    -0.7583642702994102,
                    -6.067514005390566e-06,
                    -0.6518309853761389,
                    -0.5004090906638511
                ],
                [
                    0.0,
                    0.0,
                    0.0,
                    1.0
                ]
            ],
            "size": [
                0.1202,
                0.13634,
                0.67816
            ]
        },
        "distance": 0.0
    },
    {
        "case": 19,
        "collider1": {
            "type": "Box",
            "collider2origin": [
                [
                    1.0,
                    0.0,
                    0.0,
                    0.28600000000000003
                ],
                [
                    0.0,
                    1.0,
                    0.0,
                    -0.19785999999999998
                ],
                [
                    0.0,
                    0.0,
                    1.0,
                    -0.70601
                ],
                [
                    0.0,
                    0.0,
                    0.0,
                    1.0
                ]
            ],
            "size": [
                0.04,
                0.04,
                0.12
            ]
        },
        "collider2": {
            "type": "Box",
            "collider2origin": [
                [
                    0.4717578905469207,
                    -0.6900750791049233,
                    -0.5488541499388097,
                    0.37167582406110367
                ],
                [
                    -0.4498089886162375,
                    -0.7237377875733163,
                    0.5233311462148211,
                    -0.46750184835567554
                ],
                [
                    -0.7583642702994102,
                    -6.067514005390566e-06,
                    -0.6518309853761389,
                    -0.5004090906638511
                ],
                [
                    0.0,
                    0.0,
                    0.0,
                    1.0
                ]
            ],
            "size": [
                0.1202,
                0.13634,
                0.67816
            ]
        },
        "distance": 0.03957958606194492
    },
    {
        "case": 20,
        "collider1": {
            "type": "Box",
            "collider2origin": [
                [
                    0.9999999999999999,
                    0.0,
                    6.177235058912196e-23,
                    0.2860000183661401
                ],
                [
                    0.0,
                    1.0,
                    0.0,
                    -0.10086
                ],
                [
                    6.177235058912196e-23,
                    0.0,
                    0.9999999999999999,
                    -0.626009937555547
                ],
                [
                    0.0,
                    0.0,
                    0.0,
                    1.0
                ]
            ],
            "size": [
                0.04,
                0.234,
                0.044
            ]
        },
        "collider2": {
            "type": "Box",
            "collider2origin": [
                [
                    0.4717578905469207,
                    -0.6900750791049233,
                    -0.5488541499388097,
                    0.37167582406110367
                ],
                [
                    -0.4498089886162375,
                    -0.7237377875733163,
                    0.5233311462148211,
                    -0.46750184835567554
                ],
                [
                    -0.7583642702994102,
                    -6.067514005390566e-06,
                    -0.6518309853761389,
                    -0.5004090906638511
                ],
                [
                    0.0,
                    0.0,
                    0.0,
                    1.0
                ]
            ],
            "size": [
                0.1202,
                0.13634,
                0.67816
            ]
        },
        "distance": 0.039580103470015775
    },
    {
        "case": 21,
        "collider1": {
            "type": "Box",
            "collider2origin": [
                [
                    1.0,
                    0.0,
                    0.0,
                    -0.26
                ],
                [
                    0.0,
                    1.0,
                    0.0,
                    -0.4608599999999999
                ],
                [
                    0.0,
                    0.0,
                    1.0,
                    -1.143
                ],
                [
                    0.0,
                    0.0,
                    0.0,
                    1.0
                ]
            ],
            "size": [
                1.48,
                0.272,
                0.945
            ]
        },
        "collider2": {
            "type": "Box",
            "collider2origin": [
                [
                    0.4717578905469207,
                    -0.6900750791049233,
                    -0.5488541499388097,
                    0.37167582406110367
                ],
                [
                    -0.4498089886162375,
                    -0.7237377875733163,
                    0.5233311462148211,
                    -0.46750184835567554
                ],
                [
                    -0.7583642702994102,
                    -6.067514005390566e-06,
                    -0.6518309853761389,
                    -0.5004090906638511
                ],
                [
                    0.0,
                    0.0,
                    0.0,
                    1.0
                ]
            ],
            "size": [
                0.1202,
                0.13634,
                0.67816
            ]
        },
        "distance": 0.0
    },
    {
        "case": 22,
        "collider1": {
            "type": "Box",
            "collider2origin": [
                [
                    1.0,
                    0.0,
                    0.0,
                    -0.08500000000000019
                ],
                [
                    0.0,
                    1.0,
                    0.0,
                    -0.03585999999999995
                ],
                [
                    0.0,
                    0.0,
                    1.0,
                    -0.81301
                ],
                [
                    0.0,
                    0.0,
                    0.0,
                    1.0
                ]
            ],
            "size": [
                1.01,
                0.28,
                0.27
            ]
        },
        "collider2": {
            "type": "Cylinder",
            "collider2origin": [
                [
                    -0.15042738126651106,
                    -0.9695226160173016,
                    -0.19338433234434277,
                    0.24458972455785977
                ],
                [
                    0.6582415268615059,
                    0.04772518540723854,
                    -0.7512924856491494,
                    -0.14275271405645362
                ],
                [
                    0.7376243591966934,
                    -0.24030855937484255,
