[
    {
        "case": 0,
        "collider1": {
            "type": "Box",
            "collider2origin": [
                [
                    1.0,
                    0.0,
                    0.0,
                    -0.26
                ],
                [
                    0.0,
                    1.0,
                    0.0,
                    -0.4608599999999999
                ],
                [
                    0.0,
                    0.0,
                    1.0,
                    -1.143
                ],
                [
                    0.0,
                    0.0,
                    0.0,
                    1.0
                ]
            ],
            "size": [
                1.48,
                0.272,
                0.945
            ]
        },
        "collider2": {
            "type": "Cylinder",
            "collider2origin": [
                [
                    0.9702678093405951,
                    -0.029861568920087064,
                    0.2401846474257519,
                    0.2159987492767057
                ],
                [
                    0.241898568895375,
                    0.1528153226685717,
                    -0.9581923395248314,
                    -0.3004760854491634
                ],
                [
                    -0.008090767810983444,
                    0.9878035046806279,
                    0.15549525914605106,
                    -0.8322241976904761
                ],
                [
                    0.0,
                    0.0,
                    0.0,
                    1.0
                ]
            ],
            "radius": 0.01169,
            "height": 0.05502
        },
        "distance": 0.0
    },
    {
        "case": 1,
        "collider1": {
            "type": "Box",
            "collider2origin": [
                [
                    1.0,
                    0.0,
                    0.0,
                    -0.26
                ],
                [
                    0.0,
                    1.0,
                    0.0,
                    -0.4608599999999999
                ],
                [
                    0.0,
                    0.0,
                    1.0,
                    -1.143
                ],
                [
                    0.0,
                    0.0,
                    0.0,
                    1.0
                ]
            ],
            "size": [
                1.48,
                0.272,
                0.945
            ]
        },
        "collider2": {
            "type": "Cylinder",
            "collider2origin": [
                [
                    0.9768250115106841,
                    0.03263004158369264,
                    0.2115376497775225,
                    0.22043417300483603
                ],
                [
                    0.20815278510855012,
                    0.08537210796540481,
                    -0.9743633928022424,
                    -0.31462319606313716
                ],
                [
                    -0.04985293310031962,
                    0.9958146833461485,
                    0.07660157631214451,
                    -0.8325961891257645
                ],
                [
                    0.0,
                    0.0,
                    0.0,
                    1.0
                ]
            ],
            "radius": 0.01271,
            "height": 0.05982
        },
        "distance": 0.0
    },
    {
        "case": 2,
        "collider1": {
            "type": "Box",
            "collider2origin": [
                [
                    1.0,
                    0.0,
                    0.0,
                    -0.26
                ],
                [
                    0.0,
                    1.0,
                    0.0,
                    -0.4608599999999999
                ],
                [
                    0.0,
                    0.0,
                    1.0,
                    -1.143
                ],
                [
                    0.0,
                    0.0,
                    0.0,
                    1.0
                ]
            ],
            "size": [
                1.48,
                0.272,
                0.945
            ]
        },
        "collider2": {
            "type": "Cylinder",
            "collider2origin": [
                [
                    0.5848796618769071,
                    0.8080496952492309,
                    0.0705086599672638,
                    0.15074991448229602
                ],
                [
                    0.3097632032043047,
                    -0.14217857761141162,
                    -0.9401234014792972,
                    -0.32438683534721857
                ],
                [
                    -0.7496416070785844,
                    0.571700045544882,
                    -0.33346142034816634,
                    -0.8391788582666535
                ],
                [
                    0.0,
                    0.0,
                    0.0,
                    1.0
                ]
            ],
            "radius": 0.00783,
            "height": 0.03683
        },
        "distance": 0.0
    },
    {
        "case": 3,
        "collider1": {
            "type": "Box",
            "collider2origin": [
                [
                    1.0,
                    0.0,
                    0.0,
                    -0.26
                ],
                [
                    0.0,
                    1.0,
                    0.0,
                    -0.4608599999999999
                ],
                [
                    0.0,
                    0.0,
                    1.0,
                    -1.143
                ],
                [
                    0.0,
                    0.0,
                    0.0,
                    1.0
                ]
            ],
            "size": [
                1.48,
                0.272,
                0.945
            ]
        },
        "collider2": {
            "type": "Cylinder",
            "collider2origin": [
                [
                    0.7089352660458736,
                    0.6509643819782396,
                    0.27139668743769507,
                    0.15994158398708858
                ],
                [
                    0.21543312663709402,
                    0.1665422211992928,
                    -0.9622121681341236,
                    -0.3276968456992
                ],
                [
                    -0.671564856513376,
                    0.7406139763423949,
                    -0.022171638245164438,
                    -0.8605824817995833
                ],
                [
                    0.0,
                    0.0,
                    0.0,
                    1.0
                ]
            ],
            "radius": 0.00683,
            "height": 0.01782
        },
        "distance": 0.0
    },
    {
        "case": 4,
        "collider1": {
            "type": "Box",
            "collider2origin": [
                [
                    1.0,
                    0.0,
                    0.0,
                    -0.26
                ],
                [
                    0.0,
                    1.0,
                    0.0,
                    -0.4608599999999999
                ],
                [
                    0.0,
                    0.0,
                    1.0,
                    -1.143
                ],
                [
                    0.0,
                    0.0,
                    0.0,
                    1.0
                ]
            ],
            "size": [
                1.48,
                0.272,
                0.945
            ]
        },
        "collider2": {
            "type": "Box",
            "collider2origin": [
                [
                    0.79107409431264,
                    -0.5608078890222333,
                    -0.24432824011534723,
                    0.2991644084797729
                ],
                [
                    0.6104323124630553,
                    0.7496128793011465,
                    0.25583768894916853,
                    -0.5030962770297303
                ],
                [
                    0.03967580129553736,
                    -0.35153242069014246,
                    0.935334586121611,
                    -0.7653378936258389
                ],
                [
                    0.0,
                    0.0,
                    0.0,
                    1.0
                ]
            ],
            "size": [
                0.09126,
                0.11887,
                0.10009
            ]
        },
        "distance": 0.0
    },
    {
        "case": 5,
        "collider1": {
            "type": "Box",
            "collider2origin": [
                [
                    1.0,
                    0.0,
                    0.0,
                    -0.26
                ],
                [
                    0.0,
                    1.0,
                    0.0,
                    -0.4608599999999999
                ],
                [
                    0.0,
                    0.0,
                    1.0,
                    -1.143
                ],
                [
                    0.0,
                    0.0,
                    0.0,
                    1.0
                ]
            ],
            "size": [
                1.48,
                0.272,
                0.945
            ]
        },
        "collider2": {
            "type": "Box",
            "collider2origin": [
                [
                    0.7144555904948583,
                    -0.6876395395292685,
                    0.12924810593048816,
                    0.20792806471273273
                ],
                [
                    0.3973106694238487,
                    0.5507716408511807,
                    0.734026451564295,
                    -0.38680727875580445
                ],
                [
                    -0.575931802536217,
                    -0.4730776504022073,
                    0.6667084036648331,
                    -0.8220385182426052
                ],
                [
                    0.0,
                    0.0,
                    0.0,
                    1.0
                ]
            ],
            "size": [
                0.06241,
                0.05638,
                0.02858
            ]
        },
        "distance": 0.0
    },
    {
        "case": 6,
        "collider1": {
            "type": "Box",
            "collider2origin": [
                [
                    1.0,
                    0.0,
                    0.0,
                    -0.26
                ],
                [
                    0.0,
                    1.0,
                    0.0,
                    -0.4608599999999999
                ],
                [
                    0.0,
                    0.0,
                    1.0,
                    -1.143
                ],
                [
                    0.0,
                    0.0,
                    0.0,
                    1.0
                ]
            ],
            "size": [
                1.48,
                0.272,
                0.945
            ]
        },
        "collider2": {
            "type": "Box",
            "collider2origin": [
                [
                    -0.4276813320101826,
                    -0.5608043874952829,
                    0.708933789021257,
                    0.257005608114785
                ],
                [
                    -0.6258346654688548,
                    0.7496127308894008,
                    0.21543380697100675,
                    -0.4459769255761118
                ],
                [
                    -0.6522420177721475,
                    -0.35153832316630135,
                    -0.6715661974801459,
                    -0.7887201125664808
                ],
                [
                    0.0,
                    0.0,
                    0.0,
                    1.0
                ]
            ],
            "size": [
                0.08993,
                0.0305,
                0.09007
            ]
        },
        "distance": 0.0
    },
    {
        "case": 7,
        "collider1": {
            "type": "Box",
            "collider2origin": [
                [
                    1.0,
                    0.0,
                    0.0,
                    -0.26
                ],
                [
                    0.0,
                    1.0,
                    0.0,
                    -0.4608599999999999
                ],
                [
                    0.0,
                    0.0,
                    1.0,
                    -1.143
                ],
                [
                    0.0,
                    0.0,
                    0.0,
                    1.0
                ]
            ],
            "size": [
                1.48,
                0.272,
                0.945
            ]
        },
        "collider2": {
            "type": "Cylinder",
            "collider2origin": [
                [
                    0.4324424279235583,
                    0.8483941268729484,
                    -0.30532106383128094,
                    0.1496332889685521
                ],
                [
                    0.4202657678222669,
                    -0.48924250241137246,
                    -0.764211003735891,
                    -0.3102576138952804
                ],
                [
                    -0.7977281685689291,
                    0.20216127057808359,
                    -0.5681202247323329,
                    -0.8078843432175179
                ],
                [
                    0.0,
                    0.0,
                    0.0,
                    1.0
                ]
            ],
            "radius": 0.0076,
            "height": 0.02993
        },
        "distance": 0.0
    },
    {
        "case": 8,
        "collider1": {
            "type": "Box",
            "collider2origin": [
                [
                    1.0,
                    0.0,
                    0.0,
                    -0.26
                ],
                [
                    0.0,
                    1.0,
                    0.0,
                    -0.4608599999999999
                ],
                [
                    0.0,
                    0.0,
                    1.0,
                    -1.143
                ],
                [
                    0.0,
                    0.0,
                    0.0,
                    1.0
                ]
            ],
            "size": [
                1.48,
                0.272,
                0.945
            ]
        },
        "collider2": {
            "type": "Box",
            "collider2origin": [
                [
                    -0.64599071275809,
                    -0.723187188847004,
                    -0.24432824011534723,
                    0.33006127292108
                ],
                [
                    0.6764220480037868,
                    -0.6906520758583958,
                    0.25583768894916853,
                    -0.5301080122090405
                ],
                [
                    -0.3537643452987565,
                    -2.3752932826971846e-07,
                    0.935334586121611,
                    -0.8667886368903827
                ],
                [
                    0.0,
                    0.0,
                    0.0,
                    1.0
                ]
            ],
            "size": [
                0.09102,
                0.10007,
                0.11882
            ]
        },
        "distance": 0.0
    },
    {
        "case": 9,
        "collider1": {
            "type": "Box",
            "collider2origin": [
                [
                    1.0,
                    0.0,
                    0.0,
                    -0.26
                ],
                [
                    0.0,
                    1.0,
                    0.0,
                    -0.4608599999999999
                ],
                [
                    0.0,
                    0.0,
                    1.0,
                    -1.143
                ],
                [
                    0.0,
                    0.0,
                    0.0,
                    1.0
                ]
            ],
            "size": [
                1.48,
                0.272,
                0.945
            ]
        },
        "collider2": {
            "type": "Box",
            "collider2origin": [
                [
                    0.6715141281624707,
                    -0.6876387032962377,
                    0.2760829393629121,
                    0.1732701837289009
                ],
                [
                    0.2346807253972557,
                    0.5507688776747213,
                    0.8009860176756801,
                    -0.36000642359024515
                ],
                [
                    -0.7028468772109718,
                    -0.4730820828503189,
                    0.5312246324115524,
                    -0.8487019979124695
                ],
                [
                    0.0,
                    0.0,
                    0.0,
                    1.0
                ]
            ],
            "size": [
                0.07264,
                0.04753,
                0.03326
            ]
        },
        "distance": 0.0
    },
    {
        "case": 10,
        "collider1": {
            "type": "Box",
            "collider2origin": [
                [
                    1.0,
                    0.0,
                    0.0,
                    -0.26
                ],
                [
                    0.0,
                    1.0,
                    0.0,
                    -0.4608599999999999
                ],
                [
                    0.0,
                    0.0,
                    1.0,
                    -1.143
                ],
                [
                    0.0,
                    0.0,
                    0.0,
                    1.0
                ]
            ],
            "size": [
                1.48,
                0.272,
                0.945
            ]
        },
        "collider2": {
            "type": "Cylinder",
            "collider2origin": [
                [
                    0.4260538782802343,
                    0.9034651087759569,
                    0.04721112185512261,
                    0.14563891783381022
                ],
                [
                    0.4203890693969325,
                    -0.15149782593587766,
                    -0.894606862855569,
                    -0.3322461194430849
                ],
                [
                    -0.8010937043404797,
                    0.40099776303758894,
                    -0.4443530926019275,
                    -0.8212643590251361
                ],
                [
                    0.0,
                    0.0,
                    0.0,
                    1.0
                ]
            ],
            "radius": 0.00783,
            "height": 0.03044
        },
        "distance": 0.0
    },
    {
        "case": 11,
        "collider1": {
            "type": "Box",
            "collider2origin": [
                [
                    1.0,
                    0.0,
                    0.0,
                    0.5199999999999999
                ],
                [
                    0.0,
                    1.0,
                    0.0,
                    -0.43085999999999997
                ],
                [
                    0.0,
                    0.0,
                    1.0,
                    -0.80301
                ],
                [
                    0.0,
                    0.0,
                    0.0,
                    1.0
                ]
            ],
            "size": [
                0.2,
                0.08,
                0.04
            ]
        },
        "collider2": {
            "type": "Box",
            "collider2origin": [
                [
                    0.6509327731725829,
                    -0.7231871393001872,
                    -0.2308395251265744,
                    0.47872706962425593
                ],
                [
                    -0.6815932455180302,
                    -0.6906521277024352,
                    0.2417235738696108,
                    -0.5239603052943217
                ],
                [
                    -0.33424118907466976,
                    -7.13515527069654e-06,
                    -0.9424875741754053,
                    -0.5941361930091521
                ],
                [
                    0.0,
                    0.0,
                    0.0,
                    1.0
                ]
            ],
            "size": [
                0.1202,
                0.13634,
                0.67816
            ]
        },
        "distance": 0.0
    },
    {
        "case": 12,
        "collider1": {
            "type": "Cylinder",
            "collider2origin": [
                [
                    1.0,
                    0.0,
                    0.0,
                    0.4849999999999999
                ],
                [
                    0.0,
                    -3.673205103346574e-06,
                    -0.9999999999932537,
                    -0.46086
                ],
                [
                    0.0,
                    0.9999999999932537,
                    -3.673205103346574e-06,
                    -0.70001
                ],
                [
                    0.0,
                    0.0,
                    0.0,
                    1.0
                ]
            ],
            "radius": 0.026,
            "height": 0.272
        },
        "collider2": {
            "type": "Box",
            "collider2origin": [
                [
                    0.6509327731725829,
                    -0.7231871393001872,
                    -0.2308395251265744,
                    0.47872706962425593
                ],
                [
                    -0.6815932455180302,
                    -0.6906521277024352,
                    0.2417235738696108,
                    -0.5239603052943217
                ],
                [
                    -0.33424118907466976,
                    -7.13515527069654e-06,
                    -0.9424875741754053,
                    -0.5941361930091521
                ],
                [
                    0.0,
                    0.0,
                    0.0,
                    1.0
                ]
            ],
            "size": [
                0.1202,
                0.13634,
                0.67816
            ]
        },
        "distance": 0.0
    },
    {
        "case": 13,
        "collider1": {
            "type": "Box",
            "collider2origin": [
                [
                    1.0,
                    0.0,
                    0.0,
                    -0.26
                ],
                [
                    0.0,
                    1.0,
                    0.0,
                    -0.4608599999999999
                ],
                [
                    0.0,
                    0.0,
                    1.0,
                    -1.143
                ],
                [
                    0.0,
                    0.0,
                    0.0,
                    1.0
                ]
            ],
            "size": [
                1.48,
                0.272,
                0.945
            ]
        },
        "collider2": {
            "type": "Box",
            "collider2origin": [
                [
                    0.6509327731725829,
                    -0.7231871393001872,
                    -0.2308395251265744,
                    0.47872706962425593
                ],
                [
                    -0.6815932455180302,
                    -0.6906521277024352,
                    0.2417235738696108,
                    -0.5239603052943217
                ],
                [
                    -0.33424118907466976,
                    -7.13515527069654e-06,
                    -0.9424875741754053,
                    -0.5941361930091521
                ],
                [
                    0.0,
                    0.0,
                    0.0,
                    1.0
                ]
            ],
            "size": [
                0.1202,
                0.13634,
                0.67816
            ]
        },
        "distance": 0.0
    },
    {
        "case": 14,
        "collider1": {
            "type": "Box",
            "collider2origin": [
                [
                    1.0,
                    0.0,
                    0.0,
                    -0.26
                ],
                [
                    0.0,
                    1.0,
                    0.0,
                    -0.4608599999999999
                ],
                [
                    0.0,
                    0.0,
                    1.0,
                    -1.143
                ],
                [
                    0.0,
                    0.0,
                    0.0,
                    1.0
                ]
            ],
            "size": [
                1.48,
                0.272,
                0.945
            ]
        },
        "collider2": {
            "type": "Cylinder",
            "collider2origin": [
                [
                    0.7880913917439049,
                    0.5304943122388364,
                    0.3122302723013874,
                    0.1764164291141319
                ],
                [
                    0.14986862561645523,
                    0.32660825164374135,
                    -0.9332022530052382,
                    -0.32135969436030454
                ],
                [
                    -0.5970354707343518,
                    0.7822421841351067,
                    0.1778926981203785,
                    -0.8773524041414686
                ],
                [
                    0.0,
                    0.0,
                    0.0,
                    1.0
                ]
            ],
            "radius": 0.00713,
            "height": 0.01697
        },
        "distance": 0.0
    }
]