[
    {
        "case": 0,
        "collider1": {
            "type": "Box",
            "collider2origin": [
                [
                    1.0,
                    0.0,
                    0.0,
                    1.2009999999999998
                ],
                [
                    0.0,
                    1.0,
                    0.0,
                    0.02914
                ],
                [
                    0.0,
                    0.0,
                    1.0,
                    -1.22801
                ],
                [
                    0.0,
                    0.0,
                    0.0,
                    1.0
                ]
            ],
            "size": [
                0.41,
                0.6,
                0.82
            ]
        },
        "collider2": {
            "type": "Cylinder",
            "collider2origin": [
                [
                    -0.6473425733716138,
                    0.7246655510434397,
                    -0.2362359664223958,
                    1.310841731460617
                ],
                [
                    0.15718798200529657,
                    -0.176350312785649,
                    -0.9716956856410885,
                    -0.17824867837017477
                ],
                [
                    -0.7458146760514431,
                    -0.6661534405160043,
                    0.00025034969627621607,
                    -1.3422077722659844
                ],
                [
                    0.0,
                    0.0,
                    0.0,
                    1.0
                ]
            ],
            "radius": 0.0076,
            "height": 0.02993
        },
        "distance": 0.0
    },
    {
        "case": 1,
        "collider1": {
            "type": "Box",
            "collider2origin": [
                [
                    1.0,
                    0.0,
                    0.0,
                    1.2009999999999998
                ],
                [
                    0.0,
                    1.0,
                    0.0,
                    0.02914
                ],
                [
                    0.0,
                    0.0,
                    1.0,
                    -1.22801
                ],
                [
                    0.0,
                    0.0,
                    0.0,
                    1.0
                ]
            ],
            "size": [
                0.41,
                0.6,
                0.82
            ]
        },
        "collider2": {
            "type": "Sphere",
            "collider2origin": [
                [
                    1.0,
                    0.0,
                    0.0,
                    1.2834881238172597
                ],
                [
                    0.0,
                    1.0,
                    0.0,
                    -0.15820182178513664
                ],
                [
                    0.0,
                    0.0,
                    1.0,
                    -1.3560179687382223
                ],
                [
                    0.0,
                    0.0,
                    0.0,
                    1.0
                ]
            ],
            "radius": 0.00563
        },
        "distance": 0.0
    },
    {
        "case": 2,
        "collider1": {
            "type": "Box",
            "collider2origin": [
                [
                    1.0,
                    0.0,
                    0.0,
                    1.2009999999999998
                ],
                [
                    0.0,
                    1.0,
                    0.0,
                    0.02914
                ],
                [
                    0.0,
                    0.0,
                    1.0,
                    -1.22801
                ],
                [
                    0.0,
                    0.0,
                    0.0,
                    1.0
                ]
            ],
            "size": [
                0.41,
                0.6,
                0.82
            ]
        },
        "collider2": {
            "type": "Sphere",
            "collider2origin": [
                [
                    1.0,
                    0.0,
                    0.0,
                    1.3159062979240814
                ],
                [
                    0.0,
                    1.0,
                    0.0,
                    -0.16253561868160515
                ],
                [
                    0.0,
                    0.0,
                    1.0,
                    -1.3428336490594501
                ],
                [
                    0.0,
                    0.0,
                    0.0,
                    1.0
                ]
            ],
            "radius": 0.00487
        },
        "distance": 0.0
    },
    {
        "case": 3,
        "collider1": {
            "type": "Box",
            "collider2origin": [
                [
                    1.0,
                    0.0,
                    0.0,
                    1.2009999999999998
                ],
                [
                    0.0,
                    1.0,
                    0.0,
                    0.02914
                ],
                [
                    0.0,
                    0.0,
                    1.0,
                    -1.22801
                ],
                [
                    0.0,
                    0.0,
                    0.0,
                    1.0
                ]
            ],
            "size": [
                0.41,
                0.6,
                0.82
            ]
        },
        "collider2": {
            "type": "Sphere",
            "collider2origin": [
                [
                    1.0,
                    0.0,
                    0.0,
                    1.362649161726564
                ],
                [
                    0.0,
                    1.0,
                    0.0,
                    -0.18581308640611072
                ],
                [
                    0.0,
                    0.0,
                    1.0,
                    -1.359494500280776
                ],
                [
                    0.0,
                    0.0,
                    0.0,
                    1.0
                ]
            ],
            "radius": 0.00484
        },
        "distance": 0.0
    },
    {
        "case": 4,
        "collider1": {
            "type": "Box",
            "collider2origin": [
                [
                    1.0,
                    0.0,
                    0.0,
                    1.2009999999999998
                ],
                [
                    0.0,
                    1.0,
                    0.0,
                    0.02914
                ],
                [
                    0.0,
                    0.0,
                    1.0,
                    -1.22801
                ],
                [
                    0.0,
                    0.0,
                    0.0,
                    1.0
                ]
            ],
            "size": [
                0.41,
                0.6,
                0.82
            ]
        },
        "collider2": {
            "type": "Cylinder",
            "collider2origin": [
                [
                    -0.5640014239840638,
                    0.8253877082884792,
                    0.025249252468934114,
                    1.2824594573030752
                ],
                [
                    0.03013075580893512,
                    0.05112572169955673,
                    -0.9982375960336702,
                    -0.1788970406951974
                ],
                [
                    -0.8252239279724806,
                    -0.5622466465769196,
                    -0.053704535326899575,
                    -1.3560704993698591
                ],
                [
                    0.0,
                    0.0,
                    0.0,
                    1.0
                ]
            ],
            "radius": 0.00813,
            "height": 0.03824
        },
        "distance": 0.0
    },
    {
        "case": 5,
        "collider1": {
            "type": "Box",
            "collider2origin": [
                [
                    1.0,
                    0.0,
                    0.0,
                    1.2009999999999998
                ],
                [
                    0.0,
                    1.0,
                    0.0,
                    0.02914
                ],
                [
                    0.0,
                    0.0,
                    1.0,
                    -1.22801
                ],
                [
                    0.0,
                    0.0,
                    0.0,
                    1.0
                ]
            ],
            "size": [
                0.41,
                0.6,
                0.82
            ]
        },
        "collider2": {
            "type": "Sphere",
            "collider2origin": [
                [
                    1.0,
                    0.0,
                    0.0,
                    1.3115079729541737
                ],
                [
                    0.0,
                    1.0,
                    0.0,
                    -0.1889680508008288
                ],
                [
                    0.0,
                    0.0,
                    1.0,
                    -1.4009333430272612
                ],
                [
                    0.0,
                    0.0,
                    0.0,
                    1.0
                ]
            ],
            "radius": 0.01051
        },
        "distance": 0.0
    },
    {
        "case": 6,
        "collider1": {
            "type": "Box",
            "collider2origin": [
                [
                    1.0,
                    0.0,
                    0.0,
                    1.2009999999999998
                ],
                [
                    0.0,
                    1.0,
                    0.0,
                    0.02914
                ],
                [
                    0.0,
                    0.0,
                    1.0,
                    -1.22801
                ],
                [
                    0.0,
                    0.0,
                    0.0,
                    1.0
                ]
            ],
            "size": [
                0.41,
                0.6,
                0.82
            ]
        },
        "collider2": {
            "type": "Sphere",
            "collider2origin": [
                [
                    1.0,
                    0.0,
                    0.0,
                    1.2552272987924868
                ],
                [
                    0.0,
                    1.0,
                    0.0,
                    -0.16742397906398698
                ],
                [
                    0.0,
                    0.0,
                    1.0,
                    -1.3777725362414044
                ],
                [
                    0.0,
                    0.0,
                    0.0,
                    1.0
                ]
            ],
            "radius": 0.00663
        },
        "distance": 0.0
    },
    {
        "case": 7,
        "collider1": {
            "type": "Box",
            "collider2origin": [
                [
                    1.0,
                    0.0,
                    0.0,
                    1.2009999999999998
                ],
                [
                    0.0,
                    1.0,
                    0.0,
                    0.02914
                ],
                [
                    0.0,
                    0.0,
                    1.0,
                    -1.22801
                ],
                [
                    0.0,
                    0.0,
                    0.0,
                    1.0
                ]
            ],
            "size": [
                0.41,
                0.6,
                0.82
            ]
        },
        "collider2": {
            "type": "Cylinder",
            "collider2origin": [
                [
                    -0.27821828960712824,
                    0.9129717726522908,
                    0.2984579127250909,
                    1.3223363473242649
                ],
                [
                    0.29123560640574675,
                    0.3762804822666307,
                    -0.8795423925125317,
                    -0.22080018412387303
                ],
                [
                    -0.9153012645514921,
                    -0.1577832088827126,
                    -0.3705780000284868,
                    -1.4172172183831182
                ],
                [
                    0.0,
                    0.0,
                    0.0,
                    1.0
                ]
            ],
            "radius": 0.01271,
            "height": 0.05982
        },
        "distance": 0.0
    },
    {
        "case": 8,
        "collider1": {
            "type": "Box",
            "collider2origin": [
                [
                    1.0,
                    0.0,
                    0.0,
                    1.2009999999999998
                ],
                [
                    0.0,
                    1.0,
                    0.0,
                    0.02914
                ],
                [
                    0.0,
                    0.0,
                    1.0,
                    -1.22801
                ],
                [
                    0.0,
                    0.0,
                    0.0,
                    1.0
                ]
            ],
            "size": [
                0.41,
                0.6,
                0.82
            ]
        },
        "collider2": {
            "type": "Cylinder",
            "collider2origin": [
                [
                    -0.652706094107064,
                    0.7367812980019408,
                    0.17643149840681743,
                    1.3097481295631326
                ],
                [
                    0.15474608199378348,
                    0.3576222182188397,
                    -0.9209560245439566,
                    -0.2133560227959409
                ],
                [
                    -0.7416389989901241,
                    -0.5738115265057081,
                    -0.34743622037161775,
                    -1.3485705548538507
                ],
                [
                    0.0,
                    0.0,
                    0.0,
                    1.0
                ]
            ],
            "radius": 0.00783,
            "height": 0.03683
        },
        "distance": 0.0
    },
    {
        "case": 9,
        "collider1": {
            "type": "Box",
            "collider2origin": [
                [
                    1.0,
                    0.0,
                    0.0,
                    1.2009999999999998
                ],
                [
                    0.0,
                    1.0,
                    0.0,
                    0.02914
                ],
                [
                    0.0,
                    0.0,
                    1.0,
                    -1.22801
                ],
                [
                    0.0,
                    0.0,
                    0.0,
                    1.0
                ]
            ],
            "size": [
                0.41,
                0.6,
                0.82
            ]
        },
        "collider2": {
            "type": "Cylinder",
            "collider2origin": [
                [
                    -0.7159944202871551,
                    0.3785715644898933,
                    -0.5865454463870081,
                    1.3530322484052235
                ],
                [
                    0.298886218542281,
                    -0.5930611653891675,
                    -0.7476265661897908,
                    -0.19554063861134596
                ],
                [
                    -0.6308874848046649,
                    -0.710606800324143,
                    0.31147866194962215,
                    -1.3546778202764322
                ],
                [
                    0.0,
                    0.0,
                    0.0,
                    1.0
                ]
            ],
            "radius": 0.0076,
            "height": 0.02993
        },
        "distance": 0.0
    },
    {
        "case": 10,
        "collider1": {
            "type": "Box",
            "collider2origin": [
                [
                    1.0,
                    0.0,
                    0.0,
                    1.2009999999999998
                ],
                [
                    0.0,
                    1.0,
                    0.0,
                    0.02914
                ],
                [
                    0.0,
                    0.0,
                    1.0,
                    -1.22801
                ],
                [
                    0.0,
                    0.0,
                    0.0,
                    1.0
                ]
            ],
            "size": [
                0.41,
                0.6,
                0.82
            ]
        },
        "collider2": {
            "type": "Cylinder",
            "collider2origin": [
                [
                    -0.24668099171450925,
                    0.8983084512877352,
                    0.3635799976233249,
                    1.3196507631679248
                ],
                [
                    0.33478784572585657,
                    0.43106986218185456,
                    -0.8379116136399809,
                    -0.20774623056023744
                ],
                [
                    -0.9094314634325037,
                    -0.08497470366848996,
                    -0.40707949230520807,
                    -1.410710757432827
                ],
                [
                    0.0,
                    0.0,
                    0.0,
                    1.0
                ]
            ],
            "radius": 0.01169,
            "height": 0.05502
        },
        "distance": 0.0
    },
    {
        "case": 11,
        "collider1": {
            "type": "Box",
            "collider2origin": [
                [
                    1.0,
                    0.0,
                    0.0,
                    1.2009999999999998
                ],
                [
                    0.0,
                    1.0,
                    0.0,
                    0.02914
                ],
                [
                    0.0,
                    0.0,
                    1.0,
                    -1.22801
                ],
                [
                    0.0,
                    0.0,
                    0.0,
                    1.0
                ]
            ],
            "size": [
                0.41,
                0.6,
                0.82
            ]
        },
        "collider2": {
            "type": "Cylinder",
            "collider2origin": [
                [
                    -0.45645403268957335,
                    0.8519634296662765,
                    0.2565307594669707,
                    1.2588308510258979
                ],
                [
                    -0.06997390006983796,
                    0.2530524789789782,
                    -0.9649186992651815,
                    -0.18734141815959915
                ],
                [
                    -0.8869911889925635,
                    -0.4583914892249511,
                    -0.05589162062142371,
                    -1.3793462678492918
                ],
                [
                    0.0,
                    0.0,
                    0.0,
                    1.0
                ]
            ],
            "radius": 0.00796,
            "height": 0.03037
        },
        "distance": 0.0
    },
    {
        "case": 12,
        "collider1": {
            "type": "Box",
            "collider2origin": [
                [
                    1.0,
                    0.0,
                    0.0,
                    1.2009999999999998
                ],
                [
                    0.0,
                    1.0,
                    0.0,
                    0.02914
                ],
                [
                    0.0,
                    0.0,
                    1.0,
                    -1.22801
                ],
                [
                    0.0,
                    0.0,
                    0.0,
                    1.0
                ]
            ],
            "size": [
                0.41,
                0.6,
                0.82
            ]
        },
        "collider2": {
            "type": "Cylinder",
            "collider2origin": [
                [
                    -0.5640014239840638,
                    0.7042248645970601,
                    0.43124208262552416,
                    1.2889878438808828
                ],
                [
                    0.03013075580893512,
                    0.5394301847179674,
                    -0.8414910655316079,
                    -0.2073197859982635
                ],
                [
                    -0.8252239279724806,
                    -0.46160850934356823,
                    -0.3254582197506748,
                    -1.3615700828202424
                ],
                [
                    0.0,
                    0.0,
                    0.0,
                    1.0
                ]
            ],
            "radius": 0.00683,
            "height": 0.01183
        },
        "distance": 0.0
    },
    {
        "case": 13,
        "collider1": {
            "type": "Box",
            "collider2origin": [
                [
                    1.0,
                    0.0,
                    0.0,
                    1.2009999999999998
                ],
                [
                    0.0,
                    1.0,
                    0.0,
                    0.02914
                ],
                [
                    0.0,
                    0.0,
                    1.0,
                    -1.22801
                ],
                [
                    0.0,
                    0.0,
                    0.0,
                    1.0
                ]
            ],
            "size": [
                0.41,
                0.6,
                0.82
            ]
        },
        "collider2": {
            "type": "Box",
            "collider2origin": [
                [
                    -0.45981083213079393,
                    -0.5302703337826774,
                    0.7123112885285435,
                    1.3468485158943615
                ],
                [
                    0.20291665293296102,
                    0.718173621361272,
                    0.6656211246221981,
                    -0.2879666978618346
                ],
                [
                    -0.8645223135452726,
                    0.4505996257109446,
                    -0.22262332917168723,
                    -1.3984855348883054
                ],
                [
                    0.0,
                    0.0,
                    0.0,
                    1.0
                ]
            ],
            "size": [
                0.06241,
                0.05638,
                0.02858
            ]
        },
        "distance": 0.0
    },
    {
        "case": 14,
        "collider1": {
            "type": "Box",
            "collider2origin": [
                [
                    1.0,
                    0.0,
                    0.0,
                    1.2009999999999998
                ],
                [
                    0.0,
                    1.0,
                    0.0,
                    0.02914
                ],
                [
                    0.0,
                    0.0,
                    1.0,
                    -1.22801
                ],
                [
                    0.0,
                    0.0,
                    0.0,
                    1.0
                ]
            ],
            "size": [
                0.41,
                0.6,
                0.82
            ]
        },
        "collider2": {
            "type": "Cylinder",
            "collider2origin": [
                [
                    -0.5640014239840638,
                    0.7042248645970601,
                    0.43124208262552416,
                    1.2960293765104147
                ],
                [
                    0.03013075580893512,
                    0.5394301847179674,
                    -0.8414910655316079,
                    -0.22105012867538953
                ],
                [
                    -0.8252239279724806,
                    -0.46160850934356823,
                    -0.3254582197506748,
                    -1.3668839616479853
                ],
                [
                    0.0,
                    0.0,
                    0.0,
                    1.0
                ]
            ],
            "radius": 0.00683,
            "height": 0.01782
        },
        "distance": 0.0
    },
    {
        "case": 15,
        "collider1": {
            "type": "Box",
            "collider2origin": [
                [
                    1.0,
                    0.0,
                    0.0,
                    1.2009999999999998
                ],
                [
                    0.0,
                    1.0,
                    0.0,
                    0.02914
                ],
                [
                    0.0,
                    0.0,
                    1.0,
                    -1.22801
                ],
                [
                    0.0,
                    0.0,
                    0.0,
                    1.0
                ]
            ],
            "size": [
                0.41,
                0.6,
                0.82
            ]
        },
        "collider2": {
            "type": "Cylinder",
            "collider2origin": [
                [
                    -0.45645403268957335,
                    0.6126082411396183,
                    0.6452603032337019,
                    1.2701973726113347
                ],
                [
                    -0.06997390006983796,
                    0.6982552579547965,
                    -0.7124206959707843,
                    -0.21157345635659697
                ],
                [
                    -0.8869911889925635,
                    -0.37033867962488526,
                    -0.27585484049270237,
                    -1.383287855329868
                ],
                [
                    0.0,
                    0.0,
                    0.0,
                    1.0
                ]
            ],
            "radius": 0.00713,
            "height": 0.01426
        },
        "distance": 0.0
    },
    {
        "case": 16,
        "collider1": {
            "type": "Box",
            "collider2origin": [
                [
                    1.0,
                    0.0,
                    0.0,
                    1.2009999999999998
                ],
                [
                    0.0,
                    1.0,
                    0.0,
                    0.02914
                ],
                [
                    0.0,
                    0.0,
                    1.0,
                    -1.22801
                ],
                [
                    0.0,
                    0.0,
                    0.0,
                    1.0
                ]
            ],
            "size": [
                0.41,
                0.6,
                0.82
            ]
        },
        "collider2": {
            "type": "Cylinder",
            "collider2origin": [
                [
                    -0.7205183336040334,
                    0.5713220456947594,
                    -0.39299421248107613,
                    1.3399787743409206
                ],
                [
                    0.2997147785714803,
                    -0.2544849233203032,
                    -0.9194609699756194,
                    -0.2175526041207989
                ],
                [
                    -0.6253194243315287,
                    -0.780274659274421,
                    0.012127392459684999,
                    -1.349824533836994
                ],
                [
                    0.0,
                    0.0,
                    0.0,
                    1.0
                ]
            ],
            "radius": 0.00783,
            "height": 0.03044
        },
        "distance": 0.0
    },
    {
        "case": 17,
        "collider1": {
            "type": "Box",
            "collider2origin": [
                [
                    1.0,
                    0.0,
                    0.0,
                    1.2009999999999998
                ],
                [
                    0.0,
                    1.0,
                    0.0,
                    0.02914
                ],
                [
                    0.0,
                    0.0,
                    1.0,
                    -1.22801
                ],
                [
                    0.0,
                    0.0,
                    0.0,
                    1.0
                ]
            ],
            "size": [
                0.41,
                0.6,
                0.82
            ]
        },
        "collider2": {
            "type": "Box",
            "collider2origin": [
                [
                    -0.5988592480091106,
                    -0.5302747502317029,
                    0.600146890636507,
                    1.3172828858217533
                ],
                [
                    0.05893540090226727,
                    0.7181707927056611,
                    0.6933666642008475,
                    -0.25265857161566097
                ],
                [
                    -0.7986828028663517,
                    0.45059893671781676,
                    -0.3988312658685639,
                    -1.3759110927159293
                ],
                [
                    0.0,
                    0.0,
                    0.0,
                    1.0
                ]
            ],
            "size": [
                0.07264,
                0.04753,
                0.03326
            ]
        },
        "distance": 0.0
    },
    {
        "case": 18,
        "collider1": {
            "type": "Box",
            "collider2origin": [
                [
                    1.0,
                    0.0,
                    0.0,
                    1.2009999999999998
                ],
                [
                    0.0,
                    1.0,
                    0.0,
                    0.02914
                ],
                [
                    0.0,
                    0.0,
                    1.0,
                    -1.22801
                ],
                [
                    0.0,
                    0.0,
                    0.0,
                    1.0
                ]
            ],
            "size": [
                0.41,
                0.6,
                0.82
            ]
        },
        "collider2": {
            "type": "Cylinder",
            "collider2origin": [
                [
                    -0.45849098743898187,
                    0.6068811271319112,
                    0.6492159209140885,
                    1.2801170863889284
                ],
                [
                    -0.10164662856022146,
                    0.6899186823459137,
                    -0.7167148489130233,
                    -0.2226271495022072
                ],
                [
                    -0.8828669080555502,
                    -0.39459790835884934,
                    -0.25463407741159344,
                    -1.3876738906638073
                ],
                [
                    0.0,
                    0.0,
                    0.0,
                    1.0
                ]
            ],
            "radius": 0.00713,
            "height": 0.01697
        },
        "distance": 0.0
    }
]