[
    {
        "case": 0,
        "collider1": {
            "type": "Box",
            "collider2origin": [
                [
                    1.0,
                    0.0,
                    0.0,
                    0.5199999999999999
                ],
                [
                    0.0,
                    1.0,
                    0.0,
                    -0.43085999999999997
                ],
                [
                    0.0,
                    0.0,
                    1.0,
                    -0.80301
                ],
                [
                    0.0,
                    0.0,
                    0.0,
                    1.0
                ]
            ],
            "size": [
                0.2,
                0.08,
                0.04
            ]
        },
        "collider2": {
            "type": "Box",
            "collider2origin": [
                [
                    -0.21609872926993764,
                    -0.9092976288747974,
                    -0.35563908858643384,
                    0.5165406206897927
                ],
                [
                    0.4721885698659924,
                    -0.4161463950577408,
                    0.7770843791817946,
                    -0.3280070001056764
                ],
                [
                    -0.8545989080825148,
                    -1.7657513689232776e-06,
                    0.5192886541231717,
                    -0.7938138252699474
                ],
                [
                    0.0,
                    0.0,
                    0.0,
                    1.0
                ]
            ],
            "size": [
                0.09102,
                0.10007,
                0.11882
            ]
        },
        "distance": 0.0
    },
    {
        "case": 1,
        "collider1": {
            "type": "Cylinder",
            "collider2origin": [
                [
                    1.0,
                    0.0,
                    0.0,
                    0.4849999999999999
                ],
                [
                    0.0,
                    -3.673205103346574e-06,
                    -0.9999999999932537,
                    -0.46086
                ],
                [
                    0.0,
                    0.9999999999932537,
                    -3.673205103346574e-06,
                    -0.70001
                ],
                [
                    0.0,
                    0.0,
                    0.0,
                    1.0
                ]
            ],
            "radius": 0.026,
            "height": 0.272
        },
        "collider2": {
            "type": "Box",
            "collider2origin": [
                [
                    -0.21609872926993764,
                    -0.9092976288747974,
                    -0.35563908858643384,
                    0.5165406206897927
                ],
                [
                    0.4721885698659924,
                    -0.4161463950577408,
                    0.7770843791817946,
                    -0.3280070001056764
                ],
                [
                    -0.8545989080825148,
                    -1.7657513689232776e-06,
                    0.5192886541231717,
                    -0.7938138252699474
                ],
                [
                    0.0,
                    0.0,
                    0.0,
                    1.0
                ]
            ],
            "size": [
                0.09102,
                0.10007,
                0.11882
            ]
        },
        "distance": 0.0034342276684737696
    },
    {
        "case": 2,
        "collider1": {
            "type": "Box",
            "collider2origin": [
                [
                    1.0,
                    0.0,
                    0.0,
                    -0.26
                ],
                [
                    0.0,
                    1.0,
                    0.0,
                    -0.4608599999999999
                ],
                [
                    0.0,
                    0.0,
                    1.0,
                    -1.143
                ],
                [
                    0.0,
                    0.0,
                    0.0,
                    1.0
                ]
            ],
            "size": [
                1.48,
                0.272,
                0.945
            ]
        },
        "collider2": {
            "type": "Box",
            "collider2origin": [
                [
                    -0.21609872926993764,
                    -0.9092976288747974,
                    -0.35563908858643384,
                    0.5165406206897927
                ],
                [
                    0.4721885698659924,
                    -0.4161463950577408,
                    0.7770843791817946,
                    -0.3280070001056764
                ],
                [
                    -0.8545989080825148,
                    -1.7657513689232776e-06,
                    0.5192886541231717,
                    -0.7938138252699474
                ],
                [
                    0.0,
                    0.0,
                    0.0,
                    1.0
                ]
            ],
            "size": [
                0.09102,
                0.10007,
                0.11882
            ]
        },
        "distance": 0.0
    },
    {
        "case": 3,
        "collider1": {
            "type": "Cylinder",
            "collider2origin": [
                [
                    1.0,
                    0.0,
                    0.0,
                    0.4849999999999999
                ],
                [
                    0.0,
                    -3.673205103346574e-06,
                    -0.9999999999932537,
                    -0.46086
                ],
                [
                    0.0,
                    0.9999999999932537,
                    -3.673205103346574e-06,
                    -0.70001
                ],
                [
                    0.0,
                    0.0,
                    0.0,
                    1.0
                ]
            ],
            "radius": 0.026,
            "height": 0.272
        },
        "collider2": {
            "type": "Box",
            "collider2origin": [
                [
                    0.10716950673862063,
                    0.9284586880926966,
                    -0.3556390885864338,
                    0.475999718693668
                ],
                [
                    -0.518042052652676,
                    0.3574525133707225,
                    0.7770843791817946,
                    -0.24384863711424598
                ],
                [
                    0.8486148293005504,
                    0.10095625384364287,
                    0.5192886541231717,
                    -0.736940049093914
                ],
                [
                    0.0,
                    0.0,
                    0.0,
                    1.0
                ]
            ],
            "size": [
                0.09126,
                0.11887,
                0.10009
            ]
        },
        "distance": 0.009054052466327307
    },
    {
        "case": 4,
        "collider1": {
            "type": "Box",
            "collider2origin": [
                [
                    1.0,
                    0.0,
                    0.0,
                    -0.26
                ],
                [
                    0.0,
                    1.0,
                    0.0,
                    -0.4608599999999999
                ],
                [
                    0.0,
                    0.0,
                    1.0,
                    -1.143
                ],
                [
                    0.0,
                    0.0,
                    0.0,
                    1.0
                ]
            ],
            "size": [
                1.48,
                0.272,
                0.945
            ]
        },
        "collider2": {
            "type": "Box",
            "collider2origin": [
                [
                    0.10716950673862063,
                    0.9284586880926966,
                    -0.3556390885864338,
                    0.475999718693668
                ],
                [
                    -0.518042052652676,
                    0.3574525133707225,
                    0.7770843791817946,
                    -0.24384863711424598
                ],
                [
                    0.8486148293005504,
                    0.10095625384364287,
                    0.5192886541231717,
                    -0.736940049093914
                ],
                [
                    0.0,
                    0.0,
                    0.0,
                    1.0
                ]
            ],
            "size": [
                0.09126,
                0.11887,
                0.10009
            ]
        },
        "distance": 0.0
    },
    {
        "case": 5,
        "collider1": {
            "type": "Box",
            "collider2origin": [
                [
                    1.0,
                    0.0,
                    0.0,
                    -0.08500000000000019
                ],
                [
                    0.0,
                    1.0,
                    0.0,
                    -0.03585999999999995
                ],
                [
                    0.0,
                    0.0,
                    1.0,
                    -0.81301
                ],
                [
                    0.0,
                    0.0,
                    0.0,
                    1.0
                ]
            ],
            "size": [
                1.01,
                0.28,
                0.27
            ]
        },
        "collider2": {
            "type": "Box",
            "collider2origin": [
                [
                    0.10716950673862063,
                    0.9284586880926966,
                    -0.3556390885864338,
                    0.475999718693668
                ],
                [
                    -0.518042052652676,
                    0.3574525133707225,
                    0.7770843791817946,
                    -0.24384863711424598
                ],
                [
                    0.8486148293005504,
                    0.10095625384364287,
                    0.5192886541231717,
                    -0.736940049093914
                ],
                [
                    0.0,
                    0.0,
                    0.0,
                    1.0
                ]
            ],
            "size": [
                0.09126,
                0.11887,
                0.10009
            ]
        },
        "distance": 0.017064997960488642
    },
    {
        "case": 6,
        "collider1": {
            "type": "Box",
            "collider2origin": [
                [
                    1.0,
                    0.0,
                    0.0,
                    0.5199999999999999
                ],
                [
                    0.0,
                    1.0,
                    0.0,
                    -0.43085999999999997
                ],
                [
                    0.0,
                    0.0,
                    1.0,
                    -0.80301
                ],
                [
                    0.0,
                    0.0,
                    0.0,
                    1.0
                ]
            ],
            "size": [
                0.2,
                0.08,
                0.04
            ]
        },
        "collider2": {
            "type": "Box",
            "collider2origin": [
                [
                    -0.09762993919026954,
                    -0.9092978084673607,
                    -0.40453169281300944,
                    0.7371362319531198
                ],
                [
                    0.2133323933101866,
                    -0.4161460026343527,
                    0.8839184320150795,
                    -0.5414557119170753
                ],
                [
                    -0.9720893399982595,
                    -2.811430829925405e-06,
                    0.23461098664351532,
                    -0.8637454966231334
                ],
                [
                    0.0,
                    0.0,
                    0.0,
                    1.0
                ]
            ],
            "size": [
                0.1202,
                0.13634,
                0.67816
            ]
        },
        "distance": 0.0
    }
]