[
    {
        "case": 0,
        "collider1": {
            "type": "Cylinder",
            "collider2origin": [
                [
                    1.0,
                    0.0,
                    0.0,
                    0.4849999999999999
                ],
                [
                    0.0,
                    -3.673205103346574e-06,
                    -0.9999999999932537,
                    -0.46086
                ],
                [
                    0.0,
                    0.9999999999932537,
                    -3.673205103346574e-06,
                    -0.70001
                ],
                [
                    0.0,
                    0.0,
                    0.0,
                    1.0
                ]
            ],
            "radius": 0.026,
            "height": 0.272
        },
        "collider2": {
            "type": "Cylinder",
            "collider2origin": [
                [
                    0.8932694587373813,
                    0.026155813649598528,
                    -0.44876001102967333,
                    0.5032124027382996
                ],
                [
                    -0.4485863681475855,
                    -0.012495756302957222,
                    -0.8936521282840293,
                    -0.4924954261749419
                ],
                [
                    -0.028981794271303114,
                    0.9995797764494557,
                    0.0005710639817616081,
                    -0.6759126098081794
                ],
                [
                    0.0,
                    0.0,
                    0.0,
                    1.0
                ]
            ],
            "radius": 0.00783,
            "height": 0.03683
        },
        "distance": 0.0
    },
    {
        "case": 1,
        "collider1": {
            "type": "Box",
            "collider2origin": [
                [
                    1.0,
                    0.0,
                    0.0,
                    -0.26
                ],
                [
                    0.0,
                    1.0,
                    0.0,
                    -0.4608599999999999
                ],
                [
                    0.0,
                    0.0,
                    1.0,
                    -1.143
                ],
                [
                    0.0,
                    0.0,
                    0.0,
                    1.0
                ]
            ],
            "size": [
                1.48,
                0.272,
                0.945
            ]
        },
        "collider2": {
            "type": "Cylinder",
            "collider2origin": [
                [
                    0.9545278108565154,
                    -0.013961370751734021,
                    -0.29779479247999013,
                    0.48290375894729964
                ],
                [
                    -0.281148416301755,
                    -0.37439910108305563,
                    -0.883618062920408,
                    -0.4883274811458703
                ],
                [
                    -0.09915758323236253,
                    0.9271625495213511,
                    -0.3612995716197079,
                    -0.6610724109073521
                ],
                [
                    0.0,
                    0.0,
                    0.0,
                    1.0
                ]
            ],
            "radius": 0.00783,
            "height": 0.03044
        },
        "distance": 0.0
    },
    {
        "case": 2,
        "collider1": {
            "type": "Cylinder",
            "collider2origin": [
                [
                    1.0,
                    0.0,
                    0.0,
                    0.4849999999999999
                ],
                [
                    0.0,
                    -3.673205103346574e-06,
                    -0.9999999999932537,
                    -0.46086
                ],
                [
                    0.0,
                    0.9999999999932537,
                    -3.673205103346574e-06,
                    -0.70001
                ],
                [
                    0.0,
                    0.0,
                    0.0,
                    1.0
                ]
            ],
            "radius": 0.026,
            "height": 0.272
        },
        "collider2": {
            "type": "Box",
            "collider2origin": [
                [
                    0.7774407023082204,
                    -0.6275519113620279,
                    -0.04200658210764292,
                    0.5404912162640272
                ],
                [
                    -0.6266373521996341,
                    -0.7785747224846014,
                    0.033867836309062385,
                    -0.6915319189057564
                ],
                [
                    -0.053959088416433126,
                    -7.34105888742502e-06,
                    -0.9985431471515771,
                    -0.3575602640708362
                ],
                [
                    0.0,
                    0.0,
                    0.0,
                    1.0
                ]
            ],
            "size": [
                0.1202,
                0.13634,
                0.67816
            ]
        },
        "distance": 0.004735473526593773
    },
    {
        "case": 3,
        "collider1": {
            "type": "Box",
            "collider2origin": [
                [
                    1.0,
                    0.0,
                    0.0,
                    -0.26
                ],
                [
                    0.0,
                    1.0,
                    0.0,
                    -0.4608599999999999
                ],
                [
                    0.0,
                    0.0,
                    1.0,
                    -1.143
                ],
                [
                    0.0,
                    0.0,
                    0.0,
                    1.0
                ]
            ],
            "size": [
                1.48,
                0.272,
                0.945
            ]
        },
        "collider2": {
            "type": "Box",
            "collider2origin": [
                [
                    0.7774407023082204,
                    -0.6275519113620279,
                    -0.04200658210764292,
                    0.5404912162640272
                ],
                [
                    -0.6266373521996341,
                    -0.7785747224846014,
                    0.033867836309062385,
                    -0.6915319189057564
                ],
                [
                    -0.053959088416433126,
                    -7.34105888742502e-06,
                    -0.9985431471515771,
                    -0.3575602640708362
                ],
                [
                    0.0,
                    0.0,
                    0.0,
                    1.0
                ]
            ],
            "size": [
                0.1202,
                0.13634,
                0.67816
            ]
        },
        "distance": 0.028199584733845335
    },
    {
        "case": 4,
        "collider1": {
            "type": "Cylinder",
            "collider2origin": [
                [
                    1.0,
                    0.0,
                    0.0,
                    0.4849999999999999
                ],
                [
                    0.0,
                    -3.673205103346574e-06,
                    -0.9999999999932537,
                    -0.46086
                ],
                [
                    0.0,
                    0.9999999999932537,
                    -3.673205103346574e-06,
                    -0.70001
                ],
                [
                    0.0,
                    0.0,
                    0.0,
                    1.0
                ]
            ],
            "radius": 0.026,
            "height": 0.272
        },
        "collider2": {
            "type": "Cylinder",
            "collider2origin": [
                [
                    0.8933685292922161,
                    -0.2173813217864118,
                    -0.3932404249421143,
                    0.5188813266333253
                ],
                [
                    -0.44879733322604004,
                    -0.47408968724611805,
                    -0.7575090244585025,
                    -0.46191979191156474
                ],
                [
                    -0.02176291707141281,
                    0.8532199771367697,
                    -0.521096964158565,
                    -0.6662264334023899
                ],
                [
                    0.0,
                    0.0,
                    0.0,
                    1.0
                ]
            ],
            "radius": 0.0076,
            "height": 0.02993
        },
        "distance": 0.0063813738538684075
    },
    {
        "case": 5,
        "collider1": {
            "type": "Cylinder",
            "collider2origin": [
                [
                    1.0,
                    0.0,
                    0.0,
                    0.4849999999999999
                ],
                [
                    0.0,
                    -3.673205103346574e-06,
                    -0.9999999999932537,
                    -0.46086
                ],
                [
                    0.0,
                    0.9999999999932537,
                    -3.673205103346574e-06,
                    -0.70001
                ],
                [
                    0.0,
                    0.0,
                    0.0,
                    1.0
                ]
            ],
            "radius": 0.026,
            "height": 0.272
        },
        "collider2": {
            "type": "Cylinder",
            "collider2origin": [
                [
                    0.8102927977120025,
                    -0.09765368329856694,
                    -0.5778315845592714,
                    0.5172545538783297
                ],
                [
                    -0.5845280404919556,
                    -0.06424254144253948,
                    -0.8088262271635592,
                    -0.511446749185407
                ],
                [
                    0.04186349071314778,
                    0.9931448303279972,
                    -0.10913658478293807,
                    -0.6724680892542793
                ],
                [
                    0.0,
                    0.0,
                    0.0,
                    1.0
                ]
            ],
            "radius": 0.00683,
            "height": 0.01782
        },
        "distance": 0.006019041614962135
    },
    {
        "case": 6,
        "collider1": {
            "type": "Cylinder",
            "collider2origin": [
                [
                    1.0,
                    0.0,
                    0.0,
                    0.4849999999999999
                ],
                [
                    0.0,
                    -3.673205103346574e-06,
                    -0.9999999999932537,
                    -0.46086
                ],
                [
                    0.0,
                    0.9999999999932537,
                    -3.673205103346574e-06,
                    -0.70001
                ],
                [
                    0.0,
                    0.0,
                    0.0,
                    1.0
                ]
            ],
            "radius": 0.026,
            "height": 0.272
        },
        "collider2": {
            "type": "Box",
            "collider2origin": [
                [
                    -0.056666312151312306,
                    0.5832784624718493,
                    0.8102932581995514,
                    0.4149893706760993
                ],
                [
                    -0.14925104486949267,
                    0.7975285012565241,
                    -0.5845275145695764,
                    -0.6415558421826124
                ],
                [
                    -0.9871742777607886,
                    -0.1540601340386191,
                    0.04186192097202434,
                    -0.6274975208199295
                ],
                [
                    0.0,
                    0.0,
                    0.0,
                    1.0
                ]
            ],
            "size": [
                0.08993,
                0.0305,
                0.09007
            ]
        },
        "distance": 0.057331955550868466
    },
    {
        "case": 7,
        "collider1": {
            "type": "Box",
            "collider2origin": [
                [
                    1.0,
                    0.0,
                    0.0,
                    -0.26
                ],
                [
                    0.0,
                    1.0,
                    0.0,
                    -0.4608599999999999
                ],
                [
                    0.0,
                    0.0,
                    1.0,
                    -1.143
                ],
                [
                    0.0,
                    0.0,
                    0.0,
                    1.0
                ]
            ],
            "size": [
                1.48,
                0.272,
                0.945
            ]
        },
        "collider2": {
            "type": "Box",
            "collider2origin": [
                [
                    -0.056666312151312306,
                    0.5832784624718493,
                    0.8102932581995514,
                    0.4149893706760993
                ],
                [
                    -0.14925104486949267,
                    0.7975285012565241,
                    -0.5845275145695764,
                    -0.6415558421826124
                ],
                [
                    -0.9871742777607886,
                    -0.1540601340386191,
                    0.04186192097202434,
                    -0.6274975208199295
                ],
                [
                    0.0,
                    0.0,
                    0.0,
                    1.0
                ]
            ],
            "size": [
                0.08993,
                0.0305,
                0.09007
            ]
        },
        "distance": 0.0119350104201422
    },
    {
        "case": 8,
        "collider1": {
            "type": "Cylinder",
            "collider2origin": [
                [
                    1.0,
                    0.0,
                    0.0,
                    0.4849999999999999
                ],
                [
                    0.0,
                    -3.673205103346574e-06,
                    -0.9999999999932537,
                    -0.46086
                ],
                [
                    0.0,
                    0.9999999999932537,
                    -3.673205103346574e-06,
                    -0.70001
                ],
                [
                    0.0,
                    0.0,
                    0.0,
                    1.0
                ]
            ],
            "radius": 0.026,
            "height": 0.272
        },
        "collider2": {
            "type": "Box",
            "collider2origin": [
                [
                    0.8613990738092911,
                    0.506697566288631,
                    0.03534419270082663,
                    0.46369043224806217
                ],
                [
                    -0.4660760749376244,
                    0.7608447496813775,
                    0.4515399863279213,
                    -0.57593270932211
                ],
                [
                    0.2019027687062088,
                    -0.40542920861657195,
                    0.8915505755644525,
                    -0.6459793920281093
                ],
                [
                    0.0,
                    0.0,
                    0.0,
                    1.0
                ]
            ],
            "size": [
                0.06241,
                0.05638,
                0.02858
            ]
        },
        "distance": 0.004792285977068922
    },
    {
        "case": 9,
        "collider1": {
            "type": "Box",
            "collider2origin": [
                [
                    1.0,
                    0.0,
                    0.0,
                    -0.26
                ],
                [
                    0.0,
                    1.0,
                    0.0,
                    -0.4608599999999999
                ],
                [
                    0.0,
                    0.0,
                    1.0,
                    -1.143
                ],
                [
                    0.0,
                    0.0,
                    0.0,
                    1.0
                ]
            ],
            "size": [
                1.48,
                0.272,
                0.945
            ]
        },
        "collider2": {
            "type": "Box",
            "collider2origin": [
                [
                    0.8613990738092911,
                    0.506697566288631,
                    0.03534419270082663,
                    0.46369043224806217
                ],
                [
                    -0.4660760749376244,
                    0.7608447496813775,
                    0.4515399863279213,
                    -0.57593270932211
                ],
                [
                    0.2019027687062088,
                    -0.40542920861657195,
                    0.8915505755644525,
                    -0.6459793920281093
                ],
                [
                    0.0,
                    0.0,
                    0.0,
                    1.0
                ]
            ],
            "size": [
                0.06241,
                0.05638,
                0.02858
            ]
        },
        "distance": 0.0
    },
    {
        "case": 10,
        "collider1": {
            "type": "Cylinder",
            "collider2origin": [
                [
                    1.0,
                    0.0,
                    0.0,
                    0.4849999999999999
                ],
                [
                    0.0,
                    -3.673205103346574e-06,
                    -0.9999999999932537,
                    -0.46086
                ],
                [
                    0.0,
                    0.9999999999932537,
                    -3.673205103346574e-06,
                    -0.70001
                ],
                [
                    0.0,
                    0.0,
                    0.0,
                    1.0
                ]
            ],
            "radius": 0.026,
            "height": 0.272
        },
        "collider2": {
            "type": "Box",
            "collider2origin": [
                [
                    0.8348684944616189,
                    0.5066991619027281,
                    0.2150594250026315,
                    0.49061646610735343
                ],
                [
                    -0.5503472601260397,
                    0.7608415916973514,
                    0.34385747863788224,
                    -0.5387180161186401
                ],
                [
                    0.010606141011280924,
                    -0.4054331408142568,
                    0.9140631696454765,
                    -0.6687927874435209
                ],
                [
                    0.0,
                    0.0,
                    0.0,
                    1.0
                ]
            ],
            "size": [
                0.07264,
                0.04753,
                0.03326
            ]
        },
        "distance": 0.0
    },
    {
        "case": 11,
        "collider1": {
            "type": "Box",
            "collider2origin": [
                [
                    1.0,
                    0.0,
                    0.0,
                    -0.26
                ],
                [
                    0.0,
                    1.0,
                    0.0,
                    -0.4608599999999999
                ],
                [
                    0.0,
                    0.0,
                    1.0,
                    -1.143
                ],
                [
                    0.0,
                    0.0,
                    0.0,
                    1.0
                ]
            ],
            "size": [
                1.48,
                0.272,
                0.945
            ]
        },
        "collider2": {
            "type": "Box",
            "collider2origin": [
                [
                    0.8348684944616189,
                    0.5066991619027281,
                    0.2150594250026315,
                    0.49061646610735343
                ],
                [
                    -0.5503472601260397,
                    0.7608415916973514,
                    0.34385747863788224,
                    -0.5387180161186401
                ],
                [
                    0.010606141011280924,
                    -0.4054331408142568,
                    0.9140631696454765,
                    -0.6687927874435209
                ],
                [
                    0.0,
                    0.0,
                    0.0,
                    1.0
                ]
            ],
            "size": [
                0.07264,
                0.04753,
                0.03326
            ]
        },
        "distance": 0.0
    }
]