[
    {
        "case": 0,
        "collider1": {
            "type": "Box",
            "collider2origin": [
                [
                    1.0,
                    0.0,
                    0.0,
                    1.2009999999999998
                ],
                [
                    0.0,
                    1.0,
                    0.0,
                    0.02914
                ],
                [
                    0.0,
                    0.0,
                    1.0,
                    -1.22801
                ],
                [
                    0.0,
                    0.0,
                    0.0,
                    1.0
                ]
            ],
            "size": [
                0.41,
                0.6,
                0.82
            ]
        },
        "collider2": {
            "type": "Box",
            "collider2origin": [
                [
                    0.4055704723940061,
                    -0.8673254033760778,
                    0.2885467667131734,
                    1.339836552701678
                ],
                [
                    -0.5555260662546034,
                    -0.4845688426565529,
                    -0.6757098685369148,
                    -0.21898956879442788
                ],
                [
                    0.725881107092469,
                    0.11375272034115433,
                    -0.6783486839238347,
                    -0.9549292358918944
                ],
                [
                    0.0,
                    0.0,
                    0.0,
                    1.0
                ]
            ],
            "size": [
                0.08993,
                0.0305,
                0.09007
            ]
        },
        "distance": 0.0
    },
    {
        "case": 1,
        "collider1": {
            "type": "Box",
            "collider2origin": [
                [
                    1.0,
                    0.0,
                    0.0,
                    1.2009999999999998
                ],
                [
                    0.0,
                    1.0,
                    0.0,
                    0.02914
                ],
                [
                    0.0,
                    0.0,
                    1.0,
                    -1.22801
                ],
                [
                    0.0,
                    0.0,
                    0.0,
                    1.0
                ]
            ],
            "size": [
                0.41,
                0.6,
                0.82
            ]
        },
        "collider2": {
            "type": "Box",
            "collider2origin": [
                [
                    -0.4921478409247348,
                    -0.8673261899706357,
                    0.07440284177464215,
                    1.4040271044562025
                ],
                [
                    0.8690469933329444,
                    -0.4845659941771035,
                    0.0997653279758276,
                    -0.18248516807904192
                ],
                [
                    -0.050475994810314256,
                    0.11375885670213119,
                    0.9922253254527083,
                    -0.9665068799802049
                ],
                [
                    0.0,
                    0.0,
                    0.0,
                    1.0
                ]
            ],
            "size": [
                0.09126,
                0.11887,
                0.10009
            ]
        },
        "distance": 0.0
    },
    {
        "case": 2,
        "collider1": {
            "type": "Box",
            "collider2origin": [
                [
                    1.0,
                    0.0,
                    0.0,
                    1.2009999999999998
                ],
                [
                    0.0,
                    1.0,
                    0.0,
                    0.02914
                ],
                [
                    0.0,
                    0.0,
                    1.0,
                    -1.22801
                ],
                [
                    0.0,
                    0.0,
                    0.0,
                    1.0
                ]
            ],
            "size": [
                0.41,
                0.6,
                0.82
            ]
        },
        "collider2": {
            "type": "Box",
            "collider2origin": [
                [
                    0.5931842734656916,
                    -0.8016212539902102,
                    0.07440284177464215,
                    1.4008613355490487
                ],
                [
                    0.7953889075054503,
                    0.5978322215732118,
                    0.0997653279758276,
                    -0.19492999344528528
                ],
                [
                    -0.12445442350622204,
                    -2.8557974224162384e-08,
                    0.9922253254527083,
                    -1.075225009144368
                ],
                [
                    0.0,
                    0.0,
                    0.0,
                    1.0
                ]
            ],
            "size": [
                0.09102,
                0.10007,
                0.11882
            ]
        },
        "distance": 0.0
    },
    {
        "case": 3,
        "collider1": {
            "type": "Box",
            "collider2origin": [
                [
                    1.0,
                    0.0,
                    0.0,
                    1.2009999999999998
                ],
                [
                    0.0,
                    1.0,
                    0.0,
                    0.02914
                ],
                [
                    0.0,
                    0.0,
                    1.0,
                    -1.22801
                ],
                [
                    0.0,
                    0.0,
                    0.0,
                    1.0
                ]
            ],
            "size": [
                0.41,
                0.6,
                0.82
            ]
        },
        "collider2": {
            "type": "Cylinder",
            "collider2origin": [
                [
                    0.10754630130601876,
                    -0.262394019610123,
                    0.9589489931942353,
                    1.1975250206598809
                ],
                [
                    0.07280263638542607,
                    0.9640322300487257,
                    0.2556201000755065,
                    -0.2797185712139296
                ],
                [
                    -0.9915309219639725,
                    0.04232301856109538,
                    0.1227810770809197,
                    -0.9835158142029732
                ],
                [
                    0.0,
                    0.0,
                    0.0,
                    1.0
                ]
            ],
            "radius": 0.01169,
            "height": 0.05502
        },
        "distance": 0.0
    },
    {
        "case": 4,
        "collider1": {
            "type": "Box",
            "collider2origin": [
                [
                    1.0,
                    0.0,
                    0.0,
                    1.2009999999999998
                ],
                [
                    0.0,
                    1.0,
                    0.0,
                    0.02914
                ],
                [
                    0.0,
                    0.0,
                    1.0,
                    -1.22801
                ],
                [
                    0.0,
                    0.0,
                    0.0,
                    1.0
                ]
            ],
            "size": [
                0.41,
                0.6,
                0.82
            ]
        },
        "collider2": {
            "type": "Cylinder",
            "collider2origin": [
                [
                    0.14590858670442097,
                    -0.17895845317837653,
                    0.9729771612745702,
                    1.2122838734328663
                ],
                [
                    0.03477503184475452,
                    0.9838225130942378,
                    0.17573832788875318,
                    -0.2784976156132293
                ],
                [
                    -0.9886866953115705,
                    0.008193580715495953,
                    0.14977143836173787,
                    -0.9827172954201894
                ],
                [
                    0.0,
                    0.0,
                    0.0,
                    1.0
                ]
            ],
            "radius": 0.01271,
            "height": 0.05982
        },
        "distance": 0.0
    },
    {
        "case": 5,
        "collider1": {
            "type": "Box",
            "collider2origin": [
                [
                    1.0,
                    0.0,
                    0.0,
                    1.2009999999999998
                ],
                [
                    0.0,
                    1.0,
                    0.0,
                    0.02914
                ],
                [
                    0.0,
                    0.0,
                    1.0,
                    -1.22801
                ],
                [
                    0.0,
                    0.0,
                    0.0,
                    1.0
                ]
            ],
            "size": [
                0.41,
                0.6,
                0.82
            ]
        },
        "collider2": {
            "type": "Sphere",
            "collider2origin": [
                [
                    1.0,
                    0.0,
                    0.0,
                    1.1704273189643548
                ],
                [
                    0.0,
                    1.0,
                    0.0,
                    -0.27255130789059345
                ],
                [
                    0.0,
                    0.0,
                    1.0,
                    -0.9809045824829198
                ],
                [
                    0.0,
                    0.0,
                    0.0,
                    1.0
                ]
            ],
            "radius": 0.00563
        },
        "distance": 0.0
    },
    {
        "case": 6,
        "collider1": {
            "type": "Box",
            "collider2origin": [
                [
                    1.0,
                    0.0,
                    0.0,
                    1.2009999999999998
                ],
                [
                    0.0,
                    1.0,
                    0.0,
                    0.02914
                ],
                [
                    0.0,
                    0.0,
                    1.0,
                    -1.22801
                ],
                [
                    0.0,
                    0.0,
                    0.0,
                    1.0
                ]
            ],
            "size": [
                0.41,
                0.6,
                0.82
            ]
        },
        "collider2": {
            "type": "Cylinder",
            "collider2origin": [
                [
                    0.28854976943877003,
                    0.8873572316206789,
                    0.3596333883933976,
                    1.1761824781537802
                ],
                [
                    -0.675708538897961,
                    0.45484025109973936,
                    -0.5801192260560823,
                    -0.2853763781001625
                ],
                [
                    -0.6783487311237596,
                    -0.07561408248474535,
                    0.7308389080452508,
                    -0.9656812872803694
                ],
                [
                    0.0,
                    0.0,
                    0.0,
                    1.0
                ]
            ],
            "radius": 0.00813,
            "height": 0.03824
        },
        "distance": 0.0
    },
    {
        "case": 7,
        "collider1": {
            "type": "Box",
            "collider2origin": [
                [
                    1.0,
                    0.0,
                    0.0,
                    1.2009999999999998
                ],
                [
                    0.0,
                    1.0,
                    0.0,
                    0.02914
                ],
                [
                    0.0,
                    0.0,
                    1.0,
                    -1.22801
                ],
                [
                    0.0,
                    0.0,
                    0.0,
                    1.0
                ]
            ],
            "size": [
                0.41,
                0.6,
                0.82
            ]
        },
        "collider2": {
            "type": "Box",
            "collider2origin": [
                [
                    0.1236262726789833,
                    -0.7469304068810563,
                    -0.6533081294305166,
                    1.2697401118616793
                ],
                [
                    -0.6105105229037762,
                    -0.5762650127180392,
                    0.5433190007176587,
                    -0.2628789610282215
                ],
                [
                    -0.7823000997873252,
                    0.33168298478151875,
                    -0.5272503688753222,
                    -0.9415136196581222
                ],
                [
                    0.0,
                    0.0,
                    0.0,
                    1.0
                ]
            ],
            "size": [
                0.06241,
                0.05638,
                0.02858
            ]
        },
        "distance": 0.0
    },
    {
        "case": 8,
        "collider1": {
            "type": "Box",
            "collider2origin": [
                [
                    1.0,
                    0.0,
                    0.0,
                    1.2009999999999998
                ],
                [
                    0.0,
                    1.0,
                    0.0,
                    0.02914
                ],
                [
                    0.0,
                    0.0,
                    1.0,
                    -1.22801
                ],
                [
                    0.0,
                    0.0,
                    0.0,
                    1.0
                ]
            ],
            "size": [
                0.41,
                0.6,
                0.82
            ]
        },
        "collider2": {
            "type": "Box",
            "collider2origin": [
                [
                    -0.49755313917411986,
                    -0.801620309877253,
                    0.3314298605893495,
                    1.3936650297931097
                ],
                [
                    -0.6671630831659174,
                    0.5978334874754005,
                    0.44439682909933914,
                    -0.3915201041901628
                ],
                [
                    -0.5543773932606976,
                    -6.730286639546476e-06,
                    -0.8322654058629236,
                    -0.8348333578430996
                ],
                [
                    0.0,
                    0.0,
                    0.0,
                    1.0
                ]
            ],
            "size": [
                0.1202,
                0.13634,
                0.67816
            ]
        },
        "distance": 0.0
    },
    {
        "case": 9,
        "collider1": {
            "type": "Box",
            "collider2origin": [
                [
                    1.0,
                    0.0,
                    0.0,
                    1.23
                ],
                [
                    0.0,
                    1.0,
                    0.0,
                    -0.23086
                ],
                [
                    0.0,
                    0.0,
                    1.0,
                    -0.54301
                ],
                [
                    0.0,
                    0.0,
                    0.0,
                    1.0
                ]
            ],
            "size": [
                0.1,
                0.16,
                0.1
            ]
        },
        "collider2": {
            "type": "Box",
            "collider2origin": [
                [
                    -0.49755313917411986,
                    -0.801620309877253,
                    0.3314298605893495,
                    1.3936650297931097
                ],
                [
                    -0.6671630831659174,
                    0.5978334874754005,
                    0.44439682909933914,
                    -0.3915201041901628
                ],
                [
                    -0.5543773932606976,
                    -6.730286639546476e-06,
                    -0.8322654058629236,
                    -0.8348333578430996
                ],
                [
                    0.0,
                    0.0,
                    0.0,
                    1.0
                ]
            ],
            "size": [
                0.1202,
                0.13634,
                0.67816
            ]
        },
        "distance": 0.10068235000866989
    },
    {
        "case": 10,
        "collider1": {
            "type": "Box",
            "collider2origin": [
                [
                    1.0,
                    0.0,
                    0.0,
                    1.28
                ],
                [
                    0.0,
                    1.0,
                    0.0,
                    -0.23086
                ],
                [
                    0.0,
                    0.0,
                    1.0,
                    -0.67301
                ],
                [
                    0.0,
                    0.0,
                    0.0,
                    1.0
                ]
            ],
            "size": [
                0.06,
                0.06,
                0.33
            ]
        },
        "collider2": {
            "type": "Box",
            "collider2origin": [
                [
                    -0.49755313917411986,
                    -0.801620309877253,
                    0.3314298605893495,
                    1.3936650297931097
                ],
                [
                    -0.6671630831659174,
                    0.5978334874754005,
                    0.44439682909933914,
                    -0.3915201041901628
                ],
                [
                    -0.5543773932606976,
                    -6.730286639546476e-06,
                    -0.8322654058629236,
                    -0.8348333578430996
                ],
                [
                    0.0,
                    0.0,
                    0.0,
                    1.0
                ]
            ],
            "size": [
                0.1202,
                0.13634,
                0.67816
            ]
        },
        "distance": 0.07701039614879077
    },
    {
        "case": 11,
        "collider1": {
            "type": "Box",
            "collider2origin": [
                [
                    1.0,
                    0.0,
                    0.0,
                    1.2009999999999998
                ],
                [
                    0.0,
                    1.0,
                    0.0,
                    0.02914
                ],
                [
                    0.0,
                    0.0,
                    1.0,
                    -1.22801
                ],
                [
                    0.0,
                    0.0,
                    0.0,
                    1.0
                ]
            ],
            "size": [
                0.41,
                0.6,
                0.82
            ]
        },
        "collider2": {
            "type": "Box",
            "collider2origin": [
                [
                    0.25777830789640355,
                    -0.74692696805815,
                    -0.6129032944645719,
                    1.2333335426087433
                ],
                [
                    -0.7108026075874221,
                    -0.5762689145720431,
                    0.40332839119615704,
                    -0.29455055824965937
                ],
                [
                    -0.6544539686066457,
                    0.33168394969521514,
                    -0.6794672622647786,
                    -0.9241392896084719
                ],
                [
                    0.0,
                    0.0,
                    0.0,
                    1.0
                ]
            ],
            "size": [
                0.07264,
                0.04753,
                0.03326
            ]
        },
        "distance": 0.0
    }
]