[
    {
        "case": 0,
        "collider1": {
            "type": "Cylinder",
            "collider2origin": [
                [
                    1.0,
                    0.0,
                    0.0,
                    0.4849999999999999
                ],
                [
                    0.0,
                    -3.673205103346574e-06,
                    -0.9999999999932537,
                    -0.46086
                ],
                [
                    0.0,
                    0.9999999999932537,
                    -3.673205103346574e-06,
                    -0.70001
                ],
                [
                    0.0,
                    0.0,
                    0.0,
                    1.0
                ]
            ],
            "radius": 0.026,
            "height": 0.272
        },
        "collider2": {
            "type": "Box",
            "collider2origin": [
                [
                    0.1856744642866106,
                    -0.8581182255188646,
                    -0.4787046107405221,
                    0.7066080211894106
                ],
                [
                    -0.31030345981148844,
                    -0.5134521506502235,
                    0.8000491558783621,
                    -0.8495975830331453
                ],
                [
                    -0.932328673881105,
                    -5.001480174079655e-06,
                    -0.3616120073145872,
                    -0.4810811895124567
                ],
                [
                    0.0,
                    0.0,
                    0.0,
                    1.0
                ]
            ],
            "size": [
                0.15068,
                0.17726,
                0.74884
            ]
        },
        "distance": 0.0
    },
    {
        "case": 1,
        "collider1": {
            "type": "Box",
            "collider2origin": [
                [
                    1.0,
                    0.0,
                    0.0,
                    -0.26
                ],
                [
                    0.0,
                    1.0,
                    0.0,
                    -0.4608599999999999
                ],
                [
                    0.0,
                    0.0,
                    1.0,
                    -1.143
                ],
                [
                    0.0,
                    0.0,
                    0.0,
                    1.0
                ]
            ],
            "size": [
                1.48,
                0.272,
                0.945
            ]
        },
        "collider2": {
            "type": "Box",
            "collider2origin": [
                [
                    0.1856744642866106,
                    -0.8581182255188646,
                    -0.4787046107405221,
                    0.7066080211894106
                ],
                [
                    -0.31030345981148844,
                    -0.5134521506502235,
                    0.8000491558783621,
                    -0.8495975830331453
                ],
                [
                    -0.932328673881105,
                    -5.001480174079655e-06,
                    -0.3616120073145872,
                    -0.4810811895124567
                ],
                [
                    0.0,
                    0.0,
                    0.0,
                    1.0
                ]
            ],
            "size": [
                0.15068,
                0.17726,
                0.74884
            ]
        },
        "distance": 0.004756910822104272
    },
    {
        "case": 2,
        "collider1": {
            "type": "Cylinder",
            "collider2origin": [
                [
                    1.0,
                    0.0,
                    0.0,
                    0.4849999999999999
                ],
                [
                    0.0,
                    -3.673205103346574e-06,
                    -0.9999999999932537,
                    -0.46086
                ],
                [
                    0.0,
                    0.9999999999932537,
                    -3.673205103346574e-06,
                    -0.70001
                ],
                [
                    0.0,
                    0.0,
                    0.0,
                    1.0
                ]
            ],
            "radius": 0.026,
            "height": 0.272
        },
        "collider2": {
            "type": "Box",
            "collider2origin": [
                [
                    0.1856744642866106,
                    -0.8581182255188646,
                    -0.4787046107405221,
                    0.7066080211894106
                ],
                [
                    -0.31030345981148844,
                    -0.5134521506502235,
                    0.8000491558783621,
                    -0.8495975830331453
                ],
                [
                    -0.932328673881105,
                    -5.001480174079655e-06,
                    -0.3616120073145872,
                    -0.4810811895124567
                ],
                [
                    0.0,
                    0.0,
                    0.0,
                    1.0
                ]
            ],
            "size": [
                0.15068,
                0.17726,
                0.74884
            ]
        },
        "distance": 0.0
    },
    {
        "case": 3,
        "collider1": {
            "type": "Box",
            "collider2origin": [
                [
                    1.0,
                    0.0,
                    0.0,
                    -0.26
                ],
                [
                    0.0,
                    1.0,
                    0.0,
                    -0.4608599999999999
                ],
                [
                    0.0,
                    0.0,
                    1.0,
                    -1.143
                ],
                [
                    0.0,
                    0.0,
                    0.0,
                    1.0
                ]
            ],
            "size": [
                1.48,
                0.272,
                0.945
            ]
        },
        "collider2": {
            "type": "Box",
            "collider2origin": [
                [
                    0.1856744642866106,
                    -0.8581182255188646,
                    -0.4787046107405221,
                    0.7066080211894106
                ],
                [
                    -0.31030345981148844,
                    -0.5134521506502235,
                    0.8000491558783621,
                    -0.8495975830331453
                ],
                [
                    -0.932328673881105,
                    -5.001480174079655e-06,
                    -0.3616120073145872,
                    -0.4810811895124567
                ],
                [
                    0.0,
                    0.0,
                    0.0,
                    1.0
                ]
            ],
            "size": [
                0.15068,
                0.17726,
                0.74884
            ]
        },
        "distance": 0.004756910822104272
    }
]