[
    {
        "case": 0,
        "collider1": {
            "type": "Box",
            "collider2origin": [
                [
                    1.0,
                    0.0,
                    0.0,
                    1.23
                ],
                [
                    0.0,
                    1.0,
                    0.0,
                    -0.23086
                ],
                [
                    0.0,
                    0.0,
                    1.0,
                    -0.54301
                ],
                [
                    0.0,
                    0.0,
                    0.0,
                    1.0
                ]
            ],
            "size": [
                0.1,
                0.16,
                0.1
            ]
        },
        "collider2": {
            "type": "Box",
            "collider2origin": [
                [
                    -0.9844334275877236,
                    0.000225697628672829,
                    -0.17575771877350474,
                    1.1948148811972084
                ],
                [
                    0.06342558111050216,
                    0.9330719025668764,
                    -0.35405369691760685,
                    -0.23677156141143174
                ],
                [
                    0.16391467996699088,
                    -0.3596898298545705,
                    -0.9185614862329626,
                    -0.4874588404358515
                ],
                [
                    0.0,
                    0.0,
                    0.0,
                    1.0
                ]
            ],
            "size": [
                0.09126,
                0.11887,
                0.10009
            ]
        },
        "distance": 0.0
    },
    {
        "case": 1,
        "collider1": {
            "type": "Box",
            "collider2origin": [
                [
                    1.0,
                    0.0,
                    0.0,
                    1.23
                ],
                [
                    0.0,
                    1.0,
                    0.0,
                    -0.23086
                ],
                [
                    0.0,
                    0.0,
                    1.0,
                    -0.54301
                ],
                [
                    0.0,
                    0.0,
                    0.0,
                    1.0
                ]
            ],
            "size": [
                0.1,
                0.16,
                0.1
            ]
        },
        "collider2": {
            "type": "Box",
            "collider2origin": [
                [
                    -0.9347204656721952,
                    0.00022764862017210906,
                    0.35538373517883476,
                    1.1945612674151547
                ],
                [
                    -0.12762931489150073,
                    0.9330719678357116,
                    -0.33628479124028077,
                    -0.16874701499228684
                ],
                [
                    -0.3316751558888314,
                    -0.3596896593110494,
                    -0.8721324096436393,
                    -0.5186197640589144
                ],
                [
                    0.0,
                    0.0,
                    0.0,
                    1.0
                ]
            ],
            "size": [
                0.08993,
                0.0305,
                0.09007
            ]
        },
        "distance": 0.0
    },
    {
        "case": 2,
        "collider1": {
            "type": "Box",
            "collider2origin": [
                [
                    1.0,
                    0.0,
                    0.0,
                    1.28
                ],
                [
                    0.0,
                    1.0,
                    0.0,
                    -0.23086
                ],
                [
                    0.0,
                    0.0,
                    1.0,
                    -0.67301
                ],
                [
                    0.0,
                    0.0,
                    0.0,
                    1.0
                ]
            ],
            "size": [
                0.06,
                0.06,
                0.33
            ]
        },
        "collider2": {
            "type": "Box",
            "collider2origin": [
                [
                    -0.9347204656721952,
                    0.00022764862017210906,
                    0.35538373517883476,
                    1.1945612674151547
                ],
                [
                    -0.12762931489150073,
                    0.9330719678357116,
                    -0.33628479124028077,
                    -0.16874701499228684
                ],
                [
                    -0.3316751558888314,
                    -0.3596896593110494,
                    -0.8721324096436393,
                    -0.5186197640589144
                ],
                [
                    0.0,
                    0.0,
                    0.0,
                    1.0
                ]
            ],
            "size": [
                0.08993,
                0.0305,
                0.09007
            ]
        },
        "distance": 0.008049268354739672
    },
    {
        "case": 3,
        "collider1": {
            "type": "Box",
            "collider2origin": [
                [
                    1.0,
                    0.0,
                    0.0,
                    1.2009999999999998
                ],
                [
                    0.0,
                    1.0,
                    0.0,
                    0.02914
                ],
                [
                    0.0,
                    0.0,
                    1.0,
                    -1.22801
                ],
                [
                    0.0,
                    0.0,
                    0.0,
                    1.0
                ]
            ],
            "size": [
                0.41,
                0.6,
                0.82
            ]
        },
        "collider2": {
            "type": "Box",
            "collider2origin": [
                [
                    0.3301686106638711,
                    -0.8956987715757263,
                    0.2978462676113703,
                    1.2312398081951914
                ],
                [
                    0.665070147526311,
                    0.44466134371771093,
                    0.5999649892056126,
                    -0.42580595965386625
                ],
                [
                    -0.6698286253972878,
                    -9.457925264392128e-07,
                    0.7425157322222105,
                    -0.6005660692031636
                ],
                [
                    0.0,
                    0.0,
                    0.0,
                    1.0
                ]
            ],
            "size": [
                0.1202,
                0.13634,
                0.67816
            ]
        },
        "distance": 0.1772124593432545
    },
    {
        "case": 4,
        "collider1": {
            "type": "Box",
            "collider2origin": [
                [
                    1.0,
                    0.0,
                    0.0,
                    1.23
                ],
                [
                    0.0,
                    1.0,
                    0.0,
                    -0.23086
                ],
                [
                    0.0,
                    0.0,
                    1.0,
                    -0.54301
                ],
                [
                    0.0,
                    0.0,
                    0.0,
                    1.0
                ]
            ],
            "size": [
                0.1,
                0.16,
                0.1
            ]
        },
        "collider2": {
            "type": "Box",
            "collider2origin": [
                [
                    0.3301686106638711,
                    -0.8956987715757263,
                    0.2978462676113703,
                    1.2312398081951914
                ],
                [
                    0.665070147526311,
                    0.44466134371771093,
                    0.5999649892056126,
                    -0.42580595965386625
                ],
                [
                    -0.6698286253972878,
                    -9.457925264392128e-07,
                    0.7425157322222105,
                    -0.6005660692031636
                ],
                [
                    0.0,
                    0.0,
                    0.0,
                    1.0
                ]
            ],
            "size": [
                0.1202,
                0.13634,
                0.67816
            ]
        },
        "distance": 0.0
    },
    {
        "case": 5,
        "collider1": {
            "type": "Box",
            "collider2origin": [
                [
                    1.0,
                    0.0,
                    0.0,
                    1.28
                ],
                [
                    0.0,
                    1.0,
                    0.0,
                    -0.23086
                ],
                [
                    0.0,
                    0.0,
                    1.0,
                    -0.67301
                ],
                [
                    0.0,
                    0.0,
                    0.0,
                    1.0
                ]
            ],
            "size": [
                0.06,
                0.06,
                0.33
            ]
        },
        "collider2": {
            "type": "Box",
            "collider2origin": [
                [
                    0.3301686106638711,
                    -0.8956987715757263,
                    0.2978462676113703,
                    1.2312398081951914
                ],
                [
                    0.665070147526311,
                    0.44466134371771093,
                    0.5999649892056126,
                    -0.42580595965386625
                ],
                [
                    -0.6698286253972878,
                    -9.457925264392128e-07,
                    0.7425157322222105,
                    -0.6005660692031636
                ],
                [
                    0.0,
                    0.0,
                    0.0,
                    1.0
                ]
            ],
            "size": [
                0.1202,
                0.13634,
                0.67816
            ]
        },
        "distance": 0.0
    }
]